'DI',300,71000,4,'',1,10000,4,'',1,10000,4,'',1,10000,4,'',1,10000,4,'',1,10000,4,'',1,10000,4,'',1,10000,4,'',1,10000,4,'',1,10000,4,'',1,10000,4,'',1,10000,4,'',1,10000,4,'',1,10000,4,'',1,10000,4,'',1,10000,4,'',1,10000,4,'',1,10000,4,'',1,10000,4,'',1
'DI',301,61000,0,'Montgomery',1,10000,0,'Montgomery',1,10000,0,'Montgomery',1,10000,0,'Montgomery',1,10000,0,'Montgomery',1,10000,0,'Montgomery',1,10000,0,'Montgomery',1,10000,0,'Montgomery',1,10000,0,'Montgomery',1,10000,0,'Montgomery',1,10000,0,'Montgomery',1,10000,0,'Montgomery',1,10000,0,'Montgomery',1,10000,0,'Montgomery',1,10000,0,'Montgomery',1,10000,0,'Montgomery',1,10000,0,'Montgomery',1,10000,0,'Montgomery',1,10000,0,'Montgomery',1,10000,0,'Montgomery',1
'F1',300,64000,4,'',1,7000,4,'',1,3000,4,'',1,7000,4,'',1,3000,4,'',1,7000,4,'',1,3000,4,'',1,7000,4,'',1,3000,4,'',1,7000,4,'',1,3000,4,'',1,7000,4,'',1,3000,4,'',1,7000,4,'',1,3000,4,'',1,7000,4,'',1,3000,4,'',1,7000,4,'',1,3000,4,'',1,7000,4,'',1,2700,4,'',1,7600,4,'',1,3100,4,'',1,6600,4,'',1,3000,4,'',1,7000,4,'',1,10000,4,'',1,10000,4,'',1,10000,4,'',1,10000,4,'',1,10000,4,'',1,10000,4,'',1
'F1',301,54000,0,'Montgomery',1,7000,0,'Montgomery',1,3000,0,'Montgomery',1,7000,0,'Montgomery',1,3000,0,'Montgomery',1,7000,0,'Montgomery',1,3000,0,'Montgomery',1,7000,0,'Montgomery',1,3000,0,'Montgomery',1,7000,0,'Montgomery',1,3000,0,'Montgomery',1,7000,0,'Montgomery',1,3000,0,'Montgomery',1,7000,0,'Montgomery',1,3000,0,'Montgomery',1,7000,0,'Montgomery',1,3000,0,'Montgomery',1,7000,0,'Montgomery',1,3000,0,'Montgomery',1,7000,0,'Montgomery',1,3000,0,'Montgomery',1,7000,0,'Montgomery',1,2700,0,'Montgomery',1,7600,0,'Montgomery',1,3100,0,'Montgomery',1,6600,0,'Montgomery',1,3000,0,'Montgomery',1,7000,0,'Montgomery',1,10000,0,'Montgomery',1,10000,0,'Montgomery',1,10000,0,'Montgomery',1,10000,0,'Montgomery',1,10000,0,'Montgomery',1,10000,0,'Montgomery',1
'F2',300,64000,4,'',1,7000,4,'',1,3000,4,'',1,7000,4,'',1,3000,4,'',1,7000,4,'',1,3000,4,'',1,7000,4,'',1,3000,4,'',1,7000,4,'',1,3000,4,'',1,7000,4,'',1,3000,4,'',1,7000,4,'',1,3000,4,'',1,7000,4,'',1,3000,4,'',1,7000,4,'',1,3000,4,'',1,7000,4,'',1,2700,4,'',1,7600,4,'',1,3100,4,'',1,6600,4,'',1,3000,4,'',1,7000,4,'',1,10000,4,'',1,10000,4,'',1,10000,4,'',1,10000,4,'',1,10000,4,'',1,10000,4,'',1
'F2',301,54000,0,'Montgomery',1,7000,0,'Montgomery',1,3000,0,'Montgomery',1,7000,0,'Montgomery',1,3000,0,'Montgomery',1,7000,0,'Montgomery',1,3000,0,'Montgomery',1,7000,0,'Montgomery',1,3000,0,'Montgomery',1,7000,0,'Montgomery',1,3000,0,'Montgomery',1,7000,0,'Montgomery',1,3000,0,'Montgomery',1,7000,0,'Montgomery',1,3000,0,'Montgomery',1,7000,0,'Montgomery',1,3000,0,'Montgomery',1,7000,0,'Montgomery',1,3000,0,'Montgomery',1,7000,0,'Montgomery',1,3000,0,'Montgomery',1,7000,0,'Montgomery',1,2700,0,'Montgomery',1,7600,0,'Montgomery',1,3100,0,'Montgomery',1,6600,0,'Montgomery',1,3000,0,'Montgomery',1,7000,0,'Montgomery',1,10000,0,'Montgomery',1,10000,0,'Montgomery',1,10000,0,'Montgomery',1,10000,0,'Montgomery',1,10000,0,'Montgomery',1,10000,0,'Montgomery',1
'F3',300,64000,4,'',1,7000,4,'',1,3000,4,'',1,7000,4,'',1,3000,4,'',1,7000,4,'',1,3000,4,'',1,7000,4,'',1,3000,4,'',1,7000,4,'',1,3000,4,'',1,7000,4,'',1,3000,4,'',1,7000,4,'',1,3000,4,'',1,7000,4,'',1,3000,4,'',1,7000,4,'',1,3000,4,'',1,7000,4,'',1,2700,4,'',1,7600,4,'',1,3100,4,'',1,6600,4,'',1,3000,4,'',1,7000,4,'',1,10000,4,'',1,10000,4,'',1,10000,4,'',1,10000,4,'',1,10000,4,'',1,10000,4,'',1
'F3',301,54000,0,'Montgomery',1,7000,0,'Montgomery',1,3000,0,'Montgomery',1,7000,0,'Montgomery',1,3000,0,'Montgomery',1,7000,0,'Montgomery',1,3000,0,'Montgomery',1,7000,0,'Montgomery',1,3000,0,'Montgomery',1,7000,0,'Montgomery',1,3000,0,'Montgomery',1,7000,0,'Montgomery',1,3000,0,'Montgomery',1,7000,0,'Montgomery',1,3000,0,'Montgomery',1,7000,0,'Montgomery',1,3000,0,'Montgomery',1,7000,0,'Montgomery',1,3000,0,'Montgomery',1,7000,0,'Montgomery',1,3000,0,'Montgomery',1,7000,0,'Montgomery',1,2700,0,'Montgomery',1,7600,0,'Montgomery',1,3100,0,'Montgomery',1,6600,0,'Montgomery',1,3000,0,'Montgomery',1,7000,0,'Montgomery',1,10000,0,'Montgomery',1,10000,0,'Montgomery',1,10000,0,'Montgomery',1,10000,0,'Montgomery',1,10000,0,'Montgomery',1,10000,0,'Montgomery',1
'F4',300,71000,4,'',1,10000,4,'',1,10000,4,'',1,10000,4,'',1,10000,4,'',1,10000,4,'',1,10000,4,'',1,10000,4,'',1,10000,4,'',1,10000,4,'',1,10000,4,'',1,10000,4,'',1,10000,4,'',1,10000,4,'',1,10000,4,'',1,10000,4,'',1,10000,4,'',1,10000,4,'',1,10000,4,'',1
'F4',301,61000,0,'Montgomery',1,10000,0,'Montgomery',1,10000,0,'Montgomery',1,10000,0,'Montgomery',1,10000,0,'Montgomery',1,10000,0,'Montgomery',1,10000,0,'Montgomery',1,10000,0,'Montgomery',1,10000,0,'Montgomery',1,10000,0,'Montgomery',1,10000,0,'Montgomery',1,10000,0,'Montgomery',1,10000,0,'Montgomery',1,10000,0,'Montgomery',1,10000,0,'Montgomery',1,10000,0,'Montgomery',1,10000,0,'Montgomery',1,10000,0,'Montgomery',1,10000,0,'Montgomery',1,10000,0,'Montgomery',1
'SA',300,64000,4,'',1,7000,4,'',1,3000,4,'',1,7000,4,'',1,3000,4,'',1,7000,4,'',1,3000,4,'',1,7000,4,'',1,3000,4,'',1,7000,4,'',1,3000,4,'',1,7000,4,'',1,3000,4,'',1,7000,4,'',1,3000,4,'',1,7000,4,'',1,3000,4,'',1,7000,4,'',1,3000,4,'',1,7000,4,'',1,2700,4,'',1,7600,4,'',1,3100,4,'',1,6600,4,'',1,3000,4,'',1,7000,4,'',1,10000,4,'',1,10000,4,'',1,10000,4,'',1,10000,4,'',1,10000,4,'',1,10000,4,'',1
'SA',301,54000,0,'Montgomery',1,7000,0,'Montgomery',1,3000,0,'Montgomery',1,7000,0,'Montgomery',1,3000,0,'Montgomery',1,7000,0,'Montgomery',1,3000,0,'Montgomery',1,7000,0,'Montgomery',1,3000,0,'Montgomery',1,7000,0,'Montgomery',1,3000,0,'Montgomery',1,7000,0,'Montgomery',1,3000,0,'Montgomery',1,7000,0,'Montgomery',1,3000,0,'Montgomery',1,7000,0,'Montgomery',1,3000,0,'Montgomery',1,7000,0,'Montgomery',1,3000,0,'Montgomery',1,7000,0,'Montgomery',1,3000,0,'Montgomery',1,7000,0,'Montgomery',1,2700,0,'Montgomery',1,7600,0,'Montgomery',1,3100,0,'Montgomery',1,6600,0,'Montgomery',1,3000,0,'Montgomery',1,7000,0,'Montgomery',1,10000,0,'Montgomery',1,10000,0,'Montgomery',1,10000,0,'Montgomery',1,10000,0,'Montgomery',1,10000,0,'Montgomery',1,10000,0,'Montgomery',1
'SE',300,55900,4,'',1,7000,4,'',1,7300,4,'',1,3000,4,'',1,1900,4,'',1,6100,4,'',1,3000,4,'',1,7000,4,'',1,3000,4,'',1,7000,4,'',1,3000,4,'',1,7000,4,'',1,3000,4,'',1,7000,4,'',1,3000,4,'',1,7000,4,'',1,3000,4,'',1,7000,4,'',1,3000,4,'',1,7300,4,'',1,3000,4,'',1,6000,4,'',1,1800,4,'',1,2500,4,'',1,6100,4,'',1,1800,4,'',1,1800,4,'',1,6000,4,'',1,1800,4,'',1,1900,4,'',1,7100,4,'',1,2800,4,'',1,7000,4,'',1,3000,4,'',1,7000,4,'',1,3000,4,'',1,7000,4,'',1,10000,4,'',1,10000,4,'',1,10000,4,'',1
'SE',301,45900,0,'Montgomery',1,7000,0,'Montgomery',1,3000,0,'Montgomery',1,7000,0,'Montgomery',1,1300,0,'Montgomery',1,6000,0,'Montgomery',1,1200,0,'Montgomery',1,1800,0,'Montgomery',1,1900,0,'Montgomery',1,6100,0,'Montgomery',1,3000,0,'Montgomery',1,7000,0,'Montgomery',1,3000,0,'Montgomery',1,7000,0,'Montgomery',1,3000,0,'Montgomery',1,7000,0,'Montgomery',1,3000,0,'Montgomery',1,7000,0,'Montgomery',1,3000,0,'Montgomery',1,7000,0,'Montgomery',1,3000,0,'Montgomery',1,7000,0,'Montgomery',1,3000,0,'Montgomery',1,7300,0,'Montgomery',1,3000,0,'Montgomery',1,6000,0,'Montgomery',1,1800,0,'Montgomery',1,2500,0,'Montgomery',1,6100,0,'Montgomery',1,1800,0,'Montgomery',1,1800,0,'Montgomery',1,6000,0,'Montgomery',1,1800,0,'Montgomery',1,1900,0,'Montgomery',1,7100,0,'Montgomery',1,2800,0,'Montgomery',1,7000,0,'Montgomery',1,3000,0,'Montgomery',1,7000,0,'Montgomery',1,3000,0,'Montgomery',1,7000,0,'Montgomery',1,10000,0,'Montgomery',1,10000,0,'Montgomery',1,10000,0,'Montgomery',1
'SE',50301,91220,,'',2
'SE',60100,161740,,'',2
