'DI',4101,72300,0,'Rome',1,10000,0,'Rome',1,10100,0,'Rome',1,10000,0,'Rome',1,10000,0,'Rome',1,10000,0,'Rome',1,10000,0,'Rome',1,10000,0,'Rome',1,10000,0,'Rome',1,10000,0,'Rome',1,10000,0,'Rome',1,10000,0,'Rome',1,10000,0,'Rome',1,10000,0,'Rome',1,10000,0,'Rome',1,9900,0,'Rome',1,10000,0,'Rome',1,10000,0,'Rome',1,10000,0,'Rome',1
'F1',4101,72300,0,'Rome',1,10000,0,'Rome',1,10100,0,'Rome',1,10000,0,'Rome',1,10000,0,'Rome',1,10000,0,'Rome',1,10000,0,'Rome',1,10000,0,'Rome',1,10000,0,'Rome',1,10000,0,'Rome',1,10100,0,'Rome',1,9900,0,'Rome',1,10000,0,'Rome',1,10000,0,'Rome',1,10000,0,'Rome',1,9900,0,'Rome',1,10000,0,'Rome',1,10000,0,'Rome',1,10000,0,'Rome',1
'F2',4101,72300,0,'Rome',1,10000,0,'Rome',1,10100,0,'Rome',1,10000,0,'Rome',1,10000,0,'Rome',1,10000,0,'Rome',1,10000,0,'Rome',1,10000,0,'Rome',1,10000,0,'Rome',1,10000,0,'Rome',1,10100,0,'Rome',1,9900,0,'Rome',1,10000,0,'Rome',1,10000,0,'Rome',1,10000,0,'Rome',1,9900,0,'Rome',1,10000,0,'Rome',1,10000,0,'Rome',1,10000,0,'Rome',1
'F3',4101,72300,0,'Rome',1,10000,0,'Rome',1,10100,0,'Rome',1,10000,0,'Rome',1,10000,0,'Rome',1,10000,0,'Rome',1,10000,0,'Rome',1,10000,0,'Rome',1,10000,0,'Rome',1,10000,0,'Rome',1,10100,0,'Rome',1,9900,0,'Rome',1,10000,0,'Rome',1,10000,0,'Rome',1,10000,0,'Rome',1,9900,0,'Rome',1,10000,0,'Rome',1,10000,0,'Rome',1,10000,0,'Rome',1
'F4',4101,72300,0,'Rome',1,10000,0,'Rome',1,10100,0,'Rome',1,10000,0,'Rome',1,10000,0,'Rome',1,10000,0,'Rome',1,10000,0,'Rome',1,10000,0,'Rome',1,10000,0,'Rome',1,10000,0,'Rome',1,10000,0,'Rome',1,10000,0,'Rome',1,10000,0,'Rome',1,10000,0,'Rome',1,10000,0,'Rome',1,9900,0,'Rome',1,10000,0,'Rome',1,10000,0,'Rome',1,10000,0,'Rome',1
'SA',4101,72300,0,'Rome',1,10000,0,'Rome',1,10100,0,'Rome',1,10000,0,'Rome',1,10000,0,'Rome',1,10000,0,'Rome',1,10000,0,'Rome',1,10000,0,'Rome',1,10000,0,'Rome',1,10000,0,'Rome',1,10100,0,'Rome',1,9900,0,'Rome',1,10000,0,'Rome',1,10000,0,'Rome',1,10000,0,'Rome',1,9900,0,'Rome',1,10000,0,'Rome',1,10000,0,'Rome',1,10000,0,'Rome',1
'SE',4101,70400,0,'Rome',1,2900,0,'Rome',1,7600,0,'Rome',1,2600,0,'Rome',1,6900,0,'Rome',1,3000,0,'Rome',1,10000,0,'Rome',1,10000,0,'Rome',1,10000,0,'Rome',1,10000,0,'Rome',1,10000,0,'Rome',1,7000,0,'Rome',1,3000,0,'Rome',1,2400,0,'Rome',1,8000,0,'Rome',1,6500,0,'Rome',1,3000,0,'Rome',1,7000,0,'Rome',1,3000,0,'Rome',1,10100,0,'Rome',1,10000,0,'Rome',1,10000,0,'Rome',1,9900,0,'Rome',1,10000,0,'Rome',1,10000,0,'Rome',1,10000,0,'Rome',1
'SE',54600,163950,,'',2
'SE',68400,162120,,'',2,100,,'',2
'SE',69201,84910,,'',2
