'DI',100,65640,0,'''Windsor''',1,10000,0,'''Windsor''',1,10000,0,'''Windsor''',1,10000,0,'''Windsor''',1,10000,0,'''Windsor''',1,10000,0,'''Windsor''',1,10000,0,'''Windsor''',1,10100,0,'''Windsor''',1,10000,0,'''Windsor''',1,10000,0,'''Windsor''',1,10000,0,'''Windsor''',1,10000,0,'''Windsor''',1,10000,0,'''Windsor''',1,10000,0,'''Windsor''',1,10000,0,'''Windsor''',1,10000,0,'''Windsor''',1,10000,0,'''Windsor''',1,10000,0,'''Windsor''',1,10000,0,'''Windsor''',1,10000,0,'''Windsor''',1
'F1',100,62640,0,'''Windsor''',1,3000,0,'''Windsor''',1,7000,0,'''Windsor''',1,3000,0,'''Windsor''',1,7000,0,'''Windsor''',1,3000,0,'''Windsor''',1,7000,0,'''Windsor''',1,3000,0,'''Windsor''',1,7000,0,'''Windsor''',1,3000,0,'''Windsor''',1,7000,0,'''Windsor''',1,3000,0,'''Windsor''',1,7000,0,'''Windsor''',1,3000,0,'''Windsor''',1,7100,0,'''Windsor''',1,3000,0,'''Windsor''',1,7000,0,'''Windsor''',1,3000,0,'''Windsor''',1,7000,0,'''Windsor''',1,3000,0,'''Windsor''',1,7000,0,'''Windsor''',1,3000,0,'''Windsor''',1,7000,0,'''Windsor''',1,3000,0,'''Windsor''',1,7000,0,'''Windsor''',1,3000,0,'''Windsor''',1,10000,0,'''Windsor''',1,10000,0,'''Windsor''',1,10000,0,'''Windsor''',1,10000,0,'''Windsor''',1,10000,0,'''Windsor''',1,10000,0,'''Windsor''',1,10000,0,'''Windsor''',1
'F2',100,62640,0,'''Windsor''',1,3000,0,'''Windsor''',1,7000,0,'''Windsor''',1,3000,0,'''Windsor''',1,7000,0,'''Windsor''',1,3000,0,'''Windsor''',1,7000,0,'''Windsor''',1,3000,0,'''Windsor''',1,7000,0,'''Windsor''',1,3000,0,'''Windsor''',1,7000,0,'''Windsor''',1,3000,0,'''Windsor''',1,7000,0,'''Windsor''',1,3000,0,'''Windsor''',1,7100,0,'''Windsor''',1,3000,0,'''Windsor''',1,7000,0,'''Windsor''',1,3000,0,'''Windsor''',1,7000,0,'''Windsor''',1,3000,0,'''Windsor''',1,7000,0,'''Windsor''',1,3000,0,'''Windsor''',1,7000,0,'''Windsor''',1,3000,0,'''Windsor''',1,7000,0,'''Windsor''',1,3000,0,'''Windsor''',1,10000,0,'''Windsor''',1,10000,0,'''Windsor''',1,10000,0,'''Windsor''',1,10000,0,'''Windsor''',1,10000,0,'''Windsor''',1,10000,0,'''Windsor''',1,10000,0,'''Windsor''',1
'SA',100,62640,0,'''Windsor''',1,3000,0,'''Windsor''',1,7000,0,'''Windsor''',1,3000,0,'''Windsor''',1,7000,0,'''Windsor''',1,3000,0,'''Windsor''',1,7000,0,'''Windsor''',1,3000,0,'''Windsor''',1,7000,0,'''Windsor''',1,3000,0,'''Windsor''',1,7000,0,'''Windsor''',1,3000,0,'''Windsor''',1,7000,0,'''Windsor''',1,3000,0,'''Windsor''',1,7100,0,'''Windsor''',1,3000,0,'''Windsor''',1,7000,0,'''Windsor''',1,3000,0,'''Windsor''',1,7000,0,'''Windsor''',1,3000,0,'''Windsor''',1,7000,0,'''Windsor''',1,3000,0,'''Windsor''',1,7000,0,'''Windsor''',1,3000,0,'''Windsor''',1,7000,0,'''Windsor''',1,3000,0,'''Windsor''',1,10000,0,'''Windsor''',1,10000,0,'''Windsor''',1,10000,0,'''Windsor''',1,10000,0,'''Windsor''',1,10000,0,'''Windsor''',1,10000,0,'''Windsor''',1,10000,0,'''Windsor''',1
'SE',100,54940,0,'''Windsor''',1,7600,0,'''Windsor''',1,2900,0,'''Windsor''',1,7500,0,'''Windsor''',1,2900,0,'''Windsor''',1,7500,0,'''Windsor''',1,8000,0,'''Windsor''',1,3000,0,'''Windsor''',1,7000,0,'''Windsor''',1,3000,0,'''Windsor''',1,7000,0,'''Windsor''',1,3000,0,'''Windsor''',1,7100,0,'''Windsor''',1,3000,0,'''Windsor''',1,7000,0,'''Windsor''',1,3000,0,'''Windsor''',1,7000,0,'''Windsor''',1,3000,0,'''Windsor''',1,7100,0,'''Windsor''',1,1900,0,'''Windsor''',1,2100,0,'''Windsor''',1,5500,0,'''Windsor''',1,1900,0,'''Windsor''',1,1200,0,'''Windsor''',1,6200,0,'''Windsor''',1,1200,0,'''Windsor''',1,1200,0,'''Windsor''',1,1500,0,'''Windsor''',1,1200,0,'''Windsor''',1,5500,0,'''Windsor''',1,1500,0,'''Windsor''',1,2000,0,'''Windsor''',1,6900,0,'''Windsor''',1,3000,0,'''Windsor''',1,7000,0,'''Windsor''',1,2990,0,'''Windsor''',1,7000,0,'''Windsor''',1,3000,0,'''Windsor''',1,10000,0,'''Windsor''',1,9900,0,'''Windsor''',1,10000,0,'''Windsor''',1,9900,0,'''Windsor''',1
'DI',600,63500,,'',1,7000,,'',1,3000,,'',1,7100,,'',1,3000,,'',1,7000,,'',1,3100,,'',1,7000,,'',1,3000,,'',1,6900,,'',1,3100,,'',1,6930,,'',1,3000,,'',1,7400,,'',1,2900,,'',1,7000,,'',1,2700,,'',1,7300,,'',1,3000,,'',1,6900,,'',1,3100,,'',1,6700,,'',1,3000,,'',1,7000,,'',1,2870,,'',1,7100,,'',1,10400,,'',1,10000,,'',1,9930,,'',1,10000,,'',1,10000,,'',1,10000,,'',1
'F1',600,63500,,'',1,7100,,'',1,2900,,'',1,7000,,'',1,3400,,'',1,6600,,'',1,3500,,'',1,6300,,'',1,3200,,'',1,6900,,'',1,3000,,'',1,7730,,'',1,3000,,'',1,6700,,'',1,3100,,'',1,6700,,'',1,3000,,'',1,7000,,'',1,3000,,'',1,7000,,'',1,3000,,'',1,7000,,'',1,3000,,'',1,7000,,'',1,3000,,'',1,7000,,'',1,10500,,'',1,10000,,'',1,9970,,'',1,10000,,'',1,10000,,'',1,10000,,'',1
'F2',600,63500,,'',1,7100,,'',1,2900,,'',1,7000,,'',1,3400,,'',1,6600,,'',1,3500,,'',1,6300,,'',1,3200,,'',1,6900,,'',1,3000,,'',1,7730,,'',1,3000,,'',1,6700,,'',1,3100,,'',1,6700,,'',1,3000,,'',1,7000,,'',1,3000,,'',1,7000,,'',1,3000,,'',1,7000,,'',1,3000,,'',1,7000,,'',1,3000,,'',1,7000,,'',1,10500,,'',1,10000,,'',1,9970,,'',1,10000,,'',1,10000,,'',1,10000,,'',1
'SA',600,63500,,'',1,7100,,'',1,2900,,'',1,7000,,'',1,3400,,'',1,6600,,'',1,3500,,'',1,6300,,'',1,3200,,'',1,6900,,'',1,3000,,'',1,7730,,'',1,3000,,'',1,6700,,'',1,3100,,'',1,6700,,'',1,3000,,'',1,7000,,'',1,3000,,'',1,7000,,'',1,3000,,'',1,7000,,'',1,3000,,'',1,7000,,'',1,3000,,'',1,7000,,'',1,10500,,'',1,10000,,'',1,9970,,'',1,10000,,'',1,10000,,'',1,10000,,'',1
'SE',600,54630,,'',1,7000,,'',1,3000,,'',1,7100,,'',1,3170,,'',1,6700,,'',1,3300,,'',1,6900,,'',1,3000,,'',1,7000,,'',1,3000,,'',1,7000,,'',1,3000,,'',1,7000,,'',1,3000,,'',1,7000,,'',1,3000,,'',1,7100,,'',1,2830,,'',1,7200,,'',1,3000,,'',1,6800,,'',1,3870,,'',1,6500,,'',1,2930,,'',1,6870,,'',1,2930,,'',1,7000,,'',1,2900,,'',1,7000,,'',1,2970,,'',1,7000,,'',1,10000,,'',1,10000,,'',1,10000,,'',1,10000,,'',1
'SE',5500,161650,0,'''Victoria''',2,1900,0,'''Victoria''',2,1500,0,'''Victoria''',2,5600,0,'''Victoria''',2,1400,0,'''Victoria''',2,1500,0,'''Victoria''',2,1500,0,'''Victoria''',2,5500,0,'''Victoria''',2,2000,0,'''Victoria''',2,2000,0,'''Victoria''',2
'SE',50100,145420,,'',2,19200,,'',2
'SE',60600,165350,,'',2
'SE',65001,82650,,'',2
