'DI',100,65530,0,'Windsor',1,10000,0,'Windsor',1,10000,0,'Windsor',1,10000,0,'Windsor',1,10000,0,'Windsor',1,10000,0,'Windsor',1,10000,0,'Windsor',1,10000,0,'Windsor',1,10000,0,'Windsor',1,10000,0,'Windsor',1,10000,0,'Windsor',1,10000,0,'Windsor',1,10000,0,'Windsor',1,10000,0,'Windsor',1,10000,0,'Windsor',1,10000,0,'Windsor',1,10000,0,'Windsor',1,10000,0,'Windsor',1,10100,0,'Windsor',1
'F1',100,62530,0,'Windsor',1,3000,0,'Windsor',1,7000,0,'Windsor',1,3000,0,'Windsor',1,7000,0,'Windsor',1,3000,0,'Windsor',1,7000,0,'Windsor',1,3000,0,'Windsor',1,7000,0,'Windsor',1,3000,0,'Windsor',1,7000,0,'Windsor',1,3000,0,'Windsor',1,7000,0,'Windsor',1,3000,0,'Windsor',1,7100,0,'Windsor',1,3000,0,'Windsor',1,7000,0,'Windsor',1,2800,0,'Windsor',1,7000,0,'Windsor',1,3200,0,'Windsor',1,7100,0,'Windsor',1,2900,0,'Windsor',1,7000,0,'Windsor',1,3000,0,'Windsor',1,7100,0,'Windsor',1,2900,0,'Windsor',1,10000,0,'Windsor',1,10000,0,'Windsor',1,10000,0,'Windsor',1,10000,0,'Windsor',1,10000,0,'Windsor',1,9900,0,'Windsor',1,10400,0,'Windsor',1
'F2',100,62530,0,'Windsor',1,3000,0,'Windsor',1,7000,0,'Windsor',1,3000,0,'Windsor',1,7000,0,'Windsor',1,3000,0,'Windsor',1,7000,0,'Windsor',1,3000,0,'Windsor',1,7000,0,'Windsor',1,3000,0,'Windsor',1,7000,0,'Windsor',1,3000,0,'Windsor',1,7000,0,'Windsor',1,3000,0,'Windsor',1,7100,0,'Windsor',1,3000,0,'Windsor',1,7000,0,'Windsor',1,2800,0,'Windsor',1,7000,0,'Windsor',1,3200,0,'Windsor',1,7100,0,'Windsor',1,2900,0,'Windsor',1,7000,0,'Windsor',1,3000,0,'Windsor',1,7100,0,'Windsor',1,2900,0,'Windsor',1,10000,0,'Windsor',1,10000,0,'Windsor',1,10000,0,'Windsor',1,10000,0,'Windsor',1,10000,0,'Windsor',1,9900,0,'Windsor',1,10400,0,'Windsor',1
'F3',100,62530,0,'Windsor',1,3000,0,'Windsor',1,7000,0,'Windsor',1,3000,0,'Windsor',1,7000,0,'Windsor',1,3000,0,'Windsor',1,7000,0,'Windsor',1,3000,0,'Windsor',1,7000,0,'Windsor',1,3000,0,'Windsor',1,7000,0,'Windsor',1,3000,0,'Windsor',1,7000,0,'Windsor',1,3000,0,'Windsor',1,7100,0,'Windsor',1,3000,0,'Windsor',1,7000,0,'Windsor',1,2800,0,'Windsor',1,7000,0,'Windsor',1,3200,0,'Windsor',1,7100,0,'Windsor',1,2900,0,'Windsor',1,7000,0,'Windsor',1,3000,0,'Windsor',1,7100,0,'Windsor',1,2900,0,'Windsor',1,10000,0,'Windsor',1,10000,0,'Windsor',1,10000,0,'Windsor',1,10000,0,'Windsor',1,10000,0,'Windsor',1,9900,0,'Windsor',1,10400,0,'Windsor',1
'F4',100,65530,0,'Windsor',1,10000,0,'Windsor',1,10000,0,'Windsor',1,10000,0,'Windsor',1,10000,0,'Windsor',1,10000,0,'Windsor',1,10000,0,'Windsor',1,10000,0,'Windsor',1,10000,0,'Windsor',1,10000,0,'Windsor',1,10000,0,'Windsor',1,10000,0,'Windsor',1,10000,0,'Windsor',1,10000,0,'Windsor',1,10000,0,'Windsor',1,10000,0,'Windsor',1,10000,0,'Windsor',1,10000,0,'Windsor',1,10100,0,'Windsor',1
'SA',100,62530,0,'Windsor',1,3000,0,'Windsor',1,7000,0,'Windsor',1,3000,0,'Windsor',1,7000,0,'Windsor',1,3000,0,'Windsor',1,7000,0,'Windsor',1,3000,0,'Windsor',1,7000,0,'Windsor',1,3000,0,'Windsor',1,7000,0,'Windsor',1,3000,0,'Windsor',1,7000,0,'Windsor',1,3000,0,'Windsor',1,7100,0,'Windsor',1,3000,0,'Windsor',1,7000,0,'Windsor',1,2800,0,'Windsor',1,7000,0,'Windsor',1,3200,0,'Windsor',1,7100,0,'Windsor',1,2900,0,'Windsor',1,7000,0,'Windsor',1,3000,0,'Windsor',1,7100,0,'Windsor',1,2900,0,'Windsor',1,10000,0,'Windsor',1,10000,0,'Windsor',1,10000,0,'Windsor',1,10000,0,'Windsor',1,10000,0,'Windsor',1,9900,0,'Windsor',1,10400,0,'Windsor',1
'SE',100,55800,0,'Windsor',1,6000,0,'Windsor',1,1500,0,'Windsor',1,2300,0,'Windsor',1,5700,0,'Windsor',1,1700,0,'Windsor',1,1200,0,'Windsor',1,1700,0,'Windsor',1,5700,0,'Windsor',1,3200,0,'Windsor',1,6600,0,'Windsor',1,2830,0,'Windsor',1,7200,0,'Windsor',1,2800,0,'Windsor',1,7000,0,'Windsor',1,3000,0,'Windsor',1,7170,0,'Windsor',1,3000,0,'Windsor',1,7000,0,'Windsor',1,3000,0,'Windsor',1,7000,0,'Windsor',1,3000,0,'Windsor',1,7030,0,'Windsor',1,3000,0,'Windsor',1,6000,0,'Windsor',1,2000,0,'Windsor',1,2800,0,'Windsor',1,5600,0,'Windsor',1,1800,0,'Windsor',1,1770,0,'Windsor',1,6000,0,'Windsor',1,2000,0,'Windsor',1,2000,0,'Windsor',1,6900,0,'Windsor',1,3000,0,'Windsor',1,7000,0,'Windsor',1,2930,0,'Windsor',1,7000,0,'Windsor',1,3000,0,'Windsor',1,7100,0,'Windsor',1,3000,0,'Windsor',1,9900,0,'Windsor',1,10000,0,'Windsor',1,9870,0,'Windsor',1
'DI',600,63950,,'',1,7000,,'',1,3000,,'',1,6900,,'',1,3000,,'',1,7100,,'',1,3000,,'',1,7000,,'',1,3000,,'',1,7000,,'',1,3000,,'',1,7170,,'',1,2800,,'',1,7200,,'',1,3000,,'',1,7000,,'',1,3000,,'',1,7000,,'',1,3000,,'',1,7000,,'',1,3000,,'',1,7000,,'',1,3000,,'',1,6800,,'',1,3030,,'',1,7000,,'',1,10000,,'',1,10000,,'',1,9960,,'',1,10000,,'',1,10000,,'',1,10300,,'',1
'F1',600,63850,,'',1,7100,,'',1,2900,,'',1,7000,,'',1,3000,,'',1,7100,,'',1,3000,,'',1,7000,,'',1,3000,,'',1,7000,,'',1,3000,,'',1,7170,,'',1,3000,,'',1,7000,,'',1,3000,,'',1,7000,,'',1,3000,,'',1,7000,,'',1,3000,,'',1,6700,,'',1,3000,,'',1,7800,,'',1,3000,,'',1,7000,,'',1,2500,,'',1,7000,,'',1,10000,,'',1,10000,,'',1,9930,,'',1,10000,,'',1,10000,,'',1,10300,,'',1
'F2',600,63850,,'',1,7100,,'',1,2900,,'',1,7000,,'',1,3000,,'',1,7100,,'',1,3000,,'',1,7000,,'',1,3000,,'',1,7000,,'',1,3000,,'',1,7170,,'',1,3000,,'',1,7000,,'',1,3000,,'',1,7000,,'',1,3000,,'',1,7000,,'',1,3000,,'',1,6700,,'',1,3000,,'',1,7800,,'',1,3000,,'',1,7000,,'',1,2500,,'',1,7000,,'',1,10000,,'',1,10000,,'',1,9930,,'',1,10000,,'',1,10000,,'',1,10300,,'',1
'F3',600,63850,,'',1,7100,,'',1,2900,,'',1,7000,,'',1,3000,,'',1,7100,,'',1,3000,,'',1,7000,,'',1,3000,,'',1,7000,,'',1,3000,,'',1,7170,,'',1,3000,,'',1,7000,,'',1,3000,,'',1,7000,,'',1,3000,,'',1,7000,,'',1,3000,,'',1,6700,,'',1,3000,,'',1,7800,,'',1,3000,,'',1,7000,,'',1,2500,,'',1,7000,,'',1,10000,,'',1,10000,,'',1,9930,,'',1,10000,,'',1,10000,,'',1,10300,,'',1
'F4',600,63950,,'',1,7000,,'',1,3000,,'',1,6900,,'',1,3000,,'',1,7100,,'',1,3000,,'',1,7000,,'',1,3000,,'',1,7000,,'',1,3000,,'',1,7170,,'',1,2800,,'',1,7200,,'',1,3000,,'',1,7000,,'',1,3000,,'',1,7000,,'',1,3000,,'',1,7000,,'',1,3000,,'',1,7000,,'',1,3000,,'',1,6800,,'',1,3030,,'',1,7000,,'',1,10000,,'',1,10000,,'',1,9960,,'',1,10000,,'',1,10000,,'',1,10300,,'',1
'SA',600,63850,,'',1,7100,,'',1,2900,,'',1,7000,,'',1,3000,,'',1,7100,,'',1,3000,,'',1,7000,,'',1,3000,,'',1,7000,,'',1,3000,,'',1,7170,,'',1,3000,,'',1,7000,,'',1,3000,,'',1,7000,,'',1,3000,,'',1,7000,,'',1,3000,,'',1,6700,,'',1,3000,,'',1,7800,,'',1,3000,,'',1,7000,,'',1,2500,,'',1,7000,,'',1,10000,,'',1,10000,,'',1,9930,,'',1,10000,,'',1,10000,,'',1,10300,,'',1
'SE',600,60610,,'',1,3000,,'',1,6810,,'',1,2900,,'',1,7280,,'',1,3500,,'',1,6900,,'',1,4000,,'',1,7000,,'',1,3000,,'',1,7000,,'',1,3000,,'',1,7000,,'',1,3000,,'',1,7000,,'',1,3000,,'',1,6900,,'',1,3030,,'',1,7000,,'',1,2500,,'',1,5600,,'',1,4080,,'',1,6500,,'',1,3120,,'',1,6870,,'',1,4520,,'',1,7000,,'',1,3000,,'',1,7000,,'',1,2930,,'',1,7000,,'',1,9000,,'',1,10000,,'',1,10000,,'',1,10000,,'',1
'SE',5500,161740,0,'Victoria',2,1900,0,'Victoria',2,1500,0,'Victoria',2,5500,0,'Victoria',2,1500,0,'Victoria',2,1500,0,'Victoria',2,1500,0,'Victoria',2,5500,0,'Victoria',2,2000,0,'Victoria',2,2000,0,'Victoria',2
'SE',60600,165450,,'',2
'SE',65001,82730,,'',2
