'DI',100,64930,0,'''Windsor''',1,10000,0,'''Windsor''',1,10000,0,'''Windsor''',1,10000,0,'''Windsor''',1,10000,0,'''Windsor''',1,10000,0,'''Windsor''',1,10000,0,'''Windsor''',1,10100,0,'''Windsor''',1,10000,0,'''Windsor''',1,10000,0,'''Windsor''',1,10000,0,'''Windsor''',1,10000,0,'''Windsor''',1,10000,0,'''Windsor''',1,10000,0,'''Windsor''',1,10000,0,'''Windsor''',1,10000,0,'''Windsor''',1,10000,0,'''Windsor''',1,10000,0,'''Windsor''',1,10000,0,'''Windsor''',1,10000,0,'''Windsor''',1
'F1',100,61930,0,'''Windsor''',1,3000,0,'''Windsor''',1,7000,0,'''Windsor''',1,3000,0,'''Windsor''',1,7000,0,'''Windsor''',1,3000,0,'''Windsor''',1,7000,0,'''Windsor''',1,3000,0,'''Windsor''',1,7000,0,'''Windsor''',1,3000,0,'''Windsor''',1,7000,0,'''Windsor''',1,3000,0,'''Windsor''',1,7000,0,'''Windsor''',1,3000,0,'''Windsor''',1,7100,0,'''Windsor''',1,3000,0,'''Windsor''',1,7000,0,'''Windsor''',1,3000,0,'''Windsor''',1,7000,0,'''Windsor''',1,3000,0,'''Windsor''',1,7000,0,'''Windsor''',1,3000,0,'''Windsor''',1,7000,0,'''Windsor''',1,3000,0,'''Windsor''',1,7000,0,'''Windsor''',1,3000,0,'''Windsor''',1,10000,0,'''Windsor''',1,10000,0,'''Windsor''',1,10000,0,'''Windsor''',1,10000,0,'''Windsor''',1,10000,0,'''Windsor''',1,10000,0,'''Windsor''',1,10000,0,'''Windsor''',1
'F2',100,61930,0,'''Windsor''',1,3000,0,'''Windsor''',1,7000,0,'''Windsor''',1,3000,0,'''Windsor''',1,7000,0,'''Windsor''',1,3000,0,'''Windsor''',1,7000,0,'''Windsor''',1,3000,0,'''Windsor''',1,7000,0,'''Windsor''',1,3000,0,'''Windsor''',1,7000,0,'''Windsor''',1,3000,0,'''Windsor''',1,7000,0,'''Windsor''',1,3000,0,'''Windsor''',1,7100,0,'''Windsor''',1,3000,0,'''Windsor''',1,7000,0,'''Windsor''',1,3000,0,'''Windsor''',1,7000,0,'''Windsor''',1,3000,0,'''Windsor''',1,7000,0,'''Windsor''',1,3000,0,'''Windsor''',1,7000,0,'''Windsor''',1,3000,0,'''Windsor''',1,7000,0,'''Windsor''',1,3000,0,'''Windsor''',1,10000,0,'''Windsor''',1,10000,0,'''Windsor''',1,10000,0,'''Windsor''',1,10000,0,'''Windsor''',1,10000,0,'''Windsor''',1,10000,0,'''Windsor''',1,10000,0,'''Windsor''',1
'SA',100,61930,0,'''Windsor''',1,3000,0,'''Windsor''',1,7000,0,'''Windsor''',1,3000,0,'''Windsor''',1,7000,0,'''Windsor''',1,3000,0,'''Windsor''',1,7000,0,'''Windsor''',1,3000,0,'''Windsor''',1,7000,0,'''Windsor''',1,3000,0,'''Windsor''',1,7000,0,'''Windsor''',1,3000,0,'''Windsor''',1,7000,0,'''Windsor''',1,3000,0,'''Windsor''',1,7100,0,'''Windsor''',1,3000,0,'''Windsor''',1,7000,0,'''Windsor''',1,3000,0,'''Windsor''',1,7000,0,'''Windsor''',1,3000,0,'''Windsor''',1,7000,0,'''Windsor''',1,3000,0,'''Windsor''',1,7000,0,'''Windsor''',1,3000,0,'''Windsor''',1,7000,0,'''Windsor''',1,3000,0,'''Windsor''',1,10000,0,'''Windsor''',1,10000,0,'''Windsor''',1,10000,0,'''Windsor''',1,10000,0,'''Windsor''',1,10000,0,'''Windsor''',1,10000,0,'''Windsor''',1,10000,0,'''Windsor''',1
'SE',100,54330,0,'''Windsor''',1,7600,0,'''Windsor''',1,2900,0,'''Windsor''',1,7500,0,'''Windsor''',1,2700,0,'''Windsor''',1,7500,0,'''Windsor''',1,8000,0,'''Windsor''',1,3000,0,'''Windsor''',1,7000,0,'''Windsor''',1,3000,0,'''Windsor''',1,7000,0,'''Windsor''',1,3000,0,'''Windsor''',1,7100,0,'''Windsor''',1,3000,0,'''Windsor''',1,7000,0,'''Windsor''',1,3000,0,'''Windsor''',1,7000,0,'''Windsor''',1,3000,0,'''Windsor''',1,7000,0,'''Windsor''',1,1900,0,'''Windsor''',1,2100,0,'''Windsor''',1,5500,0,'''Windsor''',1,1900,0,'''Windsor''',1,1200,0,'''Windsor''',1,1980,0,'''Windsor''',1,5200,0,'''Windsor''',1,1310,0,'''Windsor''',1,1500,0,'''Windsor''',1,1410,0,'''Windsor''',1,5500,0,'''Windsor''',1,1500,0,'''Windsor''',1,2000,0,'''Windsor''',1,6900,0,'''Windsor''',1,3000,0,'''Windsor''',1,7000,0,'''Windsor''',1,3000,0,'''Windsor''',1,7000,0,'''Windsor''',1,3000,0,'''Windsor''',1,10000,0,'''Windsor''',1,10000,0,'''Windsor''',1,10000,0,'''Windsor''',1,9910,0,'''Windsor''',1
'DI',5400,65430,,'',2,10000,,'',2,10000,,'',2,10000,,'',2,10000,,'',2,10000,,'',2,7000,,'',2,3000,,'',2,7000,,'',2,3000,,'',2,7000,,'',2,3000,,'',2,7000,,'',2,3000,,'',2,7000,,'',2,3000,,'',2,7000,,'',2,3300,,'',2,7400,,'',2,2510,,'',2,10000,,'',2,10000,,'',2,10000,,'',2,10000,,'',2,10000,,'',2,10000,,'',2
'F1',5400,65430,,'',2,7000,,'',2,3000,,'',2,7000,,'',2,3000,,'',2,7200,,'',2,2800,,'',2,7000,,'',2,3000,,'',2,7000,,'',2,3000,,'',2,7000,,'',2,3000,,'',2,7000,,'',2,3000,,'',2,7000,,'',2,3000,,'',2,7000,,'',2,3000,,'',2,7000,,'',2,3000,,'',2,7000,,'',2,3300,,'',2,7000,,'',2,2910,,'',2,10000,,'',2,10000,,'',2,10000,,'',2,10000,,'',2,10000,,'',2,10000,,'',2
'F2',5400,65430,,'',2,7000,,'',2,3000,,'',2,7000,,'',2,3000,,'',2,7200,,'',2,2800,,'',2,7000,,'',2,3000,,'',2,7000,,'',2,3000,,'',2,7000,,'',2,3000,,'',2,7000,,'',2,3000,,'',2,7000,,'',2,3000,,'',2,7000,,'',2,3000,,'',2,7000,,'',2,3000,,'',2,7000,,'',2,3300,,'',2,7000,,'',2,2910,,'',2,10000,,'',2,10000,,'',2,10000,,'',2,10000,,'',2,10000,,'',2,10000,,'',2
'SA',5400,65430,,'',2,7000,,'',2,3000,,'',2,7000,,'',2,3000,,'',2,7200,,'',2,2800,,'',2,7000,,'',2,3000,,'',2,7000,,'',2,3000,,'',2,7000,,'',2,3000,,'',2,7000,,'',2,3000,,'',2,7000,,'',2,3000,,'',2,7000,,'',2,3000,,'',2,7000,,'',2,3000,,'',2,7000,,'',2,3300,,'',2,7000,,'',2,2910,,'',2,10000,,'',2,10000,,'',2,10000,,'',2,10000,,'',2,10000,,'',2,10000,,'',2
'SE',5400,64730,,'',2,7400,,'',2,2900,,'',2,7400,,'',2,3200,,'',2,7000,,'',2,3000,,'',2,7000,,'',2,3000,,'',2,7000,,'',2,3000,,'',2,7000,,'',2,3100,,'',2,7000,,'',2,3000,,'',2,7000,,'',2,2600,,'',2,6700,,'',2,3000,,'',2,7000,,'',2,3400,,'',2,6400,,'',2,3500,,'',2,6800,,'',2,3500,,'',2,7000,,'',2,3000,,'',2,7000,,'',2,3000,,'',2,7000,,'',2,2800,,'',2,10000,,'',2,10000,,'',2,10000,,'',2
'SE',44200,161030,0,'''Pacific''',2,10000,0,'''Pacific''',2
'SE',50100,144500,,'',2,19200,,'',2
'SE',61801,90230,,'',2
