'DI',100,64710,0,'Windsor',1,10000,0,'Windsor',1,10000,0,'Windsor',1,10000,0,'Windsor',1,10000,0,'Windsor',1,10000,0,'Windsor',1,10000,0,'Windsor',1,9930,0,'Windsor',1,10000,0,'Windsor',1,10000,0,'Windsor',1,10000,0,'Windsor',1,10000,0,'Windsor',1,10000,0,'Windsor',1,10000,0,'Windsor',1,10000,0,'Windsor',1,10000,0,'Windsor',1,10000,0,'Windsor',1,10000,0,'Windsor',1,10100,0,'Windsor',1
'F1',100,61710,0,'Windsor',1,3000,0,'Windsor',1,7000,0,'Windsor',1,3000,0,'Windsor',1,7000,0,'Windsor',1,3000,0,'Windsor',1,7000,0,'Windsor',1,3000,0,'Windsor',1,7000,0,'Windsor',1,3000,0,'Windsor',1,7000,0,'Windsor',1,3000,0,'Windsor',1,7000,0,'Windsor',1,3000,0,'Windsor',1,7030,0,'Windsor',1,3000,0,'Windsor',1,7000,0,'Windsor',1,2800,0,'Windsor',1,7000,0,'Windsor',1,3200,0,'Windsor',1,7100,0,'Windsor',1,2900,0,'Windsor',1,7000,0,'Windsor',1,3000,0,'Windsor',1,7100,0,'Windsor',1,2900,0,'Windsor',1,10000,0,'Windsor',1,10000,0,'Windsor',1,10000,0,'Windsor',1,10000,0,'Windsor',1,10000,0,'Windsor',1,9900,0,'Windsor',1,10400,0,'Windsor',1
'F2',100,61710,0,'Windsor',1,3000,0,'Windsor',1,7000,0,'Windsor',1,3000,0,'Windsor',1,7000,0,'Windsor',1,3000,0,'Windsor',1,7000,0,'Windsor',1,3000,0,'Windsor',1,7000,0,'Windsor',1,3000,0,'Windsor',1,7000,0,'Windsor',1,3000,0,'Windsor',1,7000,0,'Windsor',1,3000,0,'Windsor',1,7030,0,'Windsor',1,3000,0,'Windsor',1,7000,0,'Windsor',1,2800,0,'Windsor',1,7000,0,'Windsor',1,3200,0,'Windsor',1,7100,0,'Windsor',1,2900,0,'Windsor',1,7000,0,'Windsor',1,3000,0,'Windsor',1,7100,0,'Windsor',1,2900,0,'Windsor',1,10000,0,'Windsor',1,10000,0,'Windsor',1,10000,0,'Windsor',1,10000,0,'Windsor',1,10000,0,'Windsor',1,9900,0,'Windsor',1,10400,0,'Windsor',1
'F3',100,61710,0,'Windsor',1,3000,0,'Windsor',1,7000,0,'Windsor',1,3000,0,'Windsor',1,7000,0,'Windsor',1,3000,0,'Windsor',1,7000,0,'Windsor',1,3000,0,'Windsor',1,7000,0,'Windsor',1,3000,0,'Windsor',1,7000,0,'Windsor',1,3000,0,'Windsor',1,7000,0,'Windsor',1,3000,0,'Windsor',1,7030,0,'Windsor',1,3000,0,'Windsor',1,7000,0,'Windsor',1,2800,0,'Windsor',1,7000,0,'Windsor',1,3200,0,'Windsor',1,7100,0,'Windsor',1,2900,0,'Windsor',1,7000,0,'Windsor',1,3000,0,'Windsor',1,7100,0,'Windsor',1,2900,0,'Windsor',1,10000,0,'Windsor',1,10000,0,'Windsor',1,10000,0,'Windsor',1,10000,0,'Windsor',1,10000,0,'Windsor',1,9900,0,'Windsor',1,10400,0,'Windsor',1
'F4',100,64710,0,'Windsor',1,10000,0,'Windsor',1,10000,0,'Windsor',1,10000,0,'Windsor',1,10000,0,'Windsor',1,10000,0,'Windsor',1,10000,0,'Windsor',1,9930,0,'Windsor',1,10000,0,'Windsor',1,10000,0,'Windsor',1,10000,0,'Windsor',1,10000,0,'Windsor',1,10000,0,'Windsor',1,10000,0,'Windsor',1,10000,0,'Windsor',1,10000,0,'Windsor',1,10000,0,'Windsor',1,10000,0,'Windsor',1,10100,0,'Windsor',1
'SA',100,61710,0,'Windsor',1,3000,0,'Windsor',1,7000,0,'Windsor',1,3000,0,'Windsor',1,7000,0,'Windsor',1,3000,0,'Windsor',1,7000,0,'Windsor',1,3000,0,'Windsor',1,7000,0,'Windsor',1,3000,0,'Windsor',1,7000,0,'Windsor',1,3000,0,'Windsor',1,7000,0,'Windsor',1,3000,0,'Windsor',1,7030,0,'Windsor',1,3000,0,'Windsor',1,7000,0,'Windsor',1,2800,0,'Windsor',1,7000,0,'Windsor',1,3200,0,'Windsor',1,7100,0,'Windsor',1,2900,0,'Windsor',1,7000,0,'Windsor',1,3000,0,'Windsor',1,7100,0,'Windsor',1,2900,0,'Windsor',1,10000,0,'Windsor',1,10000,0,'Windsor',1,10000,0,'Windsor',1,10000,0,'Windsor',1,10000,0,'Windsor',1,9900,0,'Windsor',1,10400,0,'Windsor',1
'SE',100,55010,0,'Windsor',1,6000,0,'Windsor',1,1500,0,'Windsor',1,2300,0,'Windsor',1,5700,0,'Windsor',1,1700,0,'Windsor',1,930,0,'Windsor',1,1700,0,'Windsor',1,5700,0,'Windsor',1,3200,0,'Windsor',1,6600,0,'Windsor',1,2970,0,'Windsor',1,7200,0,'Windsor',1,2800,0,'Windsor',1,7000,0,'Windsor',1,3000,0,'Windsor',1,7030,0,'Windsor',1,3000,0,'Windsor',1,7000,0,'Windsor',1,3000,0,'Windsor',1,7000,0,'Windsor',1,3000,0,'Windsor',1,7000,0,'Windsor',1,3000,0,'Windsor',1,2000,0,'Windsor',1,6000,0,'Windsor',1,2570,0,'Windsor',1,1600,0,'Windsor',1,5900,0,'Windsor',1,1930,0,'Windsor',1,2000,0,'Windsor',1,6000,0,'Windsor',1,2000,0,'Windsor',1,6970,0,'Windsor',1,3000,0,'Windsor',1,7000,0,'Windsor',1,3000,0,'Windsor',1,7000,0,'Windsor',1,3000,0,'Windsor',1,7100,0,'Windsor',1,3000,0,'Windsor',1,10000,0,'Windsor',1,10000,0,'Windsor',1,9920,0,'Windsor',1
'DI',5400,65250,,'',2,10000,,'',2,10000,,'',2,10200,,'',2,10000,,'',2,10000,,'',2,6800,,'',2,3100,,'',2,7000,,'',2,2900,,'',2,7100,,'',2,3000,,'',2,7000,,'',2,2900,,'',2,7000,,'',2,3500,,'',2,6800,,'',2,3000,,'',2,7000,,'',2,2970,,'',2,10000,,'',2,10000,,'',2,10000,,'',2,10000,,'',2,10000,,'',2,10000,,'',2,10000,,'',2
'F1',5400,65250,,'',2,7000,,'',2,3000,,'',2,7000,,'',2,3000,,'',2,7300,,'',2,3000,,'',2,7200,,'',2,2500,,'',2,7000,,'',2,3000,,'',2,7000,,'',2,3000,,'',2,7000,,'',2,3000,,'',2,7000,,'',2,2900,,'',2,7000,,'',2,2700,,'',2,7900,,'',2,2500,,'',2,7300,,'',2,7500,,'',2,2500,,'',2,2970,,'',2,10000,,'',2,10000,,'',2,10000,,'',2,10000,,'',2,10000,,'',2,10000,,'',2,10000,,'',2
'F2',5400,65250,,'',2,7000,,'',2,3000,,'',2,7000,,'',2,3000,,'',2,7300,,'',2,3000,,'',2,7200,,'',2,2500,,'',2,7000,,'',2,3000,,'',2,7000,,'',2,3000,,'',2,7000,,'',2,3000,,'',2,7000,,'',2,2900,,'',2,7000,,'',2,2700,,'',2,7900,,'',2,2500,,'',2,7300,,'',2,7500,,'',2,2500,,'',2,2970,,'',2,10000,,'',2,10000,,'',2,10000,,'',2,10000,,'',2,10000,,'',2,10000,,'',2,10000,,'',2
'F3',5400,65250,,'',2,7000,,'',2,3000,,'',2,7000,,'',2,3000,,'',2,7300,,'',2,3000,,'',2,7200,,'',2,2500,,'',2,7000,,'',2,3000,,'',2,7000,,'',2,3000,,'',2,7000,,'',2,3000,,'',2,7000,,'',2,2900,,'',2,7000,,'',2,2700,,'',2,7900,,'',2,2500,,'',2,7300,,'',2,7500,,'',2,2500,,'',2,2970,,'',2,10000,,'',2,10000,,'',2,10000,,'',2,10000,,'',2,10000,,'',2,10000,,'',2,10000,,'',2
'F4',5400,65250,,'',2,10000,,'',2,10000,,'',2,10200,,'',2,10000,,'',2,10000,,'',2,6800,,'',2,3100,,'',2,7000,,'',2,2900,,'',2,7100,,'',2,3000,,'',2,7000,,'',2,2900,,'',2,7000,,'',2,3500,,'',2,6800,,'',2,3000,,'',2,7000,,'',2,2970,,'',2,10000,,'',2,10000,,'',2,10000,,'',2,10000,,'',2,10000,,'',2,10000,,'',2,10000,,'',2
'SA',5400,65250,,'',2,7000,,'',2,3000,,'',2,7000,,'',2,3000,,'',2,7300,,'',2,3000,,'',2,7200,,'',2,2500,,'',2,7000,,'',2,3000,,'',2,7000,,'',2,3000,,'',2,7000,,'',2,3000,,'',2,7000,,'',2,2900,,'',2,7000,,'',2,2700,,'',2,7900,,'',2,2500,,'',2,7300,,'',2,7500,,'',2,2500,,'',2,2970,,'',2,10000,,'',2,10000,,'',2,10000,,'',2,10000,,'',2,10000,,'',2,10000,,'',2,10000,,'',2
'SE',5400,64750,,'',2,7100,,'',2,3000,,'',2,7000,,'',2,3000,,'',2,6900,,'',2,3000,,'',2,7000,,'',2,3000,,'',2,7000,,'',2,3080,,'',2,7000,,'',2,3000,,'',2,7000,,'',2,3000,,'',2,7000,,'',2,3000,,'',2,7000,,'',2,2500,,'',2,7500,,'',2,3300,,'',2,5900,,'',2,2000,,'',2,1900,,'',2,7000,,'',2,3000,,'',2,7120,,'',2,3000,,'',2,7000,,'',2,3000,,'',2,7000,,'',2,3000,,'',2,10000,,'',2,10000,,'',2,10000,,'',2
'SE',44200,160910,,'',2,10000,,'',2
'SE',60001,91100,,'',2
'SE',60600,164010,,'',2
'SE',61301,91100,,'',2
'SE',61400,164010,,'',2
'SE',61801,90030,,'',2
