'DI',4301,75250,0,'Rome',1,10000,0,'Rome',1,10300,0,'Rome',1,10000,0,'Rome',1,10000,0,'Rome',1,10000,0,'Rome',1,10000,0,'Rome',1,10000,0,'Rome',1,10050,0,'Rome',1,9950,0,'Rome',1,10000,0,'Rome',1,10000,0,'Rome',1,10000,0,'Rome',1,10000,0,'Rome',1,10000,0,'Rome',1,10000,0,'Rome',1,9990,0,'Rome',1,10000,0,'Rome',1
'F1',4301,65250,0,'Rome',1,10000,0,'Rome',1,10000,0,'Rome',1,10300,0,'Rome',1,10000,0,'Rome',1,10000,0,'Rome',1,10000,0,'Rome',1,10000,0,'Rome',1,10000,0,'Rome',1,10050,0,'Rome',1,9950,0,'Rome',1,10000,0,'Rome',1,10000,0,'Rome',1,10000,0,'Rome',1,10000,0,'Rome',1,10000,0,'Rome',1,10000,0,'Rome',1,9990,0,'Rome',1,10000,0,'Rome',1
'F2',4301,65250,0,'Rome',1,10000,0,'Rome',1,10000,0,'Rome',1,10300,0,'Rome',1,10000,0,'Rome',1,10000,0,'Rome',1,10000,0,'Rome',1,10000,0,'Rome',1,10000,0,'Rome',1,10050,0,'Rome',1,9950,0,'Rome',1,10000,0,'Rome',1,10000,0,'Rome',1,10000,0,'Rome',1,10000,0,'Rome',1,10000,0,'Rome',1,10000,0,'Rome',1,9990,0,'Rome',1,10000,0,'Rome',1
'F3',4301,65250,0,'Rome',1,10000,0,'Rome',1,10000,0,'Rome',1,10300,0,'Rome',1,10000,0,'Rome',1,10000,0,'Rome',1,10000,0,'Rome',1,10000,0,'Rome',1,10000,0,'Rome',1,10050,0,'Rome',1,9950,0,'Rome',1,10000,0,'Rome',1,10000,0,'Rome',1,10000,0,'Rome',1,10000,0,'Rome',1,10000,0,'Rome',1,10000,0,'Rome',1,9990,0,'Rome',1,10000,0,'Rome',1
'F4',4301,75250,0,'Rome',1,10000,0,'Rome',1,10300,0,'Rome',1,10000,0,'Rome',1,10000,0,'Rome',1,10000,0,'Rome',1,10000,0,'Rome',1,10000,0,'Rome',1,10050,0,'Rome',1,9950,0,'Rome',1,10000,0,'Rome',1,10000,0,'Rome',1,10000,0,'Rome',1,10000,0,'Rome',1,10000,0,'Rome',1,10000,0,'Rome',1,9990,0,'Rome',1,10000,0,'Rome',1
'SA',4301,65250,0,'Rome',1,10000,0,'Rome',1,10000,0,'Rome',1,10300,0,'Rome',1,10000,0,'Rome',1,10000,0,'Rome',1,10000,0,'Rome',1,10000,0,'Rome',1,10000,0,'Rome',1,10050,0,'Rome',1,9950,0,'Rome',1,10000,0,'Rome',1,10000,0,'Rome',1,10000,0,'Rome',1,10000,0,'Rome',1,10000,0,'Rome',1,10000,0,'Rome',1,9990,0,'Rome',1,10000,0,'Rome',1
'SE',4301,65250,0,'Rome',1,6600,0,'Rome',1,3400,0,'Rome',1,7400,0,'Rome',1,2600,0,'Rome',1,7300,0,'Rome',1,3000,0,'Rome',1,10000,0,'Rome',1,10100,0,'Rome',1,10000,0,'Rome',1,10000,0,'Rome',1,10000,0,'Rome',1,7000,0,'Rome',1,2600,0,'Rome',1,8200,0,'Rome',1,2200,0,'Rome',1,7100,0,'Rome',1,2800,0,'Rome',1,7000,0,'Rome',1,3000,0,'Rome',1,10000,0,'Rome',1,10000,0,'Rome',1,10000,0,'Rome',1,9990,0,'Rome',1,10000,0,'Rome',1,10000,0,'Rome',1
'SE',53600,163300,4,'',2
'SE',54201,90410,,'',2
'SE',69601,84430,,'',2
