'DI',100,64500,0,'Windsor',1,10000,0,'Windsor',1,10000,0,'Windsor',1,10000,0,'Windsor',1,10000,0,'Windsor',1,10000,0,'Windsor',1,10000,0,'Windsor',1,9900,0,'Windsor',1,10000,0,'Windsor',1,10000,0,'Windsor',1,10000,0,'Windsor',1,10000,0,'Windsor',1,10000,0,'Windsor',1,10000,0,'Windsor',1,10000,0,'Windsor',1,10000,0,'Windsor',1,10000,0,'Windsor',1,10000,0,'Windsor',1,10100,0,'Windsor',1
'DI',101,64200,4,'',1,10000,4,'',1,10000,4,'',1,10000,4,'',1,10000,4,'',1,10000,4,'',1,10000,4,'',1,10000,4,'',1,10000,4,'',1,10000,4,'',1,10000,4,'',1,10000,4,'',1,10000,4,'',1,10000,4,'',1,10000,4,'',1,10000,4,'',1,10000,4,'',1,10000,4,'',1,10000,4,'',1
'F1',100,61500,0,'Windsor',1,3000,0,'Windsor',1,7000,0,'Windsor',1,3000,0,'Windsor',1,7000,0,'Windsor',1,3000,0,'Windsor',1,7000,0,'Windsor',1,3000,0,'Windsor',1,7000,0,'Windsor',1,3000,0,'Windsor',1,7000,0,'Windsor',1,3000,0,'Windsor',1,7000,0,'Windsor',1,3000,0,'Windsor',1,7000,0,'Windsor',1,3000,0,'Windsor',1,7000,0,'Windsor',1,2800,0,'Windsor',1,7000,0,'Windsor',1,3200,0,'Windsor',1,7100,0,'Windsor',1,2900,0,'Windsor',1,7000,0,'Windsor',1,3000,0,'Windsor',1,7100,0,'Windsor',1,2900,0,'Windsor',1,10000,0,'Windsor',1,10000,0,'Windsor',1,10000,0,'Windsor',1,10000,0,'Windsor',1,10000,0,'Windsor',1,9900,0,'Windsor',1,10400,0,'Windsor',1
'F1',101,61200,4,'',1,3000,4,'',1,7000,4,'',1,3000,4,'',1,7000,4,'',1,3000,4,'',1,7000,4,'',1,3000,4,'',1,7000,4,'',1,3000,4,'',1,7000,4,'',1,3000,4,'',1,7000,4,'',1,3000,4,'',1,7000,4,'',1,3000,4,'',1,7100,4,'',1,3000,4,'',1,7000,4,'',1,2800,4,'',1,7000,4,'',1,3200,4,'',1,7100,4,'',1,2900,4,'',1,7000,4,'',1,3000,4,'',1,10000,4,'',1,10000,4,'',1,10000,4,'',1,10000,4,'',1,10000,4,'',1,10000,4,'',1,9900,4,'',1
'F2',100,61500,0,'Windsor',1,3000,0,'Windsor',1,7000,0,'Windsor',1,3000,0,'Windsor',1,7000,0,'Windsor',1,3000,0,'Windsor',1,7000,0,'Windsor',1,3000,0,'Windsor',1,7000,0,'Windsor',1,3000,0,'Windsor',1,7000,0,'Windsor',1,3000,0,'Windsor',1,7000,0,'Windsor',1,3000,0,'Windsor',1,7000,0,'Windsor',1,3000,0,'Windsor',1,7000,0,'Windsor',1,2800,0,'Windsor',1,7000,0,'Windsor',1,3200,0,'Windsor',1,7100,0,'Windsor',1,2900,0,'Windsor',1,7000,0,'Windsor',1,3000,0,'Windsor',1,7100,0,'Windsor',1,2900,0,'Windsor',1,10000,0,'Windsor',1,10000,0,'Windsor',1,10000,0,'Windsor',1,10000,0,'Windsor',1,10000,0,'Windsor',1,9900,0,'Windsor',1,10400,0,'Windsor',1
'F2',101,61200,4,'',1,3000,4,'',1,7000,4,'',1,3000,4,'',1,7000,4,'',1,3000,4,'',1,7000,4,'',1,3000,4,'',1,7000,4,'',1,3000,4,'',1,7000,4,'',1,3000,4,'',1,7000,4,'',1,3000,4,'',1,7000,4,'',1,3000,4,'',1,7100,4,'',1,3000,4,'',1,7000,4,'',1,2800,4,'',1,7000,4,'',1,3200,4,'',1,7100,4,'',1,2900,4,'',1,7000,4,'',1,3000,4,'',1,10000,4,'',1,10000,4,'',1,10000,4,'',1,10000,4,'',1,10000,4,'',1,10000,4,'',1,9900,4,'',1
'F3',100,61500,0,'Windsor',1,3000,0,'Windsor',1,7000,0,'Windsor',1,3000,0,'Windsor',1,7000,0,'Windsor',1,3000,0,'Windsor',1,7000,0,'Windsor',1,3000,0,'Windsor',1,7000,0,'Windsor',1,3000,0,'Windsor',1,7000,0,'Windsor',1,3000,0,'Windsor',1,7000,0,'Windsor',1,3000,0,'Windsor',1,7000,0,'Windsor',1,3000,0,'Windsor',1,7000,0,'Windsor',1,2800,0,'Windsor',1,7000,0,'Windsor',1,3200,0,'Windsor',1,7100,0,'Windsor',1,2900,0,'Windsor',1,7000,0,'Windsor',1,3000,0,'Windsor',1,7100,0,'Windsor',1,2900,0,'Windsor',1,10000,0,'Windsor',1,10000,0,'Windsor',1,10000,0,'Windsor',1,10000,0,'Windsor',1,10000,0,'Windsor',1,9900,0,'Windsor',1,10400,0,'Windsor',1
'F3',101,61200,4,'',1,3000,4,'',1,7000,4,'',1,3000,4,'',1,7000,4,'',1,3000,4,'',1,7000,4,'',1,3000,4,'',1,7000,4,'',1,3000,4,'',1,7000,4,'',1,3000,4,'',1,7000,4,'',1,3000,4,'',1,7000,4,'',1,3000,4,'',1,7100,4,'',1,3000,4,'',1,7000,4,'',1,2800,4,'',1,7000,4,'',1,3200,4,'',1,7100,4,'',1,2900,4,'',1,7000,4,'',1,3000,4,'',1,10000,4,'',1,10000,4,'',1,10000,4,'',1,10000,4,'',1,10000,4,'',1,10000,4,'',1,9900,4,'',1
'F4',100,64500,0,'Windsor',1,10000,0,'Windsor',1,10000,0,'Windsor',1,10000,0,'Windsor',1,10000,0,'Windsor',1,10000,0,'Windsor',1,10000,0,'Windsor',1,9900,0,'Windsor',1,10000,0,'Windsor',1,10000,0,'Windsor',1,10000,0,'Windsor',1,10000,0,'Windsor',1,10000,0,'Windsor',1,10000,0,'Windsor',1,10000,0,'Windsor',1,10000,0,'Windsor',1,10000,0,'Windsor',1,10000,0,'Windsor',1,10100,0,'Windsor',1
'F4',101,64200,4,'',1,10000,4,'',1,10000,4,'',1,10000,4,'',1,10000,4,'',1,10000,4,'',1,10000,4,'',1,10000,4,'',1,10000,4,'',1,10000,4,'',1,10000,4,'',1,10000,4,'',1,10000,4,'',1,10000,4,'',1,10000,4,'',1,10000,4,'',1,10000,4,'',1,10000,4,'',1,10000,4,'',1
'SA',100,61500,0,'Windsor',1,3000,0,'Windsor',1,7000,0,'Windsor',1,3000,0,'Windsor',1,7000,0,'Windsor',1,3000,0,'Windsor',1,7000,0,'Windsor',1,3000,0,'Windsor',1,7000,0,'Windsor',1,3000,0,'Windsor',1,7000,0,'Windsor',1,3000,0,'Windsor',1,7000,0,'Windsor',1,3000,0,'Windsor',1,7000,0,'Windsor',1,3000,0,'Windsor',1,7000,0,'Windsor',1,2800,0,'Windsor',1,7000,0,'Windsor',1,3200,0,'Windsor',1,7100,0,'Windsor',1,2900,0,'Windsor',1,7000,0,'Windsor',1,3000,0,'Windsor',1,7100,0,'Windsor',1,2900,0,'Windsor',1,10000,0,'Windsor',1,10000,0,'Windsor',1,10000,0,'Windsor',1,10000,0,'Windsor',1,10000,0,'Windsor',1,9900,0,'Windsor',1,10400,0,'Windsor',1
'SA',101,61200,4,'',1,3000,4,'',1,7000,4,'',1,3000,4,'',1,7000,4,'',1,3000,4,'',1,7000,4,'',1,3000,4,'',1,7000,4,'',1,3000,4,'',1,7000,4,'',1,3000,4,'',1,7000,4,'',1,3000,4,'',1,7000,4,'',1,3000,4,'',1,7100,4,'',1,3000,4,'',1,7000,4,'',1,2800,4,'',1,7000,4,'',1,3200,4,'',1,7100,4,'',1,2900,4,'',1,7000,4,'',1,3000,4,'',1,10000,4,'',1,10000,4,'',1,10000,4,'',1,10000,4,'',1,10000,4,'',1,10000,4,'',1,9900,4,'',1
'SE',100,54800,0,'Windsor',1,6000,0,'Windsor',1,1500,0,'Windsor',1,2300,0,'Windsor',1,5700,0,'Windsor',1,1700,0,'Windsor',1,900,0,'Windsor',1,1700,0,'Windsor',1,5700,0,'Windsor',1,3200,0,'Windsor',1,6600,0,'Windsor',1,3000,0,'Windsor',1,7200,0,'Windsor',1,2800,0,'Windsor',1,7000,0,'Windsor',1,3000,0,'Windsor',1,7000,0,'Windsor',1,3000,0,'Windsor',1,7000,0,'Windsor',1,3000,0,'Windsor',1,7000,0,'Windsor',1,3000,0,'Windsor',1,7000,0,'Windsor',1,3000,0,'Windsor',1,2000,0,'Windsor',1,6000,0,'Windsor',1,2400,0,'Windsor',1,1600,0,'Windsor',1,6000,0,'Windsor',1,2000,0,'Windsor',1,2000,0,'Windsor',1,6000,0,'Windsor',1,2000,0,'Windsor',1,7000,0,'Windsor',1,3000,0,'Windsor',1,7000,0,'Windsor',1,3000,0,'Windsor',1,7000,0,'Windsor',1,3000,0,'Windsor',1,7100,0,'Windsor',1,3000,0,'Windsor',1,10000,0,'Windsor',1,10000,0,'Windsor',1,10000,0,'Windsor',1
'SE',101,52200,4,'',1,3000,4,'',1,7300,4,'',1,1900,4,'',1,6000,4,'',1,1900,4,'',1,1200,4,'',1,1100,4,'',1,5800,4,'',1,1700,4,'',1,1400,4,'',1,1700,4,'',1,5400,4,'',1,3100,4,'',1,6600,4,'',1,2900,4,'',1,7200,4,'',1,2800,4,'',1,7000,4,'',1,3000,4,'',1,7100,4,'',1,3000,4,'',1,7000,4,'',1,3000,4,'',1,7000,4,'',1,3300,4,'',1,7300,4,'',1,2900,4,'',1,2000,4,'',1,5800,4,'',1,2900,4,'',1,5600,4,'',1,1300,4,'',1,1700,4,'',1,2800,4,'',1,7200,4,'',1,2800,4,'',1,7000,4,'',1,3000,4,'',1,6800,4,'',1,3000,4,'',1,7000,4,'',1,10100,4,'',1,9700,4,'',1,10000,4,'',1
'SE',1400,62200,0,'Rome',2,1700,0,'Rome',2,6500,0,'Rome',2,1700,0,'Rome',2,1500,0,'Rome',2,1800,0,'Rome',2,6200,0,'Rome',2,2700,0,'Rome',2,19800,0,'Rome',2,10000,0,'Rome',2,10000,0,'Rome',2,30000,0,'Rome',2,1500,0,'Rome',2,5500,0,'Rome',2,1700,0,'Rome',2,1700,0,'Rome',2,6100,0,'Rome',2,2000,0,'Rome',2,2000,0,'Rome',2,6900,0,'Rome',2
'SE',1401,62400,4,'',2,3200,4,'',2,6100,4,'',2,1200,4,'',2,1600,4,'',2,6000,4,'',2,1300,4,'',2,1800,4,'',2,1500,4,'',2,5800,4,'',2,900,4,'',2,1300,4,'',2,22300,4,'',2,10000,4,'',2,10000,4,'',2,28900,4,'',2,1600,4,'',2,5900,4,'',2,2600,4,'',2,5800,4,'',2,1900,4,'',2,2000,4,'',2,1800,4,'',2,6800,4,'',2
'DI',1500,71300,4,'',1,10000,4,'',1,10000,4,'',1,10000,4,'',1,10200,4,'',1,10000,4,'',1,10000,4,'',1,10000,4,'',1,10000,4,'',1,10000,4,'',1,10000,4,'',1,10000,4,'',1,10000,4,'',1,9600,4,'',1,10000,4,'',1,10000,4,'',1,10000,4,'',1,10000,4,'',1,10000,4,'',1
'DI',1501,72200,,'',1,10000,,'',1,10000,,'',1,10000,,'',1,10000,,'',1,10000,,'',1,10000,,'',1,10000,,'',1,10000,,'',1,10000,,'',1,10000,,'',1,10000,,'',1,10000,,'',1,10000,,'',1,10000,,'',1,10000,,'',1,10000,,'',1,10000,,'',1,10000,,'',1
'F1',1500,71300,4,'',1,10000,4,'',1,10000,4,'',1,10000,4,'',1,10000,4,'',1,10000,4,'',1,10000,4,'',1,10100,4,'',1,10000,4,'',1,10000,4,'',1,10000,4,'',1,10000,4,'',1,10000,4,'',1,9900,4,'',1,10000,4,'',1,10000,4,'',1,10000,4,'',1,10000,4,'',1,10000,4,'',1
'F1',1501,72200,,'',1,10000,,'',1,10000,,'',1,10000,,'',1,10000,,'',1,10000,,'',1,10000,,'',1,10000,,'',1,10000,,'',1,10000,,'',1,10000,,'',1,10000,,'',1,10000,,'',1,10000,,'',1,10000,,'',1,10000,,'',1,10000,,'',1,10000,,'',1,10000,,'',1
'F2',1500,71300,4,'',1,10000,4,'',1,10000,4,'',1,10000,4,'',1,10000,4,'',1,10000,4,'',1,10000,4,'',1,10100,4,'',1,10000,4,'',1,10000,4,'',1,10000,4,'',1,10000,4,'',1,10000,4,'',1,9900,4,'',1,10000,4,'',1,10000,4,'',1,10000,4,'',1,10000,4,'',1,10000,4,'',1
'F2',1501,72200,,'',1,10000,,'',1,10000,,'',1,10000,,'',1,10000,,'',1,10000,,'',1,10000,,'',1,10000,,'',1,10000,,'',1,10000,,'',1,10000,,'',1,10000,,'',1,10000,,'',1,10000,,'',1,10000,,'',1,10000,,'',1,10000,,'',1,10000,,'',1,10000,,'',1
'F3',1500,71300,4,'',1,10000,4,'',1,10000,4,'',1,10000,4,'',1,10000,4,'',1,10000,4,'',1,10000,4,'',1,10100,4,'',1,10000,4,'',1,10000,4,'',1,10000,4,'',1,10000,4,'',1,10000,4,'',1,9900,4,'',1,10000,4,'',1,10000,4,'',1,10000,4,'',1,10000,4,'',1,10000,4,'',1
'F3',1501,72200,,'',1,10000,,'',1,10000,,'',1,10000,,'',1,10000,,'',1,10000,,'',1,10000,,'',1,10000,,'',1,10000,,'',1,10000,,'',1,10000,,'',1,10000,,'',1,10000,,'',1,10000,,'',1,10000,,'',1,10000,,'',1,10000,,'',1,10000,,'',1,10000,,'',1
'F4',1500,71300,4,'',1,10000,4,'',1,10000,4,'',1,10000,4,'',1,10200,4,'',1,10000,4,'',1,10000,4,'',1,10000,4,'',1,10000,4,'',1,10000,4,'',1,10000,4,'',1,10000,4,'',1,10000,4,'',1,9600,4,'',1,10000,4,'',1,10000,4,'',1,10000,4,'',1,10000,4,'',1,10000,4,'',1
'F4',1501,72200,,'',1,10000,,'',1,10000,,'',1,10000,,'',1,10000,,'',1,10000,,'',1,10000,,'',1,10000,,'',1,10000,,'',1,10000,,'',1,10000,,'',1,10000,,'',1,10000,,'',1,10000,,'',1,10000,,'',1,10000,,'',1,10000,,'',1,10000,,'',1,10000,,'',1
'SA',1500,71300,4,'',1,10000,4,'',1,10000,4,'',1,10000,4,'',1,10000,4,'',1,10000,4,'',1,10000,4,'',1,10100,4,'',1,10000,4,'',1,10000,4,'',1,10000,4,'',1,10000,4,'',1,10000,4,'',1,9900,4,'',1,10000,4,'',1,10000,4,'',1,10000,4,'',1,10000,4,'',1,10000,4,'',1
'SA',1501,72200,,'',1,10000,,'',1,10000,,'',1,10000,,'',1,10000,,'',1,10000,,'',1,10000,,'',1,10000,,'',1,10000,,'',1,10000,,'',1,10000,,'',1,10000,,'',1,10000,,'',1,10000,,'',1,10000,,'',1,10000,,'',1,10000,,'',1,10000,,'',1,10000,,'',1
'SE',1500,52300,4,'',1,3400,4,'',1,7000,4,'',1,2500,4,'',1,6000,4,'',1,3400,4,'',1,6600,4,'',1,3300,4,'',1,7000,4,'',1,3000,4,'',1,6800,4,'',1,3000,4,'',1,7000,4,'',1,3000,4,'',1,7000,4,'',1,3000,4,'',1,7000,4,'',1,3000,4,'',1,7000,4,'',1,3000,4,'',1,7200,4,'',1,3100,4,'',1,7100,4,'',1,3000,4,'',1,7200,4,'',1,3100,4,'',1,6600,4,'',1,3000,4,'',1,7000,4,'',1,2700,4,'',1,6800,4,'',1,3000,4,'',1,7000,4,'',1,3000,4,'',1,7000,4,'',1,9900,4,'',1,9700,4,'',1,10000,4,'',1
'SE',1501,54000,0,'Term Ctr-Ville',1,7000,0,'Term Ctr-Ville',1,3000,0,'Term Ctr-Ville',1,7000,0,'Term Ctr-Ville',1,3200,0,'Term Ctr-Ville',1,6800,0,'Term Ctr-Ville',1,4200,,'',1,7000,,'',1,3000,,'',1,7000,,'',1,3000,,'',1,7000,,'',1,3000,,'',1,7000,,'',1,3000,,'',1,7000,,'',1,3000,,'',1,7000,,'',1,3000,,'',1,6900,,'',1,2700,,'',1,7600,,'',1,3000,,'',1,6900,,'',1,2900,,'',1,7000,,'',1,3000,,'',1,7000,,'',1,3000,,'',1,7000,,'',1,3000,,'',1,7000,,'',1,3000,,'',1,7000,,'',1,10000,,'',1,10000,,'',1,10000,,'',1
'DI',7500,62100,0,'McGill',2,10000,0,'McGill',2,10000,0,'McGill',2,10000,0,'McGill',2,10000,0,'McGill',2,10000,0,'McGill',2,10000,0,'McGill',2,10000,0,'McGill',2,10000,0,'McGill',2,10000,0,'McGill',2,10000,0,'McGill',2,10000,0,'McGill',2,10000,0,'McGill',2,10000,0,'McGill',2,10000,0,'McGill',2,10000,0,'McGill',2,10000,0,'McGill',2,10000,0,'McGill',2,10000,0,'McGill',2
'DI',7501,55700,4,'',2,10000,4,'',2,10000,4,'',2,10000,4,'',2,10100,4,'',2,10000,4,'',2,10000,4,'',2,10000,4,'',2,10000,4,'',2,10000,4,'',2,10000,4,'',2,10000,4,'',2,10000,4,'',2,10000,4,'',2,10000,4,'',2,9800,4,'',2,10000,4,'',2,10000,4,'',2,10000,4,'',2
'F1',7500,62100,0,'McGill',2,10000,0,'McGill',2,10000,0,'McGill',2,10000,0,'McGill',2,10000,0,'McGill',2,10000,0,'McGill',2,10000,0,'McGill',2,10000,0,'McGill',2,10000,0,'McGill',2,10000,0,'McGill',2,10000,0,'McGill',2,9700,0,'McGill',2,10300,0,'McGill',2,10000,0,'McGill',2,10000,0,'McGill',2,10000,0,'McGill',2,10000,0,'McGill',2,10000,0,'McGill',2,10000,0,'McGill',2,10000,0,'McGill',2
'F1',7501,55700,4,'',2,10000,4,'',2,10000,4,'',2,10000,4,'',2,10100,4,'',2,10000,4,'',2,10000,4,'',2,10000,4,'',2,10000,4,'',2,10000,4,'',2,10000,4,'',2,10000,4,'',2,9700,4,'',2,10300,4,'',2,10000,4,'',2,9800,4,'',2,10000,4,'',2,10000,4,'',2,10000,4,'',2,10000,4,'',2
'F2',7500,62100,0,'McGill',2,10000,0,'McGill',2,10000,0,'McGill',2,10000,0,'McGill',2,10000,0,'McGill',2,10000,0,'McGill',2,10000,0,'McGill',2,10000,0,'McGill',2,10000,0,'McGill',2,10000,0,'McGill',2,10000,0,'McGill',2,9700,0,'McGill',2,10300,0,'McGill',2,10000,0,'McGill',2,10000,0,'McGill',2,10000,0,'McGill',2,10000,0,'McGill',2,10000,0,'McGill',2,10000,0,'McGill',2,10000,0,'McGill',2
'F2',7501,55700,4,'',2,10000,4,'',2,10000,4,'',2,10000,4,'',2,10100,4,'',2,10000,4,'',2,10000,4,'',2,10000,4,'',2,10000,4,'',2,10000,4,'',2,10000,4,'',2,10000,4,'',2,9700,4,'',2,10300,4,'',2,10000,4,'',2,9800,4,'',2,10000,4,'',2,10000,4,'',2,10000,4,'',2,10000,4,'',2
'F3',7500,62100,0,'McGill',2,10000,0,'McGill',2,10000,0,'McGill',2,10000,0,'McGill',2,10000,0,'McGill',2,10000,0,'McGill',2,10000,0,'McGill',2,10000,0,'McGill',2,10000,0,'McGill',2,10000,0,'McGill',2,10000,0,'McGill',2,9700,0,'McGill',2,10300,0,'McGill',2,10000,0,'McGill',2,10000,0,'McGill',2,10000,0,'McGill',2,10000,0,'McGill',2,10000,0,'McGill',2,10000,0,'McGill',2,10000,0,'McGill',2
'F3',7501,55700,4,'',2,10000,4,'',2,10000,4,'',2,10000,4,'',2,10100,4,'',2,10000,4,'',2,10000,4,'',2,10000,4,'',2,10000,4,'',2,10000,4,'',2,10000,4,'',2,10000,4,'',2,9700,4,'',2,10300,4,'',2,10000,4,'',2,9800,4,'',2,10000,4,'',2,10000,4,'',2,10000,4,'',2,10000,4,'',2
'F4',7500,62100,0,'McGill',2,10000,0,'McGill',2,10000,0,'McGill',2,10000,0,'McGill',2,10000,0,'McGill',2,10000,0,'McGill',2,10000,0,'McGill',2,10000,0,'McGill',2,10000,0,'McGill',2,10000,0,'McGill',2,10000,0,'McGill',2,10000,0,'McGill',2,10000,0,'McGill',2,10000,0,'McGill',2,10000,0,'McGill',2,10000,0,'McGill',2,10000,0,'McGill',2,10000,0,'McGill',2,10000,0,'McGill',2
'F4',7501,55700,4,'',2,10000,4,'',2,10000,4,'',2,10000,4,'',2,10100,4,'',2,10000,4,'',2,10000,4,'',2,10000,4,'',2,10000,4,'',2,10000,4,'',2,10000,4,'',2,10000,4,'',2,10000,4,'',2,10000,4,'',2,10000,4,'',2,9800,4,'',2,10000,4,'',2,10000,4,'',2,10000,4,'',2
'SA',7500,62100,0,'McGill',2,10000,0,'McGill',2,10000,0,'McGill',2,10000,0,'McGill',2,10000,0,'McGill',2,10000,0,'McGill',2,10000,0,'McGill',2,10000,0,'McGill',2,10000,0,'McGill',2,10000,0,'McGill',2,10000,0,'McGill',2,9700,0,'McGill',2,10300,0,'McGill',2,10000,0,'McGill',2,10000,0,'McGill',2,10000,0,'McGill',2,10000,0,'McGill',2,10000,0,'McGill',2,10000,0,'McGill',2,10000,0,'McGill',2
'SA',7501,55700,4,'',2,10000,4,'',2,10000,4,'',2,10000,4,'',2,10100,4,'',2,10000,4,'',2,10000,4,'',2,10000,4,'',2,10000,4,'',2,10000,4,'',2,10000,4,'',2,10000,4,'',2,9700,4,'',2,10300,4,'',2,10000,4,'',2,9800,4,'',2,10000,4,'',2,10000,4,'',2,10000,4,'',2,10000,4,'',2
'SE',7500,62100,0,'McGill',2,10100,0,'McGill',2,9900,0,'McGill',2,10000,0,'McGill',2,10000,0,'McGill',2,10000,0,'McGill',2,10000,0,'McGill',2,10000,0,'McGill',2,10000,0,'McGill',2,10000,0,'McGill',2,10000,0,'McGill',2,10000,0,'McGill',2,10000,0,'McGill',2,10000,0,'McGill',2,10000,0,'McGill',2,10000,0,'McGill',2,10000,0,'McGill',2,10000,0,'McGill',2,10000,0,'McGill',2,10000,0,'McGill',2
'SE',7501,55900,4,'',2,10000,4,'',2,14300,4,'',2,5600,4,'',2,10000,4,'',2,10000,4,'',2,10000,4,'',2,10000,4,'',2,10000,4,'',2,10000,4,'',2,10000,4,'',2,14200,4,'',2,5900,4,'',2,9800,4,'',2,10000,4,'',2,10000,4,'',2,10000,4,'',2,10000,4,'',2,10000,4,'',2,10000,4,'',2
'SE',7800,65200,0,'Adoncour-Du Colisée',2,7300,0,'Adoncour-Du Colisée',2,2600,0,'Adoncour-Du Colisée',2,7100,0,'Adoncour-Du Colisée',2,71500,0,'Adoncour-Du Colisée',2,7100,0,'Adoncour-Du Colisée',2,3000,0,'Adoncour-Du Colisée',2,7100,0,'Adoncour-Du Colisée',2,2800,0,'Adoncour-Du Colisée',2,7000,0,'Adoncour-Du Colisée',2,3000,0,'Adoncour-Du Colisée',2
'SE',7801,60800,4,'',2,3000,4,'',2,7200,4,'',2,3000,4,'',2,7200,4,'',2,2500,4,'',2,7100,4,'',2,71100,4,'',2,3300,4,'',2,7000,4,'',2,2800,4,'',2,6800,4,'',2
'SE',62400,145700,4,'',2
