'DI',100,65610,0,'Windsor',1,10000,0,'Windsor',1,10000,0,'Windsor',1,10000,0,'Windsor',1,10000,0,'Windsor',1,10000,0,'Windsor',1,10000,0,'Windsor',1,10100,0,'Windsor',1,10000,0,'Windsor',1,10000,0,'Windsor',1,10000,0,'Windsor',1,10000,0,'Windsor',1,10000,0,'Windsor',1,10000,0,'Windsor',1,10000,0,'Windsor',1,10000,0,'Windsor',1,10000,0,'Windsor',1,10000,0,'Windsor',1,10000,0,'Windsor',1
'F1',100,62610,0,'Windsor',1,3000,0,'Windsor',1,7000,0,'Windsor',1,3000,0,'Windsor',1,7000,0,'Windsor',1,3000,0,'Windsor',1,7000,0,'Windsor',1,3000,0,'Windsor',1,7000,0,'Windsor',1,3000,0,'Windsor',1,7000,0,'Windsor',1,3000,0,'Windsor',1,7000,0,'Windsor',1,3000,0,'Windsor',1,7100,0,'Windsor',1,3000,0,'Windsor',1,7000,0,'Windsor',1,3000,0,'Windsor',1,7000,0,'Windsor',1,3000,0,'Windsor',1,7000,0,'Windsor',1,3000,0,'Windsor',1,7000,0,'Windsor',1,3000,0,'Windsor',1,7000,0,'Windsor',1,3000,0,'Windsor',1,10000,0,'Windsor',1,10000,0,'Windsor',1,10000,0,'Windsor',1,10000,0,'Windsor',1,10000,0,'Windsor',1,10000,0,'Windsor',1,14300,0,'Windsor',1
'SA',100,62610,0,'Windsor',1,3000,0,'Windsor',1,7000,0,'Windsor',1,3000,0,'Windsor',1,7000,0,'Windsor',1,3000,0,'Windsor',1,7000,0,'Windsor',1,3000,0,'Windsor',1,7000,0,'Windsor',1,3000,0,'Windsor',1,7000,0,'Windsor',1,3000,0,'Windsor',1,7000,0,'Windsor',1,3000,0,'Windsor',1,7100,0,'Windsor',1,3000,0,'Windsor',1,7000,0,'Windsor',1,3000,0,'Windsor',1,7000,0,'Windsor',1,3000,0,'Windsor',1,7000,0,'Windsor',1,3000,0,'Windsor',1,7000,0,'Windsor',1,3000,0,'Windsor',1,7000,0,'Windsor',1,3000,0,'Windsor',1,10000,0,'Windsor',1,10000,0,'Windsor',1,10000,0,'Windsor',1,10000,0,'Windsor',1,10000,0,'Windsor',1,10000,0,'Windsor',1,14300,0,'Windsor',1
'SE',100,55830,0,'Windsor',1,6000,0,'Windsor',1,1500,0,'Windsor',1,2400,0,'Windsor',1,5200,0,'Windsor',1,1700,0,'Windsor',1,1620,0,'Windsor',1,1700,0,'Windsor',1,5700,0,'Windsor',1,2800,0,'Windsor',1,7000,0,'Windsor',1,2860,0,'Windsor',1,7000,0,'Windsor',1,3000,0,'Windsor',1,7000,0,'Windsor',1,3000,0,'Windsor',1,7140,0,'Windsor',1,3000,0,'Windsor',1,7000,0,'Windsor',1,3000,0,'Windsor',1,7000,0,'Windsor',1,3000,0,'Windsor',1,7070,0,'Windsor',1,3000,0,'Windsor',1,6000,0,'Windsor',1,2000,0,'Windsor',1,2410,0,'Windsor',1,6000,0,'Windsor',1,1790,0,'Windsor',1,1730,0,'Windsor',1,6000,0,'Windsor',1,2000,0,'Windsor',1,2000,0,'Windsor',1,6900,0,'Windsor',1,3000,0,'Windsor',1,7000,0,'Windsor',1,2960,0,'Windsor',1,7000,0,'Windsor',1,3000,0,'Windsor',1,7100,0,'Windsor',1,3000,0,'Windsor',1,9900,0,'Windsor',1,10000,0,'Windsor',1,9820,0,'Windsor',1
'DI',600,64020,,'',1,7000,,'',1,3000,,'',1,6900,,'',1,3000,,'',1,7100,,'',1,3000,,'',1,7000,,'',1,3000,,'',1,7000,,'',1,3000,,'',1,7180,,'',1,3000,,'',1,7000,,'',1,3000,,'',1,7000,,'',1,3000,,'',1,7000,,'',1,3000,,'',1,7000,,'',1,3000,,'',1,7000,,'',1,3000,,'',1,6800,,'',1,3020,,'',1,7000,,'',1,10000,,'',1,10000,,'',1,9920,,'',1,10000,,'',1,10000,,'',1,10300,,'',1
'F1',600,63920,,'',1,7100,,'',1,2900,,'',1,7000,,'',1,3000,,'',1,7100,,'',1,3000,,'',1,7000,,'',1,3000,,'',1,7000,,'',1,3000,,'',1,7180,,'',1,3000,,'',1,7000,,'',1,3000,,'',1,7000,,'',1,3000,,'',1,7000,,'',1,3000,,'',1,7000,,'',1,3000,,'',1,7000,,'',1,3000,,'',1,7000,,'',1,3000,,'',1,7000,,'',1,10000,,'',1,10000,,'',1,9920,,'',1,10000,,'',1,10000,,'',1,10300,,'',1
'SA',600,63920,,'',1,7100,,'',1,2900,,'',1,7000,,'',1,3000,,'',1,7100,,'',1,3000,,'',1,7000,,'',1,3000,,'',1,7000,,'',1,3000,,'',1,7180,,'',1,3000,,'',1,7000,,'',1,3000,,'',1,7000,,'',1,3000,,'',1,7000,,'',1,3000,,'',1,7000,,'',1,3000,,'',1,7000,,'',1,3000,,'',1,7000,,'',1,3000,,'',1,7000,,'',1,10000,,'',1,10000,,'',1,9920,,'',1,10000,,'',1,10000,,'',1,10300,,'',1
'SE',600,60640,,'',1,3000,,'',1,6860,,'',1,2700,,'',1,7140,,'',1,3800,,'',1,6900,,'',1,4000,,'',1,7000,,'',1,3000,,'',1,7000,,'',1,3000,,'',1,7000,,'',1,3000,,'',1,7000,,'',1,3000,,'',1,6900,,'',1,3090,,'',1,7000,,'',1,3000,,'',1,5500,,'',1,3180,,'',1,7000,,'',1,3120,,'',1,6810,,'',1,4560,,'',1,7000,,'',1,3000,,'',1,7000,,'',1,2920,,'',1,7000,,'',1,9000,,'',1,10000,,'',1,10000,,'',1,10000,,'',1
'SE',5500,161830,0,'Victoria',2,1500,0,'Victoria',2,1500,0,'Victoria',2,5300,0,'Victoria',2,1300,0,'Victoria',2,1300,0,'Victoria',2,1300,0,'Victoria',2,1500,0,'Victoria',2,5200,0,'Victoria',2,2000,0,'Victoria',2,2000,0,'Victoria',2
'SE',50000,155640,,'',2
'SE',60600,165550,,'',2
'SE',65001,82810,,'',2
