'DI',1600,53800,4,'',2,10000,4,'',2,7000,4,'',2,3000,4,'',2,7000,4,'',2,3000,4,'',2,7000,4,'',2,3000,4,'',2,7000,4,'',2,3000,4,'',2,7000,4,'',2,3000,4,'',2,6800,4,'',2,3200,4,'',2,7300,4,'',2,2700,4,'',2,7000,4,'',2,3000,4,'',2,7000,4,'',2,3000,4,'',2,7000,4,'',2,3000,4,'',2,7000,4,'',2,3000,4,'',2,7100,4,'',2,2900,4,'',2,10000,4,'',2,10000,4,'',2,10000,4,'',2,10000,4,'',2,10000,4,'',2,10000,4,'',2,10000,4,'',2
'DI',1601,53800,,'',2,10000,,'',2,7000,,'',2,3000,,'',2,7000,,'',2,3000,,'',2,7000,,'',2,3000,,'',2,7000,,'',2,3000,,'',2,7000,,'',2,3000,,'',2,6800,,'',2,3200,,'',2,7300,,'',2,2700,,'',2,7000,,'',2,3000,,'',2,7000,,'',2,3000,,'',2,7000,,'',2,3000,,'',2,7000,,'',2,3000,,'',2,10000,,'',2,10000,,'',2,10000,,'',2,10000,,'',2,10000,,'',2,10000,,'',2,10000,,'',2
'F1',1600,53800,4,'',2,10000,4,'',2,7000,4,'',2,3000,4,'',2,7000,4,'',2,3000,4,'',2,7000,4,'',2,3000,4,'',2,7000,4,'',2,3000,4,'',2,7000,4,'',2,3000,4,'',2,6800,4,'',2,3200,4,'',2,7300,4,'',2,2700,4,'',2,7000,4,'',2,3000,4,'',2,7000,4,'',2,3000,4,'',2,7000,4,'',2,3000,4,'',2,7000,4,'',2,3000,4,'',2,7100,4,'',2,2900,4,'',2,10000,4,'',2,10000,4,'',2,10000,4,'',2,10000,4,'',2,10000,4,'',2,10000,4,'',2,10000,4,'',2
'F1',1601,53800,,'',2,10000,,'',2,7000,,'',2,3000,,'',2,7000,,'',2,3000,,'',2,7000,,'',2,3000,,'',2,7000,,'',2,3000,,'',2,7000,,'',2,3000,,'',2,6800,,'',2,3200,,'',2,7300,,'',2,2700,,'',2,7000,,'',2,3000,,'',2,7000,,'',2,3000,,'',2,7000,,'',2,3000,,'',2,7000,,'',2,3000,,'',2,10000,,'',2,10000,,'',2,10000,,'',2,10000,,'',2,10000,,'',2,10000,,'',2,10000,,'',2
'F2',1600,53800,4,'',2,10000,4,'',2,6800,4,'',2,3200,4,'',2,7000,4,'',2,3000,4,'',2,7000,4,'',2,3000,4,'',2,7000,4,'',2,3000,4,'',2,7000,4,'',2,3000,4,'',2,7000,4,'',2,3000,4,'',2,7000,4,'',2,3000,4,'',2,7000,4,'',2,3000,4,'',2,7000,4,'',2,3000,4,'',2,7000,4,'',2,3000,4,'',2,6700,4,'',2,3300,4,'',2,7500,4,'',2,2500,4,'',2,10000,4,'',2,10000,4,'',2,10000,4,'',2,10000,4,'',2,10000,4,'',2,10000,4,'',2,10000,4,'',2
'F2',1601,53800,,'',2,10000,,'',2,6800,,'',2,3200,,'',2,7000,,'',2,3000,,'',2,7000,,'',2,3000,,'',2,7000,,'',2,3000,,'',2,7000,,'',2,3000,,'',2,7000,,'',2,3000,,'',2,7000,,'',2,3000,,'',2,7000,,'',2,3000,,'',2,7000,,'',2,3000,,'',2,7000,,'',2,3000,,'',2,6700,,'',2,3300,,'',2,10000,,'',2,10000,,'',2,10000,,'',2,10000,,'',2,10000,,'',2,10000,,'',2,10000,,'',2
'F3',1600,53800,4,'',2,10000,4,'',2,6800,4,'',2,3200,4,'',2,7000,4,'',2,3000,4,'',2,7000,4,'',2,3000,4,'',2,7000,4,'',2,3000,4,'',2,7000,4,'',2,3000,4,'',2,7000,4,'',2,3000,4,'',2,7000,4,'',2,3000,4,'',2,7000,4,'',2,3000,4,'',2,7000,4,'',2,3000,4,'',2,7000,4,'',2,3000,4,'',2,6700,4,'',2,3300,4,'',2,7500,4,'',2,2500,4,'',2,10000,4,'',2,10000,4,'',2,10000,4,'',2,10000,4,'',2,10000,4,'',2,10000,4,'',2,10000,4,'',2
'F3',1601,53800,,'',2,10000,,'',2,6800,,'',2,3200,,'',2,7000,,'',2,3000,,'',2,7000,,'',2,3000,,'',2,7000,,'',2,3000,,'',2,7000,,'',2,3000,,'',2,7000,,'',2,3000,,'',2,7000,,'',2,3000,,'',2,7000,,'',2,3000,,'',2,7000,,'',2,3000,,'',2,7000,,'',2,3000,,'',2,6700,,'',2,3300,,'',2,10000,,'',2,10000,,'',2,10000,,'',2,10000,,'',2,10000,,'',2,10000,,'',2,10000,,'',2
'SA',1600,53800,4,'',2,10000,4,'',2,6800,4,'',2,3200,4,'',2,7000,4,'',2,3000,4,'',2,7000,4,'',2,3000,4,'',2,7000,4,'',2,3000,4,'',2,7000,4,'',2,3000,4,'',2,7000,4,'',2,3000,4,'',2,7000,4,'',2,3000,4,'',2,7000,4,'',2,3000,4,'',2,7000,4,'',2,3000,4,'',2,7000,4,'',2,3000,4,'',2,6700,4,'',2,3300,4,'',2,7500,4,'',2,2500,4,'',2,10000,4,'',2,10000,4,'',2,10000,4,'',2,10000,4,'',2,10000,4,'',2,10000,4,'',2,10000,4,'',2
'SA',1601,53800,,'',2,10000,,'',2,6800,,'',2,3200,,'',2,7000,,'',2,3000,,'',2,7000,,'',2,3000,,'',2,7000,,'',2,3000,,'',2,7000,,'',2,3000,,'',2,7000,,'',2,3000,,'',2,7000,,'',2,3000,,'',2,7000,,'',2,3000,,'',2,7000,,'',2,3000,,'',2,7000,,'',2,3000,,'',2,6700,,'',2,3300,,'',2,10000,,'',2,10000,,'',2,10000,,'',2,10000,,'',2,10000,,'',2,10000,,'',2,10000,,'',2
'SE',1600,50700,4,'',2,3000,4,'',2,1500,4,'',2,5600,4,'',2,1500,4,'',2,1400,4,'',2,1200,4,'',2,900,4,'',2,4800,4,'',2,800,4,'',2,500,4,'',2,500,4,'',2,500,4,'',2,500,4,'',2,600,4,'',2,1100,4,'',2,5000,4,'',2,1000,4,'',2,900,4,'',2,1300,4,'',2,1300,4,'',2,5600,4,'',2,3600,4,'',2,7000,4,'',2,3000,4,'',2,7000,4,'',2,3000,4,'',2,7000,4,'',2,3000,4,'',2,7000,4,'',2,3000,4,'',2,7000,4,'',2,3000,4,'',2,1900,4,'',2,5800,4,'',2,1500,4,'',2,1500,4,'',2,5500,4,'',2,1600,4,'',2,1200,4,'',2,1200,4,'',2,1200,4,'',2,5200,4,'',2,1200,4,'',2,1200,4,'',2,1200,4,'',2,1200,4,'',2,5100,4,'',2,1300,4,'',2,1400,4,'',2,2000,4,'',2,6000,4,'',2,2800,4,'',2,7000,4,'',2,2900,4,'',2,7000,4,'',2,3000,4,'',2,7000,4,'',2,3000,4,'',2,10000,4,'',2,10000,4,'',2,10000,4,'',2
'SE',1601,50700,,'',2,3000,,'',2,1500,,'',2,5600,,'',2,1500,,'',2,1400,,'',2,1200,,'',2,900,,'',2,4800,,'',2,800,,'',2,500,,'',2,500,,'',2,500,,'',2,500,,'',2,600,,'',2,1100,,'',2,5000,,'',2,1000,,'',2,900,,'',2,1300,,'',2,1300,,'',2,5600,,'',2,3600,,'',2,7000,,'',2,3000,,'',2,7000,,'',2,3000,,'',2,7000,,'',2,3000,,'',2,7000,,'',2,3000,,'',2,7000,,'',2,3000,,'',2,1900,,'',2,5800,,'',2,1500,,'',2,1500,,'',2,5500,,'',2,1600,,'',2,1200,,'',2,1200,,'',2,1200,,'',2,5200,,'',2,1200,,'',2,2400,,'',2,6300,,'',2,2700,,'',2,8000,,'',2,2800,,'',2,7000,,'',2,2900,,'',2,7000,,'',2,3000,,'',2,10000,,'',2,10000,,'',2,10000,,'',2
'SE',61600,150900,4,'',2,100,4,'',2
