'DI',8100,70900,4,'',2,10000,4,'',2,10300,4,'',2,10000,4,'',2,10000,4,'',2,10000,4,'',2,10000,4,'',2,10000,4,'',2,10000,4,'',2,10000,4,'',2,10000,4,'',2,10000,4,'',2,10000,4,'',2,10000,4,'',2,10000,4,'',2,10000,4,'',2,10000,4,'',2,10000,4,'',2,10000,4,'',2
'DI',8101,60900,0,'Fort-St-Louis',2,10000,0,'Fort-St-Louis',2,10000,0,'Fort-St-Louis',2,10300,0,'Fort-St-Louis',2,10000,0,'Fort-St-Louis',2,10000,0,'Fort-St-Louis',2,10000,0,'Fort-St-Louis',2,10000,0,'Fort-St-Louis',2,10000,0,'Fort-St-Louis',2,10000,0,'Fort-St-Louis',2,10000,0,'Fort-St-Louis',2,10000,0,'Fort-St-Louis',2,10000,0,'Fort-St-Louis',2,10000,0,'Fort-St-Louis',2,10000,0,'Fort-St-Louis',2,10000,0,'Fort-St-Louis',2,10000,0,'Fort-St-Louis',2,10000,0,'Fort-St-Louis',2,10000,0,'Fort-St-Louis',2,10000,0,'Fort-St-Louis',2
'F1',8100,70900,4,'',2,10000,4,'',2,10300,4,'',2,10000,4,'',2,10000,4,'',2,10000,4,'',2,10000,4,'',2,10000,4,'',2,10000,4,'',2,10000,4,'',2,10000,4,'',2,10000,4,'',2,10000,4,'',2,10000,4,'',2,10000,4,'',2,10000,4,'',2,10000,4,'',2,10000,4,'',2,10000,4,'',2,10000,4,'',2
'F1',8101,60900,0,'Fort-St-Louis',2,10000,0,'Fort-St-Louis',2,10000,0,'Fort-St-Louis',2,10300,0,'Fort-St-Louis',2,10000,0,'Fort-St-Louis',2,10000,0,'Fort-St-Louis',2,10000,0,'Fort-St-Louis',2,10000,0,'Fort-St-Louis',2,10000,0,'Fort-St-Louis',2,10000,0,'Fort-St-Louis',2,10000,0,'Fort-St-Louis',2,10000,0,'Fort-St-Louis',2,10000,0,'Fort-St-Louis',2,10000,0,'Fort-St-Louis',2,10000,0,'Fort-St-Louis',2,10000,0,'Fort-St-Louis',2,10000,0,'Fort-St-Louis',2,10000,0,'Fort-St-Louis',2,10000,0,'Fort-St-Louis',2,10000,0,'Fort-St-Louis',2,10000,0,'Fort-St-Louis',2
'SA',8100,70900,4,'',2,10000,4,'',2,10300,4,'',2,10000,4,'',2,10000,4,'',2,10000,4,'',2,10000,4,'',2,10000,4,'',2,10000,4,'',2,10000,4,'',2,10000,4,'',2,10000,4,'',2,10000,4,'',2,10000,4,'',2,10000,4,'',2,10000,4,'',2,10000,4,'',2,10000,4,'',2,10000,4,'',2,10000,4,'',2
'SA',8101,60900,0,'Fort-St-Louis',2,10000,0,'Fort-St-Louis',2,10000,0,'Fort-St-Louis',2,10300,0,'Fort-St-Louis',2,10000,0,'Fort-St-Louis',2,10000,0,'Fort-St-Louis',2,10000,0,'Fort-St-Louis',2,10000,0,'Fort-St-Louis',2,10000,0,'Fort-St-Louis',2,10000,0,'Fort-St-Louis',2,10000,0,'Fort-St-Louis',2,10000,0,'Fort-St-Louis',2,10000,0,'Fort-St-Louis',2,10000,0,'Fort-St-Louis',2,10000,0,'Fort-St-Louis',2,10000,0,'Fort-St-Louis',2,10000,0,'Fort-St-Louis',2,10000,0,'Fort-St-Louis',2,10000,0,'Fort-St-Louis',2,10000,0,'Fort-St-Louis',2,10000,0,'Fort-St-Louis',2
'SE',8100,63900,4,'',2,7000,4,'',2,3000,4,'',2,7000,4,'',2,3000,4,'',2,7600,4,'',2,9800,4,'',2,10000,4,'',2,10000,4,'',2,10000,4,'',2,10000,4,'',2,10000,4,'',2,3300,4,'',2,7000,4,'',2,3000,4,'',2,7000,4,'',2,3000,4,'',2,7000,4,'',2,3000,4,'',2,6600,4,'',2,10000,4,'',2,10000,4,'',2,10000,4,'',2,10000,4,'',2,10000,4,'',2,10000,4,'',2,10000,4,'',2
'SE',8101,53900,0,'Fort-St-Louis',2,7000,0,'Fort-St-Louis',2,3000,0,'Fort-St-Louis',2,7000,0,'Fort-St-Louis',2,3000,0,'Fort-St-Louis',2,7000,0,'Fort-St-Louis',2,3000,0,'Fort-St-Louis',2,7600,0,'Fort-St-Louis',2,9800,0,'Fort-St-Louis',2,10000,0,'Fort-St-Louis',2,10000,0,'Fort-St-Louis',2,10000,0,'Fort-St-Louis',2,10000,0,'Fort-St-Louis',2,10000,0,'Fort-St-Louis',2,3300,0,'Fort-St-Louis',2,7000,0,'Fort-St-Louis',2,3000,0,'Fort-St-Louis',2,7000,0,'Fort-St-Louis',2,3000,0,'Fort-St-Louis',2,7000,0,'Fort-St-Louis',2,3000,0,'Fort-St-Louis',2,6600,0,'Fort-St-Louis',2,10000,0,'Fort-St-Louis',2,10000,0,'Fort-St-Louis',2,10000,0,'Fort-St-Louis',2,10000,0,'Fort-St-Louis',2,10000,0,'Fort-St-Louis',2,10000,0,'Fort-St-Louis',2,10000,0,'Fort-St-Louis',2
'DI',8300,71100,4,'',2,10000,4,'',2,10800,4,'',2,10000,4,'',2,10000,4,'',2,10000,4,'',2,10000,4,'',2,10000,4,'',2,10000,4,'',2,10000,4,'',2,10000,4,'',2,10000,4,'',2,10000,4,'',2,10000,4,'',2,10000,4,'',2,10000,4,'',2,10000,4,'',2,10000,4,'',2
'DI',8301,71100,0,'Montarville',2,10000,0,'Montarville',2,10800,0,'Montarville',2,10000,0,'Montarville',2,10000,0,'Montarville',2,10000,0,'Montarville',2,10000,0,'Montarville',2,10000,0,'Montarville',2,10000,0,'Montarville',2,10000,0,'Montarville',2,10000,0,'Montarville',2,10000,0,'Montarville',2,10000,0,'Montarville',2,10000,0,'Montarville',2,10000,0,'Montarville',2,10000,0,'Montarville',2,10000,0,'Montarville',2,10000,0,'Montarville',2
'F1',8300,61100,4,'',2,10000,4,'',2,10000,4,'',2,10800,4,'',2,10000,4,'',2,10000,4,'',2,10000,4,'',2,10000,4,'',2,10000,4,'',2,10000,4,'',2,10000,4,'',2,10000,4,'',2,10000,4,'',2,10000,4,'',2,10000,4,'',2,10000,4,'',2,10000,4,'',2,10000,4,'',2,10000,4,'',2,10000,4,'',2
'F1',8301,61100,0,'Montarville',2,10000,0,'Montarville',2,10000,0,'Montarville',2,10800,0,'Montarville',2,10000,0,'Montarville',2,10000,0,'Montarville',2,10000,0,'Montarville',2,10000,0,'Montarville',2,10000,0,'Montarville',2,10000,0,'Montarville',2,10000,0,'Montarville',2,10000,0,'Montarville',2,10000,0,'Montarville',2,10000,0,'Montarville',2,10000,0,'Montarville',2,10000,0,'Montarville',2,10000,0,'Montarville',2,10000,0,'Montarville',2,10000,0,'Montarville',2,10000,0,'Montarville',2
'SA',8300,61100,4,'',2,10000,4,'',2,10000,4,'',2,10800,4,'',2,10000,4,'',2,10000,4,'',2,10000,4,'',2,10000,4,'',2,10000,4,'',2,10000,4,'',2,10000,4,'',2,10000,4,'',2,10000,4,'',2,10000,4,'',2,10000,4,'',2,10000,4,'',2,10000,4,'',2,10000,4,'',2,10000,4,'',2,10000,4,'',2
'SA',8301,61100,0,'Montarville',2,10000,0,'Montarville',2,10000,0,'Montarville',2,10800,0,'Montarville',2,10000,0,'Montarville',2,10000,0,'Montarville',2,10000,0,'Montarville',2,10000,0,'Montarville',2,10000,0,'Montarville',2,10000,0,'Montarville',2,10000,0,'Montarville',2,10000,0,'Montarville',2,10000,0,'Montarville',2,10000,0,'Montarville',2,10000,0,'Montarville',2,10000,0,'Montarville',2,10000,0,'Montarville',2,10000,0,'Montarville',2,10000,0,'Montarville',2,10000,0,'Montarville',2
'SE',8300,60400,4,'',2,2000,4,'',2,2000,4,'',2,6000,4,'',2,2000,4,'',2,2000,4,'',2,6000,4,'',2,2000,4,'',2,2300,4,'',2,7100,4,'',2,2000,4,'',2,8000,4,'',2,10000,4,'',2,10000,4,'',2,10000,4,'',2,10000,4,'',2,10100,4,'',2,2000,4,'',2,2000,4,'',2,6000,4,'',2,2000,4,'',2,2000,4,'',2,6000,4,'',2,2000,4,'',2,2000,4,'',2,6000,4,'',2,2000,4,'',2,8000,4,'',2,10000,4,'',2,10000,4,'',2,10000,4,'',2,10000,4,'',2,10000,4,'',2,10000,4,'',2
'SE',8301,53400,0,'Montarville',2,7000,0,'Montarville',2,2000,0,'Montarville',2,2000,0,'Montarville',2,6000,0,'Montarville',2,2000,0,'Montarville',2,2000,0,'Montarville',2,6000,0,'Montarville',2,2000,0,'Montarville',2,2300,0,'Montarville',2,7100,0,'Montarville',2,2000,0,'Montarville',2,8000,0,'Montarville',2,10000,0,'Montarville',2,10000,0,'Montarville',2,10000,0,'Montarville',2,10000,0,'Montarville',2,10100,0,'Montarville',2,2000,0,'Montarville',2,2000,0,'Montarville',2,6000,0,'Montarville',2,2000,0,'Montarville',2,2000,0,'Montarville',2,6000,0,'Montarville',2,2000,0,'Montarville',2,2000,0,'Montarville',2,6000,0,'Montarville',2,2000,0,'Montarville',2,8000,0,'Montarville',2,10000,0,'Montarville',2,10000,0,'Montarville',2,10000,0,'Montarville',2,10000,0,'Montarville',2,10000,0,'Montarville',2,10000,0,'Montarville',2
'SE',8400,71800,4,'',2,2000,4,'',2,2000,4,'',2,6000,4,'',2,2000,4,'',2,6600,4,'',2,4700,4,'',2,10000,4,'',2,10000,4,'',2,10000,4,'',2,10000,4,'',2,10000,4,'',2,7800,4,'',2,2000,4,'',2,6000,4,'',2,2000,4,'',2,2000,4,'',2,6000,4,'',2,2000,4,'',2,2000,4,'',2,6000,4,'',2,2000,4,'',2,2000,4,'',2,10000,4,'',2,10000,4,'',2,10000,4,'',2,10000,4,'',2,10000,4,'',2,10000,4,'',2
'SE',8401,61800,0,'Montarville',2,2000,0,'Montarville',2,2000,0,'Montarville',2,6000,0,'Montarville',2,2000,0,'Montarville',2,2000,0,'Montarville',2,6000,0,'Montarville',2,2000,0,'Montarville',2,6600,0,'Montarville',2,4700,0,'Montarville',2,10000,0,'Montarville',2,10000,0,'Montarville',2,10000,0,'Montarville',2,10000,0,'Montarville',2,9500,0,'Montarville',2,500,0,'Montarville',2,7800,0,'Montarville',2,2000,0,'Montarville',2,6000,0,'Montarville',2,2000,0,'Montarville',2,2000,0,'Montarville',2,6000,0,'Montarville',2,2000,0,'Montarville',2,2000,0,'Montarville',2,6000,0,'Montarville',2,2000,0,'Montarville',2,2000,0,'Montarville',2,10000,0,'Montarville',2,10000,0,'Montarville',2,10000,0,'Montarville',2,10000,0,'Montarville',2,10000,0,'Montarville',2,10000,0,'Montarville',2
'SE',68300,163240,,'',2
'F1',88900,60700,,'',2,1700,,'',2,3200,,'',2,5700,,'',2,1200,,'',2,2900,,'',2,5800,,'',2,2300,,'',2,6500,,'',2,44600,,'',2,7100,,'',2,3600,,'',2,6600,,'',2,600,,'',2,2300,,'',2,6700,,'',2,1700,,'',2,2000,,'',2,6500,,'',2,900,,'',2,7700,,'',2,1600,,'',2,600,,'',2,12200,,'',2,16600,,'',2,10000,,'',2,10000,,'',2,10000,,'',2
'SE',88900,60700,,'',2,1700,,'',2,3200,,'',2,5700,,'',2,1200,,'',2,2900,,'',2,5800,,'',2,2300,,'',2,6500,,'',2,44600,,'',2,7100,,'',2,3600,,'',2,6600,,'',2,600,,'',2,2300,,'',2,6700,,'',2,1700,,'',2,2000,,'',2,6500,,'',2,900,,'',2,7700,,'',2,1600,,'',2,600,,'',2,12200,,'',2,16600,,'',2,10000,,'',2,10000,,'',2,10000,,'',2
