'DI',100,65530,0,'Windsor',1,10000,0,'Windsor',1,10000,0,'Windsor',1,10000,0,'Windsor',1,10000,0,'Windsor',1,10000,0,'Windsor',1,10000,0,'Windsor',1,10100,0,'Windsor',1,10000,0,'Windsor',1,10000,0,'Windsor',1,10000,0,'Windsor',1,10000,0,'Windsor',1,10000,0,'Windsor',1,10000,0,'Windsor',1,10000,0,'Windsor',1,10000,0,'Windsor',1,10000,0,'Windsor',1,10000,0,'Windsor',1,10000,0,'Windsor',1
'F1',100,62530,0,'Windsor',1,3000,0,'Windsor',1,7000,0,'Windsor',1,3000,0,'Windsor',1,7000,0,'Windsor',1,3000,0,'Windsor',1,7000,0,'Windsor',1,3000,0,'Windsor',1,7000,0,'Windsor',1,3000,0,'Windsor',1,7000,0,'Windsor',1,3000,0,'Windsor',1,7000,0,'Windsor',1,3000,0,'Windsor',1,7100,0,'Windsor',1,3000,0,'Windsor',1,7000,0,'Windsor',1,3000,0,'Windsor',1,7000,0,'Windsor',1,3000,0,'Windsor',1,7000,0,'Windsor',1,3000,0,'Windsor',1,7000,0,'Windsor',1,3000,0,'Windsor',1,7000,0,'Windsor',1,3000,0,'Windsor',1,10000,0,'Windsor',1,10000,0,'Windsor',1,10000,0,'Windsor',1,10000,0,'Windsor',1,10000,0,'Windsor',1,10000,0,'Windsor',1,10300,0,'Windsor',1
'SA',100,62530,0,'Windsor',1,3000,0,'Windsor',1,7000,0,'Windsor',1,3000,0,'Windsor',1,7000,0,'Windsor',1,3000,0,'Windsor',1,7000,0,'Windsor',1,3000,0,'Windsor',1,7000,0,'Windsor',1,3000,0,'Windsor',1,7000,0,'Windsor',1,3000,0,'Windsor',1,7000,0,'Windsor',1,3000,0,'Windsor',1,7100,0,'Windsor',1,3000,0,'Windsor',1,7000,0,'Windsor',1,3000,0,'Windsor',1,7000,0,'Windsor',1,3000,0,'Windsor',1,7000,0,'Windsor',1,3000,0,'Windsor',1,7000,0,'Windsor',1,3000,0,'Windsor',1,7000,0,'Windsor',1,3000,0,'Windsor',1,10000,0,'Windsor',1,10000,0,'Windsor',1,10000,0,'Windsor',1,10000,0,'Windsor',1,10000,0,'Windsor',1,10000,0,'Windsor',1,10300,0,'Windsor',1
'SE',100,55800,0,'Windsor',1,6000,0,'Windsor',1,1500,0,'Windsor',1,2400,0,'Windsor',1,5200,0,'Windsor',1,1700,0,'Windsor',1,1600,0,'Windsor',1,1700,0,'Windsor',1,5700,0,'Windsor',1,2800,0,'Windsor',1,7000,0,'Windsor',1,2830,0,'Windsor',1,7000,0,'Windsor',1,3000,0,'Windsor',1,7000,0,'Windsor',1,3000,0,'Windsor',1,7170,0,'Windsor',1,3000,0,'Windsor',1,7000,0,'Windsor',1,3000,0,'Windsor',1,7000,0,'Windsor',1,3000,0,'Windsor',1,7030,0,'Windsor',1,3000,0,'Windsor',1,6000,0,'Windsor',1,2000,0,'Windsor',1,2400,0,'Windsor',1,6000,0,'Windsor',1,1800,0,'Windsor',1,1770,0,'Windsor',1,6000,0,'Windsor',1,2000,0,'Windsor',1,2000,0,'Windsor',1,6900,0,'Windsor',1,3000,0,'Windsor',1,7000,0,'Windsor',1,2930,0,'Windsor',1,7000,0,'Windsor',1,3000,0,'Windsor',1,7100,0,'Windsor',1,3000,0,'Windsor',1,9900,0,'Windsor',1,10000,0,'Windsor',1,9870,0,'Windsor',1
'DI',600,63950,,'',1,7000,,'',1,3000,,'',1,6900,,'',1,3000,,'',1,7100,,'',1,3000,,'',1,7000,,'',1,3000,,'',1,7000,,'',1,3000,,'',1,7170,,'',1,3000,,'',1,7000,,'',1,3000,,'',1,7000,,'',1,3000,,'',1,7000,,'',1,3000,,'',1,7000,,'',1,3000,,'',1,7000,,'',1,3000,,'',1,6800,,'',1,3030,,'',1,7000,,'',1,10000,,'',1,10000,,'',1,9960,,'',1,10000,,'',1,10000,,'',1,10300,,'',1
'F1',600,63850,,'',1,7100,,'',1,2900,,'',1,7000,,'',1,3000,,'',1,7100,,'',1,3000,,'',1,7000,,'',1,3000,,'',1,7000,,'',1,3000,,'',1,7170,,'',1,3000,,'',1,7000,,'',1,3000,,'',1,7000,,'',1,3000,,'',1,7000,,'',1,3000,,'',1,7000,,'',1,3000,,'',1,7000,,'',1,3000,,'',1,7000,,'',1,3000,,'',1,7000,,'',1,10000,,'',1,10000,,'',1,9930,,'',1,10000,,'',1,10000,,'',1,10300,,'',1
'SA',600,63850,,'',1,7100,,'',1,2900,,'',1,7000,,'',1,3000,,'',1,7100,,'',1,3000,,'',1,7000,,'',1,3000,,'',1,7000,,'',1,3000,,'',1,7170,,'',1,3000,,'',1,7000,,'',1,3000,,'',1,7000,,'',1,3000,,'',1,7000,,'',1,3000,,'',1,7000,,'',1,3000,,'',1,7000,,'',1,3000,,'',1,7000,,'',1,3000,,'',1,7000,,'',1,10000,,'',1,10000,,'',1,9930,,'',1,10000,,'',1,10000,,'',1,10300,,'',1
'SE',600,60610,,'',1,3000,,'',1,6810,,'',1,2700,,'',1,7180,,'',1,3800,,'',1,6900,,'',1,4000,,'',1,7000,,'',1,3000,,'',1,7000,,'',1,3000,,'',1,7000,,'',1,3000,,'',1,7000,,'',1,3000,,'',1,6900,,'',1,3030,,'',1,7000,,'',1,3000,,'',1,5500,,'',1,3180,,'',1,7000,,'',1,3120,,'',1,6870,,'',1,4520,,'',1,7000,,'',1,3000,,'',1,7000,,'',1,2930,,'',1,7000,,'',1,9000,,'',1,10000,,'',1,10000,,'',1,10000,,'',1
'SE',5500,161740,0,'Victoria',2,1500,0,'Victoria',2,1500,0,'Victoria',2,5300,0,'Victoria',2,1300,0,'Victoria',2,1300,0,'Victoria',2,1300,0,'Victoria',2,1500,0,'Victoria',2,5200,0,'Victoria',2,2000,0,'Victoria',2,2000,0,'Victoria',2
'SE',60600,165450,,'',2
'SE',65001,82730,,'',2
