'DI',2500,65100,0,'Parcs Inds',2
'DI',2501,162100,4,'',2
'F1',2500,64900,0,'Parcs Inds',2
'F1',2501,162100,4,'',2
'SA',2500,65100,0,'Parcs Inds',2
'SA',2501,162100,4,'',2
'SE',2500,51300,0,'Parcs Inds',2,3000,0,'Parcs Inds',2,6900,0,'Parcs Inds',2,2000,0,'Parcs Inds',2,2000,0,'Parcs Inds',2,6000,0,'Parcs Inds',2,3000,0,'Parcs Inds',2,6800,0,'Parcs Inds',2,3400,0,'Parcs Inds',2,7000,0,'Parcs Inds',2,43000,0,'Parcs Inds',2,7000,0,'Parcs Inds',2,3000,0,'Parcs Inds',2,1100,0,'Parcs Inds',2,5900,0,'Parcs Inds',2,3000,0,'Parcs Inds',2,7000,0,'Parcs Inds',2,3000,0,'Parcs Inds',2,7000,0,'Parcs Inds',2,3000,0,'Parcs Inds',2,7000,0,'Parcs Inds',2,3000,0,'Parcs Inds',2,37500,0,'Parcs Inds',2,8500,0,'Parcs Inds',2,1500,0,'Parcs Inds',2,8500,0,'Parcs Inds',2
'SE',2501,53500,4,'',2,7000,4,'',2,2300,4,'',2,7400,4,'',2,3300,4,'',2,7200,4,'',2,2600,4,'',2,6800,4,'',2,2500,4,'',2,50900,4,'',2,7000,4,'',2,3000,4,'',2,7300,4,'',2,2000,4,'',2,1300,4,'',2,1100,4,'',2,5500,4,'',2,1300,4,'',2,1800,4,'',2,6500,4,'',2,2700,4,'',2,7000,4,'',2,10000,4,'',2,34500,4,'',2,8700,4,'',2,1300,4,'',2,7500,4,'',2
'DI',8000,62000,0,'Montarville',1,10000,0,'Montarville',1,10000,0,'Montarville',1,10000,0,'Montarville',1,10000,0,'Montarville',1,10000,0,'Montarville',1,10000,0,'Montarville',1,10000,0,'Montarville',1,10000,0,'Montarville',1,10000,0,'Montarville',1,10000,0,'Montarville',1,10000,0,'Montarville',1,10000,0,'Montarville',1,10000,0,'Montarville',1,10000,0,'Montarville',1,10000,0,'Montarville',1,10000,0,'Montarville',1,10000,0,'Montarville',1,10000,0,'Montarville',1
'DI',8001,71100,4,'',1,10000,4,'',1,10000,4,'',1,10000,4,'',1,10000,4,'',1,10000,4,'',1,10000,4,'',1,10000,4,'',1,10000,4,'',1,10000,4,'',1,10000,4,'',1,10200,4,'',1,9800,4,'',1,10000,4,'',1,10000,4,'',1,10000,4,'',1,10000,4,'',1,10000,4,'',1
'F1',8000,55000,0,'Montarville',1,7000,0,'Montarville',1,3000,0,'Montarville',1,5500,0,'Montarville',1,1500,0,'Montarville',1,1500,0,'Montarville',1,1500,0,'Montarville',1,5500,0,'Montarville',1,1500,0,'Montarville',1,10000,0,'Montarville',1,10000,0,'Montarville',1,10000,0,'Montarville',1,10000,0,'Montarville',1,10000,0,'Montarville',1,10000,0,'Montarville',1,10000,0,'Montarville',1,3000,0,'Montarville',1,5500,0,'Montarville',1,1500,0,'Montarville',1,1500,0,'Montarville',1,1500,0,'Montarville',1,5500,0,'Montarville',1,1500,0,'Montarville',1,1500,0,'Montarville',1,1500,0,'Montarville',1,5500,0,'Montarville',1,1500,0,'Montarville',1,10000,0,'Montarville',1,10000,0,'Montarville',1,10000,0,'Montarville',1,10000,0,'Montarville',1,10000,0,'Montarville',1,10000,0,'Montarville',1
'F1',8001,61000,4,'',1,3000,4,'',1,1500,4,'',1,5500,4,'',1,1500,4,'',1,1500,4,'',1,1500,4,'',1,5500,4,'',1,1500,4,'',1,1500,4,'',1,1500,4,'',1,5500,4,'',1,10000,4,'',1,10000,4,'',1,10300,4,'',1,10000,4,'',1,10000,4,'',1,10000,4,'',1,10000,4,'',1,3000,4,'',1,1500,4,'',1,5500,4,'',1,1500,4,'',1,1500,4,'',1,1500,4,'',1,5500,4,'',1,3000,4,'',1,6600,4,'',1,10000,4,'',1,10000,4,'',1,10000,4,'',1,10000,4,'',1,10000,4,'',1
'SA',8000,62000,0,'Montarville',1,10000,0,'Montarville',1,10000,0,'Montarville',1,10000,0,'Montarville',1,10000,0,'Montarville',1,10000,0,'Montarville',1,10000,0,'Montarville',1,10000,0,'Montarville',1,10000,0,'Montarville',1,10000,0,'Montarville',1,10000,0,'Montarville',1,10000,0,'Montarville',1,10000,0,'Montarville',1,10000,0,'Montarville',1,10000,0,'Montarville',1,10000,0,'Montarville',1,10000,0,'Montarville',1,10000,0,'Montarville',1,10000,0,'Montarville',1
'SA',8001,71000,4,'',1,10000,4,'',1,10000,4,'',1,10000,4,'',1,10000,4,'',1,10300,4,'',1,10000,4,'',1,10000,4,'',1,10000,4,'',1,10000,4,'',1,10000,4,'',1,10000,4,'',1,9600,4,'',1,10000,4,'',1,10000,4,'',1,10000,4,'',1,10000,4,'',1,10000,4,'',1
'SE',8000,54600,0,'Montarville',1,7600,0,'Montarville',1,2900,0,'Montarville',1,6800,0,'Montarville',1,3000,0,'Montarville',1,7300,0,'Montarville',1,9800,0,'Montarville',1,10000,0,'Montarville',1,10000,0,'Montarville',1,10000,0,'Montarville',1,10000,0,'Montarville',1,10000,0,'Montarville',1,10000,0,'Montarville',1,2500,0,'Montarville',1,7000,0,'Montarville',1,3000,0,'Montarville',1,6500,0,'Montarville',1,9000,0,'Montarville',1,10000,0,'Montarville',1,10000,0,'Montarville',1,10000,0,'Montarville',1,10000,0,'Montarville',1,10000,0,'Montarville',1,10000,0,'Montarville',1
'SE',8001,60800,4,'',1,3000,4,'',1,7700,4,'',1,3100,4,'',1,7000,4,'',1,3000,4,'',1,7000,4,'',1,9700,4,'',1,10000,4,'',1,10000,4,'',1,10000,4,'',1,10000,4,'',1,10000,4,'',1,10200,4,'',1,2500,4,'',1,7100,4,'',1,3000,4,'',1,6500,4,'',1,4800,4,'',1,9400,4,'',1,10000,4,'',1,9900,4,'',1,10000,4,'',1,10000,4,'',1
'DI',8100,64700,,'',2,10000,,'',2,10300,,'',2,10000,,'',2,10000,,'',2,10000,,'',2,10000,,'',2,10000,,'',2,10000,,'',2,10000,,'',2,10000,,'',2,10000,,'',2,10000,,'',2,10000,,'',2,10000,,'',2,10000,,'',2,10000,,'',2,10000,,'',2,10000,,'',2
'DI',8101,65500,4,'',2,10000,4,'',2,10000,4,'',2,10300,4,'',2,10000,4,'',2,10000,4,'',2,10000,4,'',2,10000,4,'',2,10000,4,'',2,10000,4,'',2,10000,4,'',2,10000,4,'',2,10000,4,'',2,10000,4,'',2,10000,4,'',2,10000,4,'',2,10000,4,'',2,10000,4,'',2,10000,4,'',2
'F1',8100,64700,,'',2,10000,,'',2,10300,,'',2,10000,,'',2,10000,,'',2,10000,,'',2,10000,,'',2,10000,,'',2,10000,,'',2,10000,,'',2,10000,,'',2,10000,,'',2,10000,,'',2,10000,,'',2,10000,,'',2,10000,,'',2,10000,,'',2,10000,,'',2,10000,,'',2,10000,,'',2
'F1',8101,65500,4,'',2,10000,4,'',2,10000,4,'',2,10300,4,'',2,10000,4,'',2,10000,4,'',2,10000,4,'',2,10000,4,'',2,10000,4,'',2,10000,4,'',2,10000,4,'',2,10000,4,'',2,10000,4,'',2,10000,4,'',2,10000,4,'',2,10000,4,'',2,10000,4,'',2,10000,4,'',2,10000,4,'',2,10000,4,'',2
'SA',8100,64700,,'',2,10000,,'',2,10300,,'',2,10000,,'',2,10000,,'',2,10000,,'',2,10000,,'',2,10000,,'',2,10000,,'',2,10000,,'',2,10000,,'',2,10000,,'',2,10000,,'',2,10000,,'',2,10000,,'',2,10000,,'',2,10000,,'',2,10000,,'',2,10000,,'',2,10000,,'',2
'SA',8101,65500,4,'',2,10000,4,'',2,10000,4,'',2,10300,4,'',2,10000,4,'',2,10000,4,'',2,10000,4,'',2,10000,4,'',2,10000,4,'',2,10000,4,'',2,10000,4,'',2,10000,4,'',2,10000,4,'',2,10000,4,'',2,10000,4,'',2,10000,4,'',2,10000,4,'',2,10000,4,'',2,10000,4,'',2,10000,4,'',2
'SE',8100,61600,,'',2,3000,,'',2,6900,,'',2,3000,,'',2,6900,,'',2,3600,,'',2,10000,,'',2,10000,,'',2,10000,,'',2,10000,,'',2,10000,,'',2,10000,,'',2,7000,,'',2,3000,,'',2,7000,,'',2,3000,,'',2,7000,,'',2,3000,,'',2,7000,,'',2,3000,,'',2,10000,,'',2,10000,,'',2,10000,,'',2,10000,,'',2,10000,,'',2,10000,,'',2,10000,,'',2
'SE',8101,62600,4,'',2,3000,4,'',2,7000,4,'',2,3000,4,'',2,7000,4,'',2,3000,4,'',2,7000,4,'',2,7600,4,'',2,9800,4,'',2,10000,4,'',2,10000,4,'',2,10000,4,'',2,10000,4,'',2,10000,4,'',2,3300,4,'',2,6800,4,'',2,3000,4,'',2,7000,4,'',2,3000,4,'',2,7000,4,'',2,3000,4,'',2,2600,4,'',2,10000,4,'',2,10000,4,'',2,10000,4,'',2,10000,4,'',2,10000,4,'',2,10000,4,'',2
'SE',8200,62500,0,'Marie-Victorin',2,3100,0,'Marie-Victorin',2,7000,0,'Marie-Victorin',2,3200,0,'Marie-Victorin',2,6000,0,'Marie-Victorin',2,3000,0,'Marie-Victorin',2,6000,0,'Marie-Victorin',2,62700,0,'Marie-Victorin',2,7000,0,'Marie-Victorin',2,2000,0,'Marie-Victorin',2,3000,0,'Marie-Victorin',2,6500,0,'Marie-Victorin',2,3000,0,'Marie-Victorin',2,7000,0,'Marie-Victorin',2,2500,0,'Marie-Victorin',2
'SE',8201,70900,4,'',2,3300,4,'',2,7000,4,'',2,2900,4,'',2,6000,4,'',2,3000,4,'',2,2000,4,'',2,66800,4,'',2,3000,4,'',2,6000,4,'',2,3000,4,'',2,6500,4,'',2,3000,4,'',2,7000,4,'',2,2500,4,'',2
'DI',8300,70200,,'',2,10000,,'',2,10800,,'',2,10000,,'',2,10000,,'',2,10000,,'',2,10000,,'',2,10000,,'',2,10000,,'',2,10000,,'',2,10000,,'',2,10000,,'',2,10000,,'',2,10000,,'',2,10000,,'',2,10000,,'',2,10000,,'',2,10000,,'',2
'DI',8301,75500,4,'',2,10000,4,'',2,14800,4,'',2,10000,4,'',2,10000,4,'',2,10000,4,'',2,10000,4,'',2,10000,4,'',2,10000,4,'',2,10000,4,'',2,10000,4,'',2,10000,4,'',2,10000,4,'',2,10000,4,'',2,10000,4,'',2,10000,4,'',2,10000,4,'',2
'F1',8300,60200,,'',2,10000,,'',2,10000,,'',2,10800,,'',2,10000,,'',2,10000,,'',2,10000,,'',2,10000,,'',2,10000,,'',2,10000,,'',2,10000,,'',2,10000,,'',2,10000,,'',2,10000,,'',2,10000,,'',2,10000,,'',2,10000,,'',2,10000,,'',2,10000,,'',2,10000,,'',2
'F1',8301,65500,4,'',2,10000,4,'',2,10000,4,'',2,14800,4,'',2,10000,4,'',2,10000,4,'',2,10000,4,'',2,10000,4,'',2,10000,4,'',2,10000,4,'',2,10000,4,'',2,10000,4,'',2,10000,4,'',2,10000,4,'',2,10000,4,'',2,10000,4,'',2,10000,4,'',2,10000,4,'',2,10000,4,'',2
'SA',8300,60200,,'',2,10000,,'',2,10000,,'',2,10800,,'',2,10000,,'',2,10000,,'',2,10000,,'',2,10000,,'',2,10000,,'',2,10000,,'',2,10000,,'',2,10000,,'',2,10000,,'',2,10000,,'',2,10000,,'',2,10000,,'',2,10000,,'',2,10000,,'',2,10000,,'',2,10000,,'',2
'SA',8301,65500,4,'',2,10000,4,'',2,10000,4,'',2,14800,4,'',2,10000,4,'',2,10000,4,'',2,10000,4,'',2,10000,4,'',2,10000,4,'',2,10000,4,'',2,10000,4,'',2,10000,4,'',2,10000,4,'',2,10000,4,'',2,10000,4,'',2,10000,4,'',2,10000,4,'',2,10000,4,'',2,10000,4,'',2
'SE',8300,55500,,'',2,6000,,'',2,2000,,'',2,2000,,'',2,6000,,'',2,2000,,'',2,2000,,'',2,6000,,'',2,2300,,'',2,7100,,'',2,2000,,'',2,8000,,'',2,10000,,'',2,10000,,'',2,10000,,'',2,10000,,'',2,10100,,'',2,2000,,'',2,2000,,'',2,6000,,'',2,2000,,'',2,2000,,'',2,6000,,'',2,2000,,'',2,2000,,'',2,6000,,'',2,2000,,'',2,8000,,'',2,10000,,'',2,10000,,'',2,10000,,'',2,10000,,'',2,10000,,'',2,10000,,'',2
'SE',8301,62200,4,'',2,3000,4,'',2,6300,4,'',2,2000,4,'',2,2000,4,'',2,6000,4,'',2,2000,4,'',2,2000,4,'',2,6000,4,'',2,1900,4,'',2,7100,4,'',2,2000,4,'',2,8000,4,'',2,10000,4,'',2,10000,4,'',2,10000,4,'',2,10000,4,'',2,10100,4,'',2,2000,4,'',2,2000,4,'',2,6200,4,'',2,2000,4,'',2,2000,4,'',2,6000,4,'',2,2000,4,'',2,1600,4,'',2,6000,4,'',2,2000,4,'',2,8000,4,'',2,10000,4,'',2,10000,4,'',2,10000,4,'',2,10000,4,'',2,10000,4,'',2
'SE',8400,70900,,'',2,2000,,'',2,2000,,'',2,6000,,'',2,2000,,'',2,2600,,'',2,8700,,'',2,10000,,'',2,10000,,'',2,10000,,'',2,10000,,'',2,10000,,'',2,7800,,'',2,2000,,'',2,6000,,'',2,2000,,'',2,2000,,'',2,6000,,'',2,2000,,'',2,2000,,'',2,6000,,'',2,2000,,'',2,2000,,'',2,10000,,'',2,10000,,'',2,10000,,'',2,10000,,'',2,10000,,'',2,10000,,'',2
'SE',8401,70500,4,'',2,2000,4,'',2,2000,4,'',2,6000,4,'',2,2000,4,'',2,2000,4,'',2,6000,4,'',2,2000,4,'',2,2300,4,'',2,8700,4,'',2,10000,4,'',2,10000,4,'',2,10000,4,'',2,10000,4,'',2,10000,4,'',2,500,4,'',2,7800,4,'',2,2000,4,'',2,2000,4,'',2,6000,4,'',2,2000,4,'',2,2000,4,'',2,6000,4,'',2,2000,4,'',2,1600,4,'',2,5900,4,'',2,2000,4,'',2,10000,4,'',2,10000,4,'',2,10000,4,'',2,10000,4,'',2,10000,4,'',2
'SE',8500,161000,,'',2,2500,,'',2,7000,,'',2,2500,,'',2
'SE',8501,70300,4,'',2,2900,4,'',2,6900,4,'',2,3000,4,'',2
'SE',18000,155500,0,'Montarville',2,6500,0,'Montarville',2,1000,0,'Montarville',2,1000,0,'Montarville',2,1000,0,'Montarville',2,5000,0,'Montarville',2,1500,0,'Montarville',2,2500,0,'Montarville',2,7000,0,'Montarville',2,2000,0,'Montarville',2
'SE',18001,65700,4,'',2,6400,4,'',2,500,4,'',2,1000,4,'',2,1500,4,'',2,500,4,'',2,5000,4,'',2,1500,4,'',2,500,4,'',2,1000,4,'',2,82000,4,'',2,7000,4,'',2,2900,4,'',2,8200,4,'',2
'SE',18500,60500,,'',2,3000,,'',2,6600,,'',2,2800,,'',2,8800,,'',2,2400,,'',2
'SE',18501,160900,4,'',2,2400,4,'',2,7500,4,'',2,2600,4,'',2
'SE',60201,75920,,'',2
