'DI',4400,62300,4,'',2,10000,4,'',2,10000,4,'',2,10000,4,'',2,10000,4,'',2,10000,4,'',2,10000,4,'',2,10000,4,'',2,10000,4,'',2,10000,4,'',2,10100,4,'',2,10000,4,'',2,10000,4,'',2,9900,4,'',2,10000,4,'',2,10000,4,'',2,10000,4,'',2,10000,4,'',2,10000,4,'',2
'DI',4401,62300,,'',2,10000,,'',2,10000,,'',2,10000,,'',2,10000,,'',2,10000,,'',2,10000,,'',2,10000,,'',2,10000,,'',2,10000,,'',2,10100,,'',2,10000,,'',2,10000,,'',2,9900,,'',2,10000,,'',2,10000,,'',2,10000,,'',2,10000,,'',2,10000,,'',2
'F1',4400,62300,4,'',2,10000,4,'',2,10000,4,'',2,10000,4,'',2,10000,4,'',2,10000,4,'',2,10000,4,'',2,10000,4,'',2,10000,4,'',2,10000,4,'',2,10100,4,'',2,10000,4,'',2,10000,4,'',2,9900,4,'',2,10000,4,'',2,10000,4,'',2,10000,4,'',2,10000,4,'',2,10000,4,'',2
'F1',4401,62300,,'',2,10000,,'',2,10000,,'',2,10000,,'',2,10000,,'',2,10000,,'',2,10000,,'',2,10000,,'',2,10000,,'',2,10000,,'',2,10100,,'',2,10000,,'',2,10000,,'',2,9900,,'',2,10000,,'',2,10000,,'',2,10000,,'',2,10000,,'',2,10000,,'',2
'SA',4400,62300,4,'',2,10000,4,'',2,10000,4,'',2,10000,4,'',2,10000,4,'',2,10000,4,'',2,10000,4,'',2,10000,4,'',2,10000,4,'',2,10000,4,'',2,10100,4,'',2,10000,4,'',2,10000,4,'',2,9900,4,'',2,10000,4,'',2,10000,4,'',2,10000,4,'',2,10000,4,'',2,10000,4,'',2
'SA',4401,62300,,'',2,10000,,'',2,10000,,'',2,10000,,'',2,10000,,'',2,10000,,'',2,10000,,'',2,10000,,'',2,10000,,'',2,10000,,'',2,10100,,'',2,10000,,'',2,10000,,'',2,9900,,'',2,10000,,'',2,10000,,'',2,10000,,'',2,10000,,'',2,10000,,'',2
'SE',4400,60400,4,'',2,1500,4,'',2,1500,4,'',2,1500,4,'',2,5500,4,'',2,1000,4,'',2,1500,4,'',2,1500,4,'',2,7000,4,'',2,1500,4,'',2,9400,4,'',2,10000,4,'',2,10000,4,'',2,10100,4,'',2,10000,4,'',2,10000,4,'',2,10000,4,'',2,8100,4,'',2,1500,4,'',2,1500,4,'',2,1500,4,'',2,5500,4,'',2,1500,4,'',2,1500,4,'',2,1500,4,'',2,5500,4,'',2,1200,4,'',2,1500,4,'',2,2000,4,'',2,7100,4,'',2,10000,4,'',2,10000,4,'',2,10000,4,'',2,10000,4,'',2,10000,4,'',2
'SE',4401,60400,,'',2,1500,,'',2,1500,,'',2,1500,,'',2,5500,,'',2,1000,,'',2,1500,,'',2,1500,,'',2,1500,,'',2,5500,,'',2,1500,,'',2,9400,,'',2,10000,,'',2,10000,,'',2,10100,,'',2,10000,,'',2,10000,,'',2,10000,,'',2,8100,,'',2,1500,,'',2,1500,,'',2,1500,,'',2,5500,,'',2,1500,,'',2,1500,,'',2,1500,,'',2,5500,,'',2,1200,,'',2,1500,,'',2,2000,,'',2,7100,,'',2,10000,,'',2,10000,,'',2,10000,,'',2,10000,,'',2,10000,,'',2
'SE',54400,163420,,'',2
'SE',60901,80750,,'',2
