'DI',100,64730,0,'Windsor',1,10000,0,'Windsor',1,10000,0,'Windsor',1,10000,0,'Windsor',1,10000,0,'Windsor',1,10000,0,'Windsor',1,10000,0,'Windsor',1,10080,0,'Windsor',1,10000,0,'Windsor',1,10000,0,'Windsor',1,10000,0,'Windsor',1,10000,0,'Windsor',1,10000,0,'Windsor',1,10000,0,'Windsor',1,10000,0,'Windsor',1,10000,0,'Windsor',1,10000,0,'Windsor',1,10000,0,'Windsor',1,10000,0,'Windsor',1
'F1',100,61730,0,'Windsor',1,3000,0,'Windsor',1,7000,0,'Windsor',1,3000,0,'Windsor',1,7000,0,'Windsor',1,3000,0,'Windsor',1,7000,0,'Windsor',1,3000,0,'Windsor',1,7000,0,'Windsor',1,3000,0,'Windsor',1,7000,0,'Windsor',1,3000,0,'Windsor',1,7000,0,'Windsor',1,3000,0,'Windsor',1,7080,0,'Windsor',1,3000,0,'Windsor',1,7000,0,'Windsor',1,3000,0,'Windsor',1,7000,0,'Windsor',1,3000,0,'Windsor',1,7000,0,'Windsor',1,3000,0,'Windsor',1,7000,0,'Windsor',1,3000,0,'Windsor',1,7000,0,'Windsor',1,3000,0,'Windsor',1,10000,0,'Windsor',1,10000,0,'Windsor',1,10000,0,'Windsor',1,10000,0,'Windsor',1,10000,0,'Windsor',1,10000,0,'Windsor',1,10300,0,'Windsor',1
'SA',100,61730,0,'Windsor',1,3000,0,'Windsor',1,7000,0,'Windsor',1,3000,0,'Windsor',1,7000,0,'Windsor',1,3000,0,'Windsor',1,7000,0,'Windsor',1,3000,0,'Windsor',1,7000,0,'Windsor',1,3000,0,'Windsor',1,7000,0,'Windsor',1,3000,0,'Windsor',1,7000,0,'Windsor',1,3000,0,'Windsor',1,7080,0,'Windsor',1,3000,0,'Windsor',1,7000,0,'Windsor',1,3000,0,'Windsor',1,7000,0,'Windsor',1,3000,0,'Windsor',1,7000,0,'Windsor',1,3000,0,'Windsor',1,7000,0,'Windsor',1,3000,0,'Windsor',1,7000,0,'Windsor',1,3000,0,'Windsor',1,10000,0,'Windsor',1,10000,0,'Windsor',1,10000,0,'Windsor',1,10000,0,'Windsor',1,10000,0,'Windsor',1,10000,0,'Windsor',1,10300,0,'Windsor',1
'SE',100,55030,0,'Windsor',1,6000,0,'Windsor',1,1500,0,'Windsor',1,2400,0,'Windsor',1,5200,0,'Windsor',1,1700,0,'Windsor',1,1380,0,'Windsor',1,1700,0,'Windsor',1,5700,0,'Windsor',1,2800,0,'Windsor',1,7000,0,'Windsor',1,2920,0,'Windsor',1,7000,0,'Windsor',1,3000,0,'Windsor',1,7000,0,'Windsor',1,3000,0,'Windsor',1,7080,0,'Windsor',1,3000,0,'Windsor',1,7000,0,'Windsor',1,3000,0,'Windsor',1,7000,0,'Windsor',1,3000,0,'Windsor',1,7000,0,'Windsor',1,3000,0,'Windsor',1,2000,0,'Windsor',1,6000,0,'Windsor',1,2200,0,'Windsor',1,2000,0,'Windsor',1,5840,0,'Windsor',1,1960,0,'Windsor',1,2000,0,'Windsor',1,6000,0,'Windsor',1,2000,0,'Windsor',1,6920,0,'Windsor',1,3000,0,'Windsor',1,7000,0,'Windsor',1,3000,0,'Windsor',1,7000,0,'Windsor',1,3000,0,'Windsor',1,7100,0,'Windsor',1,3000,0,'Windsor',1,10000,0,'Windsor',1,10000,0,'Windsor',1,9970,0,'Windsor',1
'DI',5400,65330,,'',2,10000,,'',2,10000,,'',2,10000,,'',2,10000,,'',2,10000,,'',2,7000,,'',2,3000,,'',2,7000,,'',2,3000,,'',2,7000,,'',2,3000,,'',2,7000,,'',2,3000,,'',2,7000,,'',2,3000,,'',2,7000,,'',2,3300,,'',2,7000,,'',2,2910,,'',2,10000,,'',2,10000,,'',2,10000,,'',2,10000,,'',2,10000,,'',2,10000,,'',2,10000,,'',2
'F1',5400,65330,,'',2,7000,,'',2,3000,,'',2,7000,,'',2,3000,,'',2,7000,,'',2,3000,,'',2,7000,,'',2,3000,,'',2,7000,,'',2,3000,,'',2,7000,,'',2,3000,,'',2,7000,,'',2,3000,,'',2,7000,,'',2,3000,,'',2,7000,,'',2,3000,,'',2,7000,,'',2,3000,,'',2,7000,,'',2,3300,,'',2,7000,,'',2,2910,,'',2,10000,,'',2,10000,,'',2,10000,,'',2,10000,,'',2,10000,,'',2,10000,,'',2,10000,,'',2
'SA',5400,65330,,'',2,7000,,'',2,3000,,'',2,7000,,'',2,3000,,'',2,7000,,'',2,3000,,'',2,7000,,'',2,3000,,'',2,7000,,'',2,3000,,'',2,7000,,'',2,3000,,'',2,7000,,'',2,3000,,'',2,7000,,'',2,3000,,'',2,7000,,'',2,3000,,'',2,7000,,'',2,3000,,'',2,7000,,'',2,3300,,'',2,7000,,'',2,2910,,'',2,10000,,'',2,10000,,'',2,10000,,'',2,10000,,'',2,10000,,'',2,10000,,'',2,10000,,'',2
'SE',5400,64930,,'',2,7000,,'',2,3000,,'',2,7000,,'',2,3000,,'',2,6900,,'',2,3000,,'',2,7000,,'',2,3000,,'',2,7000,,'',2,3080,,'',2,7000,,'',2,3000,,'',2,7000,,'',2,3000,,'',2,7000,,'',2,3000,,'',2,7000,,'',2,3000,,'',2,7000,,'',2,3000,,'',2,6200,,'',2,2000,,'',2,1900,,'',2,7000,,'',2,3000,,'',2,7120,,'',2,3000,,'',2,7000,,'',2,3000,,'',2,7000,,'',2,3000,,'',2,10000,,'',2,10000,,'',2,10000,,'',2
'SE',44200,161000,,'',2,10000,,'',2
'SE',60001,91150,,'',2
'SE',60600,164110,,'',2
'SE',61301,91200,,'',2
'SE',61400,164120,,'',2
'SE',61801,90110,,'',2
