'DI',100,65820,0,'Windsor',1,10000,0,'Windsor',1,10000,0,'Windsor',1,10000,0,'Windsor',1,10000,0,'Windsor',1,10000,0,'Windsor',1,10000,0,'Windsor',1,10100,0,'Windsor',1,10000,0,'Windsor',1,10000,0,'Windsor',1,10000,0,'Windsor',1,10000,0,'Windsor',1,10000,0,'Windsor',1,10000,0,'Windsor',1,10000,0,'Windsor',1,10000,0,'Windsor',1,10000,0,'Windsor',1,10000,0,'Windsor',1,10000,0,'Windsor',1
'F1',100,62820,0,'Windsor',1,3000,0,'Windsor',1,7000,0,'Windsor',1,3000,0,'Windsor',1,7000,0,'Windsor',1,3000,0,'Windsor',1,7000,0,'Windsor',1,3000,0,'Windsor',1,7000,0,'Windsor',1,3000,0,'Windsor',1,7000,0,'Windsor',1,3000,0,'Windsor',1,7000,0,'Windsor',1,3000,0,'Windsor',1,7100,0,'Windsor',1,3000,0,'Windsor',1,7000,0,'Windsor',1,3000,0,'Windsor',1,7000,0,'Windsor',1,3000,0,'Windsor',1,7000,0,'Windsor',1,3000,0,'Windsor',1,7000,0,'Windsor',1,3000,0,'Windsor',1,7000,0,'Windsor',1,3000,0,'Windsor',1,10000,0,'Windsor',1,10000,0,'Windsor',1,10000,0,'Windsor',1,10000,0,'Windsor',1,10000,0,'Windsor',1,10000,0,'Windsor',1,14300,0,'Windsor',1
'SA',100,62820,0,'Windsor',1,3000,0,'Windsor',1,7000,0,'Windsor',1,3000,0,'Windsor',1,7000,0,'Windsor',1,3000,0,'Windsor',1,7000,0,'Windsor',1,3000,0,'Windsor',1,7000,0,'Windsor',1,3000,0,'Windsor',1,7000,0,'Windsor',1,3000,0,'Windsor',1,7000,0,'Windsor',1,3000,0,'Windsor',1,7100,0,'Windsor',1,3000,0,'Windsor',1,7000,0,'Windsor',1,3000,0,'Windsor',1,7000,0,'Windsor',1,3000,0,'Windsor',1,7000,0,'Windsor',1,3000,0,'Windsor',1,7000,0,'Windsor',1,3000,0,'Windsor',1,7000,0,'Windsor',1,3000,0,'Windsor',1,10000,0,'Windsor',1,10000,0,'Windsor',1,10000,0,'Windsor',1,10000,0,'Windsor',1,10000,0,'Windsor',1,10000,0,'Windsor',1,14300,0,'Windsor',1
'SE',100,60030,0,'Windsor',1,2000,0,'Windsor',1,1500,0,'Windsor',1,2400,0,'Windsor',1,5200,0,'Windsor',1,1700,0,'Windsor',1,1680,0,'Windsor',1,5700,0,'Windsor',1,1700,0,'Windsor',1,2800,0,'Windsor',1,7000,0,'Windsor',1,2810,0,'Windsor',1,7000,0,'Windsor',1,3000,0,'Windsor',1,7000,0,'Windsor',1,3000,0,'Windsor',1,7190,0,'Windsor',1,3000,0,'Windsor',1,7000,0,'Windsor',1,3000,0,'Windsor',1,7000,0,'Windsor',1,3000,0,'Windsor',1,7100,0,'Windsor',1,3000,0,'Windsor',1,6000,0,'Windsor',1,2000,0,'Windsor',1,2490,0,'Windsor',1,6000,0,'Windsor',1,1710,0,'Windsor',1,1700,0,'Windsor',1,6000,0,'Windsor',1,2000,0,'Windsor',1,2000,0,'Windsor',1,6900,0,'Windsor',1,3000,0,'Windsor',1,7000,0,'Windsor',1,2910,0,'Windsor',1,7000,0,'Windsor',1,3000,0,'Windsor',1,7100,0,'Windsor',1,3000,0,'Windsor',1,9900,0,'Windsor',1,10000,0,'Windsor',1,9810,0,'Windsor',1
'DI',600,64220,,'',1,7000,,'',1,3000,,'',1,6900,,'',1,3000,,'',1,7100,,'',1,3000,,'',1,7000,,'',1,3000,,'',1,7000,,'',1,3000,,'',1,7190,,'',1,3000,,'',1,7000,,'',1,3000,,'',1,7000,,'',1,3000,,'',1,7000,,'',1,3000,,'',1,7000,,'',1,3000,,'',1,7000,,'',1,3000,,'',1,6800,,'',1,3010,,'',1,7000,,'',1,10000,,'',1,10000,,'',1,9900,,'',1,10000,,'',1,10000,,'',1,10300,,'',1
'F1',600,64120,,'',1,7100,,'',1,2900,,'',1,7000,,'',1,3000,,'',1,7100,,'',1,3000,,'',1,7000,,'',1,3000,,'',1,7000,,'',1,3000,,'',1,7190,,'',1,3000,,'',1,7000,,'',1,3000,,'',1,7000,,'',1,3000,,'',1,7000,,'',1,3000,,'',1,7000,,'',1,3000,,'',1,7000,,'',1,3000,,'',1,7000,,'',1,3000,,'',1,7000,,'',1,10000,,'',1,10000,,'',1,9910,,'',1,10000,,'',1,10000,,'',1,10300,,'',1
'SA',600,64120,,'',1,7100,,'',1,2900,,'',1,7000,,'',1,3000,,'',1,7100,,'',1,3000,,'',1,7000,,'',1,3000,,'',1,7000,,'',1,3000,,'',1,7190,,'',1,3000,,'',1,7000,,'',1,3000,,'',1,7000,,'',1,3000,,'',1,7000,,'',1,3000,,'',1,7000,,'',1,3000,,'',1,7000,,'',1,3000,,'',1,7000,,'',1,3000,,'',1,7000,,'',1,10000,,'',1,10000,,'',1,9910,,'',1,10000,,'',1,10000,,'',1,10300,,'',1
'SE',600,60820,,'',1,3000,,'',1,6890,,'',1,2700,,'',1,7200,,'',1,3800,,'',1,6900,,'',1,4000,,'',1,7000,,'',1,3000,,'',1,7000,,'',1,3000,,'',1,7000,,'',1,3000,,'',1,7000,,'',1,3000,,'',1,6900,,'',1,3090,,'',1,7000,,'',1,3000,,'',1,5500,,'',1,3200,,'',1,7000,,'',1,3100,,'',1,6810,,'',1,4500,,'',1,7000,,'',1,3000,,'',1,7000,,'',1,2910,,'',1,7000,,'',1,9000,,'',1,10000,,'',1,10000,,'',1,10000,,'',1
'SE',5500,162110,0,'Victoria',2,1500,0,'Victoria',2,1500,0,'Victoria',2,5300,0,'Victoria',2,1300,0,'Victoria',2,1300,0,'Victoria',2,1300,0,'Victoria',2,1500,0,'Victoria',2,5200,0,'Victoria',2,2000,0,'Victoria',2,2000,0,'Victoria',2
'SE',5501,62430,,'',2,2000,,'',2,1500,,'',2,5200,,'',2,1200,,'',2,1200,,'',2,1200,,'',2,1200,,'',2,5500,,'',2,2000,,'',2
'SE',50000,160130,,'',2
'SE',60600,165830,,'',2
'SE',65001,83020,,'',2
