'DI',42800,61000,4,'',2,1500,4,'',2,1300,4,'',2,1500,4,'',2,5500,4,'',2,3200,4,'',2,6200,4,'',2,10000,4,'',2,10000,4,'',2,10000,4,'',2,10600,4,'',2,1500,4,'',2,1500,4,'',2,6400,4,'',2,4500,4,'',2,10000,4,'',2,7000,4,'',2,8700,4,'',2,4400,4,'',2,7500,4,'',2,1500,4,'',2,1500,4,'',2,5500,4,'',2,4900,4,'',2,10000,4,'',2,10000,4,'',2,10000,4,'',2,9600,4,'',2,8900,4,'',2
'DI',42801,54600,,'',2,6600,,'',2,9800,,'',2,9400,,'',2,10000,,'',2,10000,,'',2,10000,,'',2,5100,,'',2,6500,,'',2,1000,,'',2,7400,,'',2,4500,,'',2,10000,,'',2,7000,,'',2,8700,,'',2,4400,,'',2,7500,,'',2,2400,,'',2,600,,'',2,10400,,'',2,10000,,'',2,10000,,'',2,10000,,'',2,9600,,'',2,6500,,'',2,1000,,'',2,2100,,'',2
'F1',42800,61000,4,'',2,1500,4,'',2,1300,4,'',2,1500,4,'',2,5500,4,'',2,3200,4,'',2,6200,4,'',2,10000,4,'',2,10000,4,'',2,10000,4,'',2,10600,4,'',2,1500,4,'',2,1500,4,'',2,6400,4,'',2,4500,4,'',2,10000,4,'',2,7000,4,'',2,8700,4,'',2,4400,4,'',2,7500,4,'',2,1500,4,'',2,1500,4,'',2,5500,4,'',2,4900,4,'',2,10000,4,'',2,10000,4,'',2,10000,4,'',2,9600,4,'',2,8900,4,'',2
'F1',42801,54600,,'',2,6600,,'',2,9800,,'',2,9400,,'',2,10000,,'',2,10000,,'',2,10000,,'',2,5100,,'',2,6500,,'',2,1000,,'',2,7400,,'',2,4500,,'',2,10000,,'',2,7000,,'',2,8700,,'',2,4400,,'',2,7500,,'',2,2400,,'',2,600,,'',2,10400,,'',2,10000,,'',2,10000,,'',2,10000,,'',2,9600,,'',2,6500,,'',2,1000,,'',2,2100,,'',2
'F2',42800,61000,4,'',2,1500,4,'',2,1300,4,'',2,1500,4,'',2,5500,4,'',2,3200,4,'',2,6200,4,'',2,10000,4,'',2,10000,4,'',2,10000,4,'',2,10600,4,'',2,1500,4,'',2,1500,4,'',2,6400,4,'',2,4500,4,'',2,10000,4,'',2,7000,4,'',2,8700,4,'',2,4400,4,'',2,7500,4,'',2,1500,4,'',2,1500,4,'',2,5500,4,'',2,4900,4,'',2,10000,4,'',2,10000,4,'',2,10000,4,'',2,9600,4,'',2,8900,4,'',2
'F2',42801,54600,,'',2,6600,,'',2,9800,,'',2,9400,,'',2,10000,,'',2,10000,,'',2,10000,,'',2,5100,,'',2,6500,,'',2,1000,,'',2,7400,,'',2,4500,,'',2,10000,,'',2,7000,,'',2,8700,,'',2,4400,,'',2,7500,,'',2,2400,,'',2,600,,'',2,10400,,'',2,10000,,'',2,10000,,'',2,10000,,'',2,9600,,'',2,6500,,'',2,1000,,'',2,2100,,'',2
'SA',42800,61000,4,'',2,1500,4,'',2,1300,4,'',2,1500,4,'',2,5500,4,'',2,3200,4,'',2,6200,4,'',2,10000,4,'',2,10000,4,'',2,10000,4,'',2,10600,4,'',2,1500,4,'',2,1500,4,'',2,6400,4,'',2,4500,4,'',2,10000,4,'',2,7000,4,'',2,8700,4,'',2,4400,4,'',2,7500,4,'',2,1500,4,'',2,1500,4,'',2,5500,4,'',2,4900,4,'',2,10000,4,'',2,10000,4,'',2,10000,4,'',2,9600,4,'',2,8900,4,'',2
'SA',42801,54600,,'',2,6600,,'',2,9800,,'',2,9400,,'',2,10000,,'',2,10000,,'',2,10000,,'',2,5100,,'',2,6500,,'',2,1000,,'',2,7400,,'',2,4500,,'',2,10000,,'',2,7000,,'',2,8700,,'',2,4400,,'',2,7500,,'',2,2400,,'',2,600,,'',2,10400,,'',2,10000,,'',2,10000,,'',2,10000,,'',2,9600,,'',2,6500,,'',2,1000,,'',2,2100,,'',2
'SE',42800,55100,4,'',2,8700,4,'',2,1500,4,'',2,5500,4,'',2,3700,4,'',2,11000,4,'',2,10000,4,'',2,10000,4,'',2,9800,4,'',2,5500,4,'',2,1500,4,'',2,1500,4,'',2,10200,4,'',2,7000,4,'',2,3800,4,'',2,6700,4,'',2,4300,4,'',2,8500,4,'',2,8100,4,'',2,1400,4,'',2,1500,4,'',2,5500,4,'',2,4900,4,'',2,10000,4,'',2,10000,4,'',2,10000,4,'',2,9600,4,'',2,10000,4,'',2
'SE',42801,55300,,'',2,6900,,'',2,9300,,'',2,8900,,'',2,10000,,'',2,10000,,'',2,10000,,'',2,5100,,'',2,6500,,'',2,1000,,'',2,7400,,'',2,4500,,'',2,6600,,'',2,3500,,'',2,6700,,'',2,3100,,'',2,5700,,'',2,4400,,'',2,7600,,'',2,2500,,'',2,5000,,'',2,10400,,'',2,10000,,'',2,10000,,'',2,10000,,'',2,5100,,'',2,6500,,'',2,1000,,'',2,7000,,'',2
