'DI',100,65310,0,'Windsor',1,10000,0,'Windsor',1,10000,0,'Windsor',1,10000,0,'Windsor',1,10000,0,'Windsor',1,10000,0,'Windsor',1,10000,0,'Windsor',1,10100,0,'Windsor',1,10000,0,'Windsor',1,10000,0,'Windsor',1,10000,0,'Windsor',1,10000,0,'Windsor',1,10000,0,'Windsor',1,10000,0,'Windsor',1,10000,0,'Windsor',1,10000,0,'Windsor',1,10000,0,'Windsor',1,10000,0,'Windsor',1,10000,0,'Windsor',1
'F1',100,62310,0,'Windsor',1,3000,0,'Windsor',1,7000,0,'Windsor',1,3000,0,'Windsor',1,7000,0,'Windsor',1,3000,0,'Windsor',1,7000,0,'Windsor',1,3000,0,'Windsor',1,7000,0,'Windsor',1,3000,0,'Windsor',1,7000,0,'Windsor',1,3000,0,'Windsor',1,7000,0,'Windsor',1,3000,0,'Windsor',1,7100,0,'Windsor',1,3000,0,'Windsor',1,7000,0,'Windsor',1,3000,0,'Windsor',1,7000,0,'Windsor',1,3000,0,'Windsor',1,7000,0,'Windsor',1,3000,0,'Windsor',1,7000,0,'Windsor',1,3000,0,'Windsor',1,7000,0,'Windsor',1,3000,0,'Windsor',1,10000,0,'Windsor',1,10000,0,'Windsor',1,10000,0,'Windsor',1,10000,0,'Windsor',1,10000,0,'Windsor',1,10000,0,'Windsor',1,10300,0,'Windsor',1
'SA',100,62310,0,'Windsor',1,3000,0,'Windsor',1,7000,0,'Windsor',1,3000,0,'Windsor',1,7000,0,'Windsor',1,3000,0,'Windsor',1,7000,0,'Windsor',1,3000,0,'Windsor',1,7000,0,'Windsor',1,3000,0,'Windsor',1,7000,0,'Windsor',1,3000,0,'Windsor',1,7000,0,'Windsor',1,3000,0,'Windsor',1,7100,0,'Windsor',1,3000,0,'Windsor',1,7000,0,'Windsor',1,3000,0,'Windsor',1,7000,0,'Windsor',1,3000,0,'Windsor',1,7000,0,'Windsor',1,3000,0,'Windsor',1,7000,0,'Windsor',1,3000,0,'Windsor',1,7000,0,'Windsor',1,3000,0,'Windsor',1,10000,0,'Windsor',1,10000,0,'Windsor',1,10000,0,'Windsor',1,10000,0,'Windsor',1,10000,0,'Windsor',1,10000,0,'Windsor',1,10300,0,'Windsor',1
'SE',100,55600,0,'Windsor',1,6000,0,'Windsor',1,1500,0,'Windsor',1,2400,0,'Windsor',1,5200,0,'Windsor',1,1700,0,'Windsor',1,1530,0,'Windsor',1,1700,0,'Windsor',1,5700,0,'Windsor',1,2800,0,'Windsor',1,7000,0,'Windsor',1,2880,0,'Windsor',1,7000,0,'Windsor',1,3000,0,'Windsor',1,7000,0,'Windsor',1,3000,0,'Windsor',1,7120,0,'Windsor',1,3000,0,'Windsor',1,7000,0,'Windsor',1,3000,0,'Windsor',1,7000,0,'Windsor',1,3000,0,'Windsor',1,7010,0,'Windsor',1,3000,0,'Windsor',1,6000,0,'Windsor',1,2000,0,'Windsor',1,2360,0,'Windsor',1,6000,0,'Windsor',1,1840,0,'Windsor',1,1790,0,'Windsor',1,6000,0,'Windsor',1,2000,0,'Windsor',1,2000,0,'Windsor',1,6900,0,'Windsor',1,3000,0,'Windsor',1,7000,0,'Windsor',1,2980,0,'Windsor',1,7000,0,'Windsor',1,3000,0,'Windsor',1,7100,0,'Windsor',1,3000,0,'Windsor',1,9900,0,'Windsor',1,10000,0,'Windsor',1,9890,0,'Windsor',1
'DI',600,63750,,'',1,7000,,'',1,3000,,'',1,6900,,'',1,3000,,'',1,7100,,'',1,3000,,'',1,7000,,'',1,3000,,'',1,7000,,'',1,3000,,'',1,7160,,'',1,3000,,'',1,7000,,'',1,3000,,'',1,7000,,'',1,3000,,'',1,7000,,'',1,3000,,'',1,7000,,'',1,3000,,'',1,7000,,'',1,3000,,'',1,6800,,'',1,3040,,'',1,7000,,'',1,10000,,'',1,10000,,'',1,9980,,'',1,10000,,'',1,10000,,'',1,10300,,'',1
'F1',600,63650,,'',1,7100,,'',1,2900,,'',1,7000,,'',1,3000,,'',1,7100,,'',1,3000,,'',1,7000,,'',1,3000,,'',1,7000,,'',1,3000,,'',1,7160,,'',1,3000,,'',1,7000,,'',1,3000,,'',1,7000,,'',1,3000,,'',1,7000,,'',1,3000,,'',1,7000,,'',1,3000,,'',1,7000,,'',1,3000,,'',1,7000,,'',1,3000,,'',1,7000,,'',1,10000,,'',1,10000,,'',1,9940,,'',1,10000,,'',1,10000,,'',1,10300,,'',1
'SA',600,63650,,'',1,7100,,'',1,2900,,'',1,7000,,'',1,3000,,'',1,7100,,'',1,3000,,'',1,7000,,'',1,3000,,'',1,7000,,'',1,3000,,'',1,7160,,'',1,3000,,'',1,7000,,'',1,3000,,'',1,7000,,'',1,3000,,'',1,7000,,'',1,3000,,'',1,7000,,'',1,3000,,'',1,7000,,'',1,3000,,'',1,7000,,'',1,3000,,'',1,7000,,'',1,10000,,'',1,10000,,'',1,9940,,'',1,10000,,'',1,10000,,'',1,10300,,'',1
'SE',600,60430,,'',1,3000,,'',1,6780,,'',1,2700,,'',1,7120,,'',1,3800,,'',1,6900,,'',1,4000,,'',1,7000,,'',1,3000,,'',1,7000,,'',1,3000,,'',1,7000,,'',1,3000,,'',1,7000,,'',1,3000,,'',1,6900,,'',1,3020,,'',1,7000,,'',1,3000,,'',1,5500,,'',1,3160,,'',1,7000,,'',1,3140,,'',1,6880,,'',1,4580,,'',1,7000,,'',1,3000,,'',1,7000,,'',1,2940,,'',1,7000,,'',1,9000,,'',1,10000,,'',1,10000,,'',1,10000,,'',1
'SE',5500,161440,0,'Victoria',2,1500,0,'Victoria',2,1500,0,'Victoria',2,1300,0,'Victoria',2,5300,0,'Victoria',2,1300,0,'Victoria',2,1300,0,'Victoria',2,1500,0,'Victoria',2,5260,0,'Victoria',2,2000,0,'Victoria',2,2000,0,'Victoria',2
'SE',60600,165200,,'',2
'SE',65001,82520,,'',2
