4200,'DI',621,,25727,4824,,,1,100,,25728,4824,,,1,100,,25729,4824,,,1,100,,25730,4824,,,1,100,,25731,4824,,,1,100,,25732,4824,,,1,100,,25733,4824,,,1,100,,25734,4824,,,1,100,,25735,4824,,,1,100,,25736,4824,,,1,100,,25737,4824,,,1,100,,25738,4824,,,1,100,,25739,4824,,,1,100,,25740,4824,,,1,100,,25741,4824,,,1,100,,25742,4824,,,1,100,,25743,4824,,,1,100,,25744,4824,,,1,100,,25745,4824,,,1,100,,25746,4824,,,1
4200,'F1',621,,25747,4824,,,1,100,,25748,4824,,,1,100,,25749,4824,,,1,100,,25750,4824,,,1,100,,25751,4824,,,1,100,,25752,4824,,,1,100,,25753,4824,,,1,100,,25754,4824,,,1,100,,25755,4824,,,1,100,,25756,4824,,,1,100,,25757,4824,,,1,100,,25758,4824,,,1,100,,25759,4824,,,1,100,,25760,4824,,,1,100,,25761,4824,,,1,100,,25762,4824,,,1,100,,25763,4824,,,1,100,,25764,4824,,,1,100,,25765,4824,,,1,100,,25766,4824,,,1
4200,'F2',621,,25784,4824,,,1,100,,25785,4824,,,1,100,,25786,4824,,,1,100,,25767,4824,,,1,100,,25768,4824,,,1,100,,25769,4824,,,1,100,,25770,4824,,,1,100,,25771,4824,,,1,100,,25772,4824,,,1,100,,25773,4824,,,1,100,,25774,4824,,,1,100,,25775,4824,,,1,100,,25776,4824,,,1,100,,25777,4824,,,1,100,,25778,4824,,,1,100,,25779,4824,,,1,100,,25780,4824,,,1,100,,25781,4824,,,1,100,,25782,4824,,,1,100,,25783,4824,,,1
4200,'SA',621,,25804,4824,,,1,100,,25805,4824,,,1,100,,25806,4824,,,1,100,,25787,4824,,,1,100,,25788,4824,,,1,100,,25789,4824,,,1,100,,25790,4824,,,1,100,,25791,4824,,,1,100,,25792,4824,,,1,100,,25793,4824,,,1,100,,25794,4824,,,1,100,,25795,4824,,,1,100,,25796,4824,,,1,100,,25797,4824,,,1,100,,25798,4824,,,1,100,,25799,4824,,,1,100,,25800,4824,,,1,100,,25801,4824,,,1,100,,25802,4824,,,1,100,,25803,4824,,,1
4200,'SE',603,,25835,4824,,,1,36,,25817,4824,,,1,69,,25820,4824,,,1,12,,25816,4824,,,1,6,,25818,4824,,,1,6,,25813,4824,,,1,6,,25814,4824,,,1,62,,25812,4824,,,1,21,,25821,4824,,,1,34,,25848,4824,,,1,70,,25849,4824,,,1,30,,25815,4824,,,1,70,,25839,4824,,,1,30,,25819,4824,,,1,70,,25844,4824,,,1,30,,25822,4824,,,1,70,,25845,4824,,,1,30,,25808,4824,,,1,70,,25825,4824,,,1,30,,25823,4824,,,1,70,,25837,4824,,,1,30,,25847,4824,,,1,73,,25826,4824,,,1,30,,25842,4824,,,1,67,,25840,4824,,,1,24,,25846,4824,,,1,55,,25843,4824,,,1,14,,25807,4824,,,1,14,,25841,4824,,,1,13,,25836,4824,,,1,55,,25838,4824,,,1,27,,25824,4824,,,1,30,,25827,4824,,,1,72,,25831,4824,,,1,74,,25828,4824,,,1,30,,25832,4824,,,1,69,,25829,4824,,,1,30,,25833,4824,,,1,70,,25830,4824,,,1,30,,25834,4824,,,1,91,,25809,4824,,,1,100,,25810,4824,,,1,100,,25811,4824,,,1
6000,'SE',632,,27396,4824,,,1,84,,27397,4824,,,1,37,,27405,4824,,,1,86,,27398,4824,,,1,101,,27404,4824,,,1,100,,27394,4824,,,1,100,,27399,4824,,,1,100,,27395,4824,,,1,100,,27412,4824,,,1,100,,27407,4824,,,1,98,,27408,4824,,,1,70,,27403,4824,,,1,25,,27400,4824,,,1,24,,27401,4824,,,1,68,,27392,4824,,,1,27,,27409,4824,,,1,65,,27402,4824,,,1,30,,27406,4824,,,1,68,,27410,4824,,,1,99,,27391,4824,,,1,99,,27411,4824,,,1,100,,27389,4824,,,1,90,,27393,4824,,,1,100,,27390,4824,,,1
16000,'DI',702,,31058,4824,0,31 32,1,100,,31061,4824,0,31 32,1,100,,31064,4824,0,31 32,1,100,,31059,4824,0,31 32,1,100,,31065,4824,0,31 32,1,100,,31057,4824,0,31 32,1,100,,31066,4824,0,31 32,1,100,,31055,4824,0,31 32,1,100,,31053,4824,0,31 32,1,100,,31062,4824,0,31 32,1,100,,31060,4824,0,31 32,1,100,,31067,4824,0,31 32,1,100,,31063,4824,0,31 32,1,102,,31056,4824,0,31 32,1,98,,31054,4824,0,31 32,1
16000,'F1',702,,31075,4824,0,31 32,1,99,,31070,4824,0,31 32,1,101,,31069,4824,0,31 32,1,100,,31072,4824,0,31 32,1,100,,31076,4824,0,31 32,1,99,,16591,4824,0,31 32,1,101,,31073,4824,0,31 32,1,100,,31068,4824,0,31 32,1,100,,16592,4824,0,31 32,1,100,,31071,4824,0,31 32,1,100,,31074,4824,0,31 32,1,100,,16593,4824,0,31 32,1,100,,31077,4824,0,31 32,1,101,,16594,4824,0,31 32,1,99,,31078,4824,0,31 32,1
16000,'F2',702,,31083,4824,0,31 32,1,99,,31086,4824,0,31 32,1,101,,31082,4824,0,31 32,1,100,,31079,4824,0,31 32,1,100,,31085,4824,0,31 32,1,99,,31090,4824,0,31 32,1,101,,31080,4824,0,31 32,1,100,,31084,4824,0,31 32,1,100,,31091,4824,0,31 32,1,100,,31087,4824,0,31 32,1,100,,31081,4824,0,31 32,1,100,,31092,4824,0,31 32,1,100,,31088,4824,0,31 32,1,101,,31093,4824,0,31 32,1,99,,31089,4824,0,31 32,1
16000,'SA',702,,31098,4824,0,31 32,1,99,,16667,4824,0,31 32,1,101,,31097,4824,0,31 32,1,100,,31094,4824,0,31 32,1,100,,31100,4824,0,31 32,1,99,,31103,4824,0,31 32,1,101,,31095,4824,0,31 32,1,100,,31099,4824,0,31 32,1,100,,31104,4824,0,31 32,1,100,,16668,4824,0,31 32,1,100,,31096,4824,0,31 32,1,100,,31105,4824,0,31 32,1,100,,31101,4824,0,31 32,1,101,,31106,4824,0,31 32,1,99,,31102,4824,0,31 32,1
16000,'SE',616,,31113,4824,0,31 32,1,95,,31127,4824,0,31 32,1,39,,31112,4824,0,31 32,1,94,,31128,4824,0,31 32,1,89,,31124,4824,0,31 32,1,86,,31111,4824,0,31 32,1,100,,31114,4824,0,31 32,1,100,,31115,4824,0,31 32,1,100,,31110,4824,0,31 32,1,100,,31129,4824,0,31 32,1,99,,31108,4824,0,31 32,1,30,,31123,4824,0,31 32,1,68,,31116,4824,0,31 32,1,24,,31107,4824,0,31 32,1,71,,31117,4824,0,31 32,1,27,,31130,4824,0,31 32,1,69,,31109,4824,0,31 32,1,30,,31122,4824,0,31 32,1,70,,31118,4824,0,31 32,1,47,,31121,4824,0,31 32,1,100,,31119,4824,0,31 32,1,100,,31125,4824,0,31 32,1,92,,31120,4824,0,31 32,1,100,,31126,4824,0,31 32,1
54201,'SE',908,,32373,4911,,,2
