2300,'F1',647,,24556,3155,,,1,100,,24557,3155,,,1,100,,24553,3155,,,1,101,,24549,3155,,,1,99,,24551,3155,,,1,103,,24552,3155,,,1,97,,24558,3155,,,1,100,,24550,3155,,,1,100,,24554,3155,,,1,100,,24555,3155,,,1,100,,24559,3155,,,1,102,,24560,3155,,,1
2300,'F2',647,,24569,3155,,,1,100,,24570,3155,,,1,100,,24561,3155,,,1,101,,24562,3155,,,1,99,,24565,3155,,,1,103,,24566,3155,,,1,97,,24571,3155,,,1,100,,24572,3155,,,1,100,,24568,3155,,,1,100,,24567,3155,,,1,100,,24563,3155,,,1,102,,24564,3155,,,1
2300,'SA',647,,24581,3155,,,1,100,,24582,3155,,,1,100,,24573,3155,,,1,101,,24574,3155,,,1,99,,24577,3155,,,1,103,,24578,3155,,,1,97,,24583,3155,,,1,100,,24584,3155,,,1,100,,24580,3155,,,1,100,,24579,3155,,,1,100,,24575,3155,,,1,102,,24576,3155,,,1
2300,'SE',948,,24587,3155,,,1,100,,24585,3155,,,1,100,,24588,3155,,,1,100,,24589,3155,,,1,100,,24586,3155,,,1
12300,'DI',618,,30605,3155,0,46 47,1,100,,30615,3155,0,46 47,1,100,,30606,3155,0,46 47,1,100,,30616,3155,0,46 47,1,100,,30607,3155,0,46 47,1,100,,30617,3155,0,46 47,1,105,,30608,3155,0,46 47,1,95,,30618,3155,0,46 47,1,100,,30609,3155,0,46 47,1,100,,30619,3155,0,46 47,1,100,,30610,3155,0,46 47,1,100,,30620,3155,0,46 47,1,100,,30611,3155,0,46 47,1,100,,30621,3155,0,46 47,1,100,,30612,3155,0,46 47,1,100,,30622,3155,0,46 47,1,100,,30613,3155,0,46 47,1,100,,30623,3155,0,46 47,1,100,,30614,3155,0,46 47,1
12300,'F1',617,,30632,3155,0,46 47,1,100,,30636,3155,0,46 47,1,100,,30626,3155,0,46 47,1,105,,30637,3155,0,46 47,1,99,,30627,3155,0,46 47,1,100,,30624,3155,0,46 47,1,100,,30628,3155,0,46 47,1,96,,30625,3155,0,46 47,1,100,,30629,3155,0,46 47,1,100,,30630,3155,0,46 47,1,104,,30638,3155,0,46 47,1,101,,30631,3155,0,46 47,1,99,,30639,3155,0,46 47,1,96,,30633,3155,0,46 47,1,100,,30640,3155,0,46 47,1,100,,30634,3155,0,46 47,1,100,,30641,3155,0,46 47,1,100,,30635,3155,0,46 47,1,100,,30642,3155,0,46 47,1
12300,'F2',617,,30644,3155,0,46 47,1,100,,30643,3155,0,46 47,1,100,,30645,3155,0,46 47,1,105,,30654,3155,0,46 47,1,99,,30646,3155,0,46 47,1,100,,30655,3155,0,46 47,1,100,,30647,3155,0,46 47,1,96,,30656,3155,0,46 47,1,100,,30648,3155,0,46 47,1,100,,30657,3155,0,46 47,1,104,,30649,3155,0,46 47,1,101,,30658,3155,0,46 47,1,99,,30650,3155,0,46 47,1,96,,30659,3155,0,46 47,1,100,,30651,3155,0,46 47,1,100,,30660,3155,0,46 47,1,100,,30652,3155,0,46 47,1,100,,30661,3155,0,46 47,1,100,,30653,3155,0,46 47,1
12300,'SA',617,,30663,3155,0,46 47,1,100,,30662,3155,0,46 47,1,100,,30664,3155,0,46 47,1,105,,30673,3155,0,46 47,1,99,,30665,3155,0,46 47,1,100,,30674,3155,0,46 47,1,100,,30666,3155,0,46 47,1,96,,30675,3155,0,46 47,1,100,,30667,3155,0,46 47,1,100,,30676,3155,0,46 47,1,104,,30668,3155,0,46 47,1,101,,30677,3155,0,46 47,1,99,,30669,3155,0,46 47,1,96,,30678,3155,0,46 47,1,100,,30670,3155,0,46 47,1,100,,30679,3155,0,46 47,1,100,,30671,3155,0,46 47,1,100,,30680,3155,0,46 47,1,100,,30672,3155,0,46 47,1
12300,'SE',510,,30700,3155,0,46 47,1,33,,30681,3155,0,46 47,1,15,,30688,3155,0,46 47,1,50,,30682,3155,0,46 47,1,10,,30702,3155,0,46 47,1,10,,30693,3155,0,46 47,1,11,,30703,3155,0,46 47,1,8,,30683,3155,0,46 47,1,12,,30707,3155,0,46 47,1,50,,30684,3155,0,46 47,1,21,,30708,3155,0,46 47,1,17,,30704,3155,0,46 47,1,69,,30710,3155,0,46 47,1,29,,30709,3155,0,46 47,1,69,,30690,3155,0,46 47,1,102,,30685,3155,0,46 47,1,100,,30695,3155,0,46 47,1,99,,30705,3155,0,46 47,1,101,,30697,3155,0,46 47,1,5,,30694,3155,0,46 47,1,93,,30701,3155,0,46 47,1,30,,30711,3155,0,46 47,1,71,,30698,3155,0,46 47,1,26,,30696,3155,0,46 47,1,71,,30713,3155,0,46 47,1,31,,30715,3155,0,46 47,1,71,,30687,3155,0,46 47,1,30,,30699,3155,0,46 47,1,76,,30686,3155,0,46 47,1,28,,30712,3155,0,46 47,1,70,,30706,3155,0,46 47,1,30,,30689,3155,0,46 47,1,70,,30714,3155,0,46 47,1,100,,30691,3155,0,46 47,1,100,,30716,3155,0,46 47,1,99,,30692,3155,0,46 47,1,100,,30717,3155,0,46 47,1
17000,'SE',548,,31359,5783,0,48,2,70,,31363,5783,0,48,2,31,,31360,5783,0,48,2,70,,31364,5783,0,48,2,30,,31361,5783,0,48,2,73,,31365,5783,0,48,2,28,,31362,5783,0,48,2,691,,31366,5783,0,48,2,70,,31370,5783,0,48,2,30,,31367,5783,0,48,2,70,,31371,5783,0,48,2,30,,31368,5783,0,48,2,70,,31372,5783,0,48,2,30,,31369,5783,0,48,2
