6101,'DI',720,,27662,10343,,,2,30,,27659,10343,,,2,72,,27665,10343,,,2,17,,27663,10343,,,2,70,,27660,10343,,,2,30,,27666,10343,,,2,70,,27664,10343,,,2,30,,27661,10343,,,2,70,,27667,10343,,,2,30,,27668,10343,,,2,70,,27672,10343,,,2,30,,27676,10343,,,2,70,,27669,10343,,,2,30,,27673,10343,,,2,70,,27677,10343,,,2,30,,27670,10343,,,2,70,,27674,10343,,,2,30,,27678,10343,,,2,70,,27671,10343,,,2,34,,27675,10343,,,2,61,,27679,10343,,,2,35,,27681,10343,,,2,20,,27684,10343,,,2,80,,27680,10343,,,2,65,,27682,10343,,,2,30,,27685,10343,,,2,85,,27683,10343,,,2,100,,27686,10343,,,2,100,,27687,10343,,,2,100,,27688,10343,,,2
6101,'F1',720,,27694,10343,,,2,30,,27691,10343,,,2,72,,27697,10343,,,2,17,,27695,10343,,,2,70,,27692,10343,,,2,30,,27698,10343,,,2,70,,27696,10343,,,2,30,,27693,10343,,,2,70,,27699,10343,,,2,30,,27700,10343,,,2,70,,27704,10343,,,2,30,,27706,10343,,,2,70,,27701,10343,,,2,30,,27705,10343,,,2,70,,27707,10343,,,2,30,,27702,10343,,,2,70,,27708,10343,,,2,30,,27712,10343,,,2,70,,27703,10343,,,2,34,,27709,10343,,,2,61,,27713,10343,,,2,35,,27715,10343,,,2,20,,27710,10343,,,2,80,,27714,10343,,,2,65,,27716,10343,,,2,30,,27711,10343,,,2,85,,27717,10343,,,2,100,,27719,10343,,,2,100,,27718,10343,,,2,100,,27721,10343,,,2
6101,'F2',720,,27726,10343,,,2,30,,27723,10343,,,2,72,,27729,10343,,,2,17,,27727,10343,,,2,70,,27724,10343,,,2,30,,27730,10343,,,2,70,,27728,10343,,,2,30,,27725,10343,,,2,70,,27731,10343,,,2,30,,27732,10343,,,2,70,,27736,10343,,,2,30,,27738,10343,,,2,70,,27733,10343,,,2,30,,27737,10343,,,2,70,,27739,10343,,,2,30,,27734,10343,,,2,70,,27740,10343,,,2,30,,27744,10343,,,2,70,,27735,10343,,,2,34,,27741,10343,,,2,61,,27745,10343,,,2,35,,27747,10343,,,2,20,,27742,10343,,,2,80,,27746,10343,,,2,65,,27748,10343,,,2,30,,27743,10343,,,2,85,,27749,10343,,,2,100,,27751,10343,,,2,100,,27750,10343,,,2,100,,27753,10343,,,2
6101,'SA',720,,27758,10343,,,2,30,,27755,10343,,,2,72,,27761,10343,,,2,17,,27759,10343,,,2,70,,27756,10343,,,2,30,,27762,10343,,,2,70,,27760,10343,,,2,30,,27757,10343,,,2,70,,27763,10343,,,2,30,,27764,10343,,,2,70,,27768,10343,,,2,30,,27770,10343,,,2,70,,27765,10343,,,2,30,,27769,10343,,,2,70,,27771,10343,,,2,30,,27766,10343,,,2,70,,27772,10343,,,2,30,,27776,10343,,,2,70,,27767,10343,,,2,34,,27773,10343,,,2,61,,27777,10343,,,2,35,,27779,10343,,,2,20,,27774,10343,,,2,80,,27778,10343,,,2,65,,27780,10343,,,2,30,,27775,10343,,,2,85,,27781,10343,,,2,100,,27783,10343,,,2,100,,27782,10343,,,2,100,,27785,10343,,,2
6101,'SE',559,,27836,10343,,,2,70,,27838,10343,,,2,10,,27791,10343,,,2,16,,27794,10343,,,2,49,,27788,10343,,,2,14,,27797,10343,,,2,15,,27787,10343,,,2,7,,27801,10343,,,2,16,,27795,10343,,,2,49,,27800,10343,,,2,19,,27792,10343,,,2,24,,27789,10343,,,2,62,,27798,10343,,,2,15,,27802,10343,,,2,76,,27793,10343,,,2,30,,27790,10343,,,2,70,,27799,10343,,,2,32,,27837,10343,,,2,70,,27796,10343,,,2,30,,27803,10343,,,2,72,,27807,10343,,,2,30,,27804,10343,,,2,70,,27805,10343,,,2,33,,27809,10343,,,2,21,,27811,10343,,,2,67,,27814,10343,,,2,23,,27806,10343,,,2,60,,27808,10343,,,2,24,,27816,10343,,,2,4,,27818,10343,,,2,65,,27812,10343,,,2,7,,27813,10343,,,2,14,,27819,10343,,,2,13,,27820,10343,,,2,14,,27810,10343,,,2,54,,27823,10343,,,2,6,,27826,10343,,,2,15,,27817,10343,,,2,14,,27815,10343,,,2,64,,27828,10343,,,2,24,,27821,10343,,,2,28,,27831,10343,,,2,68,,27834,10343,,,2,30,,27824,10343,,,2,69,,27827,10343,,,2,29,,27835,10343,,,2,70,,27822,10343,,,2,29,,27832,10343,,,2,70,,27829,10343,,,2
16101,'DI',554,,31301,1809,0,11 12,2,1172,,31300,1809,0,11 12,2
16101,'F1',554,,31312,1809,0,11 12,2,1172,,31313,1809,0,11 12,2
16101,'F2',554,,31325,1809,0,11 12,2,1172,,31326,1809,0,11 12,2
16101,'SA',554,,31337,1809,0,11 12,2,1172,,31338,1809,0,11 12,2
16101,'SE',630,,31355,1809,0,11 12,2,73,,31353,1809,0,11 12,2,32,,31356,1809,0,11 12,2,502,,31352,1809,0,11 12,2,372,,31358,1809,0,11 12,2,36,,31354,1809,0,11 12,2,78,,31357,1809,0,11 12,2
