2201,'F1',532,,24534,1591,,,2,92,,24536,1591,,,2,25,,24535,1591,,,2,70,,24538,1591,,,2,30,,24537,1591,,,2,908,,24539,1591,,,2,80,,24540,1591,,,2,20,,24533,1591,,,2
2201,'SE',532,,24542,1591,,,2,92,,24544,1591,,,2,25,,24543,1591,,,2,70,,24541,1591,,,2,30,,24545,1591,,,2,908,,24547,1591,,,2,80,,24546,1591,,,2,20,,24548,1591,,,2
2501,'DI',1558,,24661,7358,,,2
2501,'F1',1558,,24662,7358,,,2
2501,'F2',1558,,24663,7358,,,2
2501,'SA',1558,,24664,7358,,,2
2501,'SE',636,,24670,5722,,,2,75,,24691,7358,,,2,30,,24690,7358,,,2,66,,24672,5722,,,2,30,,24674,5722,,,2,68,,24675,5722,,,2,505,,24686,5722,,,2,30,,24676,5722,,,2,71,,24677,5722,,,2,31,,24694,7358,,,2,59,,24693,7358,,,2,12,,24692,7358,,,2,9,,24667,5722,,,2,19,,24679,5722,,,2,14,,24678,5722,,,2,58,,24682,5722,,,2,28,,24684,5722,,,2,68,,24687,5722,,,2,29,,24683,5722,,,2,99,,24681,5722,,,2,385,,24689,5722,,,2,86,,24696,7358,,,2,13,,24688,5722,,,2,35,,24680,5722,,,2
16101,'DI',604,,31301,6313,,,2,30,,31292,1591,,,2,70,,31289,1591,,,2,30,,31299,1591,,,2,70,,31293,1591,,,2,30,,31294,1591,,,2,70,,31296,1591,,,2,702,,31290,1591,,,2,28,,31295,1591,,,2,72,,31291,1591,,,2,30,,31300,6313,,,2,70,,31298,1591,,,2,32,,31297,1591,,,2
16101,'F1',604,,31312,6313,,,2,30,,31310,1591,,,2,70,,31303,1591,,,2,30,,31307,1591,,,2,70,,31302,1591,,,2,30,,16953,1591,,,2,70,,31305,1591,,,2,700,,31309,1591,,,2,31,,31311,1591,,,2,71,,31306,1591,,,2,30,,31313,6313,,,2,71,,31308,1591,,,2,31,,31304,1591,,,2
16101,'F2',604,,31325,6313,,,2,30,,31321,1591,,,2,70,,31318,1591,,,2,30,,31319,1591,,,2,70,,31316,1591,,,2,30,,31322,1591,,,2,70,,31320,1591,,,2,700,,31317,1591,,,2,31,,31314,1591,,,2,71,,31323,1591,,,2,30,,31326,6313,,,2,71,,31315,1591,,,2,31,,31324,1591,,,2
16101,'SA',604,,31337,6313,,,2,30,,17011,1591,,,2,70,,31331,1591,,,2,30,,31332,1591,,,2,70,,31329,1591,,,2,30,,31334,1591,,,2,70,,31333,1591,,,2,700,,31330,1591,,,2,31,,31327,1591,,,2,71,,31335,1591,,,2,30,,31338,6313,,,2,71,,31328,1591,,,2,31,,31336,1591,,,2
16101,'SE',559,,31346,1591,,,2,60,,31341,1591,,,2,22,,31355,6313,,,2,60,,31344,1591,,,2,13,,31353,6313,,,2,17,,31348,1591,,,2,16,,31356,6313,,,2,56,,31343,1591,,,2,23,,31347,1591,,,2,21,,31351,1591,,,2,57,,31340,1591,,,2,20,,31339,1591,,,2,325,,31352,6313,,,2,372,,31358,6313,,,2,14,,31349,1591,,,2,22,,31354,6313,,,2,59,,31342,1591,,,2,19,,31357,6313,,,2,21,,31350,1591,,,2,60,,31345,1591,,,2
