800,'DI',604,,21738,7767,,,1,33,,21733,7767,,,1,70,,2441,7767,,,1,30,,2447,7767,,,1,70,,21739,7767,,,1,30,,21734,7767,,,1,72,,2442,7767,,,1,30,,2448,7767,,,1,70,,21740,7767,,,1,30,,21735,7767,,,1,70,,2443,7767,,,1,30,,2449,7767,,,1,72,,21741,7767,,,1,30,,2436,7767,,,1,70,,2444,7767,,,1,30,,2450,7767,,,1,70,,21742,7767,,,1,30,,21736,7767,,,1,70,,2445,7767,,,1,29,,21745,7767,,,1,70,,21743,7767,,,1,30,,21737,7767,,,1,69,,2446,7767,,,1,30,,21746,7767,,,1,72,,21744,7767,,,1,43,,2437,7767,,,1,99,,21747,7767,,,1,100,,2438,7767,,,1,99,,21748,7767,,,1,100,,2439,7767,,,1,100,,21749,7767,,,1,100,,2440,7767,,,1,100,,21732,7767,,,1
800,'F1',604,,21771,7767,,,1,30,,21755,7767,,,1,72,,21759,7767,,,1,30,,21769,7767,,,1,71,,21772,7767,,,1,30,,21756,7767,,,1,70,,21760,7767,,,1,31,,21770,7767,,,1,70,,21773,7767,,,1,31,,21757,7767,,,1,70,,21750,7767,,,1,30,,21778,7767,,,1,68,,21774,7767,,,1,32,,21758,7767,,,1,70,,21751,7767,,,1,30,,21779,7767,,,1,70,,21775,7767,,,1,30,,21782,7767,,,1,70,,21752,7767,,,1,30,,21780,7767,,,1,70,,21776,7767,,,1,30,,21783,7767,,,1,70,,21753,7767,,,1,30,,21781,7767,,,1,72,,21777,7767,,,1,28,,21761,7767,,,1,70,,21754,7767,,,1,46,,21765,7767,,,1,98,,21762,7767,,,1,100,,21766,7767,,,1,100,,21763,7767,,,1,100,,21767,7767,,,1,100,,21764,7767,,,1,100,,21768,7767,,,1
800,'F2',604,,21805,7767,,,1,30,,21788,7767,,,1,72,,21801,7767,,,1,30,,21803,7767,,,1,71,,21806,7767,,,1,30,,21789,7767,,,1,70,,21802,7767,,,1,31,,21804,7767,,,1,70,,21807,7767,,,1,31,,21790,7767,,,1,70,,21796,7767,,,1,30,,21812,7767,,,1,68,,21808,7767,,,1,32,,21791,7767,,,1,70,,21797,7767,,,1,30,,21813,7767,,,1,70,,21809,7767,,,1,30,,21816,7767,,,1,70,,21798,7767,,,1,30,,21814,7767,,,1,70,,21810,7767,,,1,30,,21817,7767,,,1,70,,21799,7767,,,1,30,,21815,7767,,,1,72,,21811,7767,,,1,28,,21784,7767,,,1,70,,21800,7767,,,1,46,,21792,7767,,,1,98,,21785,7767,,,1,100,,21793,7767,,,1,100,,21786,7767,,,1,100,,21794,7767,,,1,100,,21787,7767,,,1,100,,21795,7767,,,1
800,'SA',604,,21839,7767,,,1,30,,21822,7767,,,1,72,,21835,7767,,,1,30,,21837,7767,,,1,71,,21840,7767,,,1,30,,21823,7767,,,1,70,,21836,7767,,,1,31,,21838,7767,,,1,70,,21841,7767,,,1,31,,21824,7767,,,1,70,,21830,7767,,,1,30,,21846,7767,,,1,68,,21842,7767,,,1,32,,21825,7767,,,1,70,,21831,7767,,,1,30,,21847,7767,,,1,70,,21843,7767,,,1,30,,2660,7767,,,1,70,,21832,7767,,,1,30,,21848,7767,,,1,70,,21844,7767,,,1,30,,2661,7767,,,1,70,,21833,7767,,,1,30,,21849,7767,,,1,72,,21845,7767,,,1,28,,21818,7767,,,1,70,,21834,7767,,,1,46,,21826,7767,,,1,98,,21819,7767,,,1,100,,21827,7767,,,1,100,,21820,7767,,,1,100,,21828,7767,,,1,100,,21821,7767,,,1,100,,21829,7767,,,1
800,'SE',509,,21884,7767,,,1,28,,21886,7767,,,1,22,,21893,7767,,,1,81,,21850,7767,,,1,70,,21885,7767,,,1,21,,21887,7767,,,1,19,,21878,7767,,,1,53,,21853,7767,,,1,15,,21854,7767,,,1,15,,21857,7767,,,1,15,,21851,7767,,,1,57,,21867,7767,,,1,15,,21863,7767,,,1,15,,21888,7767,,,1,15,,21859,7767,,,1,55,,21912,7767,,,1,15,,21855,7767,,,1,15,,21858,7767,,,1,15,,21852,7767,,,1,55,,21864,7767,,,1,15,,21868,7767,,,1,17,,21896,7767,,,1,15,,21889,7767,,,1,55,,21897,7767,,,1,15,,21871,7767,,,1,15,,21915,7767,,,1,15,,21916,7767,,,1,55,,21913,7767,,,1,15,,21902,7767,,,1,15,,21900,7767,,,1,15,,21879,7767,,,1,55,,21860,7767,,,1,15,,21898,7767,,,1,18,,21856,7767,,,1,15,,21914,7767,,,1,54,,21901,7767,,,1,14,,21910,7767,,,1,4,,21872,7767,,,1,13,,21869,7767,,,1,15,,21905,7767,,,1,55,,21904,7767,,,1,15,,21890,7767,,,1,15,,21861,7767,,,1,12,,21899,7767,,,1,52,,21917,7767,,,1,13,,21903,7767,,,1,11,,21883,7767,,,1,12,,21882,7767,,,1,12,,21911,7767,,,1,51,,21870,7767,,,1,12,,21906,7767,,,1,12,,21876,7767,,,1,9,,21877,7767,,,1,10,,21894,7767,,,1,10,,21862,7767,,,1,60,,21880,7767,,,1,27,,21907,7767,,,1,68,,21891,7767,,,1,30,,21895,7767,,,1,68,,21881,7767,,,1,30,,21908,7767,,,1,70,,21892,7767,,,1,45,,21873,7767,,,1,100,,21909,7767,,,1,97,,21874,7767,,,1,100,,21875,7767,,,1
2800,'DI',900,,24697,7767,0,39 40,1,101,,24702,7767,0,39 40,1,101,,24700,7767,0,39 40,1,100,,24698,7767,0,39 40,1,100,,24699,7767,0,39 40,1,100,,24703,7767,0,39 40,1,100,,24706,7767,0,39 40,1,101,,24705,7767,0,39 40,1,99,,24704,7767,0,39 40,1,100,,24701,7767,0,39 40,1
2800,'F1',902,,24713,7767,0,39 40,1,99,,24711,7767,0,39 40,1,104,,24707,7767,0,39 40,1,97,,24714,7767,0,39 40,1,101,,24712,7767,0,39 40,1,100,,24716,7767,0,39 40,1,99,,24708,7767,0,39 40,1,103,,24710,7767,0,39 40,1,99,,24715,7767,0,39 40,1,98,,24709,7767,0,39 40,1
2800,'F2',902,,24724,7767,0,39 40,1,99,,24719,7767,0,39 40,1,104,,24717,7767,0,39 40,1,97,,24721,7767,0,39 40,1,101,,24720,7767,0,39 40,1,100,,24722,7767,0,39 40,1,99,,24718,7767,0,39 40,1,103,,24726,7767,0,39 40,1,99,,24725,7767,0,39 40,1,98,,24723,7767,0,39 40,1
2800,'SA',902,,24733,7767,0,39 40,1,99,,24729,7767,0,39 40,1,104,,24727,7767,0,39 40,1,97,,24730,7767,0,39 40,1,101,,6923,7767,0,39 40,1,100,,24731,7767,0,39 40,1,99,,24728,7767,0,39 40,1,103,,24735,7767,0,39 40,1,99,,24734,7767,0,39 40,1,98,,24732,7767,0,39 40,1
2800,'SE',628,,24771,7767,0,39 40,1,86,,24769,7767,0,39 40,1,22,,24772,7767,0,39 40,1,3,,24773,7767,0,39 40,1,16,,24737,7767,0,39 40,1,53,,24752,7767,0,39 40,1,15,,24770,7767,0,39 40,1,15,,24736,7767,0,39 40,1,14,,24742,7767,0,39 40,1,58,,24754,7767,0,39 40,1,30,,24738,7767,0,39 40,1,70,,24753,7767,0,39 40,1,30,,24755,7767,0,39 40,1,70,,24739,7767,0,39 40,1,32,,24760,7767,0,39 40,1,70,,24756,7767,0,39 40,1,30,,24740,7767,0,39 40,1,70,,24761,7767,0,39 40,1,30,,24757,7767,0,39 40,1,70,,24741,7767,0,39 40,1,31,,24762,7767,0,39 40,1,71,,24774,7767,0,39 40,1,16,,24766,7767,0,39 40,1,14,,24764,7767,0,39 40,1,15,,24748,7767,0,39 40,1,55,,24776,7767,0,39 40,1,15,,24743,7767,0,39 40,1,14,,24745,7767,0,39 40,1,12,,24775,7767,0,39 40,1,52,,24767,7767,0,39 40,1,12,,24765,7767,0,39 40,1,12,,24758,7767,0,39 40,1,12,,24749,7767,0,39 40,1,12,,24763,7767,0,39 40,1,51,,24744,7767,0,39 40,1,12,,24768,7767,0,39 40,1,11,,24747,7767,0,39 40,1,13,,24751,7767,0,39 40,1,95,,24746,7767,0,39 40,1,98,,24759,7767,0,39 40,1,98,,24750,7767,0,39 40,1
8800,'DI',722,,30028,7767,,,1,30,,30033,7767,,,1,70,,30039,7767,,,1,30,,30048,7767,,,1,70,,30029,7767,,,1,30,,30034,7767,,,1,72,,30040,7767,,,1,30,,30049,7767,,,1,70,,30030,7767,,,1,30,,30035,7767,,,1,70,,30041,7767,,,1,30,,30050,7767,,,1,70,,30031,7767,,,1,30,,30036,7767,,,1,70,,30042,7767,,,1,30,,15002,7767,,,1,70,,30043,7767,,,1,30,,30037,7767,,,1,70,,30051,7767,,,1,30,,15003,7767,,,1,70,,30044,7767,,,1,29,,30038,7767,,,1,70,,30052,7767,,,1,100,,30045,7767,,,1,100,,30053,7767,,,1,100,,30046,7767,,,1,100,,30054,7767,,,1,97,,30047,7767,,,1,100,,30027,7767,,,1,100,,30032,7767,,,1
8800,'F1',721,,30061,7767,,,1,30,,15061,7767,,,1,71,,30074,7767,,,1,30,,30065,7767,,,1,71,,30062,7767,,,1,30,,15062,7767,,,1,71,,30075,7767,,,1,30,,30066,7767,,,1,70,,15046,7767,,,1,30,,30070,7767,,,1,70,,30076,7767,,,1,30,,30067,7767,,,1,70,,15047,7767,,,1,30,,30071,7767,,,1,70,,30077,7767,,,1,30,,30057,7767,,,1,70,,15048,7767,,,1,30,,30072,7767,,,1,70,,30078,7767,,,1,30,,30058,7767,,,1,71,,30079,7767,,,1,29,,30073,7767,,,1,71,,30068,7767,,,1,29,,30059,7767,,,1,70,,30063,7767,,,1,100,,30069,7767,,,1,99,,30064,7767,,,1,98,,30056,7767,,,1,100,,30055,7767,,,1,100,,30060,7767,,,1,100,,15032,7767,,,1
8800,'F2',721,,30083,7767,,,1,30,,30108,7767,,,1,71,,30104,7767,,,1,30,,30095,7767,,,1,71,,30088,7767,,,1,30,,30109,7767,,,1,71,,30105,7767,,,1,30,,30096,7767,,,1,70,,30089,7767,,,1,30,,30100,7767,,,1,70,,30085,7767,,,1,30,,30097,7767,,,1,70,,30090,7767,,,1,30,,30101,7767,,,1,70,,30086,7767,,,1,30,,30080,7767,,,1,70,,30091,7767,,,1,30,,30102,7767,,,1,70,,30087,7767,,,1,30,,30081,7767,,,1,71,,30110,7767,,,1,29,,30103,7767,,,1,71,,30098,7767,,,1,29,,30082,7767,,,1,70,,30092,7767,,,1,100,,30099,7767,,,1,99,,30093,7767,,,1,98,,30107,7767,,,1,100,,30094,7767,,,1,100,,30106,7767,,,1,100,,30084,7767,,,1
8800,'SA',721,,30114,7767,,,1,30,,30138,7767,,,1,71,,30135,7767,,,1,30,,30126,7767,,,1,71,,30119,7767,,,1,30,,30139,7767,,,1,71,,30136,7767,,,1,30,,30127,7767,,,1,70,,30120,7767,,,1,30,,30131,7767,,,1,70,,30116,7767,,,1,30,,30128,7767,,,1,70,,30121,7767,,,1,30,,30132,7767,,,1,70,,30117,7767,,,1,30,,30111,7767,,,1,70,,30122,7767,,,1,30,,30133,7767,,,1,70,,30118,7767,,,1,30,,30112,7767,,,1,71,,30140,7767,,,1,29,,30134,7767,,,1,71,,30129,7767,,,1,29,,30113,7767,,,1,70,,30123,7767,,,1,100,,30130,7767,,,1,99,,30124,7767,,,1,98,,15203,7767,,,1,100,,30125,7767,,,1,100,,30137,7767,,,1,100,,30115,7767,,,1
8800,'SE',723,,30151,7767,,,1,21,,30183,7767,,,1,15,,30184,7767,,,1,54,,15219,7767,,,1,15,,30185,7767,,,1,15,,30153,7767,,,1,15,,30154,7767,,,1,69,,30173,7767,,,1,30,,30152,7767,,,1,70,,30150,7767,,,1,30,,30171,7767,,,1,72,,30174,7767,,,1,30,,30143,7767,,,1,70,,30141,7767,,,1,30,,30175,7767,,,1,70,,30144,7767,,,1,30,,30172,7767,,,1,73,,30187,7767,,,1,70,,30176,7767,,,1,17,,30178,7767,,,1,16,,30180,7767,,,1,15,,30145,7767,,,1,55,,30156,7767,,,1,15,,30186,7767,,,1,15,,30161,7767,,,1,13,,30165,7767,,,1,52,,30142,7767,,,1,12,,30166,7767,,,1,12,,30158,7767,,,1,13,,30163,7767,,,1,11,,30149,7767,,,1,11,,30181,7767,,,1,52,,30146,7767,,,1,12,,30157,7767,,,1,9,,30179,7767,,,1,19,,30162,7767,,,1,55,,15235,7767,,,1,22,,30159,7767,,,1,28,,30182,7767,,,1,70,,30177,7767,,,1,28,,15236,7767,,,1,70,,30160,7767,,,1,30,,30148,7767,,,1,70,,30169,7767,,,1,100,,30167,7767,,,1,99,,30170,7767,,,1,98,,30168,7767,,,1
