301,'DI',633,,698,9867,,,1,100,,20570,9867,,,1,100,,699,9867,,,1,100,,20571,9867,,,1,100,,700,9867,,,1,100,,20572,9867,,,1,100,,701,9867,,,1,100,,20573,9867,,,1,100,,702,9867,,,1,100,,703,9867,,,1,100,,704,9867,,,1,100,,705,9867,,,1,100,,706,9867,,,1,100,,20563,9867,,,1,100,,20564,9867,,,1,100,,20565,9867,,,1,100,,20566,9867,,,1,100,,20567,9867,,,1,100,,20568,9867,,,1
301,'F1',603,,20592,9867,,,1,30,,20574,9867,,,1,70,,20593,9867,,,1,30,,20598,9867,,,1,70,,20594,9867,,,1,30,,20607,9867,,,1,70,,20595,9867,,,1,30,,20599,9867,,,1,70,,20596,9867,,,1,30,,20600,9867,,,1,70,,20597,9867,,,1,30,,20601,9867,,,1,70,,20604,9867,,,1,30,,20602,9867,,,1,70,,20605,9867,,,1,30,,20581,9867,,,1,70,,20606,9867,,,1,30,,20603,9867,,,1,70,,20587,9867,,,1,30,,20575,9867,,,1,70,,20588,9867,,,1,30,,20576,9867,,,1,70,,20589,9867,,,1,30,,20577,9867,,,1,70,,20590,9867,,,1,30,,20578,9867,,,1,100,,20579,9867,,,1,100,,20580,9867,,,1,100,,20582,9867,,,1,100,,20583,9867,,,1,100,,20584,9867,,,1,100,,20585,9867,,,1
301,'F2',603,,20608,9867,,,1,30,,20616,9867,,,1,70,,20609,9867,,,1,30,,20626,9867,,,1,70,,20610,9867,,,1,30,,20617,9867,,,1,70,,20611,9867,,,1,30,,20627,9867,,,1,70,,20612,9867,,,1,30,,20628,9867,,,1,70,,20613,9867,,,1,30,,20618,9867,,,1,70,,20614,9867,,,1,30,,20619,9867,,,1,70,,20615,9867,,,1,30,,20635,9867,,,1,70,,20629,9867,,,1,30,,20620,9867,,,1,70,,20630,9867,,,1,30,,20636,9867,,,1,70,,20631,9867,,,1,30,,20637,9867,,,1,70,,20632,9867,,,1,30,,20638,9867,,,1,70,,20633,9867,,,1,30,,20639,9867,,,1,100,,20640,9867,,,1,100,,20621,9867,,,1,100,,20622,9867,,,1,100,,20623,9867,,,1,100,,20624,9867,,,1,100,,20641,9867,,,1
301,'SA',603,,20642,9867,,,1,30,,20650,9867,,,1,70,,20643,9867,,,1,30,,20660,9867,,,1,70,,20644,9867,,,1,30,,20651,9867,,,1,70,,20645,9867,,,1,30,,20661,9867,,,1,70,,20646,9867,,,1,30,,20662,9867,,,1,70,,20647,9867,,,1,30,,20652,9867,,,1,70,,20648,9867,,,1,30,,20653,9867,,,1,70,,20649,9867,,,1,30,,20663,9867,,,1,70,,847,9867,,,1,30,,20654,9867,,,1,70,,848,9867,,,1,30,,20664,9867,,,1,70,,849,9867,,,1,30,,20665,9867,,,1,70,,850,9867,,,1,30,,20666,9867,,,1,70,,851,9867,,,1,30,,20667,9867,,,1,100,,20668,9867,,,1,100,,20655,9867,,,1,100,,20656,9867,,,1,100,,20657,9867,,,1,100,,20658,9867,,,1,100,,20669,9867,,,1
301,'SE',521,,20680,9867,,,1,30,,20670,9867,,,1,386,,20686,9867,,,1,70,,20681,9867,,,1,30,,20687,9867,,,1,70,,20682,9867,,,1,30,,20671,9867,,,1,70,,20683,9867,,,1,30,,20672,9867,,,1,70,,20684,9867,,,1,30,,20673,9867,,,1,70,,20685,9867,,,1,30,,20674,9867,,,1,473,,20690,9867,,,1,27,,20692,9867,,,1,67,,20691,9867,,,1,30,,20693,9867,,,1,70,,20678,9867,,,1,30,,20677,9867,,,1,70,,20679,9867,,,1,30,,20688,9867,,,1,100,,20689,9867,,,1,100,,20675,9867,,,1
400,'DI',648,,20729,20830,,,1,69,,20715,20830,,,1,30,,20721,20830,,,1,70,,20733,20830,,,1,30,,20730,20830,,,1,72,,20716,20830,,,1,30,,20722,20830,,,1,72,,20736,20830,,,1,30,,20738,20830,,,1,70,,20717,20830,,,1,33,,20723,20830,,,1,70,,20737,20830,,,1,27,,20739,20830,,,1,71,,20718,20830,,,1,32,,20744,20830,,,1,70,,20745,20830,,,1,28,,20740,20830,,,1,71,,20719,20830,,,1,29,,20724,20830,,,1,70,,20747,20830,,,1,32,,20727,20830,,,1,70,,20720,20830,,,1,30,,20725,20830,,,1,70,,20748,20830,,,1,30,,20728,20830,,,1,68,,20741,20830,,,1,30,,20746,20830,,,1,70,,20743,20830,,,1,30,,20735,20830,,,1,70,,20742,20830,,,1,30,,20731,20830,,,1,70,,20714,20830,,,1,30,,20726,20830,,,1,100,,20732,20830,,,1,100,,20734,20830,,,1
400,'F1',648,,20754,20830,,,1,69,,20749,20830,,,1,30,,20758,20830,,,1,70,,20760,20830,,,1,30,,20755,20830,,,1,72,,20750,20830,,,1,30,,981,20830,,,1,72,,20778,20830,,,1,31,,20756,20830,,,1,70,,20751,20830,,,1,32,,20768,20830,,,1,70,,20779,20830,,,1,30,,976,20830,,,1,70,,20776,20830,,,1,30,,20759,20830,,,1,70,,20780,20830,,,1,30,,20762,20830,,,1,70,,20769,20830,,,1,30,,20752,20830,,,1,70,,20761,20830,,,1,30,,20777,20830,,,1,70,,20770,20830,,,1,30,,20766,20830,,,1,70,,20771,20830,,,1,28,,20765,20830,,,1,70,,20774,20830,,,1,30,,20775,20830,,,1,70,,20753,20830,,,1,30,,20764,20830,,,1,70,,20773,20830,,,1,30,,20763,20830,,,1,70,,20767,20830,,,1,30,,20757,20830,,,1,100,,20772,20830,,,1,100,,963,20830,,,1
400,'F2',648,,20786,20830,,,1,69,,20782,20830,,,1,30,,20790,20830,,,1,70,,20791,20830,,,1,30,,20787,20830,,,1,72,,20783,20830,,,1,30,,20809,20830,,,1,72,,20792,20830,,,1,31,,20788,20830,,,1,70,,20784,20830,,,1,32,,20810,20830,,,1,70,,20793,20830,,,1,30,,20803,20830,,,1,70,,20814,20830,,,1,30,,20801,20830,,,1,70,,20813,20830,,,1,30,,20797,20830,,,1,70,,20781,20830,,,1,30,,20794,20830,,,1,70,,20804,20830,,,1,30,,20815,20830,,,1,70,,20812,20830,,,1,30,,20800,20830,,,1,70,,20806,20830,,,1,28,,20799,20830,,,1,70,,20789,20830,,,1,30,,20805,20830,,,1,70,,20796,20830,,,1,30,,20785,20830,,,1,70,,20808,20830,,,1,30,,20795,20830,,,1,70,,20807,20830,,,1,30,,20811,20830,,,1,100,,20802,20830,,,1,100,,20798,20830,,,1
400,'SA',648,,1101,20830,,,1,69,,20816,20830,,,1,30,,1103,20830,,,1,70,,1104,20830,,,1,30,,1102,20830,,,1,72,,20817,20830,,,1,30,,20836,20830,,,1,72,,1105,20830,,,1,31,,20820,20830,,,1,70,,20818,20830,,,1,32,,20837,20830,,,1,70,,1106,20830,,,1,30,,20830,20830,,,1,70,,20841,20830,,,1,30,,20828,20830,,,1,70,,20840,20830,,,1,30,,20824,20830,,,1,70,,1099,20830,,,1,30,,1107,20830,,,1,70,,20831,20830,,,1,30,,20842,20830,,,1,70,,20839,20830,,,1,30,,20827,20830,,,1,70,,20833,20830,,,1,28,,20826,20830,,,1,70,,20821,20830,,,1,30,,20832,20830,,,1,70,,20823,20830,,,1,30,,20819,20830,,,1,70,,20835,20830,,,1,30,,20822,20830,,,1,70,,20834,20830,,,1,30,,20838,20830,,,1,100,,20829,20830,,,1,100,,20825,20830,,,1
400,'SE',946,,20852,20830,,,1,63,,20850,20830,,,1,30,,20843,20830,,,1,70,,20856,20830,,,1,30,,20854,20830,,,1,70,,20863,20830,,,1,30,,20853,20830,,,1,70,,1148,20830,,,1,30,,20862,20830,,,1,70,,20859,20830,,,1,29,,20851,20830,,,1,397,,20846,20830,,,1,20,,20858,20830,,,1,71,,20860,20830,,,1,74,,1151,20830,,,1,30,,20845,20830,,,1,70,,20861,20830,,,1,27,,20857,20830,,,1,30,,20847,20830,,,1,70,,20855,20830,,,1,27,,20864,20830,,,1,70,,20865,20830,,,1,100,,20849,20830,,,1
1901,'DI',603,,23684,14206,,,2,100,,23685,14206,,,2,100,,23686,14206,,,2,100,,23687,14206,,,2,104,,23688,14206,,,2,100,,23689,14206,,,2,100,,23690,14206,,,2,100,,23691,14206,,,2,100,,23692,14206,,,2,100,,23693,14206,,,2,100,,23694,14206,,,2,100,,23695,14206,,,2,100,,23696,14206,,,2,100,,23697,14206,,,2,100,,23698,14206,,,2,100,,23699,14206,,,2,100,,23700,14206,,,2,100,,23701,14206,,,2,100,,23702,14206,,,2,100,,23703,14206,,,2
1901,'F1',603,,23720,14206,,,2,30,,23716,14206,,,2,70,,23721,14206,,,2,30,,23717,14206,,,2,70,,23722,14206,,,2,30,,23718,14206,,,2,70,,23723,14206,,,2,30,,23719,14206,,,2,74,,23709,14206,,,2,30,,23704,14206,,,2,70,,23710,14206,,,2,30,,23705,14206,,,2,70,,23711,14206,,,2,30,,23706,14206,,,2,70,,23712,14206,,,2,30,,23707,14206,,,2,70,,23713,14206,,,2,30,,23714,14206,,,2,70,,5378,14206,,,2,30,,23715,14206,,,2,70,,5379,14206,,,2,30,,23724,14206,,,2,70,,5380,14206,,,2,30,,23725,14206,,,2,70,,5381,14206,,,2,30,,23726,14206,,,2,70,,5382,14206,,,2,100,,23727,14206,,,2,100,,23728,14206,,,2,100,,23729,14206,,,2,100,,23730,14206,,,2,100,,23731,14206,,,2,100,,23732,14206,,,2
1901,'F2',603,,23733,14206,,,2,30,,23743,14206,,,2,70,,23734,14206,,,2,30,,23744,14206,,,2,70,,23735,14206,,,2,30,,23745,14206,,,2,70,,23736,14206,,,2,30,,23746,14206,,,2,74,,23737,14206,,,2,30,,23747,14206,,,2,70,,23738,14206,,,2,30,,23748,14206,,,2,70,,23739,14206,,,2,30,,23760,14206,,,2,70,,23740,14206,,,2,30,,23761,14206,,,2,70,,23741,14206,,,2,30,,23762,14206,,,2,70,,23742,14206,,,2,30,,23763,14206,,,2,70,,23749,14206,,,2,30,,23764,14206,,,2,70,,23750,14206,,,2,30,,23765,14206,,,2,70,,23751,14206,,,2,30,,23766,14206,,,2,70,,23752,14206,,,2,100,,23753,14206,,,2,100,,23754,14206,,,2,100,,23755,14206,,,2,100,,23756,14206,,,2,100,,23757,14206,,,2,100,,23758,14206,,,2
1901,'SA',603,,23767,14206,,,2,30,,23777,14206,,,2,70,,23768,14206,,,2,30,,23778,14206,,,2,70,,23769,14206,,,2,30,,23779,14206,,,2,70,,23770,14206,,,2,30,,23780,14206,,,2,74,,23771,14206,,,2,30,,23781,14206,,,2,70,,23772,14206,,,2,30,,23782,14206,,,2,70,,23773,14206,,,2,30,,23794,14206,,,2,70,,23774,14206,,,2,30,,23795,14206,,,2,70,,23775,14206,,,2,30,,23796,14206,,,2,70,,23776,14206,,,2,30,,23797,14206,,,2,70,,23783,14206,,,2,30,,23798,14206,,,2,70,,23784,14206,,,2,30,,23799,14206,,,2,70,,23785,14206,,,2,30,,23800,14206,,,2,70,,23786,14206,,,2,100,,23787,14206,,,2,100,,23788,14206,,,2,100,,23789,14206,,,2,100,,23790,14206,,,2,100,,23791,14206,,,2,100,,23792,14206,,,2
1901,'SE',522,,23815,14206,,,2,35,,23814,14206,,,2,379,,23801,14206,,,2,74,,23823,14206,,,2,30,,23802,14206,,,2,70,,23803,14206,,,2,30,,23816,14206,,,2,70,,23804,14206,,,2,30,,23817,14206,,,2,70,,23820,14206,,,2,30,,23818,14206,,,2,70,,23821,14206,,,2,32,,23819,14206,,,2,408,,23809,14206,,,2,64,,23822,14206,,,2,24,,23805,14206,,,2,70,,23824,14206,,,2,30,,23806,14206,,,2,70,,23825,14206,,,2,30,,23807,14206,,,2,69,,23826,14206,,,2,100,,23810,14206,,,2,100,,23811,14206,,,2,100,,23812,14206,,,2
2101,'DI',620,,24327,15245,,,1,30,,24321,15245,,,1,70,,24343,15245,,,1,29,,24345,15245,,,1,70,,24347,15245,,,1,30,,24338,15245,,,1,71,,24339,15245,,,1,30,,24344,15245,,,1,70,,24328,15245,,,1,27,,24341,15245,,,1,73,,24354,15245,,,1,30,,24352,15245,,,1,72,,24342,15245,,,1,30,,24329,15245,,,1,71,,24348,15245,,,1,34,,24340,15245,,,1,70,,24346,15245,,,1,30,,24355,15245,,,1,70,,24353,15245,,,1,30,,24330,15245,,,1,70,,24332,15245,,,1,30,,24322,15245,,,1,70,,24335,15245,,,1,30,,24331,15245,,,1,70,,24316,15245,,,1,30,,24323,15245,,,1,65,,24336,15245,,,1,27,,24320,15245,,,1,70,,24317,15245,,,1,30,,24319,15245,,,1,70,,24350,15245,,,1,30,,24333,15245,,,1,70,,24324,15245,,,1,30,,24337,15245,,,1,70,,24325,15245,,,1,30,,24326,15245,,,1,70,,24349,15245,,,1,30,,24351,15245,,,1
2101,'F1',620,,24360,15245,,,1,30,,6334,15245,,,1,70,,24381,15245,,,1,30,,6356,15245,,,1,72,,24384,15245,,,1,30,,24366,15245,,,1,70,,24356,15245,,,1,30,,6346,15245,,,1,70,,24370,15245,,,1,25,,24375,15245,,,1,71,,24361,15245,,,1,34,,6357,15245,,,1,73,,24372,15245,,,1,26,,24363,15245,,,1,74,,24367,15245,,,1,32,,24362,15245,,,1,70,,24373,15245,,,1,30,,24385,15245,,,1,70,,24388,15245,,,1,30,,24380,15245,,,1,70,,24374,15245,,,1,30,,24382,15245,,,1,70,,24368,15245,,,1,30,,24364,15245,,,1,70,,24371,15245,,,1,30,,24383,15245,,,1,65,,24369,15245,,,1,27,,24365,15245,,,1,70,,6335,15245,,,1,30,,24359,15245,,,1,70,,24376,15245,,,1,30,,24379,15245,,,1,70,,24386,15245,,,1,30,,6336,15245,,,1,70,,24357,15245,,,1,30,,24377,15245,,,1,70,,24389,15245,,,1,30,,24387,15245,,,1,70,,24378,15245,,,1
2101,'F2',620,,24406,15245,,,1,30,,24397,15245,,,1,70,,24410,15245,,,1,30,,24419,15245,,,1,72,,24420,15245,,,1,30,,24408,15245,,,1,70,,24423,15245,,,1,30,,24411,15245,,,1,70,,24398,15245,,,1,25,,24393,15245,,,1,71,,24407,15245,,,1,34,,24412,15245,,,1,73,,24394,15245,,,1,26,,24399,15245,,,1,74,,24403,15245,,,1,32,,24416,15245,,,1,70,,24421,15245,,,1,30,,24413,15245,,,1,70,,24424,15245,,,1,30,,24417,15245,,,1,70,,24422,15245,,,1,30,,24414,15245,,,1,70,,24426,15245,,,1,30,,24400,15245,,,1,70,,24425,15245,,,1,30,,24415,15245,,,1,65,,24427,15245,,,1,27,,24390,15245,,,1,70,,24404,15245,,,1,30,,24418,15245,,,1,70,,24401,15245,,,1,30,,24409,15245,,,1,70,,24395,15245,,,1,30,,24405,15245,,,1,70,,24391,15245,,,1,30,,24402,15245,,,1,70,,24429,15245,,,1,30,,24396,15245,,,1,70,,24428,15245,,,1
2101,'SA',620,,24446,15245,,,1,30,,24437,15245,,,1,70,,24450,15245,,,1,30,,24459,15245,,,1,72,,24460,15245,,,1,30,,24448,15245,,,1,70,,24461,15245,,,1,30,,24451,15245,,,1,70,,24438,15245,,,1,25,,24433,15245,,,1,71,,24447,15245,,,1,34,,24452,15245,,,1,73,,24434,15245,,,1,26,,24439,15245,,,1,74,,24443,15245,,,1,32,,24456,15245,,,1,70,,6523,15245,,,1,30,,24453,15245,,,1,70,,24462,15245,,,1,30,,24457,15245,,,1,70,,6524,15245,,,1,30,,24454,15245,,,1,70,,24464,15245,,,1,30,,24440,15245,,,1,70,,24463,15245,,,1,30,,24455,15245,,,1,65,,24465,15245,,,1,27,,24430,15245,,,1,70,,24444,15245,,,1,30,,24458,15245,,,1,70,,24441,15245,,,1,30,,24449,15245,,,1,70,,24435,15245,,,1,30,,24445,15245,,,1,70,,24431,15245,,,1,30,,24442,15245,,,1,70,,24466,15245,,,1,30,,24436,15245,,,1,70,,6535,15245,,,1
2101,'SE',518,,24470,15245,,,1,486,,24484,15245,,,1,21,,24482,15245,,,1,27,,24483,15245,,,1,74,,24486,15245,,,1,30,,24485,15245,,,1,70,,24467,15245,,,1,32,,24477,15245,,,1,73,,24478,15245,,,1,70,,24471,15245,,,1,30,,24487,15245,,,1,418,,24472,15245,,,1,66,,24488,15245,,,1,26,,24475,15245,,,1,65,,24490,15245,,,1,30,,24473,15245,,,1,70,,24481,15245,,,1,29,,24468,15245,,,1,70,,24479,15245,,,1,30,,24476,15245,,,1,98,,24474,15245,,,1,97,,24491,15245,,,1
42101,'SE',2352,,31765,11442,,,1
