2500,'DI',714,,24631,11731,,,2
2500,'F1',714,,24632,11731,,,2
2500,'F2',714,,24633,11731,,,2
2500,'SA',714,,24634,11731,,,2
2500,'SE',539,,24636,11731,,,2,70,,24637,11731,,,2,29,,24656,11731,,,2,19,,24655,11731,,,2,61,,24651,11731,,,2,19,,24638,11731,,,2,71,,24640,11731,,,2,28,,24641,11731,,,2,74,,24639,11731,,,2,30,,24635,11731,,,2,470,,24642,11731,,,2,30,,24643,11731,,,2,69,,24659,11731,,,2,13,,24658,11731,,,2,18,,24657,11731,,,2,72,,24644,11731,,,2,31,,24647,11731,,,2,69,,24649,11731,,,2,30,,24652,11731,,,2,69,,24648,11731,,,2,28,,24650,11731,,,2,70,,24646,11731,,,2,335,,24654,11731,,,2,83,,24660,11731,,,2,15,,24653,11731,,,2,85,,24645,11731,,,2
12301,'DI',527,,30718,8555,,,1,100,,30728,8555,,,1,100,,30719,8555,,,1,100,,30729,8555,,,1,100,,30720,8555,,,1,100,,30730,8555,,,1,100,,30721,8555,,,1,100,,30731,8555,,,1,100,,30722,8555,,,1,100,,30732,8555,,,1,100,,30723,8555,,,1,100,,30733,8555,,,1,100,,30724,8555,,,1,100,,30734,8555,,,1,100,,30725,8555,,,1,100,,30735,8555,,,1,100,,30726,8555,,,1,100,,30736,8555,,,1,100,,30727,8555,,,1,100,,30737,8555,,,1
12301,'F1',528,,30746,8555,,,1,100,,30751,8555,,,1,100,,30747,8555,,,1,99,,30752,8555,,,1,100,,30740,8555,,,1,100,,30753,8555,,,1,100,,30741,8555,,,1,100,,30738,8555,,,1,100,,30742,8555,,,1,100,,30739,8555,,,1,100,,30743,8555,,,1,100,,30744,8555,,,1,100,,30754,8555,,,1,100,,30745,8555,,,1,100,,30755,8555,,,1,100,,30748,8555,,,1,100,,30756,8555,,,1,100,,30749,8555,,,1,100,,30757,8555,,,1,100,,30750,8555,,,1
12301,'F2',528,,30760,8555,,,1,100,,30758,8555,,,1,100,,30761,8555,,,1,99,,30759,8555,,,1,100,,30762,8555,,,1,100,,30770,8555,,,1,100,,30763,8555,,,1,100,,30771,8555,,,1,100,,30764,8555,,,1,100,,30772,8555,,,1,100,,30765,8555,,,1,100,,30773,8555,,,1,100,,30766,8555,,,1,100,,30774,8555,,,1,100,,30767,8555,,,1,100,,30775,8555,,,1,100,,30768,8555,,,1,100,,30776,8555,,,1,100,,30769,8555,,,1,100,,30777,8555,,,1
12301,'SA',528,,30780,8555,,,1,100,,30778,8555,,,1,100,,30781,8555,,,1,99,,30779,8555,,,1,100,,30782,8555,,,1,100,,30790,8555,,,1,100,,30783,8555,,,1,100,,30791,8555,,,1,100,,30784,8555,,,1,100,,30792,8555,,,1,100,,30785,8555,,,1,100,,30793,8555,,,1,100,,30786,8555,,,1,100,,30794,8555,,,1,100,,30787,8555,,,1,100,,30795,8555,,,1,100,,30788,8555,,,1,100,,30796,8555,,,1,100,,30789,8555,,,1,100,,30797,8555,,,1
12301,'SE',513,,30809,8555,,,1,30,,30819,8555,,,1,60,,30802,8555,,,1,21,,30801,8555,,,1,15,,30803,8555,,,1,66,,30804,8555,,,1,30,,30798,8555,,,1,70,,30799,8555,,,1,30,,30800,8555,,,1,69,,30820,8555,,,1,30,,30823,8555,,,1,96,,30810,8555,,,1,100,,30806,8555,,,1,100,,30816,8555,,,1,100,,30821,8555,,,1,100,,30826,8555,,,1,11,,30814,8555,,,1,64,,30827,8555,,,1,20,,30829,8555,,,1,15,,30815,8555,,,1,19,,30813,8555,,,1,46,,30824,8555,,,1,17,,30830,8555,,,1,10,,30832,8555,,,1,6,,30818,8555,,,1,64,,30817,8555,,,1,29,,30828,8555,,,1,69,,30833,8555,,,1,31,,30808,8555,,,1,26,,30805,8555,,,1,74,,30807,8555,,,1,28,,30825,8555,,,1,70,,30822,8555,,,1,98,,30831,8555,,,1,99,,30811,8555,,,1,100,,30834,8555,,,1,119,,30812,8555,,,1
