4200,'DI',619,,25727,3462,,,1,100,,25728,3462,,,1,100,,25729,3462,,,1,100,,25730,3462,,,1,100,,25731,3462,,,1,100,,25732,3462,,,1,100,,25733,3462,,,1,100,,25734,3462,,,1,100,,25735,3462,,,1,100,,25736,3462,,,1,100,,25737,3462,,,1,100,,25738,3462,,,1,100,,25739,3462,,,1,100,,25740,3462,,,1,100,,25741,3462,,,1,100,,25742,3462,,,1,100,,25743,3462,,,1,100,,25744,3462,,,1,100,,25745,3462,,,1,100,,25746,3462,,,1
4200,'F1',619,,25747,3462,,,1,100,,25748,3462,,,1,100,,25749,3462,,,1,100,,25750,3462,,,1,100,,25751,3462,,,1,100,,25752,3462,,,1,100,,25753,3462,,,1,100,,25754,3462,,,1,100,,25755,3462,,,1,100,,25756,3462,,,1,100,,25757,3462,,,1,100,,25758,3462,,,1,100,,25759,3462,,,1,100,,25760,3462,,,1,100,,25761,3462,,,1,100,,25762,3462,,,1,100,,25763,3462,,,1,100,,25764,3462,,,1,100,,25765,3462,,,1,100,,25766,3462,,,1
4200,'F2',619,,25784,3462,,,1,100,,25785,3462,,,1,100,,25786,3462,,,1,100,,25767,3462,,,1,100,,25768,3462,,,1,100,,25769,3462,,,1,100,,25770,3462,,,1,100,,25771,3462,,,1,100,,25772,3462,,,1,100,,25773,3462,,,1,100,,25774,3462,,,1,100,,25775,3462,,,1,100,,25776,3462,,,1,100,,25777,3462,,,1,100,,25778,3462,,,1,100,,25779,3462,,,1,100,,25780,3462,,,1,100,,25781,3462,,,1,100,,25782,3462,,,1,100,,25783,3462,,,1
4200,'SA',619,,25804,3462,,,1,100,,25805,3462,,,1,100,,25806,3462,,,1,100,,25787,3462,,,1,100,,25788,3462,,,1,100,,25789,3462,,,1,100,,25790,3462,,,1,100,,25791,3462,,,1,100,,25792,3462,,,1,100,,25793,3462,,,1,100,,25794,3462,,,1,100,,25795,3462,,,1,100,,25796,3462,,,1,100,,25797,3462,,,1,100,,25798,3462,,,1,100,,25799,3462,,,1,100,,25800,3462,,,1,100,,25801,3462,,,1,100,,25802,3462,,,1,100,,25803,3462,,,1
4200,'SE',600,,25835,3462,,,1,36,,25817,3462,,,1,69,,25820,3462,,,1,12,,25816,3462,,,1,6,,25818,3462,,,1,6,,25813,3462,,,1,6,,25814,3462,,,1,22,,25812,3462,,,1,62,,25821,3462,,,1,34,,25848,3462,,,1,70,,25849,3462,,,1,30,,25815,3462,,,1,70,,25839,3462,,,1,30,,25819,3462,,,1,70,,25844,3462,,,1,30,,25822,3462,,,1,70,,25845,3462,,,1,30,,25808,3462,,,1,70,,25825,3462,,,1,30,,25823,3462,,,1,70,,25837,3462,,,1,30,,25847,3462,,,1,71,,25826,3462,,,1,30,,25842,3462,,,1,67,,25840,3462,,,1,24,,25846,3462,,,1,55,,25843,3462,,,1,14,,25807,3462,,,1,14,,25841,3462,,,1,14,,25836,3462,,,1,15,,25838,3462,,,1,67,,25824,3462,,,1,30,,25827,3462,,,1,73,,25831,3462,,,1,74,,25828,3462,,,1,30,,25832,3462,,,1,69,,25829,3462,,,1,30,,25833,3462,,,1,70,,25830,3462,,,1,30,,25834,3462,,,1,91,,25809,3462,,,1,100,,25810,3462,,,1,100,,25811,3462,,,1
6000,'SE',629,,27396,3462,,,1,84,,27397,3462,,,1,37,,27405,3462,,,1,87,,27398,3462,,,1,101,,27404,3462,,,1,100,,27394,3462,,,1,100,,27399,3462,,,1,100,,27395,3462,,,1,100,,27412,3462,,,1,100,,27407,3462,,,1,96,,27408,3462,,,1,70,,27403,3462,,,1,25,,27400,3462,,,1,24,,27401,3462,,,1,68,,27392,3462,,,1,28,,27409,3462,,,1,65,,27402,3462,,,1,30,,27406,3462,,,1,69,,27410,3462,,,1,99,,27391,3462,,,1,99,,27411,3462,,,1,100,,27389,3462,,,1,90,,27393,3462,,,1,100,,27390,3462,,,1
16000,'DI',700,,31058,3462,0,31 32,1,100,,31061,3462,0,31 32,1,100,,31064,3462,0,31 32,1,100,,31059,3462,0,31 32,1,100,,31065,3462,0,31 32,1,100,,31057,3462,0,31 32,1,100,,31066,3462,0,31 32,1,100,,31055,3462,0,31 32,1,100,,31053,3462,0,31 32,1,100,,31062,3462,0,31 32,1,100,,31060,3462,0,31 32,1,100,,31067,3462,0,31 32,1,100,,31063,3462,0,31 32,1,102,,31056,3462,0,31 32,1,98,,31054,3462,0,31 32,1
16000,'F1',700,,31075,3462,0,31 32,1,59,,31070,3462,0,31 32,1,141,,31069,3462,0,31 32,1,100,,31072,3462,0,31 32,1,100,,31076,3462,0,31 32,1,59,,16591,3462,0,31 32,1,141,,31073,3462,0,31 32,1,100,,31068,3462,0,31 32,1,100,,16592,3462,0,31 32,1,100,,31071,3462,0,31 32,1,100,,31074,3462,0,31 32,1,100,,16593,3462,0,31 32,1,100,,31077,3462,0,31 32,1,101,,16594,3462,0,31 32,1,99,,31078,3462,0,31 32,1
16000,'F2',700,,31083,3462,0,31 32,1,59,,31086,3462,0,31 32,1,141,,31082,3462,0,31 32,1,100,,31079,3462,0,31 32,1,100,,31085,3462,0,31 32,1,59,,31090,3462,0,31 32,1,141,,31080,3462,0,31 32,1,100,,31084,3462,0,31 32,1,100,,31091,3462,0,31 32,1,100,,31087,3462,0,31 32,1,100,,31081,3462,0,31 32,1,100,,31092,3462,0,31 32,1,100,,31088,3462,0,31 32,1,101,,31093,3462,0,31 32,1,99,,31089,3462,0,31 32,1
16000,'SA',700,,31098,3462,0,31 32,1,59,,16667,3462,0,31 32,1,141,,31097,3462,0,31 32,1,100,,31094,3462,0,31 32,1,100,,31100,3462,0,31 32,1,59,,31103,3462,0,31 32,1,141,,31095,3462,0,31 32,1,100,,31099,3462,0,31 32,1,100,,31104,3462,0,31 32,1,100,,16668,3462,0,31 32,1,100,,31096,3462,0,31 32,1,100,,31105,3462,0,31 32,1,100,,31101,3462,0,31 32,1,101,,31106,3462,0,31 32,1,99,,31102,3462,0,31 32,1
16000,'SE',614,,31113,3462,0,31 32,1,95,,31127,3462,0,31 32,1,38,,31112,3462,0,31 32,1,95,,31128,3462,0,31 32,1,89,,31124,3462,0,31 32,1,86,,31111,3462,0,31 32,1,100,,31114,3462,0,31 32,1,100,,31115,3462,0,31 32,1,100,,31110,3462,0,31 32,1,100,,31129,3462,0,31 32,1,98,,31108,3462,0,31 32,1,30,,31123,3462,0,31 32,1,68,,31116,3462,0,31 32,1,24,,31107,3462,0,31 32,1,70,,31117,3462,0,31 32,1,28,,31130,3462,0,31 32,1,70,,31109,3462,0,31 32,1,30,,31122,3462,0,31 32,1,70,,31118,3462,0,31 32,1,47,,31121,3462,0,31 32,1,100,,31119,3462,0,31 32,1,100,,31125,3462,0,31 32,1,92,,31120,3462,0,31 32,1,100,,31126,3462,0,31 32,1
52101,'SE',916,,32347,3981,,,2
53601,'SE',916,,32365,2989,,,2
54201,'SE',904,,32373,3548,,,2
67000,'SE',1613,,32453,3005,,,2,1,,32454,3005,,,2,1,,32455,3005,,,2
69601,'SE',833,,32507,1014,,,2,1,,32508,1014,,,2
