4700,'DI',626,,26362,4380,,,1,100,,26348,4380,,,1,100,,26365,4380,,,1,100,,26366,4380,,,1,100,,26349,4380,,,1,100,,26354,4380,,,1,100,,26363,4380,,,1,100,,26350,4380,,,1,104,,26351,4380,,,1,91,,26357,4380,,,1,108,,26358,4380,,,1,102,,26352,4380,,,1,95,,26359,4380,,,1,96,,26355,4380,,,1,100,,26360,4380,,,1,100,,26353,4380,,,1,100,,26356,4380,,,1,100,,26361,4380,,,1,100,,26364,4380,,,1,100,,26367,4380,,,1
4700,'F1',626,,26381,4380,,,1,103,,26385,4380,,,1,101,,26370,4380,,,1,96,,26375,4380,,,1,96,,26371,4380,,,1,104,,26376,4380,,,1,100,,26368,4380,,,1,100,,26377,4380,,,1,95,,26369,4380,,,1,104,,26386,4380,,,1,100,,26382,4380,,,1,101,,26384,4380,,,1,100,,26383,4380,,,1,96,,26372,4380,,,1,100,,26387,4380,,,1,100,,26378,4380,,,1,100,,26379,4380,,,1,100,,26380,4380,,,1,100,,26373,4380,,,1,100,,26374,4380,,,1
4700,'F2',626,,26405,4380,,,1,103,,26391,4380,,,1,101,,26388,4380,,,1,96,,26395,4380,,,1,96,,26389,4380,,,1,104,,26396,4380,,,1,100,,26392,4380,,,1,100,,26397,4380,,,1,95,,26390,4380,,,1,104,,26393,4380,,,1,100,,26398,4380,,,1,101,,26394,4380,,,1,100,,26399,4380,,,1,96,,26402,4380,,,1,100,,26400,4380,,,1,100,,26401,4380,,,1,100,,26403,4380,,,1,100,,26404,4380,,,1,100,,26406,4380,,,1,100,,26407,4380,,,1
4700,'SA',626,,26425,4380,,,1,103,,26411,4380,,,1,101,,26408,4380,,,1,96,,26415,4380,,,1,96,,26409,4380,,,1,104,,26416,4380,,,1,100,,26412,4380,,,1,100,,26417,4380,,,1,95,,26410,4380,,,1,104,,26413,4380,,,1,100,,26418,4380,,,1,101,,26414,4380,,,1,100,,26419,4380,,,1,96,,26422,4380,,,1,100,,26420,4380,,,1,100,,26421,4380,,,1,100,,26423,4380,,,1,100,,26424,4380,,,1,100,,26426,4380,,,1,100,,26427,4380,,,1
4700,'SE',626,,26438,4380,,,1,32,,26439,4380,,,1,69,,26437,4380,,,1,73,,26459,4380,,,1,34,,26441,4380,,,1,70,,26460,4380,,,1,30,,26452,4380,,,1,70,,26458,4380,,,1,30,,26440,4380,,,1,70,,26430,4380,,,1,30,,26455,4380,,,1,70,,26431,4380,,,1,30,,26432,4380,,,1,70,,26442,4380,,,1,30,,26464,4380,,,1,70,,26453,4380,,,1,30,,26433,4380,,,1,70,,26457,4380,,,1,28,,26445,4380,,,1,68,,26462,4380,,,1,36,,26443,4380,,,1,15,,26446,4380,,,1,55,,9568,4380,,,1,15,,26449,4380,,,1,15,,26456,4380,,,1,15,,26444,4380,,,1,55,,9569,4380,,,1,15,,26454,4380,,,1,15,,26450,4380,,,1,18,,26447,4380,,,1,68,,26461,4380,,,1,30,,26434,4380,,,1,70,,26463,4380,,,1,30,,26429,4380,,,1,70,,26436,4380,,,1,30,,26448,4380,,,1,100,,26428,4380,,,1,100,,26451,4380,,,1,100,,26435,4380,,,1
4900,'DI',616,,26587,5577,4,,2,100,,26599,5577,4,,2,100,,26588,5577,4,,2,100,,26594,5577,4,,2,102,,26595,5577,4,,2,100,,26596,5577,4,,2,100,,26597,5577,4,,2,100,,26598,5577,4,,2,100,,26589,5577,4,,2,100,,26590,5577,4,,2,100,,26600,5577,4,,2,100,,26601,5577,4,,2,100,,26586,5577,4,,2,99,,26591,5577,4,,2,100,,26592,5577,4,,2,100,,26602,5577,4,,2,100,,26603,5577,4,,2,98,,26593,5577,4,,2,100,,26585,5577,4,,2
4900,'F1',616,,26605,5577,4,,2,100,,26604,5577,4,,2,100,,26615,5577,4,,2,100,,26621,5577,4,,2,102,,26622,5577,4,,2,100,,26623,5577,4,,2,100,,26608,5577,4,,2,100,,26609,5577,4,,2,100,,26610,5577,4,,2,100,,26611,5577,4,,2,100,,26612,5577,4,,2,100,,26613,5577,4,,2,100,,26614,5577,4,,2,99,,26617,5577,4,,2,100,,26618,5577,4,,2,100,,26606,5577,4,,2,100,,26607,5577,4,,2,98,,26619,5577,4,,2,100,,26616,5577,4,,2,100,,26620,5577,4,,2
4900,'F2',616,,26640,5577,4,,2,100,,26624,5577,4,,2,100,,26641,5577,4,,2,100,,26633,5577,4,,2,102,,26627,5577,4,,2,100,,26628,5577,4,,2,100,,26629,5577,4,,2,100,,26630,5577,4,,2,100,,26634,5577,4,,2,100,,26635,5577,4,,2,100,,26636,5577,4,,2,100,,26637,5577,4,,2,100,,26638,5577,4,,2,99,,26625,5577,4,,2,100,,26639,5577,4,,2,100,,26631,5577,4,,2,100,,26626,5577,4,,2,98,,26642,5577,4,,2,100,,26632,5577,4,,2,100,,26643,5577,4,,2
4900,'SA',616,,26660,5577,4,,2,100,,26644,5577,4,,2,100,,26661,5577,4,,2,100,,26653,5577,4,,2,102,,26647,5577,4,,2,100,,26648,5577,4,,2,100,,26649,5577,4,,2,100,,26650,5577,4,,2,100,,26654,5577,4,,2,100,,26655,5577,4,,2,100,,26656,5577,4,,2,100,,26657,5577,4,,2,100,,26658,5577,4,,2,99,,26645,5577,4,,2,100,,26659,5577,4,,2,100,,26651,5577,4,,2,100,,26646,5577,4,,2,98,,26662,5577,4,,2,100,,26652,5577,4,,2,100,,26663,5577,4,,2
4900,'SE',616,,26682,5577,4,,2,20,,26695,5577,4,,2,15,,26671,5577,4,,2,55,,26685,5577,4,,2,15,,26664,5577,4,,2,16,,26683,5577,4,,2,14,,26686,5577,4,,2,55,,26680,5577,4,,2,15,,26684,5577,4,,2,15,,26687,5577,4,,2,20,,26681,5577,4,,2,60,,26688,5577,4,,2,101,,26696,5577,4,,2,100,,26672,5577,4,,2,101,,26665,5577,4,,2,100,,26673,5577,4,,2,97,,26675,5577,4,,2,100,,26669,5577,4,,2,103,,26668,5577,4,,2,12,,26697,5577,4,,2,19,,26676,5577,4,,2,51,,26692,5577,4,,2,15,,26689,5577,4,,2,15,,26699,5577,4,,2,15,,26693,5577,4,,2,55,,26690,5577,4,,2,15,,26677,5577,4,,2,14,,26694,5577,4,,2,15,,26691,5577,4,,2,71,,26698,5577,4,,2,100,,26666,5577,4,,2,100,,26678,5577,4,,2,100,,26667,5577,4,,2,99,,26679,5577,4,,2,100,,26674,5577,4,,2,100,,26670,5577,4,,2
4901,'DI',616,,26702,0,,,2,100,,26714,0,,,2,100,,26703,0,,,2,100,,26709,0,,,2,102,,26710,0,,,2,100,,26711,0,,,2,100,,26712,0,,,2,100,,26713,0,,,2,100,,26704,0,,,2,100,,26705,0,,,2,100,,26715,0,,,2,100,,26716,0,,,2,100,,26701,0,,,2,99,,26706,0,,,2,100,,26707,0,,,2,100,,26717,0,,,2,100,,26718,0,,,2,98,,26708,0,,,2,100,,26700,0,,,2
4901,'F1',616,,26720,0,,,2,100,,26719,0,,,2,100,,26730,0,,,2,100,,26736,0,,,2,102,,26737,0,,,2,100,,26738,0,,,2,100,,26723,0,,,2,100,,26724,0,,,2,100,,26725,0,,,2,100,,26726,0,,,2,100,,26727,0,,,2,100,,26728,0,,,2,100,,26729,0,,,2,99,,26732,0,,,2,100,,26733,0,,,2,100,,26721,0,,,2,100,,26722,0,,,2,98,,26734,0,,,2,100,,26731,0,,,2,100,,26735,0,,,2
4901,'F2',616,,26755,0,,,2,100,,26739,0,,,2,100,,26756,0,,,2,100,,26748,0,,,2,102,,26742,0,,,2,100,,26743,0,,,2,100,,26744,0,,,2,100,,26745,0,,,2,100,,26749,0,,,2,100,,26750,0,,,2,100,,26751,0,,,2,100,,26752,0,,,2,100,,26753,0,,,2,99,,26740,0,,,2,100,,26754,0,,,2,100,,26746,0,,,2,100,,26741,0,,,2,98,,26757,0,,,2,100,,26747,0,,,2,100,,26758,0,,,2
4901,'SA',616,,26775,0,,,2,100,,26759,0,,,2,100,,26776,0,,,2,100,,26768,0,,,2,102,,26762,0,,,2,100,,26763,0,,,2,100,,26764,0,,,2,100,,26765,0,,,2,100,,26769,0,,,2,100,,26770,0,,,2,100,,26771,0,,,2,100,,26772,0,,,2,100,,26773,0,,,2,99,,26760,0,,,2,100,,26774,0,,,2,100,,26766,0,,,2,100,,26761,0,,,2,98,,26777,0,,,2,100,,26767,0,,,2,100,,26778,0,,,2
4901,'SE',616,,26797,0,,,2,20,,26810,0,,,2,15,,26786,0,,,2,55,,26800,0,,,2,15,,26779,0,,,2,16,,26798,0,,,2,14,,26801,0,,,2,55,,26795,0,,,2,15,,26799,0,,,2,15,,26802,0,,,2,20,,26796,0,,,2,60,,26803,0,,,2,101,,26811,0,,,2,100,,26787,0,,,2,101,,26780,0,,,2,100,,26788,0,,,2,97,,26790,0,,,2,100,,26784,0,,,2,103,,26783,0,,,2,12,,26812,0,,,2,19,,26791,0,,,2,51,,26807,0,,,2,15,,26804,0,,,2,15,,26814,0,,,2,15,,26808,0,,,2,55,,26805,0,,,2,15,,26792,0,,,2,14,,26809,0,,,2,15,,26806,0,,,2,71,,26813,0,,,2,100,,26781,0,,,2,100,,26793,0,,,2,100,,26782,0,,,2,99,,26794,0,,,2,100,,26789,0,,,2,100,,26785,0,,,2
54900,'SE',1638,,32379,8689,,,2
54901,'SE',859,,32380,0,,,2
69000,'SE',1615,,32484,3804,,,2,1,,32483,3804,,,2
69001,'SE',843,,32486,1292,,,2,1,,32485,1292,,,2
