8801,'DI',625,,30188,7984,,,1,30,,30193,7984,,,1,70,,30199,7984,,,1,30,,30209,7984,,,1,69,,30189,7984,,,1,30,,30194,7984,,,1,70,,30200,7984,,,1,28,,30210,7984,,,1,69,,30190,7984,,,1,30,,30195,7984,,,1,69,,30201,7984,,,1,30,,30211,7984,,,1,70,,30191,7984,,,1,30,,30196,7984,,,1,70,,30202,7984,,,1,31,,30212,7984,,,1,70,,30192,7984,,,1,31,,30197,7984,,,1,71,,30203,7984,,,1,29,,15257,7984,,,1,70,,30204,7984,,,1,30,,30198,7984,,,1,70,,30213,7984,,,1,34,,15258,7984,,,1,62,,30205,7984,,,1,106,,30214,7984,,,1,101,,30206,7984,,,1,100,,30215,7984,,,1,100,,30207,7984,,,1,100,,30216,7984,,,1,99,,30208,7984,,,1
8801,'F1',623,,30222,7984,,,1,30,,30221,7984,,,1,70,,30236,7984,,,1,29,,30227,7984,,,1,70,,30223,7984,,,1,30,,15317,7984,,,1,70,,30237,7984,,,1,27,,30228,7984,,,1,70,,30224,7984,,,1,29,,15318,7984,,,1,70,,30238,7984,,,1,31,,30229,7984,,,1,70,,15301,7984,,,1,31,,30233,7984,,,1,68,,30239,7984,,,1,31,,30230,7984,,,1,70,,15302,7984,,,1,30,,30234,7984,,,1,70,,30240,7984,,,1,30,,30219,7984,,,1,70,,15303,7984,,,1,31,,30235,7984,,,1,68,,30241,7984,,,1,32,,30220,7984,,,1,62,,30242,7984,,,1,109,,30231,7984,,,1,100,,30225,7984,,,1,100,,30232,7984,,,1,100,,30226,7984,,,1,98,,30218,7984,,,1,100,,30217,7984,,,1
8801,'F2',623,,30246,7984,,,1,30,,30245,7984,,,1,70,,30267,7984,,,1,29,,30258,7984,,,1,70,,30247,7984,,,1,30,,30271,7984,,,1,70,,30268,7984,,,1,27,,30259,7984,,,1,70,,30251,7984,,,1,29,,30272,7984,,,1,70,,30269,7984,,,1,31,,30260,7984,,,1,70,,30252,7984,,,1,31,,30264,7984,,,1,68,,30248,7984,,,1,31,,30261,7984,,,1,70,,30253,7984,,,1,30,,30265,7984,,,1,70,,30249,7984,,,1,30,,30243,7984,,,1,70,,30254,7984,,,1,31,,30266,7984,,,1,68,,30250,7984,,,1,32,,30244,7984,,,1,62,,30273,7984,,,1,109,,30262,7984,,,1,100,,30255,7984,,,1,100,,30263,7984,,,1,100,,30256,7984,,,1,98,,30270,7984,,,1,100,,30257,7984,,,1
8801,'SA',623,,30277,7984,,,1,30,,30276,7984,,,1,70,,30298,7984,,,1,29,,30289,7984,,,1,70,,30278,7984,,,1,30,,30301,7984,,,1,70,,30299,7984,,,1,27,,30290,7984,,,1,70,,30282,7984,,,1,29,,30302,7984,,,1,70,,30300,7984,,,1,31,,30291,7984,,,1,70,,30283,7984,,,1,31,,30295,7984,,,1,68,,30279,7984,,,1,31,,30292,7984,,,1,70,,30284,7984,,,1,30,,30296,7984,,,1,70,,30280,7984,,,1,30,,30274,7984,,,1,70,,30285,7984,,,1,31,,30297,7984,,,1,68,,30281,7984,,,1,32,,30275,7984,,,1,62,,30303,7984,,,1,109,,30293,7984,,,1,100,,30286,7984,,,1,100,,30294,7984,,,1,100,,30287,7984,,,1,98,,15458,7984,,,1,100,,30288,7984,,,1
8801,'SE',621,,30304,7984,,,1,20,,30316,7984,,,1,15,,30306,7984,,,1,52,,15479,7984,,,1,7,,30308,7984,,,1,18,,30318,7984,,,1,9,,30313,7984,,,1,12,,30320,7984,,,1,52,,30310,7984,,,1,10,,30315,7984,,,1,19,,30345,7984,,,1,18,,30346,7984,,,1,70,,30347,7984,,,1,30,,30319,7984,,,1,70,,30334,7984,,,1,30,,30317,7984,,,1,70,,30314,7984,,,1,30,,30332,7984,,,1,70,,30335,7984,,,1,30,,30309,7984,,,1,70,,30307,7984,,,1,30,,30336,7984,,,1,73,,30311,7984,,,1,29,,30333,7984,,,1,49,,15486,7984,,,1,2,,15491,7984,,,1,2,,30326,7984,,,1,7,,30305,7984,,,1,17,,30327,7984,,,1,18,,30339,7984,,,1,52,,30337,7984,,,1,15,,30340,7984,,,1,17,,30342,7984,,,1,14,,30312,7984,,,1,55,,30321,7984,,,1,14,,30348,7984,,,1,16,,30325,7984,,,1,16,,30328,7984,,,1,57,,30329,7984,,,1,20,,30322,7984,,,1,27,,30343,7984,,,1,72,,30341,7984,,,1,30,,15492,7984,,,1,69,,30323,7984,,,1,30,,30344,7984,,,1,70,,30338,7984,,,1,102,,30324,7984,,,1,98,,30331,7984,,,1,100,,30330,7984,,,1
42800,'DI',617,,31779,9457,,,1,109,,31780,9457,,,1,112,,31781,9457,,,1,109,,31782,9457,,,1,110,,31783,9457,,,1,75,,31789,9457,,,1,75,,31784,9457,,,1,35,,31790,9457,,,1,75,,31785,9457,,,1,35,,31791,9457,,,1,74,,31786,9457,,,1,78,,31792,9457,,,1,34,,31787,9457,,,1,79,,31793,9457,,,1,34,,31788,9457,,,1,152,,31794,9457,,,1,106,,31795,9457,,,1,108,,31796,9457,,,1,110,,31797,9457,,,1,110,,31798,9457,,,1
42800,'F1',617,,17882,9457,,,1,109,,17883,9457,,,1,112,,17884,9457,,,1,109,,17885,9457,,,1,110,,17886,9457,,,1,75,,17892,9457,,,1,75,,17887,9457,,,1,35,,17893,9457,,,1,75,,17888,9457,,,1,35,,17894,9457,,,1,74,,17889,9457,,,1,78,,17895,9457,,,1,34,,17890,9457,,,1,79,,17896,9457,,,1,34,,17891,9457,,,1,152,,17897,9457,,,1,106,,17898,9457,,,1,108,,17899,9457,,,1,110,,17900,9457,,,1,110,,17901,9457,,,1
42800,'F2',617,,31799,9457,,,1,109,,31800,9457,,,1,112,,31801,9457,,,1,109,,31802,9457,,,1,110,,31803,9457,,,1,75,,31809,9457,,,1,75,,31804,9457,,,1,35,,31810,9457,,,1,75,,31805,9457,,,1,35,,31811,9457,,,1,74,,31806,9457,,,1,78,,31812,9457,,,1,34,,31807,9457,,,1,79,,31813,9457,,,1,34,,31808,9457,,,1,152,,31814,9457,,,1,106,,31815,9457,,,1,108,,31816,9457,,,1,110,,31817,9457,,,1,110,,31818,9457,,,1
42800,'SA',617,,31819,9457,,,1,109,,31820,9457,,,1,112,,31821,9457,,,1,109,,31822,9457,,,1,110,,31823,9457,,,1,75,,31829,9457,,,1,75,,31824,9457,,,1,35,,31830,9457,,,1,75,,31825,9457,,,1,35,,31831,9457,,,1,74,,31826,9457,,,1,78,,31832,9457,,,1,34,,31827,9457,,,1,79,,31833,9457,,,1,34,,31828,9457,,,1,152,,31834,9457,,,1,106,,31835,9457,,,1,108,,31836,9457,,,1,110,,31837,9457,,,1,110,,31838,9457,,,1
42800,'SE',532,,31839,9457,,,1,75,,31849,9457,,,1,33,,31840,9457,,,1,84,,31850,9457,,,1,78,,31841,9457,,,1,36,,31851,9457,,,1,77,,31842,9457,,,1,32,,31852,9457,,,1,75,,31843,9457,,,1,35,,31853,9457,,,1,75,,31844,9457,,,1,75,,31854,9457,,,1,33,,31845,9457,,,1,73,,31855,9457,,,1,35,,31846,9457,,,1,74,,31856,9457,,,1,37,,31847,9457,,,1,77,,31857,9457,,,1,76,,31848,9457,,,1,39,,31858,9457,,,1,75,,31865,9457,,,1,79,,31859,9457,,,1,32,,31866,9457,,,1,75,,31860,9457,,,1,107,,31861,9457,,,1,108,,31862,9457,,,1,110,,31863,9457,,,1,110,,31864,9457,,,1
