1400,'SE',649,,22632,17714,,,1,57,,22627,17714,,,1,26,,22628,17714,,,1,14,,22631,17714,,,1,57,,22634,17714,,,1,18,,22633,17714,,,1,30,,22629,17714,,,1,60,,22630,17714,,,1,92,,22642,15467,,,1,100,,22645,15467,,,1,100,,22646,15467,,,1,100,,22635,15467,,,1,100,,22638,15467,,,1,100,,22637,15467,,,1,112,,22641,15467,,,1,13,,3826,15467,,,1,18,,22648,15467,,,1,55,,22647,15467,,,1,21,,22643,15467,,,1,17,,22640,15467,,,1,61,,22636,15467,,,1,18,,22644,15467,,,1,29,,22639,15467,,,1
3300,'SE',1603,,25363,3546,,,2,34,,25360,3546,,,2,67,,25361,3546,,,2,30,,25362,3546,,,2,71,,25364,3546,,,2,28,,25365,3546,,,2
21401,'DI',836,,31462,4351,,,1,100,,31463,4351,,,1,100,,31464,4351,,,1,100,,31465,4351,,,1,100,,31466,4351,,,1,100,,31467,4351,,,1,100,,31468,4351,,,1,100,,31469,4351,,,1,100,,31470,4351,,,1,100,,31471,4351,,,1
21401,'F1',836,,31475,4351,,,1,100,,31472,4351,,,1,100,,31473,4351,,,1,100,,17257,4351,,,1,100,,17258,4351,,,1,100,,17259,4351,,,1,100,,31474,4351,,,1,100,,17261,4351,,,1,100,,17262,4351,,,1,100,,17263,4351,,,1
21401,'F2',836,,31476,4351,,,1,100,,31477,4351,,,1,100,,31478,4351,,,1,100,,31479,4351,,,1,100,,31480,4351,,,1,100,,31481,4351,,,1,100,,31482,4351,,,1,100,,31483,4351,,,1,100,,31484,4351,,,1,100,,31485,4351,,,1
21401,'SA',836,,31486,4351,,,1,100,,31487,4351,,,1,100,,31488,4351,,,1,100,,31489,4351,,,1,100,,31490,4351,,,1,100,,31491,4351,,,1,100,,31492,4351,,,1,100,,31493,4351,,,1,100,,31494,4351,,,1,100,,31495,4351,,,1
53300,'SE',1630,,32358,6909,,,2
53400,'SE',1634,,32360,6909,,,2
55100,'SE',1638,,32383,7305,,,2
69300,'SE',1629,,32493,6610,,,2,1,,32494,6610,,,2
69301,'SE',846,,32496,5748,,,2,1,,32495,5748,,,2
