1401,'SE',558,,22651,3965,,,1,70,,22653,3965,,,1,20,,22656,3965,,,1,55,,22655,3965,,,1,16,,22658,3965,,,1,12,,22652,3965,,,1,16,,22649,3965,,,1,54,,22654,3965,,,1,14,,22657,3965,,,1,16,,22660,3965,,,1,16,,22650,3965,,,1,61,,22659,3965,,,1,24,,22668,3965,,,1,100,,22669,3965,,,1,100,,22673,3965,,,1,100,,22674,3965,,,1,100,,22661,3965,,,1,100,,22665,3965,,,1,100,,22663,3965,,,1,85,,22672,3965,,,1,16,,22667,3965,,,1,19,,22662,3965,,,1,64,,22676,3965,,,1,19,,22675,3965,,,1,21,,22670,3965,,,1,60,,22664,3965,,,1,18,,22666,3965,,,1,69,,22671,3965,,,1
4301,'DI',807,,25991,4225,,,1,100,,25984,4225,,,1,100,,25985,4225,,,1,100,,25986,4225,,,1,101,,25987,4225,,,1,99,,25976,4225,,,1,100,,25977,4225,,,1,100,,25982,4225,,,1,101,,25983,4225,,,1,99,,25988,4225,,,1,100,,25978,4225,,,1,100,,25979,4225,,,1,100,,25980,4225,,,1,100,,25989,4225,,,1,100,,25981,4225,,,1,100,,25992,4225,,,1,99,,25990,4225,,,1,100,,25993,4225,,,1
4301,'F1',707,,26003,4225,,,1,100,,25994,4225,,,1,100,,26004,4225,,,1,100,,26011,4225,,,1,100,,26005,4225,,,1,100,,26009,4225,,,1,100,,25996,4225,,,1,100,,26008,4225,,,1,100,,26006,4225,,,1,101,,26010,4225,,,1,99,,26012,4225,,,1,100,,25995,4225,,,1,100,,25998,4225,,,1,100,,25999,4225,,,1,100,,26007,4225,,,1,100,,26000,4225,,,1,100,,25997,4225,,,1,99,,26001,4225,,,1,100,,26002,4225,,,1
4301,'F2',707,,26021,4225,,,1,100,,26015,4225,,,1,100,,26030,4225,,,1,100,,26026,4225,,,1,100,,26031,4225,,,1,100,,26013,4225,,,1,100,,26020,4225,,,1,100,,26023,4225,,,1,100,,26029,4225,,,1,101,,26014,4225,,,1,99,,26022,4225,,,1,100,,26018,4225,,,1,100,,26024,4225,,,1,100,,26016,4225,,,1,100,,26027,4225,,,1,100,,26019,4225,,,1,100,,26017,4225,,,1,99,,26025,4225,,,1,100,,26028,4225,,,1
4301,'SA',707,,26040,4225,,,1,100,,26034,4225,,,1,100,,26048,4225,,,1,100,,26045,4225,,,1,100,,26049,4225,,,1,100,,26032,4225,,,1,100,,26039,4225,,,1,100,,26042,4225,,,1,100,,8946,4225,,,1,101,,26033,4225,,,1,99,,26041,4225,,,1,100,,26037,4225,,,1,100,,26043,4225,,,1,100,,26035,4225,,,1,100,,26046,4225,,,1,100,,26038,4225,,,1,100,,26036,4225,,,1,99,,26044,4225,,,1,100,,26047,4225,,,1
4301,'SE',654,,26067,4225,,,1,73,,26070,4225,,,1,73,,26051,4225,,,1,22,,26061,4225,,,1,80,,26071,4225,,,1,25,,26050,4225,,,1,30,,26068,4225,,,1,100,,26072,4225,,,1,100,,26052,4225,,,1,100,,26060,4225,,,1,100,,26053,4225,,,1,96,,26069,4225,,,1,74,,26065,4225,,,1,27,,26054,4225,,,1,81,,26055,4225,,,1,66,,26057,4225,,,1,28,,26066,4225,,,1,71,,26063,4225,,,1,30,,26059,4225,,,1,70,,26062,4225,,,1,59,,26075,4225,,,1,100,,26056,4225,,,1,100,,26058,4225,,,1,99,,26073,4225,,,1,100,,26064,4225,,,1,100,,26074,4225,,,1
21400,'DI',911,,31429,3965,,,1,100,,31430,3965,,,1,100,,31431,3965,,,1,100,,31432,3965,,,1,100,,31433,3965,,,1,100,,31434,3965,,,1,100,,31435,3965,,,1,100,,31436,3965,,,1,100,,31437,3965,,,1,100,,31438,3965,,,1
21400,'F1',911,,31439,3965,,,1,100,,31440,3965,,,1,100,,17207,3965,,,1,100,,17208,3965,,,1,100,,17209,3965,,,1,100,,31441,3965,,,1,100,,17211,3965,,,1,100,,17212,3965,,,1,100,,17213,3965,,,1,100,,17214,3965,,,1
21400,'F2',911,,31442,3965,,,1,100,,31443,3965,,,1,100,,31444,3965,,,1,100,,31445,3965,,,1,100,,31446,3965,,,1,100,,31447,3965,,,1,100,,31448,3965,,,1,100,,31449,3965,,,1,100,,31450,3965,,,1,100,,31451,3965,,,1
21400,'SA',911,,31452,3965,,,1,100,,31453,3965,,,1,100,,31454,3965,,,1,100,,31455,3965,,,1,100,,31456,3965,,,1,100,,31457,3965,,,1,100,,31458,3965,,,1,100,,31459,3965,,,1,100,,31460,3965,,,1,100,,31461,3965,,,1
69301,'SE',836,,32496,1979,,,2,1,,32495,1979,,,2
