800,'DI',550,,21738,1736,,,1,71,,21733,1736,,,1,30,,2441,1736,,,1,70,,2447,1736,,,1,30,,21739,1736,,,1,70,,21734,1736,,,1,31,,2442,1736,,,1,70,,2448,1736,,,1,30,,21740,1736,,,1,70,,21735,1736,,,1,30,,2443,1736,,,1,70,,2449,1736,,,1,30,,21741,1736,,,1,70,,2436,1736,,,1,30,,2444,1736,,,1,70,,2450,1736,,,1,30,,21742,1736,,,1,70,,21736,1736,,,1,30,,2445,1736,,,1,70,,21745,1736,,,1,30,,21743,1736,,,1,70,,21737,1736,,,1,30,,2446,1736,,,1,70,,21746,1736,,,1,32,,21744,1736,,,1,83,,2437,1736,,,1,100,,21747,1736,,,1,100,,2438,1736,,,1,99,,21748,1736,,,1,100,,2439,1736,,,1,100,,21749,1736,,,1,100,,2440,1736,,,1,100,,21732,1736,,,1
800,'F1',549,,21771,1736,,,1,70,,21755,1736,,,1,32,,21759,1736,,,1,70,,21769,1736,,,1,31,,21772,1736,,,1,70,,21756,1736,,,1,30,,21760,1736,,,1,70,,21770,1736,,,1,30,,21773,1736,,,1,70,,21757,1736,,,1,30,,21750,1736,,,1,70,,21778,1736,,,1,28,,21774,1736,,,1,72,,21758,1736,,,1,30,,21751,1736,,,1,70,,21779,1736,,,1,30,,21775,1736,,,1,70,,21782,1736,,,1,30,,21752,1736,,,1,70,,21780,1736,,,1,30,,21776,1736,,,1,70,,21783,1736,,,1,30,,21753,1736,,,1,70,,21781,1736,,,1,32,,21777,1736,,,1,68,,21761,1736,,,1,30,,21754,1736,,,1,86,,21765,1736,,,1,99,,21762,1736,,,1,100,,21766,1736,,,1,100,,21763,1736,,,1,100,,21767,1736,,,1,100,,21764,1736,,,1,100,,21768,1736,,,1
800,'F2',549,,21805,1736,,,1,70,,21788,1736,,,1,32,,21801,1736,,,1,70,,21803,1736,,,1,31,,21806,1736,,,1,70,,21789,1736,,,1,30,,21802,1736,,,1,70,,21804,1736,,,1,30,,21807,1736,,,1,70,,21790,1736,,,1,30,,21796,1736,,,1,70,,21812,1736,,,1,28,,21808,1736,,,1,72,,21791,1736,,,1,30,,21797,1736,,,1,70,,21813,1736,,,1,30,,21809,1736,,,1,70,,21816,1736,,,1,30,,21798,1736,,,1,70,,21814,1736,,,1,30,,21810,1736,,,1,70,,21817,1736,,,1,30,,21799,1736,,,1,70,,21815,1736,,,1,32,,21811,1736,,,1,68,,21784,1736,,,1,30,,21800,1736,,,1,86,,21792,1736,,,1,99,,21785,1736,,,1,100,,21793,1736,,,1,100,,21786,1736,,,1,100,,21794,1736,,,1,100,,21787,1736,,,1,100,,21795,1736,,,1
800,'SA',549,,21839,1736,,,1,70,,21822,1736,,,1,32,,21835,1736,,,1,70,,21837,1736,,,1,31,,21840,1736,,,1,70,,21823,1736,,,1,30,,21836,1736,,,1,70,,21838,1736,,,1,30,,21841,1736,,,1,70,,21824,1736,,,1,30,,21830,1736,,,1,70,,21846,1736,,,1,28,,21842,1736,,,1,72,,21825,1736,,,1,30,,21831,1736,,,1,70,,21847,1736,,,1,30,,21843,1736,,,1,70,,2660,1736,,,1,30,,21832,1736,,,1,70,,21848,1736,,,1,30,,21844,1736,,,1,70,,2661,1736,,,1,30,,21833,1736,,,1,70,,21849,1736,,,1,32,,21845,1736,,,1,68,,21818,1736,,,1,30,,21834,1736,,,1,86,,21826,1736,,,1,99,,21819,1736,,,1,100,,21827,1736,,,1,100,,21820,1736,,,1,100,,21828,1736,,,1,100,,21821,1736,,,1,100,,21829,1736,,,1
800,'SE',450,,21884,1736,,,1,68,,21886,1736,,,1,22,,21893,1736,,,1,81,,21850,1736,,,1,30,,21885,1736,,,1,61,,21887,1736,,,1,19,,21878,1736,,,1,13,,21853,1736,,,1,15,,21854,1736,,,1,55,,21857,1736,,,1,15,,21851,1736,,,1,17,,21867,1736,,,1,55,,21863,1736,,,1,15,,21888,1736,,,1,15,,21859,1736,,,1,15,,21912,1736,,,1,55,,21855,1736,,,1,15,,21858,1736,,,1,15,,21852,1736,,,1,15,,21864,1736,,,1,55,,21868,1736,,,1,15,,21896,1736,,,1,15,,21889,1736,,,1,15,,21897,1736,,,1,55,,21871,1736,,,1,15,,21915,1736,,,1,15,,21916,1736,,,1,15,,21913,1736,,,1,55,,21902,1736,,,1,15,,21900,1736,,,1,15,,21879,1736,,,1,15,,21860,1736,,,1,55,,21898,1736,,,1,15,,21856,1736,,,1,15,,21914,1736,,,1,14,,21901,1736,,,1,14,,21910,1736,,,1,44,,21872,1736,,,1,13,,21869,1736,,,1,15,,21905,1736,,,1,15,,21904,1736,,,1,55,,21890,1736,,,1,15,,21861,1736,,,1,12,,21899,1736,,,1,12,,21917,1736,,,1,13,,21903,1736,,,1,51,,21883,1736,,,1,12,,21882,1736,,,1,12,,21911,1736,,,1,12,,21870,1736,,,1,12,,21906,1736,,,1,52,,21876,1736,,,1,12,,21877,1736,,,1,10,,21894,1736,,,1,10,,21862,1736,,,1,20,,21880,1736,,,1,67,,21907,1736,,,1,30,,21891,1736,,,1,70,,21895,1736,,,1,29,,21881,1736,,,1,70,,21908,1736,,,1,30,,21892,1736,,,1,85,,21873,1736,,,1,100,,21909,1736,,,1,99,,21874,1736,,,1,100,,21875,1736,,,1
2800,'DI',845,,24697,1736,0,39 40,1,100,,24702,1736,0,39 40,1,100,,24700,1736,0,39 40,1,100,,24698,1736,0,39 40,1,100,,24699,1736,0,39 40,1,100,,24703,1736,0,39 40,1,100,,24706,1736,0,39 40,1,101,,24705,1736,0,39 40,1,99,,24704,1736,0,39 40,1,100,,24701,1736,0,39 40,1
2800,'F1',847,,24713,1736,0,39 40,1,98,,24711,1736,0,39 40,1,103,,24707,1736,0,39 40,1,97,,24714,1736,0,39 40,1,101,,24712,1736,0,39 40,1,100,,24716,1736,0,39 40,1,99,,24708,1736,0,39 40,1,103,,24710,1736,0,39 40,1,99,,24715,1736,0,39 40,1,98,,24709,1736,0,39 40,1
2800,'F2',847,,24724,1736,0,39 40,1,98,,24719,1736,0,39 40,1,103,,24717,1736,0,39 40,1,97,,24721,1736,0,39 40,1,101,,24720,1736,0,39 40,1,100,,24722,1736,0,39 40,1,99,,24718,1736,0,39 40,1,103,,24726,1736,0,39 40,1,99,,24725,1736,0,39 40,1,98,,24723,1736,0,39 40,1
2800,'SA',847,,24733,1736,0,39 40,1,98,,24729,1736,0,39 40,1,103,,24727,1736,0,39 40,1,97,,24730,1736,0,39 40,1,101,,6923,1736,0,39 40,1,100,,24731,1736,0,39 40,1,99,,24728,1736,0,39 40,1,103,,24735,1736,0,39 40,1,99,,24734,1736,0,39 40,1,98,,24732,1736,0,39 40,1
2800,'SE',609,,24771,1736,0,39 40,1,46,,24769,1736,0,39 40,1,62,,24772,1736,0,39 40,1,3,,24773,1736,0,39 40,1,16,,24737,1736,0,39 40,1,13,,24752,1736,0,39 40,1,55,,24770,1736,0,39 40,1,15,,24736,1736,0,39 40,1,14,,24742,1736,0,39 40,1,18,,24754,1736,0,39 40,1,70,,24738,1736,0,39 40,1,30,,24753,1736,0,39 40,1,70,,24755,1736,0,39 40,1,30,,24739,1736,0,39 40,1,70,,24760,1736,0,39 40,1,30,,24756,1736,0,39 40,1,70,,24740,1736,0,39 40,1,30,,24761,1736,0,39 40,1,70,,24757,1736,0,39 40,1,30,,24741,1736,0,39 40,1,69,,24762,1736,0,39 40,1,31,,24774,1736,0,39 40,1,56,,24766,1736,0,39 40,1,14,,24764,1736,0,39 40,1,15,,24748,1736,0,39 40,1,15,,24776,1736,0,39 40,1,55,,24743,1736,0,39 40,1,14,,24745,1736,0,39 40,1,12,,24775,1736,0,39 40,1,12,,24767,1736,0,39 40,1,12,,24765,1736,0,39 40,1,52,,24758,1736,0,39 40,1,12,,24749,1736,0,39 40,1,12,,24763,1736,0,39 40,1,12,,24744,1736,0,39 40,1,12,,24768,1736,0,39 40,1,52,,24747,1736,0,39 40,1,13,,24751,1736,0,39 40,1,95,,24746,1736,0,39 40,1,100,,24759,1736,0,39 40,1,99,,24750,1736,0,39 40,1
7500,'DI',625,,28782,1679,0,41,2,100,,28786,1679,0,41,2,100,,28780,1679,0,41,2,100,,28783,1679,0,41,2,100,,28787,1679,0,41,2,100,,28784,1679,0,41,2,100,,28785,1679,0,41,2,100,,28788,1679,0,41,2,100,,28794,1679,0,41,2,100,,28795,1679,0,41,2,100,,28789,1679,0,41,2,100,,28790,1679,0,41,2,100,,28791,1679,0,41,2,100,,28781,1679,0,41,2,100,,28796,1679,0,41,2,100,,28792,1679,0,41,2,100,,28797,1679,0,41,2,100,,28793,1679,0,41,2,100,,28798,1679,0,41,2
7500,'F1',625,,28808,1679,0,41,2,100,,28815,1679,0,41,2,100,,28810,1679,0,41,2,100,,28813,1679,0,41,2,100,,28814,1679,0,41,2,100,,28811,1679,0,41,2,100,,28804,1679,0,41,2,100,,28812,1679,0,41,2,100,,28805,1679,0,41,2,100,,28806,1679,0,41,2,100,,28816,1679,0,41,2,105,,28817,1679,0,41,2,95,,28818,1679,0,41,2,100,,28799,1679,0,41,2,100,,28801,1679,0,41,2,100,,28800,1679,0,41,2,100,,28807,1679,0,41,2,100,,28802,1679,0,41,2,100,,28803,1679,0,41,2,100,,28809,1679,0,41,2
7500,'F2',625,,28822,1679,0,41,2,100,,28832,1679,0,41,2,100,,28837,1679,0,41,2,100,,28823,1679,0,41,2,100,,28821,1679,0,41,2,100,,28833,1679,0,41,2,100,,28824,1679,0,41,2,100,,28827,1679,0,41,2,100,,28834,1679,0,41,2,100,,28825,1679,0,41,2,100,,28826,1679,0,41,2,105,,28835,1679,0,41,2,95,,28836,1679,0,41,2,100,,28828,1679,0,41,2,100,,28829,1679,0,41,2,100,,28831,1679,0,41,2,100,,28830,1679,0,41,2,100,,28820,1679,0,41,2,100,,28819,1679,0,41,2,100,,28838,1679,0,41,2
7500,'SA',625,,28842,1679,0,41,2,100,,28851,1679,0,41,2,100,,28856,1679,0,41,2,100,,28843,1679,0,41,2,100,,28841,1679,0,41,2,100,,28852,1679,0,41,2,100,,28844,1679,0,41,2,100,,28847,1679,0,41,2,100,,28853,1679,0,41,2,100,,28845,1679,0,41,2,100,,28846,1679,0,41,2,105,,28854,1679,0,41,2,95,,28855,1679,0,41,2,100,,28848,1679,0,41,2,100,,28849,1679,0,41,2,100,,13140,1679,0,41,2,100,,28850,1679,0,41,2,100,,28840,1679,0,41,2,100,,28839,1679,0,41,2,100,,28857,1679,0,41,2
7500,'SE',615,,28860,1679,0,41,2,110,,28868,1679,0,41,2,100,,28869,1679,0,41,2,100,,28858,1679,0,41,2,100,,28865,1679,0,41,2,100,,28859,1679,0,41,2,100,,28871,1679,0,41,2,100,,28870,1679,0,41,2,100,,28866,1679,0,41,2,101,,28861,1679,0,41,2,99,,28872,1679,0,41,2,100,,28873,1679,0,41,2,100,,28874,1679,0,41,2,100,,28862,1679,0,41,2,100,,28867,1679,0,41,2,100,,28863,1679,0,41,2,100,,28875,1679,0,41,2,100,,28864,1679,0,41,2,100,,28876,1679,0,41,2,100,,28877,1679,0,41,2
8100,'DI',651,,29499,1669,,,1,100,,29488,1669,,,1,103,,29495,1669,,,1,100,,29489,1669,,,1,100,,29497,1669,,,1,100,,29501,1669,,,1,100,,29502,1669,,,1,100,,29492,1669,,,1,100,,29496,1669,,,1,100,,29487,1669,,,1,96,,29500,1669,,,1,108,,29490,1669,,,1,96,,29498,1669,,,1,100,,29491,1669,,,1,100,,29503,1669,,,1,100,,29493,1669,,,1,100,,29505,1669,,,1,100,,29504,1669,,,1,100,,29494,1669,,,1
8100,'F1',651,,29506,1669,,,1,100,,29513,1669,,,1,103,,29521,1669,,,1,100,,29518,1669,,,1,100,,29507,1669,,,1,100,,29514,1669,,,1,100,,29511,1669,,,1,100,,29519,1669,,,1,100,,29525,1669,,,1,100,,29522,1669,,,1,100,,29520,1669,,,1,104,,29517,1669,,,1,96,,29516,1669,,,1,100,,29523,1669,,,1,100,,29509,1669,,,1,100,,29512,1669,,,1,100,,29515,1669,,,1,100,,29508,1669,,,1,100,,29510,1669,,,1,100,,29524,1669,,,1
8100,'F2',651,,29537,1669,,,1,100,,29543,1669,,,1,103,,29538,1669,,,1,100,,29539,1669,,,1,100,,29544,1669,,,1,100,,29526,1669,,,1,100,,29528,1669,,,1,100,,29533,1669,,,1,100,,29540,1669,,,1,100,,29545,1669,,,1,100,,29531,1669,,,1,104,,29534,1669,,,1,96,,29541,1669,,,1,100,,29527,1669,,,1,100,,29535,1669,,,1,100,,29530,1669,,,1,100,,29542,1669,,,1,100,,29536,1669,,,1,100,,29532,1669,,,1,100,,29529,1669,,,1
8100,'SA',651,,29557,1669,,,1,100,,29563,1669,,,1,103,,29558,1669,,,1,100,,29559,1669,,,1,100,,14262,1669,,,1,100,,29546,1669,,,1,100,,29548,1669,,,1,100,,29553,1669,,,1,100,,29560,1669,,,1,100,,29564,1669,,,1,100,,29551,1669,,,1,104,,29554,1669,,,1,96,,29561,1669,,,1,100,,29547,1669,,,1,100,,29555,1669,,,1,100,,29550,1669,,,1,100,,29562,1669,,,1,100,,29556,1669,,,1,100,,29552,1669,,,1,100,,29549,1669,,,1
8100,'SE',612,,29568,1669,,,1,38,,29579,1669,,,1,69,,29575,1669,,,1,31,,29583,1669,,,1,69,,29580,1669,,,1,36,,29573,1669,,,1,99,,29565,1669,,,1,100,,29581,1669,,,1,100,,29574,1669,,,1,100,,29590,1669,,,1,100,,29588,1669,,,1,100,,29571,1669,,,1,69,,29586,1669,,,1,32,,29591,1669,,,1,70,,29582,1669,,,1,30,,29576,1669,,,1,70,,29567,1669,,,1,30,,29587,1669,,,1,70,,29577,1669,,,1,29,,29566,1669,,,1,100,,29572,1669,,,1,100,,29569,1669,,,1,100,,29584,1669,,,1,100,,29589,1669,,,1,100,,29570,1669,,,1,100,,29585,1669,,,1,100,,29578,1669,,,1
8800,'DI',706,,30028,1736,,,1,30,,30033,1736,,,1,70,,30039,1736,,,1,30,,30048,1736,,,1,70,,30029,1736,,,1,30,,30034,1736,,,1,71,,30040,1736,,,1,30,,30049,1736,,,1,70,,30030,1736,,,1,30,,30035,1736,,,1,70,,30041,1736,,,1,30,,30050,1736,,,1,70,,30031,1736,,,1,30,,30036,1736,,,1,70,,30042,1736,,,1,30,,15002,1736,,,1,70,,30043,1736,,,1,30,,30037,1736,,,1,70,,30051,1736,,,1,30,,15003,1736,,,1,70,,30044,1736,,,1,30,,30038,1736,,,1,70,,30052,1736,,,1,100,,30045,1736,,,1,100,,30053,1736,,,1,100,,30046,1736,,,1,100,,30054,1736,,,1,98,,30047,1736,,,1,100,,30027,1736,,,1,100,,30032,1736,,,1
8800,'F1',706,,30061,1736,,,1,30,,15061,1736,,,1,71,,30074,1736,,,1,30,,30065,1736,,,1,70,,30062,1736,,,1,30,,15062,1736,,,1,70,,30075,1736,,,1,30,,30066,1736,,,1,70,,15046,1736,,,1,30,,30070,1736,,,1,70,,30076,1736,,,1,30,,30067,1736,,,1,70,,15047,1736,,,1,30,,30071,1736,,,1,70,,30077,1736,,,1,30,,30057,1736,,,1,70,,15048,1736,,,1,30,,30072,1736,,,1,70,,30078,1736,,,1,30,,30058,1736,,,1,71,,30079,1736,,,1,29,,30073,1736,,,1,71,,30068,1736,,,1,29,,30059,1736,,,1,70,,30063,1736,,,1,100,,30069,1736,,,1,100,,30064,1736,,,1,99,,30056,1736,,,1,100,,30055,1736,,,1,100,,30060,1736,,,1,100,,15032,1736,,,1
8800,'F2',706,,30083,1736,,,1,30,,30108,1736,,,1,71,,30104,1736,,,1,30,,30095,1736,,,1,70,,30088,1736,,,1,30,,30109,1736,,,1,70,,30105,1736,,,1,30,,30096,1736,,,1,70,,30089,1736,,,1,30,,30100,1736,,,1,70,,30085,1736,,,1,30,,30097,1736,,,1,70,,30090,1736,,,1,30,,30101,1736,,,1,70,,30086,1736,,,1,30,,30080,1736,,,1,70,,30091,1736,,,1,30,,30102,1736,,,1,70,,30087,1736,,,1,30,,30081,1736,,,1,71,,30110,1736,,,1,29,,30103,1736,,,1,71,,30098,1736,,,1,29,,30082,1736,,,1,70,,30092,1736,,,1,100,,30099,1736,,,1,100,,30093,1736,,,1,99,,30107,1736,,,1,100,,30094,1736,,,1,100,,30106,1736,,,1,100,,30084,1736,,,1
8800,'SA',706,,30114,1736,,,1,30,,30138,1736,,,1,71,,30135,1736,,,1,30,,30126,1736,,,1,70,,30119,1736,,,1,30,,30139,1736,,,1,70,,30136,1736,,,1,30,,30127,1736,,,1,70,,30120,1736,,,1,30,,30131,1736,,,1,70,,30116,1736,,,1,30,,30128,1736,,,1,70,,30121,1736,,,1,30,,30132,1736,,,1,70,,30117,1736,,,1,30,,30111,1736,,,1,70,,30122,1736,,,1,30,,30133,1736,,,1,70,,30118,1736,,,1,30,,30112,1736,,,1,71,,30140,1736,,,1,29,,30134,1736,,,1,71,,30129,1736,,,1,29,,30113,1736,,,1,70,,30123,1736,,,1,100,,30130,1736,,,1,100,,30124,1736,,,1,99,,15203,1736,,,1,100,,30125,1736,,,1,100,,30137,1736,,,1,100,,30115,1736,,,1
8800,'SE',704,,30151,1736,,,1,21,,30183,1736,,,1,15,,30184,1736,,,1,14,,15219,1736,,,1,55,,30185,1736,,,1,15,,30153,1736,,,1,15,,30154,1736,,,1,69,,30173,1736,,,1,30,,30152,1736,,,1,70,,30150,1736,,,1,30,,30171,1736,,,1,70,,30174,1736,,,1,30,,30143,1736,,,1,70,,30141,1736,,,1,30,,30175,1736,,,1,70,,30144,1736,,,1,30,,30172,1736,,,1,70,,30187,1736,,,1,30,,30176,1736,,,1,17,,30178,1736,,,1,56,,30180,1736,,,1,15,,30145,1736,,,1,15,,30156,1736,,,1,15,,30186,1736,,,1,55,,30161,1736,,,1,13,,30165,1736,,,1,12,,30142,1736,,,1,12,,30166,1736,,,1,52,,30158,1736,,,1,13,,30163,1736,,,1,11,,30149,1736,,,1,12,,30181,1736,,,1,12,,30146,1736,,,1,52,,30157,1736,,,1,12,,30179,1736,,,1,19,,30162,1736,,,1,15,,15235,1736,,,1,62,,30159,1736,,,1,30,,30182,1736,,,1,70,,30177,1736,,,1,29,,15236,1736,,,1,70,,30160,1736,,,1,30,,30148,1736,,,1,70,,30169,1736,,,1,100,,30167,1736,,,1,99,,30170,1736,,,1,100,,30168,1736,,,1
