801,'DI',603,,21918,17277,,,1,30,,2745,17277,,,1,70,,2752,17277,,,1,30,,21925,17277,,,1,70,,21919,17277,,,1,32,,2746,17277,,,1,70,,2753,17277,,,1,30,,21926,17277,,,1,69,,21920,17277,,,1,30,,2747,17277,,,1,70,,2754,17277,,,1,30,,21927,17277,,,1,70,,21921,17277,,,1,30,,2748,17277,,,1,70,,2755,17277,,,1,30,,21928,17277,,,1,71,,2741,17277,,,1,30,,2749,17277,,,1,71,,2756,17277,,,1,30,,21929,17277,,,1,69,,21923,17277,,,1,30,,2750,17277,,,1,70,,21932,17277,,,1,30,,21930,17277,,,1,19,,21922,17277,,,1,52,,21924,17277,,,1,30,,2751,17277,,,1,68,,21933,17277,,,1,30,,21931,17277,,,1,85,,2742,17277,,,1,100,,21934,17277,,,1,100,,2743,17277,,,1,99,,21935,17277,,,1,100,,2744,17277,,,1,99,,21936,17277,,,1
801,'F1',603,,21941,17277,,,1,30,,21946,17277,,,1,70,,21956,17277,,,1,30,,21959,17277,,,1,70,,21942,17277,,,1,33,,21947,17277,,,1,70,,21957,17277,,,1,30,,21960,17277,,,1,67,,21943,17277,,,1,29,,21948,17277,,,1,70,,21958,17277,,,1,30,,21961,17277,,,1,71,,21944,17277,,,1,30,,21937,17277,,,1,71,,21966,17277,,,1,30,,21962,17277,,,1,71,,21945,17277,,,1,30,,21938,17277,,,1,70,,21967,17277,,,1,30,,21963,17277,,,1,70,,21970,17277,,,1,30,,21939,17277,,,1,70,,21968,17277,,,1,30,,21964,17277,,,1,65,,21949,17277,,,1,10,,21971,17277,,,1,19,,21940,17277,,,1,30,,21969,17277,,,1,70,,21965,17277,,,1,90,,21950,17277,,,1,100,,21953,17277,,,1,100,,21951,17277,,,1,96,,21954,17277,,,1,100,,21952,17277,,,1,99,,21955,17277,,,1
801,'F2',603,,21976,17277,,,1,30,,21988,17277,,,1,70,,21991,17277,,,1,30,,21994,17277,,,1,70,,21977,17277,,,1,33,,21989,17277,,,1,70,,21992,17277,,,1,30,,21995,17277,,,1,67,,21978,17277,,,1,29,,21990,17277,,,1,70,,21993,17277,,,1,30,,21996,17277,,,1,71,,21979,17277,,,1,30,,21984,17277,,,1,71,,22001,17277,,,1,30,,21997,17277,,,1,71,,21980,17277,,,1,30,,21985,17277,,,1,70,,22002,17277,,,1,30,,21998,17277,,,1,70,,22005,17277,,,1,30,,21986,17277,,,1,70,,22003,17277,,,1,30,,21999,17277,,,1,65,,21972,17277,,,1,10,,22006,17277,,,1,19,,21987,17277,,,1,30,,22004,17277,,,1,70,,22000,17277,,,1,90,,21973,17277,,,1,100,,21981,17277,,,1,100,,21974,17277,,,1,96,,21982,17277,,,1,100,,21975,17277,,,1,99,,21983,17277,,,1
801,'SA',603,,22011,17277,,,1,30,,22023,17277,,,1,70,,22026,17277,,,1,30,,22029,17277,,,1,70,,22012,17277,,,1,33,,22024,17277,,,1,70,,22027,17277,,,1,30,,22030,17277,,,1,67,,22013,17277,,,1,29,,22025,17277,,,1,70,,22028,17277,,,1,30,,22031,17277,,,1,71,,22014,17277,,,1,30,,22019,17277,,,1,71,,22036,17277,,,1,30,,22032,17277,,,1,71,,22015,17277,,,1,30,,22020,17277,,,1,70,,22037,17277,,,1,30,,22033,17277,,,1,70,,2977,17277,,,1,30,,22021,17277,,,1,70,,22038,17277,,,1,30,,22034,17277,,,1,65,,22007,17277,,,1,10,,2978,17277,,,1,19,,22022,17277,,,1,30,,22039,17277,,,1,70,,22035,17277,,,1,90,,22008,17277,,,1,100,,22016,17277,,,1,100,,22009,17277,,,1,96,,22017,17277,,,1,100,,22010,17277,,,1,99,,22018,17277,,,1
801,'SE',530,,22066,17277,,,1,73,,22040,17277,,,1,27,,22074,17277,,,1,21,,22076,17277,,,1,6,,22073,17277,,,1,55,,22108,17277,,,1,5,,22083,17277,,,1,11,,22086,17277,,,1,4,,22088,17277,,,1,5,,22045,17277,,,1,3,,22101,17277,,,1,5,,22049,17277,,,1,4,,22109,17277,,,1,3,,22107,17277,,,1,3,,22110,17277,,,1,4,,22056,17277,,,1,49,,22041,17277,,,1,6,,22113,17277,,,1,5,,22068,17277,,,1,7,,22058,17277,,,1,12,,22075,17277,,,1,18,,22077,17277,,,1,58,,22067,17277,,,1,13,,22044,17277,,,1,15,,22046,17277,,,1,15,,22050,17277,,,1,55,,22042,17277,,,1,17,,22059,17277,,,1,15,,22055,17277,,,1,14,,22078,17277,,,1,55,,22052,17277,,,1,16,,22103,17277,,,1,15,,22047,17277,,,1,15,,22051,17277,,,1,55,,22043,17277,,,1,15,,22057,17277,,,1,15,,22060,17277,,,1,56,,22087,17277,,,1,15,,22079,17277,,,1,15,,22089,17277,,,1,15,,22062,17277,,,1,55,,22106,17277,,,1,15,,22112,17277,,,1,15,,22104,17277,,,1,15,,22094,17277,,,1,59,,22092,17277,,,1,15,,22069,17277,,,1,13,,22111,17277,,,1,22,,22053,17277,,,1,51,,22090,17277,,,1,10,,22048,17277,,,1,14,,22105,17277,,,1,16,,22093,17277,,,1,58,,22102,17277,,,1,15,,22061,17277,,,1,12,,22097,17277,,,1,16,,22096,17277,,,1,55,,22080,17277,,,1,15,,22054,17277,,,1,12,,22091,17277,,,1,21,,22095,17277,,,1,61,,22072,17277,,,1,27,,22098,17277,,,1,68,,22084,17277,,,1,31,,22070,17277,,,1,67,,22099,17277,,,1,33,,22081,17277,,,1,67,,22085,17277,,,1,11,,22063,17277,,,1,20,,22071,17277,,,1,69,,22100,17277,,,1,20,,22082,17277,,,1,91,,22064,17277,,,1,100,,22065,17277,,,1
2801,'DI',951,,24777,10953,,,1,100,,24782,10953,,,1,100,,24780,10953,,,1,102,,24778,10953,,,1,100,,24779,10953,,,1,100,,24783,10953,,,1,97,,24786,10953,,,1,99,,24785,10953,,,1,96,,24784,10953,,,1,105,,24781,10953,,,1
2801,'F1',951,,24793,10953,,,1,100,,24791,10953,,,1,100,,24787,10953,,,1,102,,24794,10953,,,1,100,,24792,10953,,,1,100,,24796,10953,,,1,97,,24788,10953,,,1,96,,24790,10953,,,1,99,,24795,10953,,,1,105,,24789,10953,,,1
2801,'F2',951,,24804,10953,,,1,100,,24799,10953,,,1,100,,24797,10953,,,1,102,,24801,10953,,,1,100,,24800,10953,,,1,100,,24802,10953,,,1,97,,24798,10953,,,1,96,,24806,10953,,,1,99,,24805,10953,,,1,105,,24803,10953,,,1
2801,'SA',951,,24813,10953,,,1,100,,24809,10953,,,1,100,,24807,10953,,,1,102,,24810,10953,,,1,100,,7052,10953,,,1,100,,24811,10953,,,1,97,,24808,10953,,,1,96,,24815,10953,,,1,99,,24814,10953,,,1,105,,24812,10953,,,1
2801,'SE',702,,24831,10953,,,1,23,,24849,12662,,,1,18,,24838,10953,,,1,61,,24847,12662,,,1,27,,24850,12662,,,1,21,,24829,10953,,,1,60,,24848,12662,,,1,24,,24820,10953,,,1,69,,24832,10953,,,1,30,,24816,10953,,,1,70,,24830,10953,,,1,30,,24833,10953,,,1,70,,24817,10953,,,1,30,,24839,10953,,,1,70,,24834,10953,,,1,30,,24818,10953,,,1,70,,24840,10953,,,1,32,,24835,10953,,,1,70,,24819,10953,,,1,21,,24841,10953,,,1,12,,24821,10953,,,1,17,,24823,10953,,,1,50,,24851,12662,,,1,17,,24845,10953,,,1,13,,24843,10953,,,1,15,,24826,10953,,,1,58,,24853,12662,,,1,13,,24822,10953,,,1,16,,24824,10953,,,1,13,,24852,12662,,,1,58,,24844,10953,,,1,14,,24836,10953,,,1,20,,24842,10953,,,1,61,,24846,10953,,,1,23,,24828,10953,,,1,100,,24825,10953,,,1,100,,24837,10953,,,1,100,,24827,10953,,,1
7501,'DI',552,,28892,5091,,,2,100,,28880,5091,,,2,100,,28884,5091,,,2,100,,28878,5091,,,2,101,,28881,5091,,,2,100,,28885,5091,,,2,100,,28882,5091,,,2,100,,28883,5091,,,2,100,,28886,5091,,,2,100,,28893,5091,,,2,100,,28894,5091,,,2,100,,28887,5091,,,2,100,,28888,5091,,,2,100,,28889,5091,,,2,100,,28879,5091,,,2,99,,28895,5091,,,2,100,,28890,5091,,,2,100,,28896,5091,,,2,100,,28891,5091,,,2
7501,'F1',552,,13203,5091,,,2,100,,28906,5091,,,2,100,,28912,5091,,,2,100,,28907,5091,,,2,101,,28910,5091,,,2,100,,28911,5091,,,2,100,,28908,5091,,,2,100,,28902,5091,,,2,100,,28909,5091,,,2,100,,28903,5091,,,2,100,,28904,5091,,,2,100,,28913,5091,,,2,105,,28914,5091,,,2,95,,28915,5091,,,2,100,,28897,5091,,,2,99,,28899,5091,,,2,100,,28898,5091,,,2,100,,28905,5091,,,2,100,,28900,5091,,,2,100,,28901,5091,,,2
7501,'F2',552,,28927,5091,,,2,100,,28919,5091,,,2,100,,28930,5091,,,2,100,,28935,5091,,,2,101,,28920,5091,,,2,100,,28918,5091,,,2,100,,28931,5091,,,2,100,,28921,5091,,,2,100,,28924,5091,,,2,100,,28932,5091,,,2,100,,28922,5091,,,2,100,,28923,5091,,,2,105,,28933,5091,,,2,95,,28934,5091,,,2,100,,28925,5091,,,2,99,,28926,5091,,,2,100,,28929,5091,,,2,100,,28928,5091,,,2,100,,28917,5091,,,2,100,,28916,5091,,,2
7501,'SA',552,,28947,5091,,,2,100,,28939,5091,,,2,100,,28949,5091,,,2,100,,28954,5091,,,2,101,,28940,5091,,,2,100,,28938,5091,,,2,100,,28950,5091,,,2,100,,28941,5091,,,2,100,,28944,5091,,,2,100,,28951,5091,,,2,100,,28942,5091,,,2,100,,28943,5091,,,2,105,,28952,5091,,,2,95,,28953,5091,,,2,100,,28945,5091,,,2,99,,28946,5091,,,2,100,,13279,5091,,,2,100,,28948,5091,,,2,100,,28937,5091,,,2,100,,28936,5091,,,2
7501,'SE',553,,28957,5091,,,2,90,,28958,5091,,,2,72,,28976,5091,,,2,20,,28969,5091,,,2,20,,28966,5091,,,2,98,,28967,5091,,,2,100,,28955,5091,,,2,100,,28963,5091,,,2,100,,28956,5091,,,2,100,,28970,5091,,,2,100,,28968,5091,,,2,100,,28964,5091,,,2,101,,28959,5091,,,2,101,,28971,5091,,,2,99,,28972,5091,,,2,98,,28973,5091,,,2,100,,28960,5091,,,2,100,,28965,5091,,,2,100,,28961,5091,,,2,100,,28974,5091,,,2,100,,28962,5091,,,2,100,,28975,5091,,,2
8101,'DI',649,,29607,20944,,,1,100,,29604,20944,,,1,100,,29593,20944,,,1,103,,29600,20944,,,1,100,,29594,20944,,,1,100,,29602,20944,,,1,100,,29606,20944,,,1,100,,29608,20944,,,1,100,,29597,20944,,,1,100,,29601,20944,,,1,100,,29592,20944,,,1,96,,29605,20944,,,1,108,,29595,20944,,,1,96,,29603,20944,,,1,100,,29596,20944,,,1,100,,29609,20944,,,1,100,,29598,20944,,,1,100,,29611,20944,,,1,100,,29610,20944,,,1
8101,'F1',649,,29614,20944,,,1,100,,29612,20944,,,1,100,,29620,20944,,,1,103,,29628,20944,,,1,100,,29625,20944,,,1,100,,29613,20944,,,1,100,,29621,20944,,,1,100,,29618,20944,,,1,100,,29626,20944,,,1,100,,29632,20944,,,1,100,,29629,20944,,,1,100,,29627,20944,,,1,104,,29624,20944,,,1,96,,29623,20944,,,1,100,,29630,20944,,,1,100,,29616,20944,,,1,100,,29619,20944,,,1,100,,29622,20944,,,1,100,,29615,20944,,,1,100,,29617,20944,,,1
8101,'F2',649,,29638,20944,,,1,100,,29645,20944,,,1,100,,29651,20944,,,1,103,,29646,20944,,,1,100,,29647,20944,,,1,100,,29652,20944,,,1,100,,29633,20944,,,1,100,,29635,20944,,,1,100,,29641,20944,,,1,100,,29648,20944,,,1,100,,29653,20944,,,1,100,,29639,20944,,,1,104,,29642,20944,,,1,96,,29649,20944,,,1,100,,29634,20944,,,1,100,,29643,20944,,,1,100,,29637,20944,,,1,100,,29650,20944,,,1,100,,29644,20944,,,1,100,,29640,20944,,,1
8101,'SA',649,,29659,20944,,,1,100,,29666,20944,,,1,100,,29672,20944,,,1,103,,29667,20944,,,1,100,,29668,20944,,,1,100,,14421,20944,,,1,100,,29654,20944,,,1,100,,29656,20944,,,1,100,,29662,20944,,,1,100,,29669,20944,,,1,100,,29673,20944,,,1,100,,29660,20944,,,1,104,,29663,20944,,,1,96,,29670,20944,,,1,100,,29655,20944,,,1,100,,29664,20944,,,1,100,,29658,20944,,,1,100,,29671,20944,,,1,100,,29665,20944,,,1,100,,29661,20944,,,1
8101,'SE',620,,29691,20944,,,1,30,,29688,20944,,,1,62,,29677,20944,,,1,38,,29689,20944,,,1,70,,29684,20944,,,1,31,,29694,20944,,,1,69,,29690,20944,,,1,36,,29682,20944,,,1,98,,29674,20944,,,1,100,,29692,20944,,,1,100,,29683,20944,,,1,100,,29701,20944,,,1,100,,29699,20944,,,1,100,,29680,20944,,,1,71,,29697,20944,,,1,30,,29702,20944,,,1,70,,29693,20944,,,1,30,,29685,20944,,,1,70,,29676,20944,,,1,30,,29698,20944,,,1,70,,29686,20944,,,1,26,,29675,20944,,,1,100,,29681,20944,,,1,100,,29678,20944,,,1,100,,29695,20944,,,1,100,,29700,20944,,,1,100,,29679,20944,,,1,100,,29696,20944,,,1
8801,'DI',650,,30188,16548,,,1,70,,30193,16548,,,1,30,,30199,16548,,,1,70,,30209,16548,,,1,30,,30189,16548,,,1,70,,30194,16548,,,1,30,,30200,16548,,,1,70,,30210,16548,,,1,29,,30190,16548,,,1,70,,30195,16548,,,1,30,,30201,16548,,,1,70,,30211,16548,,,1,30,,30191,16548,,,1,70,,30196,16548,,,1,30,,30202,16548,,,1,71,,30212,16548,,,1,30,,30192,16548,,,1,71,,30197,16548,,,1,29,,30203,16548,,,1,69,,15257,16548,,,1,30,,30204,16548,,,1,70,,30198,16548,,,1,30,,30213,16548,,,1,72,,15258,16548,,,1,22,,30205,16548,,,1,106,,30214,16548,,,1,100,,30206,16548,,,1,100,,30215,16548,,,1,98,,30207,16548,,,1,100,,30216,16548,,,1,99,,30208,16548,,,1
8801,'F1',648,,30222,16548,,,1,70,,30221,16548,,,1,30,,30236,16548,,,1,70,,30227,16548,,,1,30,,30223,16548,,,1,70,,15317,16548,,,1,32,,30237,16548,,,1,67,,30228,16548,,,1,30,,30224,16548,,,1,69,,15318,16548,,,1,30,,30238,16548,,,1,71,,30229,16548,,,1,30,,15301,16548,,,1,71,,30233,16548,,,1,28,,30239,16548,,,1,71,,30230,16548,,,1,30,,15302,16548,,,1,70,,30234,16548,,,1,30,,30240,16548,,,1,70,,30219,16548,,,1,30,,15303,16548,,,1,71,,30235,16548,,,1,28,,30241,16548,,,1,72,,30220,16548,,,1,20,,30242,16548,,,1,109,,30231,16548,,,1,100,,30225,16548,,,1,100,,30232,16548,,,1,100,,30226,16548,,,1,95,,30218,16548,,,1,100,,30217,16548,,,1
8801,'F2',648,,30246,16548,,,1,70,,30245,16548,,,1,30,,30267,16548,,,1,70,,30258,16548,,,1,30,,30247,16548,,,1,70,,30271,16548,,,1,32,,30268,16548,,,1,67,,30259,16548,,,1,30,,30251,16548,,,1,69,,30272,16548,,,1,30,,30269,16548,,,1,71,,30260,16548,,,1,30,,30252,16548,,,1,71,,30264,16548,,,1,28,,30248,16548,,,1,71,,30261,16548,,,1,30,,30253,16548,,,1,70,,30265,16548,,,1,30,,30249,16548,,,1,70,,30243,16548,,,1,30,,30254,16548,,,1,71,,30266,16548,,,1,28,,30250,16548,,,1,72,,30244,16548,,,1,20,,30273,16548,,,1,109,,30262,16548,,,1,100,,30255,16548,,,1,100,,30263,16548,,,1,100,,30256,16548,,,1,95,,30270,16548,,,1,100,,30257,16548,,,1
8801,'SA',648,,30277,16548,,,1,70,,30276,16548,,,1,30,,30298,16548,,,1,70,,30289,16548,,,1,30,,30278,16548,,,1,70,,30301,16548,,,1,32,,30299,16548,,,1,67,,30290,16548,,,1,30,,30282,16548,,,1,69,,30302,16548,,,1,30,,30300,16548,,,1,71,,30291,16548,,,1,30,,30283,16548,,,1,71,,30295,16548,,,1,28,,30279,16548,,,1,71,,30292,16548,,,1,30,,30284,16548,,,1,70,,30296,16548,,,1,30,,30280,16548,,,1,70,,30274,16548,,,1,30,,30285,16548,,,1,71,,30297,16548,,,1,28,,30281,16548,,,1,72,,30275,16548,,,1,20,,30303,16548,,,1,109,,30293,16548,,,1,100,,30286,16548,,,1,100,,30294,16548,,,1,100,,30287,16548,,,1,95,,15458,16548,,,1,100,,30288,16548,,,1
8801,'SE',647,,30304,16548,,,1,60,,30316,16548,,,1,15,,30306,16548,,,1,12,,15479,16548,,,1,7,,30308,16548,,,1,62,,30318,16548,,,1,9,,30313,16548,,,1,12,,30320,16548,,,1,11,,30310,16548,,,1,10,,30315,16548,,,1,58,,30345,16548,,,1,18,,30346,16548,,,1,30,,30347,16548,,,1,70,,30319,16548,,,1,30,,30334,16548,,,1,70,,30317,16548,,,1,30,,30314,16548,,,1,70,,30332,16548,,,1,30,,30335,16548,,,1,70,,30309,16548,,,1,30,,30307,16548,,,1,70,,30336,16548,,,1,33,,30311,16548,,,1,69,,30333,16548,,,1,9,,15486,16548,,,1,2,,15491,16548,,,1,2,,30326,16548,,,1,7,,30305,16548,,,1,60,,30327,16548,,,1,18,,30339,16548,,,1,12,,30337,16548,,,1,15,,30340,16548,,,1,60,,30342,16548,,,1,12,,30312,16548,,,1,15,,30321,16548,,,1,14,,30348,16548,,,1,56,,30325,16548,,,1,13,,30328,16548,,,1,17,,30329,16548,,,1,16,,30322,16548,,,1,67,,30343,16548,,,1,32,,30341,16548,,,1,70,,15492,16548,,,1,27,,30323,16548,,,1,70,,30344,16548,,,1,30,,30338,16548,,,1,100,,30324,16548,,,1,98,,30331,16548,,,1,100,,30330,16548,,,1
60801,'SE',1528,,32407,12144,,,2,2,,32408,12144,,,2
