2300,'F1',649,,24556,3948,,,1,100,,24557,3948,,,1,100,,24553,3948,,,1,101,,24549,3948,,,1,99,,24551,3948,,,1,103,,24552,3948,,,1,97,,24558,3948,,,1,100,,24550,3948,,,1,100,,24554,3948,,,1,100,,24555,3948,,,1,100,,24559,3948,,,1,102,,24560,3948,,,1
2300,'F2',649,,24569,3948,,,1,100,,24570,3948,,,1,100,,24561,3948,,,1,101,,24562,3948,,,1,99,,24565,3948,,,1,103,,24566,3948,,,1,97,,24571,3948,,,1,100,,24572,3948,,,1,100,,24568,3948,,,1,100,,24567,3948,,,1,100,,24563,3948,,,1,102,,24564,3948,,,1
2300,'SA',649,,24581,3948,,,1,100,,24582,3948,,,1,100,,24573,3948,,,1,101,,24574,3948,,,1,99,,24577,3948,,,1,103,,24578,3948,,,1,97,,24583,3948,,,1,100,,24584,3948,,,1,100,,24580,3948,,,1,100,,24579,3948,,,1,100,,24575,3948,,,1,102,,24576,3948,,,1
2300,'SE',950,,24587,3948,,,1,100,,24585,3948,,,1,100,,24588,3948,,,1,100,,24589,3948,,,1,100,,24586,3948,,,1
12300,'DI',619,,30605,3948,0,46 47,1,100,,30615,3948,0,46 47,1,100,,30606,3948,0,46 47,1,100,,30616,3948,0,46 47,1,100,,30607,3948,0,46 47,1,100,,30617,3948,0,46 47,1,105,,30608,3948,0,46 47,1,95,,30618,3948,0,46 47,1,100,,30609,3948,0,46 47,1,100,,30619,3948,0,46 47,1,100,,30610,3948,0,46 47,1,100,,30620,3948,0,46 47,1,100,,30611,3948,0,46 47,1,100,,30621,3948,0,46 47,1,100,,30612,3948,0,46 47,1,100,,30622,3948,0,46 47,1,100,,30613,3948,0,46 47,1,100,,30623,3948,0,46 47,1,100,,30614,3948,0,46 47,1
12300,'F1',619,,30632,3948,0,46 47,1,100,,30636,3948,0,46 47,1,100,,30626,3948,0,46 47,1,105,,30637,3948,0,46 47,1,99,,30627,3948,0,46 47,1,100,,30624,3948,0,46 47,1,100,,30628,3948,0,46 47,1,96,,30625,3948,0,46 47,1,100,,30629,3948,0,46 47,1,100,,30630,3948,0,46 47,1,104,,30638,3948,0,46 47,1,101,,30631,3948,0,46 47,1,99,,30639,3948,0,46 47,1,96,,30633,3948,0,46 47,1,100,,30640,3948,0,46 47,1,100,,30634,3948,0,46 47,1,100,,30641,3948,0,46 47,1,100,,30635,3948,0,46 47,1,100,,30642,3948,0,46 47,1
12300,'F2',619,,30644,3948,0,46 47,1,100,,30643,3948,0,46 47,1,100,,30645,3948,0,46 47,1,105,,30654,3948,0,46 47,1,99,,30646,3948,0,46 47,1,100,,30655,3948,0,46 47,1,100,,30647,3948,0,46 47,1,96,,30656,3948,0,46 47,1,100,,30648,3948,0,46 47,1,100,,30657,3948,0,46 47,1,104,,30649,3948,0,46 47,1,101,,30658,3948,0,46 47,1,99,,30650,3948,0,46 47,1,96,,30659,3948,0,46 47,1,100,,30651,3948,0,46 47,1,100,,30660,3948,0,46 47,1,100,,30652,3948,0,46 47,1,100,,30661,3948,0,46 47,1,100,,30653,3948,0,46 47,1
12300,'SA',619,,30663,3948,0,46 47,1,100,,30662,3948,0,46 47,1,100,,30664,3948,0,46 47,1,105,,30673,3948,0,46 47,1,99,,30665,3948,0,46 47,1,100,,30674,3948,0,46 47,1,100,,30666,3948,0,46 47,1,96,,30675,3948,0,46 47,1,100,,30667,3948,0,46 47,1,100,,30676,3948,0,46 47,1,104,,30668,3948,0,46 47,1,101,,30677,3948,0,46 47,1,99,,30669,3948,0,46 47,1,96,,30678,3948,0,46 47,1,100,,30670,3948,0,46 47,1,100,,30679,3948,0,46 47,1,100,,30671,3948,0,46 47,1,100,,30680,3948,0,46 47,1,100,,30672,3948,0,46 47,1
12300,'SE',511,,30700,3948,0,46 47,1,33,,30681,3948,0,46 47,1,15,,30688,3948,0,46 47,1,50,,30682,3948,0,46 47,1,10,,30702,3948,0,46 47,1,10,,30693,3948,0,46 47,1,12,,30703,3948,0,46 47,1,8,,30683,3948,0,46 47,1,52,,30707,3948,0,46 47,1,10,,30684,3948,0,46 47,1,21,,30708,3948,0,46 47,1,17,,30704,3948,0,46 47,1,69,,30710,3948,0,46 47,1,29,,30709,3948,0,46 47,1,69,,30690,3948,0,46 47,1,102,,30685,3948,0,46 47,1,100,,30695,3948,0,46 47,1,99,,30705,3948,0,46 47,1,101,,30697,3948,0,46 47,1,5,,30694,3948,0,46 47,1,93,,30701,3948,0,46 47,1,30,,30711,3948,0,46 47,1,71,,30698,3948,0,46 47,1,26,,30696,3948,0,46 47,1,71,,30713,3948,0,46 47,1,31,,30715,3948,0,46 47,1,71,,30687,3948,0,46 47,1,30,,30699,3948,0,46 47,1,76,,30686,3948,0,46 47,1,28,,30712,3948,0,46 47,1,70,,30706,3948,0,46 47,1,30,,30689,3948,0,46 47,1,70,,30714,3948,0,46 47,1,100,,30691,3948,0,46 47,1,100,,30716,3948,0,46 47,1,98,,30692,3948,0,46 47,1,100,,30717,3948,0,46 47,1
17000,'SE',550,,31359,6576,0,48,2,70,,31363,6576,0,48,2,31,,31360,6576,0,48,2,70,,31364,6576,0,48,2,30,,31361,6576,0,48,2,73,,31365,6576,0,48,2,28,,31362,6576,0,48,2,692,,31366,6576,0,48,2,70,,31370,6576,0,48,2,30,,31367,6576,0,48,2,70,,31371,6576,0,48,2,30,,31368,6576,0,48,2,70,,31372,6576,0,48,2,30,,31369,6576,0,48,2
