401,'DI',609,,20881,18058,,,1,30,,20888,18058,,,1,70,,20900,18058,,,1,30,,20896,18058,,,1,70,,20882,18058,,,1,30,,20889,18058,,,1,72,,20902,18058,,,1,30,,20904,18058,,,1,70,,20883,18058,,,1,30,,20890,18058,,,1,70,,20903,18058,,,1,30,,20905,18058,,,1,70,,20884,18058,,,1,30,,20910,18058,,,1,70,,20911,18058,,,1,30,,20906,18058,,,1,71,,20885,18058,,,1,29,,20891,18058,,,1,70,,20913,18058,,,1,30,,20894,18058,,,1,72,,20886,18058,,,1,29,,20892,18058,,,1,70,,20914,18058,,,1,34,,20895,18058,,,1,65,,20907,18058,,,1,30,,20912,18058,,,1,70,,20909,18058,,,1,30,,20887,18058,,,1,71,,20908,18058,,,1,29,,20897,18058,,,1,70,,20880,18058,,,1,30,,20893,18058,,,1,100,,20899,18058,,,1,100,,20901,18058,,,1,100,,20898,18058,,,1
401,'F1',609,,20915,18058,,,1,30,,20923,18058,,,1,70,,20926,18058,,,1,30,,20920,18058,,,1,70,,20916,18058,,,1,30,,20924,18058,,,1,72,,20945,18058,,,1,30,,20921,18058,,,1,70,,20917,18058,,,1,30,,20935,18058,,,1,70,,20946,18058,,,1,30,,1236,18058,,,1,70,,20943,18058,,,1,32,,20925,18058,,,1,70,,20947,18058,,,1,30,,20928,18058,,,1,70,,20936,18058,,,1,30,,20918,18058,,,1,70,,20927,18058,,,1,30,,20944,18058,,,1,70,,20937,18058,,,1,30,,20933,18058,,,1,70,,20938,18058,,,1,30,,20932,18058,,,1,70,,20941,18058,,,1,28,,20942,18058,,,1,70,,20919,18058,,,1,30,,20930,18058,,,1,70,,20940,18058,,,1,30,,20929,18058,,,1,70,,20934,18058,,,1,30,,20922,18058,,,1,100,,20939,18058,,,1,100,,1223,18058,,,1,100,,20931,18058,,,1
401,'F2',609,,20949,18058,,,1,30,,20956,18058,,,1,70,,20958,18058,,,1,30,,20953,18058,,,1,70,,20950,18058,,,1,30,,20957,18058,,,1,72,,20959,18058,,,1,30,,20954,18058,,,1,70,,20951,18058,,,1,30,,20977,18058,,,1,70,,20960,18058,,,1,30,,20971,18058,,,1,70,,20981,18058,,,1,32,,20969,18058,,,1,70,,20980,18058,,,1,30,,20964,18058,,,1,70,,20948,18058,,,1,30,,20961,18058,,,1,70,,20972,18058,,,1,30,,20982,18058,,,1,70,,20979,18058,,,1,30,,20968,18058,,,1,70,,20974,18058,,,1,30,,20967,18058,,,1,70,,20955,18058,,,1,28,,20973,18058,,,1,70,,20963,18058,,,1,30,,20952,18058,,,1,70,,20976,18058,,,1,30,,20962,18058,,,1,70,,20975,18058,,,1,30,,20978,18058,,,1,100,,20970,18058,,,1,100,,20966,18058,,,1,100,,20965,18058,,,1
401,'SA',609,,20983,18058,,,1,30,,1360,18058,,,1,70,,1362,18058,,,1,30,,1358,18058,,,1,70,,20984,18058,,,1,30,,1361,18058,,,1,72,,1363,18058,,,1,30,,1359,18058,,,1,70,,20985,18058,,,1,30,,21003,18058,,,1,70,,1364,18058,,,1,30,,20997,18058,,,1,70,,21007,18058,,,1,32,,20995,18058,,,1,70,,21006,18058,,,1,30,,20990,18058,,,1,70,,1356,18058,,,1,30,,1365,18058,,,1,70,,20998,18058,,,1,30,,21008,18058,,,1,70,,21005,18058,,,1,30,,20994,18058,,,1,70,,21000,18058,,,1,30,,20993,18058,,,1,70,,20987,18058,,,1,28,,20999,18058,,,1,70,,20989,18058,,,1,30,,20986,18058,,,1,70,,21002,18058,,,1,30,,20988,18058,,,1,70,,21001,18058,,,1,30,,21004,18058,,,1,100,,20996,18058,,,1,100,,20992,18058,,,1,100,,20991,18058,,,1
401,'SE',615,,21024,18058,,,1,22,,21022,18058,,,1,18,,21034,18058,,,1,61,,21011,18058,,,1,34,,21009,18058,,,1,74,,21012,18058,,,1,33,,21040,18058,,,1,70,,21020,18058,,,1,31,,21027,18058,,,1,70,,1417,18058,,,1,30,,21042,18058,,,1,70,,21036,18058,,,1,30,,21013,18058,,,1,70,,21031,18058,,,1,73,,1416,18058,,,1,32,,21032,18058,,,1,70,,21021,18058,,,1,30,,21030,18058,,,1,26,,21010,18058,,,1,74,,21038,18058,,,1,15,,1420,18058,,,1,63,,21014,18058,,,1,22,,21033,18058,,,1,19,,21016,18058,,,1,60,,21017,18058,,,1,25,,21035,18058,,,1,13,,21041,18058,,,1,60,,21037,18058,,,1,24,,21026,18058,,,1,15,,1421,18058,,,1,67,,21015,18058,,,1,30,,21039,18058,,,1,67,,21023,18058,,,1,28,,21018,18058,,,1,70,,21029,18058,,,1,30,,21043,18058,,,1,70,,21044,18058,,,1,100,,21019,18058,,,1,96,,21025,18058,,,1,100,,21028,18058,,,1
3201,'DI',542,,25245,7848,,,2,99,,25246,7848,,,2,101,,25247,7848,,,2,99,,25248,7848,,,2,102,,25249,7848,,,2,100,,25252,7848,,,2,102,,25254,7848,,,2,102,,25250,7848,,,2,103,,25256,7848,,,2,98,,25255,7848,,,2,104,,25258,7848,,,2,96,,25257,7848,,,2,99,,25260,7848,,,2,99,,25259,7848,,,2,99,,25253,7848,,,2,100,,25243,7848,,,2,100,,25261,7848,,,2,100,,25263,7848,,,2,100,,25251,7848,,,2,100,,25262,7848,,,2,99,,25244,7848,,,2
3201,'F1',542,,25264,7848,,,2,99,,25265,7848,,,2,101,,25266,7848,,,2,96,,25267,7848,,,2,103,,25268,7848,,,2,101,,25274,7848,,,2,103,,25282,7848,,,2,100,,25281,7848,,,2,106,,25284,7848,,,2,102,,25283,7848,,,2,97,,25269,7848,,,2,98,,25271,7848,,,2,99,,25275,7848,,,2,99,,25270,7848,,,2,99,,25272,7848,,,2,100,,25276,7848,,,2,100,,25277,7848,,,2,100,,25279,7848,,,2,100,,25280,7848,,,2,100,,25278,7848,,,2,99,,25273,7848,,,2
3201,'F2',542,,25286,7848,,,2,99,,25287,7848,,,2,101,,25288,7848,,,2,96,,25289,7848,,,2,103,,25290,7848,,,2,101,,25296,7848,,,2,103,,25291,7848,,,2,100,,25305,7848,,,2,106,,25297,7848,,,2,102,,25292,7848,,,2,97,,25293,7848,,,2,98,,25298,7848,,,2,99,,25299,7848,,,2,99,,25294,7848,,,2,99,,25301,7848,,,2,100,,25300,7848,,,2,100,,25302,7848,,,2,100,,25304,7848,,,2,100,,25303,7848,,,2,100,,25295,7848,,,2,99,,25285,7848,,,2
3201,'SA',542,,25307,7848,,,2,99,,25308,7848,,,2,101,,25309,7848,,,2,96,,25310,7848,,,2,103,,25311,7848,,,2,101,,25317,7848,,,2,103,,25312,7848,,,2,100,,25326,7848,,,2,106,,25318,7848,,,2,102,,25313,7848,,,2,97,,25314,7848,,,2,98,,25319,7848,,,2,99,,25320,7848,,,2,99,,25315,7848,,,2,99,,25322,7848,,,2,100,,25321,7848,,,2,100,,25323,7848,,,2,100,,25325,7848,,,2,100,,25324,7848,,,2,100,,25316,7848,,,2,99,,25306,7848,,,2
3201,'SE',519,,25342,12135,,,2,30,,25348,12135,,,2,70,,25346,12135,,,2,30,,25351,12135,,,2,76,,25349,12135,,,2,27,,25343,12135,,,2,64,,25340,12135,,,2,30,,25347,12135,,,2,75,,25338,12135,,,2,94,,25334,7848,,,2,101,,25335,7848,,,2,100,,25337,7848,,,2,100,,25329,7848,,,2,100,,7845,7848,,,2,103,,25330,7848,,,2,105,,25327,7848,,,2,21,,25341,12135,,,2,71,,25345,12135,,,2,30,,25352,12135,,,2,70,,25350,12135,,,2,23,,25344,12135,,,2,71,,25353,12135,,,2,25,,25339,12135,,,2,86,,25336,7848,,,2,100,,25332,7848,,,2,98,,25333,7848,,,2,100,,25328,7848,,,2,98,,25331,7848,,,2
3801,'DI',621,,25521,5384,,,1,100,,25528,5384,,,1,100,,25526,5384,,,1,100,,25522,5384,,,1,100,,25529,5384,,,1,100,,25517,5384,,,1,100,,25534,5384,,,1,100,,25520,5384,,,1,98,,25527,5384,,,1,99,,25530,5384,,,1,103,,25518,5384,,,1,101,,25523,5384,,,1,100,,25524,5384,,,1,99,,25519,5384,,,1,100,,25531,5384,,,1,100,,25525,5384,,,1,100,,25532,5384,,,1,100,,25535,5384,,,1,100,,25533,5384,,,1
3801,'F1',620,,25552,5384,,,1,100,,25536,5384,,,1,99,,25553,5384,,,1,101,,25538,5384,,,1,100,,25554,5384,,,1,100,,25539,5384,,,1,100,,25540,5384,,,1,100,,25544,5384,,,1,100,,25541,5384,,,1,100,,25545,5384,,,1,101,,25542,5384,,,1,100,,25546,5384,,,1,100,,25543,5384,,,1,99,,25537,5384,,,1,100,,25547,5384,,,1,100,,25550,5384,,,1,100,,25548,5384,,,1,100,,25551,5384,,,1,100,,25549,5384,,,1
3801,'F2',620,,25557,5384,,,1,100,,25566,5384,,,1,99,,25560,5384,,,1,101,,25567,5384,,,1,100,,25561,5384,,,1,100,,25568,5384,,,1,100,,25562,5384,,,1,100,,25569,5384,,,1,100,,25563,5384,,,1,100,,25558,5384,,,1,101,,25564,5384,,,1,100,,25559,5384,,,1,100,,25565,5384,,,1,99,,25555,5384,,,1,100,,25570,5384,,,1,100,,25556,5384,,,1,100,,25571,5384,,,1,100,,25573,5384,,,1,100,,25572,5384,,,1
3801,'SA',620,,25576,5384,,,1,100,,25585,5384,,,1,99,,25579,5384,,,1,101,,25586,5384,,,1,100,,25580,5384,,,1,100,,25587,5384,,,1,100,,25581,5384,,,1,100,,25588,5384,,,1,100,,25582,5384,,,1,100,,25577,5384,,,1,101,,25583,5384,,,1,100,,25578,5384,,,1,100,,25584,5384,,,1,99,,25574,5384,,,1,100,,25589,5384,,,1,100,,25575,5384,,,1,100,,25590,5384,,,1,100,,25592,5384,,,1,100,,25591,5384,,,1
3801,'SE',529,,25593,5384,,,1,30,,25605,5384,,,1,71,,25596,5384,,,1,74,,25606,5384,,,1,34,,25599,5384,,,1,64,,25598,5384,,,1,28,,25608,5384,,,1,75,,25607,5384,,,1,29,,25617,5384,,,1,75,,25621,5384,,,1,100,,25623,5384,,,1,100,,25610,5384,,,1,100,,25624,5384,,,1,98,,25611,5384,,,1,98,,25615,5384,,,1,15,,25618,5384,,,1,17,,25602,5384,,,1,22,,25612,5384,,,1,61,,25594,5384,,,1,20,,25597,5384,,,1,61,,25609,5384,,,1,20,,25622,5384,,,1,19,,25620,5384,,,1,62,,25601,5384,,,1,18,,25603,5384,,,1,20,,25616,5384,,,1,80,,25613,5384,,,1,95,,25619,5384,,,1,99,,25614,5384,,,1,99,,25600,5384,,,1,100,,25604,5384,,,1,100,,25595,5384,,,1
53200,'SE',1636,,32354,8069,,,2,1,,32355,8069,,,2
