6100,'DI',720,,27440,13008,,,2,89,,27444,13008,,,2,30,,27441,13008,,,2,70,,27447,13008,,,2,30,,27445,13008,,,2,70,,27442,13008,,,2,30,,27448,13008,,,2,70,,27450,13008,,,2,30,,27455,13008,,,2,70,,27460,13008,,,2,30,,27451,13008,,,2,70,,27456,13008,,,2,30,,27461,13008,,,2,70,,27452,13008,,,2,30,,27457,13008,,,2,70,,27463,13008,,,2,30,,27453,13008,,,2,74,,27458,13008,,,2,21,,27464,13008,,,2,75,,27467,13008,,,2,20,,27471,13008,,,2,80,,27465,13008,,,2,25,,27468,13008,,,2,70,,27472,13008,,,2,45,,27469,13008,,,2,100,,27473,13008,,,2,100,,27475,13008,,,2,100,,27477,13008,,,2,100,,27479,13008,,,2,100,,27480,13008,,,2
6100,'F1',720,,27481,13008,,,2,89,,27485,13008,,,2,30,,27482,13008,,,2,70,,27488,13008,,,2,30,,27486,13008,,,2,70,,27483,13008,,,2,30,,27489,13008,,,2,70,,27491,13008,,,2,30,,27496,13008,,,2,70,,27499,13008,,,2,30,,27492,13008,,,2,70,,27497,13008,,,2,30,,27500,13008,,,2,70,,27493,13008,,,2,30,,27502,13008,,,2,70,,27507,13008,,,2,30,,27494,13008,,,2,74,,27503,13008,,,2,21,,27508,13008,,,2,75,,27511,13008,,,2,20,,27504,13008,,,2,80,,27509,13008,,,2,25,,27512,13008,,,2,70,,27505,13008,,,2,45,,27514,13008,,,2,100,,27517,13008,,,2,100,,27515,13008,,,2,100,,27519,13008,,,2,100,,27518,13008,,,2,100,,27520,13008,,,2
6100,'F2',720,,27521,13008,,,2,89,,27525,13008,,,2,30,,27522,13008,,,2,70,,27528,13008,,,2,30,,27526,13008,,,2,70,,27523,13008,,,2,30,,27529,13008,,,2,70,,27531,13008,,,2,30,,27536,13008,,,2,70,,27539,13008,,,2,30,,27532,13008,,,2,70,,27537,13008,,,2,30,,27540,13008,,,2,70,,27533,13008,,,2,30,,27542,13008,,,2,70,,27547,13008,,,2,30,,27534,13008,,,2,74,,27543,13008,,,2,21,,27548,13008,,,2,75,,27551,13008,,,2,20,,27544,13008,,,2,80,,27549,13008,,,2,25,,27552,13008,,,2,70,,27545,13008,,,2,45,,27554,13008,,,2,100,,27557,13008,,,2,100,,27555,13008,,,2,100,,27559,13008,,,2,100,,27558,13008,,,2,100,,27560,13008,,,2
6100,'SA',720,,27561,13008,,,2,89,,27565,13008,,,2,30,,27562,13008,,,2,70,,27568,13008,,,2,30,,27566,13008,,,2,70,,27563,13008,,,2,30,,27569,13008,,,2,70,,27571,13008,,,2,30,,27576,13008,,,2,70,,27579,13008,,,2,30,,27572,13008,,,2,70,,27577,13008,,,2,30,,27580,13008,,,2,70,,27573,13008,,,2,30,,27582,13008,,,2,70,,27587,13008,,,2,30,,27574,13008,,,2,74,,27583,13008,,,2,21,,27588,13008,,,2,75,,27591,13008,,,2,20,,27584,13008,,,2,80,,27589,13008,,,2,25,,27592,13008,,,2,70,,27585,13008,,,2,45,,27594,13008,,,2,100,,27597,13008,,,2,100,,27595,13008,,,2,100,,27599,13008,,,2,100,,27598,13008,,,2,100,,27600,13008,,,2
6100,'SE',629,,27603,13008,,,2,28,,27601,13008,,,2,66,,27610,13008,,,2,9,,27615,13008,,,2,19,,27607,13008,,,2,66,,27604,13008,,,2,22,,27612,13008,,,2,15,,27617,13008,,,2,76,,27608,13008,,,2,70,,27605,13008,,,2,30,,27613,13008,,,2,71,,27657,13008,,,2,30,,27611,13008,,,2,70,,27618,13008,,,2,30,,27622,13008,,,2,70,,27619,13008,,,2,30,,27620,13008,,,2,73,,27624,13008,,,2,21,,27627,13008,,,2,27,,27632,13008,,,2,63,,27621,13008,,,2,20,,27623,13008,,,2,24,,27635,13008,,,2,44,,27638,13008,,,2,25,,27628,13008,,,2,7,,27630,13008,,,2,14,,27639,13008,,,2,53,,27640,13008,,,2,14,,27625,13008,,,2,15,,27644,13008,,,2,6,,27647,13008,,,2,18,,27636,13008,,,2,54,,27633,13008,,,2,24,,27649,13008,,,2,24,,27641,13008,,,2,68,,27652,13008,,,2,29,,27655,13008,,,2,70,,27645,13008,,,2,29,,27648,13008,,,2,70,,27656,13008,,,2,30,,27642,13008,,,2,68,,27653,13008,,,2,30,,27650,13008,,,2,69,,27646,13008,,,2,30,,27654,13008,,,2,70,,27651,13008,,,2
8500,'SE',1635,,30017,16297,,,2,24,,30014,16297,,,2,64,,30016,16297,,,2,28,,30015,16297,,,2
16100,'DI',630,,31230,16153,,,2,1172,,31229,16153,,,2
16100,'F1',630,,31242,16153,,,2,1102,,31241,16153,,,2
16100,'F2',630,,31254,16153,,,2,1102,,31255,16153,,,2
16100,'SA',630,,31267,16153,,,2,1102,,31268,16153,,,2
16100,'SE',708,,31282,16043,,,2,25,,31283,16043,,,2,25,,31281,16043,,,2,462,,31285,16153,,,2,389,,31287,16153,,,2,41,,31288,16153,,,2,80,,31284,16153,,,2,100,,31286,16153,,,2
