2301,'F1',622,,24597,8472,,,1,103,,24598,8472,,,1,103,,24599,8472,,,1,100,,24594,8472,,,1,103,,24590,8472,,,1,99,,24592,8472,,,1,103,,24593,8472,,,1,97,,24600,8472,,,1,99,,24591,8472,,,1,100,,24595,8472,,,1,100,,24596,8472,,,1,100,,24601,8472,,,1
2301,'F2',622,,24609,8472,,,1,103,,24610,8472,,,1,103,,24611,8472,,,1,100,,24602,8472,,,1,103,,24603,8472,,,1,99,,24605,8472,,,1,103,,24606,8472,,,1,97,,24612,8472,,,1,99,,24613,8472,,,1,100,,24608,8472,,,1,100,,24607,8472,,,1,100,,24604,8472,,,1
2301,'SA',622,,24621,8472,,,1,103,,24622,8472,,,1,103,,24623,8472,,,1,100,,24614,8472,,,1,103,,24615,8472,,,1,99,,24617,8472,,,1,103,,24618,8472,,,1,97,,24624,8472,,,1,99,,24625,8472,,,1,100,,24620,8472,,,1,100,,24619,8472,,,1,100,,24616,8472,,,1
2301,'SE',1031,,24628,8472,,,1,101,,24626,8472,,,1,100,,24629,8472,,,1,101,,24630,8472,,,1,100,,24627,8472,,,1
12301,'DI',557,,30718,22769,,,1,100,,30728,22769,,,1,100,,30719,22769,,,1,100,,30729,22769,,,1,102,,30720,22769,,,1,100,,30730,22769,,,1,100,,30721,22769,,,1,100,,30731,22769,,,1,100,,30722,22769,,,1,100,,30732,22769,,,1,100,,30723,22769,,,1,100,,30733,22769,,,1,100,,30724,22769,,,1,100,,30734,22769,,,1,100,,30725,22769,,,1,98,,30735,22769,,,1,100,,30726,22769,,,1,100,,30736,22769,,,1,100,,30727,22769,,,1,100,,30737,22769,,,1
12301,'F1',555,,30746,22769,,,1,100,,30751,22769,,,1,100,,30747,22769,,,1,102,,30752,22769,,,1,100,,30740,22769,,,1,100,,30753,22769,,,1,100,,30741,22769,,,1,100,,30738,22769,,,1,100,,30742,22769,,,1,100,,30739,22769,,,1,100,,30743,22769,,,1,100,,30744,22769,,,1,100,,30754,22769,,,1,100,,30745,22769,,,1,100,,30755,22769,,,1,100,,30748,22769,,,1,100,,30756,22769,,,1,100,,30749,22769,,,1,100,,30757,22769,,,1,100,,30750,22769,,,1
12301,'F2',555,,30760,22769,,,1,100,,30758,22769,,,1,100,,30761,22769,,,1,102,,30759,22769,,,1,100,,30762,22769,,,1,100,,30770,22769,,,1,100,,30763,22769,,,1,100,,30771,22769,,,1,100,,30764,22769,,,1,100,,30772,22769,,,1,100,,30765,22769,,,1,100,,30773,22769,,,1,100,,30766,22769,,,1,100,,30774,22769,,,1,100,,30767,22769,,,1,100,,30775,22769,,,1,100,,30768,22769,,,1,100,,30776,22769,,,1,100,,30769,22769,,,1,100,,30777,22769,,,1
12301,'SA',555,,30780,22769,,,1,100,,30778,22769,,,1,100,,30781,22769,,,1,102,,30779,22769,,,1,100,,30782,22769,,,1,100,,30790,22769,,,1,100,,30783,22769,,,1,100,,30791,22769,,,1,100,,30784,22769,,,1,100,,30792,22769,,,1,100,,30785,22769,,,1,100,,30793,22769,,,1,100,,30786,22769,,,1,100,,30794,22769,,,1,100,,30787,22769,,,1,100,,30795,22769,,,1,100,,30788,22769,,,1,100,,30796,22769,,,1,100,,30789,22769,,,1,100,,30797,22769,,,1
12301,'SE',543,,30809,22769,,,1,70,,30819,22769,,,1,323,,30820,22769,,,1,70,,30823,22769,,,1,96,,30810,22769,,,1,102,,30806,22769,,,1,100,,30816,22769,,,1,100,,30821,22769,,,1,100,,30826,22769,,,1,11,,30814,22769,,,1,27,,30827,22769,,,1,60,,30829,22769,,,1,15,,30815,22769,,,1,19,,30813,22769,,,1,6,,30824,22769,,,1,16,,30830,22769,,,1,50,,30832,22769,,,1,6,,30818,22769,,,1,24,,30817,22769,,,1,66,,30828,22769,,,1,27,,30833,22769,,,1,71,,30808,22769,,,1,26,,30805,22769,,,1,74,,30807,22769,,,1,28,,30825,22769,,,1,70,,30822,22769,,,1,58,,30831,22769,,,1,97,,30811,22769,,,1,100,,30834,22769,,,1,157,,30812,22769,,,1
17001,'SE',523,,31389,5468,0,50 51,2,30,,31390,5468,0,50 51,2,982,,31385,5468,0,50 51,2,70,,31380,5468,0,50 51,2,30,,31386,5468,0,50 51,2,70,,31381,5468,0,50 51,2,30,,31387,5468,0,50 51,2,70,,31382,5468,0,50 51,2,30,,31388,5468,0,50 51,2,70,,31383,5468,0,50 51,2
