2301,'F1',623,,24597,8685,,,1,103,,24598,8685,,,1,103,,24599,8685,,,1,100,,24594,8685,,,1,103,,24590,8685,,,1,99,,24592,8685,,,1,103,,24593,8685,,,1,97,,24600,8685,,,1,99,,24591,8685,,,1,100,,24595,8685,,,1,100,,24596,8685,,,1,100,,24601,8685,,,1
2301,'F2',623,,24609,8685,,,1,103,,24610,8685,,,1,103,,24611,8685,,,1,100,,24602,8685,,,1,103,,24603,8685,,,1,99,,24605,8685,,,1,103,,24606,8685,,,1,97,,24612,8685,,,1,99,,24613,8685,,,1,100,,24608,8685,,,1,100,,24607,8685,,,1,100,,24604,8685,,,1
2301,'SA',623,,24621,8685,,,1,103,,24622,8685,,,1,103,,24623,8685,,,1,100,,24614,8685,,,1,103,,24615,8685,,,1,99,,24617,8685,,,1,103,,24618,8685,,,1,97,,24624,8685,,,1,99,,24625,8685,,,1,100,,24620,8685,,,1,100,,24619,8685,,,1,100,,24616,8685,,,1
2301,'SE',1032,,24628,8685,,,1,101,,24626,8685,,,1,100,,24629,8685,,,1,101,,24630,8685,,,1,100,,24627,8685,,,1
12301,'DI',557,,30718,22981,,,1,100,,30728,22981,,,1,100,,30719,22981,,,1,100,,30729,22981,,,1,102,,30720,22981,,,1,100,,30730,22981,,,1,100,,30721,22981,,,1,100,,30731,22981,,,1,100,,30722,22981,,,1,100,,30732,22981,,,1,100,,30723,22981,,,1,100,,30733,22981,,,1,100,,30724,22981,,,1,100,,30734,22981,,,1,100,,30725,22981,,,1,98,,30735,22981,,,1,100,,30726,22981,,,1,100,,30736,22981,,,1,100,,30727,22981,,,1,100,,30737,22981,,,1
12301,'F1',555,,30746,22981,,,1,100,,30751,22981,,,1,100,,30747,22981,,,1,102,,30752,22981,,,1,100,,30740,22981,,,1,100,,30753,22981,,,1,100,,30741,22981,,,1,100,,30738,22981,,,1,100,,30742,22981,,,1,100,,30739,22981,,,1,100,,30743,22981,,,1,100,,30744,22981,,,1,100,,30754,22981,,,1,100,,30745,22981,,,1,100,,30755,22981,,,1,100,,30748,22981,,,1,100,,30756,22981,,,1,100,,30749,22981,,,1,100,,30757,22981,,,1,100,,30750,22981,,,1
12301,'F2',555,,30760,22981,,,1,100,,30758,22981,,,1,100,,30761,22981,,,1,102,,30759,22981,,,1,100,,30762,22981,,,1,100,,30770,22981,,,1,100,,30763,22981,,,1,100,,30771,22981,,,1,100,,30764,22981,,,1,100,,30772,22981,,,1,100,,30765,22981,,,1,100,,30773,22981,,,1,100,,30766,22981,,,1,100,,30774,22981,,,1,100,,30767,22981,,,1,100,,30775,22981,,,1,100,,30768,22981,,,1,100,,30776,22981,,,1,100,,30769,22981,,,1,100,,30777,22981,,,1
12301,'SA',555,,30780,22981,,,1,100,,30778,22981,,,1,100,,30781,22981,,,1,102,,30779,22981,,,1,100,,30782,22981,,,1,100,,30790,22981,,,1,100,,30783,22981,,,1,100,,30791,22981,,,1,100,,30784,22981,,,1,100,,30792,22981,,,1,100,,30785,22981,,,1,100,,30793,22981,,,1,100,,30786,22981,,,1,100,,30794,22981,,,1,100,,30787,22981,,,1,100,,30795,22981,,,1,100,,30788,22981,,,1,100,,30796,22981,,,1,100,,30789,22981,,,1,100,,30797,22981,,,1
12301,'SE',543,,30809,22981,,,1,70,,30819,22981,,,1,323,,30820,22981,,,1,70,,30823,22981,,,1,96,,30810,22981,,,1,102,,30806,22981,,,1,100,,30816,22981,,,1,100,,30821,22981,,,1,100,,30826,22981,,,1,11,,30814,22981,,,1,28,,30827,22981,,,1,60,,30829,22981,,,1,15,,30815,22981,,,1,19,,30813,22981,,,1,6,,30824,22981,,,1,16,,30830,22981,,,1,50,,30832,22981,,,1,6,,30818,22981,,,1,24,,30817,22981,,,1,66,,30828,22981,,,1,26,,30833,22981,,,1,71,,30808,22981,,,1,26,,30805,22981,,,1,74,,30807,22981,,,1,28,,30825,22981,,,1,70,,30822,22981,,,1,58,,30831,22981,,,1,97,,30811,22981,,,1,100,,30834,22981,,,1,157,,30812,22981,,,1
17001,'SE',524,,31389,5681,0,50 51,2,30,,31390,5681,0,50 51,2,982,,31385,5681,0,50 51,2,70,,31380,5681,0,50 51,2,30,,31386,5681,0,50 51,2,70,,31381,5681,0,50 51,2,30,,31387,5681,0,50 51,2,70,,31382,5681,0,50 51,2,30,,31388,5681,4,,2,70,,31383,5681,4,,2
