2300,'F1',648,,24556,3414,,,1,100,,24557,3414,,,1,100,,24553,3414,,,1,101,,24549,3414,,,1,99,,24551,3414,,,1,103,,24552,3414,,,1,97,,24558,3414,,,1,100,,24550,3414,,,1,100,,24554,3414,,,1,100,,24555,3414,,,1,100,,24559,3414,,,1,102,,24560,3414,,,1
2300,'F2',648,,24569,3414,,,1,100,,24570,3414,,,1,100,,24561,3414,,,1,101,,24562,3414,,,1,99,,24565,3414,,,1,103,,24566,3414,,,1,97,,24571,3414,,,1,100,,24572,3414,,,1,100,,24568,3414,,,1,100,,24567,3414,,,1,100,,24563,3414,,,1,102,,24564,3414,,,1
2300,'SA',648,,24581,3414,,,1,100,,24582,3414,,,1,100,,24573,3414,,,1,101,,24574,3414,,,1,99,,24577,3414,,,1,103,,24578,3414,,,1,97,,24583,3414,,,1,100,,24584,3414,,,1,100,,24580,3414,,,1,100,,24579,3414,,,1,100,,24575,3414,,,1,102,,24576,3414,,,1
2300,'SE',949,,24587,3414,,,1,100,,24585,3414,,,1,100,,24588,3414,,,1,100,,24589,3414,,,1,100,,24586,3414,,,1
12300,'DI',619,,30605,3414,0,46 47,1,100,,30615,3414,0,46 47,1,100,,30606,3414,0,46 47,1,100,,30616,3414,0,46 47,1,100,,30607,3414,0,46 47,1,100,,30617,3414,0,46 47,1,105,,30608,3414,0,46 47,1,95,,30618,3414,0,46 47,1,100,,30609,3414,0,46 47,1,100,,30619,3414,0,46 47,1,100,,30610,3414,0,46 47,1,100,,30620,3414,0,46 47,1,100,,30611,3414,0,46 47,1,100,,30621,3414,0,46 47,1,100,,30612,3414,0,46 47,1,100,,30622,3414,0,46 47,1,100,,30613,3414,0,46 47,1,100,,30623,3414,0,46 47,1,100,,30614,3414,0,46 47,1
12300,'F1',618,,30632,3414,0,46 47,1,100,,30636,3414,0,46 47,1,100,,30626,3414,0,46 47,1,105,,30637,3414,0,46 47,1,99,,30627,3414,0,46 47,1,100,,30624,3414,0,46 47,1,100,,30628,3414,0,46 47,1,96,,30625,3414,0,46 47,1,100,,30629,3414,0,46 47,1,100,,30630,3414,0,46 47,1,104,,30638,3414,0,46 47,1,101,,30631,3414,0,46 47,1,99,,30639,3414,0,46 47,1,96,,30633,3414,0,46 47,1,100,,30640,3414,0,46 47,1,100,,30634,3414,0,46 47,1,100,,30641,3414,0,46 47,1,100,,30635,3414,0,46 47,1,100,,30642,3414,0,46 47,1
12300,'F2',618,,30644,3414,0,46 47,1,100,,30643,3414,0,46 47,1,100,,30645,3414,0,46 47,1,105,,30654,3414,0,46 47,1,99,,30646,3414,0,46 47,1,100,,30655,3414,0,46 47,1,100,,30647,3414,0,46 47,1,96,,30656,3414,0,46 47,1,100,,30648,3414,0,46 47,1,100,,30657,3414,0,46 47,1,104,,30649,3414,0,46 47,1,101,,30658,3414,0,46 47,1,99,,30650,3414,0,46 47,1,96,,30659,3414,0,46 47,1,100,,30651,3414,0,46 47,1,100,,30660,3414,0,46 47,1,100,,30652,3414,0,46 47,1,100,,30661,3414,0,46 47,1,100,,30653,3414,0,46 47,1
12300,'SA',618,,30663,3414,0,46 47,1,100,,30662,3414,0,46 47,1,100,,30664,3414,0,46 47,1,105,,30673,3414,0,46 47,1,99,,30665,3414,0,46 47,1,100,,30674,3414,0,46 47,1,100,,30666,3414,0,46 47,1,96,,30675,3414,0,46 47,1,100,,30667,3414,0,46 47,1,100,,30676,3414,0,46 47,1,104,,30668,3414,0,46 47,1,101,,30677,3414,0,46 47,1,99,,30669,3414,0,46 47,1,96,,30678,3414,0,46 47,1,100,,30670,3414,0,46 47,1,100,,30679,3414,0,46 47,1,100,,30671,3414,0,46 47,1,100,,30680,3414,0,46 47,1,100,,30672,3414,0,46 47,1
12300,'SE',511,,30700,3414,0,46 47,1,33,,30681,3414,0,46 47,1,15,,30688,3414,0,46 47,1,50,,30682,3414,0,46 47,1,10,,30702,3414,0,46 47,1,10,,30693,3414,0,46 47,1,11,,30703,3414,0,46 47,1,8,,30683,3414,0,46 47,1,52,,30707,3414,0,46 47,1,10,,30684,3414,0,46 47,1,21,,30708,3414,0,46 47,1,17,,30704,3414,0,46 47,1,69,,30710,3414,0,46 47,1,29,,30709,3414,0,46 47,1,69,,30690,3414,0,46 47,1,102,,30685,3414,0,46 47,1,100,,30695,3414,0,46 47,1,99,,30705,3414,0,46 47,1,101,,30697,3414,0,46 47,1,5,,30694,3414,0,46 47,1,93,,30701,3414,0,46 47,1,30,,30711,3414,0,46 47,1,71,,30698,3414,0,46 47,1,26,,30696,3414,0,46 47,1,71,,30713,3414,0,46 47,1,31,,30715,3414,0,46 47,1,71,,30687,3414,0,46 47,1,30,,30699,3414,0,46 47,1,76,,30686,3414,0,46 47,1,28,,30712,3414,0,46 47,1,70,,30706,3414,0,46 47,1,30,,30689,3414,0,46 47,1,70,,30714,3414,0,46 47,1,100,,30691,3414,0,46 47,1,100,,30716,3414,0,46 47,1,99,,30692,3414,0,46 47,1,100,,30717,3414,0,46 47,1
17000,'SE',549,,31359,6042,0,48,2,70,,31363,6042,0,48,2,31,,31360,6042,0,48,2,70,,31364,6042,0,48,2,30,,31361,6042,0,48,2,73,,31365,6042,0,48,2,28,,31362,6042,0,48,2,691,,31366,6042,0,48,2,70,,31370,6042,0,48,2,30,,31367,6042,0,48,2,70,,31371,6042,0,48,2,30,,31368,6042,0,48,2,70,,31372,6042,0,48,2,30,,31369,6042,0,48,2
