2301,'F1',619,,24597,7076,,,1,103,,24598,7076,,,1,102,,24599,7076,,,1,100,,24594,7076,,,1,103,,24590,7076,,,1,99,,24592,7076,,,1,103,,24593,7076,,,1,97,,24600,7076,,,1,99,,24591,7076,,,1,100,,24595,7076,,,1,100,,24596,7076,,,1,100,,24601,7076,,,1
2301,'F2',619,,24609,7076,,,1,103,,24610,7076,,,1,102,,24611,7076,,,1,100,,24602,7076,,,1,103,,24603,7076,,,1,99,,24605,7076,,,1,103,,24606,7076,,,1,97,,24612,7076,,,1,99,,24613,7076,,,1,100,,24608,7076,,,1,100,,24607,7076,,,1,100,,24604,7076,,,1
2301,'SA',619,,24621,7076,,,1,103,,24622,7076,,,1,102,,24623,7076,,,1,100,,24614,7076,,,1,103,,24615,7076,,,1,99,,24617,7076,,,1,103,,24618,7076,,,1,97,,24624,7076,,,1,99,,24625,7076,,,1,100,,24620,7076,,,1,100,,24619,7076,,,1,100,,24616,7076,,,1
2301,'SE',1027,,24628,7076,,,1,101,,24626,7076,,,1,100,,24629,7076,,,1,101,,24630,7076,,,1,99,,24627,7076,,,1
12301,'DI',553,,30718,21373,,,1,100,,30728,21373,,,1,100,,30719,21373,,,1,100,,30729,21373,,,1,102,,30720,21373,,,1,100,,30730,21373,,,1,100,,30721,21373,,,1,100,,30731,21373,,,1,100,,30722,21373,,,1,100,,30732,21373,,,1,100,,30723,21373,,,1,100,,30733,21373,,,1,100,,30724,21373,,,1,100,,30734,21373,,,1,100,,30725,21373,,,1,98,,30735,21373,,,1,100,,30726,21373,,,1,100,,30736,21373,,,1,100,,30727,21373,,,1,100,,30737,21373,,,1
12301,'F1',552,,30746,21373,,,1,100,,30751,21373,,,1,100,,30747,21373,,,1,101,,30752,21373,,,1,100,,30740,21373,,,1,100,,30753,21373,,,1,100,,30741,21373,,,1,100,,30738,21373,,,1,100,,30742,21373,,,1,100,,30739,21373,,,1,100,,30743,21373,,,1,100,,30744,21373,,,1,100,,30754,21373,,,1,100,,30745,21373,,,1,100,,30755,21373,,,1,100,,30748,21373,,,1,100,,30756,21373,,,1,100,,30749,21373,,,1,100,,30757,21373,,,1,100,,30750,21373,,,1
12301,'F2',552,,30760,21373,,,1,100,,30758,21373,,,1,100,,30761,21373,,,1,101,,30759,21373,,,1,100,,30762,21373,,,1,100,,30770,21373,,,1,100,,30763,21373,,,1,100,,30771,21373,,,1,100,,30764,21373,,,1,100,,30772,21373,,,1,100,,30765,21373,,,1,100,,30773,21373,,,1,100,,30766,21373,,,1,100,,30774,21373,,,1,100,,30767,21373,,,1,100,,30775,21373,,,1,100,,30768,21373,,,1,100,,30776,21373,,,1,100,,30769,21373,,,1,100,,30777,21373,,,1
12301,'SA',552,,30780,21373,,,1,100,,30778,21373,,,1,100,,30781,21373,,,1,101,,30779,21373,,,1,100,,30782,21373,,,1,100,,30790,21373,,,1,100,,30783,21373,,,1,100,,30791,21373,,,1,100,,30784,21373,,,1,100,,30792,21373,,,1,100,,30785,21373,,,1,100,,30793,21373,,,1,100,,30786,21373,,,1,100,,30794,21373,,,1,100,,30787,21373,,,1,100,,30795,21373,,,1,100,,30788,21373,,,1,100,,30796,21373,,,1,100,,30789,21373,,,1,100,,30797,21373,,,1
12301,'SE',539,,30809,21373,,,1,70,,30819,21373,,,1,20,,30802,21373,,,1,26,,30801,21373,,,1,55,,30803,21373,,,1,28,,30804,21373,,,1,70,,30798,21373,,,1,28,,30799,21373,,,1,70,,30800,21373,,,1,26,,30820,21373,,,1,70,,30823,21373,,,1,56,,30810,21373,,,1,142,,30806,21373,,,1,100,,30816,21373,,,1,100,,30821,21373,,,1,100,,30826,21373,,,1,11,,30814,21373,,,1,27,,30827,21373,,,1,20,,30829,21373,,,1,55,,30815,21373,,,1,19,,30813,21373,,,1,6,,30824,21373,,,1,16,,30830,21373,,,1,50,,30832,21373,,,1,6,,30818,21373,,,1,24,,30817,21373,,,1,66,,30828,21373,,,1,27,,30833,21373,,,1,31,,30808,21373,,,1,66,,30805,21373,,,1,34,,30807,21373,,,1,68,,30825,21373,,,1,30,,30822,21373,,,1,98,,30831,21373,,,1,97,,30811,21373,,,1,100,,30834,21373,,,1,157,,30812,21373,,,1
17001,'SE',519,,31389,4073,0,50 51,2,30,,31390,4073,0,50 51,2,62,,31373,4073,0,50 51,2,30,,31377,4073,0,50 51,2,70,,31374,4073,0,50 51,2,31,,31378,4073,0,50 51,2,69,,31375,4073,0,50 51,2,35,,31379,4073,0,50 51,2,70,,31376,4073,0,50 51,2,616,,31385,4073,0,50 51,2,70,,31380,4073,0,50 51,2,30,,31386,4073,0,50 51,2,70,,31381,4073,0,50 51,2,30,,31387,4073,0,50 51,2,70,,31382,4073,0,50 51,2,30,,31388,4073,0,50 51,2,70,,31383,4073,0,50 51,2
