2501,'DI',1605,,24661,10817,,,2
2501,'F1',1605,,24662,10817,,,2
2501,'F2',1605,,24663,10817,,,2
2501,'SA',1605,,24664,10817,,,2
2501,'SE',517,,24669,9180,,,2,30,,24671,9180,,,2,63,,24666,9180,,,2,34,,24670,9180,,,2,75,,24691,10817,,,2,30,,24690,10817,,,2,66,,24672,9180,,,2,30,,24674,9180,,,2,67,,24675,9180,,,2,505,,24686,9180,,,2,31,,24676,9180,,,2,72,,24677,9180,,,2,31,,24694,10817,,,2,59,,24693,10817,,,2,12,,24692,10817,,,2,9,,24667,9180,,,2,19,,24679,9180,,,2,54,,24678,9180,,,2,17,,24682,9180,,,2,28,,24684,9180,,,2,67,,24687,9180,,,2,29,,24683,9180,,,2,99,,24681,9180,,,2,385,,24689,9180,,,2,86,,24696,10817,,,2,12,,24688,9180,,,2,75,,24680,9180,,,2
8101,'DI',635,,29607,15246,,,1,100,,29604,15246,,,1,100,,29593,15246,,,1,103,,29600,15246,,,1,100,,29594,15246,,,1,100,,29602,15246,,,1,100,,29606,15246,,,1,100,,29608,15246,,,1,100,,29597,15246,,,1,100,,29601,15246,,,1,100,,29592,15246,,,1,96,,29605,15246,,,1,108,,29595,15246,,,1,96,,29603,15246,,,1,100,,29596,15246,,,1,100,,29609,15246,,,1,100,,29598,15246,,,1,100,,29611,15246,,,1,100,,29610,15246,,,1
8101,'F1',635,,29614,15246,,,1,100,,29612,15246,,,1,100,,29620,15246,,,1,103,,29628,15246,,,1,100,,29625,15246,,,1,100,,29613,15246,,,1,100,,29621,15246,,,1,100,,29618,15246,,,1,100,,29626,15246,,,1,100,,29632,15246,,,1,100,,29629,15246,,,1,100,,29627,15246,,,1,104,,29624,15246,,,1,96,,29623,15246,,,1,100,,29630,15246,,,1,100,,29616,15246,,,1,100,,29619,15246,,,1,100,,29622,15246,,,1,100,,29615,15246,,,1,100,,29617,15246,,,1
8101,'F2',635,,29638,15246,,,1,100,,29645,15246,,,1,100,,29651,15246,,,1,103,,29646,15246,,,1,100,,29647,15246,,,1,100,,29652,15246,,,1,100,,29633,15246,,,1,100,,29635,15246,,,1,100,,29641,15246,,,1,100,,29648,15246,,,1,100,,29653,15246,,,1,100,,29639,15246,,,1,104,,29642,15246,,,1,96,,29649,15246,,,1,100,,29634,15246,,,1,100,,29643,15246,,,1,100,,29637,15246,,,1,100,,29650,15246,,,1,100,,29644,15246,,,1,100,,29640,15246,,,1
8101,'SA',635,,29659,15246,,,1,100,,29666,15246,,,1,100,,29672,15246,,,1,103,,29667,15246,,,1,100,,29668,15246,,,1,100,,14421,15246,,,1,100,,29654,15246,,,1,100,,29656,15246,,,1,100,,29662,15246,,,1,100,,29669,15246,,,1,100,,29673,15246,,,1,100,,29660,15246,,,1,104,,29663,15246,,,1,96,,29670,15246,,,1,100,,29655,15246,,,1,100,,29664,15246,,,1,100,,29658,15246,,,1,100,,29671,15246,,,1,100,,29665,15246,,,1,100,,29661,15246,,,1
8101,'SE',606,,29691,15246,,,1,30,,29688,15246,,,1,22,,29677,15246,,,1,78,,29689,15246,,,1,70,,29684,15246,,,1,31,,29694,15246,,,1,69,,29690,15246,,,1,36,,29682,15246,,,1,98,,29674,15246,,,1,100,,29692,15246,,,1,100,,29683,15246,,,1,100,,29701,15246,,,1,100,,29699,15246,,,1,100,,29680,15246,,,1,71,,29697,15246,,,1,31,,29702,15246,,,1,70,,29693,15246,,,1,30,,29685,15246,,,1,70,,29676,15246,,,1,30,,29698,15246,,,1,70,,29686,15246,,,1,26,,29675,15246,,,1,100,,29681,15246,,,1,100,,29678,15246,,,1,100,,29695,15246,,,1,100,,29700,15246,,,1,100,,29679,15246,,,1,100,,29696,15246,,,1
