2201,'F1',532,,24534,1426,,,2,92,,24536,1426,,,2,25,,24535,1426,,,2,70,,24538,1426,,,2,30,,24537,1426,,,2,908,,24539,1426,,,2,80,,24540,1426,,,2,20,,24533,1426,,,2
2201,'SE',532,,24542,1426,,,2,92,,24544,1426,,,2,25,,24543,1426,,,2,70,,24541,1426,,,2,30,,24545,1426,,,2,908,,24547,1426,,,2,80,,24546,1426,,,2,20,,24548,1426,,,2
2501,'DI',1558,,24661,7193,,,2
2501,'F1',1558,,24662,7193,,,2
2501,'F2',1558,,24663,7193,,,2
2501,'SA',1558,,24664,7193,,,2
2501,'SE',636,,24670,5557,,,2,75,,24691,7193,,,2,30,,24690,7193,,,2,66,,24672,5557,,,2,30,,24674,5557,,,2,68,,24675,5557,,,2,505,,24686,5557,,,2,30,,24676,5557,,,2,71,,24677,5557,,,2,31,,24694,7193,,,2,59,,24693,7193,,,2,12,,24692,7193,,,2,9,,24667,5557,,,2,19,,24679,5557,,,2,14,,24678,5557,,,2,58,,24682,5557,,,2,28,,24684,5557,,,2,68,,24687,5557,,,2,29,,24683,5557,,,2,99,,24681,5557,,,2,385,,24689,5557,,,2,86,,24696,7193,,,2,13,,24688,5557,,,2,35,,24680,5557,,,2
16101,'DI',603,,31301,6148,,,2,30,,31292,1426,,,2,70,,31289,1426,,,2,30,,31299,1426,,,2,70,,31293,1426,,,2,30,,31294,1426,,,2,70,,31296,1426,,,2,702,,31290,1426,,,2,28,,31295,1426,,,2,72,,31291,1426,,,2,30,,31300,6148,,,2,70,,31298,1426,,,2,32,,31297,1426,,,2
16101,'F1',603,,31312,6148,,,2,30,,31310,1426,,,2,70,,31303,1426,,,2,30,,31307,1426,,,2,70,,31302,1426,,,2,30,,16953,1426,,,2,70,,31305,1426,,,2,700,,31309,1426,,,2,31,,31311,1426,,,2,71,,31306,1426,,,2,30,,31313,6148,,,2,71,,31308,1426,,,2,31,,31304,1426,,,2
16101,'F2',603,,31325,6148,,,2,30,,31321,1426,,,2,70,,31318,1426,,,2,30,,31319,1426,,,2,70,,31316,1426,,,2,30,,31322,1426,,,2,70,,31320,1426,,,2,700,,31317,1426,,,2,31,,31314,1426,,,2,71,,31323,1426,,,2,30,,31326,6148,,,2,71,,31315,1426,,,2,31,,31324,1426,,,2
16101,'SA',603,,31337,6148,,,2,30,,17011,1426,,,2,70,,31331,1426,,,2,30,,31332,1426,,,2,70,,31329,1426,,,2,30,,31334,1426,,,2,70,,31333,1426,,,2,700,,31330,1426,,,2,31,,31327,1426,,,2,71,,31335,1426,,,2,30,,31338,6148,,,2,71,,31328,1426,,,2,31,,31336,1426,,,2
16101,'SE',558,,31346,1426,,,2,60,,31341,1426,,,2,22,,31355,6148,,,2,60,,31344,1426,,,2,13,,31353,6148,,,2,17,,31348,1426,,,2,16,,31356,6148,,,2,56,,31343,1426,,,2,23,,31347,1426,,,2,21,,31351,1426,,,2,57,,31340,1426,,,2,20,,31339,1426,,,2,325,,31352,6148,,,2,372,,31358,6148,,,2,15,,31349,1426,,,2,21,,31354,6148,,,2,60,,31342,1426,,,2,18,,31357,6148,,,2,21,,31350,1426,,,2,60,,31345,1426,,,2
