400,'DI',636,,20715,4490,,,1,70,,20721,4490,,,1,30,,20733,4490,,,1,70,,20730,4490,,,1,32,,20716,4490,,,1,70,,20722,4490,,,1,32,,20736,4490,,,1,70,,20738,4490,,,1,30,,20717,4490,,,1,71,,20723,4490,,,1,30,,20737,4490,,,1,67,,20739,4490,,,1,31,,20718,4490,,,1,72,,20744,4490,,,1,30,,20745,4490,,,1,68,,20740,4490,,,1,31,,20719,4490,,,1,69,,20724,4490,,,1,30,,20747,4490,,,1,72,,20727,4490,,,1,30,,20720,4490,,,1,70,,20725,4490,,,1,30,,20748,4490,,,1,72,,20728,4490,,,1,28,,20741,4490,,,1,70,,20746,4490,,,1,30,,20743,4490,,,1,70,,20735,4490,,,1,30,,20742,4490,,,1,70,,20731,4490,,,1,30,,20714,4490,,,1,70,,20726,4490,,,1,100,,20732,4490,,,1,100,,20734,4490,,,1
400,'F1',636,,20749,4490,,,1,70,,20758,4490,,,1,30,,20760,4490,,,1,70,,20755,4490,,,1,32,,20750,4490,,,1,70,,981,4490,,,1,32,,20778,4490,,,1,71,,20756,4490,,,1,30,,20751,4490,,,1,70,,20768,4490,,,1,30,,20779,4490,,,1,70,,976,4490,,,1,30,,20776,4490,,,1,70,,20759,4490,,,1,30,,20780,4490,,,1,70,,20762,4490,,,1,30,,20769,4490,,,1,70,,20752,4490,,,1,30,,20761,4490,,,1,70,,20777,4490,,,1,30,,20770,4490,,,1,70,,20766,4490,,,1,30,,20771,4490,,,1,70,,20765,4490,,,1,30,,20774,4490,,,1,70,,20775,4490,,,1,30,,20753,4490,,,1,70,,20764,4490,,,1,30,,20773,4490,,,1,70,,20763,4490,,,1,30,,20767,4490,,,1,70,,20757,4490,,,1,100,,20772,4490,,,1,100,,963,4490,,,1
400,'F2',636,,20782,4490,,,1,70,,20790,4490,,,1,30,,20791,4490,,,1,70,,20787,4490,,,1,32,,20783,4490,,,1,70,,20809,4490,,,1,32,,20792,4490,,,1,71,,20788,4490,,,1,30,,20784,4490,,,1,70,,20810,4490,,,1,30,,20793,4490,,,1,70,,20803,4490,,,1,30,,20814,4490,,,1,70,,20801,4490,,,1,30,,20813,4490,,,1,70,,20797,4490,,,1,30,,20781,4490,,,1,70,,20794,4490,,,1,30,,20804,4490,,,1,70,,20815,4490,,,1,30,,20812,4490,,,1,70,,20800,4490,,,1,30,,20806,4490,,,1,70,,20799,4490,,,1,30,,20789,4490,,,1,70,,20805,4490,,,1,30,,20796,4490,,,1,70,,20785,4490,,,1,30,,20808,4490,,,1,70,,20795,4490,,,1,30,,20807,4490,,,1,70,,20811,4490,,,1,100,,20802,4490,,,1,100,,20798,4490,,,1
400,'SA',636,,20816,4490,,,1,70,,1103,4490,,,1,30,,1104,4490,,,1,70,,1102,4490,,,1,32,,20817,4490,,,1,70,,20836,4490,,,1,32,,1105,4490,,,1,71,,20820,4490,,,1,30,,20818,4490,,,1,70,,20837,4490,,,1,30,,1106,4490,,,1,70,,20830,4490,,,1,30,,20841,4490,,,1,70,,20828,4490,,,1,30,,20840,4490,,,1,70,,20824,4490,,,1,30,,1099,4490,,,1,70,,1107,4490,,,1,30,,20831,4490,,,1,70,,20842,4490,,,1,30,,20839,4490,,,1,70,,20827,4490,,,1,30,,20833,4490,,,1,70,,20826,4490,,,1,30,,20821,4490,,,1,70,,20832,4490,,,1,30,,20823,4490,,,1,70,,20819,4490,,,1,30,,20835,4490,,,1,70,,20822,4490,,,1,30,,20834,4490,,,1,70,,20838,4490,,,1,100,,20829,4490,,,1,100,,20825,4490,,,1
400,'SE',603,,20866,4490,,,1,20,,20875,4490,,,1,15,,20868,4490,,,1,20,,20873,4490,,,1,66,,20876,4490,,,1,17,,20870,4490,,,1,64,,1174,4490,,,1,12,,20877,4490,,,1,32,,20869,4490,,,1,53,,20852,4490,,,1,23,,20850,4490,,,1,30,,20843,4490,,,1,70,,20856,4490,,,1,30,,20854,4490,,,1,70,,20863,4490,,,1,30,,20853,4490,,,1,70,,1148,4490,,,1,30,,20862,4490,,,1,70,,20859,4490,,,1,29,,20851,4490,,,1,69,,20844,4490,,,1,32,,1172,4490,,,1,66,,20872,4490,,,1,34,,20878,4490,,,1,71,,20879,4490,,,1,30,,1173,4490,,,1,70,,20871,4490,,,1,24,,20846,4490,,,1,60,,20858,4490,,,1,34,,20860,4490,,,1,74,,1151,4490,,,1,30,,20845,4490,,,1,70,,20861,4490,,,1,29,,20857,4490,,,1,70,,20847,4490,,,1,30,,20855,4490,,,1,69,,20864,4490,,,1,30,,20865,4490,,,1,100,,20849,4490,,,1,100,,20848,4490,,,1
3200,'DI',608,,25140,4490,0,5,2,101,,25141,4490,0,5,2,99,,25142,4490,0,5,2,102,,25143,4490,0,5,2,100,,25146,4490,0,5,2,100,,25148,4490,0,5,2,101,,25144,4490,0,5,2,100,,25150,4490,0,5,2,98,,25149,4490,0,5,2,104,,25152,4490,0,5,2,96,,25151,4490,0,5,2,101,,25154,4490,0,5,2,100,,25153,4490,0,5,2,100,,25147,4490,0,5,2,100,,25138,4490,0,5,2,100,,25155,4490,0,5,2,100,,25157,4490,0,5,2,100,,25145,4490,0,5,2,100,,25156,4490,0,5,2,99,,25139,4490,0,5,2
3200,'F1',608,,25158,4490,0,5,2,101,,25159,4490,0,5,2,96,,25160,4490,0,5,2,103,,25161,4490,0,5,2,101,,25167,4490,0,5,2,101,,25175,4490,0,5,2,99,,25174,4490,0,5,2,103,,25177,4490,0,5,2,102,,25176,4490,0,5,2,97,,25162,4490,0,5,2,98,,25164,4490,0,5,2,101,,25168,4490,0,5,2,100,,25163,4490,0,5,2,100,,25165,4490,0,5,2,100,,25169,4490,0,5,2,100,,25170,4490,0,5,2,100,,25172,4490,0,5,2,100,,25173,4490,0,5,2,100,,25171,4490,0,5,2,99,,25166,4490,0,5,2
3200,'F2',608,,25179,4490,0,5,2,101,,25180,4490,0,5,2,96,,25181,4490,0,5,2,103,,25182,4490,0,5,2,101,,25188,4490,0,5,2,101,,25183,4490,0,5,2,99,,25197,4490,0,5,2,103,,25189,4490,0,5,2,102,,25184,4490,0,5,2,97,,25185,4490,0,5,2,98,,25190,4490,0,5,2,101,,25191,4490,0,5,2,100,,25186,4490,0,5,2,100,,25193,4490,0,5,2,100,,25192,4490,0,5,2,100,,25194,4490,0,5,2,100,,25196,4490,0,5,2,100,,25195,4490,0,5,2,100,,25187,4490,0,5,2,99,,25178,4490,0,5,2
3200,'SA',608,,25199,4490,0,5,2,101,,25200,4490,0,5,2,96,,25201,4490,0,5,2,103,,25202,4490,0,5,2,101,,25208,4490,0,5,2,101,,25203,4490,0,5,2,99,,25217,4490,0,5,2,103,,25209,4490,0,5,2,102,,25204,4490,0,5,2,97,,25205,4490,0,5,2,98,,25210,4490,0,5,2,101,,25211,4490,0,5,2,100,,25206,4490,0,5,2,100,,25213,4490,0,5,2,100,,25212,4490,0,5,2,100,,25214,4490,0,5,2,100,,25216,4490,0,5,2,100,,25215,4490,0,5,2,100,,25207,4490,0,5,2,99,,25198,4490,0,5,2
3200,'SE',619,,25239,4490,,,2,32,,25235,4490,,,2,64,,25233,4490,,,2,32,,25238,4490,,,2,76,,25231,4490,,,2,19,,25220,4490,0,5,2,96,,25227,4490,0,5,2,100,,25228,4490,0,5,2,100,,25230,4490,0,5,2,100,,25219,4490,0,5,2,100,,7688,4490,0,5,2,104,,25221,4490,0,5,2,105,,25234,4490,,,2,68,,25237,4490,,,2,30,,25241,4490,,,2,71,,25240,4490,,,2,25,,25236,4490,,,2,74,,25242,4490,,,2,25,,25232,4490,,,2,73,,25222,4490,0,5,2,30,,25229,4490,0,5,2,100,,25225,4490,0,5,2,100,,25226,4490,0,5,2,100,,25218,4490,0,5,2,99,,25223,4490,0,5,2,101,,25224,4490,0,5,2
3800,'DI',653,,25417,4526,,,1,100,,25423,4526,,,1,100,,25421,4526,,,1,101,,25415,4526,,,1,96,,25424,4526,,,1,100,,25412,4526,,,1,103,,25428,4526,,,1,100,,25416,4526,,,1,100,,25422,4526,,,1,101,,25425,4526,,,1,104,,25413,4526,,,1,101,,25418,4526,,,1,97,,25419,4526,,,1,100,,25414,4526,,,1,99,,25426,4526,,,1,101,,25420,4526,,,1,100,,25427,4526,,,1,100,,25429,4526,,,1
3800,'F1',553,,25446,4526,,,1,100,,25447,4526,,,1,100,,25430,4526,,,1,100,,25448,4526,,,1,100,,25432,4526,,,1,100,,25434,4526,,,1,100,,25433,4526,,,1,104,,25435,4526,,,1,100,,25439,4526,,,1,100,,25436,4526,,,1,102,,25440,4526,,,1,100,,25437,4526,,,1,100,,25441,4526,,,1,97,,25438,4526,,,1,100,,25431,4526,,,1,99,,25442,4526,,,1,100,,25444,4526,,,1,101,,25443,4526,,,1,99,,25445,4526,,,1
3800,'F2',553,,25454,4526,,,1,100,,25451,4526,,,1,100,,25461,4526,,,1,100,,25455,4526,,,1,100,,25462,4526,,,1,100,,25456,4526,,,1,100,,25463,4526,,,1,104,,25457,4526,,,1,100,,25464,4526,,,1,100,,25458,4526,,,1,102,,25452,4526,,,1,100,,25459,4526,,,1,100,,25453,4526,,,1,97,,25460,4526,,,1,100,,25449,4526,,,1,99,,25465,4526,,,1,100,,25450,4526,,,1,101,,25466,4526,,,1,99,,25467,4526,,,1
3800,'SA',553,,25473,4526,,,1,100,,25470,4526,,,1,100,,25480,4526,,,1,100,,25474,4526,,,1,100,,25481,4526,,,1,100,,25475,4526,,,1,100,,25482,4526,,,1,104,,25476,4526,,,1,100,,25483,4526,,,1,100,,25477,4526,,,1,102,,25471,4526,,,1,100,,25478,4526,,,1,100,,25472,4526,,,1,97,,25479,4526,,,1,100,,25468,4526,,,1,99,,25484,4526,,,1,100,,25469,4526,,,1,101,,25485,4526,,,1,99,,25486,4526,,,1
3800,'SE',608,,25508,4526,,,1,21,,25494,4526,,,1,18,,25503,4526,,,1,58,,25495,4526,,,1,24,,25505,4526,,,1,12,,25496,4526,,,1,60,,25515,4526,,,1,24,,25506,4526,,,1,29,,25488,4526,,,1,58,,25504,4526,,,1,17,,25510,4526,,,1,30,,25491,4526,,,1,84,,25511,4526,,,1,100,,25514,4526,,,1,100,,25498,4526,,,1,101,,25516,4526,,,1,94,,25499,4526,,,1,67,,25500,4526,,,1,33,,25487,4526,,,1,70,,25509,4526,,,1,30,,25512,4526,,,1,72,,25489,4526,,,1,26,,25497,4526,,,1,66,,25513,4526,,,1,54,,25493,4526,,,1,100,,25502,4526,,,1,100,,25507,4526,,,1,99,,25501,4526,,,1,100,,25490,4526,,,1,100,,25492,4526,,,1
53201,'SE',905,,32356,3398,,,2,1,,32357,3398,,,2
64000,'SE',1633,,32419,9214,,,2,1,,32420,9214,,,2,1,,32421,9214,,,2
64001,'SE',843,,32423,4920,,,2,1,,32424,4920,,,2,1,,32422,4920,,,2
69700,'SE',1630,,32509,6598,,,2,1,,32510,6598,,,2
69701,'SE',828,,32511,244,,,2,1,,32512,244,,,2
