69100,'SE',1610,,32487,0,,,2,1,,32488,0,,,2
69101,'SE',854,,32490,6650,4,,2,1,,32489,6650,4,,2
69200,'SE',1611,,32491,0,,,2
69201,'SE',855,,32492,8917,4,,2
69300,'SE',1610,,32493,0,,,2,1,,32494,0,,,2
69301,'SE',854,,32496,8273,4,,2,1,,32495,8273,4,,2
69400,'SE',1610,,32497,0,,,2,1,,32498,0,,,2
69401,'SE',854,,32499,8177,4,,2,1,,32500,8177,4,,2
69500,'SE',1610,,32502,0,,,2,1,,32501,0,,,2
69501,'SE',854,,32503,7206,4,,2,1,,32504,7206,4,,2
69600,'SE',1610,,32505,0,,,2,1,,32506,0,,,2
69601,'SE',855,,32507,9170,4,,2,1,,32508,9170,4,,2
69700,'SE',1610,,32509,0,,,2,1,,32510,0,,,2
69701,'SE',854,,32511,10013,4,,2,1,,32512,10013,4,,2
