400,'DI',633,,20715,2479,,,1,70,,20721,2479,,,1,30,,20733,2479,,,1,70,,20730,2479,,,1,32,,20716,2479,,,1,70,,20722,2479,,,1,32,,20736,2479,,,1,70,,20738,2479,,,1,30,,20717,2479,,,1,71,,20723,2479,,,1,30,,20737,2479,,,1,67,,20739,2479,,,1,31,,20718,2479,,,1,72,,20744,2479,,,1,30,,20745,2479,,,1,68,,20740,2479,,,1,31,,20719,2479,,,1,69,,20724,2479,,,1,30,,20747,2479,,,1,72,,20727,2479,,,1,30,,20720,2479,,,1,70,,20725,2479,,,1,30,,20748,2479,,,1,72,,20728,2479,,,1,28,,20741,2479,,,1,70,,20746,2479,,,1,30,,20743,2479,,,1,70,,20735,2479,,,1,30,,20742,2479,,,1,70,,20731,2479,,,1,30,,20714,2479,,,1,70,,20726,2479,,,1,100,,20732,2479,,,1,100,,20734,2479,,,1
400,'F1',633,,20749,2479,,,1,70,,20758,2479,,,1,30,,20760,2479,,,1,70,,20755,2479,,,1,32,,20750,2479,,,1,70,,981,2479,,,1,32,,20778,2479,,,1,71,,20756,2479,,,1,30,,20751,2479,,,1,70,,20768,2479,,,1,30,,20779,2479,,,1,70,,976,2479,,,1,30,,20776,2479,,,1,70,,20759,2479,,,1,30,,20780,2479,,,1,70,,20762,2479,,,1,30,,20769,2479,,,1,70,,20752,2479,,,1,30,,20761,2479,,,1,70,,20777,2479,,,1,30,,20770,2479,,,1,70,,20766,2479,,,1,30,,20771,2479,,,1,70,,20765,2479,,,1,30,,20774,2479,,,1,70,,20775,2479,,,1,30,,20753,2479,,,1,70,,20764,2479,,,1,30,,20773,2479,,,1,70,,20763,2479,,,1,30,,20767,2479,,,1,70,,20757,2479,,,1,100,,20772,2479,,,1,100,,963,2479,,,1
400,'F2',633,,20782,2479,,,1,70,,20790,2479,,,1,30,,20791,2479,,,1,70,,20787,2479,,,1,32,,20783,2479,,,1,70,,20809,2479,,,1,32,,20792,2479,,,1,71,,20788,2479,,,1,30,,20784,2479,,,1,70,,20810,2479,,,1,30,,20793,2479,,,1,70,,20803,2479,,,1,30,,20814,2479,,,1,70,,20801,2479,,,1,30,,20813,2479,,,1,70,,20797,2479,,,1,30,,20781,2479,,,1,70,,20794,2479,,,1,30,,20804,2479,,,1,70,,20815,2479,,,1,30,,20812,2479,,,1,70,,20800,2479,,,1,30,,20806,2479,,,1,70,,20799,2479,,,1,30,,20789,2479,,,1,70,,20805,2479,,,1,30,,20796,2479,,,1,70,,20785,2479,,,1,30,,20808,2479,,,1,70,,20795,2479,,,1,30,,20807,2479,,,1,70,,20811,2479,,,1,100,,20802,2479,,,1,100,,20798,2479,,,1
400,'SA',633,,20816,2479,,,1,70,,1103,2479,,,1,30,,1104,2479,,,1,70,,1102,2479,,,1,32,,20817,2479,,,1,70,,20836,2479,,,1,32,,1105,2479,,,1,71,,20820,2479,,,1,30,,20818,2479,,,1,70,,20837,2479,,,1,30,,1106,2479,,,1,70,,20830,2479,,,1,30,,20841,2479,,,1,70,,20828,2479,,,1,30,,20840,2479,,,1,70,,20824,2479,,,1,30,,1099,2479,,,1,70,,1107,2479,,,1,30,,20831,2479,,,1,70,,20842,2479,,,1,30,,20839,2479,,,1,70,,20827,2479,,,1,30,,20833,2479,,,1,70,,20826,2479,,,1,30,,20821,2479,,,1,70,,20832,2479,,,1,30,,20823,2479,,,1,70,,20819,2479,,,1,30,,20835,2479,,,1,70,,20822,2479,,,1,30,,20834,2479,,,1,70,,20838,2479,,,1,100,,20829,2479,,,1,100,,20825,2479,,,1
400,'SE',559,,20866,2479,,,1,60,,20875,2479,,,1,15,,20868,2479,,,1,20,,20873,2479,,,1,66,,20876,2479,,,1,18,,20870,2479,,,1,64,,1174,2479,,,1,11,,20877,2479,,,1,32,,20869,2479,,,1,13,,20852,2479,,,1,63,,20850,2479,,,1,31,,20843,2479,,,1,70,,20856,2479,,,1,30,,20854,2479,,,1,70,,20863,2479,,,1,30,,20853,2479,,,1,70,,1148,2479,,,1,30,,20862,2479,,,1,70,,20859,2479,,,1,29,,20851,2479,,,1,69,,20844,2479,,,1,31,,1172,2479,,,1,66,,20872,2479,,,1,34,,20878,2479,,,1,71,,20879,2479,,,1,30,,1173,2479,,,1,70,,20871,2479,,,1,24,,20846,2479,,,1,60,,20858,2479,,,1,34,,20860,2479,,,1,74,,1151,2479,,,1,30,,20845,2479,,,1,70,,20861,2479,,,1,30,,20857,2479,,,1,70,,20847,2479,,,1,30,,20855,2479,,,1,69,,20864,2479,,,1,30,,20865,2479,,,1,100,,20849,2479,,,1,100,,20848,2479,,,1
3200,'DI',605,,25140,2479,0,5,2,101,,25141,2479,0,5,2,99,,25142,2479,0,5,2,101,,25143,2479,0,5,2,100,,25146,2479,0,5,2,100,,25148,2479,0,5,2,101,,25144,2479,0,5,2,100,,25150,2479,0,5,2,98,,25149,2479,0,5,2,104,,25152,2479,0,5,2,96,,25151,2479,0,5,2,101,,25154,2479,0,5,2,100,,25153,2479,0,5,2,100,,25147,2479,0,5,2,100,,25138,2479,0,5,2,100,,25155,2479,0,5,2,100,,25157,2479,0,5,2,100,,25145,2479,0,5,2,100,,25156,2479,0,5,2,100,,25139,2479,0,5,2
3200,'F1',605,,25158,2479,0,5,2,101,,25159,2479,0,5,2,96,,25160,2479,0,5,2,102,,25161,2479,0,5,2,101,,25167,2479,0,5,2,101,,25175,2479,0,5,2,99,,25174,2479,0,5,2,103,,25177,2479,0,5,2,102,,25176,2479,0,5,2,97,,25162,2479,0,5,2,98,,25164,2479,0,5,2,101,,25168,2479,0,5,2,100,,25163,2479,0,5,2,100,,25165,2479,0,5,2,100,,25169,2479,0,5,2,100,,25170,2479,0,5,2,100,,25172,2479,0,5,2,100,,25173,2479,0,5,2,100,,25171,2479,0,5,2,100,,25166,2479,0,5,2
3200,'F2',605,,25179,2479,0,5,2,101,,25180,2479,0,5,2,96,,25181,2479,0,5,2,102,,25182,2479,0,5,2,101,,25188,2479,0,5,2,101,,25183,2479,0,5,2,99,,25197,2479,0,5,2,103,,25189,2479,0,5,2,102,,25184,2479,0,5,2,97,,25185,2479,0,5,2,98,,25190,2479,0,5,2,101,,25191,2479,0,5,2,100,,25186,2479,0,5,2,100,,25193,2479,0,5,2,100,,25192,2479,0,5,2,100,,25194,2479,0,5,2,100,,25196,2479,0,5,2,100,,25195,2479,0,5,2,100,,25187,2479,0,5,2,100,,25178,2479,0,5,2
3200,'SA',605,,25199,2479,0,5,2,101,,25200,2479,0,5,2,96,,25201,2479,0,5,2,102,,25202,2479,0,5,2,101,,25208,2479,0,5,2,101,,25203,2479,0,5,2,99,,25217,2479,0,5,2,103,,25209,2479,0,5,2,102,,25204,2479,0,5,2,97,,25205,2479,0,5,2,98,,25210,2479,0,5,2,101,,25211,2479,0,5,2,100,,25206,2479,0,5,2,100,,25213,2479,0,5,2,100,,25212,2479,0,5,2,100,,25214,2479,0,5,2,100,,25216,2479,0,5,2,100,,25215,2479,0,5,2,100,,25207,2479,0,5,2,100,,25198,2479,0,5,2
3200,'SE',615,,25239,2479,,,2,32,,25235,2479,,,2,64,,25233,2479,,,2,31,,25238,2479,,,2,76,,25231,2479,,,2,20,,25220,2479,0,5,2,96,,25227,2479,0,5,2,100,,25228,2479,0,5,2,100,,25230,2479,0,5,2,100,,25219,2479,0,5,2,100,,7688,2479,0,5,2,104,,25221,2479,0,5,2,104,,25234,2479,,,2,68,,25237,2479,,,2,30,,25241,2479,,,2,71,,25240,2479,,,2,25,,25236,2479,,,2,74,,25242,2479,,,2,25,,25232,2479,,,2,74,,25222,2479,0,5,2,30,,25229,2479,0,5,2,100,,25225,2479,0,5,2,100,,25226,2479,0,5,2,100,,25218,2479,0,5,2,100,,25223,2479,0,5,2,101,,25224,2479,0,5,2
53201,'SE',901,,32356,1387,,,2,1,,32357,1387,,,2
64000,'SE',1627,,32419,7203,,,2,1,,32420,7203,,,2,1,,32421,7203,,,2
64001,'SE',838,,32423,2910,,,2,1,,32424,2910,,,2,1,,32422,2910,,,2
69700,'SE',1640,,32509,9988,,,2,1,,32510,9988,,,2
69701,'SE',837,,32511,3634,,,2,1,,32512,3634,,,2
