2500,'DI',719,,24631,14683,,,2
2500,'F1',719,,24632,14683,,,2
2500,'F2',719,,24633,14683,,,2
2500,'SA',719,,24634,14683,,,2
2500,'SE',546,,24636,14683,,,2,70,,24637,14683,,,2,28,,24656,14683,,,2,59,,24655,14683,,,2,22,,24651,14683,,,2,19,,24638,14683,,,2,72,,24640,14683,,,2,28,,24641,14683,,,2,73,,24639,14683,,,2,30,,24635,14683,,,2,470,,24642,14683,,,2,30,,24643,14683,,,2,69,,24659,14683,,,2,13,,24658,14683,,,2,18,,24657,14683,,,2,72,,24644,14683,,,2,32,,24647,14683,,,2,69,,24649,14683,,,2,29,,24652,14683,,,2,69,,24648,14683,,,2,28,,24650,14683,,,2,70,,24646,14683,,,2,335,,24654,14683,,,2,82,,24660,14683,,,2,15,,24653,14683,,,2,85,,24645,14683,,,2
12300,'DI',639,,30605,13262,0,46 47,1,100,,30615,13262,0,46 47,1,100,,30606,13262,0,46 47,1,100,,30616,13262,0,46 47,1,100,,30607,13262,0,46 47,1,100,,30617,13262,0,46 47,1,105,,30608,13262,0,46 47,1,95,,30618,13262,0,46 47,1,100,,30609,13262,0,46 47,1,100,,30619,13262,0,46 47,1,100,,30610,13262,0,46 47,1,100,,30620,13262,0,46 47,1,100,,30611,13262,0,46 47,1,100,,30621,13262,0,46 47,1,100,,30612,13262,0,46 47,1,100,,30622,13262,0,46 47,1,100,,30613,13262,0,46 47,1,100,,30623,13262,0,46 47,1,100,,30614,13262,0,46 47,1
12300,'F1',639,,30632,13262,0,46 47,1,100,,30636,13262,0,46 47,1,100,,30626,13262,0,46 47,1,105,,30637,13262,0,46 47,1,99,,30627,13262,0,46 47,1,100,,30624,13262,0,46 47,1,100,,30628,13262,0,46 47,1,96,,30625,13262,0,46 47,1,100,,30629,13262,0,46 47,1,100,,30630,13262,0,46 47,1,104,,30638,13262,0,46 47,1,101,,30631,13262,0,46 47,1,99,,30639,13262,0,46 47,1,96,,30633,13262,0,46 47,1,100,,30640,13262,0,46 47,1,100,,30634,13262,0,46 47,1,100,,30641,13262,0,46 47,1,100,,30635,13262,0,46 47,1,100,,30642,13262,0,46 47,1
12300,'F2',639,,30644,13262,0,46 47,1,100,,30643,13262,0,46 47,1,100,,30645,13262,0,46 47,1,105,,30654,13262,0,46 47,1,99,,30646,13262,0,46 47,1,100,,30655,13262,0,46 47,1,100,,30647,13262,0,46 47,1,96,,30656,13262,0,46 47,1,100,,30648,13262,0,46 47,1,100,,30657,13262,0,46 47,1,104,,30649,13262,0,46 47,1,101,,30658,13262,0,46 47,1,99,,30650,13262,0,46 47,1,96,,30659,13262,0,46 47,1,100,,30651,13262,0,46 47,1,100,,30660,13262,0,46 47,1,100,,30652,13262,0,46 47,1,100,,30661,13262,0,46 47,1,100,,30653,13262,0,46 47,1
12300,'SA',639,,30663,13262,0,46 47,1,100,,30662,13262,0,46 47,1,100,,30664,13262,0,46 47,1,105,,30673,13262,0,46 47,1,99,,30665,13262,0,46 47,1,100,,30674,13262,0,46 47,1,100,,30666,13262,0,46 47,1,96,,30675,13262,0,46 47,1,100,,30667,13262,0,46 47,1,100,,30676,13262,0,46 47,1,104,,30668,13262,0,46 47,1,101,,30677,13262,0,46 47,1,99,,30669,13262,0,46 47,1,96,,30678,13262,0,46 47,1,100,,30670,13262,0,46 47,1,100,,30679,13262,0,46 47,1,100,,30671,13262,0,46 47,1,100,,30680,13262,0,46 47,1,100,,30672,13262,0,46 47,1
12300,'SE',534,,30700,13262,0,46 47,1,73,,30681,13262,0,46 47,1,15,,30688,13262,0,46 47,1,10,,30682,13262,0,46 47,1,10,,30702,13262,0,46 47,1,10,,30693,13262,0,46 47,1,53,,30703,13262,0,46 47,1,8,,30683,13262,0,46 47,1,12,,30707,13262,0,46 47,1,10,,30684,13262,0,46 47,1,21,,30708,13262,0,46 47,1,57,,30704,13262,0,46 47,1,30,,30710,13262,0,46 47,1,66,,30709,13262,0,46 47,1,29,,30690,13262,0,46 47,1,102,,30685,13262,0,46 47,1,100,,30695,13262,0,46 47,1,99,,30705,13262,0,46 47,1,104,,30697,13262,0,46 47,1,5,,30694,13262,0,46 47,1,93,,30701,13262,0,46 47,1,70,,30711,13262,0,46 47,1,32,,30698,13262,0,46 47,1,66,,30696,13262,0,46 47,1,30,,30713,13262,0,46 47,1,71,,30715,13262,0,46 47,1,31,,30687,13262,0,46 47,1,68,,30699,13262,0,46 47,1,35,,30686,13262,0,46 47,1,68,,30712,13262,0,46 47,1,30,,30706,13262,0,46 47,1,68,,30689,13262,0,46 47,1,30,,30714,13262,0,46 47,1,100,,30691,13262,0,46 47,1,100,,30716,13262,0,46 47,1,97,,30692,13262,0,46 47,1,100,,30717,13262,0,46 47,1
