1701,'DI',603,,23416,8369,,,1,100,,23419,8369,,,1,30,,23412,8369,,,1,70,,23402,8369,,,1,30,,23408,8369,,,1,70,,23417,8369,,,1,30,,23430,8369,,,1,70,,23420,8369,,,1,30,,23425,8369,,,1,70,,23403,8369,,,1,30,,23427,8369,,,1,70,,23414,8369,,,1,30,,23423,8369,,,1,70,,23431,8369,,,1,30,,23409,8369,,,1,70,,23426,8369,,,1,30,,23415,8369,,,1,70,,23413,8369,,,1,30,,23429,8369,,,1,69,,23421,8369,,,1,30,,23404,8369,,,1,71,,23411,8369,,,1,30,,23405,8369,,,1,70,,23400,8369,,,1,31,,23406,8369,,,1,70,,23399,8369,,,1,99,,23428,8369,,,1,100,,23422,8369,,,1,100,,23407,8369,,,1,100,,23424,8369,,,1,100,,23410,8369,,,1,100,,23401,8369,,,1
1701,'F1',604,,23460,8369,,,1,100,,23439,8369,,,1,30,,23461,8369,,,1,70,,23452,8369,,,1,30,,23442,8369,,,1,70,,23455,8369,,,1,30,,23459,8369,,,1,70,,23450,8369,,,1,30,,23446,8369,,,1,70,,23462,8369,,,1,30,,23440,8369,,,1,70,,23453,8369,,,1,30,,23449,8369,,,1,70,,23463,8369,,,1,30,,23443,8369,,,1,70,,23454,8369,,,1,30,,23435,8369,,,1,70,,23456,8369,,,1,30,,23441,8369,,,1,70,,23464,8369,,,1,30,,23444,8369,,,1,69,,23432,8369,,,1,30,,23447,8369,,,1,71,,23433,8369,,,1,30,,23448,8369,,,1,71,,23434,8369,,,1,99,,23445,8369,,,1,100,,23436,8369,,,1,100,,23457,8369,,,1,100,,23437,8369,,,1,100,,23458,8369,,,1,100,,23438,8369,,,1
1701,'F2',604,,23492,8369,,,1,100,,23486,8369,,,1,30,,23481,8369,,,1,70,,23496,8369,,,1,30,,23468,8369,,,1,70,,23480,8369,,,1,30,,23493,8369,,,1,70,,23478,8369,,,1,30,,23467,8369,,,1,70,,23487,8369,,,1,30,,23469,8369,,,1,70,,23473,8369,,,1,30,,23465,8369,,,1,70,,23475,8369,,,1,30,,23482,8369,,,1,70,,23488,8369,,,1,30,,23494,8369,,,1,70,,23474,8369,,,1,30,,23495,8369,,,1,70,,23483,8369,,,1,30,,23490,8369,,,1,69,,23489,8369,,,1,30,,23470,8369,,,1,71,,23472,8369,,,1,30,,23471,8369,,,1,71,,23476,8369,,,1,99,,23491,8369,,,1,100,,23484,8369,,,1,100,,23479,8369,,,1,100,,23477,8369,,,1,100,,23466,8369,,,1,100,,23497,8369,,,1
1701,'SA',604,,23523,8369,,,1,100,,23517,8369,,,1,30,,23513,8369,,,1,70,,23527,8369,,,1,30,,23501,8369,,,1,70,,5087,8369,,,1,30,,23524,8369,,,1,70,,23511,8369,,,1,30,,23500,8369,,,1,70,,23518,8369,,,1,30,,23502,8369,,,1,70,,23506,8369,,,1,30,,23498,8369,,,1,70,,23508,8369,,,1,30,,23514,8369,,,1,70,,23519,8369,,,1,30,,23525,8369,,,1,70,,23507,8369,,,1,30,,23526,8369,,,1,70,,23515,8369,,,1,30,,23521,8369,,,1,69,,23520,8369,,,1,30,,23503,8369,,,1,71,,23505,8369,,,1,30,,23504,8369,,,1,71,,23509,8369,,,1,99,,23522,8369,,,1,100,,5098,8369,,,1,100,,23512,8369,,,1,100,,23510,8369,,,1,100,,23499,8369,,,1,100,,23528,8369,,,1
2000,'DI',616,,23850,4755,,,2,100,,23853,4755,,,2,100,,23856,4755,,,2,100,,23848,4755,,,2,100,,23854,4755,,,2,97,,23857,4755,,,2,103,,23858,4755,,,2,100,,23855,4755,,,2,100,,23859,4755,,,2,100,,23851,4755,,,2,97,,23862,4755,,,2,103,,23863,4755,,,2,100,,23852,4755,,,2,100,,23860,4755,,,2,100,,23849,4755,,,2,100,,23864,4755,,,2,100,,23861,4755,,,2,100,,23865,4755,,,2,100,,23866,4755,,,2
2000,'F1',617,,23883,4755,,,2,100,,23879,4755,,,2,100,,23881,4755,,,2,100,,23880,4755,,,2,100,,5595,4755,,,2,100,,23882,4755,,,2,100,,5597,4755,,,2,100,,23871,4755,,,2,100,,23872,4755,,,2,100,,23869,4755,,,2,96,,23873,4755,,,2,104,,23874,4755,,,2,104,,23875,4755,,,2,96,,23867,4755,,,2,100,,23876,4755,,,2,100,,23877,4755,,,2,100,,23868,4755,,,2,100,,23870,4755,,,2,100,,23878,4755,,,2,100,,23884,4755,,,2
2000,'F2',617,,23903,4755,,,2,100,,23897,4755,,,2,100,,23894,4755,,,2,100,,23888,4755,,,2,100,,23890,4755,,,2,100,,23889,4755,,,2,100,,23898,4755,,,2,100,,23891,4755,,,2,100,,23892,4755,,,2,100,,23902,4755,,,2,96,,23899,4755,,,2,104,,23900,4755,,,2,104,,23901,4755,,,2,96,,23886,4755,,,2,100,,23895,4755,,,2,100,,23893,4755,,,2,100,,23885,4755,,,2,100,,23904,4755,,,2,100,,23896,4755,,,2,100,,23887,4755,,,2
2000,'SA',617,,23922,4755,,,2,100,,5701,4755,,,2,100,,23914,4755,,,2,100,,23908,4755,,,2,100,,23910,4755,,,2,100,,23909,4755,,,2,100,,23917,4755,,,2,100,,23911,4755,,,2,100,,23912,4755,,,2,100,,23921,4755,,,2,96,,23918,4755,,,2,104,,23919,4755,,,2,104,,23920,4755,,,2,96,,23906,4755,,,2,100,,23915,4755,,,2,100,,23913,4755,,,2,100,,23905,4755,,,2,100,,23923,4755,,,2,100,,23916,4755,,,2,100,,23907,4755,,,2
2000,'SE',536,,23938,4755,,,2,20,,23964,4755,,,2,64,,23947,4755,,,2,30,,23939,4755,,,2,286,,23925,4755,,,2,71,,23955,4755,,,2,30,,23931,4755,,,2,70,,23958,4755,,,2,30,,23928,4755,,,2,70,,23952,4755,,,2,30,,23932,4755,,,2,70,,23960,4755,,,2,30,,23929,4755,,,2,70,,23951,4755,,,2,30,,23933,4755,,,2,69,,23940,4755,,,2,21,,23942,4755,,,2,17,,23935,4755,,,2,15,,23927,4755,,,2,55,,23936,4755,,,2,15,,23953,4755,,,2,17,,23943,4755,,,2,10,,23959,4755,,,2,53,,23944,4755,,,2,11,,23946,4755,,,2,12,,23941,4755,,,2,13,,23954,4755,,,2,11,,23934,4755,,,2,54,,23962,4755,,,2,13,,23945,4755,,,2,15,,23957,4755,,,2,69,,23924,4755,,,2,30,,23956,4755,,,2,70,,23963,4755,,,2,30,,23937,4755,,,2,70,,23961,4755,,,2,30,,23948,4755,,,2,100,,23930,4755,,,2,100,,23949,4755,,,2,100,,23926,4755,,,2,100,,23950,4755,,,2
7601,'SE',515,,29039,5487,,,1,30,,29041,5487,,,1,70,,29048,5487,,,1,26,,29035,5487,,,1,61,,29031,5487,,,1,20,,29062,5487,,,1,20,,29037,5487,,,1,4,,29053,5487,,,1,5,,29032,5487,,,1,55,,29063,5487,,,1,21,,29049,5487,,,1,22,,29029,5487,,,1,66,,29064,5487,,,1,30,,29025,5487,,,1,70,,29036,5487,,,1,30,,29028,5487,,,1,70,,29067,5487,,,1,30,,29026,5487,,,1,70,,29030,5487,,,1,30,,29043,5487,,,1,70,,29045,5487,,,1,30,,29033,5487,,,1,70,,29054,5487,,,1,32,,29068,5487,,,1,75,,29055,5487,,,1,26,,29044,5487,,,1,72,,29040,5487,,,1,34,,29056,5487,,,1,64,,29034,5487,,,1,16,,29042,5487,,,1,19,,29070,5487,,,1,61,,29069,5487,,,1,17,,29047,5487,,,1,18,,29065,5487,,,1,66,,29061,5487,,,1,30,,29046,5487,,,1,70,,29038,5487,,,1,30,,29050,5487,,,1,70,,29057,5487,,,1,30,,29051,5487,,,1,70,,29058,5487,,,1,29,,29052,5487,,,1,70,,29059,5487,,,1,30,,29027,5487,,,1,70,,29060,5487,,,1,30,,29066,5487,,,1
