5401,'DI',611,,27185,1038,,,1,100,,27202,1038,,,1,100,,27197,1038,,,1,103,,27203,1038,,,1,102,,27198,1038,,,1,100,,27183,1038,,,1,100,,27207,1038,,,1,30,,27184,1038,,,1,70,,27206,1038,,,1,30,,27208,1038,,,1,70,,27195,1038,,,1,30,,27204,1038,,,1,69,,27196,1038,,,1,31,,27199,1038,,,1,69,,27200,1038,,,1,31,,27190,1038,,,1,69,,27205,1038,,,1,31,,27201,1038,,,1,70,,27186,1038,,,1,31,,27191,1038,,,1,77,,27187,1038,,,1,100,,27188,1038,,,1,100,,27189,1038,,,1,100,,27192,1038,,,1,100,,27193,1038,,,1,100,,27194,1038,,,1
5401,'F1',612,,27231,1038,,,1,30,,27233,1038,,,1,70,,27215,1038,,,1,30,,27232,1038,,,1,70,,27216,1038,,,1,32,,27209,1038,,,1,72,,27234,1038,,,1,31,,27225,1038,,,1,68,,27210,1038,,,1,30,,27235,1038,,,1,72,,27228,1038,,,1,30,,27217,1038,,,1,69,,27226,1038,,,1,31,,27229,1038,,,1,70,,27221,1038,,,1,30,,27227,1038,,,1,70,,27213,1038,,,1,25,,27230,1038,,,1,74,,27211,1038,,,1,30,,27236,1038,,,1,71,,27219,1038,,,1,30,,27212,1038,,,1,70,,27237,1038,,,1,30,,27220,1038,,,1,70,,27218,1038,,,1,30,,27214,1038,,,1,77,,27222,1038,,,1,100,,27223,1038,,,1,100,,27224,1038,,,1,100,,27238,1038,,,1,100,,27239,1038,,,1,100,,27240,1038,,,1,100,,27241,1038,,,1
5401,'F2',612,,27256,1038,,,1,30,,27265,1038,,,1,70,,27260,1038,,,1,30,,27259,1038,,,1,70,,27257,1038,,,1,32,,27247,1038,,,1,72,,27245,1038,,,1,31,,27266,1038,,,1,68,,27258,1038,,,1,30,,27246,1038,,,1,72,,27248,1038,,,1,30,,27255,1038,,,1,69,,27267,1038,,,1,31,,27249,1038,,,1,70,,27261,1038,,,1,30,,27268,1038,,,1,70,,27242,1038,,,1,25,,27262,1038,,,1,74,,27250,1038,,,1,30,,27243,1038,,,1,71,,27263,1038,,,1,30,,27251,1038,,,1,70,,27244,1038,,,1,30,,27264,1038,,,1,70,,27253,1038,,,1,30,,27252,1038,,,1,77,,27254,1038,,,1,100,,27269,1038,,,1,100,,27270,1038,,,1,100,,27271,1038,,,1,100,,27272,1038,,,1,100,,27273,1038,,,1,100,,27274,1038,,,1
5401,'SA',612,,27289,1038,,,1,30,,27298,1038,,,1,70,,27293,1038,,,1,30,,27292,1038,,,1,70,,27290,1038,,,1,32,,27280,1038,,,1,72,,27278,1038,,,1,31,,10810,1038,,,1,68,,27291,1038,,,1,30,,27279,1038,,,1,72,,27281,1038,,,1,30,,27288,1038,,,1,69,,27299,1038,,,1,31,,27282,1038,,,1,70,,27294,1038,,,1,30,,10812,1038,,,1,70,,27275,1038,,,1,25,,27295,1038,,,1,74,,27283,1038,,,1,30,,27276,1038,,,1,71,,27296,1038,,,1,30,,27284,1038,,,1,70,,27277,1038,,,1,30,,27297,1038,,,1,70,,27286,1038,,,1,30,,27285,1038,,,1,77,,27287,1038,,,1,100,,27300,1038,,,1,100,,27301,1038,,,1,100,,27302,1038,,,1,100,,27303,1038,,,1,100,,27304,1038,,,1,100,,27305,1038,,,1
5401,'SE',554,,27319,1038,,,1,70,,27317,1038,,,1,30,,27306,1038,,,1,76,,27310,1038,,,1,23,,27313,1038,,,1,70,,27307,1038,,,1,34,,27314,1038,,,1,71,,27312,1038,,,1,30,,27333,1038,,,1,70,,27335,1038,,,1,30,,27328,1038,,,1,70,,27325,1038,,,1,30,,27308,1038,,,1,70,,27316,1038,,,1,30,,27309,1038,,,1,71,,27336,1038,,,1,30,,27321,1038,,,1,70,,27311,1038,,,1,71,,27326,1038,,,1,28,,27315,1038,,,1,29,,27338,1038,,,1,71,,27318,1038,,,1,24,,27324,1038,,,1,74,,27327,1038,,,1,23,,27331,1038,,,1,75,,27322,1038,,,1,30,,27337,1038,,,1,73,,27334,1038,,,1,29,,27329,1038,,,1,68,,27340,1038,,,1,30,,27339,1038,,,1,70,,27332,1038,,,1,99,,27341,1038,,,1,100,,27330,1038,,,1,100,,27320,1038,,,1,100,,27323,1038,,,1
5900,'SE',650,,27371,1059,,,2,60,,27370,1059,,,2,30,,27372,1059,,,2,890,,27376,1059,,,2,27,,27378,1059,,,2,64,,27374,1059,,,2,24,,27375,1059,,,2,60,,27373,1059,,,2,33,,27377,1059,,,2
7701,'DI',759,,29172,6161,0,36 37,1,100,,29175,6161,0,36 37,1,100,,29173,6161,0,36 37,1,100,,29176,6161,0,36 37,1,100,,29174,6161,0,36 37,1,100,,29171,6161,0,36 37,1,100,,29177,6161,0,36 37,1,100,,29180,6161,0,36 37,1,100,,29170,6161,0,36 37,1,100,,29181,6161,0,36 37,1,100,,29182,6161,0,36 37,1,99,,29183,6161,0,36 37,1,99,,29178,6161,0,36 37,1,100,,29184,6161,0,36 37,1,100,,29179,6161,0,36 37,1
7701,'F1',759,,29188,6161,0,36 37,1,100,,29190,6161,0,36 37,1,100,,29189,6161,0,36 37,1,100,,29191,6161,0,36 37,1,100,,29185,6161,0,36 37,1,100,,29192,6161,0,36 37,1,100,,29193,6161,0,36 37,1,97,,29186,6161,0,36 37,1,103,,29194,6161,0,36 37,1,99,,29196,6161,0,36 37,1,101,,29195,6161,0,36 37,1,99,,29197,6161,0,36 37,1,99,,29198,6161,0,36 37,1,100,,29187,6161,0,36 37,1,100,,29199,6161,0,36 37,1
7701,'F2',759,,29214,6161,0,36 37,1,100,,29205,6161,0,36 37,1,100,,29201,6161,0,36 37,1,100,,29206,6161,0,36 37,1,100,,29202,6161,0,36 37,1,100,,29204,6161,0,36 37,1,100,,29207,6161,0,36 37,1,97,,29200,6161,0,36 37,1,103,,29208,6161,0,36 37,1,99,,29210,6161,0,36 37,1,101,,29209,6161,0,36 37,1,99,,29211,6161,0,36 37,1,99,,29212,6161,0,36 37,1,100,,29203,6161,0,36 37,1,100,,29213,6161,0,36 37,1
7701,'SA',759,,29228,6161,0,36 37,1,100,,29219,6161,0,36 37,1,100,,29216,6161,0,36 37,1,100,,29220,6161,0,36 37,1,100,,13757,6161,0,36 37,1,100,,29218,6161,0,36 37,1,100,,29221,6161,0,36 37,1,97,,29215,6161,0,36 37,1,103,,29222,6161,0,36 37,1,99,,29224,6161,0,36 37,1,101,,29223,6161,0,36 37,1,99,,29225,6161,0,36 37,1,99,,29226,6161,0,36 37,1,100,,29217,6161,0,36 37,1,100,,29227,6161,0,36 37,1
7701,'SE',639,,29235,6161,0,36 37,1,11,,29231,6161,0,36 37,1,7,,29238,6161,0,36 37,1,47,,29241,6161,0,36 37,1,12,,29232,6161,0,36 37,1,2,,29244,6161,0,36 37,1,8,,29237,6161,0,36 37,1,18,,29242,6161,0,36 37,1,73,,29246,6161,0,36 37,1,28,,29239,6161,0,36 37,1,67,,29245,6161,0,36 37,1,5,,29233,6161,0,36 37,1,31,,29243,6161,0,36 37,1,70,,29247,6161,0,36 37,1,30,,29240,6161,0,36 37,1,70,,29234,6161,0,36 37,1,30,,29249,6161,0,36 37,1,70,,29248,6161,0,36 37,1,30,,29251,6161,0,36 37,1,71,,29252,6161,0,36 37,1,33,,29250,6161,0,36 37,1,70,,29253,6161,0,36 37,1,30,,29257,6161,0,36 37,1,69,,29259,6161,0,36 37,1,20,,29261,6161,0,36 37,1,60,,29264,6161,0,36 37,1,20,,29254,6161,0,36 37,1,20,,29258,6161,0,36 37,1,59,,29236,6161,0,36 37,1,18,,29260,6161,0,36 37,1,22,,29262,6161,0,36 37,1,71,,13794,6161,0,36 37,1,24,,29255,6161,0,36 37,1,73,,29263,6161,0,36 37,1,32,,29256,6161,0,36 37,1,70,,29265,6161,0,36 37,1,31,,29266,6161,0,36 37,1,71,,29230,6161,0,36 37,1,24,,29229,6161,0,36 37,1
