1300,'DI',711,,3422,9724,,,1,100,,22394,9724,,,1,100,,3423,9724,,,1,100,,22395,9724,,,1,101,,3424,9724,,,1,100,,22396,9724,,,1,100,,3425,9724,,,1,95,,22397,9724,,,1,105,,22405,9724,,,1,100,,22391,9724,,,1,100,,22398,9724,,,1,100,,22393,9724,,,1,99,,22399,9724,,,1,100,,22403,9724,,,1,100,,22401,9724,,,1,100,,22400,9724,,,1,100,,22392,9724,,,1,100,,22404,9724,,,1,100,,22402,9724,,,1
1300,'F1',711,,22406,9724,,,1,100,,22414,9724,,,1,100,,22408,9724,,,1,101,,22409,9724,,,1,100,,22419,9724,,,1,100,,22407,9724,,,1,100,,22415,9724,,,1,100,,22410,9724,,,1,100,,22416,9724,,,1,100,,22424,9724,,,1,100,,22412,9724,,,1,100,,22420,9724,,,1,99,,22417,9724,,,1,100,,22421,9724,,,1,100,,22411,9724,,,1,100,,22423,9724,,,1,100,,22418,9724,,,1,100,,22422,9724,,,1,100,,22425,9724,,,1,100,,22413,9724,,,1
1300,'F2',711,,22427,9724,,,1,100,,22434,9724,,,1,100,,22428,9724,,,1,101,,22429,9724,,,1,100,,22435,9724,,,1,100,,22437,9724,,,1,100,,22430,9724,,,1,100,,22438,9724,,,1,100,,22431,9724,,,1,100,,22426,9724,,,1,100,,22441,9724,,,1,100,,22444,9724,,,1,99,,22432,9724,,,1,100,,22439,9724,,,1,100,,22436,9724,,,1,100,,22445,9724,,,1,100,,22442,9724,,,1,100,,22433,9724,,,1,100,,22443,9724,,,1,100,,22440,9724,,,1
1300,'SA',711,,22447,9724,,,1,100,,22454,9724,,,1,100,,22448,9724,,,1,101,,22449,9724,,,1,100,,22455,9724,,,1,100,,22457,9724,,,1,100,,22450,9724,,,1,100,,22458,9724,,,1,100,,22451,9724,,,1,100,,22446,9724,,,1,100,,22461,9724,,,1,100,,22464,9724,,,1,99,,22452,9724,,,1,100,,22459,9724,,,1,100,,22456,9724,,,1,100,,22465,9724,,,1,100,,22462,9724,,,1,100,,22453,9724,,,1,100,,22463,9724,,,1,100,,22460,9724,,,1
1300,'SE',616,,22480,9724,,,1,33,,22502,9724,,,1,67,,22496,9724,,,1,33,,22470,9724,,,1,55,,22488,9724,,,1,15,,22471,9724,,,1,15,,22483,9724,,,1,25,,22474,9724,,,1,65,,22466,9724,,,1,28,,22468,9724,,,1,70,,22478,9724,,,1,30,,22477,9724,,,1,70,,22472,9724,,,1,30,,22490,9724,,,1,70,,22469,9724,,,1,31,,22479,9724,,,1,70,,22498,9724,,,1,30,,22485,9724,,,1,70,,22491,9724,,,1,30,,22503,9724,,,1,72,,22500,9724,,,1,30,,22467,9724,,,1,63,,22493,9724,,,1,20,,22486,9724,,,1,15,,22487,9724,,,1,53,,22489,9724,,,1,10,,22506,9724,,,1,15,,22494,9724,,,1,20,,22484,9724,,,1,60,,22482,9724,,,1,20,,22481,9724,,,1,26,,22505,9724,,,1,68,,22473,9724,,,1,32,,22499,9724,,,1,70,,22501,9724,,,1,30,,22492,9724,,,1,68,,22504,9724,,,1,100,,22495,9724,,,1,100,,22497,9724,,,1,100,,22475,9724,,,1,103,,22476,9724,,,1
1500,'DI',747,,22683,10521,,,1,101,,22680,10521,,,1,100,,22677,10521,,,1,100,,22690,10521,,,1,100,,22695,10521,,,1,100,,22688,10521,,,1,100,,22684,10521,,,1,100,,22678,10521,,,1,100,,22692,10521,,,1,100,,22679,10521,,,1,100,,22687,10521,,,1,100,,22685,10521,,,1,98,,22689,10521,,,1,100,,22693,10521,,,1,100,,22691,10521,,,1,100,,22686,10521,,,1,100,,22681,10521,,,1,100,,22694,10521,,,1,100,,22682,10521,,,1
1500,'F1',748,,22697,10521,,,1,100,,22703,10521,,,1,100,,22712,10521,,,1,100,,22704,10521,,,1,107,,22706,10521,,,1,95,,22705,10521,,,1,100,,22713,10521,,,1,100,,22698,10521,,,1,100,,22707,10521,,,1,100,,22699,10521,,,1,100,,22696,10521,,,1,100,,22709,10521,,,1,100,,22714,10521,,,1,98,,22700,10521,,,1,100,,22701,10521,,,1,100,,22710,10521,,,1,100,,22702,10521,,,1,100,,22711,10521,,,1,100,,22708,10521,,,1
1500,'F2',748,,22730,10521,,,1,100,,22723,10521,,,1,100,,22717,10521,,,1,100,,22731,10521,,,1,107,,22725,10521,,,1,95,,22715,10521,,,1,100,,22727,10521,,,1,100,,22721,10521,,,1,100,,22726,10521,,,1,100,,22722,10521,,,1,100,,22718,10521,,,1,100,,22724,10521,,,1,100,,22728,10521,,,1,98,,22729,10521,,,1,100,,22716,10521,,,1,100,,22732,10521,,,1,100,,22719,10521,,,1,100,,22733,10521,,,1,100,,22720,10521,,,1
1500,'SA',748,,22749,10521,,,1,100,,22742,10521,,,1,100,,22736,10521,,,1,100,,22750,10521,,,1,107,,22744,10521,,,1,95,,22734,10521,,,1,100,,22746,10521,,,1,100,,22740,10521,,,1,100,,22745,10521,,,1,100,,22741,10521,,,1,100,,22737,10521,,,1,100,,22743,10521,,,1,100,,22747,10521,,,1,98,,22748,10521,,,1,100,,22735,10521,,,1,100,,22751,10521,,,1,100,,22738,10521,,,1,100,,22752,10521,,,1,100,,22739,10521,,,1
1500,'SE',610,,22789,10521,,,1,30,,22783,10521,,,1,73,,22754,10521,,,1,28,,22775,10521,,,1,75,,22781,10521,,,1,26,,22761,10521,,,1,73,,22777,10521,,,1,30,,22760,10521,,,1,68,,22782,10521,,,1,30,,22779,10521,,,1,70,,22755,10521,,,1,30,,22758,10521,,,1,70,,22780,10521,,,1,30,,22763,10521,,,1,70,,22759,10521,,,1,30,,22756,10521,,,1,70,,22785,10521,,,1,30,,22769,10521,,,1,73,,22784,10521,,,1,30,,22762,10521,,,1,66,,22764,10521,,,1,34,,22757,10521,,,1,82,,22773,10521,,,1,18,,22788,10521,,,1,70,,22770,10521,,,1,30,,22771,10521,,,1,68,,22786,10521,,,1,27,,22774,10521,,,1,70,,22767,10521,,,1,30,,22778,10521,,,1,70,,22787,10521,,,1,30,,22772,10521,,,1,70,,22753,10521,,,1,30,,22766,10521,,,1,100,,22768,10521,,,1,98,,22776,10521,,,1,100,,22765,10521,,,1
3001,'SE',610,,25059,7649,,,2,30,,25060,7649,,,2,71,,25061,7649,,,2,30,,25063,7649,,,2,72,,25062,7649,,,2,32,,25064,7649,,,2,764,,25067,7649,,,2,31,,25068,7649,,,2,68,,25065,7649,,,2,32,,25066,7649,,,2,71,,25069,7649,,,2
52601,'SE',908,,32350,4329,,,2,1,,32351,4329,,,2
61300,'SE',1658,,18881,9295,,,2,53,,32411,9295,,,2
