2301,'F1',615,,24597,5484,,,1,103,,24598,5484,,,1,102,,24599,5484,,,1,100,,24594,5484,,,1,103,,24590,5484,,,1,99,,24592,5484,,,1,103,,24593,5484,,,1,97,,24600,5484,,,1,99,,24591,5484,,,1,100,,24595,5484,,,1,100,,24596,5484,,,1,100,,24601,5484,,,1
2301,'F2',615,,24609,5484,,,1,103,,24610,5484,,,1,102,,24611,5484,,,1,100,,24602,5484,,,1,103,,24603,5484,,,1,99,,24605,5484,,,1,103,,24606,5484,,,1,97,,24612,5484,,,1,99,,24613,5484,,,1,100,,24608,5484,,,1,100,,24607,5484,,,1,100,,24604,5484,,,1
2301,'SA',615,,24621,5484,,,1,103,,24622,5484,,,1,102,,24623,5484,,,1,100,,24614,5484,,,1,103,,24615,5484,,,1,99,,24617,5484,,,1,103,,24618,5484,,,1,97,,24624,5484,,,1,99,,24625,5484,,,1,100,,24620,5484,,,1,100,,24619,5484,,,1,100,,24616,5484,,,1
2301,'SE',1023,,24628,5484,,,1,101,,24626,5484,,,1,100,,24629,5484,,,1,101,,24630,5484,,,1,100,,24627,5484,,,1
12301,'DI',549,,30718,19780,,,1,100,,30728,19780,,,1,100,,30719,19780,,,1,100,,30729,19780,,,1,101,,30720,19780,,,1,100,,30730,19780,,,1,100,,30721,19780,,,1,100,,30731,19780,,,1,100,,30722,19780,,,1,100,,30732,19780,,,1,100,,30723,19780,,,1,100,,30733,19780,,,1,100,,30724,19780,,,1,100,,30734,19780,,,1,100,,30725,19780,,,1,99,,30735,19780,,,1,100,,30726,19780,,,1,100,,30736,19780,,,1,100,,30727,19780,,,1,100,,30737,19780,,,1
12301,'F1',548,,30746,19780,,,1,100,,30751,19780,,,1,100,,30747,19780,,,1,100,,30752,19780,,,1,100,,30740,19780,,,1,100,,30753,19780,,,1,100,,30741,19780,,,1,100,,30738,19780,,,1,100,,30742,19780,,,1,100,,30739,19780,,,1,100,,30743,19780,,,1,100,,30744,19780,,,1,100,,30754,19780,,,1,100,,30745,19780,,,1,100,,30755,19780,,,1,100,,30748,19780,,,1,100,,30756,19780,,,1,100,,30749,19780,,,1,100,,30757,19780,,,1,100,,30750,19780,,,1
12301,'F2',548,,30760,19780,,,1,100,,30758,19780,,,1,100,,30761,19780,,,1,100,,30759,19780,,,1,100,,30762,19780,,,1,100,,30770,19780,,,1,100,,30763,19780,,,1,100,,30771,19780,,,1,100,,30764,19780,,,1,100,,30772,19780,,,1,100,,30765,19780,,,1,100,,30773,19780,,,1,100,,30766,19780,,,1,100,,30774,19780,,,1,100,,30767,19780,,,1,100,,30775,19780,,,1,100,,30768,19780,,,1,100,,30776,19780,,,1,100,,30769,19780,,,1,100,,30777,19780,,,1
12301,'SA',548,,30780,19780,,,1,100,,30778,19780,,,1,100,,30781,19780,,,1,100,,30779,19780,,,1,100,,30782,19780,,,1,100,,30790,19780,,,1,100,,30783,19780,,,1,100,,30791,19780,,,1,100,,30784,19780,,,1,100,,30792,19780,,,1,100,,30785,19780,,,1,100,,30793,19780,,,1,100,,30786,19780,,,1,100,,30794,19780,,,1,100,,30787,19780,,,1,100,,30795,19780,,,1,100,,30788,19780,,,1,100,,30796,19780,,,1,100,,30789,19780,,,1,100,,30797,19780,,,1
12301,'SE',535,,30809,19780,,,1,70,,30819,19780,,,1,20,,30802,19780,,,1,25,,30801,19780,,,1,55,,30803,19780,,,1,27,,30804,19780,,,1,70,,30798,19780,,,1,28,,30799,19780,,,1,70,,30800,19780,,,1,28,,30820,19780,,,1,30,,30823,19780,,,1,96,,30810,19780,,,1,101,,30806,19780,,,1,100,,30816,19780,,,1,100,,30821,19780,,,1,100,,30826,19780,,,1,51,,30814,19780,,,1,27,,30827,19780,,,1,20,,30829,19780,,,1,55,,30815,19780,,,1,19,,30813,19780,,,1,6,,30824,19780,,,1,16,,30830,19780,,,1,10,,30832,19780,,,1,46,,30818,19780,,,1,24,,30817,19780,,,1,26,,30828,19780,,,1,67,,30833,19780,,,1,31,,30808,19780,,,1,66,,30805,19780,,,1,34,,30807,19780,,,1,68,,30825,19780,,,1,30,,30822,19780,,,1,98,,30831,19780,,,1,98,,30811,19780,,,1,100,,30834,19780,,,1,157,,30812,19780,,,1
17001,'SE',515,,31389,2480,0,50 51,2,30,,31390,2480,0,50 51,2,62,,31373,2480,0,50 51,2,30,,31377,2480,0,50 51,2,70,,31374,2480,0,50 51,2,31,,31378,2480,0,50 51,2,69,,31375,2480,0,50 51,2,35,,31379,2480,0,50 51,2,70,,31376,2480,0,50 51,2,616,,31385,2480,0,50 51,2,30,,31380,2480,0,50 51,2,70,,31386,2480,0,50 51,2,30,,31381,2480,0,50 51,2,70,,31387,2480,0,50 51,2,30,,31382,2480,0,50 51,2,70,,31388,2480,0,50 51,2,30,,31383,2480,0,50 51,2
57501,'SE',850,,32394,8858,,,2
