1000,'DI',641,,22129,6367,,,1,70,,22156,6367,,,1,30,,22154,6367,,,1,70,,22147,6367,,,1,38,,22130,6367,,,1,70,,22148,6367,,,1,30,,22131,6367,,,1,70,,22149,6367,,,1,30,,22132,6367,,,1,70,,22150,6367,,,1,30,,22133,6367,,,1,70,,22151,6367,,,1,30,,22134,6367,,,1,70,,22152,6367,,,1,30,,22135,6367,,,1,70,,22153,6367,,,1,30,,22136,6367,,,1,70,,22157,6367,,,1,30,,22137,6367,,,1,70,,22158,6367,,,1,30,,22138,6367,,,1,70,,22159,6367,,,1,30,,22139,6367,,,1,70,,22160,6367,,,1,81,,22140,6367,,,1,100,,22141,6367,,,1,100,,22142,6367,,,1,100,,22143,6367,,,1,100,,22144,6367,,,1,100,,22145,6367,,,1,100,,22146,6367,,,1
1000,'F1',611,,22174,6367,,,1,30,,22172,6367,,,1,70,,22161,6367,,,1,30,,22176,6367,,,1,70,,22175,6367,,,1,38,,22162,6367,,,1,70,,22189,6367,,,1,30,,22163,6367,,,1,70,,22190,6367,,,1,30,,22164,6367,,,1,70,,22191,6367,,,1,30,,22165,6367,,,1,71,,22192,6367,,,1,30,,22166,6367,,,1,70,,22193,6367,,,1,30,,22177,6367,,,1,70,,22168,6367,,,1,30,,22178,6367,,,1,70,,22169,6367,,,1,30,,22179,6367,,,1,70,,22170,6367,,,1,29,,22180,6367,,,1,71,,22171,6367,,,1,30,,22181,6367,,,1,70,,22167,6367,,,1,81,,22182,6367,,,1,100,,22183,6367,,,1,100,,22184,6367,,,1,100,,22185,6367,,,1,100,,22186,6367,,,1,100,,22187,6367,,,1,100,,22188,6367,,,1
1000,'F2',611,,22205,6367,,,1,30,,22200,6367,,,1,70,,22194,6367,,,1,30,,22207,6367,,,1,70,,22206,6367,,,1,38,,22216,6367,,,1,70,,22215,6367,,,1,30,,22217,6367,,,1,70,,22223,6367,,,1,30,,22218,6367,,,1,70,,22224,6367,,,1,30,,22208,6367,,,1,71,,22225,6367,,,1,30,,22209,6367,,,1,70,,22226,6367,,,1,30,,22210,6367,,,1,70,,22195,6367,,,1,30,,22211,6367,,,1,70,,22196,6367,,,1,30,,22212,6367,,,1,70,,22197,6367,,,1,29,,22213,6367,,,1,71,,22198,6367,,,1,30,,22214,6367,,,1,70,,22199,6367,,,1,81,,22219,6367,,,1,100,,22220,6367,,,1,100,,22221,6367,,,1,100,,22222,6367,,,1,100,,22201,6367,,,1,100,,22202,6367,,,1,100,,22203,6367,,,1
1000,'SA',611,,22238,6367,,,1,30,,22233,6367,,,1,70,,22227,6367,,,1,30,,22240,6367,,,1,70,,22239,6367,,,1,38,,22249,6367,,,1,70,,22248,6367,,,1,30,,22250,6367,,,1,70,,22256,6367,,,1,30,,22251,6367,,,1,70,,22257,6367,,,1,30,,22241,6367,,,1,71,,22258,6367,,,1,30,,22242,6367,,,1,70,,22259,6367,,,1,30,,22243,6367,,,1,70,,22228,6367,,,1,30,,22244,6367,,,1,70,,22229,6367,,,1,30,,22245,6367,,,1,70,,22230,6367,,,1,29,,22246,6367,,,1,71,,22231,6367,,,1,30,,22247,6367,,,1,70,,22232,6367,,,1,81,,22252,6367,,,1,100,,22253,6367,,,1,100,,22254,6367,,,1,100,,22255,6367,,,1,100,,22234,6367,,,1,100,,22235,6367,,,1,100,,22236,6367,,,1
1700,'DI',633,,23295,6257,,,1,100,,23280,6257,,,1,70,,23286,6257,,,1,30,,23293,6257,,,1,70,,23306,6257,,,1,30,,23296,6257,,,1,70,,23301,6257,,,1,30,,23281,6257,,,1,70,,23303,6257,,,1,30,,23291,6257,,,1,70,,23299,6257,,,1,30,,23307,6257,,,1,70,,23287,6257,,,1,30,,23302,6257,,,1,70,,23292,6257,,,1,30,,23290,6257,,,1,70,,23305,6257,,,1,29,,23297,6257,,,1,70,,23282,6257,,,1,31,,23289,6257,,,1,70,,23283,6257,,,1,30,,23278,6257,,,1,71,,23284,6257,,,1,30,,23277,6257,,,1,99,,23304,6257,,,1,100,,23298,6257,,,1,100,,23285,6257,,,1,100,,23300,6257,,,1,100,,23288,6257,,,1,100,,23279,6257,,,1,100,,23294,6257,,,1
1700,'F1',633,,23315,6257,,,1,100,,23328,6257,,,1,70,,23318,6257,,,1,30,,23331,6257,,,1,70,,23335,6257,,,1,30,,23326,6257,,,1,70,,23322,6257,,,1,30,,23336,6257,,,1,70,,23316,6257,,,1,30,,23329,6257,,,1,70,,23325,6257,,,1,30,,23337,6257,,,1,70,,23319,6257,,,1,30,,23330,6257,,,1,70,,23311,6257,,,1,30,,23332,6257,,,1,70,,23317,6257,,,1,30,,23338,6257,,,1,70,,23320,6257,,,1,29,,23308,6257,,,1,70,,23323,6257,,,1,31,,23309,6257,,,1,70,,23324,6257,,,1,31,,23310,6257,,,1,99,,23321,6257,,,1,100,,23312,6257,,,1,100,,23333,6257,,,1,100,,23313,6257,,,1,100,,23334,6257,,,1,100,,23314,6257,,,1,100,,23327,6257,,,1
1700,'F2',633,,23359,6257,,,1,100,,23368,6257,,,1,70,,23342,6257,,,1,30,,23354,6257,,,1,70,,23365,6257,,,1,30,,23352,6257,,,1,70,,23341,6257,,,1,30,,23360,6257,,,1,70,,23343,6257,,,1,30,,23347,6257,,,1,70,,23339,6257,,,1,30,,23349,6257,,,1,70,,23355,6257,,,1,30,,23361,6257,,,1,70,,23366,6257,,,1,30,,23348,6257,,,1,70,,23367,6257,,,1,30,,23356,6257,,,1,70,,23363,6257,,,1,29,,23362,6257,,,1,70,,23344,6257,,,1,31,,23346,6257,,,1,70,,23345,6257,,,1,31,,23350,6257,,,1,99,,23364,6257,,,1,100,,23357,6257,,,1,100,,23353,6257,,,1,100,,23351,6257,,,1,100,,23340,6257,,,1,100,,23369,6257,,,1,100,,23358,6257,,,1
1700,'SA',633,,23388,6257,,,1,100,,23397,6257,,,1,70,,23373,6257,,,1,30,,4923,6257,,,1,70,,23394,6257,,,1,30,,23383,6257,,,1,70,,23372,6257,,,1,30,,23389,6257,,,1,70,,23374,6257,,,1,30,,23378,6257,,,1,70,,23370,6257,,,1,30,,23380,6257,,,1,70,,23385,6257,,,1,30,,23390,6257,,,1,70,,23395,6257,,,1,30,,23379,6257,,,1,70,,23396,6257,,,1,30,,23386,6257,,,1,70,,23392,6257,,,1,29,,23391,6257,,,1,70,,23375,6257,,,1,31,,23377,6257,,,1,70,,23376,6257,,,1,31,,23381,6257,,,1,99,,23393,6257,,,1,100,,4934,6257,,,1,100,,23384,6257,,,1,100,,23382,6257,,,1,100,,23371,6257,,,1,100,,23398,6257,,,1,100,,23387,6257,,,1
7600,'SE',611,,28987,6722,,,1,21,,28983,6722,,,1,20,,29015,6722,,,1,64,,28984,6722,,,1,17,,29016,6722,,,1,21,,29001,6722,,,1,63,,28981,6722,,,1,27,,29017,6722,,,1,70,,28977,6722,,,1,30,,28988,6722,,,1,70,,28980,6722,,,1,30,,29021,6722,,,1,70,,28978,6722,,,1,30,,28982,6722,,,1,70,,28995,6722,,,1,30,,28997,6722,,,1,70,,28985,6722,,,1,30,,29006,6722,,,1,71,,29022,6722,,,1,34,,29007,6722,,,1,66,,28996,6722,,,1,32,,28992,6722,,,1,71,,29008,6722,,,1,24,,28986,6722,,,1,58,,28994,6722,,,1,20,,29024,6722,,,1,21,,29023,6722,,,1,18,,28999,6722,,,1,60,,29018,6722,,,1,27,,29014,6722,,,1,70,,28998,6722,,,1,30,,28990,6722,,,1,70,,29002,6722,,,1,30,,29009,6722,,,1,70,,29003,6722,,,1,30,,29010,6722,,,1,69,,29004,6722,,,1,30,,29011,6722,,,1,70,,28979,6722,,,1,30,,29012,6722,,,1,70,,29019,6722,,,1,30,,29013,6722,,,1,70,,29020,6722,,,1
56501,'SE',832,,32388,2107,,,2
