6101,'DI',722,,27662,11554,,,2,30,,27659,11554,,,2,72,,27665,11554,,,2,17,,27663,11554,,,2,70,,27660,11554,,,2,30,,27666,11554,,,2,70,,27664,11554,,,2,30,,27661,11554,,,2,70,,27667,11554,,,2,30,,27668,11554,,,2,70,,27672,11554,,,2,30,,27676,11554,,,2,70,,27669,11554,,,2,30,,27673,11554,,,2,70,,27677,11554,,,2,30,,27670,11554,,,2,70,,27674,11554,,,2,30,,27678,11554,,,2,70,,27671,11554,,,2,34,,27675,11554,,,2,61,,27679,11554,,,2,35,,27681,11554,,,2,60,,27684,11554,,,2,40,,27680,11554,,,2,65,,27682,11554,,,2,30,,27685,11554,,,2,85,,27683,11554,,,2,100,,27686,11554,,,2,100,,27687,11554,,,2,100,,27688,11554,,,2
6101,'F1',722,,27694,11554,,,2,30,,27691,11554,,,2,72,,27697,11554,,,2,17,,27695,11554,,,2,70,,27692,11554,,,2,30,,27698,11554,,,2,70,,27696,11554,,,2,30,,27693,11554,,,2,70,,27699,11554,,,2,30,,27700,11554,,,2,70,,27704,11554,,,2,30,,27706,11554,,,2,70,,27701,11554,,,2,30,,27705,11554,,,2,70,,27707,11554,,,2,30,,27702,11554,,,2,70,,27708,11554,,,2,30,,27712,11554,,,2,70,,27703,11554,,,2,34,,27709,11554,,,2,61,,27713,11554,,,2,35,,27715,11554,,,2,60,,27710,11554,,,2,40,,27714,11554,,,2,65,,27716,11554,,,2,30,,27711,11554,,,2,85,,27717,11554,,,2,100,,27719,11554,,,2,100,,27718,11554,,,2,100,,27721,11554,,,2
6101,'F2',722,,27726,11554,,,2,30,,27723,11554,,,2,72,,27729,11554,,,2,17,,27727,11554,,,2,70,,27724,11554,,,2,30,,27730,11554,,,2,70,,27728,11554,,,2,30,,27725,11554,,,2,70,,27731,11554,,,2,30,,27732,11554,,,2,70,,27736,11554,,,2,30,,27738,11554,,,2,70,,27733,11554,,,2,30,,27737,11554,,,2,70,,27739,11554,,,2,30,,27734,11554,,,2,70,,27740,11554,,,2,30,,27744,11554,,,2,70,,27735,11554,,,2,34,,27741,11554,,,2,61,,27745,11554,,,2,35,,27747,11554,,,2,60,,27742,11554,,,2,40,,27746,11554,,,2,65,,27748,11554,,,2,30,,27743,11554,,,2,85,,27749,11554,,,2,100,,27751,11554,,,2,100,,27750,11554,,,2,100,,27753,11554,,,2
6101,'SA',722,,27758,11554,,,2,30,,27755,11554,,,2,72,,27761,11554,,,2,17,,27759,11554,,,2,70,,27756,11554,,,2,30,,27762,11554,,,2,70,,27760,11554,,,2,30,,27757,11554,,,2,70,,27763,11554,,,2,30,,27764,11554,,,2,70,,27768,11554,,,2,30,,27770,11554,,,2,70,,27765,11554,,,2,30,,27769,11554,,,2,70,,27771,11554,,,2,30,,27766,11554,,,2,70,,27772,11554,,,2,30,,27776,11554,,,2,70,,27767,11554,,,2,34,,27773,11554,,,2,61,,27777,11554,,,2,35,,27779,11554,,,2,60,,27774,11554,,,2,40,,27778,11554,,,2,65,,27780,11554,,,2,30,,27775,11554,,,2,85,,27781,11554,,,2,100,,27783,11554,,,2,100,,27782,11554,,,2,100,,27785,11554,,,2
6101,'SE',602,,27836,11554,,,2,30,,27838,11554,,,2,10,,27791,11554,,,2,16,,27794,11554,,,2,49,,27788,11554,,,2,14,,27797,11554,,,2,15,,27787,11554,,,2,7,,27801,11554,,,2,16,,27795,11554,,,2,49,,27800,11554,,,2,19,,27792,11554,,,2,24,,27789,11554,,,2,62,,27798,11554,,,2,15,,27802,11554,,,2,76,,27793,11554,,,2,30,,27790,11554,,,2,70,,27799,11554,,,2,32,,27837,11554,,,2,70,,27796,11554,,,2,30,,27803,11554,,,2,72,,27807,11554,,,2,30,,27804,11554,,,2,70,,27805,11554,,,2,33,,27809,11554,,,2,61,,27811,11554,,,2,27,,27814,11554,,,2,23,,27806,11554,,,2,60,,27808,11554,,,2,24,,27816,11554,,,2,4,,27818,11554,,,2,65,,27812,11554,,,2,7,,27813,11554,,,2,14,,27819,11554,,,2,13,,27820,11554,,,2,14,,27810,11554,,,2,54,,27823,11554,,,2,6,,27826,11554,,,2,14,,27817,11554,,,2,14,,27815,11554,,,2,64,,27828,11554,,,2,24,,27821,11554,,,2,28,,27831,11554,,,2,68,,27834,11554,,,2,30,,27824,11554,,,2,69,,27827,11554,,,2,29,,27835,11554,,,2,70,,27822,11554,,,2,29,,27832,11554,,,2,70,,27829,11554,,,2
8401,'SE',642,,29986,11669,,,2,15,,29994,11669,,,2,65,,29997,11669,,,2,21,,29985,11669,,,2,64,,29996,11669,,,2,16,,29999,11669,,,2,20,,30000,11669,,,2,59,,29995,11669,,,2,26,,29998,11669,,,2,87,,29981,11669,,,2,101,,29982,11669,,,2,100,,30011,11669,,,2,100,,29987,11669,,,2,100,,29991,11669,,,2,96,,30001,11669,,,2,5,,29992,11669,,,2,38,,30013,11669,,,2,59,,29983,11669,,,2,20,,29993,11669,,,2,21,,30004,11669,,,2,62,,30012,11669,,,2,19,,30003,11669,,,2,20,,30002,11669,,,2,58,,29989,11669,,,2,21,,29990,11669,,,2,19,,29988,11669,,,2,60,,29984,11669,,,2,100,,30005,11669,,,2,99,,30006,11669,,,2,100,,30007,11669,,,2,100,,30008,11669,,,2,100,,30009,11669,,,2,100,,30010,11669,,,2
8501,'SE',635,,30020,4172,,,2,69,,30019,4172,,,2,27,,30021,4172,,,2,70,,30018,4172,,,2
16101,'DI',557,,31301,3020,0,11 12,2,1172,,31300,3020,0,11 12,2
16101,'F1',557,,31312,3020,0,11 12,2,1172,,31313,3020,0,11 12,2
16101,'F2',557,,31325,3020,0,11 12,2,1172,,31326,3020,0,11 12,2
16101,'SA',557,,31337,3020,0,11 12,2,1172,,31338,3020,0,11 12,2
16101,'SE',633,,31355,3020,0,11 12,2,73,,31353,3020,0,11 12,2,32,,31356,3020,0,11 12,2,502,,31352,3020,0,11 12,2,372,,31358,3020,0,11 12,2,36,,31354,3020,0,11 12,2,78,,31357,3020,0,11 12,2
68300,'SE',1659,,32473,19866,,,2
