8101,'DI',631,,29607,12485,,,1,100,,29604,12485,,,1,100,,29593,12485,,,1,103,,29600,12485,,,1,100,,29594,12485,,,1,100,,29602,12485,,,1,100,,29606,12485,,,1,100,,29608,12485,,,1,100,,29597,12485,,,1,100,,29601,12485,,,1,100,,29592,12485,,,1,96,,29605,12485,,,1,108,,29595,12485,,,1,96,,29603,12485,,,1,100,,29596,12485,,,1,100,,29609,12485,,,1,100,,29598,12485,,,1,100,,29611,12485,,,1,100,,29610,12485,,,1,100,,29599,12485,,,1
8101,'F1',631,,29614,12485,,,1,100,,29612,12485,,,1,100,,29620,12485,,,1,103,,29628,12485,,,1,100,,29625,12485,,,1,100,,29613,12485,,,1,100,,29621,12485,,,1,100,,29618,12485,,,1,100,,29626,12485,,,1,100,,29632,12485,,,1,100,,29629,12485,,,1,100,,29627,12485,,,1,104,,29624,12485,,,1,96,,29623,12485,,,1,100,,29630,12485,,,1,100,,29616,12485,,,1,100,,29619,12485,,,1,100,,29622,12485,,,1,100,,29615,12485,,,1,100,,29617,12485,,,1,100,,29631,12485,,,1
8101,'F2',631,,29638,12485,,,1,100,,29645,12485,,,1,100,,29651,12485,,,1,103,,29646,12485,,,1,100,,29647,12485,,,1,100,,29652,12485,,,1,100,,29633,12485,,,1,100,,29635,12485,,,1,100,,29641,12485,,,1,100,,29648,12485,,,1,100,,29653,12485,,,1,100,,29639,12485,,,1,104,,29642,12485,,,1,96,,29649,12485,,,1,100,,29634,12485,,,1,100,,29643,12485,,,1,100,,29637,12485,,,1,100,,29650,12485,,,1,100,,29644,12485,,,1,100,,29640,12485,,,1,100,,29636,12485,,,1
8101,'SA',631,,29659,12485,,,1,100,,29666,12485,,,1,100,,29672,12485,,,1,103,,29667,12485,,,1,100,,29668,12485,,,1,100,,14421,12485,,,1,100,,29654,12485,,,1,100,,29656,12485,,,1,100,,29662,12485,,,1,100,,29669,12485,,,1,100,,29673,12485,,,1,100,,29660,12485,,,1,104,,29663,12485,,,1,96,,29670,12485,,,1,100,,29655,12485,,,1,100,,29664,12485,,,1,100,,29658,12485,,,1,100,,29671,12485,,,1,100,,29665,12485,,,1,100,,29661,12485,,,1,100,,29657,12485,,,1
8101,'SE',601,,29691,12485,,,1,30,,29688,12485,,,1,22,,29677,12485,,,1,78,,29689,12485,,,1,70,,29684,12485,,,1,31,,29694,12485,,,1,69,,29690,12485,,,1,36,,29682,12485,,,1,98,,29674,12485,,,1,100,,29692,12485,,,1,100,,29683,12485,,,1,100,,29701,12485,,,1,100,,29699,12485,,,1,100,,29680,12485,,,1,71,,29697,12485,,,1,32,,29702,12485,,,1,70,,29693,12485,,,1,30,,29685,12485,,,1,70,,29676,12485,,,1,30,,29698,12485,,,1,70,,29686,12485,,,1,26,,29675,12485,,,1,100,,29681,12485,,,1,100,,29678,12485,,,1,100,,29695,12485,,,1,100,,29700,12485,,,1,100,,29679,12485,,,1,100,,29696,12485,,,1,100,,29687,12485,,,1
8300,'DI',710,,29731,9674,,,1,100,,29732,9674,,,1,108,,29733,9674,,,1,100,,29734,9674,,,1,100,,29735,9674,,,1,100,,29736,9674,,,1,100,,29737,9674,,,1,100,,29738,9674,,,1,100,,29739,9674,,,1,100,,29740,9674,,,1,100,,29741,9674,,,1,100,,29742,9674,,,1,100,,29743,9674,,,1,100,,29744,9674,,,1,100,,29745,9674,,,1,100,,29746,9674,,,1,100,,29747,9674,,,1,100,,29748,9674,,,1
8300,'F1',610,,14534,9674,,,1,100,,14535,9674,,,1,100,,29752,9674,,,1,108,,29753,9674,,,1,100,,29754,9674,,,1,100,,29755,9674,,,1,100,,29756,9674,,,1,100,,29757,9674,,,1,100,,29758,9674,,,1,100,,29759,9674,,,1,100,,29760,9674,,,1,100,,29761,9674,,,1,100,,29762,9674,,,1,100,,29763,9674,,,1,100,,29764,9674,,,1,100,,29765,9674,,,1,100,,29766,9674,,,1,100,,29749,9674,,,1,100,,29750,9674,,,1,100,,29751,9674,,,1
8300,'F2',610,,29783,9674,,,1,100,,29784,9674,,,1,100,,29785,9674,,,1,108,,29786,9674,,,1,100,,29767,9674,,,1,100,,29768,9674,,,1,100,,29769,9674,,,1,100,,29770,9674,,,1,100,,29771,9674,,,1,100,,29772,9674,,,1,100,,29773,9674,,,1,100,,29774,9674,,,1,100,,29775,9674,,,1,100,,29776,9674,,,1,100,,29777,9674,,,1,100,,29778,9674,,,1,100,,29779,9674,,,1,100,,29780,9674,,,1,100,,29781,9674,,,1,100,,29782,9674,,,1
8300,'SA',610,,29803,9674,,,1,100,,29804,9674,,,1,100,,29805,9674,,,1,108,,29806,9674,,,1,100,,29787,9674,,,1,100,,29788,9674,,,1,100,,29789,9674,,,1,100,,29790,9674,,,1,100,,29791,9674,,,1,100,,29792,9674,,,1,100,,29793,9674,,,1,100,,29794,9674,,,1,100,,29795,9674,,,1,100,,29796,9674,,,1,100,,29797,9674,,,1,100,,29798,9674,,,1,100,,29799,9674,,,1,100,,29800,9674,,,1,100,,29801,9674,,,1,100,,29802,9674,,,1
8300,'SE',603,,29828,9674,,,1,19,,29820,9674,,,1,16,,29825,9674,,,1,65,,29830,9674,,,1,20,,29826,9674,,,1,22,,29816,9674,,,1,58,,29829,9674,,,1,20,,29822,9674,,,1,23,,29818,9674,,,1,71,,29837,9674,,,1,20,,29827,9674,,,1,80,,29813,9674,,,1,100,,29814,9674,,,1,100,,29821,9674,,,1,100,,29808,9674,,,1,100,,29809,9674,,,1,101,,29810,9674,,,1,15,,29831,9674,,,1,25,,29811,9674,,,1,60,,29838,9674,,,1,22,,29807,9674,,,1,60,,29817,9674,,,1,18,,29839,9674,,,1,20,,29840,9674,,,1,20,,29819,9674,,,1,60,,29832,9674,,,1,20,,29815,9674,,,1,80,,29833,9674,,,1,100,,29834,9674,,,1,100,,29835,9674,,,1,100,,29836,9674,,,1,100,,29812,9674,,,1,100,,29823,9674,,,1,100,,29824,9674,,,1
8400,'SE',717,,29956,9674,,,2,24,,29965,9674,,,2,16,,29967,9674,,,2,60,,29968,9674,,,2,20,,29964,9674,,,2,66,,29966,9674,,,2,47,,29952,9674,,,2,100,,29953,9674,,,2,100,,29978,9674,,,2,100,,29957,9674,,,2,100,,29961,9674,,,2,100,,29962,9674,,,2,78,,29980,9674,,,2,19,,29954,9674,,,2,60,,29963,9674,,,2,21,,29971,9674,,,2,21,,29979,9674,,,2,59,,29970,9674,,,2,20,,29969,9674,,,2,20,,29959,9674,,,2,61,,29960,9674,,,2,19,,29958,9674,,,2,20,,29955,9674,,,2,100,,29972,9674,,,2,100,,29973,9674,,,2,100,,29974,9674,,,2,100,,29975,9674,,,2,100,,29976,9674,,,2,100,,29977,9674,,,2
