1301,'DI',631,,22510,4607,,,1,100,,3602,4607,,,1,100,,22511,4607,,,1,100,,3603,4607,,,1,100,,22512,4607,,,1,100,,3604,4607,,,1,100,,22513,4607,,,1,100,,3605,4607,,,1,100,,22515,4607,,,1,100,,22522,4607,,,1,100,,22507,4607,,,1,100,,22514,4607,,,1,100,,22509,4607,,,1,100,,22516,4607,,,1,100,,22520,4607,,,1,100,,22518,4607,,,1,100,,22517,4607,,,1,100,,22508,4607,,,1,100,,22521,4607,,,1,100,,22519,4607,,,1
1301,'F1',631,,22530,4607,,,1,100,,22523,4607,,,1,100,,22531,4607,,,1,100,,22525,4607,,,1,100,,22526,4607,,,1,100,,22536,4607,,,1,100,,22524,4607,,,1,100,,22532,4607,,,1,100,,22527,4607,,,1,100,,22533,4607,,,1,100,,22541,4607,,,1,100,,22529,4607,,,1,100,,22537,4607,,,1,100,,22534,4607,,,1,100,,22538,4607,,,1,100,,22528,4607,,,1,100,,22540,4607,,,1,100,,22535,4607,,,1,100,,22539,4607,,,1,100,,22542,4607,,,1
1301,'F2',631,,22551,4607,,,1,100,,22544,4607,,,1,100,,22552,4607,,,1,100,,22545,4607,,,1,100,,22546,4607,,,1,100,,22553,4607,,,1,100,,22555,4607,,,1,100,,22547,4607,,,1,100,,22556,4607,,,1,100,,22548,4607,,,1,100,,22543,4607,,,1,100,,22558,4607,,,1,100,,22561,4607,,,1,100,,22549,4607,,,1,100,,22557,4607,,,1,100,,22554,4607,,,1,100,,22562,4607,,,1,100,,22559,4607,,,1,100,,22550,4607,,,1,100,,22560,4607,,,1
1301,'SA',631,,22571,4607,,,1,100,,22564,4607,,,1,100,,22572,4607,,,1,100,,22565,4607,,,1,100,,22566,4607,,,1,100,,22573,4607,,,1,100,,22575,4607,,,1,100,,22567,4607,,,1,100,,22576,4607,,,1,100,,22568,4607,,,1,100,,22563,4607,,,1,100,,22578,4607,,,1,100,,22581,4607,,,1,100,,22569,4607,,,1,100,,22577,4607,,,1,100,,22574,4607,,,1,100,,22582,4607,,,1,100,,22579,4607,,,1,100,,22570,4607,,,1,100,,22580,4607,,,1
1301,'SE',537,,22597,4607,,,1,72,,22598,4607,,,1,30,,22596,4607,,,1,17,,22585,4607,,,1,54,,22621,4607,,,1,13,,22587,4607,,,1,14,,22614,4607,,,1,20,,22588,4607,,,1,54,,22586,4607,,,1,13,,22625,4607,,,1,15,,22607,4607,,,1,15,,22603,4607,,,1,60,,22606,4607,,,1,29,,22599,4607,,,1,70,,22584,4607,,,1,30,,22602,4607,,,1,70,,22616,4607,,,1,30,,22594,4607,,,1,70,,22608,4607,,,1,31,,22595,4607,,,1,70,,22600,4607,,,1,30,,22617,4607,,,1,70,,22604,4607,,,1,30,,22609,4607,,,1,69,,22622,4607,,,1,34,,22619,4607,,,1,69,,22583,4607,,,1,27,,22590,4607,,,1,15,,22605,4607,,,1,60,,22601,4607,,,1,22,,22626,4607,,,1,18,,22612,4607,,,1,60,,22610,4607,,,1,29,,22591,4607,,,1,69,,22624,4607,,,1,30,,22589,4607,,,1,70,,22618,4607,,,1,30,,22620,4607,,,1,70,,22611,4607,,,1,30,,22623,4607,,,1,100,,22613,4607,,,1,100,,22615,4607,,,1,100,,22592,4607,,,1,98,,22593,4607,,,1
3701,'SE',634,,25408,2247,,,2,70,,25406,2247,,,2,30,,25405,2247,,,2,70,,25409,2247,,,2,30,,25407,2247,,,2
52600,'SE',1645,,32349,9216,4,,2,1,,32348,9216,4,,2
61301,'SE',854,,32412,3595,,,2
61801,'SE',846,,32416,4520,,,2
69501,'SE',838,,32503,1488,,,2,1,,32504,1488,,,2
