1301,'DI',627,,22510,3094,,,1,100,,3602,3094,,,1,100,,22511,3094,,,1,100,,3603,3094,,,1,100,,22512,3094,,,1,100,,3604,3094,,,1,100,,22513,3094,,,1,100,,3605,3094,,,1,100,,22515,3094,,,1,100,,22522,3094,,,1,100,,22507,3094,,,1,100,,22514,3094,,,1,100,,22509,3094,,,1,100,,22516,3094,,,1,100,,22520,3094,,,1,100,,22518,3094,,,1,100,,22517,3094,,,1,100,,22508,3094,,,1,100,,22521,3094,,,1,100,,22519,3094,,,1
1301,'F1',627,,22530,3094,,,1,100,,22523,3094,,,1,100,,22531,3094,,,1,100,,22525,3094,,,1,100,,22526,3094,,,1,100,,22536,3094,,,1,100,,22524,3094,,,1,100,,22532,3094,,,1,100,,22527,3094,,,1,100,,22533,3094,,,1,100,,22541,3094,,,1,100,,22529,3094,,,1,100,,22537,3094,,,1,100,,22534,3094,,,1,100,,22538,3094,,,1,100,,22528,3094,,,1,100,,22540,3094,,,1,100,,22535,3094,,,1,100,,22539,3094,,,1,100,,22542,3094,,,1
1301,'F2',627,,22551,3094,,,1,100,,22544,3094,,,1,100,,22552,3094,,,1,100,,22545,3094,,,1,100,,22546,3094,,,1,100,,22553,3094,,,1,100,,22555,3094,,,1,100,,22547,3094,,,1,100,,22556,3094,,,1,100,,22548,3094,,,1,100,,22543,3094,,,1,100,,22558,3094,,,1,100,,22561,3094,,,1,100,,22549,3094,,,1,100,,22557,3094,,,1,100,,22554,3094,,,1,100,,22562,3094,,,1,100,,22559,3094,,,1,100,,22550,3094,,,1,100,,22560,3094,,,1
1301,'SA',627,,22571,3094,,,1,100,,22564,3094,,,1,100,,22572,3094,,,1,100,,22565,3094,,,1,100,,22566,3094,,,1,100,,22573,3094,,,1,100,,22575,3094,,,1,100,,22567,3094,,,1,100,,22576,3094,,,1,100,,22568,3094,,,1,100,,22563,3094,,,1,100,,22578,3094,,,1,100,,22581,3094,,,1,100,,22569,3094,,,1,100,,22577,3094,,,1,100,,22574,3094,,,1,100,,22582,3094,,,1,100,,22579,3094,,,1,100,,22570,3094,,,1,100,,22580,3094,,,1
1301,'SE',534,,22597,3094,,,1,72,,22598,3094,,,1,30,,22596,3094,,,1,16,,22585,3094,,,1,54,,22621,3094,,,1,13,,22587,3094,,,1,14,,22614,3094,,,1,19,,22588,3094,,,1,55,,22586,3094,,,1,13,,22625,3094,,,1,15,,22607,3094,,,1,15,,22603,3094,,,1,60,,22606,3094,,,1,30,,22599,3094,,,1,70,,22584,3094,,,1,30,,22602,3094,,,1,70,,22616,3094,,,1,30,,22594,3094,,,1,70,,22608,3094,,,1,30,,22595,3094,,,1,70,,22600,3094,,,1,30,,22617,3094,,,1,70,,22604,3094,,,1,30,,22609,3094,,,1,69,,22622,3094,,,1,34,,22619,3094,,,1,69,,22583,3094,,,1,27,,22590,3094,,,1,15,,22605,3094,,,1,60,,22601,3094,,,1,22,,22626,3094,,,1,18,,22612,3094,,,1,61,,22610,3094,,,1,29,,22591,3094,,,1,69,,22624,3094,,,1,30,,22589,3094,,,1,70,,22618,3094,,,1,30,,22620,3094,,,1,70,,22611,3094,,,1,29,,22623,3094,,,1,100,,22613,3094,,,1,100,,22615,3094,,,1,100,,22592,3094,,,1,99,,22593,3094,,,1
3001,'SE',606,,25059,5867,,,2,30,,25060,5867,,,2,71,,25061,5867,,,2,30,,25063,5867,,,2,72,,25062,5867,,,2,32,,25064,5867,,,2,761,,25067,5867,,,2,31,,25068,5867,,,2,68,,25065,5867,,,2,32,,25066,5867,,,2,71,,25069,5867,,,2
61301,'SE',850,,32412,2082,,,2
61801,'SE',841,,32416,3007,,,2
66000,'SE',1624,,32439,6860,,,2,1,,32440,6860,,,2,1,,32441,6860,,,2
66001,'SE',844,,32443,2279,,,2,1,,32442,2279,,,2,1,,32444,2279,,,2
