2301,'F1',619,,24597,6812,,,1,103,,24598,6812,,,1,102,,24599,6812,,,1,100,,24594,6812,,,1,103,,24590,6812,,,1,99,,24592,6812,,,1,103,,24593,6812,,,1,97,,24600,6812,,,1,99,,24591,6812,,,1,100,,24595,6812,,,1,100,,24596,6812,,,1,100,,24601,6812,,,1
2301,'F2',619,,24609,6812,,,1,103,,24610,6812,,,1,102,,24611,6812,,,1,100,,24602,6812,,,1,103,,24603,6812,,,1,99,,24605,6812,,,1,103,,24606,6812,,,1,97,,24612,6812,,,1,99,,24613,6812,,,1,100,,24608,6812,,,1,100,,24607,6812,,,1,100,,24604,6812,,,1
2301,'SA',619,,24621,6812,,,1,103,,24622,6812,,,1,102,,24623,6812,,,1,100,,24614,6812,,,1,103,,24615,6812,,,1,99,,24617,6812,,,1,103,,24618,6812,,,1,97,,24624,6812,,,1,99,,24625,6812,,,1,100,,24620,6812,,,1,100,,24619,6812,,,1,100,,24616,6812,,,1
2301,'SE',1027,,24628,6812,,,1,101,,24626,6812,,,1,100,,24629,6812,,,1,101,,24630,6812,,,1,99,,24627,6812,,,1
12301,'DI',553,,30718,21109,,,1,100,,30728,21109,,,1,100,,30719,21109,,,1,100,,30729,21109,,,1,102,,30720,21109,,,1,100,,30730,21109,,,1,100,,30721,21109,,,1,100,,30731,21109,,,1,100,,30722,21109,,,1,100,,30732,21109,,,1,100,,30723,21109,,,1,100,,30733,21109,,,1,100,,30724,21109,,,1,100,,30734,21109,,,1,100,,30725,21109,,,1,98,,30735,21109,,,1,100,,30726,21109,,,1,100,,30736,21109,,,1,100,,30727,21109,,,1,100,,30737,21109,,,1
12301,'F1',552,,30746,21109,,,1,100,,30751,21109,,,1,100,,30747,21109,,,1,101,,30752,21109,,,1,100,,30740,21109,,,1,100,,30753,21109,,,1,100,,30741,21109,,,1,100,,30738,21109,,,1,100,,30742,21109,,,1,100,,30739,21109,,,1,100,,30743,21109,,,1,100,,30744,21109,,,1,100,,30754,21109,,,1,100,,30745,21109,,,1,100,,30755,21109,,,1,100,,30748,21109,,,1,100,,30756,21109,,,1,100,,30749,21109,,,1,100,,30757,21109,,,1,100,,30750,21109,,,1
12301,'F2',552,,30760,21109,,,1,100,,30758,21109,,,1,100,,30761,21109,,,1,101,,30759,21109,,,1,100,,30762,21109,,,1,100,,30770,21109,,,1,100,,30763,21109,,,1,100,,30771,21109,,,1,100,,30764,21109,,,1,100,,30772,21109,,,1,100,,30765,21109,,,1,100,,30773,21109,,,1,100,,30766,21109,,,1,100,,30774,21109,,,1,100,,30767,21109,,,1,100,,30775,21109,,,1,100,,30768,21109,,,1,100,,30776,21109,,,1,100,,30769,21109,,,1,100,,30777,21109,,,1
12301,'SA',552,,30780,21109,,,1,100,,30778,21109,,,1,100,,30781,21109,,,1,101,,30779,21109,,,1,100,,30782,21109,,,1,100,,30790,21109,,,1,100,,30783,21109,,,1,100,,30791,21109,,,1,100,,30784,21109,,,1,100,,30792,21109,,,1,100,,30785,21109,,,1,100,,30793,21109,,,1,100,,30786,21109,,,1,100,,30794,21109,,,1,100,,30787,21109,,,1,100,,30795,21109,,,1,100,,30788,21109,,,1,100,,30796,21109,,,1,100,,30789,21109,,,1,100,,30797,21109,,,1
12301,'SE',539,,30809,21109,,,1,70,,30819,21109,,,1,20,,30802,21109,,,1,26,,30801,21109,,,1,55,,30803,21109,,,1,27,,30804,21109,,,1,70,,30798,21109,,,1,28,,30799,21109,,,1,70,,30800,21109,,,1,27,,30820,21109,,,1,70,,30823,21109,,,1,56,,30810,21109,,,1,142,,30806,21109,,,1,100,,30816,21109,,,1,100,,30821,21109,,,1,100,,30826,21109,,,1,11,,30814,21109,,,1,27,,30827,21109,,,1,20,,30829,21109,,,1,55,,30815,21109,,,1,19,,30813,21109,,,1,6,,30824,21109,,,1,16,,30830,21109,,,1,50,,30832,21109,,,1,6,,30818,21109,,,1,24,,30817,21109,,,1,66,,30828,21109,,,1,27,,30833,21109,,,1,31,,30808,21109,,,1,66,,30805,21109,,,1,34,,30807,21109,,,1,68,,30825,21109,,,1,30,,30822,21109,,,1,98,,30831,21109,,,1,97,,30811,21109,,,1,100,,30834,21109,,,1,157,,30812,21109,,,1
17001,'SE',519,,31389,3808,0,50 51,2,30,,31390,3808,0,50 51,2,62,,31373,3808,0,50 51,2,30,,31377,3808,0,50 51,2,70,,31374,3808,0,50 51,2,31,,31378,3808,0,50 51,2,69,,31375,3808,0,50 51,2,35,,31379,3808,0,50 51,2,70,,31376,3808,0,50 51,2,616,,31385,3808,0,50 51,2,70,,31380,3808,0,50 51,2,30,,31386,3808,0,50 51,2,70,,31381,3808,0,50 51,2,30,,31387,3808,0,50 51,2,70,,31382,3808,0,50 51,2,30,,31388,3808,0,50 51,2,70,,31383,3808,0,50 51,2
