4701,'DI',700,,26479,6176,,,1,100,,26465,6176,,,1,100,,26467,6176,,,1,100,,26483,6176,,,1,100,,26466,6176,,,1,100,,26471,6176,,,1,100,,26480,6176,,,1,100,,26468,6176,,,1,104,,26469,6176,,,1,51,,26474,6176,,,1,148,,26475,6176,,,1,102,,26470,6176,,,1,95,,26476,6176,,,1,56,,26472,6176,,,1,100,,26477,6176,,,1,99,,26481,6176,,,1,100,,26473,6176,,,1,100,,26478,6176,,,1,100,,26482,6176,,,1
4701,'F1',700,,26496,6176,,,1,103,,26501,6176,,,1,101,,26486,6176,,,1,96,,26491,6176,,,1,56,,26499,6176,,,1,144,,26492,6176,,,1,100,,26484,6176,,,1,100,,26493,6176,,,1,55,,26485,6176,,,1,104,,26502,6176,,,1,100,,26497,6176,,,1,141,,26500,6176,,,1,100,,26498,6176,,,1,56,,26487,6176,,,1,100,,26503,6176,,,1,97,,26494,6176,,,1,100,,26495,6176,,,1,100,,26488,6176,,,1,100,,26489,6176,,,1,100,,26490,6176,,,1
4701,'F2',700,,26520,6176,,,1,103,,26507,6176,,,1,101,,26504,6176,,,1,96,,26511,6176,,,1,56,,26505,6176,,,1,144,,26512,6176,,,1,100,,26508,6176,,,1,100,,26513,6176,,,1,55,,26506,6176,,,1,104,,26509,6176,,,1,100,,26514,6176,,,1,141,,26510,6176,,,1,100,,26515,6176,,,1,56,,26518,6176,,,1,100,,26516,6176,,,1,97,,26517,6176,,,1,100,,26519,6176,,,1,100,,26521,6176,,,1,100,,26522,6176,,,1,100,,26523,6176,,,1
4701,'SA',700,,26540,6176,,,1,103,,26527,6176,,,1,101,,26524,6176,,,1,96,,26531,6176,,,1,56,,26525,6176,,,1,144,,26532,6176,,,1,100,,26528,6176,,,1,100,,26533,6176,,,1,55,,26526,6176,,,1,104,,26529,6176,,,1,100,,26534,6176,,,1,141,,26530,6176,,,1,100,,26535,6176,,,1,56,,26538,6176,,,1,100,,26536,6176,,,1,97,,26537,6176,,,1,100,,26539,6176,,,1,100,,26541,6176,,,1,100,,26542,6176,,,1,100,,26543,6176,,,1
4701,'SE',618,,26560,6176,,,1,31,,26558,6176,,,1,60,,26559,6176,,,1,15,,26580,6176,,,1,15,,26561,6176,,,1,14,,26564,6176,,,1,55,,26557,6176,,,1,15,,26553,6176,,,1,18,,26579,6176,,,1,60,,26578,6176,,,1,20,,26562,6176,,,1,20,,26581,6176,,,1,70,,26574,6176,,,1,30,,26555,6176,,,1,70,,26563,6176,,,1,30,,26547,6176,,,1,70,,26577,6176,,,1,30,,26548,6176,,,1,70,,26549,6176,,,1,30,,26565,6176,,,1,70,,26584,6176,,,1,30,,26575,6176,,,1,70,,26550,6176,,,1,31,,26556,6176,,,1,71,,26568,6176,,,1,33,,26544,6176,,,1,73,,26566,6176,,,1,18,,26569,6176,,,1,67,,26572,6176,,,1,29,,26567,6176,,,1,70,,26576,6176,,,1,32,,26570,6176,,,1,23,,26582,6176,,,1,70,,26551,6176,,,1,30,,26583,6176,,,1,69,,26546,6176,,,1,30,,26554,6176,,,1,70,,26571,6176,,,1,100,,26545,6176,,,1,100,,26573,6176,,,1,100,,26552,6176,,,1
4901,'DI',621,,26702,2558,,,2,100,,26714,2558,,,2,100,,26703,2558,,,2,100,,26709,2558,,,2,102,,26710,2558,,,2,100,,26711,2558,,,2,100,,26712,2558,,,2,100,,26713,2558,,,2,100,,26704,2558,,,2,100,,26705,2558,,,2,100,,26715,2558,,,2,100,,26716,2558,,,2,100,,26701,2558,,,2,99,,26706,2558,,,2,99,,26707,2558,,,2,100,,26717,2558,,,2,100,,26718,2558,,,2,98,,26708,2558,,,2,100,,26700,2558,,,2
4901,'F1',621,,26720,2558,,,2,100,,26719,2558,,,2,100,,26730,2558,,,2,100,,26736,2558,,,2,102,,26737,2558,,,2,100,,26738,2558,,,2,100,,26723,2558,,,2,100,,26724,2558,,,2,100,,26725,2558,,,2,100,,26726,2558,,,2,100,,26727,2558,,,2,100,,26728,2558,,,2,100,,26729,2558,,,2,99,,26732,2558,,,2,99,,26733,2558,,,2,100,,26721,2558,,,2,100,,26722,2558,,,2,98,,26734,2558,,,2,100,,26731,2558,,,2
4901,'F2',621,,26755,2558,,,2,100,,26739,2558,,,2,100,,26756,2558,,,2,100,,26748,2558,,,2,102,,26742,2558,,,2,100,,26743,2558,,,2,100,,26744,2558,,,2,100,,26745,2558,,,2,100,,26749,2558,,,2,100,,26750,2558,,,2,100,,26751,2558,,,2,100,,26752,2558,,,2,100,,26753,2558,,,2,99,,26740,2558,,,2,99,,26754,2558,,,2,100,,26746,2558,,,2,100,,26741,2558,,,2,98,,26757,2558,,,2,100,,26747,2558,,,2
4901,'SA',621,,26775,2558,,,2,100,,26759,2558,,,2,100,,26776,2558,,,2,100,,26768,2558,,,2,102,,26762,2558,,,2,100,,26763,2558,,,2,100,,26764,2558,,,2,100,,26765,2558,,,2,100,,26769,2558,,,2,100,,26770,2558,,,2,100,,26771,2558,,,2,100,,26772,2558,,,2,100,,26773,2558,,,2,99,,26760,2558,,,2,99,,26774,2558,,,2,100,,26766,2558,,,2,100,,26761,2558,,,2,98,,26777,2558,,,2,100,,26767,2558,,,2
4901,'SE',620,,26797,2558,,,2,20,,26810,2558,,,2,15,,26786,2558,,,2,57,,26800,2558,,,2,15,,26779,2558,,,2,16,,26798,2558,,,2,14,,26801,2558,,,2,55,,26795,2558,,,2,15,,26799,2558,,,2,15,,26802,2558,,,2,60,,26796,2558,,,2,20,,26803,2558,,,2,101,,26811,2558,,,2,100,,26787,2558,,,2,101,,26780,2558,,,2,100,,26788,2558,,,2,97,,26790,2558,,,2,100,,26784,2558,,,2,103,,26783,2558,,,2,12,,26812,2558,,,2,19,,26791,2558,,,2,51,,26807,2558,,,2,15,,26804,2558,,,2,15,,26814,2558,,,2,15,,26808,2558,,,2,55,,26805,2558,,,2,15,,26792,2558,,,2,14,,26809,2558,,,2,15,,26806,2558,,,2,71,,26813,2558,,,2,100,,26781,2558,,,2,98,,26793,2558,,,2,100,,26782,2558,,,2,99,,26794,2558,,,2,100,,26789,2558,,,2
54901,'SE',905,,32380,2558,,,2
