8000,'DI',644,,29290,16607,4,,1,100,,29291,16607,4,,1,100,,29292,16607,4,,1,100,,29293,16607,4,,1,100,,29294,16607,4,,1,100,,29295,16607,4,,1,100,,29296,16607,4,,1,100,,29297,16607,4,,1,100,,29298,16607,4,,1,100,,29299,16607,4,,1,100,,29300,16607,4,,1,102,,29301,16607,4,,1,100,,29302,16607,4,,1,100,,29303,16607,4,,1,100,,29304,16607,4,,1,100,,29305,16607,4,,1,100,,29306,16607,4,,1,100,,29307,16607,4,,1,100,,29308,16607,4,,1
8000,'F1',645,,29315,16607,4,,1,100,,29316,16607,4,,1,100,,29317,16607,4,,1,100,,29318,16607,4,,1,100,,29319,16607,4,,1,100,,13880,16607,4,,1,100,,29320,16607,4,,1,100,,29321,16607,4,,1,100,,29322,16607,4,,1,100,,29323,16607,4,,1,100,,29324,16607,4,,1,100,,29325,16607,4,,1,100,,29326,16607,4,,1,100,,29311,16607,4,,1,100,,29312,16607,4,,1,100,,29309,16607,4,,1,100,,29313,16607,4,,1,100,,29310,16607,4,,1,100,,29314,16607,4,,1
8000,'F2',645,,29327,16607,4,,1,100,,29328,16607,4,,1,100,,29329,16607,4,,1,100,,29330,16607,4,,1,100,,29331,16607,4,,1,100,,29332,16607,4,,1,100,,29333,16607,4,,1,100,,29334,16607,4,,1,100,,29335,16607,4,,1,100,,29336,16607,4,,1,100,,29337,16607,4,,1,100,,29338,16607,4,,1,100,,29339,16607,4,,1,100,,29340,16607,4,,1,100,,29341,16607,4,,1,100,,29342,16607,4,,1,100,,29343,16607,4,,1,100,,29344,16607,4,,1,100,,29345,16607,4,,1
8000,'SA',645,,29346,16607,4,,1,100,,29347,16607,4,,1,100,,29348,16607,4,,1,100,,29349,16607,4,,1,100,,29350,16607,4,,1,100,,29351,16607,4,,1,100,,29352,16607,4,,1,100,,29353,16607,4,,1,100,,29354,16607,4,,1,100,,29355,16607,4,,1,100,,29356,16607,4,,1,100,,29357,16607,4,,1,100,,29358,16607,4,,1,100,,29359,16607,4,,1,100,,29360,16607,4,,1,100,,29361,16607,4,,1,100,,29362,16607,4,,1,100,,29363,16607,4,,1,100,,29364,16607,4,,1
8000,'SE',605,,29370,16607,4,,1,40,,29366,16607,4,,1,69,,29369,16607,4,,1,30,,29367,16607,4,,1,70,,29365,16607,4,,1,33,,29386,16607,4,,1,97,,29371,16607,4,,1,101,,29372,16607,4,,1,100,,29373,16607,4,,1,100,,29374,16607,4,,1,100,,29375,16607,4,,1,100,,29376,16607,4,,1,101,,29377,16607,4,,1,65,,29378,16607,4,,1,35,,29387,16607,4,,1,70,,29379,16607,4,,1,24,,29368,16607,4,,1,86,,29380,16607,4,,1,98,,13983,16607,4,,1,100,,29381,16607,4,,1,99,,29382,16607,4,,1,100,,29383,16607,4,,1,100,,29384,16607,4,,1,100,,29385,16607,4,,1
8001,'DI',644,,29388,0,,,1,100,,29389,0,,,1,100,,29390,0,,,1,100,,29391,0,,,1,100,,29392,0,,,1,100,,29393,0,,,1,100,,29394,0,,,1,100,,29395,0,,,1,100,,29396,0,,,1,100,,29397,0,,,1,100,,29398,0,,,1,102,,29399,0,,,1,100,,29400,0,,,1,100,,29401,0,,,1,100,,29402,0,,,1,100,,29403,0,,,1,100,,29404,0,,,1,100,,29405,0,,,1,100,,29406,0,,,1
8001,'F1',645,,29413,0,,,1,100,,29414,0,,,1,100,,29415,0,,,1,100,,29416,0,,,1,100,,29417,0,,,1,100,,14023,0,,,1,100,,29418,0,,,1,100,,29419,0,,,1,100,,29420,0,,,1,100,,29421,0,,,1,100,,29422,0,,,1,100,,29423,0,,,1,100,,29424,0,,,1,100,,29409,0,,,1,100,,29410,0,,,1,100,,29407,0,,,1,100,,29411,0,,,1,100,,29408,0,,,1,100,,29412,0,,,1
8001,'F2',645,,29425,0,,,1,100,,29426,0,,,1,100,,29427,0,,,1,100,,29428,0,,,1,100,,29429,0,,,1,100,,29430,0,,,1,100,,29431,0,,,1,100,,29432,0,,,1,100,,29433,0,,,1,100,,29434,0,,,1,100,,29435,0,,,1,100,,29436,0,,,1,100,,29437,0,,,1,100,,29438,0,,,1,100,,29439,0,,,1,100,,29440,0,,,1,100,,29441,0,,,1,100,,29442,0,,,1,100,,29443,0,,,1
8001,'SA',645,,29444,0,,,1,100,,29445,0,,,1,100,,29446,0,,,1,100,,29447,0,,,1,100,,29448,0,,,1,100,,29449,0,,,1,100,,29450,0,,,1,100,,29451,0,,,1,100,,29452,0,,,1,100,,29453,0,,,1,100,,29454,0,,,1,100,,29455,0,,,1,100,,29456,0,,,1,100,,29457,0,,,1,100,,29458,0,,,1,100,,29459,0,,,1,100,,29460,0,,,1,100,,29461,0,,,1,100,,29462,0,,,1
8001,'SE',541,,29484,0,,,1,70,,29468,0,,,1,36,,29464,0,,,1,69,,29467,0,,,1,30,,29465,0,,,1,70,,29463,0,,,1,33,,29485,0,,,1,97,,29469,0,,,1,100,,29470,0,,,1,100,,29471,0,,,1,100,,29472,0,,,1,100,,29473,0,,,1,100,,29474,0,,,1,102,,29475,0,,,1,65,,29476,0,,,1,35,,29486,0,,,1,70,,29477,0,,,1,24,,29466,0,,,1,89,,29478,0,,,1,93,,14127,0,,,1,100,,29479,0,,,1,99,,29480,0,,,1,100,,29481,0,,,1,100,,29482,0,,,1,100,,29483,0,,,1
