6101,'DI',717,,27662,9089,,,2,30,,27659,9089,,,2,72,,27665,9089,,,2,17,,27663,9089,,,2,70,,27660,9089,,,2,30,,27666,9089,,,2,70,,27664,9089,,,2,30,,27661,9089,,,2,70,,27667,9089,,,2,30,,27668,9089,,,2,70,,27672,9089,,,2,30,,27676,9089,,,2,70,,27669,9089,,,2,30,,27673,9089,,,2,70,,27677,9089,,,2,30,,27670,9089,,,2,70,,27674,9089,,,2,30,,27678,9089,,,2,70,,27671,9089,,,2,34,,27675,9089,,,2,61,,27679,9089,,,2,35,,27681,9089,,,2,20,,27684,9089,,,2,80,,27680,9089,,,2,65,,27682,9089,,,2,30,,27685,9089,,,2,85,,27683,9089,,,2,100,,27686,9089,,,2,100,,27687,9089,,,2,100,,27688,9089,,,2
6101,'F1',717,,27694,9089,,,2,30,,27691,9089,,,2,72,,27697,9089,,,2,17,,27695,9089,,,2,70,,27692,9089,,,2,30,,27698,9089,,,2,70,,27696,9089,,,2,30,,27693,9089,,,2,70,,27699,9089,,,2,30,,27700,9089,,,2,70,,27704,9089,,,2,30,,27706,9089,,,2,70,,27701,9089,,,2,30,,27705,9089,,,2,70,,27707,9089,,,2,30,,27702,9089,,,2,70,,27708,9089,,,2,30,,27712,9089,,,2,70,,27703,9089,,,2,34,,27709,9089,,,2,61,,27713,9089,,,2,35,,27715,9089,,,2,20,,27710,9089,,,2,80,,27714,9089,,,2,65,,27716,9089,,,2,30,,27711,9089,,,2,85,,27717,9089,,,2,100,,27719,9089,,,2,100,,27718,9089,,,2,100,,27721,9089,,,2
6101,'F2',717,,27726,9089,,,2,30,,27723,9089,,,2,72,,27729,9089,,,2,17,,27727,9089,,,2,70,,27724,9089,,,2,30,,27730,9089,,,2,70,,27728,9089,,,2,30,,27725,9089,,,2,70,,27731,9089,,,2,30,,27732,9089,,,2,70,,27736,9089,,,2,30,,27738,9089,,,2,70,,27733,9089,,,2,30,,27737,9089,,,2,70,,27739,9089,,,2,30,,27734,9089,,,2,70,,27740,9089,,,2,30,,27744,9089,,,2,70,,27735,9089,,,2,34,,27741,9089,,,2,61,,27745,9089,,,2,35,,27747,9089,,,2,20,,27742,9089,,,2,80,,27746,9089,,,2,65,,27748,9089,,,2,30,,27743,9089,,,2,85,,27749,9089,,,2,100,,27751,9089,,,2,100,,27750,9089,,,2,100,,27753,9089,,,2
6101,'SA',717,,27758,9089,,,2,30,,27755,9089,,,2,72,,27761,9089,,,2,17,,27759,9089,,,2,70,,27756,9089,,,2,30,,27762,9089,,,2,70,,27760,9089,,,2,30,,27757,9089,,,2,70,,27763,9089,,,2,30,,27764,9089,,,2,70,,27768,9089,,,2,30,,27770,9089,,,2,70,,27765,9089,,,2,30,,27769,9089,,,2,70,,27771,9089,,,2,30,,27766,9089,,,2,70,,27772,9089,,,2,30,,27776,9089,,,2,70,,27767,9089,,,2,34,,27773,9089,,,2,61,,27777,9089,,,2,35,,27779,9089,,,2,20,,27774,9089,,,2,80,,27778,9089,,,2,65,,27780,9089,,,2,30,,27775,9089,,,2,85,,27781,9089,,,2,100,,27783,9089,,,2,100,,27782,9089,,,2,100,,27785,9089,,,2
6101,'SE',555,,27836,9089,,,2,70,,27838,9089,,,2,10,,27791,9089,,,2,15,,27794,9089,,,2,9,,27788,9089,,,2,54,,27797,9089,,,2,15,,27787,9089,,,2,7,,27801,9089,,,2,17,,27795,9089,,,2,49,,27800,9089,,,2,19,,27792,9089,,,2,24,,27789,9089,,,2,62,,27798,9089,,,2,15,,27802,9089,,,2,36,,27793,9089,,,2,70,,27790,9089,,,2,30,,27799,9089,,,2,72,,27837,9089,,,2,30,,27796,9089,,,2,70,,27803,9089,,,2,71,,27807,9089,,,2,30,,27804,9089,,,2,70,,27805,9089,,,2,33,,27809,9089,,,2,21,,27811,9089,,,2,67,,27814,9089,,,2,23,,27806,9089,,,2,60,,27808,9089,,,2,24,,27816,9089,,,2,4,,27818,9089,,,2,25,,27812,9089,,,2,47,,27813,9089,,,2,14,,27819,9089,,,2,13,,27820,9089,,,2,14,,27810,9089,,,2,55,,27823,9089,,,2,6,,27826,9089,,,2,15,,27817,9089,,,2,14,,27815,9089,,,2,24,,27828,9089,,,2,64,,27821,9089,,,2,28,,27831,9089,,,2,69,,27834,9089,,,2,30,,27824,9089,,,2,69,,27827,9089,,,2,29,,27835,9089,,,2,70,,27822,9089,,,2,29,,27832,9089,,,2,70,,27829,9089,,,2
8000,'DI',630,,29290,11777,0,13,1,100,,29291,11777,0,13,1,100,,29292,11777,0,13,1,100,,29293,11777,0,13,1,100,,29294,11777,0,13,1,100,,29295,11777,0,13,1,100,,29296,11777,0,13,1,100,,29297,11777,0,13,1,100,,29298,11777,0,13,1,100,,29299,11777,0,13,1,100,,29300,11777,0,13,1,101,,29301,11777,0,13,1,100,,29302,11777,0,13,1,100,,29303,11777,0,13,1,100,,29304,11777,0,13,1,100,,29305,11777,0,13,1,100,,29306,11777,0,13,1,100,,29307,11777,0,13,1,100,,29308,11777,0,13,1
8000,'F1',631,,29315,11777,0,13,1,100,,29316,11777,0,13,1,100,,29317,11777,0,13,1,100,,29318,11777,0,13,1,100,,29319,11777,0,13,1,100,,13880,11777,0,13,1,100,,29320,11777,0,13,1,100,,29321,11777,0,13,1,100,,29322,11777,0,13,1,100,,29323,11777,0,13,1,100,,29324,11777,0,13,1,100,,29325,11777,0,13,1,100,,29326,11777,0,13,1,100,,29311,11777,0,13,1,100,,29312,11777,0,13,1,100,,29309,11777,0,13,1,100,,29313,11777,0,13,1,100,,29310,11777,0,13,1,100,,29314,11777,0,13,1
8000,'F2',631,,29327,11777,0,13,1,100,,29328,11777,0,13,1,100,,29329,11777,0,13,1,100,,29330,11777,0,13,1,100,,29331,11777,0,13,1,100,,29332,11777,0,13,1,100,,29333,11777,0,13,1,100,,29334,11777,0,13,1,100,,29335,11777,0,13,1,100,,29336,11777,0,13,1,100,,29337,11777,0,13,1,100,,29338,11777,0,13,1,100,,29339,11777,0,13,1,100,,29340,11777,0,13,1,100,,29341,11777,0,13,1,100,,29342,11777,0,13,1,100,,29343,11777,0,13,1,100,,29344,11777,0,13,1,100,,29345,11777,0,13,1
8000,'SA',631,,29346,11777,0,13,1,100,,29347,11777,0,13,1,100,,29348,11777,0,13,1,100,,29349,11777,0,13,1,100,,29350,11777,0,13,1,100,,29351,11777,0,13,1,100,,29352,11777,0,13,1,100,,29353,11777,0,13,1,100,,29354,11777,0,13,1,100,,29355,11777,0,13,1,100,,29356,11777,0,13,1,100,,29357,11777,0,13,1,100,,29358,11777,0,13,1,100,,29359,11777,0,13,1,100,,29360,11777,0,13,1,100,,29361,11777,0,13,1,100,,29362,11777,0,13,1,100,,29363,11777,0,13,1,100,,29364,11777,0,13,1
8000,'SE',552,,29370,11777,0,13,1,80,,29366,11777,0,13,1,69,,29369,11777,0,13,1,29,,29367,11777,0,13,1,70,,29365,11777,0,13,1,33,,29386,11777,0,13,1,97,,29371,11777,0,13,1,101,,29372,11777,0,13,1,100,,29373,11777,0,13,1,100,,29374,11777,0,13,1,100,,29375,11777,0,13,1,100,,29376,11777,0,13,1,100,,29377,11777,0,13,1,25,,29378,11777,0,13,1,75,,29387,11777,0,13,1,70,,29379,11777,0,13,1,24,,29368,11777,0,13,1,86,,29380,11777,0,13,1,100,,13983,11777,0,13,1,100,,29381,11777,0,13,1,99,,29382,11777,0,13,1,100,,29383,11777,0,13,1,100,,29384,11777,0,13,1,100,,29385,11777,0,13,1
16101,'DI',551,,31301,556,0,11 12,2,1172,,31300,556,0,11 12,2
16101,'F1',551,,31312,556,0,11 12,2,1172,,31313,556,0,11 12,2
16101,'F2',551,,31325,556,0,11 12,2,1172,,31326,556,0,11 12,2
16101,'SA',551,,31337,556,0,11 12,2,1172,,31338,556,0,11 12,2
16101,'SE',626,,31355,556,0,11 12,2,33,,31353,556,0,11 12,2,72,,31356,556,0,11 12,2,502,,31352,556,0,11 12,2,372,,31358,556,0,11 12,2,36,,31354,556,0,11 12,2,78,,31357,556,0,11 12,2
18000,'SE',1606,,31396,11777,0,13,2,31,,31397,11777,0,13,2,18,,31392,11777,0,13,2,64,,31394,11777,0,13,2,32,,31391,11777,0,13,2,70,,31393,11777,0,13,2,20,,31395,11777,0,13,2
