'DI',100,65010,0,'Windsor',1,10000,0,'Windsor',1,10000,0,'Windsor',1,10000,0,'Windsor',1,10000,0,'Windsor',1,10000,0,'Windsor',1,10000,0,'Windsor',1,10030,0,'Windsor',1,10000,0,'Windsor',1,9800,0,'Windsor',1,10000,0,'Windsor',1,10000,0,'Windsor',1,10000,0,'Windsor',1,10000,0,'Windsor',1,10000,0,'Windsor',1,10000,0,'Windsor',1,10000,0,'Windsor',1,10000,0,'Windsor',1,10000,0,'Windsor',1,10000,0,'Windsor',1
'SA',100,62010,0,'Windsor',1,3000,0,'Windsor',1,7000,0,'Windsor',1,3000,0,'Windsor',1,7000,0,'Windsor',1,3000,0,'Windsor',1,7000,0,'Windsor',1,3000,0,'Windsor',1,7000,0,'Windsor',1,3000,0,'Windsor',1,7000,0,'Windsor',1,3000,0,'Windsor',1,7000,0,'Windsor',1,3000,0,'Windsor',1,7030,0,'Windsor',1,3000,0,'Windsor',1,7000,0,'Windsor',1,3000,0,'Windsor',1,6800,0,'Windsor',1,3000,0,'Windsor',1,7000,0,'Windsor',1,3000,0,'Windsor',1,7000,0,'Windsor',1,3000,0,'Windsor',1,7000,0,'Windsor',1,3000,0,'Windsor',1,10000,0,'Windsor',1,10000,0,'Windsor',1,10000,0,'Windsor',1,10000,0,'Windsor',1,10000,0,'Windsor',1,10000,0,'Windsor',1,10000,0,'Windsor',1
'SE',100,54310,0,'Windsor',1,7600,0,'Windsor',1,2900,0,'Windsor',1,7500,0,'Windsor',1,2630,0,'Windsor',1,7500,0,'Windsor',1,8000,0,'Windsor',1,3070,0,'Windsor',1,7000,0,'Windsor',1,3000,0,'Windsor',1,7000,0,'Windsor',1,3000,0,'Windsor',1,7030,0,'Windsor',1,3000,0,'Windsor',1,7000,0,'Windsor',1,3000,0,'Windsor',1,7000,0,'Windsor',1,3000,0,'Windsor',1,7000,0,'Windsor',1,1800,0,'Windsor',1,2100,0,'Windsor',1,1500,0,'Windsor',1,5900,0,'Windsor',1,1200,0,'Windsor',1,1880,0,'Windsor',1,5200,0,'Windsor',1,1390,0,'Windsor',1,1500,0,'Windsor',1,1430,0,'Windsor',1,1500,0,'Windsor',1,5500,0,'Windsor',1,2000,0,'Windsor',1,6970,0,'Windsor',1,3000,0,'Windsor',1,7000,0,'Windsor',1,3000,0,'Windsor',1,7000,0,'Windsor',1,3000,0,'Windsor',1,10000,0,'Windsor',1,10000,0,'Windsor',1,10000,0,'Windsor',1,9930,0,'Windsor',1
'DI',5400,65300,,'',2,10000,,'',2,10000,,'',2,10000,,'',2,10000,,'',2,10000,,'',2,7000,,'',2,3000,,'',2,7000,,'',2,3000,,'',2,7000,,'',2,3000,,'',2,7000,,'',2,3000,,'',2,7000,,'',2,3000,,'',2,7000,,'',2,3300,,'',2,7400,,'',2,2520,,'',2,10000,,'',2,10000,,'',2,10000,,'',2,10000,,'',2,10000,,'',2,10000,,'',2
'SA',5400,65300,,'',2,7000,,'',2,3000,,'',2,7000,,'',2,3000,,'',2,7200,,'',2,2800,,'',2,7000,,'',2,3000,,'',2,7000,,'',2,3000,,'',2,7000,,'',2,3000,,'',2,7000,,'',2,3000,,'',2,7000,,'',2,3000,,'',2,7000,,'',2,3000,,'',2,7000,,'',2,3000,,'',2,7000,,'',2,3300,,'',2,7000,,'',2,2920,,'',2,10000,,'',2,10000,,'',2,10000,,'',2,10000,,'',2,10000,,'',2,10000,,'',2
'SE',5400,64600,,'',2,7400,,'',2,2900,,'',2,7400,,'',2,3200,,'',2,7000,,'',2,3000,,'',2,7000,,'',2,3000,,'',2,7000,,'',2,2930,,'',2,7000,,'',2,3100,,'',2,7000,,'',2,3000,,'',2,7000,,'',2,2600,,'',2,6700,,'',2,3000,,'',2,7000,,'',2,3400,,'',2,6400,,'',2,3500,,'',2,6800,,'',2,3500,,'',2,7070,,'',2,3000,,'',2,7000,,'',2,3000,,'',2,7000,,'',2,2800,,'',2,10000,,'',2,10000,,'',2,10000,,'',2
'SE',44200,160840,0,'Pacific',2,10000,0,'Pacific',2
'SE',50100,145110,,'',2,18400,,'',2
'SE',55400,90050,,'',2
'SE',60001,91110,,'',2
'SE',61301,91100,,'',2
'SE',61400,164020,,'',2
'SE',61801,90020,,'',2
