1701,'DI',605,,23416,8867,,,1,100,,23419,8867,,,1,30,,23412,8867,,,1,70,,23402,8867,,,1,30,,23408,8867,,,1,70,,23417,8867,,,1,30,,23430,8867,,,1,70,,23420,8867,,,1,30,,23425,8867,,,1,70,,23403,8867,,,1,30,,23427,8867,,,1,70,,23414,8867,,,1,30,,23423,8867,,,1,70,,23431,8867,,,1,30,,23409,8867,,,1,70,,23426,8867,,,1,30,,23415,8867,,,1,70,,23413,8867,,,1,30,,23429,8867,,,1,69,,23421,8867,,,1,30,,23404,8867,,,1,71,,23411,8867,,,1,30,,23405,8867,,,1,70,,23400,8867,,,1,31,,23406,8867,,,1,70,,23399,8867,,,1,99,,23428,8867,,,1,100,,23422,8867,,,1,100,,23407,8867,,,1,100,,23424,8867,,,1,100,,23410,8867,,,1,100,,23401,8867,,,1
1701,'F1',605,,23460,8867,,,1,100,,23439,8867,,,1,30,,23461,8867,,,1,70,,23452,8867,,,1,30,,23442,8867,,,1,70,,23455,8867,,,1,30,,23459,8867,,,1,70,,23450,8867,,,1,30,,23446,8867,,,1,70,,23462,8867,,,1,30,,23440,8867,,,1,70,,23453,8867,,,1,30,,23449,8867,,,1,70,,23463,8867,,,1,30,,23443,8867,,,1,70,,23454,8867,,,1,30,,23435,8867,,,1,70,,23456,8867,,,1,30,,23441,8867,,,1,70,,23464,8867,,,1,30,,23444,8867,,,1,69,,23432,8867,,,1,30,,23447,8867,,,1,71,,23433,8867,,,1,30,,23448,8867,,,1,71,,23434,8867,,,1,99,,23445,8867,,,1,100,,23436,8867,,,1,100,,23457,8867,,,1,100,,23437,8867,,,1,100,,23458,8867,,,1,100,,23438,8867,,,1
1701,'F2',605,,23492,8867,,,1,100,,23486,8867,,,1,30,,23481,8867,,,1,70,,23496,8867,,,1,30,,23468,8867,,,1,70,,23480,8867,,,1,30,,23493,8867,,,1,70,,23478,8867,,,1,30,,23467,8867,,,1,70,,23487,8867,,,1,30,,23469,8867,,,1,70,,23473,8867,,,1,30,,23465,8867,,,1,70,,23475,8867,,,1,30,,23482,8867,,,1,70,,23488,8867,,,1,30,,23494,8867,,,1,70,,23474,8867,,,1,30,,23495,8867,,,1,70,,23483,8867,,,1,30,,23490,8867,,,1,69,,23489,8867,,,1,30,,23470,8867,,,1,71,,23472,8867,,,1,30,,23471,8867,,,1,71,,23476,8867,,,1,99,,23491,8867,,,1,100,,23484,8867,,,1,100,,23479,8867,,,1,100,,23477,8867,,,1,100,,23466,8867,,,1,100,,23497,8867,,,1
1701,'SA',605,,23523,8867,,,1,100,,23517,8867,,,1,30,,23513,8867,,,1,70,,23527,8867,,,1,30,,23501,8867,,,1,70,,5087,8867,,,1,30,,23524,8867,,,1,70,,23511,8867,,,1,30,,23500,8867,,,1,70,,23518,8867,,,1,30,,23502,8867,,,1,70,,23506,8867,,,1,30,,23498,8867,,,1,70,,23508,8867,,,1,30,,23514,8867,,,1,70,,23519,8867,,,1,30,,23525,8867,,,1,70,,23507,8867,,,1,30,,23526,8867,,,1,70,,23515,8867,,,1,30,,23521,8867,,,1,69,,23520,8867,,,1,30,,23503,8867,,,1,71,,23505,8867,,,1,30,,23504,8867,,,1,71,,23509,8867,,,1,99,,23522,8867,,,1,100,,5098,8867,,,1,100,,23512,8867,,,1,100,,23510,8867,,,1,100,,23499,8867,,,1,100,,23528,8867,,,1
2001,'DI',600,,23982,11087,,,2,100,,23976,11087,,,2,100,,23979,11087,,,2,100,,23983,11087,,,2,100,,23974,11087,,,2,100,,23980,11087,,,2,57,,23984,11087,,,2,143,,23985,11087,,,2,100,,23981,11087,,,2,100,,23986,11087,,,2,100,,23977,11087,,,2,57,,23989,11087,,,2,143,,23990,11087,,,2,100,,23978,11087,,,2,100,,23987,11087,,,2,100,,23975,11087,,,2,100,,23991,11087,,,2,100,,23988,11087,,,2,100,,23992,11087,,,2
2001,'F1',601,,24003,11087,,,2,100,,24011,11087,,,2,100,,24007,11087,,,2,100,,24009,11087,,,2,100,,24008,11087,,,2,100,,5794,11087,,,2,100,,24010,11087,,,2,100,,5797,11087,,,2,100,,23998,11087,,,2,100,,23999,11087,,,2,100,,23996,11087,,,2,56,,24000,11087,,,2,144,,24001,11087,,,2,104,,24002,11087,,,2,96,,23994,11087,,,2,100,,24004,11087,,,2,100,,24005,11087,,,2,100,,23995,11087,,,2,100,,23997,11087,,,2,100,,24006,11087,,,2
2001,'F2',601,,24030,11087,,,2,100,,24032,11087,,,2,100,,24025,11087,,,2,100,,24022,11087,,,2,100,,24016,11087,,,2,100,,24018,11087,,,2,100,,24017,11087,,,2,100,,24026,11087,,,2,100,,24019,11087,,,2,100,,24020,11087,,,2,100,,24031,11087,,,2,56,,24027,11087,,,2,144,,24028,11087,,,2,104,,24029,11087,,,2,96,,24014,11087,,,2,100,,24023,11087,,,2,100,,24021,11087,,,2,100,,24013,11087,,,2,100,,24033,11087,,,2,100,,24024,11087,,,2
2001,'SA',601,,24050,11087,,,2,100,,24052,11087,,,2,100,,5908,11087,,,2,100,,24043,11087,,,2,100,,24037,11087,,,2,100,,24039,11087,,,2,100,,24038,11087,,,2,100,,24046,11087,,,2,100,,24040,11087,,,2,100,,24041,11087,,,2,100,,24051,11087,,,2,56,,24047,11087,,,2,144,,24048,11087,,,2,104,,24049,11087,,,2,96,,24035,11087,,,2,100,,24044,11087,,,2,100,,24042,11087,,,2,100,,24034,11087,,,2,100,,24053,11087,,,2,100,,24045,11087,,,2
2001,'SE',547,,24086,11087,,,2,76,,24074,11087,,,2,20,,24108,11087,,,2,16,,24064,11087,,,2,49,,24087,11087,,,2,9,,24100,11087,,,2,9,,24090,11087,,,2,9,,24077,11087,,,2,4,,24075,11087,,,2,14,,24076,11087,,,2,50,,24072,11087,,,2,8,,24094,11087,,,2,10,,24056,11087,,,2,9,,24063,11087,,,2,6,,24057,11087,,,2,14,,24078,11087,,,2,71,,24073,11087,,,2,31,,24103,11087,,,2,70,,24055,11087,,,2,31,,24097,11087,,,2,70,,24065,11087,,,2,30,,24101,11087,,,2,70,,24060,11087,,,2,30,,24093,11087,,,2,70,,24066,11087,,,2,30,,24104,11087,,,2,70,,24061,11087,,,2,30,,24092,11087,,,2,70,,24067,11087,,,2,32,,24079,11087,,,2,61,,24081,11087,,,2,17,,24069,11087,,,2,15,,24059,11087,,,2,55,,24070,11087,,,2,15,,24095,11087,,,2,15,,24082,11087,,,2,11,,24102,11087,,,2,13,,24083,11087,,,2,49,,24085,11087,,,2,12,,24080,11087,,,2,13,,24096,11087,,,2,10,,24068,11087,,,2,14,,24106,11087,,,2,53,,24084,11087,,,2,15,,24099,11087,,,2,28,,24054,11087,,,2,70,,24098,11087,,,2,30,,24107,11087,,,2,70,,24071,11087,,,2,30,,24105,11087,,,2,70,,24088,11087,,,2,100,,24062,11087,,,2,100,,24089,11087,,,2,100,,24058,11087,,,2
2501,'DI',1611,,24661,13949,,,2
2501,'F1',1611,,24662,13949,,,2
2501,'F2',1611,,24663,13949,,,2
2501,'SA',1611,,24664,13949,,,2
2501,'SE',522,,24669,12313,,,2,30,,24671,12313,,,2,63,,24666,12313,,,2,34,,24670,12313,,,2,76,,24691,13949,,,2,30,,24690,13949,,,2,65,,24672,12313,,,2,30,,24674,12313,,,2,68,,24675,12313,,,2,505,,24686,12313,,,2,31,,24676,12313,,,2,72,,24677,12313,,,2,31,,24694,13949,,,2,60,,24693,13949,,,2,12,,24692,13949,,,2,9,,24667,12313,,,2,19,,24679,12313,,,2,54,,24678,12313,,,2,15,,24682,12313,,,2,28,,24684,12313,,,2,67,,24687,12313,,,2,29,,24683,12313,,,2,99,,24681,12313,,,2,385,,24689,12313,,,2,86,,24696,13949,,,2,12,,24688,12313,,,2,75,,24680,12313,,,2
7601,'SE',516,,29039,5985,,,1,30,,29041,5985,,,1,70,,29048,5985,,,1,26,,29035,5985,,,1,61,,29031,5985,,,1,20,,29062,5985,,,1,21,,29037,5985,,,1,4,,29053,5985,,,1,5,,29032,5985,,,1,54,,29063,5985,,,1,21,,29049,5985,,,1,23,,29029,5985,,,1,66,,29064,5985,,,1,29,,29025,5985,,,1,70,,29036,5985,,,1,30,,29028,5985,,,1,70,,29067,5985,,,1,30,,29026,5985,,,1,70,,29030,5985,,,1,30,,29043,5985,,,1,70,,29045,5985,,,1,30,,29033,5985,,,1,70,,29054,5985,,,1,32,,29068,5985,,,1,76,,29055,5985,,,1,26,,29044,5985,,,1,72,,29040,5985,,,1,33,,29056,5985,,,1,64,,29034,5985,,,1,16,,29042,5985,,,1,19,,29070,5985,,,1,61,,29069,5985,,,1,17,,29047,5985,,,1,18,,29065,5985,,,1,66,,29061,5985,,,1,30,,29046,5985,,,1,70,,29038,5985,,,1,30,,29050,5985,,,1,70,,29057,5985,,,1,30,,29051,5985,,,1,70,,29058,5985,,,1,29,,29052,5985,,,1,70,,29059,5985,,,1,30,,29027,5985,,,1,70,,29060,5985,,,1,30,,29066,5985,,,1
8101,'DI',642,,29607,18379,,,1,100,,29604,18379,,,1,100,,29593,18379,,,1,103,,29600,18379,,,1,100,,29594,18379,,,1,100,,29602,18379,,,1,100,,29606,18379,,,1,100,,29608,18379,,,1,100,,29597,18379,,,1,100,,29601,18379,,,1,100,,29592,18379,,,1,96,,29605,18379,,,1,108,,29595,18379,,,1,96,,29603,18379,,,1,100,,29596,18379,,,1,100,,29609,18379,,,1,100,,29598,18379,,,1,100,,29611,18379,,,1,100,,29610,18379,,,1
8101,'F1',642,,29614,18379,,,1,100,,29612,18379,,,1,100,,29620,18379,,,1,103,,29628,18379,,,1,100,,29625,18379,,,1,100,,29613,18379,,,1,100,,29621,18379,,,1,100,,29618,18379,,,1,100,,29626,18379,,,1,100,,29632,18379,,,1,100,,29629,18379,,,1,100,,29627,18379,,,1,104,,29624,18379,,,1,96,,29623,18379,,,1,100,,29630,18379,,,1,100,,29616,18379,,,1,100,,29619,18379,,,1,100,,29622,18379,,,1,100,,29615,18379,,,1,100,,29617,18379,,,1
8101,'F2',642,,29638,18379,,,1,100,,29645,18379,,,1,100,,29651,18379,,,1,103,,29646,18379,,,1,100,,29647,18379,,,1,100,,29652,18379,,,1,100,,29633,18379,,,1,100,,29635,18379,,,1,100,,29641,18379,,,1,100,,29648,18379,,,1,100,,29653,18379,,,1,100,,29639,18379,,,1,104,,29642,18379,,,1,96,,29649,18379,,,1,100,,29634,18379,,,1,100,,29643,18379,,,1,100,,29637,18379,,,1,100,,29650,18379,,,1,100,,29644,18379,,,1,100,,29640,18379,,,1
8101,'SA',642,,29659,18379,,,1,100,,29666,18379,,,1,100,,29672,18379,,,1,103,,29667,18379,,,1,100,,29668,18379,,,1,100,,14421,18379,,,1,100,,29654,18379,,,1,100,,29656,18379,,,1,100,,29662,18379,,,1,100,,29669,18379,,,1,100,,29673,18379,,,1,100,,29660,18379,,,1,104,,29663,18379,,,1,96,,29670,18379,,,1,100,,29655,18379,,,1,100,,29664,18379,,,1,100,,29658,18379,,,1,100,,29671,18379,,,1,100,,29665,18379,,,1,100,,29661,18379,,,1
8101,'SE',613,,29691,18379,,,1,30,,29688,18379,,,1,62,,29677,18379,,,1,38,,29689,18379,,,1,70,,29684,18379,,,1,31,,29694,18379,,,1,69,,29690,18379,,,1,36,,29682,18379,,,1,98,,29674,18379,,,1,100,,29692,18379,,,1,100,,29683,18379,,,1,100,,29701,18379,,,1,100,,29699,18379,,,1,100,,29680,18379,,,1,71,,29697,18379,,,1,31,,29702,18379,,,1,70,,29693,18379,,,1,30,,29685,18379,,,1,70,,29676,18379,,,1,30,,29698,18379,,,1,70,,29686,18379,,,1,26,,29675,18379,,,1,100,,29681,18379,,,1,100,,29678,18379,,,1,100,,29695,18379,,,1,100,,29700,18379,,,1,100,,29679,18379,,,1,100,,29696,18379,,,1
