2301,'F1',621,,24597,7793,,,1,103,,24598,7793,,,1,102,,24599,7793,,,1,100,,24594,7793,,,1,103,,24590,7793,,,1,99,,24592,7793,,,1,103,,24593,7793,,,1,97,,24600,7793,,,1,99,,24591,7793,,,1,100,,24595,7793,,,1,100,,24596,7793,,,1,100,,24601,7793,,,1
2301,'F2',621,,24609,7793,,,1,103,,24610,7793,,,1,102,,24611,7793,,,1,100,,24602,7793,,,1,103,,24603,7793,,,1,99,,24605,7793,,,1,103,,24606,7793,,,1,97,,24612,7793,,,1,99,,24613,7793,,,1,100,,24608,7793,,,1,100,,24607,7793,,,1,100,,24604,7793,,,1
2301,'SA',621,,24621,7793,,,1,103,,24622,7793,,,1,102,,24623,7793,,,1,100,,24614,7793,,,1,103,,24615,7793,,,1,99,,24617,7793,,,1,103,,24618,7793,,,1,97,,24624,7793,,,1,99,,24625,7793,,,1,100,,24620,7793,,,1,100,,24619,7793,,,1,100,,24616,7793,,,1
2301,'SE',1029,,24628,7793,,,1,101,,24626,7793,,,1,100,,24629,7793,,,1,101,,24630,7793,,,1,100,,24627,7793,,,1
12301,'DI',555,,30718,22090,,,1,100,,30728,22090,,,1,100,,30719,22090,,,1,100,,30729,22090,,,1,102,,30720,22090,,,1,100,,30730,22090,,,1,100,,30721,22090,,,1,100,,30731,22090,,,1,100,,30722,22090,,,1,100,,30732,22090,,,1,100,,30723,22090,,,1,100,,30733,22090,,,1,100,,30724,22090,,,1,100,,30734,22090,,,1,100,,30725,22090,,,1,98,,30735,22090,,,1,100,,30726,22090,,,1,100,,30736,22090,,,1,100,,30727,22090,,,1,100,,30737,22090,,,1
12301,'F1',553,,30746,22090,,,1,100,,30751,22090,,,1,100,,30747,22090,,,1,102,,30752,22090,,,1,100,,30740,22090,,,1,100,,30753,22090,,,1,100,,30741,22090,,,1,100,,30738,22090,,,1,100,,30742,22090,,,1,100,,30739,22090,,,1,100,,30743,22090,,,1,100,,30744,22090,,,1,100,,30754,22090,,,1,100,,30745,22090,,,1,100,,30755,22090,,,1,100,,30748,22090,,,1,100,,30756,22090,,,1,100,,30749,22090,,,1,100,,30757,22090,,,1,100,,30750,22090,,,1
12301,'F2',553,,30760,22090,,,1,100,,30758,22090,,,1,100,,30761,22090,,,1,102,,30759,22090,,,1,100,,30762,22090,,,1,100,,30770,22090,,,1,100,,30763,22090,,,1,100,,30771,22090,,,1,100,,30764,22090,,,1,100,,30772,22090,,,1,100,,30765,22090,,,1,100,,30773,22090,,,1,100,,30766,22090,,,1,100,,30774,22090,,,1,100,,30767,22090,,,1,100,,30775,22090,,,1,100,,30768,22090,,,1,100,,30776,22090,,,1,100,,30769,22090,,,1,100,,30777,22090,,,1
12301,'SA',553,,30780,22090,,,1,100,,30778,22090,,,1,100,,30781,22090,,,1,102,,30779,22090,,,1,100,,30782,22090,,,1,100,,30790,22090,,,1,100,,30783,22090,,,1,100,,30791,22090,,,1,100,,30784,22090,,,1,100,,30792,22090,,,1,100,,30785,22090,,,1,100,,30793,22090,,,1,100,,30786,22090,,,1,100,,30794,22090,,,1,100,,30787,22090,,,1,100,,30795,22090,,,1,100,,30788,22090,,,1,100,,30796,22090,,,1,100,,30789,22090,,,1,100,,30797,22090,,,1
12301,'SE',541,,30809,22090,,,1,70,,30819,22090,,,1,21,,30802,22090,,,1,26,,30801,22090,,,1,55,,30803,22090,,,1,27,,30804,22090,,,1,70,,30798,22090,,,1,28,,30799,22090,,,1,70,,30800,22090,,,1,26,,30820,22090,,,1,70,,30823,22090,,,1,96,,30810,22090,,,1,102,,30806,22090,,,1,100,,30816,22090,,,1,100,,30821,22090,,,1,100,,30826,22090,,,1,11,,30814,22090,,,1,27,,30827,22090,,,1,60,,30829,22090,,,1,15,,30815,22090,,,1,19,,30813,22090,,,1,6,,30824,22090,,,1,16,,30830,22090,,,1,50,,30832,22090,,,1,6,,30818,22090,,,1,24,,30817,22090,,,1,66,,30828,22090,,,1,27,,30833,22090,,,1,71,,30808,22090,,,1,26,,30805,22090,,,1,74,,30807,22090,,,1,28,,30825,22090,,,1,30,,30822,22090,,,1,98,,30831,22090,,,1,97,,30811,22090,,,1,100,,30834,22090,,,1,157,,30812,22090,,,1
17001,'SE',521,,31389,4789,0,50 51,2,30,,31390,4789,0,50 51,2,62,,31373,4789,0,50 51,2,30,,31377,4789,0,50 51,2,70,,31374,4789,0,50 51,2,31,,31378,4789,0,50 51,2,69,,31375,4789,0,50 51,2,35,,31379,4789,0,50 51,2,70,,31376,4789,0,50 51,2,616,,31385,4789,0,50 51,2,70,,31380,4789,0,50 51,2,30,,31386,4789,0,50 51,2,70,,31381,4789,0,50 51,2,30,,31387,4789,0,50 51,2,70,,31382,4789,0,50 51,2,30,,31388,4789,0,50 51,2,70,,31383,4789,0,50 51,2
