2300,'F1',658,,24556,7230,,,1,100,,24557,7230,,,1,100,,24553,7230,,,1,101,,24549,7230,,,1,99,,24551,7230,,,1,143,,24552,7230,,,1,57,,24558,7230,,,1,100,,24550,7230,,,1,100,,24554,7230,,,1,100,,24555,7230,,,1,100,,24559,7230,,,1,142,,24560,7230,,,1
2300,'F2',658,,24569,7230,,,1,100,,24570,7230,,,1,100,,24561,7230,,,1,101,,24562,7230,,,1,99,,24565,7230,,,1,143,,24566,7230,,,1,57,,24571,7230,,,1,100,,24572,7230,,,1,100,,24568,7230,,,1,100,,24567,7230,,,1,100,,24563,7230,,,1,142,,24564,7230,,,1
2300,'SA',658,,24581,7230,,,1,100,,24582,7230,,,1,100,,24573,7230,,,1,101,,24574,7230,,,1,99,,24577,7230,,,1,143,,24578,7230,,,1,57,,24583,7230,,,1,100,,24584,7230,,,1,100,,24580,7230,,,1,100,,24579,7230,,,1,100,,24575,7230,,,1,142,,24576,7230,,,1
2300,'SE',959,,24587,7230,,,1,100,,24585,7230,,,1,100,,24588,7230,,,1,100,,24589,7230,,,1,100,,24586,7230,,,1
12300,'DI',628,,30605,7230,0,46 47,1,100,,30615,7230,0,46 47,1,100,,30606,7230,0,46 47,1,100,,30616,7230,0,46 47,1,100,,30607,7230,0,46 47,1,100,,30617,7230,0,46 47,1,105,,30608,7230,0,46 47,1,95,,30618,7230,0,46 47,1,100,,30609,7230,0,46 47,1,100,,30619,7230,0,46 47,1,100,,30610,7230,0,46 47,1,100,,30620,7230,0,46 47,1,100,,30611,7230,0,46 47,1,100,,30621,7230,0,46 47,1,100,,30612,7230,0,46 47,1,100,,30622,7230,0,46 47,1,100,,30613,7230,0,46 47,1,100,,30623,7230,0,46 47,1,100,,30614,7230,0,46 47,1
12300,'F1',628,,30632,7230,0,46 47,1,100,,30636,7230,0,46 47,1,100,,30626,7230,0,46 47,1,105,,30637,7230,0,46 47,1,99,,30627,7230,0,46 47,1,100,,30624,7230,0,46 47,1,100,,30628,7230,0,46 47,1,96,,30625,7230,0,46 47,1,100,,30629,7230,0,46 47,1,100,,30630,7230,0,46 47,1,104,,30638,7230,0,46 47,1,101,,30631,7230,0,46 47,1,99,,30639,7230,0,46 47,1,96,,30633,7230,0,46 47,1,100,,30640,7230,0,46 47,1,100,,30634,7230,0,46 47,1,100,,30641,7230,0,46 47,1,100,,30635,7230,0,46 47,1,100,,30642,7230,0,46 47,1
12300,'F2',628,,30644,7230,0,46 47,1,100,,30643,7230,0,46 47,1,100,,30645,7230,0,46 47,1,105,,30654,7230,0,46 47,1,99,,30646,7230,0,46 47,1,100,,30655,7230,0,46 47,1,100,,30647,7230,0,46 47,1,96,,30656,7230,0,46 47,1,100,,30648,7230,0,46 47,1,100,,30657,7230,0,46 47,1,104,,30649,7230,0,46 47,1,101,,30658,7230,0,46 47,1,99,,30650,7230,0,46 47,1,96,,30659,7230,0,46 47,1,100,,30651,7230,0,46 47,1,100,,30660,7230,0,46 47,1,100,,30652,7230,0,46 47,1,100,,30661,7230,0,46 47,1,100,,30653,7230,0,46 47,1
12300,'SA',628,,30663,7230,0,46 47,1,100,,30662,7230,0,46 47,1,100,,30664,7230,0,46 47,1,105,,30673,7230,0,46 47,1,99,,30665,7230,0,46 47,1,100,,30674,7230,0,46 47,1,100,,30666,7230,0,46 47,1,96,,30675,7230,0,46 47,1,100,,30667,7230,0,46 47,1,100,,30676,7230,0,46 47,1,104,,30668,7230,0,46 47,1,101,,30677,7230,0,46 47,1,99,,30669,7230,0,46 47,1,96,,30678,7230,0,46 47,1,100,,30670,7230,0,46 47,1,100,,30679,7230,0,46 47,1,100,,30671,7230,0,46 47,1,100,,30680,7230,0,46 47,1,100,,30672,7230,0,46 47,1
12300,'SE',520,,30700,7230,0,46 47,1,33,,30681,7230,0,46 47,1,55,,30688,7230,0,46 47,1,10,,30682,7230,0,46 47,1,10,,30702,7230,0,46 47,1,10,,30693,7230,0,46 47,1,12,,30703,7230,0,46 47,1,8,,30683,7230,0,46 47,1,52,,30707,7230,0,46 47,1,10,,30684,7230,0,46 47,1,21,,30708,7230,0,46 47,1,17,,30704,7230,0,46 47,1,70,,30710,7230,0,46 47,1,28,,30709,7230,0,46 47,1,69,,30690,7230,0,46 47,1,102,,30685,7230,0,46 47,1,100,,30695,7230,0,46 47,1,99,,30705,7230,0,46 47,1,102,,30697,7230,0,46 47,1,5,,30694,7230,0,46 47,1,93,,30701,7230,0,46 47,1,30,,30711,7230,0,46 47,1,72,,30698,7230,0,46 47,1,26,,30696,7230,0,46 47,1,71,,30713,7230,0,46 47,1,31,,30715,7230,0,46 47,1,71,,30687,7230,0,46 47,1,29,,30699,7230,0,46 47,1,75,,30686,7230,0,46 47,1,28,,30712,7230,0,46 47,1,70,,30706,7230,0,46 47,1,30,,30689,7230,0,46 47,1,70,,30714,7230,0,46 47,1,100,,30691,7230,0,46 47,1,100,,30716,7230,0,46 47,1,97,,30692,7230,0,46 47,1,100,,30717,7230,0,46 47,1
57201,'SE',838,,32392,0,,,2
