2301,'F1',623,,24597,8818,,,1,103,,24598,8818,,,1,103,,24599,8818,,,1,100,,24594,8818,,,1,103,,24590,8818,,,1,99,,24592,8818,,,1,103,,24593,8818,,,1,97,,24600,8818,,,1,99,,24591,8818,,,1,100,,24595,8818,,,1,100,,24596,8818,,,1,100,,24601,8818,,,1
2301,'F2',623,,24609,8818,,,1,103,,24610,8818,,,1,103,,24611,8818,,,1,100,,24602,8818,,,1,103,,24603,8818,,,1,99,,24605,8818,,,1,103,,24606,8818,,,1,97,,24612,8818,,,1,99,,24613,8818,,,1,100,,24608,8818,,,1,100,,24607,8818,,,1,100,,24604,8818,,,1
2301,'SA',623,,24621,8818,,,1,103,,24622,8818,,,1,103,,24623,8818,,,1,100,,24614,8818,,,1,103,,24615,8818,,,1,99,,24617,8818,,,1,103,,24618,8818,,,1,97,,24624,8818,,,1,99,,24625,8818,,,1,100,,24620,8818,,,1,100,,24619,8818,,,1,100,,24616,8818,,,1
2301,'SE',1032,,24628,8818,,,1,101,,24626,8818,,,1,100,,24629,8818,,,1,101,,24630,8818,,,1,100,,24627,8818,,,1
7401,'DI',730,,28681,6975,,,1,100,,28685,6975,,,1,100,,28686,6975,,,1,100,,28687,6975,,,1,100,,28688,6975,,,1,99,,28689,6975,,,1,105,,28690,6975,,,1,96,,28678,6975,,,1,100,,28679,6975,,,1,100,,28691,6975,,,1,100,,28692,6975,,,1,104,,28693,6975,,,1,96,,28694,6975,,,1,100,,28695,6975,,,1,100,,28682,6975,,,1,100,,28683,6975,,,1,100,,28684,6975,,,1,100,,28680,6975,,,1
7401,'F1',728,,28713,6975,,,1,102,,28699,6975,,,1,100,,28700,6975,,,1,99,,28701,6975,,,1,100,,28714,6975,,,1,101,,28709,6975,,,1,100,,28710,6975,,,1,100,,28711,6975,,,1,99,,28696,6975,,,1,101,,28702,6975,,,1,100,,28703,6975,,,1,102,,28704,6975,,,1,98,,28712,6975,,,1,100,,28705,6975,,,1,100,,28706,6975,,,1,100,,28707,6975,,,1,100,,28708,6975,,,1,100,,28697,6975,,,1,100,,28698,6975,,,1
7401,'F2',728,,28733,6975,,,1,102,,28718,6975,,,1,100,,28719,6975,,,1,99,,28720,6975,,,1,100,,28717,6975,,,1,101,,28721,6975,,,1,100,,28722,6975,,,1,100,,28723,6975,,,1,99,,28724,6975,,,1,101,,28725,6975,,,1,100,,28726,6975,,,1,102,,28715,6975,,,1,98,,28727,6975,,,1,100,,28728,6975,,,1,100,,28729,6975,,,1,100,,28730,6975,,,1,100,,28731,6975,,,1,100,,28732,6975,,,1,100,,28716,6975,,,1
7401,'SA',728,,28752,6975,,,1,102,,28737,6975,,,1,100,,28738,6975,,,1,99,,28739,6975,,,1,100,,28736,6975,,,1,101,,28740,6975,,,1,100,,28741,6975,,,1,100,,28742,6975,,,1,99,,28743,6975,,,1,101,,28744,6975,,,1,100,,28745,6975,,,1,102,,28734,6975,,,1,98,,28746,6975,,,1,100,,28747,6975,,,1,100,,28748,6975,,,1,100,,28749,6975,,,1,100,,28750,6975,,,1,100,,28751,6975,,,1,100,,28735,6975,,,1
7401,'SE',629,,28776,6975,,,1,72,,28775,6975,,,1,27,,28774,6975,,,1,78,,28777,6975,,,1,26,,28779,6975,,,1,70,,28778,6975,,,1,28,,28769,6975,,,1,101,,28759,6975,,,1,100,,28757,6975,,,1,101,,28770,6975,,,1,100,,28771,6975,,,1,101,,28760,6975,,,1,102,,28762,6975,,,1,69,,28764,6975,,,1,27,,28763,6975,,,1,76,,28756,6975,,,1,29,,28767,6975,,,1,69,,28758,6975,,,1,28,,28768,6975,,,1,70,,28754,6975,,,1,28,,28772,6975,,,1,98,,28773,6975,,,1,100,,28755,6975,,,1,99,,28765,6975,,,1,100,,28766,6975,,,1,100,,28761,6975,,,1,100,,28753,6975,,,1
12301,'DI',558,,30718,23115,,,1,100,,30728,23115,,,1,100,,30719,23115,,,1,100,,30729,23115,,,1,142,,30720,23115,,,1,100,,30730,23115,,,1,100,,30721,23115,,,1,100,,30731,23115,,,1,100,,30722,23115,,,1,100,,30732,23115,,,1,100,,30723,23115,,,1,100,,30733,23115,,,1,100,,30724,23115,,,1,100,,30734,23115,,,1,100,,30725,23115,,,1,58,,30735,23115,,,1,100,,30726,23115,,,1,100,,30736,23115,,,1,100,,30727,23115,,,1,100,,30737,23115,,,1
12301,'F1',556,,30746,23115,,,1,100,,30751,23115,,,1,100,,30747,23115,,,1,102,,30752,23115,,,1,100,,30740,23115,,,1,100,,30753,23115,,,1,100,,30741,23115,,,1,100,,30738,23115,,,1,100,,30742,23115,,,1,100,,30739,23115,,,1,100,,30743,23115,,,1,100,,30744,23115,,,1,100,,30754,23115,,,1,100,,30745,23115,,,1,100,,30755,23115,,,1,100,,30748,23115,,,1,100,,30756,23115,,,1,100,,30749,23115,,,1,100,,30757,23115,,,1,100,,30750,23115,,,1
12301,'F2',556,,30760,23115,,,1,100,,30758,23115,,,1,100,,30761,23115,,,1,102,,30759,23115,,,1,100,,30762,23115,,,1,100,,30770,23115,,,1,100,,30763,23115,,,1,100,,30771,23115,,,1,100,,30764,23115,,,1,100,,30772,23115,,,1,100,,30765,23115,,,1,100,,30773,23115,,,1,100,,30766,23115,,,1,100,,30774,23115,,,1,100,,30767,23115,,,1,100,,30775,23115,,,1,100,,30768,23115,,,1,100,,30776,23115,,,1,100,,30769,23115,,,1,100,,30777,23115,,,1
12301,'SA',556,,30780,23115,,,1,100,,30778,23115,,,1,100,,30781,23115,,,1,102,,30779,23115,,,1,100,,30782,23115,,,1,100,,30790,23115,,,1,100,,30783,23115,,,1,100,,30791,23115,,,1,100,,30784,23115,,,1,100,,30792,23115,,,1,100,,30785,23115,,,1,100,,30793,23115,,,1,100,,30786,23115,,,1,100,,30794,23115,,,1,100,,30787,23115,,,1,100,,30795,23115,,,1,100,,30788,23115,,,1,100,,30796,23115,,,1,100,,30789,23115,,,1,100,,30797,23115,,,1
12301,'SE',544,,30809,23115,,,1,70,,30819,23115,,,1,323,,30820,23115,,,1,70,,30823,23115,,,1,96,,30810,23115,,,1,102,,30806,23115,,,1,100,,30816,23115,,,1,100,,30821,23115,,,1,100,,30826,23115,,,1,11,,30814,23115,,,1,28,,30827,23115,,,1,60,,30829,23115,,,1,15,,30815,23115,,,1,19,,30813,23115,,,1,6,,30824,23115,,,1,56,,30830,23115,,,1,10,,30832,23115,,,1,6,,30818,23115,,,1,24,,30817,23115,,,1,66,,30828,23115,,,1,26,,30833,23115,,,1,71,,30808,23115,,,1,26,,30805,23115,,,1,74,,30807,23115,,,1,28,,30825,23115,,,1,70,,30822,23115,,,1,58,,30831,23115,,,1,97,,30811,23115,,,1,100,,30834,23115,,,1,157,,30812,23115,,,1
