400,'DI',629,,20715,1208,,,1,30,,20721,1208,,,1,70,,20733,1208,,,1,30,,20730,1208,,,1,72,,20716,1208,,,1,70,,20722,1208,,,1,32,,20736,1208,,,1,70,,20738,1208,,,1,30,,20717,1208,,,1,71,,20723,1208,,,1,30,,20737,1208,,,1,67,,20739,1208,,,1,31,,20718,1208,,,1,72,,20744,1208,,,1,30,,20745,1208,,,1,68,,20740,1208,,,1,31,,20719,1208,,,1,69,,20724,1208,,,1,30,,20747,1208,,,1,72,,20727,1208,,,1,30,,20720,1208,,,1,70,,20725,1208,,,1,30,,20748,1208,,,1,72,,20728,1208,,,1,28,,20741,1208,,,1,70,,20746,1208,,,1,30,,20743,1208,,,1,70,,20735,1208,,,1,30,,20742,1208,,,1,70,,20731,1208,,,1,30,,20714,1208,,,1,70,,20726,1208,,,1,100,,20732,1208,,,1,100,,20734,1208,,,1
400,'F1',629,,20749,1208,,,1,30,,20758,1208,,,1,70,,20760,1208,,,1,30,,20755,1208,,,1,72,,20750,1208,,,1,70,,981,1208,,,1,32,,20778,1208,,,1,71,,20756,1208,,,1,30,,20751,1208,,,1,70,,20768,1208,,,1,30,,20779,1208,,,1,70,,976,1208,,,1,30,,20776,1208,,,1,70,,20759,1208,,,1,30,,20780,1208,,,1,70,,20762,1208,,,1,30,,20769,1208,,,1,70,,20752,1208,,,1,30,,20761,1208,,,1,70,,20777,1208,,,1,30,,20770,1208,,,1,70,,20766,1208,,,1,30,,20771,1208,,,1,70,,20765,1208,,,1,30,,20774,1208,,,1,70,,20775,1208,,,1,30,,20753,1208,,,1,70,,20764,1208,,,1,30,,20773,1208,,,1,70,,20763,1208,,,1,30,,20767,1208,,,1,70,,20757,1208,,,1,100,,20772,1208,,,1,100,,963,1208,,,1
400,'F2',629,,20782,1208,,,1,30,,20790,1208,,,1,70,,20791,1208,,,1,30,,20787,1208,,,1,72,,20783,1208,,,1,70,,20809,1208,,,1,32,,20792,1208,,,1,71,,20788,1208,,,1,30,,20784,1208,,,1,70,,20810,1208,,,1,30,,20793,1208,,,1,70,,20803,1208,,,1,30,,20814,1208,,,1,70,,20801,1208,,,1,30,,20813,1208,,,1,70,,20797,1208,,,1,30,,20781,1208,,,1,70,,20794,1208,,,1,30,,20804,1208,,,1,70,,20815,1208,,,1,30,,20812,1208,,,1,70,,20800,1208,,,1,30,,20806,1208,,,1,70,,20799,1208,,,1,30,,20789,1208,,,1,70,,20805,1208,,,1,30,,20796,1208,,,1,70,,20785,1208,,,1,30,,20808,1208,,,1,70,,20795,1208,,,1,30,,20807,1208,,,1,70,,20811,1208,,,1,100,,20802,1208,,,1,100,,20798,1208,,,1
400,'SA',629,,20816,1208,,,1,30,,1103,1208,,,1,70,,1104,1208,,,1,30,,1102,1208,,,1,72,,20817,1208,,,1,70,,20836,1208,,,1,32,,1105,1208,,,1,71,,20820,1208,,,1,30,,20818,1208,,,1,70,,20837,1208,,,1,30,,1106,1208,,,1,70,,20830,1208,,,1,30,,20841,1208,,,1,70,,20828,1208,,,1,30,,20840,1208,,,1,70,,20824,1208,,,1,30,,1099,1208,,,1,70,,1107,1208,,,1,30,,20831,1208,,,1,70,,20842,1208,,,1,30,,20839,1208,,,1,70,,20827,1208,,,1,30,,20833,1208,,,1,70,,20826,1208,,,1,30,,20821,1208,,,1,70,,20832,1208,,,1,30,,20823,1208,,,1,70,,20819,1208,,,1,30,,20835,1208,,,1,70,,20822,1208,,,1,30,,20834,1208,,,1,70,,20838,1208,,,1,100,,20829,1208,,,1,100,,20825,1208,,,1
400,'SE',556,,20866,1208,,,1,60,,20875,1208,,,1,15,,20868,1208,,,1,20,,20873,1208,,,1,66,,20876,1208,,,1,17,,20870,1208,,,1,24,,1174,1208,,,1,52,,20877,1208,,,1,32,,20869,1208,,,1,13,,20852,1208,,,1,63,,20850,1208,,,1,30,,20843,1208,,,1,70,,20856,1208,,,1,30,,20854,1208,,,1,70,,20863,1208,,,1,30,,20853,1208,,,1,70,,1148,1208,,,1,30,,20862,1208,,,1,70,,20859,1208,,,1,29,,20851,1208,,,1,69,,20844,1208,,,1,31,,1172,1208,,,1,66,,20872,1208,,,1,34,,20878,1208,,,1,71,,20879,1208,,,1,30,,1173,1208,,,1,69,,20871,1208,,,1,25,,20846,1208,,,1,60,,20858,1208,,,1,34,,20860,1208,,,1,74,,1151,1208,,,1,30,,20845,1208,,,1,70,,20861,1208,,,1,30,,20857,1208,,,1,70,,20847,1208,,,1,30,,20855,1208,,,1,70,,20864,1208,,,1,30,,20865,1208,,,1,100,,20849,1208,,,1,100,,20848,1208,,,1
3200,'DI',602,,25140,1208,0,5,2,101,,25141,1208,0,5,2,99,,25142,1208,0,5,2,100,,25143,1208,0,5,2,100,,25146,1208,0,5,2,100,,25148,1208,0,5,2,101,,25144,1208,0,5,2,100,,25150,1208,0,5,2,98,,25149,1208,0,5,2,104,,25152,1208,0,5,2,96,,25151,1208,0,5,2,100,,25154,1208,0,5,2,100,,25153,1208,0,5,2,101,,25147,1208,0,5,2,100,,25138,1208,0,5,2,100,,25155,1208,0,5,2,100,,25157,1208,0,5,2,100,,25145,1208,0,5,2,100,,25156,1208,0,5,2,100,,25139,1208,0,5,2
3200,'F1',602,,25158,1208,0,5,2,101,,25159,1208,0,5,2,56,,25160,1208,0,5,2,141,,25161,1208,0,5,2,101,,25167,1208,0,5,2,101,,25175,1208,0,5,2,99,,25174,1208,0,5,2,103,,25177,1208,0,5,2,102,,25176,1208,0,5,2,97,,25162,1208,0,5,2,98,,25164,1208,0,5,2,100,,25168,1208,0,5,2,100,,25163,1208,0,5,2,101,,25165,1208,0,5,2,100,,25169,1208,0,5,2,100,,25170,1208,0,5,2,100,,25172,1208,0,5,2,100,,25173,1208,0,5,2,100,,25171,1208,0,5,2,100,,25166,1208,0,5,2
3200,'F2',602,,25179,1208,0,5,2,101,,25180,1208,0,5,2,56,,25181,1208,0,5,2,141,,25182,1208,0,5,2,101,,25188,1208,0,5,2,101,,25183,1208,0,5,2,99,,25197,1208,0,5,2,103,,25189,1208,0,5,2,102,,25184,1208,0,5,2,97,,25185,1208,0,5,2,98,,25190,1208,0,5,2,100,,25191,1208,0,5,2,100,,25186,1208,0,5,2,101,,25193,1208,0,5,2,100,,25192,1208,0,5,2,100,,25194,1208,0,5,2,100,,25196,1208,0,5,2,100,,25195,1208,0,5,2,100,,25187,1208,0,5,2,100,,25178,1208,0,5,2
3200,'SA',602,,25199,1208,0,5,2,101,,25200,1208,0,5,2,56,,25201,1208,0,5,2,141,,25202,1208,0,5,2,101,,25208,1208,0,5,2,101,,25203,1208,0,5,2,99,,25217,1208,0,5,2,103,,25209,1208,0,5,2,102,,25204,1208,0,5,2,97,,25205,1208,0,5,2,98,,25210,1208,0,5,2,100,,25211,1208,0,5,2,100,,25206,1208,0,5,2,101,,25213,1208,0,5,2,100,,25212,1208,0,5,2,100,,25214,1208,0,5,2,100,,25216,1208,0,5,2,100,,25215,1208,0,5,2,100,,25207,1208,0,5,2,100,,25198,1208,0,5,2
3200,'SE',612,,25239,1208,,,2,32,,25235,1208,,,2,64,,25233,1208,,,2,30,,25238,1208,,,2,76,,25231,1208,,,2,20,,25220,1208,0,5,2,96,,25227,1208,0,5,2,100,,25228,1208,0,5,2,100,,25230,1208,0,5,2,100,,25219,1208,0,5,2,100,,7688,1208,0,5,2,104,,25221,1208,0,5,2,104,,25234,1208,,,2,68,,25237,1208,,,2,30,,25241,1208,,,2,70,,25240,1208,,,2,25,,25236,1208,,,2,75,,25242,1208,,,2,25,,25232,1208,,,2,74,,25222,1208,0,5,2,30,,25229,1208,0,5,2,100,,25225,1208,0,5,2,100,,25226,1208,0,5,2,100,,25218,1208,0,5,2,100,,25223,1208,0,5,2,101,,25224,1208,0,5,2
13200,'DI',829,,30858,1208,0,6 7,2,100,,30863,1208,0,6 7,2,100,,30859,1208,0,6 7,2,100,,30861,1208,0,6 7,2,100,,30864,1208,0,6 7,2,100,,30867,1208,0,6 7,2,100,,30865,1208,0,6 7,2,105,,30869,1208,0,6 7,2,95,,30868,1208,0,6 7,2,100,,30866,1208,0,6 7,2,101,,30870,1208,0,6 7,2,99,,30871,1208,0,6 7,2,100,,30862,1208,0,6 7,2,100,,30857,1208,0,6 7,2,100,,30872,1208,0,6 7,2,100,,30874,1208,0,6 7,2,100,,30860,1208,0,6 7,2,100,,30873,1208,0,6 7,2
13200,'F1',729,,30889,1208,0,6 7,2,100,,30878,1208,0,6 7,2,100,,30890,1208,0,6 7,2,103,,30875,1208,0,6 7,2,97,,30879,1208,0,6 7,2,104,,30891,1208,0,6 7,2,96,,30888,1208,0,6 7,2,104,,30892,1208,0,6 7,2,96,,30880,1208,0,6 7,2,100,,30876,1208,0,6 7,2,100,,30877,1208,0,6 7,2,101,,30881,1208,0,6 7,2,99,,30882,1208,0,6 7,2,100,,16308,1208,0,6 7,2,100,,30886,1208,0,6 7,2,100,,30883,1208,0,6 7,2,100,,30885,1208,0,6 7,2,100,,30887,1208,0,6 7,2,100,,30884,1208,0,6 7,2
13200,'F2',729,,30911,1208,0,6 7,2,100,,30898,1208,0,6 7,2,100,,30893,1208,0,6 7,2,103,,30894,1208,0,6 7,2,97,,30899,1208,0,6 7,2,104,,30895,1208,0,6 7,2,96,,30910,1208,0,6 7,2,104,,30900,1208,0,6 7,2,96,,30902,1208,0,6 7,2,100,,30896,1208,0,6 7,2,100,,30901,1208,0,6 7,2,101,,30903,1208,0,6 7,2,99,,30905,1208,0,6 7,2,100,,30904,1208,0,6 7,2,100,,30907,1208,0,6 7,2,100,,30906,1208,0,6 7,2,100,,30909,1208,0,6 7,2,100,,30908,1208,0,6 7,2,100,,30897,1208,0,6 7,2
13200,'SA',729,,30930,1208,0,6 7,2,100,,30917,1208,0,6 7,2,100,,30912,1208,0,6 7,2,103,,30913,1208,0,6 7,2,97,,30918,1208,0,6 7,2,104,,30914,1208,0,6 7,2,96,,30929,1208,0,6 7,2,104,,30919,1208,0,6 7,2,96,,30921,1208,0,6 7,2,100,,30915,1208,0,6 7,2,100,,30920,1208,0,6 7,2,101,,30922,1208,0,6 7,2,99,,30924,1208,0,6 7,2,100,,30923,1208,0,6 7,2,100,,30926,1208,0,6 7,2,100,,30925,1208,0,6 7,2,100,,30928,1208,0,6 7,2,100,,30927,1208,0,6 7,2,100,,30916,1208,0,6 7,2
13200,'SE',640,,30940,1208,0,6 7,2,61,,30943,1208,0,6 7,2,11,,30932,1208,0,6 7,2,9,,30942,1208,0,6 7,2,4,,30936,1208,0,6 7,2,22,,30937,1208,0,6 7,2,58,,30941,1208,0,6 7,2,20,,30944,1208,0,6 7,2,79,,16412,1208,0,6 7,2,97,,30954,1208,0,6 7,2,99,,16418,1208,0,6 7,2,56,,30953,1208,0,6 7,2,100,,30945,1208,0,6 7,2,148,,30946,1208,0,6 7,2,53,,30938,1208,0,6 7,2,64,,30947,1208,0,6 7,2,20,,30950,1208,0,6 7,2,60,,30934,1208,0,6 7,2,21,,30939,1208,0,6 7,2,20,,30933,1208,0,6 7,2,60,,30948,1208,0,6 7,2,20,,30931,1208,0,6 7,2,21,,30935,1208,0,6 7,2,59,,30952,1208,0,6 7,2,21,,30949,1208,0,6 7,2,19,,30951,1208,0,6 7,2
69301,'SE',831,,32496,186,,,2,1,,32495,186,,,2
