4201,'DI',547,,25850,4287,,,1,100,,25851,4287,,,1,100,,25852,4287,,,1,100,,25853,4287,,,1,100,,25854,4287,,,1,100,,25855,4287,,,1,100,,25856,4287,,,1,100,,25857,4287,,,1,100,,25858,4287,,,1,100,,25859,4287,,,1,100,,25860,4287,,,1,100,,25861,4287,,,1,100,,25862,4287,,,1,100,,25863,4287,,,1,100,,25864,4287,,,1,100,,25865,4287,,,1,100,,25866,4287,,,1,100,,25867,4287,,,1,100,,25868,4287,,,1,100,,25869,4287,,,1
4201,'F1',547,,25870,4287,,,1,100,,25871,4287,,,1,100,,25872,4287,,,1,100,,25873,4287,,,1,100,,25874,4287,,,1,100,,25875,4287,,,1,100,,25876,4287,,,1,100,,25877,4287,,,1,100,,25878,4287,,,1,100,,25879,4287,,,1,100,,25880,4287,,,1,100,,25881,4287,,,1,100,,25882,4287,,,1,100,,25883,4287,,,1,100,,25884,4287,,,1,100,,25885,4287,,,1,100,,25886,4287,,,1,100,,25887,4287,,,1,100,,25888,4287,,,1,100,,25889,4287,,,1
4201,'F2',547,,25906,4287,,,1,100,,25907,4287,,,1,100,,25908,4287,,,1,100,,25909,4287,,,1,100,,25890,4287,,,1,100,,25891,4287,,,1,100,,25892,4287,,,1,100,,25893,4287,,,1,100,,25894,4287,,,1,100,,25895,4287,,,1,100,,25896,4287,,,1,100,,25897,4287,,,1,100,,25898,4287,,,1,100,,25899,4287,,,1,100,,25900,4287,,,1,100,,25901,4287,,,1,100,,25902,4287,,,1,100,,25903,4287,,,1,100,,25904,4287,,,1,100,,25905,4287,,,1
4201,'SA',547,,25926,4287,,,1,100,,25927,4287,,,1,100,,25928,4287,,,1,100,,25929,4287,,,1,100,,25910,4287,,,1,100,,25911,4287,,,1,100,,25912,4287,,,1,100,,25913,4287,,,1,100,,25914,4287,,,1,100,,25915,4287,,,1,100,,25916,4287,,,1,100,,25917,4287,,,1,100,,25918,4287,,,1,100,,25919,4287,,,1,100,,25920,4287,,,1,100,,25921,4287,,,1,100,,25922,4287,,,1,100,,25923,4287,,,1,100,,25924,4287,,,1,100,,25925,4287,,,1
4201,'SE',517,,25934,4287,,,1,20,,25960,4287,,,1,70,,25939,4287,,,1,21,,25957,4287,,,1,14,,25958,4287,,,1,14,,25935,4287,,,1,54,,25940,4287,,,1,14,,25959,4287,,,1,14,,25942,4287,,,1,14,,25938,4287,,,1,63,,25936,4287,,,1,34,,25943,4287,,,1,77,,25974,4287,,,1,30,,25975,4287,,,1,70,,25937,4287,,,1,30,,25965,4287,,,1,70,,25941,4287,,,1,30,,25970,4287,,,1,70,,25944,4287,,,1,30,,25971,4287,,,1,70,,25930,4287,,,1,30,,25947,4287,,,1,70,,25945,4287,,,1,30,,25961,4287,,,1,44,,25962,4287,,,1,2,,25933,4287,,,1,2,,25964,4287,,,1,22,,25973,4287,,,1,30,,25948,4287,,,1,70,,25968,4287,,,1,28,,25966,4287,,,1,64,,25972,4287,,,1,17,,25969,4287,,,1,67,,25967,4287,,,1,29,,25963,4287,,,1,26,,25946,4287,,,1,75,,25949,4287,,,1,70,,25953,4287,,,1,30,,25950,4287,,,1,70,,25954,4287,,,1,29,,25951,4287,,,1,70,,25955,4287,,,1,30,,25952,4287,,,1,70,,25956,4287,,,1,50,,25931,4287,,,1,100,,25932,4287,,,1
6001,'SE',552,,27422,5659,,,1,62,,27419,5659,,,1,21,,27413,5659,,,1,68,,27423,5659,,,1,28,,27415,5659,,,1,28,,27424,5659,,,1,66,,27432,5659,,,1,14,,27433,5659,,,1,72,,27425,5659,,,1,100,,27431,5659,,,1,100,,27420,5659,,,1,100,,27426,5659,,,1,101,,27421,5659,,,1,100,,27439,5659,,,1,101,,27434,5659,,,1,99,,27435,5659,,,1,30,,27430,5659,,,1,67,,27427,5659,,,1,24,,27428,5659,,,1,67,,27417,5659,,,1,29,,27436,5659,,,1,30,,27429,5659,,,1,88,,27437,5659,,,1,100,,27416,5659,,,1,100,,27438,5659,,,1,100,,27414,5659,,,1,95,,27418,5659,,,1
16001,'DI',608,,31137,12053,,,1,99,,31132,12053,,,1,100,,31138,12053,,,1,100,,31141,12053,,,1,100,,31144,12053,,,1,100,,31139,12053,,,1,100,,31145,12053,,,1,100,,31136,12053,,,1,100,,31146,12053,,,1,100,,31134,12053,,,1,100,,31131,12053,,,1,100,,31142,12053,,,1,100,,31140,12053,,,1,100,,31147,12053,,,1,100,,31143,12053,,,1,103,,31135,12053,,,1,97,,31133,12053,,,1
16001,'F1',609,,31153,12053,,,1,99,,31152,12053,,,1,99,,31157,12053,,,1,100,,31150,12053,,,1,99,,31149,12053,,,1,101,,31154,12053,,,1,100,,31158,12053,,,1,100,,16717,12053,,,1,100,,31155,12053,,,1,100,,31148,12053,,,1,100,,16718,12053,,,1,100,,31151,12053,,,1,100,,31156,12053,,,1,101,,16719,12053,,,1,99,,31159,12053,,,1,103,,16720,12053,,,1,97,,31160,12053,,,1
16001,'F2',609,,31169,12053,,,1,99,,31167,12053,,,1,99,,31165,12053,,,1,100,,31170,12053,,,1,99,,31164,12053,,,1,101,,31161,12053,,,1,100,,31168,12053,,,1,100,,31174,12053,,,1,100,,31162,12053,,,1,100,,31166,12053,,,1,100,,31175,12053,,,1,100,,31171,12053,,,1,100,,31163,12053,,,1,101,,31176,12053,,,1,99,,31172,12053,,,1,103,,31177,12053,,,1,97,,31173,12053,,,1
16001,'SA',609,,31186,12053,,,1,99,,31184,12053,,,1,99,,31182,12053,,,1,100,,16801,12053,,,1,99,,31181,12053,,,1,101,,31178,12053,,,1,100,,31185,12053,,,1,100,,31189,12053,,,1,100,,31179,12053,,,1,100,,31183,12053,,,1,100,,31190,12053,,,1,100,,16802,12053,,,1,100,,31180,12053,,,1,101,,31191,12053,,,1,99,,31187,12053,,,1,103,,31192,12053,,,1,97,,31188,12053,,,1
16001,'SE',621,,31196,12053,,,1,28,,31197,12053,,,1,68,,31201,12053,,,1,28,,31203,12053,,,1,63,,31213,12053,,,1,23,,31215,12053,,,1,28,,31200,12053,,,1,83,,31214,12053,,,1,98,,31211,12053,,,1,93,,31199,12053,,,1,100,,31202,12053,,,1,100,,31204,12053,,,1,100,,31198,12053,,,1,99,,31216,12053,,,1,92,,31194,12053,,,1,97,,31205,12053,,,1,30,,31193,12053,,,1,67,,31206,12053,,,1,25,,31217,12053,,,1,66,,31195,12053,,,1,99,,31207,12053,,,1,100,,31210,12053,,,1,101,,31208,12053,,,1,100,,31212,12053,,,1,50,,31209,12053,,,1
53900,'SE',1631,,32368,4731,,,2
53901,'SE',906,,32369,5232,,,2
54200,'SE',1629,,32372,3243,,,2
