801,'DI',553,,21918,14151,,,1,70,,2745,14151,,,1,30,,2752,14151,,,1,70,,21925,14151,,,1,30,,21919,14151,,,1,72,,2746,14151,,,1,30,,2753,14151,,,1,70,,21926,14151,,,1,29,,21920,14151,,,1,70,,2747,14151,,,1,30,,2754,14151,,,1,69,,21927,14151,,,1,30,,21921,14151,,,1,70,,2748,14151,,,1,30,,2755,14151,,,1,70,,21928,14151,,,1,31,,2741,14151,,,1,70,,2749,14151,,,1,31,,2756,14151,,,1,70,,21929,14151,,,1,29,,21923,14151,,,1,70,,2750,14151,,,1,30,,21932,14151,,,1,70,,21930,14151,,,1,19,,21922,14151,,,1,13,,21924,14151,,,1,70,,2751,14151,,,1,28,,21933,14151,,,1,70,,21931,14151,,,1,85,,2742,14151,,,1,100,,21934,14151,,,1,100,,2743,14151,,,1,99,,21935,14151,,,1,100,,2744,14151,,,1,99,,21936,14151,,,1
801,'F1',553,,21941,14151,,,1,70,,21946,14151,,,1,30,,21956,14151,,,1,70,,21959,14151,,,1,30,,21942,14151,,,1,72,,21947,14151,,,1,30,,21957,14151,,,1,70,,21960,14151,,,1,27,,21943,14151,,,1,69,,21948,14151,,,1,30,,21958,14151,,,1,70,,21961,14151,,,1,31,,21944,14151,,,1,70,,21937,14151,,,1,31,,21966,14151,,,1,70,,21962,14151,,,1,31,,21945,14151,,,1,70,,21938,14151,,,1,30,,21967,14151,,,1,70,,21963,14151,,,1,30,,21970,14151,,,1,70,,21939,14151,,,1,30,,21968,14151,,,1,70,,21964,14151,,,1,25,,21949,14151,,,1,10,,21971,14151,,,1,60,,21940,14151,,,1,30,,21969,14151,,,1,70,,21965,14151,,,1,90,,21950,14151,,,1,100,,21953,14151,,,1,100,,21951,14151,,,1,97,,21954,14151,,,1,100,,21952,14151,,,1,100,,21955,14151,,,1
801,'F2',553,,21976,14151,,,1,70,,21988,14151,,,1,30,,21991,14151,,,1,70,,21994,14151,,,1,30,,21977,14151,,,1,72,,21989,14151,,,1,30,,21992,14151,,,1,70,,21995,14151,,,1,27,,21978,14151,,,1,69,,21990,14151,,,1,30,,21993,14151,,,1,70,,21996,14151,,,1,31,,21979,14151,,,1,70,,21984,14151,,,1,31,,22001,14151,,,1,70,,21997,14151,,,1,31,,21980,14151,,,1,70,,21985,14151,,,1,30,,22002,14151,,,1,70,,21998,14151,,,1,30,,22005,14151,,,1,70,,21986,14151,,,1,30,,22003,14151,,,1,70,,21999,14151,,,1,25,,21972,14151,,,1,10,,22006,14151,,,1,60,,21987,14151,,,1,30,,22004,14151,,,1,70,,22000,14151,,,1,90,,21973,14151,,,1,100,,21981,14151,,,1,100,,21974,14151,,,1,97,,21982,14151,,,1,100,,21975,14151,,,1,100,,21983,14151,,,1
801,'SA',553,,22011,14151,,,1,70,,22023,14151,,,1,30,,22026,14151,,,1,70,,22029,14151,,,1,30,,22012,14151,,,1,72,,22024,14151,,,1,30,,22027,14151,,,1,70,,22030,14151,,,1,27,,22013,14151,,,1,69,,22025,14151,,,1,30,,22028,14151,,,1,70,,22031,14151,,,1,31,,22014,14151,,,1,70,,22019,14151,,,1,31,,22036,14151,,,1,70,,22032,14151,,,1,31,,22015,14151,,,1,70,,22020,14151,,,1,30,,22037,14151,,,1,70,,22033,14151,,,1,30,,2977,14151,,,1,70,,22021,14151,,,1,30,,22038,14151,,,1,70,,22034,14151,,,1,25,,22007,14151,,,1,10,,2978,14151,,,1,60,,22022,14151,,,1,30,,22039,14151,,,1,70,,22035,14151,,,1,90,,22008,14151,,,1,100,,22016,14151,,,1,100,,22009,14151,,,1,97,,22017,14151,,,1,100,,22010,14151,,,1,100,,22018,14151,,,1
801,'SE',519,,22066,14151,,,1,33,,22040,14151,,,1,67,,22074,14151,,,1,21,,22076,14151,,,1,5,,22073,14151,,,1,55,,22108,14151,,,1,5,,22083,14151,,,1,11,,22086,14151,,,1,4,,22088,14151,,,1,5,,22045,14151,,,1,3,,22101,14151,,,1,5,,22049,14151,,,1,4,,22109,14151,,,1,3,,22107,14151,,,1,3,,22110,14151,,,1,4,,22056,14151,,,1,9,,22041,14151,,,1,46,,22113,14151,,,1,5,,22068,14151,,,1,7,,22058,14151,,,1,12,,22075,14151,,,1,18,,22077,14151,,,1,58,,22067,14151,,,1,13,,22044,14151,,,1,15,,22046,14151,,,1,15,,22050,14151,,,1,55,,22042,14151,,,1,17,,22059,14151,,,1,15,,22055,14151,,,1,14,,22078,14151,,,1,55,,22052,14151,,,1,16,,22103,14151,,,1,15,,22047,14151,,,1,15,,22051,14151,,,1,55,,22043,14151,,,1,15,,22057,14151,,,1,15,,22060,14151,,,1,16,,22087,14151,,,1,55,,22079,14151,,,1,15,,22089,14151,,,1,15,,22062,14151,,,1,15,,22106,14151,,,1,55,,22112,14151,,,1,15,,22104,14151,,,1,15,,22094,14151,,,1,18,,22092,14151,,,1,55,,22069,14151,,,1,13,,22111,14151,,,1,22,,22053,14151,,,1,11,,22090,14151,,,1,50,,22048,14151,,,1,14,,22105,14151,,,1,16,,22093,14151,,,1,17,,22102,14151,,,1,55,,22061,14151,,,1,13,,22097,14151,,,1,16,,22096,14151,,,1,15,,22080,14151,,,1,55,,22054,14151,,,1,13,,22091,14151,,,1,21,,22095,14151,,,1,21,,22072,14151,,,1,67,,22098,14151,,,1,28,,22084,14151,,,1,71,,22070,14151,,,1,28,,22099,14151,,,1,73,,22081,14151,,,1,27,,22085,14151,,,1,52,,22063,14151,,,1,20,,22071,14151,,,1,29,,22100,14151,,,1,60,,22082,14151,,,1,92,,22064,14151,,,1,100,,22065,14151,,,1
2801,'DI',941,,24777,7828,,,1,100,,24782,7828,,,1,100,,24780,7828,,,1,101,,24778,7828,,,1,100,,24779,7828,,,1,100,,24783,7828,,,1,98,,24786,7828,,,1,99,,24785,7828,,,1,96,,24784,7828,,,1,105,,24781,7828,,,1
2801,'F1',941,,24793,7828,,,1,100,,24791,7828,,,1,100,,24787,7828,,,1,101,,24794,7828,,,1,100,,24792,7828,,,1,100,,24796,7828,,,1,98,,24788,7828,,,1,96,,24790,7828,,,1,99,,24795,7828,,,1,105,,24789,7828,,,1
2801,'F2',941,,24804,7828,,,1,100,,24799,7828,,,1,100,,24797,7828,,,1,101,,24801,7828,,,1,100,,24800,7828,,,1,100,,24802,7828,,,1,98,,24798,7828,,,1,96,,24806,7828,,,1,99,,24805,7828,,,1,105,,24803,7828,,,1
2801,'SA',941,,24813,7828,,,1,100,,24809,7828,,,1,100,,24807,7828,,,1,101,,24810,7828,,,1,100,,7052,7828,,,1,100,,24811,7828,,,1,98,,24808,7828,,,1,96,,24815,7828,,,1,99,,24814,7828,,,1,105,,24812,7828,,,1
2801,'SE',651,,24831,7828,,,1,63,,24849,9537,,,1,18,,24838,7828,,,1,21,,24847,9537,,,1,67,,24850,9537,,,1,21,,24829,7828,,,1,60,,24848,9537,,,1,24,,24820,7828,,,1,29,,24832,7828,,,1,70,,24816,7828,,,1,30,,24830,7828,,,1,70,,24833,7828,,,1,30,,24817,7828,,,1,70,,24839,7828,,,1,30,,24834,7828,,,1,70,,24818,7828,,,1,30,,24840,7828,,,1,71,,24835,7828,,,1,30,,24819,7828,,,1,61,,24841,7828,,,1,12,,24821,7828,,,1,17,,24823,7828,,,1,10,,24851,9537,,,1,57,,24845,7828,,,1,13,,24843,7828,,,1,15,,24826,7828,,,1,18,,24853,9537,,,1,53,,24822,7828,,,1,16,,24824,7828,,,1,13,,24852,9537,,,1,18,,24844,7828,,,1,54,,24836,7828,,,1,21,,24842,7828,,,1,21,,24846,7828,,,1,63,,24828,7828,,,1,100,,24825,7828,,,1,100,,24837,7828,,,1,100,,24827,7828,,,1
7701,'DI',821,,29172,14587,0,36 37,1,100,,29175,14587,0,36 37,1,100,,29173,14587,0,36 37,1,100,,29176,14587,0,36 37,1,100,,29174,14587,0,36 37,1,100,,29171,14587,0,36 37,1,100,,29177,14587,0,36 37,1,100,,29180,14587,0,36 37,1,100,,29170,14587,0,36 37,1,100,,29181,14587,0,36 37,1,100,,29182,14587,0,36 37,1,98,,29183,14587,0,36 37,1,99,,29178,14587,0,36 37,1,100,,29184,14587,0,36 37,1,100,,29179,14587,0,36 37,1
7701,'F1',821,,29188,14587,0,36 37,1,100,,29190,14587,0,36 37,1,100,,29189,14587,0,36 37,1,100,,29191,14587,0,36 37,1,100,,29185,14587,0,36 37,1,100,,29192,14587,0,36 37,1,100,,29193,14587,0,36 37,1,97,,29186,14587,0,36 37,1,103,,29194,14587,0,36 37,1,99,,29196,14587,0,36 37,1,101,,29195,14587,0,36 37,1,98,,29197,14587,0,36 37,1,99,,29198,14587,0,36 37,1,100,,29187,14587,0,36 37,1,100,,29199,14587,0,36 37,1
7701,'F2',821,,29214,14587,0,36 37,1,100,,29205,14587,0,36 37,1,100,,29201,14587,0,36 37,1,100,,29206,14587,0,36 37,1,100,,29202,14587,0,36 37,1,100,,29204,14587,0,36 37,1,100,,29207,14587,0,36 37,1,97,,29200,14587,0,36 37,1,103,,29208,14587,0,36 37,1,99,,29210,14587,0,36 37,1,101,,29209,14587,0,36 37,1,98,,29211,14587,0,36 37,1,99,,29212,14587,0,36 37,1,100,,29203,14587,0,36 37,1,100,,29213,14587,0,36 37,1
7701,'SA',821,,29228,14587,0,36 37,1,100,,29219,14587,0,36 37,1,100,,29216,14587,0,36 37,1,100,,29220,14587,0,36 37,1,100,,13757,14587,0,36 37,1,100,,29218,14587,0,36 37,1,100,,29221,14587,0,36 37,1,97,,29215,14587,0,36 37,1,103,,29222,14587,0,36 37,1,99,,29224,14587,0,36 37,1,101,,29223,14587,0,36 37,1,98,,29225,14587,0,36 37,1,99,,29226,14587,0,36 37,1,100,,29217,14587,0,36 37,1,100,,29227,14587,0,36 37,1
7701,'SE',701,,29235,14587,0,36 37,1,11,,29231,14587,0,36 37,1,7,,29238,14587,0,36 37,1,7,,29241,14587,0,36 37,1,13,,29232,14587,0,36 37,1,2,,29244,14587,0,36 37,1,8,,29237,14587,0,36 37,1,58,,29242,14587,0,36 37,1,35,,29246,14587,0,36 37,1,68,,29239,14587,0,36 37,1,27,,29245,14587,0,36 37,1,5,,29233,14587,0,36 37,1,70,,29243,14587,0,36 37,1,30,,29247,14587,0,36 37,1,70,,29240,14587,0,36 37,1,30,,29234,14587,0,36 37,1,70,,29249,14587,0,36 37,1,31,,29248,14587,0,36 37,1,70,,29251,14587,0,36 37,1,31,,29252,14587,0,36 37,1,73,,29250,14587,0,36 37,1,30,,29253,14587,0,36 37,1,70,,29257,14587,0,36 37,1,32,,29259,14587,0,36 37,1,60,,29261,14587,0,36 37,1,20,,29264,14587,0,36 37,1,20,,29254,14587,0,36 37,1,60,,29258,14587,0,36 37,1,16,,29236,14587,0,36 37,1,18,,29260,14587,0,36 37,1,62,,29262,14587,0,36 37,1,29,,13794,14587,0,36 37,1,24,,29255,14587,0,36 37,1,73,,29263,14587,0,36 37,1,71,,29256,14587,0,36 37,1,30,,29265,14587,0,36 37,1,71,,29266,14587,0,36 37,1,31,,29230,14587,0,36 37,1,22,,29229,14587,0,36 37,1
8801,'DI',640,,30188,13423,,,1,70,,30193,13423,,,1,30,,30199,13423,,,1,70,,30209,13423,,,1,30,,30189,13423,,,1,70,,30194,13423,,,1,30,,30200,13423,,,1,69,,30210,13423,,,1,29,,30190,13423,,,1,70,,30195,13423,,,1,30,,30201,13423,,,1,70,,30211,13423,,,1,30,,30191,13423,,,1,70,,30196,13423,,,1,30,,30202,13423,,,1,71,,30212,13423,,,1,30,,30192,13423,,,1,71,,30197,13423,,,1,30,,30203,13423,,,1,69,,15257,13423,,,1,30,,30204,13423,,,1,70,,30198,13423,,,1,30,,30213,13423,,,1,72,,15258,13423,,,1,22,,30205,13423,,,1,106,,30214,13423,,,1,100,,30206,13423,,,1,100,,30215,13423,,,1,99,,30207,13423,,,1,100,,30216,13423,,,1,99,,30208,13423,,,1
8801,'F1',638,,30222,13423,,,1,70,,30221,13423,,,1,30,,30236,13423,,,1,69,,30227,13423,,,1,30,,30223,13423,,,1,70,,15317,13423,,,1,32,,30237,13423,,,1,67,,30228,13423,,,1,30,,30224,13423,,,1,69,,15318,13423,,,1,30,,30238,13423,,,1,71,,30229,13423,,,1,30,,15301,13423,,,1,71,,30233,13423,,,1,28,,30239,13423,,,1,71,,30230,13423,,,1,30,,15302,13423,,,1,70,,30234,13423,,,1,30,,30240,13423,,,1,70,,30219,13423,,,1,30,,15303,13423,,,1,71,,30235,13423,,,1,28,,30241,13423,,,1,72,,30220,13423,,,1,21,,30242,13423,,,1,109,,30231,13423,,,1,100,,30225,13423,,,1,100,,30232,13423,,,1,100,,30226,13423,,,1,96,,30218,13423,,,1,100,,30217,13423,,,1
8801,'F2',638,,30246,13423,,,1,70,,30245,13423,,,1,30,,30267,13423,,,1,69,,30258,13423,,,1,30,,30247,13423,,,1,70,,30271,13423,,,1,32,,30268,13423,,,1,67,,30259,13423,,,1,30,,30251,13423,,,1,69,,30272,13423,,,1,30,,30269,13423,,,1,71,,30260,13423,,,1,30,,30252,13423,,,1,71,,30264,13423,,,1,28,,30248,13423,,,1,71,,30261,13423,,,1,30,,30253,13423,,,1,70,,30265,13423,,,1,30,,30249,13423,,,1,70,,30243,13423,,,1,30,,30254,13423,,,1,71,,30266,13423,,,1,28,,30250,13423,,,1,72,,30244,13423,,,1,21,,30273,13423,,,1,109,,30262,13423,,,1,100,,30255,13423,,,1,100,,30263,13423,,,1,100,,30256,13423,,,1,96,,30270,13423,,,1,100,,30257,13423,,,1
8801,'SA',638,,30277,13423,,,1,70,,30276,13423,,,1,30,,30298,13423,,,1,69,,30289,13423,,,1,30,,30278,13423,,,1,70,,30301,13423,,,1,32,,30299,13423,,,1,67,,30290,13423,,,1,30,,30282,13423,,,1,69,,30302,13423,,,1,30,,30300,13423,,,1,71,,30291,13423,,,1,30,,30283,13423,,,1,71,,30295,13423,,,1,28,,30279,13423,,,1,71,,30292,13423,,,1,30,,30284,13423,,,1,70,,30296,13423,,,1,30,,30280,13423,,,1,70,,30274,13423,,,1,30,,30285,13423,,,1,71,,30297,13423,,,1,28,,30281,13423,,,1,72,,30275,13423,,,1,21,,30303,13423,,,1,109,,30293,13423,,,1,100,,30286,13423,,,1,100,,30294,13423,,,1,100,,30287,13423,,,1,96,,15458,13423,,,1,100,,30288,13423,,,1
8801,'SE',635,,30304,13423,,,1,20,,30316,13423,,,1,55,,30306,13423,,,1,12,,15479,13423,,,1,7,,30308,13423,,,1,21,,30318,13423,,,1,9,,30313,13423,,,1,52,,30320,13423,,,1,11,,30310,13423,,,1,10,,30315,13423,,,1,19,,30345,13423,,,1,58,,30346,13423,,,1,30,,30347,13423,,,1,70,,30319,13423,,,1,30,,30334,13423,,,1,70,,30317,13423,,,1,30,,30314,13423,,,1,70,,30332,13423,,,1,30,,30335,13423,,,1,70,,30309,13423,,,1,30,,30307,13423,,,1,70,,30336,13423,,,1,33,,30311,13423,,,1,69,,30333,13423,,,1,9,,15486,13423,,,1,2,,15491,13423,,,1,2,,30326,13423,,,1,7,,30305,13423,,,1,20,,30327,13423,,,1,58,,30339,13423,,,1,12,,30337,13423,,,1,15,,30340,13423,,,1,19,,30342,13423,,,1,53,,30312,13423,,,1,15,,30321,13423,,,1,14,,30348,13423,,,1,16,,30325,13423,,,1,53,,30328,13423,,,1,17,,30329,13423,,,1,17,,30322,13423,,,1,67,,30343,13423,,,1,32,,30341,13423,,,1,70,,15492,13423,,,1,28,,30323,13423,,,1,70,,30344,13423,,,1,30,,30338,13423,,,1,101,,30324,13423,,,1,98,,30331,13423,,,1,100,,30330,13423,,,1
56501,'SE',841,,32388,5354,,,2
60801,'SE',1517,,32407,9019,,,2,2,,32408,9019,,,2
