3200,'DI',612,,25140,6963,0,5,2,101,,25141,6963,0,5,2,99,,25142,6963,0,5,2,102,,25143,6963,0,5,2,100,,25146,6963,0,5,2,100,,25148,6963,0,5,2,101,,25144,6963,0,5,2,101,,25150,6963,0,5,2,98,,25149,6963,0,5,2,104,,25152,6963,0,5,2,96,,25151,6963,0,5,2,101,,25154,6963,0,5,2,100,,25153,6963,0,5,2,100,,25147,6963,0,5,2,100,,25138,6963,0,5,2,100,,25155,6963,0,5,2,100,,25157,6963,0,5,2,100,,25145,6963,0,5,2,100,,25156,6963,0,5,2,99,,25139,6963,0,5,2
3200,'F1',612,,25158,6963,0,5,2,101,,25159,6963,0,5,2,96,,25160,6963,0,5,2,103,,25161,6963,0,5,2,101,,25167,6963,0,5,2,101,,25175,6963,0,5,2,99,,25174,6963,0,5,2,104,,25177,6963,0,5,2,102,,25176,6963,0,5,2,97,,25162,6963,0,5,2,98,,25164,6963,0,5,2,101,,25168,6963,0,5,2,100,,25163,6963,0,5,2,100,,25165,6963,0,5,2,100,,25169,6963,0,5,2,100,,25170,6963,0,5,2,100,,25172,6963,0,5,2,100,,25173,6963,0,5,2,100,,25171,6963,0,5,2,99,,25166,6963,0,5,2
3200,'F2',612,,25179,6963,0,5,2,101,,25180,6963,0,5,2,96,,25181,6963,0,5,2,103,,25182,6963,0,5,2,101,,25188,6963,0,5,2,101,,25183,6963,0,5,2,99,,25197,6963,0,5,2,104,,25189,6963,0,5,2,102,,25184,6963,0,5,2,97,,25185,6963,0,5,2,98,,25190,6963,0,5,2,101,,25191,6963,0,5,2,100,,25186,6963,0,5,2,100,,25193,6963,0,5,2,100,,25192,6963,0,5,2,100,,25194,6963,0,5,2,100,,25196,6963,0,5,2,100,,25195,6963,0,5,2,100,,25187,6963,0,5,2,99,,25178,6963,0,5,2
3200,'SA',612,,25199,6963,0,5,2,101,,25200,6963,0,5,2,96,,25201,6963,0,5,2,103,,25202,6963,0,5,2,101,,25208,6963,0,5,2,101,,25203,6963,0,5,2,99,,25217,6963,0,5,2,104,,25209,6963,0,5,2,102,,25204,6963,0,5,2,97,,25205,6963,0,5,2,98,,25210,6963,0,5,2,101,,25211,6963,0,5,2,100,,25206,6963,0,5,2,100,,25213,6963,0,5,2,100,,25212,6963,0,5,2,100,,25214,6963,0,5,2,100,,25216,6963,0,5,2,100,,25215,6963,0,5,2,100,,25207,6963,0,5,2,99,,25198,6963,0,5,2
3200,'SE',625,,25239,6963,,,2,32,,25235,6963,,,2,63,,25233,6963,,,2,32,,25238,6963,,,2,76,,25231,6963,,,2,19,,25220,6963,0,5,2,96,,25227,6963,0,5,2,100,,25228,6963,0,5,2,100,,25230,6963,0,5,2,100,,25219,6963,0,5,2,100,,7688,6963,0,5,2,104,,25221,6963,0,5,2,107,,25234,6963,,,2,68,,25237,6963,,,2,30,,25241,6963,,,2,70,,25240,6963,,,2,25,,25236,6963,,,2,74,,25242,6963,,,2,25,,25232,6963,,,2,73,,25222,6963,0,5,2,30,,25229,6963,0,5,2,100,,25225,6963,0,5,2,99,,25226,6963,0,5,2,100,,25218,6963,0,5,2,98,,25223,6963,0,5,2,101,,25224,6963,0,5,2
13200,'DI',842,,30858,5640,0,6 7,2,100,,30863,5640,0,6 7,2,100,,30859,5640,0,6 7,2,100,,30861,5640,0,6 7,2,100,,30864,5640,0,6 7,2,100,,30867,5640,0,6 7,2,100,,30865,5640,0,6 7,2,105,,30869,5640,0,6 7,2,95,,30868,5640,0,6 7,2,100,,30866,5640,0,6 7,2,102,,30870,5640,0,6 7,2,98,,30871,5640,0,6 7,2,100,,30862,5640,0,6 7,2,100,,30857,5640,0,6 7,2,100,,30872,5640,0,6 7,2,100,,30874,5640,0,6 7,2,100,,30860,5640,0,6 7,2,100,,30873,5640,0,6 7,2
13200,'F1',742,,30889,5640,0,6 7,2,100,,30878,5640,0,6 7,2,100,,30890,5640,0,6 7,2,103,,30875,5640,0,6 7,2,97,,30879,5640,0,6 7,2,104,,30891,5640,0,6 7,2,96,,30888,5640,0,6 7,2,104,,30892,5640,0,6 7,2,96,,30880,5640,0,6 7,2,100,,30876,5640,0,6 7,2,100,,30877,5640,0,6 7,2,102,,30881,5640,0,6 7,2,98,,30882,5640,0,6 7,2,100,,16308,5640,0,6 7,2,100,,30886,5640,0,6 7,2,100,,30883,5640,0,6 7,2,100,,30885,5640,0,6 7,2,100,,30887,5640,0,6 7,2,100,,30884,5640,0,6 7,2
13200,'F2',742,,30911,5640,0,6 7,2,100,,30898,5640,0,6 7,2,100,,30893,5640,0,6 7,2,103,,30894,5640,0,6 7,2,97,,30899,5640,0,6 7,2,104,,30895,5640,0,6 7,2,96,,30910,5640,0,6 7,2,104,,30900,5640,0,6 7,2,96,,30902,5640,0,6 7,2,100,,30896,5640,0,6 7,2,100,,30901,5640,0,6 7,2,102,,30903,5640,0,6 7,2,98,,30905,5640,0,6 7,2,100,,30904,5640,0,6 7,2,100,,30907,5640,0,6 7,2,100,,30906,5640,0,6 7,2,100,,30909,5640,0,6 7,2,100,,30908,5640,0,6 7,2,100,,30897,5640,0,6 7,2
13200,'SA',742,,30930,5640,0,6 7,2,100,,30917,5640,0,6 7,2,100,,30912,5640,0,6 7,2,103,,30913,5640,0,6 7,2,97,,30918,5640,0,6 7,2,104,,30914,5640,0,6 7,2,96,,30929,5640,0,6 7,2,104,,30919,5640,0,6 7,2,96,,30921,5640,0,6 7,2,100,,30915,5640,0,6 7,2,100,,30920,5640,0,6 7,2,102,,30922,5640,0,6 7,2,98,,30924,5640,0,6 7,2,100,,30923,5640,0,6 7,2,100,,30926,5640,0,6 7,2,100,,30925,5640,0,6 7,2,100,,30928,5640,0,6 7,2,100,,30927,5640,0,6 7,2,100,,30916,5640,0,6 7,2
13200,'SE',650,,30940,5640,0,6 7,2,61,,30943,5640,0,6 7,2,11,,30932,5640,0,6 7,2,9,,30942,5640,0,6 7,2,4,,30936,5640,0,6 7,2,22,,30937,5640,0,6 7,2,58,,30941,5640,0,6 7,2,20,,30944,5640,0,6 7,2,79,,16412,5640,0,6 7,2,97,,30954,5640,0,6 7,2,99,,16418,5640,0,6 7,2,96,,30953,5640,0,6 7,2,100,,30945,5640,0,6 7,2,108,,30946,5640,0,6 7,2,95,,30938,5640,0,6 7,2,24,,30947,5640,0,6 7,2,20,,30950,5640,0,6 7,2,60,,30934,5640,0,6 7,2,22,,30939,5640,0,6 7,2,20,,30933,5640,0,6 7,2,60,,30948,5640,0,6 7,2,20,,30931,5640,0,6 7,2,21,,30935,5640,0,6 7,2,59,,30952,5640,0,6 7,2,19,,30949,5640,0,6 7,2,19,,30951,5640,0,6 7,2
52100,'SE',1636,,32346,6706,,,2
54001,'SE',906,,32371,1117,,,2
