3200,'DI',614,,25140,7927,0,5,2,101,,25141,7927,0,5,2,99,,25142,7927,0,5,2,102,,25143,7927,0,5,2,100,,25146,7927,0,5,2,100,,25148,7927,0,5,2,101,,25144,7927,0,5,2,101,,25150,7927,0,5,2,98,,25149,7927,0,5,2,104,,25152,7927,0,5,2,96,,25151,7927,0,5,2,101,,25154,7927,0,5,2,100,,25153,7927,0,5,2,100,,25147,7927,0,5,2,100,,25138,7927,0,5,2,100,,25155,7927,0,5,2,100,,25157,7927,0,5,2,100,,25145,7927,0,5,2,100,,25156,7927,0,5,2,99,,25139,7927,0,5,2
3200,'F1',614,,25158,7927,0,5,2,101,,25159,7927,0,5,2,96,,25160,7927,0,5,2,103,,25161,7927,0,5,2,101,,25167,7927,0,5,2,101,,25175,7927,0,5,2,99,,25174,7927,0,5,2,104,,25177,7927,0,5,2,102,,25176,7927,0,5,2,97,,25162,7927,0,5,2,98,,25164,7927,0,5,2,101,,25168,7927,0,5,2,100,,25163,7927,0,5,2,100,,25165,7927,0,5,2,100,,25169,7927,0,5,2,100,,25170,7927,0,5,2,100,,25172,7927,0,5,2,100,,25173,7927,0,5,2,100,,25171,7927,0,5,2,99,,25166,7927,0,5,2
3200,'F2',614,,25179,7927,0,5,2,101,,25180,7927,0,5,2,96,,25181,7927,0,5,2,103,,25182,7927,0,5,2,101,,25188,7927,0,5,2,101,,25183,7927,0,5,2,99,,25197,7927,0,5,2,104,,25189,7927,0,5,2,102,,25184,7927,0,5,2,97,,25185,7927,0,5,2,98,,25190,7927,0,5,2,101,,25191,7927,0,5,2,100,,25186,7927,0,5,2,100,,25193,7927,0,5,2,100,,25192,7927,0,5,2,100,,25194,7927,0,5,2,100,,25196,7927,0,5,2,100,,25195,7927,0,5,2,100,,25187,7927,0,5,2,99,,25178,7927,0,5,2
3200,'SA',614,,25199,7927,0,5,2,101,,25200,7927,0,5,2,96,,25201,7927,0,5,2,103,,25202,7927,0,5,2,101,,25208,7927,0,5,2,101,,25203,7927,0,5,2,99,,25217,7927,0,5,2,104,,25209,7927,0,5,2,102,,25204,7927,0,5,2,97,,25205,7927,0,5,2,98,,25210,7927,0,5,2,101,,25211,7927,0,5,2,100,,25206,7927,0,5,2,100,,25213,7927,0,5,2,100,,25212,7927,0,5,2,100,,25214,7927,0,5,2,100,,25216,7927,0,5,2,100,,25215,7927,0,5,2,100,,25207,7927,0,5,2,99,,25198,7927,0,5,2
3200,'SE',627,,25239,7927,,,2,32,,25235,7927,,,2,63,,25233,7927,,,2,32,,25238,7927,,,2,76,,25231,7927,,,2,19,,25220,7927,0,5,2,96,,25227,7927,0,5,2,100,,25228,7927,0,5,2,100,,25230,7927,0,5,2,100,,25219,7927,0,5,2,100,,7688,7927,0,5,2,104,,25221,7927,0,5,2,107,,25234,7927,,,2,68,,25237,7927,,,2,30,,25241,7927,,,2,70,,25240,7927,,,2,25,,25236,7927,,,2,74,,25242,7927,,,2,25,,25232,7927,,,2,73,,25222,7927,0,5,2,30,,25229,7927,0,5,2,100,,25225,7927,0,5,2,99,,25226,7927,0,5,2,100,,25218,7927,0,5,2,98,,25223,7927,0,5,2,101,,25224,7927,0,5,2
13200,'DI',844,,30858,6604,0,6 7,2,100,,30863,6604,0,6 7,2,100,,30859,6604,0,6 7,2,100,,30861,6604,0,6 7,2,100,,30864,6604,0,6 7,2,100,,30867,6604,0,6 7,2,100,,30865,6604,0,6 7,2,105,,30869,6604,0,6 7,2,95,,30868,6604,0,6 7,2,100,,30866,6604,0,6 7,2,102,,30870,6604,0,6 7,2,98,,30871,6604,0,6 7,2,100,,30862,6604,0,6 7,2,100,,30857,6604,0,6 7,2,100,,30872,6604,0,6 7,2,100,,30874,6604,0,6 7,2,100,,30860,6604,0,6 7,2,100,,30873,6604,0,6 7,2
13200,'F1',744,,30889,6604,0,6 7,2,100,,30878,6604,0,6 7,2,100,,30890,6604,0,6 7,2,103,,30875,6604,0,6 7,2,97,,30879,6604,0,6 7,2,104,,30891,6604,0,6 7,2,96,,30888,6604,0,6 7,2,104,,30892,6604,0,6 7,2,96,,30880,6604,0,6 7,2,100,,30876,6604,0,6 7,2,100,,30877,6604,0,6 7,2,102,,30881,6604,0,6 7,2,98,,30882,6604,0,6 7,2,100,,16308,6604,0,6 7,2,100,,30886,6604,0,6 7,2,100,,30883,6604,0,6 7,2,100,,30885,6604,0,6 7,2,100,,30887,6604,0,6 7,2,100,,30884,6604,0,6 7,2
13200,'F2',744,,30911,6604,0,6 7,2,100,,30898,6604,0,6 7,2,100,,30893,6604,0,6 7,2,103,,30894,6604,0,6 7,2,97,,30899,6604,0,6 7,2,104,,30895,6604,0,6 7,2,96,,30910,6604,0,6 7,2,104,,30900,6604,0,6 7,2,96,,30902,6604,0,6 7,2,100,,30896,6604,0,6 7,2,100,,30901,6604,0,6 7,2,102,,30903,6604,0,6 7,2,98,,30905,6604,0,6 7,2,100,,30904,6604,0,6 7,2,100,,30907,6604,0,6 7,2,100,,30906,6604,0,6 7,2,100,,30909,6604,0,6 7,2,100,,30908,6604,0,6 7,2,100,,30897,6604,0,6 7,2
13200,'SA',744,,30930,6604,0,6 7,2,100,,30917,6604,0,6 7,2,100,,30912,6604,0,6 7,2,103,,30913,6604,0,6 7,2,97,,30918,6604,0,6 7,2,104,,30914,6604,0,6 7,2,96,,30929,6604,0,6 7,2,104,,30919,6604,0,6 7,2,96,,30921,6604,0,6 7,2,100,,30915,6604,0,6 7,2,100,,30920,6604,0,6 7,2,102,,30922,6604,0,6 7,2,98,,30924,6604,0,6 7,2,100,,30923,6604,0,6 7,2,100,,30926,6604,0,6 7,2,100,,30925,6604,0,6 7,2,100,,30928,6604,0,6 7,2,100,,30927,6604,0,6 7,2,100,,30916,6604,0,6 7,2
13200,'SE',652,,30940,6604,0,6 7,2,61,,30943,6604,0,6 7,2,11,,30932,6604,0,6 7,2,9,,30942,6604,0,6 7,2,4,,30936,6604,0,6 7,2,22,,30937,6604,0,6 7,2,58,,30941,6604,0,6 7,2,20,,30944,6604,0,6 7,2,79,,16412,6604,0,6 7,2,97,,30954,6604,0,6 7,2,99,,16418,6604,0,6 7,2,96,,30953,6604,0,6 7,2,100,,30945,6604,0,6 7,2,108,,30946,6604,0,6 7,2,95,,30938,6604,0,6 7,2,24,,30947,6604,0,6 7,2,20,,30950,6604,0,6 7,2,60,,30934,6604,0,6 7,2,22,,30939,6604,0,6 7,2,20,,30933,6604,0,6 7,2,60,,30948,6604,0,6 7,2,20,,30931,6604,0,6 7,2,21,,30935,6604,0,6 7,2,59,,30952,6604,0,6 7,2,19,,30949,6604,0,6 7,2,19,,30951,6604,0,6 7,2
54001,'SE',908,,32371,2081,,,2
