801,'DI',542,,21918,10269,,,1,70,,2745,10269,,,1,30,,2752,10269,,,1,70,,21925,10269,,,1,30,,21919,10269,,,1,71,,2746,10269,,,1,30,,2753,10269,,,1,70,,21926,10269,,,1,28,,21920,10269,,,1,70,,2747,10269,,,1,30,,2754,10269,,,1,68,,21927,10269,,,1,30,,21921,10269,,,1,70,,2748,10269,,,1,30,,2755,10269,,,1,70,,21928,10269,,,1,31,,2741,10269,,,1,70,,2749,10269,,,1,31,,2756,10269,,,1,70,,21929,10269,,,1,30,,21923,10269,,,1,70,,2750,10269,,,1,30,,21932,10269,,,1,70,,21930,10269,,,1,19,,21922,10269,,,1,15,,21924,10269,,,1,70,,2751,10269,,,1,28,,21933,10269,,,1,70,,21931,10269,,,1,45,,2742,10269,,,1,101,,21934,10269,,,1,100,,2743,10269,,,1,99,,21935,10269,,,1,100,,2744,10269,,,1,99,,21936,10269,,,1
801,'F1',542,,21941,10269,,,1,70,,21946,10269,,,1,30,,21956,10269,,,1,70,,21959,10269,,,1,30,,21942,10269,,,1,71,,21947,10269,,,1,30,,21957,10269,,,1,70,,21960,10269,,,1,27,,21943,10269,,,1,68,,21948,10269,,,1,30,,21958,10269,,,1,70,,21961,10269,,,1,31,,21944,10269,,,1,70,,21937,10269,,,1,31,,21966,10269,,,1,70,,21962,10269,,,1,31,,21945,10269,,,1,70,,21938,10269,,,1,30,,21967,10269,,,1,70,,21963,10269,,,1,30,,21970,10269,,,1,70,,21939,10269,,,1,30,,21968,10269,,,1,70,,21964,10269,,,1,25,,21949,10269,,,1,10,,21971,10269,,,1,61,,21940,10269,,,1,30,,21969,10269,,,1,70,,21965,10269,,,1,50,,21950,10269,,,1,100,,21953,10269,,,1,100,,21951,10269,,,1,99,,21954,10269,,,1,100,,21952,10269,,,1,101,,21955,10269,,,1
801,'F2',542,,21976,10269,,,1,70,,21988,10269,,,1,30,,21991,10269,,,1,70,,21994,10269,,,1,30,,21977,10269,,,1,71,,21989,10269,,,1,30,,21992,10269,,,1,70,,21995,10269,,,1,27,,21978,10269,,,1,68,,21990,10269,,,1,30,,21993,10269,,,1,70,,21996,10269,,,1,31,,21979,10269,,,1,70,,21984,10269,,,1,31,,22001,10269,,,1,70,,21997,10269,,,1,31,,21980,10269,,,1,70,,21985,10269,,,1,30,,22002,10269,,,1,70,,21998,10269,,,1,30,,22005,10269,,,1,70,,21986,10269,,,1,30,,22003,10269,,,1,70,,21999,10269,,,1,25,,21972,10269,,,1,10,,22006,10269,,,1,61,,21987,10269,,,1,30,,22004,10269,,,1,70,,22000,10269,,,1,50,,21973,10269,,,1,100,,21981,10269,,,1,100,,21974,10269,,,1,99,,21982,10269,,,1,100,,21975,10269,,,1,101,,21983,10269,,,1
801,'SA',542,,22011,10269,,,1,70,,22023,10269,,,1,30,,22026,10269,,,1,70,,22029,10269,,,1,30,,22012,10269,,,1,71,,22024,10269,,,1,30,,22027,10269,,,1,70,,22030,10269,,,1,27,,22013,10269,,,1,68,,22025,10269,,,1,30,,22028,10269,,,1,70,,22031,10269,,,1,31,,22014,10269,,,1,70,,22019,10269,,,1,31,,22036,10269,,,1,70,,22032,10269,,,1,31,,22015,10269,,,1,70,,22020,10269,,,1,30,,22037,10269,,,1,70,,22033,10269,,,1,30,,2977,10269,,,1,70,,22021,10269,,,1,30,,22038,10269,,,1,70,,22034,10269,,,1,25,,22007,10269,,,1,10,,2978,10269,,,1,61,,22022,10269,,,1,30,,22039,10269,,,1,70,,22035,10269,,,1,50,,22008,10269,,,1,100,,22016,10269,,,1,100,,22009,10269,,,1,99,,22017,10269,,,1,100,,22010,10269,,,1,101,,22018,10269,,,1
801,'SE',508,,22066,10269,,,1,33,,22040,10269,,,1,67,,22074,10269,,,1,21,,22076,10269,,,1,25,,22083,10269,,,1,51,,22086,10269,,,1,9,,22045,10269,,,1,8,,22049,10269,,,1,12,,22056,10269,,,1,9,,22041,10269,,,1,11,,22068,10269,,,1,60,,22075,10269,,,1,18,,22077,10269,,,1,18,,22067,10269,,,1,53,,22044,10269,,,1,15,,22046,10269,,,1,15,,22050,10269,,,1,15,,22042,10269,,,1,57,,22059,10269,,,1,15,,22055,10269,,,1,14,,22078,10269,,,1,15,,22052,10269,,,1,56,,22103,10269,,,1,15,,22047,10269,,,1,15,,22051,10269,,,1,15,,22043,10269,,,1,55,,22057,10269,,,1,15,,22060,10269,,,1,16,,22087,10269,,,1,15,,22079,10269,,,1,55,,22089,10269,,,1,15,,22062,10269,,,1,15,,22106,10269,,,1,15,,22112,10269,,,1,55,,22104,10269,,,1,15,,22094,10269,,,1,18,,22092,10269,,,1,15,,22069,10269,,,1,53,,22111,10269,,,1,20,,22053,10269,,,1,11,,22090,10269,,,1,10,,22048,10269,,,1,54,,22105,10269,,,1,16,,22093,10269,,,1,17,,22102,10269,,,1,15,,22061,10269,,,1,52,,22097,10269,,,1,16,,22096,10269,,,1,15,,22080,10269,,,1,15,,22054,10269,,,1,55,,22091,10269,,,1,21,,22095,10269,,,1,23,,22072,10269,,,1,67,,22098,10269,,,1,28,,22084,10269,,,1,71,,22070,10269,,,1,29,,22099,10269,,,1,73,,22081,10269,,,1,27,,22085,10269,,,1,12,,22063,10269,,,1,60,,22071,10269,,,1,29,,22100,10269,,,1,60,,22082,10269,,,1,52,,22064,10269,,,1,100,,22065,10269,,,1
2801,'DI',930,,24777,3945,,,1,100,,24782,3945,,,1,100,,24780,3945,,,1,101,,24778,3945,,,1,100,,24779,3945,,,1,100,,24783,3945,,,1,98,,24786,3945,,,1,99,,24785,3945,,,1,96,,24784,3945,,,1,105,,24781,3945,,,1
2801,'F1',930,,24793,3945,,,1,100,,24791,3945,,,1,100,,24787,3945,,,1,101,,24794,3945,,,1,100,,24792,3945,,,1,100,,24796,3945,,,1,98,,24788,3945,,,1,96,,24790,3945,,,1,99,,24795,3945,,,1,105,,24789,3945,,,1
2801,'F2',930,,24804,3945,,,1,100,,24799,3945,,,1,100,,24797,3945,,,1,101,,24801,3945,,,1,100,,24800,3945,,,1,100,,24802,3945,,,1,98,,24798,3945,,,1,96,,24806,3945,,,1,99,,24805,3945,,,1,105,,24803,3945,,,1
2801,'SA',930,,24813,3945,,,1,100,,24809,3945,,,1,100,,24807,3945,,,1,101,,24810,3945,,,1,100,,7052,3945,,,1,100,,24811,3945,,,1,98,,24808,3945,,,1,96,,24815,3945,,,1,99,,24814,3945,,,1,105,,24812,3945,,,1
2801,'SE',639,,24831,3945,,,1,63,,24849,5655,,,1,18,,24838,3945,,,1,21,,24847,5655,,,1,67,,24850,5655,,,1,21,,24829,3945,,,1,20,,24848,5655,,,1,64,,24820,3945,,,1,29,,24832,3945,,,1,70,,24816,3945,,,1,30,,24830,3945,,,1,70,,24833,3945,,,1,30,,24817,3945,,,1,70,,24839,3945,,,1,30,,24834,3945,,,1,70,,24818,3945,,,1,30,,24840,3945,,,1,71,,24835,3945,,,1,30,,24819,3945,,,1,61,,24841,3945,,,1,12,,24821,3945,,,1,17,,24823,3945,,,1,10,,24851,5655,,,1,57,,24845,3945,,,1,13,,24843,3945,,,1,15,,24826,3945,,,1,18,,24853,5655,,,1,13,,24822,3945,,,1,56,,24824,3945,,,1,13,,24852,5655,,,1,18,,24844,3945,,,1,54,,24836,3945,,,1,22,,24842,3945,,,1,21,,24846,3945,,,1,63,,24828,3945,,,1,100,,24825,3945,,,1,100,,24837,3945,,,1,100,,24827,3945,,,1
8801,'DI',629,,30188,9541,,,1,30,,30193,9541,,,1,70,,30199,9541,,,1,30,,30209,9541,,,1,69,,30189,9541,,,1,30,,30194,9541,,,1,70,,30200,9541,,,1,28,,30210,9541,,,1,69,,30190,9541,,,1,30,,30195,9541,,,1,69,,30201,9541,,,1,30,,30211,9541,,,1,70,,30191,9541,,,1,30,,30196,9541,,,1,70,,30202,9541,,,1,31,,30212,9541,,,1,70,,30192,9541,,,1,31,,30197,9541,,,1,71,,30203,9541,,,1,29,,15257,9541,,,1,70,,30204,9541,,,1,30,,30198,9541,,,1,70,,30213,9541,,,1,74,,15258,9541,,,1,22,,30205,9541,,,1,106,,30214,9541,,,1,101,,30206,9541,,,1,100,,30215,9541,,,1,100,,30207,9541,,,1,100,,30216,9541,,,1,99,,30208,9541,,,1
8801,'F1',627,,30222,9541,,,1,30,,30221,9541,,,1,70,,30236,9541,,,1,28,,30227,9541,,,1,70,,30223,9541,,,1,30,,15317,9541,,,1,71,,30237,9541,,,1,27,,30228,9541,,,1,70,,30224,9541,,,1,29,,15318,9541,,,1,70,,30238,9541,,,1,31,,30229,9541,,,1,70,,15301,9541,,,1,31,,30233,9541,,,1,68,,30239,9541,,,1,31,,30230,9541,,,1,70,,15302,9541,,,1,30,,30234,9541,,,1,70,,30240,9541,,,1,30,,30219,9541,,,1,70,,15303,9541,,,1,31,,30235,9541,,,1,68,,30241,9541,,,1,32,,30220,9541,,,1,62,,30242,9541,,,1,109,,30231,9541,,,1,100,,30225,9541,,,1,100,,30232,9541,,,1,100,,30226,9541,,,1,98,,30218,9541,,,1,100,,30217,9541,,,1
8801,'F2',627,,30246,9541,,,1,30,,30245,9541,,,1,70,,30267,9541,,,1,28,,30258,9541,,,1,70,,30247,9541,,,1,30,,30271,9541,,,1,71,,30268,9541,,,1,27,,30259,9541,,,1,70,,30251,9541,,,1,29,,30272,9541,,,1,70,,30269,9541,,,1,31,,30260,9541,,,1,70,,30252,9541,,,1,31,,30264,9541,,,1,68,,30248,9541,,,1,31,,30261,9541,,,1,70,,30253,9541,,,1,30,,30265,9541,,,1,70,,30249,9541,,,1,30,,30243,9541,,,1,70,,30254,9541,,,1,31,,30266,9541,,,1,68,,30250,9541,,,1,32,,30244,9541,,,1,62,,30273,9541,,,1,109,,30262,9541,,,1,100,,30255,9541,,,1,100,,30263,9541,,,1,100,,30256,9541,,,1,98,,30270,9541,,,1,100,,30257,9541,,,1
8801,'SA',627,,30277,9541,,,1,30,,30276,9541,,,1,70,,30298,9541,,,1,28,,30289,9541,,,1,70,,30278,9541,,,1,30,,30301,9541,,,1,71,,30299,9541,,,1,27,,30290,9541,,,1,70,,30282,9541,,,1,29,,30302,9541,,,1,70,,30300,9541,,,1,31,,30291,9541,,,1,70,,30283,9541,,,1,31,,30295,9541,,,1,68,,30279,9541,,,1,31,,30292,9541,,,1,70,,30284,9541,,,1,30,,30296,9541,,,1,70,,30280,9541,,,1,30,,30274,9541,,,1,70,,30285,9541,,,1,31,,30297,9541,,,1,68,,30281,9541,,,1,32,,30275,9541,,,1,62,,30303,9541,,,1,109,,30293,9541,,,1,100,,30286,9541,,,1,100,,30294,9541,,,1,100,,30287,9541,,,1,98,,15458,9541,,,1,100,,30288,9541,,,1
8801,'SE',625,,30304,9541,,,1,20,,30316,9541,,,1,55,,30306,9541,,,1,12,,15479,9541,,,1,7,,30308,9541,,,1,19,,30318,9541,,,1,9,,30313,9541,,,1,12,,30320,9541,,,1,51,,30310,9541,,,1,10,,30315,9541,,,1,19,,30345,9541,,,1,18,,30346,9541,,,1,70,,30347,9541,,,1,30,,30319,9541,,,1,70,,30334,9541,,,1,30,,30317,9541,,,1,70,,30314,9541,,,1,30,,30332,9541,,,1,70,,30335,9541,,,1,30,,30309,9541,,,1,70,,30307,9541,,,1,30,,30336,9541,,,1,73,,30311,9541,,,1,29,,30333,9541,,,1,49,,15486,9541,,,1,2,,15491,9541,,,1,2,,30326,9541,,,1,7,,30305,9541,,,1,18,,30327,9541,,,1,18,,30339,9541,,,1,52,,30337,9541,,,1,15,,30340,9541,,,1,19,,30342,9541,,,1,12,,30312,9541,,,1,55,,30321,9541,,,1,14,,30348,9541,,,1,16,,30325,9541,,,1,15,,30328,9541,,,1,57,,30329,9541,,,1,19,,30322,9541,,,1,27,,30343,9541,,,1,72,,30341,9541,,,1,30,,15492,9541,,,1,69,,30323,9541,,,1,30,,30344,9541,,,1,70,,30338,9541,,,1,102,,30324,9541,,,1,98,,30331,9541,,,1,100,,30330,9541,,,1
60801,'SE',1505,,32407,5136,,,2,2,,32408,5136,,,2
