6101,'DI',718,,27662,9457,,,2,30,,27659,9457,,,2,72,,27665,9457,,,2,17,,27663,9457,,,2,70,,27660,9457,,,2,30,,27666,9457,,,2,70,,27664,9457,,,2,30,,27661,9457,,,2,70,,27667,9457,,,2,30,,27668,9457,,,2,70,,27672,9457,,,2,30,,27676,9457,,,2,70,,27669,9457,,,2,30,,27673,9457,,,2,70,,27677,9457,,,2,30,,27670,9457,,,2,70,,27674,9457,,,2,30,,27678,9457,,,2,70,,27671,9457,,,2,34,,27675,9457,,,2,61,,27679,9457,,,2,35,,27681,9457,,,2,20,,27684,9457,,,2,80,,27680,9457,,,2,65,,27682,9457,,,2,30,,27685,9457,,,2,85,,27683,9457,,,2,100,,27686,9457,,,2,100,,27687,9457,,,2,100,,27688,9457,,,2
6101,'F1',718,,27694,9457,,,2,30,,27691,9457,,,2,72,,27697,9457,,,2,17,,27695,9457,,,2,70,,27692,9457,,,2,30,,27698,9457,,,2,70,,27696,9457,,,2,30,,27693,9457,,,2,70,,27699,9457,,,2,30,,27700,9457,,,2,70,,27704,9457,,,2,30,,27706,9457,,,2,70,,27701,9457,,,2,30,,27705,9457,,,2,70,,27707,9457,,,2,30,,27702,9457,,,2,70,,27708,9457,,,2,30,,27712,9457,,,2,70,,27703,9457,,,2,34,,27709,9457,,,2,61,,27713,9457,,,2,35,,27715,9457,,,2,20,,27710,9457,,,2,80,,27714,9457,,,2,65,,27716,9457,,,2,30,,27711,9457,,,2,85,,27717,9457,,,2,100,,27719,9457,,,2,100,,27718,9457,,,2,100,,27721,9457,,,2
6101,'F2',718,,27726,9457,,,2,30,,27723,9457,,,2,72,,27729,9457,,,2,17,,27727,9457,,,2,70,,27724,9457,,,2,30,,27730,9457,,,2,70,,27728,9457,,,2,30,,27725,9457,,,2,70,,27731,9457,,,2,30,,27732,9457,,,2,70,,27736,9457,,,2,30,,27738,9457,,,2,70,,27733,9457,,,2,30,,27737,9457,,,2,70,,27739,9457,,,2,30,,27734,9457,,,2,70,,27740,9457,,,2,30,,27744,9457,,,2,70,,27735,9457,,,2,34,,27741,9457,,,2,61,,27745,9457,,,2,35,,27747,9457,,,2,20,,27742,9457,,,2,80,,27746,9457,,,2,65,,27748,9457,,,2,30,,27743,9457,,,2,85,,27749,9457,,,2,100,,27751,9457,,,2,100,,27750,9457,,,2,100,,27753,9457,,,2
6101,'SA',718,,27758,9457,,,2,30,,27755,9457,,,2,72,,27761,9457,,,2,17,,27759,9457,,,2,70,,27756,9457,,,2,30,,27762,9457,,,2,70,,27760,9457,,,2,30,,27757,9457,,,2,70,,27763,9457,,,2,30,,27764,9457,,,2,70,,27768,9457,,,2,30,,27770,9457,,,2,70,,27765,9457,,,2,30,,27769,9457,,,2,70,,27771,9457,,,2,30,,27766,9457,,,2,70,,27772,9457,,,2,30,,27776,9457,,,2,70,,27767,9457,,,2,34,,27773,9457,,,2,61,,27777,9457,,,2,35,,27779,9457,,,2,20,,27774,9457,,,2,80,,27778,9457,,,2,65,,27780,9457,,,2,30,,27775,9457,,,2,85,,27781,9457,,,2,100,,27783,9457,,,2,100,,27782,9457,,,2,100,,27785,9457,,,2
6101,'SE',556,,27836,9457,,,2,70,,27838,9457,,,2,10,,27791,9457,,,2,16,,27794,9457,,,2,49,,27788,9457,,,2,14,,27797,9457,,,2,14,,27787,9457,,,2,7,,27801,9457,,,2,17,,27795,9457,,,2,49,,27800,9457,,,2,19,,27792,9457,,,2,24,,27789,9457,,,2,62,,27798,9457,,,2,15,,27802,9457,,,2,36,,27793,9457,,,2,70,,27790,9457,,,2,30,,27799,9457,,,2,72,,27837,9457,,,2,70,,27796,9457,,,2,30,,27803,9457,,,2,72,,27807,9457,,,2,30,,27804,9457,,,2,70,,27805,9457,,,2,33,,27809,9457,,,2,21,,27811,9457,,,2,67,,27814,9457,,,2,23,,27806,9457,,,2,60,,27808,9457,,,2,24,,27816,9457,,,2,4,,27818,9457,,,2,25,,27812,9457,,,2,47,,27813,9457,,,2,14,,27819,9457,,,2,13,,27820,9457,,,2,14,,27810,9457,,,2,54,,27823,9457,,,2,6,,27826,9457,,,2,15,,27817,9457,,,2,14,,27815,9457,,,2,64,,27828,9457,,,2,24,,27821,9457,,,2,28,,27831,9457,,,2,69,,27834,9457,,,2,30,,27824,9457,,,2,69,,27827,9457,,,2,29,,27835,9457,,,2,70,,27822,9457,,,2,29,,27832,9457,,,2,70,,27829,9457,,,2
8000,'DI',631,,29290,12144,0,13,1,100,,29291,12144,0,13,1,100,,29292,12144,0,13,1,100,,29293,12144,0,13,1,100,,29294,12144,0,13,1,100,,29295,12144,0,13,1,100,,29296,12144,0,13,1,100,,29297,12144,0,13,1,100,,29298,12144,0,13,1,100,,29299,12144,0,13,1,100,,29300,12144,0,13,1,101,,29301,12144,0,13,1,100,,29302,12144,0,13,1,100,,29303,12144,0,13,1,100,,29304,12144,0,13,1,100,,29305,12144,0,13,1,100,,29306,12144,0,13,1,100,,29307,12144,0,13,1,100,,29308,12144,0,13,1
8000,'F1',632,,29315,12144,0,13,1,100,,29316,12144,0,13,1,100,,29317,12144,0,13,1,100,,29318,12144,0,13,1,100,,29319,12144,0,13,1,100,,13880,12144,0,13,1,100,,29320,12144,0,13,1,100,,29321,12144,0,13,1,100,,29322,12144,0,13,1,100,,29323,12144,0,13,1,100,,29324,12144,0,13,1,100,,29325,12144,0,13,1,100,,29326,12144,0,13,1,100,,29311,12144,0,13,1,100,,29312,12144,0,13,1,100,,29309,12144,0,13,1,100,,29313,12144,0,13,1,100,,29310,12144,0,13,1,100,,29314,12144,0,13,1
8000,'F2',632,,29327,12144,0,13,1,100,,29328,12144,0,13,1,100,,29329,12144,0,13,1,100,,29330,12144,0,13,1,100,,29331,12144,0,13,1,100,,29332,12144,0,13,1,100,,29333,12144,0,13,1,100,,29334,12144,0,13,1,100,,29335,12144,0,13,1,100,,29336,12144,0,13,1,100,,29337,12144,0,13,1,100,,29338,12144,0,13,1,100,,29339,12144,0,13,1,100,,29340,12144,0,13,1,100,,29341,12144,0,13,1,100,,29342,12144,0,13,1,100,,29343,12144,0,13,1,100,,29344,12144,0,13,1,100,,29345,12144,0,13,1
8000,'SA',632,,29346,12144,0,13,1,100,,29347,12144,0,13,1,100,,29348,12144,0,13,1,100,,29349,12144,0,13,1,100,,29350,12144,0,13,1,100,,29351,12144,0,13,1,100,,29352,12144,0,13,1,100,,29353,12144,0,13,1,100,,29354,12144,0,13,1,100,,29355,12144,0,13,1,100,,29356,12144,0,13,1,100,,29357,12144,0,13,1,100,,29358,12144,0,13,1,100,,29359,12144,0,13,1,100,,29360,12144,0,13,1,100,,29361,12144,0,13,1,100,,29362,12144,0,13,1,100,,29363,12144,0,13,1,100,,29364,12144,0,13,1
8000,'SE',553,,29370,12144,0,13,1,80,,29366,12144,0,13,1,69,,29369,12144,0,13,1,29,,29367,12144,0,13,1,70,,29365,12144,0,13,1,33,,29386,12144,0,13,1,97,,29371,12144,0,13,1,101,,29372,12144,0,13,1,100,,29373,12144,0,13,1,100,,29374,12144,0,13,1,100,,29375,12144,0,13,1,100,,29376,12144,0,13,1,100,,29377,12144,0,13,1,25,,29378,12144,0,13,1,75,,29387,12144,0,13,1,70,,29379,12144,0,13,1,24,,29368,12144,0,13,1,86,,29380,12144,0,13,1,100,,13983,12144,0,13,1,100,,29381,12144,0,13,1,99,,29382,12144,0,13,1,100,,29383,12144,0,13,1,100,,29384,12144,0,13,1,100,,29385,12144,0,13,1
16101,'DI',552,,31301,924,0,11 12,2,1172,,31300,924,0,11 12,2
16101,'F1',552,,31312,924,0,11 12,2,1172,,31313,924,0,11 12,2
16101,'F2',552,,31325,924,0,11 12,2,1172,,31326,924,0,11 12,2
16101,'SA',552,,31337,924,0,11 12,2,1172,,31338,924,0,11 12,2
16101,'SE',627,,31355,924,0,11 12,2,73,,31353,924,0,11 12,2,32,,31356,924,0,11 12,2,502,,31352,924,0,11 12,2,372,,31358,924,0,11 12,2,36,,31354,924,0,11 12,2,78,,31357,924,0,11 12,2
18000,'SE',1607,,31396,12144,0,13,2,31,,31397,12144,0,13,2,18,,31392,12144,0,13,2,64,,31394,12144,0,13,2,32,,31391,12144,0,13,2,70,,31393,12144,0,13,2,20,,31395,12144,0,13,2
