801,'DI',541,,21918,9613,,,1,70,,2745,9613,,,1,30,,2752,9613,,,1,70,,21925,9613,,,1,30,,21919,9613,,,1,71,,2746,9613,,,1,30,,2753,9613,,,1,70,,21926,9613,,,1,28,,21920,9613,,,1,70,,2747,9613,,,1,30,,2754,9613,,,1,68,,21927,9613,,,1,30,,21921,9613,,,1,70,,2748,9613,,,1,30,,2755,9613,,,1,70,,21928,9613,,,1,31,,2741,9613,,,1,70,,2749,9613,,,1,31,,2756,9613,,,1,70,,21929,9613,,,1,30,,21923,9613,,,1,70,,2750,9613,,,1,30,,21932,9613,,,1,70,,21930,9613,,,1,19,,21922,9613,,,1,15,,21924,9613,,,1,70,,2751,9613,,,1,28,,21933,9613,,,1,70,,21931,9613,,,1,45,,2742,9613,,,1,101,,21934,9613,,,1,100,,2743,9613,,,1,99,,21935,9613,,,1,100,,2744,9613,,,1,99,,21936,9613,,,1
801,'F1',541,,21941,9613,,,1,70,,21946,9613,,,1,30,,21956,9613,,,1,70,,21959,9613,,,1,30,,21942,9613,,,1,71,,21947,9613,,,1,30,,21957,9613,,,1,70,,21960,9613,,,1,27,,21943,9613,,,1,68,,21948,9613,,,1,30,,21958,9613,,,1,70,,21961,9613,,,1,31,,21944,9613,,,1,70,,21937,9613,,,1,31,,21966,9613,,,1,70,,21962,9613,,,1,31,,21945,9613,,,1,70,,21938,9613,,,1,30,,21967,9613,,,1,70,,21963,9613,,,1,30,,21970,9613,,,1,70,,21939,9613,,,1,30,,21968,9613,,,1,70,,21964,9613,,,1,25,,21949,9613,,,1,10,,21971,9613,,,1,61,,21940,9613,,,1,30,,21969,9613,,,1,70,,21965,9613,,,1,50,,21950,9613,,,1,100,,21953,9613,,,1,100,,21951,9613,,,1,99,,21954,9613,,,1,100,,21952,9613,,,1,101,,21955,9613,,,1
801,'F2',541,,21976,9613,,,1,70,,21988,9613,,,1,30,,21991,9613,,,1,70,,21994,9613,,,1,30,,21977,9613,,,1,71,,21989,9613,,,1,30,,21992,9613,,,1,70,,21995,9613,,,1,27,,21978,9613,,,1,68,,21990,9613,,,1,30,,21993,9613,,,1,70,,21996,9613,,,1,31,,21979,9613,,,1,70,,21984,9613,,,1,31,,22001,9613,,,1,70,,21997,9613,,,1,31,,21980,9613,,,1,70,,21985,9613,,,1,30,,22002,9613,,,1,70,,21998,9613,,,1,30,,22005,9613,,,1,70,,21986,9613,,,1,30,,22003,9613,,,1,70,,21999,9613,,,1,25,,21972,9613,,,1,10,,22006,9613,,,1,61,,21987,9613,,,1,30,,22004,9613,,,1,70,,22000,9613,,,1,50,,21973,9613,,,1,100,,21981,9613,,,1,100,,21974,9613,,,1,99,,21982,9613,,,1,100,,21975,9613,,,1,101,,21983,9613,,,1
801,'SA',541,,22011,9613,,,1,70,,22023,9613,,,1,30,,22026,9613,,,1,70,,22029,9613,,,1,30,,22012,9613,,,1,71,,22024,9613,,,1,30,,22027,9613,,,1,70,,22030,9613,,,1,27,,22013,9613,,,1,68,,22025,9613,,,1,30,,22028,9613,,,1,70,,22031,9613,,,1,31,,22014,9613,,,1,70,,22019,9613,,,1,31,,22036,9613,,,1,70,,22032,9613,,,1,31,,22015,9613,,,1,70,,22020,9613,,,1,30,,22037,9613,,,1,70,,22033,9613,,,1,30,,2977,9613,,,1,70,,22021,9613,,,1,30,,22038,9613,,,1,70,,22034,9613,,,1,25,,22007,9613,,,1,10,,2978,9613,,,1,61,,22022,9613,,,1,30,,22039,9613,,,1,70,,22035,9613,,,1,50,,22008,9613,,,1,100,,22016,9613,,,1,100,,22009,9613,,,1,99,,22017,9613,,,1,100,,22010,9613,,,1,101,,22018,9613,,,1
801,'SE',507,,22066,9613,,,1,33,,22040,9613,,,1,67,,22074,9613,,,1,21,,22076,9613,,,1,25,,22083,9613,,,1,51,,22086,9613,,,1,9,,22045,9613,,,1,8,,22049,9613,,,1,12,,22056,9613,,,1,9,,22041,9613,,,1,11,,22068,9613,,,1,60,,22075,9613,,,1,18,,22077,9613,,,1,18,,22067,9613,,,1,53,,22044,9613,,,1,15,,22046,9613,,,1,15,,22050,9613,,,1,15,,22042,9613,,,1,57,,22059,9613,,,1,15,,22055,9613,,,1,14,,22078,9613,,,1,15,,22052,9613,,,1,56,,22103,9613,,,1,15,,22047,9613,,,1,15,,22051,9613,,,1,15,,22043,9613,,,1,55,,22057,9613,,,1,15,,22060,9613,,,1,16,,22087,9613,,,1,15,,22079,9613,,,1,55,,22089,9613,,,1,15,,22062,9613,,,1,15,,22106,9613,,,1,15,,22112,9613,,,1,55,,22104,9613,,,1,15,,22094,9613,,,1,18,,22092,9613,,,1,15,,22069,9613,,,1,53,,22111,9613,,,1,20,,22053,9613,,,1,11,,22090,9613,,,1,10,,22048,9613,,,1,54,,22105,9613,,,1,16,,22093,9613,,,1,16,,22102,9613,,,1,15,,22061,9613,,,1,53,,22097,9613,,,1,16,,22096,9613,,,1,15,,22080,9613,,,1,15,,22054,9613,,,1,55,,22091,9613,,,1,21,,22095,9613,,,1,23,,22072,9613,,,1,67,,22098,9613,,,1,28,,22084,9613,,,1,71,,22070,9613,,,1,29,,22099,9613,,,1,73,,22081,9613,,,1,27,,22085,9613,,,1,12,,22063,9613,,,1,60,,22071,9613,,,1,29,,22100,9613,,,1,60,,22082,9613,,,1,52,,22064,9613,,,1,100,,22065,9613,,,1
2200,'F1',607,,24518,531,,,2,52,,24520,531,,,2,65,,24519,531,,,2,893,,24521,531,,,2,40,,24523,531,,,2,60,,24517,531,,,2,30,,24522,531,,,2,80,,24524,531,,,2
2200,'SE',607,,24525,531,,,2,52,,24527,531,,,2,65,,24526,531,,,2,893,,24530,531,,,2,40,,24528,531,,,2,60,,24532,531,,,2,30,,24531,531,,,2,80,,24529,531,,,2
2801,'DI',928,,24777,3290,,,1,100,,24782,3290,,,1,100,,24780,3290,,,1,101,,24778,3290,,,1,100,,24779,3290,,,1,100,,24783,3290,,,1,99,,24786,3290,,,1,99,,24785,3290,,,1,96,,24784,3290,,,1,105,,24781,3290,,,1
2801,'F1',928,,24793,3290,,,1,100,,24791,3290,,,1,100,,24787,3290,,,1,101,,24794,3290,,,1,100,,24792,3290,,,1,100,,24796,3290,,,1,99,,24788,3290,,,1,96,,24790,3290,,,1,99,,24795,3290,,,1,105,,24789,3290,,,1
2801,'F2',928,,24804,3290,,,1,100,,24799,3290,,,1,100,,24797,3290,,,1,101,,24801,3290,,,1,100,,24800,3290,,,1,100,,24802,3290,,,1,99,,24798,3290,,,1,96,,24806,3290,,,1,99,,24805,3290,,,1,105,,24803,3290,,,1
2801,'SA',928,,24813,3290,,,1,100,,24809,3290,,,1,100,,24807,3290,,,1,101,,24810,3290,,,1,100,,7052,3290,,,1,100,,24811,3290,,,1,99,,24808,3290,,,1,96,,24815,3290,,,1,99,,24814,3290,,,1,105,,24812,3290,,,1
2801,'SE',638,,24831,3290,,,1,62,,24849,4999,,,1,18,,24838,3290,,,1,21,,24847,4999,,,1,67,,24850,4999,,,1,22,,24829,3290,,,1,20,,24848,4999,,,1,64,,24820,3290,,,1,29,,24832,3290,,,1,70,,24816,3290,,,1,30,,24830,3290,,,1,70,,24833,3290,,,1,30,,24817,3290,,,1,70,,24839,3290,,,1,30,,24834,3290,,,1,70,,24818,3290,,,1,30,,24840,3290,,,1,70,,24835,3290,,,1,30,,24819,3290,,,1,61,,24841,3290,,,1,12,,24821,3290,,,1,17,,24823,3290,,,1,10,,24851,4999,,,1,17,,24845,3290,,,1,53,,24843,3290,,,1,15,,24826,3290,,,1,18,,24853,4999,,,1,13,,24822,3290,,,1,56,,24824,3290,,,1,13,,24852,4999,,,1,18,,24844,3290,,,1,14,,24836,3290,,,1,63,,24842,3290,,,1,21,,24846,3290,,,1,63,,24828,3290,,,1,100,,24825,3290,,,1,100,,24837,3290,,,1,100,,24827,3290,,,1
8801,'DI',628,,30188,8885,,,1,30,,30193,8885,,,1,70,,30199,8885,,,1,30,,30209,8885,,,1,69,,30189,8885,,,1,30,,30194,8885,,,1,70,,30200,8885,,,1,28,,30210,8885,,,1,69,,30190,8885,,,1,30,,30195,8885,,,1,69,,30201,8885,,,1,30,,30211,8885,,,1,70,,30191,8885,,,1,30,,30196,8885,,,1,70,,30202,8885,,,1,31,,30212,8885,,,1,70,,30192,8885,,,1,31,,30197,8885,,,1,71,,30203,8885,,,1,29,,15257,8885,,,1,70,,30204,8885,,,1,30,,30198,8885,,,1,70,,30213,8885,,,1,34,,15258,8885,,,1,62,,30205,8885,,,1,106,,30214,8885,,,1,101,,30206,8885,,,1,100,,30215,8885,,,1,100,,30207,8885,,,1,100,,30216,8885,,,1,99,,30208,8885,,,1
8801,'F1',626,,30222,8885,,,1,30,,30221,8885,,,1,70,,30236,8885,,,1,28,,30227,8885,,,1,70,,30223,8885,,,1,30,,15317,8885,,,1,71,,30237,8885,,,1,27,,30228,8885,,,1,70,,30224,8885,,,1,29,,15318,8885,,,1,70,,30238,8885,,,1,31,,30229,8885,,,1,70,,15301,8885,,,1,31,,30233,8885,,,1,68,,30239,8885,,,1,31,,30230,8885,,,1,70,,15302,8885,,,1,30,,30234,8885,,,1,70,,30240,8885,,,1,30,,30219,8885,,,1,70,,15303,8885,,,1,31,,30235,8885,,,1,68,,30241,8885,,,1,32,,30220,8885,,,1,62,,30242,8885,,,1,109,,30231,8885,,,1,100,,30225,8885,,,1,100,,30232,8885,,,1,100,,30226,8885,,,1,98,,30218,8885,,,1,100,,30217,8885,,,1
8801,'F2',626,,30246,8885,,,1,30,,30245,8885,,,1,70,,30267,8885,,,1,28,,30258,8885,,,1,70,,30247,8885,,,1,30,,30271,8885,,,1,71,,30268,8885,,,1,27,,30259,8885,,,1,70,,30251,8885,,,1,29,,30272,8885,,,1,70,,30269,8885,,,1,31,,30260,8885,,,1,70,,30252,8885,,,1,31,,30264,8885,,,1,68,,30248,8885,,,1,31,,30261,8885,,,1,70,,30253,8885,,,1,30,,30265,8885,,,1,70,,30249,8885,,,1,30,,30243,8885,,,1,70,,30254,8885,,,1,31,,30266,8885,,,1,68,,30250,8885,,,1,32,,30244,8885,,,1,62,,30273,8885,,,1,109,,30262,8885,,,1,100,,30255,8885,,,1,100,,30263,8885,,,1,100,,30256,8885,,,1,98,,30270,8885,,,1,100,,30257,8885,,,1
8801,'SA',626,,30277,8885,,,1,30,,30276,8885,,,1,70,,30298,8885,,,1,28,,30289,8885,,,1,70,,30278,8885,,,1,30,,30301,8885,,,1,71,,30299,8885,,,1,27,,30290,8885,,,1,70,,30282,8885,,,1,29,,30302,8885,,,1,70,,30300,8885,,,1,31,,30291,8885,,,1,70,,30283,8885,,,1,31,,30295,8885,,,1,68,,30279,8885,,,1,31,,30292,8885,,,1,70,,30284,8885,,,1,30,,30296,8885,,,1,70,,30280,8885,,,1,30,,30274,8885,,,1,70,,30285,8885,,,1,31,,30297,8885,,,1,68,,30281,8885,,,1,32,,30275,8885,,,1,62,,30303,8885,,,1,109,,30293,8885,,,1,100,,30286,8885,,,1,100,,30294,8885,,,1,100,,30287,8885,,,1,98,,15458,8885,,,1,100,,30288,8885,,,1
8801,'SE',624,,30304,8885,,,1,20,,30316,8885,,,1,15,,30306,8885,,,1,52,,15479,8885,,,1,7,,30308,8885,,,1,19,,30318,8885,,,1,9,,30313,8885,,,1,12,,30320,8885,,,1,51,,30310,8885,,,1,10,,30315,8885,,,1,19,,30345,8885,,,1,18,,30346,8885,,,1,70,,30347,8885,,,1,30,,30319,8885,,,1,70,,30334,8885,,,1,30,,30317,8885,,,1,70,,30314,8885,,,1,30,,30332,8885,,,1,70,,30335,8885,,,1,30,,30309,8885,,,1,70,,30307,8885,,,1,30,,30336,8885,,,1,73,,30311,8885,,,1,29,,30333,8885,,,1,49,,15486,8885,,,1,2,,15491,8885,,,1,2,,30326,8885,,,1,7,,30305,8885,,,1,18,,30327,8885,,,1,18,,30339,8885,,,1,52,,30337,8885,,,1,15,,30340,8885,,,1,19,,30342,8885,,,1,12,,30312,8885,,,1,55,,30321,8885,,,1,14,,30348,8885,,,1,16,,30325,8885,,,1,15,,30328,8885,,,1,57,,30329,8885,,,1,19,,30322,8885,,,1,27,,30343,8885,,,1,72,,30341,8885,,,1,30,,15492,8885,,,1,69,,30323,8885,,,1,30,,30344,8885,,,1,70,,30338,8885,,,1,102,,30324,8885,,,1,98,,30331,8885,,,1,100,,30330,8885,,,1
60801,'SE',1503,,32407,4480,,,2,2,,32408,4480,,,2
