2900,'DI',657,,24854,10173,4,,1,100,,24855,10173,4,,1,100,,24856,10173,4,,1,100,,24857,10173,4,,1,100,,24858,10173,4,,1,100,,24859,10173,4,,1,100,,24860,10173,4,,1,100,,24861,10173,4,,1,100,,24862,10173,4,,1,100,,24863,10173,4,,1,100,,24864,10173,4,,1,100,,24865,10173,4,,1,100,,24866,10173,4,,1,100,,24867,10173,4,,1,100,,24868,10173,4,,1,100,,24869,10173,4,,1,100,,24870,10173,4,,1,100,,24871,10173,4,,1,160,,24872,10173,4,,1
2900,'F1',657,,24873,10173,4,,1,100,,24874,10173,4,,1,100,,24875,10173,4,,1,100,,24876,10173,4,,1,100,,24877,10173,4,,1,100,,24878,10173,4,,1,100,,24879,10173,4,,1,100,,24880,10173,4,,1,99,,24881,10173,4,,1,99,,24882,10173,4,,1,99,,24883,10173,4,,1,148,,24884,10173,4,,1,99,,24885,10173,4,,1,57,,24886,10173,4,,1,99,,24887,10173,4,,1,100,,24888,10173,4,,1,100,,24889,10173,4,,1,100,,24890,10173,4,,1,160,,24891,10173,4,,1
2900,'F2',657,,24905,10173,4,,1,100,,24906,10173,4,,1,100,,24907,10173,4,,1,100,,24908,10173,4,,1,100,,24909,10173,4,,1,100,,24910,10173,4,,1,100,,24892,10173,4,,1,100,,24893,10173,4,,1,99,,24894,10173,4,,1,99,,24895,10173,4,,1,99,,24896,10173,4,,1,148,,24897,10173,4,,1,99,,24898,10173,4,,1,57,,24899,10173,4,,1,99,,24900,10173,4,,1,100,,24901,10173,4,,1,100,,24902,10173,4,,1,100,,24903,10173,4,,1,160,,24904,10173,4,,1
2900,'SA',657,,24924,10173,4,,1,100,,24925,10173,4,,1,100,,24926,10173,4,,1,100,,24927,10173,4,,1,100,,24928,10173,4,,1,100,,24929,10173,4,,1,100,,24911,10173,4,,1,100,,24912,10173,4,,1,99,,24913,10173,4,,1,99,,24914,10173,4,,1,99,,24915,10173,4,,1,148,,24916,10173,4,,1,99,,24917,10173,4,,1,57,,24918,10173,4,,1,99,,24919,10173,4,,1,100,,24920,10173,4,,1,100,,24921,10173,4,,1,100,,24922,10173,4,,1,160,,24923,10173,4,,1
2900,'SE',627,,24943,10173,4,,1,26,,7225,10173,4,,1,77,,24945,10173,4,,1,27,,24939,10173,4,,1,70,,24942,10173,4,,1,30,,24944,10173,4,,1,143,,24938,10173,4,,1,100,,24955,10173,4,,1,101,,24937,10173,4,,1,100,,24932,10173,4,,1,100,,24935,10173,4,,1,99,,24933,10173,4,,1,35,,24946,10173,4,,1,66,,24947,10173,4,,1,34,,24934,10173,4,,1,20,,24936,10173,4,,1,69,,24941,10173,4,,1,14,,24954,10173,4,,1,68,,24940,10173,4,,1,28,,24948,10173,4,,1,67,,24931,10173,4,,1,99,,24930,10173,4,,1,59,,24949,10173,4,,1,99,,24950,10173,4,,1,98,,24951,10173,4,,1,100,,24952,10173,4,,1,157,,24953,10173,4,,1
2901,'DI',657,,24956,0,,,1,100,,24957,0,,,1,100,,24958,0,,,1,100,,24959,0,,,1,100,,24960,0,,,1,100,,24961,0,,,1,100,,24962,0,,,1,100,,24963,0,,,1,100,,24964,0,,,1,100,,24965,0,,,1,100,,24966,0,,,1,100,,24967,0,,,1,100,,24968,0,,,1,100,,24969,0,,,1,100,,24970,0,,,1,100,,24971,0,,,1,100,,24972,0,,,1,160,,24973,0,,,1,100,,24974,0,,,1
2901,'F1',657,,24975,0,,,1,100,,24976,0,,,1,100,,24977,0,,,1,100,,24978,0,,,1,100,,24979,0,,,1,100,,24980,0,,,1,100,,24981,0,,,1,100,,24982,0,,,1,99,,24983,0,,,1,99,,24984,0,,,1,99,,24985,0,,,1,148,,24986,0,,,1,99,,24987,0,,,1,57,,24988,0,,,1,99,,24989,0,,,1,100,,24990,0,,,1,100,,24991,0,,,1,160,,24992,0,,,1,100,,24993,0,,,1
2901,'F2',657,,25007,0,,,1,100,,25008,0,,,1,100,,25009,0,,,1,100,,25010,0,,,1,100,,25011,0,,,1,100,,25012,0,,,1,100,,24994,0,,,1,100,,24995,0,,,1,99,,24996,0,,,1,99,,24997,0,,,1,99,,24998,0,,,1,148,,24999,0,,,1,99,,25000,0,,,1,57,,25001,0,,,1,99,,25002,0,,,1,100,,25003,0,,,1,100,,25004,0,,,1,160,,25005,0,,,1,100,,25006,0,,,1
2901,'SA',657,,25026,0,,,1,100,,25027,0,,,1,100,,25028,0,,,1,100,,25029,0,,,1,100,,25030,0,,,1,100,,25031,0,,,1,100,,25013,0,,,1,100,,25014,0,,,1,99,,25015,0,,,1,99,,25016,0,,,1,99,,25017,0,,,1,148,,25018,0,,,1,99,,25019,0,,,1,57,,25020,0,,,1,99,,25021,0,,,1,100,,25022,0,,,1,100,,25023,0,,,1,160,,25024,0,,,1,100,,25025,0,,,1
2901,'SE',627,,25045,0,,,1,26,,7376,0,,,1,72,,25056,0,,,1,5,,25047,0,,,1,27,,25041,0,,,1,70,,25044,0,,,1,30,,25046,0,,,1,143,,25040,0,,,1,100,,25058,0,,,1,101,,25039,0,,,1,100,,25034,0,,,1,100,,25037,0,,,1,99,,25035,0,,,1,35,,25048,0,,,1,66,,25049,0,,,1,34,,25036,0,,,1,20,,25038,0,,,1,69,,25043,0,,,1,14,,25057,0,,,1,68,,25042,0,,,1,28,,25050,0,,,1,67,,25033,0,,,1,99,,25032,0,,,1,59,,25051,0,,,1,99,,25052,0,,,1,98,,25053,0,,,1,161,,25054,0,,,1,96,,25055,0,,,1
12300,'DI',703,,30605,24388,4,,1,100,,30615,24388,4,,1,100,,30606,24388,4,,1,100,,30616,24388,4,,1,100,,30607,24388,4,,1,100,,30617,24388,4,,1,105,,30608,24388,4,,1,95,,30618,24388,4,,1,100,,30609,24388,4,,1,100,,30619,24388,4,,1,100,,30610,24388,4,,1,100,,30620,24388,4,,1,100,,30611,24388,4,,1,100,,30621,24388,4,,1,100,,30612,24388,4,,1,100,,30622,24388,4,,1,100,,30613,24388,4,,1,100,,30623,24388,4,,1,100,,30614,24388,4,,1
12300,'F1',703,,30632,24388,4,,1,100,,30636,24388,4,,1,100,,30626,24388,4,,1,105,,30637,24388,4,,1,99,,30627,24388,4,,1,100,,30624,24388,4,,1,100,,30628,24388,4,,1,96,,30625,24388,4,,1,100,,30629,24388,4,,1,100,,30630,24388,4,,1,104,,30638,24388,4,,1,101,,30631,24388,4,,1,99,,30639,24388,4,,1,96,,30633,24388,4,,1,100,,30640,24388,4,,1,100,,30634,24388,4,,1,100,,30641,24388,4,,1,100,,30635,24388,4,,1,100,,30642,24388,4,,1
12300,'F2',703,,30644,24388,4,,1,100,,30643,24388,4,,1,100,,30645,24388,4,,1,105,,30654,24388,4,,1,99,,30646,24388,4,,1,100,,30655,24388,4,,1,100,,30647,24388,4,,1,96,,30656,24388,4,,1,100,,30648,24388,4,,1,100,,30657,24388,4,,1,104,,30649,24388,4,,1,101,,30658,24388,4,,1,99,,30650,24388,4,,1,96,,30659,24388,4,,1,100,,30651,24388,4,,1,100,,30660,24388,4,,1,100,,30652,24388,4,,1,100,,30661,24388,4,,1,100,,30653,24388,4,,1
12300,'SA',703,,30663,24388,4,,1,100,,30662,24388,4,,1,100,,30664,24388,4,,1,105,,30673,24388,4,,1,99,,30665,24388,4,,1,100,,30674,24388,4,,1,100,,30666,24388,4,,1,96,,30675,24388,4,,1,100,,30667,24388,4,,1,100,,30676,24388,4,,1,104,,30668,24388,4,,1,101,,30677,24388,4,,1,99,,30669,24388,4,,1,96,,30678,24388,4,,1,100,,30670,24388,4,,1,100,,30679,24388,4,,1,100,,30671,24388,4,,1,100,,30680,24388,4,,1,100,,30672,24388,4,,1
12300,'SE',603,,30700,24388,4,,1,33,,30681,24388,4,,1,15,,30688,24388,4,,1,50,,30682,24388,4,,1,10,,30702,24388,4,,1,10,,30693,24388,4,,1,14,,30703,24388,4,,1,8,,30683,24388,4,,1,12,,30707,24388,4,,1,50,,30684,24388,4,,1,21,,30708,24388,4,,1,17,,30704,24388,4,,1,70,,30710,24388,4,,1,25,,30709,24388,4,,1,69,,30690,24388,4,,1,102,,30685,24388,4,,1,100,,30695,24388,4,,1,99,,30705,24388,4,,1,105,,30697,24388,4,,1,5,,30694,24388,4,,1,93,,30701,24388,4,,1,30,,30711,24388,4,,1,71,,30698,24388,4,,1,26,,30696,24388,4,,1,70,,30713,24388,4,,1,31,,30715,24388,4,,1,71,,30687,24388,4,,1,25,,30699,24388,4,,1,75,,30686,24388,4,,1,28,,30712,24388,4,,1,70,,30706,24388,4,,1,28,,30689,24388,4,,1,70,,30714,24388,4,,1,100,,30691,24388,4,,1,100,,30716,24388,4,,1,95,,30692,24388,4,,1,100,,30717,24388,4,,1
12301,'DI',512,,30718,0,,,1,100,,30728,0,,,1,100,,30719,0,,,1,100,,30729,0,,,1,100,,30720,0,,,1,100,,30730,0,,,1,100,,30721,0,,,1,100,,30731,0,,,1,100,,30722,0,,,1,100,,30732,0,,,1,100,,30723,0,,,1,100,,30733,0,,,1,100,,30724,0,,,1,100,,30734,0,,,1,100,,30725,0,,,1,100,,30735,0,,,1,100,,30726,0,,,1,100,,30736,0,,,1,100,,30727,0,,,1,100,,30737,0,,,1
12301,'F1',512,,30746,0,,,1,100,,30751,0,,,1,100,,30747,0,,,1,100,,30752,0,,,1,100,,30740,0,,,1,100,,30753,0,,,1,100,,30741,0,,,1,100,,30738,0,,,1,100,,30742,0,,,1,100,,30739,0,,,1,100,,30743,0,,,1,100,,30744,0,,,1,100,,30754,0,,,1,100,,30745,0,,,1,100,,30755,0,,,1,100,,30748,0,,,1,100,,30756,0,,,1,100,,30749,0,,,1,100,,30757,0,,,1,100,,30750,0,,,1
12301,'F2',512,,30760,0,,,1,100,,30758,0,,,1,100,,30761,0,,,1,100,,30759,0,,,1,100,,30762,0,,,1,100,,30770,0,,,1,100,,30763,0,,,1,100,,30771,0,,,1,100,,30764,0,,,1,100,,30772,0,,,1,100,,30765,0,,,1,100,,30773,0,,,1,100,,30766,0,,,1,100,,30774,0,,,1,100,,30767,0,,,1,100,,30775,0,,,1,100,,30768,0,,,1,100,,30776,0,,,1,100,,30769,0,,,1,100,,30777,0,,,1
12301,'SA',512,,30780,0,,,1,100,,30778,0,,,1,100,,30781,0,,,1,100,,30779,0,,,1,100,,30782,0,,,1,100,,30790,0,,,1,100,,30783,0,,,1,100,,30791,0,,,1,100,,30784,0,,,1,100,,30792,0,,,1,100,,30785,0,,,1,100,,30793,0,,,1,100,,30786,0,,,1,100,,30794,0,,,1,100,,30787,0,,,1,100,,30795,0,,,1,100,,30788,0,,,1,100,,30796,0,,,1,100,,30789,0,,,1,100,,30797,0,,,1
12301,'SE',457,,30809,0,,,1,70,,30819,0,,,1,20,,30802,0,,,1,60,,30801,0,,,1,15,,30803,0,,,1,25,,30804,0,,,1,70,,30798,0,,,1,30,,30799,0,,,1,70,,30800,0,,,1,30,,30820,0,,,1,70,,30823,0,,,1,96,,30810,0,,,1,100,,30806,0,,,1,100,,30816,0,,,1,100,,30821,0,,,1,100,,30826,0,,,1,11,,30814,0,,,1,23,,30827,0,,,1,60,,30829,0,,,1,15,,30815,0,,,1,19,,30813,0,,,1,6,,30824,0,,,1,55,,30830,0,,,1,10,,30832,0,,,1,6,,30818,0,,,1,24,,30817,0,,,1,70,,30828,0,,,1,31,,30833,0,,,1,71,,30808,0,,,1,26,,30805,0,,,1,74,,30807,0,,,1,28,,30825,0,,,1,70,,30822,0,,,1,98,,30831,0,,,1,100,,30811,0,,,1,100,,30834,0,,,1,120,,30812,0,,,1
