4200,'DI',622,,25727,5012,,,1,100,,25728,5012,,,1,100,,25729,5012,,,1,100,,25730,5012,,,1,100,,25731,5012,,,1,100,,25732,5012,,,1,100,,25733,5012,,,1,100,,25734,5012,,,1,100,,25735,5012,,,1,100,,25736,5012,,,1,100,,25737,5012,,,1,100,,25738,5012,,,1,100,,25739,5012,,,1,100,,25740,5012,,,1,100,,25741,5012,,,1,100,,25742,5012,,,1,100,,25743,5012,,,1,100,,25744,5012,,,1,100,,25745,5012,,,1,100,,25746,5012,,,1
4200,'F1',622,,25747,5012,,,1,100,,25748,5012,,,1,100,,25749,5012,,,1,100,,25750,5012,,,1,100,,25751,5012,,,1,100,,25752,5012,,,1,100,,25753,5012,,,1,100,,25754,5012,,,1,100,,25755,5012,,,1,100,,25756,5012,,,1,100,,25757,5012,,,1,100,,25758,5012,,,1,100,,25759,5012,,,1,100,,25760,5012,,,1,100,,25761,5012,,,1,100,,25762,5012,,,1,100,,25763,5012,,,1,100,,25764,5012,,,1,100,,25765,5012,,,1,100,,25766,5012,,,1
4200,'F2',622,,25784,5012,,,1,100,,25785,5012,,,1,100,,25786,5012,,,1,100,,25767,5012,,,1,100,,25768,5012,,,1,100,,25769,5012,,,1,100,,25770,5012,,,1,100,,25771,5012,,,1,100,,25772,5012,,,1,100,,25773,5012,,,1,100,,25774,5012,,,1,100,,25775,5012,,,1,100,,25776,5012,,,1,100,,25777,5012,,,1,100,,25778,5012,,,1,100,,25779,5012,,,1,100,,25780,5012,,,1,100,,25781,5012,,,1,100,,25782,5012,,,1,100,,25783,5012,,,1
4200,'SA',622,,25804,5012,,,1,100,,25805,5012,,,1,100,,25806,5012,,,1,100,,25787,5012,,,1,100,,25788,5012,,,1,100,,25789,5012,,,1,100,,25790,5012,,,1,100,,25791,5012,,,1,100,,25792,5012,,,1,100,,25793,5012,,,1,100,,25794,5012,,,1,100,,25795,5012,,,1,100,,25796,5012,,,1,100,,25797,5012,,,1,100,,25798,5012,,,1,100,,25799,5012,,,1,100,,25800,5012,,,1,100,,25801,5012,,,1,100,,25802,5012,,,1,100,,25803,5012,,,1
4200,'SE',604,,25835,5012,,,1,36,,25817,5012,,,1,69,,25820,5012,,,1,12,,25816,5012,,,1,6,,25818,5012,,,1,6,,25813,5012,,,1,6,,25814,5012,,,1,62,,25812,5012,,,1,21,,25821,5012,,,1,34,,25848,5012,,,1,70,,25849,5012,,,1,30,,25815,5012,,,1,70,,25839,5012,,,1,30,,25819,5012,,,1,70,,25844,5012,,,1,30,,25822,5012,,,1,70,,25845,5012,,,1,30,,25808,5012,,,1,70,,25825,5012,,,1,30,,25823,5012,,,1,70,,25837,5012,,,1,30,,25847,5012,,,1,72,,25826,5012,,,1,30,,25842,5012,,,1,68,,25840,5012,,,1,24,,25846,5012,,,1,55,,25843,5012,,,1,13,,25807,5012,,,1,14,,25841,5012,,,1,14,,25836,5012,,,1,55,,25838,5012,,,1,27,,25824,5012,,,1,30,,25827,5012,,,1,72,,25831,5012,,,1,74,,25828,5012,,,1,30,,25832,5012,,,1,69,,25829,5012,,,1,30,,25833,5012,,,1,70,,25830,5012,,,1,30,,25834,5012,,,1,91,,25809,5012,,,1,100,,25810,5012,,,1,100,,25811,5012,,,1
6000,'SE',632,,27396,5012,,,1,85,,27397,5012,,,1,37,,27405,5012,,,1,86,,27398,5012,,,1,101,,27404,5012,,,1,100,,27394,5012,,,1,100,,27399,5012,,,1,100,,27395,5012,,,1,100,,27412,5012,,,1,100,,27407,5012,,,1,97,,27408,5012,,,1,70,,27403,5012,,,1,25,,27400,5012,,,1,24,,27401,5012,,,1,68,,27392,5012,,,1,28,,27409,5012,,,1,65,,27402,5012,,,1,30,,27406,5012,,,1,67,,27410,5012,,,1,99,,27391,5012,,,1,99,,27411,5012,,,1,100,,27389,5012,,,1,90,,27393,5012,,,1,100,,27390,5012,,,1
16000,'DI',703,,31058,5012,0,31 32,1,100,,31061,5012,0,31 32,1,100,,31064,5012,0,31 32,1,100,,31059,5012,0,31 32,1,100,,31065,5012,0,31 32,1,100,,31057,5012,0,31 32,1,100,,31066,5012,0,31 32,1,100,,31055,5012,0,31 32,1,100,,31053,5012,0,31 32,1,100,,31062,5012,0,31 32,1,100,,31060,5012,0,31 32,1,100,,31067,5012,0,31 32,1,100,,31063,5012,0,31 32,1,102,,31056,5012,0,31 32,1,98,,31054,5012,0,31 32,1
16000,'F1',703,,31075,5012,0,31 32,1,99,,31070,5012,0,31 32,1,101,,31069,5012,0,31 32,1,100,,31072,5012,0,31 32,1,100,,31076,5012,0,31 32,1,99,,16591,5012,0,31 32,1,101,,31073,5012,0,31 32,1,100,,31068,5012,0,31 32,1,100,,16592,5012,0,31 32,1,100,,31071,5012,0,31 32,1,100,,31074,5012,0,31 32,1,100,,16593,5012,0,31 32,1,100,,31077,5012,0,31 32,1,101,,16594,5012,0,31 32,1,99,,31078,5012,0,31 32,1
16000,'F2',703,,31083,5012,0,31 32,1,99,,31086,5012,0,31 32,1,101,,31082,5012,0,31 32,1,100,,31079,5012,0,31 32,1,100,,31085,5012,0,31 32,1,99,,31090,5012,0,31 32,1,101,,31080,5012,0,31 32,1,100,,31084,5012,0,31 32,1,100,,31091,5012,0,31 32,1,100,,31087,5012,0,31 32,1,100,,31081,5012,0,31 32,1,100,,31092,5012,0,31 32,1,100,,31088,5012,0,31 32,1,101,,31093,5012,0,31 32,1,99,,31089,5012,0,31 32,1
16000,'SA',703,,31098,5012,0,31 32,1,99,,16667,5012,0,31 32,1,101,,31097,5012,0,31 32,1,100,,31094,5012,0,31 32,1,100,,31100,5012,0,31 32,1,99,,31103,5012,0,31 32,1,101,,31095,5012,0,31 32,1,100,,31099,5012,0,31 32,1,100,,31104,5012,0,31 32,1,100,,16668,5012,0,31 32,1,100,,31096,5012,0,31 32,1,100,,31105,5012,0,31 32,1,100,,31101,5012,0,31 32,1,101,,31106,5012,0,31 32,1,99,,31102,5012,0,31 32,1
16000,'SE',617,,31113,5012,0,31 32,1,95,,31127,5012,0,31 32,1,38,,31112,5012,0,31 32,1,95,,31128,5012,0,31 32,1,89,,31124,5012,0,31 32,1,86,,31111,5012,0,31 32,1,100,,31114,5012,0,31 32,1,100,,31115,5012,0,31 32,1,100,,31110,5012,0,31 32,1,100,,31129,5012,0,31 32,1,99,,31108,5012,0,31 32,1,30,,31123,5012,0,31 32,1,68,,31116,5012,0,31 32,1,24,,31107,5012,0,31 32,1,70,,31117,5012,0,31 32,1,28,,31130,5012,0,31 32,1,69,,31109,5012,0,31 32,1,30,,31122,5012,0,31 32,1,70,,31118,5012,0,31 32,1,47,,31121,5012,0,31 32,1,100,,31119,5012,0,31 32,1,99,,31125,5012,0,31 32,1,92,,31120,5012,0,31 32,1,100,,31126,5012,0,31 32,1
54201,'SE',908,,32373,5098,,,2
