1701,'DI',608,,23416,10683,,,1,100,,23419,10683,,,1,30,,23412,10683,,,1,70,,23402,10683,,,1,30,,23408,10683,,,1,70,,23417,10683,,,1,30,,23430,10683,,,1,70,,23420,10683,,,1,30,,23425,10683,,,1,70,,23403,10683,,,1,30,,23427,10683,,,1,70,,23414,10683,,,1,30,,23423,10683,,,1,70,,23431,10683,,,1,30,,23409,10683,,,1,70,,23426,10683,,,1,30,,23415,10683,,,1,70,,23413,10683,,,1,30,,23429,10683,,,1,69,,23421,10683,,,1,30,,23404,10683,,,1,71,,23411,10683,,,1,30,,23405,10683,,,1,70,,23400,10683,,,1,31,,23406,10683,,,1,70,,23399,10683,,,1,99,,23428,10683,,,1,100,,23422,10683,,,1,100,,23407,10683,,,1,100,,23424,10683,,,1,100,,23410,10683,,,1,100,,23401,10683,,,1
1701,'F1',608,,23460,10683,,,1,100,,23439,10683,,,1,30,,23461,10683,,,1,70,,23452,10683,,,1,30,,23442,10683,,,1,70,,23455,10683,,,1,30,,23459,10683,,,1,70,,23450,10683,,,1,30,,23446,10683,,,1,70,,23462,10683,,,1,30,,23440,10683,,,1,70,,23453,10683,,,1,30,,23449,10683,,,1,70,,23463,10683,,,1,30,,23443,10683,,,1,70,,23454,10683,,,1,30,,23435,10683,,,1,70,,23456,10683,,,1,30,,23441,10683,,,1,70,,23464,10683,,,1,30,,23444,10683,,,1,69,,23432,10683,,,1,30,,23447,10683,,,1,71,,23433,10683,,,1,30,,23448,10683,,,1,71,,23434,10683,,,1,99,,23445,10683,,,1,100,,23436,10683,,,1,100,,23457,10683,,,1,100,,23437,10683,,,1,100,,23458,10683,,,1,100,,23438,10683,,,1
1701,'F2',608,,23492,10683,,,1,100,,23486,10683,,,1,30,,23481,10683,,,1,70,,23496,10683,,,1,30,,23468,10683,,,1,70,,23480,10683,,,1,30,,23493,10683,,,1,70,,23478,10683,,,1,30,,23467,10683,,,1,70,,23487,10683,,,1,30,,23469,10683,,,1,70,,23473,10683,,,1,30,,23465,10683,,,1,70,,23475,10683,,,1,30,,23482,10683,,,1,70,,23488,10683,,,1,30,,23494,10683,,,1,70,,23474,10683,,,1,30,,23495,10683,,,1,70,,23483,10683,,,1,30,,23490,10683,,,1,69,,23489,10683,,,1,30,,23470,10683,,,1,71,,23472,10683,,,1,30,,23471,10683,,,1,71,,23476,10683,,,1,99,,23491,10683,,,1,100,,23484,10683,,,1,100,,23479,10683,,,1,100,,23477,10683,,,1,100,,23466,10683,,,1,100,,23497,10683,,,1
1701,'SA',608,,23523,10683,,,1,100,,23517,10683,,,1,30,,23513,10683,,,1,70,,23527,10683,,,1,30,,23501,10683,,,1,70,,5087,10683,,,1,30,,23524,10683,,,1,70,,23511,10683,,,1,30,,23500,10683,,,1,70,,23518,10683,,,1,30,,23502,10683,,,1,70,,23506,10683,,,1,30,,23498,10683,,,1,70,,23508,10683,,,1,30,,23514,10683,,,1,70,,23519,10683,,,1,30,,23525,10683,,,1,70,,23507,10683,,,1,30,,23526,10683,,,1,70,,23515,10683,,,1,30,,23521,10683,,,1,69,,23520,10683,,,1,30,,23503,10683,,,1,71,,23505,10683,,,1,30,,23504,10683,,,1,71,,23509,10683,,,1,99,,23522,10683,,,1,100,,5098,10683,,,1,100,,23512,10683,,,1,100,,23510,10683,,,1,100,,23499,10683,,,1,100,,23528,10683,,,1
2501,'DI',1615,,24661,15765,,,2
2501,'F1',1615,,24662,15765,,,2
2501,'F2',1615,,24663,15765,,,2
2501,'SA',1615,,24664,15765,,,2
2501,'SE',526,,24669,14128,,,2,30,,24671,14128,,,2,63,,24666,14128,,,2,34,,24670,14128,,,2,76,,24691,15765,,,2,30,,24690,15765,,,2,65,,24672,14128,,,2,30,,24674,14128,,,2,68,,24675,14128,,,2,505,,24686,14128,,,2,31,,24676,14128,,,2,72,,24677,14128,,,2,71,,24694,15765,,,2,20,,24693,15765,,,2,12,,24692,15765,,,2,9,,24667,14128,,,2,59,,24679,14128,,,2,14,,24678,14128,,,2,15,,24682,14128,,,2,28,,24684,14128,,,2,67,,24687,14128,,,2,29,,24683,14128,,,2,99,,24681,14128,,,2,385,,24689,14128,,,2,86,,24696,15765,,,2,12,,24688,14128,,,2,75,,24680,14128,,,2
7601,'SE',520,,29039,7800,,,1,30,,29041,7800,,,1,70,,29048,7800,,,1,27,,29035,7800,,,1,61,,29031,7800,,,1,20,,29062,7800,,,1,21,,29037,7800,,,1,4,,29053,7800,,,1,5,,29032,7800,,,1,55,,29063,7800,,,1,21,,29049,7800,,,1,21,,29029,7800,,,1,66,,29064,7800,,,1,30,,29025,7800,,,1,70,,29036,7800,,,1,30,,29028,7800,,,1,70,,29067,7800,,,1,30,,29026,7800,,,1,70,,29030,7800,,,1,30,,29043,7800,,,1,70,,29045,7800,,,1,30,,29033,7800,,,1,70,,29054,7800,,,1,32,,29068,7800,,,1,75,,29055,7800,,,1,26,,29044,7800,,,1,72,,29040,7800,,,1,75,,29056,7800,,,1,24,,29034,7800,,,1,15,,29042,7800,,,1,19,,29070,7800,,,1,61,,29069,7800,,,1,17,,29047,7800,,,1,18,,29065,7800,,,1,66,,29061,7800,,,1,30,,29046,7800,,,1,70,,29038,7800,,,1,29,,29050,7800,,,1,70,,29057,7800,,,1,30,,29051,7800,,,1,70,,29058,7800,,,1,29,,29052,7800,,,1,70,,29059,7800,,,1,30,,29027,7800,,,1,70,,29060,7800,,,1,30,,29066,7800,,,1
