2901,'DI',657,,24956,229,,,1,100,,24957,229,,,1,100,,24958,229,,,1,100,,24959,229,,,1,100,,24960,229,,,1,100,,24961,229,,,1,100,,24962,229,,,1,100,,24963,229,,,1,100,,24964,229,,,1,100,,24965,229,,,1,100,,24966,229,,,1,100,,24967,229,,,1,100,,24968,229,,,1,100,,24969,229,,,1,100,,24970,229,,,1,100,,24971,229,,,1,100,,24972,229,,,1,160,,24973,229,,,1,100,,24974,229,,,1
2901,'F1',657,,24975,229,,,1,100,,24976,229,,,1,100,,24977,229,,,1,100,,24978,229,,,1,100,,24979,229,,,1,100,,24980,229,,,1,100,,24981,229,,,1,100,,24982,229,,,1,99,,24983,229,,,1,99,,24984,229,,,1,99,,24985,229,,,1,148,,24986,229,,,1,99,,24987,229,,,1,57,,24988,229,,,1,99,,24989,229,,,1,100,,24990,229,,,1,100,,24991,229,,,1,160,,24992,229,,,1,100,,24993,229,,,1
2901,'F2',657,,25007,229,,,1,100,,25008,229,,,1,100,,25009,229,,,1,100,,25010,229,,,1,100,,25011,229,,,1,100,,25012,229,,,1,100,,24994,229,,,1,100,,24995,229,,,1,99,,24996,229,,,1,99,,24997,229,,,1,99,,24998,229,,,1,148,,24999,229,,,1,99,,25000,229,,,1,57,,25001,229,,,1,99,,25002,229,,,1,100,,25003,229,,,1,100,,25004,229,,,1,160,,25005,229,,,1,100,,25006,229,,,1
2901,'SA',657,,25026,229,,,1,100,,25027,229,,,1,100,,25028,229,,,1,100,,25029,229,,,1,100,,25030,229,,,1,100,,25031,229,,,1,100,,25013,229,,,1,100,,25014,229,,,1,99,,25015,229,,,1,99,,25016,229,,,1,99,,25017,229,,,1,148,,25018,229,,,1,99,,25019,229,,,1,57,,25020,229,,,1,99,,25021,229,,,1,100,,25022,229,,,1,100,,25023,229,,,1,160,,25024,229,,,1,100,,25025,229,,,1
2901,'SE',627,,25045,229,,,1,26,,7376,229,,,1,72,,25056,229,,,1,5,,25047,229,,,1,27,,25041,229,,,1,70,,25044,229,,,1,30,,25046,229,,,1,143,,25040,229,,,1,100,,25058,229,,,1,101,,25039,229,,,1,100,,25034,229,,,1,100,,25037,229,,,1,99,,25035,229,,,1,35,,25048,229,,,1,66,,25049,229,,,1,34,,25036,229,,,1,20,,25038,229,,,1,69,,25043,229,,,1,14,,25057,229,,,1,68,,25042,229,,,1,28,,25050,229,,,1,67,,25033,229,,,1,99,,25032,229,,,1,59,,25051,229,,,1,99,,25052,229,,,1,98,,25053,229,,,1,161,,25054,229,,,1,96,,25055,229,,,1
12301,'DI',512,,30718,229,,,1,100,,30728,229,,,1,100,,30719,229,,,1,100,,30729,229,,,1,100,,30720,229,,,1,100,,30730,229,,,1,100,,30721,229,,,1,100,,30731,229,,,1,100,,30722,229,,,1,100,,30732,229,,,1,100,,30723,229,,,1,100,,30733,229,,,1,100,,30724,229,,,1,100,,30734,229,,,1,100,,30725,229,,,1,100,,30735,229,,,1,100,,30726,229,,,1,100,,30736,229,,,1,100,,30727,229,,,1,100,,30737,229,,,1
12301,'F1',512,,30746,229,,,1,100,,30751,229,,,1,100,,30747,229,,,1,100,,30752,229,,,1,100,,30740,229,,,1,100,,30753,229,,,1,100,,30741,229,,,1,100,,30738,229,,,1,100,,30742,229,,,1,100,,30739,229,,,1,100,,30743,229,,,1,100,,30744,229,,,1,100,,30754,229,,,1,100,,30745,229,,,1,100,,30755,229,,,1,100,,30748,229,,,1,100,,30756,229,,,1,100,,30749,229,,,1,100,,30757,229,,,1,100,,30750,229,,,1
12301,'F2',512,,30760,229,,,1,100,,30758,229,,,1,100,,30761,229,,,1,100,,30759,229,,,1,100,,30762,229,,,1,100,,30770,229,,,1,100,,30763,229,,,1,100,,30771,229,,,1,100,,30764,229,,,1,100,,30772,229,,,1,100,,30765,229,,,1,100,,30773,229,,,1,100,,30766,229,,,1,100,,30774,229,,,1,100,,30767,229,,,1,100,,30775,229,,,1,100,,30768,229,,,1,100,,30776,229,,,1,100,,30769,229,,,1,100,,30777,229,,,1
12301,'SA',512,,30780,229,,,1,100,,30778,229,,,1,100,,30781,229,,,1,100,,30779,229,,,1,100,,30782,229,,,1,100,,30790,229,,,1,100,,30783,229,,,1,100,,30791,229,,,1,100,,30784,229,,,1,100,,30792,229,,,1,100,,30785,229,,,1,100,,30793,229,,,1,100,,30786,229,,,1,100,,30794,229,,,1,100,,30787,229,,,1,100,,30795,229,,,1,100,,30788,229,,,1,100,,30796,229,,,1,100,,30789,229,,,1,100,,30797,229,,,1
12301,'SE',457,,30809,229,,,1,70,,30819,229,,,1,20,,30802,229,,,1,60,,30801,229,,,1,15,,30803,229,,,1,25,,30804,229,,,1,70,,30798,229,,,1,30,,30799,229,,,1,70,,30800,229,,,1,30,,30820,229,,,1,70,,30823,229,,,1,96,,30810,229,,,1,100,,30806,229,,,1,100,,30816,229,,,1,100,,30821,229,,,1,100,,30826,229,,,1,11,,30814,229,,,1,23,,30827,229,,,1,60,,30829,229,,,1,15,,30815,229,,,1,19,,30813,229,,,1,6,,30824,229,,,1,55,,30830,229,,,1,10,,30832,229,,,1,6,,30818,229,,,1,24,,30817,229,,,1,70,,30828,229,,,1,31,,30833,229,,,1,71,,30808,229,,,1,26,,30805,229,,,1,74,,30807,229,,,1,28,,30825,229,,,1,70,,30822,229,,,1,98,,30831,229,,,1,100,,30811,229,,,1,100,,30834,229,,,1,120,,30812,229,,,1
