1300,'DI',655,,3422,2790,,,1,100,,22394,2790,,,1,100,,3423,2790,,,1,100,,22395,2790,,,1,100,,3424,2790,,,1,100,,22396,2790,,,1,100,,3425,2790,,,1,95,,22397,2790,,,1,105,,22405,2790,,,1,100,,22391,2790,,,1,100,,22398,2790,,,1,100,,22393,2790,,,1,100,,22399,2790,,,1,100,,22403,2790,,,1,100,,22401,2790,,,1,100,,22400,2790,,,1,100,,22392,2790,,,1,100,,22404,2790,,,1,100,,22402,2790,,,1
1300,'F1',655,,22406,2790,,,1,100,,22414,2790,,,1,100,,22408,2790,,,1,101,,22409,2790,,,1,99,,22419,2790,,,1,100,,22407,2790,,,1,100,,22415,2790,,,1,100,,22410,2790,,,1,100,,22416,2790,,,1,100,,22424,2790,,,1,100,,22412,2790,,,1,100,,22420,2790,,,1,100,,22417,2790,,,1,100,,22421,2790,,,1,100,,22411,2790,,,1,100,,22423,2790,,,1,100,,22418,2790,,,1,100,,22422,2790,,,1,100,,22425,2790,,,1,100,,22413,2790,,,1
1300,'F2',655,,22427,2790,,,1,100,,22434,2790,,,1,100,,22428,2790,,,1,101,,22429,2790,,,1,99,,22435,2790,,,1,100,,22437,2790,,,1,100,,22430,2790,,,1,100,,22438,2790,,,1,100,,22431,2790,,,1,100,,22426,2790,,,1,100,,22441,2790,,,1,100,,22444,2790,,,1,100,,22432,2790,,,1,100,,22439,2790,,,1,100,,22436,2790,,,1,100,,22445,2790,,,1,100,,22442,2790,,,1,100,,22433,2790,,,1,100,,22443,2790,,,1,100,,22440,2790,,,1
1300,'SA',655,,22447,2790,,,1,100,,22454,2790,,,1,100,,22448,2790,,,1,101,,22449,2790,,,1,99,,22455,2790,,,1,100,,22457,2790,,,1,100,,22450,2790,,,1,100,,22458,2790,,,1,100,,22451,2790,,,1,100,,22446,2790,,,1,100,,22461,2790,,,1,100,,22464,2790,,,1,100,,22452,2790,,,1,100,,22459,2790,,,1,100,,22456,2790,,,1,100,,22465,2790,,,1,100,,22462,2790,,,1,100,,22453,2790,,,1,100,,22463,2790,,,1,100,,22460,2790,,,1
1300,'SE',559,,22480,2790,,,1,73,,22502,2790,,,1,26,,22496,2790,,,1,72,,22470,2790,,,1,15,,22488,2790,,,1,55,,22471,2790,,,1,15,,22483,2790,,,1,25,,22474,2790,,,1,65,,22466,2790,,,1,29,,22468,2790,,,1,70,,22478,2790,,,1,30,,22477,2790,,,1,70,,22472,2790,,,1,30,,22490,2790,,,1,70,,22469,2790,,,1,30,,22479,2790,,,1,70,,22498,2790,,,1,30,,22485,2790,,,1,70,,22491,2790,,,1,30,,22503,2790,,,1,71,,22500,2790,,,1,30,,22467,2790,,,1,21,,22493,2790,,,1,60,,22486,2790,,,1,15,,22487,2790,,,1,13,,22489,2790,,,1,10,,22506,2790,,,1,57,,22494,2790,,,1,20,,22484,2790,,,1,20,,22482,2790,,,1,60,,22481,2790,,,1,26,,22505,2790,,,1,69,,22473,2790,,,1,32,,22499,2790,,,1,70,,22501,2790,,,1,30,,22492,2790,,,1,70,,22504,2790,,,1,100,,22495,2790,,,1,100,,22497,2790,,,1,100,,22475,2790,,,1,103,,22476,2790,,,1
1500,'DI',726,,22683,2576,,,1,100,,22680,2576,,,1,100,,22677,2576,,,1,100,,22690,2576,,,1,100,,22695,2576,,,1,100,,22688,2576,,,1,100,,22684,2576,,,1,100,,22678,2576,,,1,100,,22692,2576,,,1,100,,22679,2576,,,1,100,,22687,2576,,,1,100,,22685,2576,,,1,100,,22689,2576,,,1,100,,22693,2576,,,1,100,,22691,2576,,,1,100,,22686,2576,,,1,100,,22681,2576,,,1,100,,22694,2576,,,1,100,,22682,2576,,,1
1500,'F1',727,,22697,2576,,,1,100,,22703,2576,,,1,100,,22712,2576,,,1,100,,22704,2576,,,1,105,,22706,2576,,,1,95,,22705,2576,,,1,100,,22713,2576,,,1,100,,22698,2576,,,1,100,,22707,2576,,,1,100,,22699,2576,,,1,100,,22696,2576,,,1,100,,22709,2576,,,1,100,,22714,2576,,,1,100,,22700,2576,,,1,100,,22701,2576,,,1,100,,22710,2576,,,1,100,,22702,2576,,,1,100,,22711,2576,,,1,100,,22708,2576,,,1
1500,'F2',727,,22730,2576,,,1,100,,22723,2576,,,1,100,,22717,2576,,,1,100,,22731,2576,,,1,105,,22725,2576,,,1,95,,22715,2576,,,1,100,,22727,2576,,,1,100,,22721,2576,,,1,100,,22726,2576,,,1,100,,22722,2576,,,1,100,,22718,2576,,,1,100,,22724,2576,,,1,100,,22728,2576,,,1,100,,22729,2576,,,1,100,,22716,2576,,,1,100,,22732,2576,,,1,100,,22719,2576,,,1,100,,22733,2576,,,1,100,,22720,2576,,,1
1500,'SA',727,,22749,2576,,,1,100,,22742,2576,,,1,100,,22736,2576,,,1,100,,22750,2576,,,1,105,,22744,2576,,,1,95,,22734,2576,,,1,100,,22746,2576,,,1,100,,22740,2576,,,1,100,,22745,2576,,,1,100,,22741,2576,,,1,100,,22737,2576,,,1,100,,22743,2576,,,1,100,,22747,2576,,,1,100,,22748,2576,,,1,100,,22735,2576,,,1,100,,22751,2576,,,1,100,,22738,2576,,,1,100,,22752,2576,,,1,100,,22739,2576,,,1
1500,'SE',549,,22789,2576,,,1,70,,22783,2576,,,1,30,,22754,2576,,,1,68,,22775,2576,,,1,33,,22781,2576,,,1,66,,22761,2576,,,1,34,,22777,2576,,,1,70,,22760,2576,,,1,29,,22782,2576,,,1,70,,22779,2576,,,1,30,,22755,2576,,,1,70,,22758,2576,,,1,30,,22780,2576,,,1,70,,22763,2576,,,1,30,,22759,2576,,,1,70,,22756,2576,,,1,30,,22785,2576,,,1,70,,22769,2576,,,1,31,,22784,2576,,,1,70,,22762,2576,,,1,24,,22764,2576,,,1,74,,22757,2576,,,1,41,,22773,2576,,,1,61,,22788,2576,,,1,30,,22770,2576,,,1,70,,22771,2576,,,1,30,,22786,2576,,,1,69,,22774,2576,,,1,30,,22767,2576,,,1,70,,22778,2576,,,1,30,,22787,2576,,,1,70,,22772,2576,,,1,30,,22753,2576,,,1,70,,22766,2576,,,1,100,,22768,2576,,,1,100,,22776,2576,,,1,100,,22765,2576,,,1
61300,'SE',1638,,18881,2214,,,2,13,,32411,2214,,,2
