9300,'F1',1632,,30349,5789,0,44 32,2,80,,30350,5789,0,44 32,2,20,,30353,5789,0,44 32,2,70,,30351,5789,0,44 32,2,39,,30352,5789,0,44 32,2
9300,'SE',1632,,30354,5789,0,44 32,2,80,,30355,5789,0,44 32,2,20,,30358,5789,0,44 32,2,70,,30356,5789,0,44 32,2,39,,30357,5789,0,44 32,2
9901,'DI',849,,30496,5499,0,31 32,2,100,,30492,5499,0,31 32,2,100,,30484,5499,0,31 32,2,101,,30489,5499,0,31 32,2,100,,30482,5499,0,31 32,2,100,,30485,5499,0,31 32,2,100,,30497,5499,0,31 32,2,100,,30494,5499,0,31 32,2,100,,30491,5499,0,31 32,2,99,,30493,5499,0,31 32,2,104,,30488,5499,0,31 32,2,96,,30486,5499,0,31 32,2,100,,30487,5499,0,31 32,2,100,,30495,5499,0,31 32,2,100,,30498,5499,0,31 32,2,100,,30490,5499,0,31 32,2,100,,30483,5499,0,31 32,2
9901,'F1',744,,30511,5499,0,31 32,2,105,,30503,5499,0,31 32,2,98,,30500,5499,0,31 32,2,102,,15726,5499,0,31 32,2,101,,30508,5499,0,31 32,2,100,,30499,5499,0,31 32,2,100,,30510,5499,0,31 32,2,100,,30514,5499,0,31 32,2,98,,30509,5499,0,31 32,2,102,,30501,5499,0,31 32,2,99,,30515,5499,0,31 32,2,100,,30512,5499,0,31 32,2,100,,30507,5499,0,31 32,2,100,,30505,5499,0,31 32,2,100,,30513,5499,0,31 32,2,100,,30504,5499,0,31 32,2,100,,30516,5499,0,31 32,2,100,,30506,5499,0,31 32,2,100,,30502,5499,0,31 32,2
9901,'F2',744,,30521,5499,0,31 32,2,105,,30520,5499,0,31 32,2,98,,30532,5499,0,31 32,2,102,,30522,5499,0,31 32,2,101,,30528,5499,0,31 32,2,100,,30533,5499,0,31 32,2,100,,30523,5499,0,31 32,2,100,,30527,5499,0,31 32,2,98,,30524,5499,0,31 32,2,102,,30529,5499,0,31 32,2,99,,30534,5499,0,31 32,2,100,,30518,5499,0,31 32,2,100,,30525,5499,0,31 32,2,100,,30530,5499,0,31 32,2,100,,30519,5499,0,31 32,2,100,,30526,5499,0,31 32,2,100,,30517,5499,0,31 32,2,100,,30531,5499,0,31 32,2,100,,30535,5499,0,31 32,2
9901,'SA',744,,30540,5499,0,31 32,2,105,,30539,5499,0,31 32,2,98,,30551,5499,0,31 32,2,102,,30541,5499,0,31 32,2,101,,30547,5499,0,31 32,2,100,,30552,5499,0,31 32,2,100,,30542,5499,0,31 32,2,100,,30546,5499,0,31 32,2,98,,30543,5499,0,31 32,2,102,,30548,5499,0,31 32,2,99,,30553,5499,0,31 32,2,100,,30537,5499,0,31 32,2,100,,30544,5499,0,31 32,2,100,,30549,5499,0,31 32,2,100,,30538,5499,0,31 32,2,100,,30545,5499,0,31 32,2,100,,30536,5499,0,31 32,2,100,,30550,5499,0,31 32,2,100,,30554,5499,0,31 32,2
9901,'SE',542,,30556,5499,,,2,70,,30558,5499,,,2,20,,30560,5499,,,2,18,,30561,5499,,,2,63,,30555,5499,,,2,29,,30559,5499,,,2,76,,30557,5499,,,2,30,,30577,5499,0,31 32,2,100,,30570,5499,0,31 32,2,100,,30563,5499,0,31 32,2,100,,30562,5499,0,31 32,2,100,,30564,5499,0,31 32,2,100,,30566,5499,0,31 32,2,98,,30571,5499,0,31 32,2,97,,30580,5499,0,31 32,2,69,,30578,5499,0,31 32,2,26,,30582,5499,0,31 32,2,78,,30576,5499,0,31 32,2,29,,30579,5499,0,31 32,2,67,,30581,5499,0,31 32,2,37,,30565,5499,0,31 32,2,98,,30568,5499,0,31 32,2,100,,30567,5499,0,31 32,2,100,,30572,5499,0,31 32,2,100,,30574,5499,0,31 32,2,100,,30569,5499,0,31 32,2,100,,30573,5499,0,31 32,2,100,,30575,5499,0,31 32,2
16000,'DI',730,,31058,17903,,,1,100,,31061,17903,,,1,100,,31064,17903,,,1,100,,31059,17903,,,1,100,,31065,17903,,,1,100,,31057,17903,,,1,100,,31066,17903,,,1,100,,31055,17903,,,1,100,,31053,17903,,,1,100,,31062,17903,,,1,100,,31060,17903,,,1,100,,31067,17903,,,1,100,,31063,17903,,,1,102,,31056,17903,,,1,98,,31054,17903,,,1
16000,'F1',730,,31075,17903,,,1,99,,31070,17903,,,1,101,,31069,17903,,,1,100,,31072,17903,,,1,100,,31076,17903,,,1,99,,16591,17903,,,1,101,,31073,17903,,,1,100,,31068,17903,,,1,100,,16592,17903,,,1,100,,31071,17903,,,1,100,,31074,17903,,,1,100,,16593,17903,,,1,100,,31077,17903,,,1,101,,16594,17903,,,1,99,,31078,17903,,,1
16000,'F2',730,,31083,17903,,,1,99,,31086,17903,,,1,101,,31082,17903,,,1,100,,31079,17903,,,1,100,,31085,17903,,,1,99,,31090,17903,,,1,101,,31080,17903,,,1,100,,31084,17903,,,1,100,,31091,17903,,,1,100,,31087,17903,,,1,100,,31081,17903,,,1,100,,31092,17903,,,1,100,,31088,17903,,,1,101,,31093,17903,,,1,99,,31089,17903,,,1
16000,'SA',730,,31098,17903,,,1,99,,16667,17903,,,1,101,,31097,17903,,,1,100,,31094,17903,,,1,100,,31100,17903,,,1,99,,31103,17903,,,1,101,,31095,17903,,,1,100,,31099,17903,,,1,100,,31104,17903,,,1,100,,16668,17903,,,1,100,,31096,17903,,,1,100,,31105,17903,,,1,100,,31101,17903,,,1,101,,31106,17903,,,1,99,,31102,17903,,,1
16000,'SE',641,,31113,17903,,,1,95,,31127,17903,,,1,85,,31112,17903,,,1,89,,31128,17903,,,1,91,,31124,17903,,,1,46,,31111,17903,,,1,101,,31114,17903,,,1,100,,31115,17903,,,1,100,,31110,17903,,,1,100,,31129,17903,,,1,102,,31108,17903,,,1,70,,31123,17903,,,1,28,,31116,17903,,,1,64,,31107,17903,,,1,34,,31117,17903,,,1,65,,31130,17903,,,1,26,,31109,17903,,,1,70,,31122,17903,,,1,30,,31118,17903,,,1,86,,31121,17903,,,1,97,,31119,17903,,,1,98,,31125,17903,,,1,92,,31120,17903,,,1,100,,31126,17903,,,1
