800,'DI',554,,21738,3506,,,1,71,,21733,3506,,,1,30,,2441,3506,,,1,70,,2447,3506,,,1,30,,21739,3506,,,1,70,,21734,3506,,,1,32,,2442,3506,,,1,70,,2448,3506,,,1,30,,21740,3506,,,1,70,,21735,3506,,,1,30,,2443,3506,,,1,70,,2449,3506,,,1,31,,21741,3506,,,1,70,,2436,3506,,,1,30,,2444,3506,,,1,70,,2450,3506,,,1,30,,21742,3506,,,1,70,,21736,3506,,,1,30,,2445,3506,,,1,70,,21745,3506,,,1,30,,21743,3506,,,1,70,,21737,3506,,,1,29,,2446,3506,,,1,70,,21746,3506,,,1,32,,21744,3506,,,1,83,,2437,3506,,,1,100,,21747,3506,,,1,100,,2438,3506,,,1,99,,21748,3506,,,1,100,,2439,3506,,,1,100,,21749,3506,,,1,100,,2440,3506,,,1,100,,21732,3506,,,1
800,'F1',553,,21771,3506,,,1,70,,21755,3506,,,1,32,,21759,3506,,,1,70,,21769,3506,,,1,31,,21772,3506,,,1,70,,21756,3506,,,1,30,,21760,3506,,,1,71,,21770,3506,,,1,30,,21773,3506,,,1,70,,21757,3506,,,1,30,,21750,3506,,,1,70,,21778,3506,,,1,28,,21774,3506,,,1,72,,21758,3506,,,1,30,,21751,3506,,,1,70,,21779,3506,,,1,30,,21775,3506,,,1,70,,21782,3506,,,1,30,,21752,3506,,,1,70,,21780,3506,,,1,30,,21776,3506,,,1,70,,21783,3506,,,1,30,,21753,3506,,,1,70,,21781,3506,,,1,32,,21777,3506,,,1,68,,21761,3506,,,1,30,,21754,3506,,,1,86,,21765,3506,,,1,98,,21762,3506,,,1,100,,21766,3506,,,1,100,,21763,3506,,,1,100,,21767,3506,,,1,100,,21764,3506,,,1,100,,21768,3506,,,1
800,'F2',553,,21805,3506,,,1,70,,21788,3506,,,1,32,,21801,3506,,,1,70,,21803,3506,,,1,31,,21806,3506,,,1,70,,21789,3506,,,1,30,,21802,3506,,,1,71,,21804,3506,,,1,30,,21807,3506,,,1,70,,21790,3506,,,1,30,,21796,3506,,,1,70,,21812,3506,,,1,28,,21808,3506,,,1,72,,21791,3506,,,1,30,,21797,3506,,,1,70,,21813,3506,,,1,30,,21809,3506,,,1,70,,21816,3506,,,1,30,,21798,3506,,,1,70,,21814,3506,,,1,30,,21810,3506,,,1,70,,21817,3506,,,1,30,,21799,3506,,,1,70,,21815,3506,,,1,32,,21811,3506,,,1,68,,21784,3506,,,1,30,,21800,3506,,,1,86,,21792,3506,,,1,98,,21785,3506,,,1,100,,21793,3506,,,1,100,,21786,3506,,,1,100,,21794,3506,,,1,100,,21787,3506,,,1,100,,21795,3506,,,1
800,'SA',553,,21839,3506,,,1,70,,21822,3506,,,1,32,,21835,3506,,,1,70,,21837,3506,,,1,31,,21840,3506,,,1,70,,21823,3506,,,1,30,,21836,3506,,,1,71,,21838,3506,,,1,30,,21841,3506,,,1,70,,21824,3506,,,1,30,,21830,3506,,,1,70,,21846,3506,,,1,28,,21842,3506,,,1,72,,21825,3506,,,1,30,,21831,3506,,,1,70,,21847,3506,,,1,30,,21843,3506,,,1,70,,2660,3506,,,1,30,,21832,3506,,,1,70,,21848,3506,,,1,30,,21844,3506,,,1,70,,2661,3506,,,1,30,,21833,3506,,,1,70,,21849,3506,,,1,32,,21845,3506,,,1,68,,21818,3506,,,1,30,,21834,3506,,,1,86,,21826,3506,,,1,98,,21819,3506,,,1,100,,21827,3506,,,1,100,,21820,3506,,,1,100,,21828,3506,,,1,100,,21821,3506,,,1,100,,21829,3506,,,1
800,'SE',456,,21884,3506,,,1,68,,21886,3506,,,1,22,,21893,3506,,,1,81,,21850,3506,,,1,30,,21885,3506,,,1,61,,21887,3506,,,1,19,,21878,3506,,,1,13,,21853,3506,,,1,55,,21854,3506,,,1,15,,21857,3506,,,1,15,,21851,3506,,,1,17,,21867,3506,,,1,55,,21863,3506,,,1,15,,21888,3506,,,1,15,,21859,3506,,,1,15,,21912,3506,,,1,55,,21855,3506,,,1,15,,21858,3506,,,1,15,,21852,3506,,,1,15,,21864,3506,,,1,55,,21868,3506,,,1,15,,21896,3506,,,1,15,,21889,3506,,,1,15,,21897,3506,,,1,55,,21871,3506,,,1,15,,21915,3506,,,1,15,,21916,3506,,,1,15,,21913,3506,,,1,55,,21902,3506,,,1,15,,21900,3506,,,1,15,,21879,3506,,,1,15,,21860,3506,,,1,55,,21898,3506,,,1,16,,21856,3506,,,1,15,,21914,3506,,,1,14,,21901,3506,,,1,54,,21910,3506,,,1,4,,21872,3506,,,1,13,,21869,3506,,,1,15,,21905,3506,,,1,15,,21904,3506,,,1,55,,21890,3506,,,1,15,,21861,3506,,,1,12,,21899,3506,,,1,12,,21917,3506,,,1,53,,21903,3506,,,1,11,,21883,3506,,,1,12,,21882,3506,,,1,12,,21911,3506,,,1,11,,21870,3506,,,1,12,,21906,3506,,,1,52,,21876,3506,,,1,12,,21877,3506,,,1,10,,21894,3506,,,1,10,,21862,3506,,,1,60,,21880,3506,,,1,27,,21907,3506,,,1,30,,21891,3506,,,1,70,,21895,3506,,,1,28,,21881,3506,,,1,70,,21908,3506,,,1,30,,21892,3506,,,1,85,,21873,3506,,,1,100,,21909,3506,,,1,98,,21874,3506,,,1,100,,21875,3506,,,1
2800,'DI',849,,24697,3506,0,39 40,1,101,,24702,3506,0,39 40,1,100,,24700,3506,0,39 40,1,100,,24698,3506,0,39 40,1,100,,24699,3506,0,39 40,1,100,,24703,3506,0,39 40,1,100,,24706,3506,0,39 40,1,101,,24705,3506,0,39 40,1,99,,24704,3506,0,39 40,1,100,,24701,3506,0,39 40,1
2800,'F1',851,,24713,3506,0,39 40,1,99,,24711,3506,0,39 40,1,103,,24707,3506,0,39 40,1,97,,24714,3506,0,39 40,1,101,,24712,3506,0,39 40,1,100,,24716,3506,0,39 40,1,99,,24708,3506,0,39 40,1,103,,24710,3506,0,39 40,1,99,,24715,3506,0,39 40,1,98,,24709,3506,0,39 40,1
2800,'F2',851,,24724,3506,0,39 40,1,99,,24719,3506,0,39 40,1,103,,24717,3506,0,39 40,1,97,,24721,3506,0,39 40,1,101,,24720,3506,0,39 40,1,100,,24722,3506,0,39 40,1,99,,24718,3506,0,39 40,1,103,,24726,3506,0,39 40,1,99,,24725,3506,0,39 40,1,98,,24723,3506,0,39 40,1
2800,'SA',851,,24733,3506,0,39 40,1,99,,24729,3506,0,39 40,1,103,,24727,3506,0,39 40,1,97,,24730,3506,0,39 40,1,101,,6923,3506,0,39 40,1,100,,24731,3506,0,39 40,1,99,,24728,3506,0,39 40,1,103,,24735,3506,0,39 40,1,99,,24734,3506,0,39 40,1,98,,24732,3506,0,39 40,1
2800,'SE',615,,24771,3506,0,39 40,1,86,,24769,3506,0,39 40,1,22,,24772,3506,0,39 40,1,3,,24773,3506,0,39 40,1,16,,24737,3506,0,39 40,1,13,,24752,3506,0,39 40,1,55,,24770,3506,0,39 40,1,15,,24736,3506,0,39 40,1,14,,24742,3506,0,39 40,1,18,,24754,3506,0,39 40,1,70,,24738,3506,0,39 40,1,30,,24753,3506,0,39 40,1,70,,24755,3506,0,39 40,1,30,,24739,3506,0,39 40,1,70,,24760,3506,0,39 40,1,30,,24756,3506,0,39 40,1,70,,24740,3506,0,39 40,1,30,,24761,3506,0,39 40,1,70,,24757,3506,0,39 40,1,30,,24741,3506,0,39 40,1,70,,24762,3506,0,39 40,1,31,,24774,3506,0,39 40,1,56,,24766,3506,0,39 40,1,14,,24764,3506,0,39 40,1,15,,24748,3506,0,39 40,1,15,,24776,3506,0,39 40,1,55,,24743,3506,0,39 40,1,14,,24745,3506,0,39 40,1,12,,24775,3506,0,39 40,1,12,,24767,3506,0,39 40,1,52,,24765,3506,0,39 40,1,12,,24758,3506,0,39 40,1,12,,24749,3506,0,39 40,1,12,,24763,3506,0,39 40,1,11,,24744,3506,0,39 40,1,52,,24768,3506,0,39 40,1,12,,24747,3506,0,39 40,1,13,,24751,3506,0,39 40,1,95,,24746,3506,0,39 40,1,100,,24759,3506,0,39 40,1,98,,24750,3506,0,39 40,1
8800,'DI',710,,30028,3506,,,1,30,,30033,3506,,,1,70,,30039,3506,,,1,30,,30048,3506,,,1,70,,30029,3506,,,1,30,,30034,3506,,,1,72,,30040,3506,,,1,30,,30049,3506,,,1,70,,30030,3506,,,1,30,,30035,3506,,,1,70,,30041,3506,,,1,30,,30050,3506,,,1,70,,30031,3506,,,1,30,,30036,3506,,,1,70,,30042,3506,,,1,30,,15002,3506,,,1,70,,30043,3506,,,1,30,,30037,3506,,,1,70,,30051,3506,,,1,30,,15003,3506,,,1,70,,30044,3506,,,1,30,,30038,3506,,,1,70,,30052,3506,,,1,100,,30045,3506,,,1,100,,30053,3506,,,1,100,,30046,3506,,,1,100,,30054,3506,,,1,97,,30047,3506,,,1,100,,30027,3506,,,1,100,,30032,3506,,,1
8800,'F1',710,,30061,3506,,,1,30,,15061,3506,,,1,71,,30074,3506,,,1,30,,30065,3506,,,1,71,,30062,3506,,,1,30,,15062,3506,,,1,70,,30075,3506,,,1,30,,30066,3506,,,1,70,,15046,3506,,,1,30,,30070,3506,,,1,70,,30076,3506,,,1,30,,30067,3506,,,1,70,,15047,3506,,,1,30,,30071,3506,,,1,70,,30077,3506,,,1,30,,30057,3506,,,1,70,,15048,3506,,,1,30,,30072,3506,,,1,70,,30078,3506,,,1,30,,30058,3506,,,1,71,,30079,3506,,,1,29,,30073,3506,,,1,71,,30068,3506,,,1,29,,30059,3506,,,1,70,,30063,3506,,,1,100,,30069,3506,,,1,99,,30064,3506,,,1,99,,30056,3506,,,1,100,,30055,3506,,,1,100,,30060,3506,,,1,100,,15032,3506,,,1
8800,'F2',710,,30083,3506,,,1,30,,30108,3506,,,1,71,,30104,3506,,,1,30,,30095,3506,,,1,71,,30088,3506,,,1,30,,30109,3506,,,1,70,,30105,3506,,,1,30,,30096,3506,,,1,70,,30089,3506,,,1,30,,30100,3506,,,1,70,,30085,3506,,,1,30,,30097,3506,,,1,70,,30090,3506,,,1,30,,30101,3506,,,1,70,,30086,3506,,,1,30,,30080,3506,,,1,70,,30091,3506,,,1,30,,30102,3506,,,1,70,,30087,3506,,,1,30,,30081,3506,,,1,71,,30110,3506,,,1,29,,30103,3506,,,1,71,,30098,3506,,,1,29,,30082,3506,,,1,70,,30092,3506,,,1,100,,30099,3506,,,1,99,,30093,3506,,,1,99,,30107,3506,,,1,100,,30094,3506,,,1,100,,30106,3506,,,1,100,,30084,3506,,,1
8800,'SA',710,,30114,3506,,,1,30,,30138,3506,,,1,71,,30135,3506,,,1,30,,30126,3506,,,1,71,,30119,3506,,,1,30,,30139,3506,,,1,70,,30136,3506,,,1,30,,30127,3506,,,1,70,,30120,3506,,,1,30,,30131,3506,,,1,70,,30116,3506,,,1,30,,30128,3506,,,1,70,,30121,3506,,,1,30,,30132,3506,,,1,70,,30117,3506,,,1,30,,30111,3506,,,1,70,,30122,3506,,,1,30,,30133,3506,,,1,70,,30118,3506,,,1,30,,30112,3506,,,1,71,,30140,3506,,,1,29,,30134,3506,,,1,71,,30129,3506,,,1,29,,30113,3506,,,1,70,,30123,3506,,,1,100,,30130,3506,,,1,99,,30124,3506,,,1,99,,15203,3506,,,1,100,,30125,3506,,,1,100,,30137,3506,,,1,100,,30115,3506,,,1
8800,'SE',710,,30151,3506,,,1,21,,30183,3506,,,1,15,,30184,3506,,,1,54,,15219,3506,,,1,15,,30185,3506,,,1,15,,30153,3506,,,1,15,,30154,3506,,,1,69,,30173,3506,,,1,30,,30152,3506,,,1,70,,30150,3506,,,1,30,,30171,3506,,,1,70,,30174,3506,,,1,30,,30143,3506,,,1,70,,30141,3506,,,1,30,,30175,3506,,,1,70,,30144,3506,,,1,30,,30172,3506,,,1,71,,30187,3506,,,1,30,,30176,3506,,,1,57,,30178,3506,,,1,16,,30180,3506,,,1,15,,30145,3506,,,1,15,,30156,3506,,,1,55,,30186,3506,,,1,15,,30161,3506,,,1,13,,30165,3506,,,1,12,,30142,3506,,,1,12,,30166,3506,,,1,52,,30158,3506,,,1,13,,30163,3506,,,1,11,,30149,3506,,,1,11,,30181,3506,,,1,12,,30146,3506,,,1,52,,30157,3506,,,1,12,,30179,3506,,,1,19,,30162,3506,,,1,15,,15235,3506,,,1,62,,30159,3506,,,1,30,,30182,3506,,,1,70,,30177,3506,,,1,28,,15236,3506,,,1,70,,30160,3506,,,1,30,,30148,3506,,,1,70,,30169,3506,,,1,100,,30167,3506,,,1,99,,30170,3506,,,1,99,,30168,3506,,,1
