4201,'DI',540,,25850,500,,,1,100,,25851,500,,,1,100,,25852,500,,,1,100,,25853,500,,,1,100,,25854,500,,,1,100,,25855,500,,,1,100,,25856,500,,,1,100,,25857,500,,,1,100,,25858,500,,,1,100,,25859,500,,,1,100,,25860,500,,,1,100,,25861,500,,,1,100,,25862,500,,,1,100,,25863,500,,,1,100,,25864,500,,,1,100,,25865,500,,,1,100,,25866,500,,,1,100,,25867,500,,,1,100,,25868,500,,,1,100,,25869,500,,,1
4201,'F1',540,,25870,500,,,1,100,,25871,500,,,1,100,,25872,500,,,1,100,,25873,500,,,1,100,,25874,500,,,1,100,,25875,500,,,1,100,,25876,500,,,1,100,,25877,500,,,1,100,,25878,500,,,1,100,,25879,500,,,1,100,,25880,500,,,1,100,,25881,500,,,1,100,,25882,500,,,1,100,,25883,500,,,1,100,,25884,500,,,1,100,,25885,500,,,1,100,,25886,500,,,1,100,,25887,500,,,1,100,,25888,500,,,1,100,,25889,500,,,1
4201,'F2',540,,25906,500,,,1,100,,25907,500,,,1,100,,25908,500,,,1,100,,25909,500,,,1,100,,25890,500,,,1,100,,25891,500,,,1,100,,25892,500,,,1,100,,25893,500,,,1,100,,25894,500,,,1,100,,25895,500,,,1,100,,25896,500,,,1,100,,25897,500,,,1,100,,25898,500,,,1,100,,25899,500,,,1,100,,25900,500,,,1,100,,25901,500,,,1,100,,25902,500,,,1,100,,25903,500,,,1,100,,25904,500,,,1,100,,25905,500,,,1
4201,'SA',540,,25926,500,,,1,100,,25927,500,,,1,100,,25928,500,,,1,100,,25929,500,,,1,100,,25910,500,,,1,100,,25911,500,,,1,100,,25912,500,,,1,100,,25913,500,,,1,100,,25914,500,,,1,100,,25915,500,,,1,100,,25916,500,,,1,100,,25917,500,,,1,100,,25918,500,,,1,100,,25919,500,,,1,100,,25920,500,,,1,100,,25921,500,,,1,100,,25922,500,,,1,100,,25923,500,,,1,100,,25924,500,,,1,100,,25925,500,,,1
4201,'SE',508,,25934,500,,,1,20,,25960,500,,,1,30,,25939,500,,,1,61,,25957,500,,,1,14,,25958,500,,,1,13,,25935,500,,,1,54,,25940,500,,,1,14,,25959,500,,,1,14,,25942,500,,,1,14,,25938,500,,,1,63,,25936,500,,,1,34,,25943,500,,,1,79,,25974,500,,,1,30,,25975,500,,,1,70,,25937,500,,,1,30,,25965,500,,,1,70,,25941,500,,,1,30,,25970,500,,,1,70,,25944,500,,,1,30,,25971,500,,,1,70,,25930,500,,,1,30,,25947,500,,,1,70,,25945,500,,,1,29,,25961,500,,,1,4,,25962,500,,,1,2,,25933,500,,,1,2,,25964,500,,,1,62,,25973,500,,,1,30,,25948,500,,,1,70,,25968,500,,,1,28,,25966,500,,,1,64,,25972,500,,,1,17,,25969,500,,,1,27,,25967,500,,,1,69,,25963,500,,,1,28,,25946,500,,,1,75,,25949,500,,,1,30,,25953,500,,,1,70,,25950,500,,,1,30,,25954,500,,,1,69,,25951,500,,,1,30,,25955,500,,,1,70,,25952,500,,,1,30,,25956,500,,,1,90,,25931,500,,,1,100,,25932,500,,,1
13201,'DI',711,,30958,4947,,,2,100,,30956,4947,,,2,100,,30957,4947,,,2,100,,30962,4947,,,2,100,,30959,4947,,,2,100,,30960,4947,,,2,100,,30963,4947,,,2,100,,30966,4947,,,2,100,,30964,4947,,,2,105,,30968,4947,,,2,95,,30967,4947,,,2,100,,30965,4947,,,2,101,,30969,4947,,,2,98,,30970,4947,,,2,100,,30961,4947,,,2,100,,30955,4947,,,2,100,,30971,4947,,,2,100,,30972,4947,,,2
13201,'F1',711,,30973,4947,,,2,100,,30986,4947,,,2,100,,30977,4947,,,2,100,,30987,4947,,,2,103,,30974,4947,,,2,97,,30978,4947,,,2,104,,30988,4947,,,2,96,,30985,4947,,,2,104,,30989,4947,,,2,96,,30979,4947,,,2,100,,30975,4947,,,2,100,,30976,4947,,,2,101,,30980,4947,,,2,98,,30981,4947,,,2,100,,16454,4947,,,2,100,,30984,4947,,,2,100,,30982,4947,,,2,100,,30983,4947,,,2
13201,'F2',711,,30991,4947,,,2,100,,31007,4947,,,2,100,,30995,4947,,,2,100,,30990,4947,,,2,103,,30992,4947,,,2,97,,30996,4947,,,2,104,,30993,4947,,,2,96,,31006,4947,,,2,104,,30997,4947,,,2,96,,30999,4947,,,2,100,,30994,4947,,,2,100,,30998,4947,,,2,101,,31000,4947,,,2,98,,31002,4947,,,2,100,,31001,4947,,,2,100,,31004,4947,,,2,100,,31003,4947,,,2,100,,31005,4947,,,2
13201,'SA',711,,31009,4947,,,2,100,,31025,4947,,,2,100,,31013,4947,,,2,100,,31008,4947,,,2,103,,31010,4947,,,2,97,,31014,4947,,,2,104,,31011,4947,,,2,96,,31024,4947,,,2,104,,31015,4947,,,2,96,,31017,4947,,,2,100,,31012,4947,,,2,100,,31016,4947,,,2,101,,31018,4947,,,2,98,,31020,4947,,,2,100,,31019,4947,,,2,100,,31022,4947,,,2,100,,31021,4947,,,2,100,,31023,4947,,,2
13201,'SE',545,,31032,4947,,,2,70,,31029,4947,,,2,32,,31038,4947,,,2,60,,31031,4947,,,2,23,,31036,4947,,,2,10,,31042,4947,,,2,10,,31040,4947,,,2,62,,31039,4947,,,2,18,,31033,4947,,,2,17,,31037,4947,,,2,60,,31041,4947,,,2,19,,31051,4947,,,2,19,,16560,4947,,,2,97,,31052,4947,,,2,99,,16564,4947,,,2,96,,31050,4947,,,2,100,,31043,4947,,,2,110,,31044,4947,,,2,11,,31047,4947,,,2,43,,31026,4947,,,2,43,,31034,4947,,,2,65,,31045,4947,,,2,19,,31048,4947,,,2,19,,31030,4947,,,2,63,,31035,4947,,,2,19,,31028,4947,,,2,19,,31046,4947,,,2,59,,31027,4947,,,2,40,,31049,4947,,,2
