4201,'DI',551,,25850,6229,,,1,100,,25851,6229,,,1,100,,25852,6229,,,1,100,,25853,6229,,,1,100,,25854,6229,,,1,100,,25855,6229,,,1,100,,25856,6229,,,1,100,,25857,6229,,,1,100,,25858,6229,,,1,100,,25859,6229,,,1,100,,25860,6229,,,1,100,,25861,6229,,,1,100,,25862,6229,,,1,100,,25863,6229,,,1,100,,25864,6229,,,1,100,,25865,6229,,,1,100,,25866,6229,,,1,100,,25867,6229,,,1,100,,25868,6229,,,1,100,,25869,6229,,,1
4201,'F1',551,,25870,6229,,,1,100,,25871,6229,,,1,100,,25872,6229,,,1,100,,25873,6229,,,1,100,,25874,6229,,,1,100,,25875,6229,,,1,100,,25876,6229,,,1,100,,25877,6229,,,1,100,,25878,6229,,,1,100,,25879,6229,,,1,100,,25880,6229,,,1,100,,25881,6229,,,1,100,,25882,6229,,,1,100,,25883,6229,,,1,100,,25884,6229,,,1,100,,25885,6229,,,1,100,,25886,6229,,,1,100,,25887,6229,,,1,100,,25888,6229,,,1,100,,25889,6229,,,1
4201,'F2',551,,25906,6229,,,1,100,,25907,6229,,,1,100,,25908,6229,,,1,100,,25909,6229,,,1,100,,25890,6229,,,1,100,,25891,6229,,,1,100,,25892,6229,,,1,100,,25893,6229,,,1,100,,25894,6229,,,1,100,,25895,6229,,,1,100,,25896,6229,,,1,100,,25897,6229,,,1,100,,25898,6229,,,1,100,,25899,6229,,,1,100,,25900,6229,,,1,100,,25901,6229,,,1,100,,25902,6229,,,1,100,,25903,6229,,,1,100,,25904,6229,,,1,100,,25905,6229,,,1
4201,'SA',551,,25926,6229,,,1,100,,25927,6229,,,1,100,,25928,6229,,,1,100,,25929,6229,,,1,100,,25910,6229,,,1,100,,25911,6229,,,1,100,,25912,6229,,,1,100,,25913,6229,,,1,100,,25914,6229,,,1,100,,25915,6229,,,1,100,,25916,6229,,,1,100,,25917,6229,,,1,100,,25918,6229,,,1,100,,25919,6229,,,1,100,,25920,6229,,,1,100,,25921,6229,,,1,100,,25922,6229,,,1,100,,25923,6229,,,1,100,,25924,6229,,,1,100,,25925,6229,,,1
4201,'SE',521,,25934,6229,,,1,20,,25960,6229,,,1,70,,25939,6229,,,1,21,,25957,6229,,,1,14,,25958,6229,,,1,54,,25935,6229,,,1,14,,25940,6229,,,1,14,,25959,6229,,,1,14,,25942,6229,,,1,14,,25938,6229,,,1,63,,25936,6229,,,1,34,,25943,6229,,,1,77,,25974,6229,,,1,70,,25975,6229,,,1,30,,25937,6229,,,1,70,,25965,6229,,,1,30,,25941,6229,,,1,70,,25970,6229,,,1,30,,25944,6229,,,1,70,,25971,6229,,,1,30,,25930,6229,,,1,70,,25947,6229,,,1,30,,25945,6229,,,1,70,,25961,6229,,,1,4,,25962,6229,,,1,2,,25933,6229,,,1,2,,25964,6229,,,1,22,,25973,6229,,,1,70,,25948,6229,,,1,30,,25968,6229,,,1,28,,25966,6229,,,1,64,,25972,6229,,,1,17,,25969,6229,,,1,67,,25967,6229,,,1,29,,25963,6229,,,1,66,,25946,6229,,,1,35,,25949,6229,,,1,70,,25953,6229,,,1,30,,25950,6229,,,1,70,,25954,6229,,,1,29,,25951,6229,,,1,69,,25955,6229,,,1,30,,25952,6229,,,1,70,,25956,6229,,,1,50,,25931,6229,,,1,100,,25932,6229,,,1
6001,'SE',556,,27422,7602,,,1,62,,27419,7602,,,1,21,,27413,7602,,,1,68,,27423,7602,,,1,28,,27415,7602,,,1,68,,27424,7602,,,1,26,,27432,7602,,,1,14,,27433,7602,,,1,72,,27425,7602,,,1,100,,27431,7602,,,1,100,,27420,7602,,,1,100,,27426,7602,,,1,101,,27421,7602,,,1,100,,27439,7602,,,1,101,,27434,7602,,,1,99,,27435,7602,,,1,30,,27430,7602,,,1,67,,27427,7602,,,1,24,,27428,7602,,,1,67,,27417,7602,,,1,29,,27436,7602,,,1,70,,27429,7602,,,1,48,,27437,7602,,,1,100,,27416,7602,,,1,99,,27438,7602,,,1,100,,27414,7602,,,1,95,,27418,7602,,,1
16001,'DI',612,,31137,13996,,,1,99,,31132,13996,,,1,100,,31138,13996,,,1,100,,31141,13996,,,1,100,,31144,13996,,,1,100,,31139,13996,,,1,100,,31145,13996,,,1,100,,31136,13996,,,1,100,,31146,13996,,,1,100,,31134,13996,,,1,100,,31131,13996,,,1,100,,31142,13996,,,1,100,,31140,13996,,,1,100,,31147,13996,,,1,100,,31143,13996,,,1,103,,31135,13996,,,1,97,,31133,13996,,,1
16001,'F1',613,,31153,13996,,,1,99,,31152,13996,,,1,99,,31157,13996,,,1,100,,31150,13996,,,1,99,,31149,13996,,,1,101,,31154,13996,,,1,100,,31158,13996,,,1,100,,16717,13996,,,1,100,,31155,13996,,,1,100,,31148,13996,,,1,100,,16718,13996,,,1,100,,31151,13996,,,1,100,,31156,13996,,,1,101,,16719,13996,,,1,99,,31159,13996,,,1,103,,16720,13996,,,1,97,,31160,13996,,,1
16001,'F2',613,,31169,13996,,,1,99,,31167,13996,,,1,99,,31165,13996,,,1,100,,31170,13996,,,1,99,,31164,13996,,,1,101,,31161,13996,,,1,100,,31168,13996,,,1,100,,31174,13996,,,1,100,,31162,13996,,,1,100,,31166,13996,,,1,100,,31175,13996,,,1,100,,31171,13996,,,1,100,,31163,13996,,,1,101,,31176,13996,,,1,99,,31172,13996,,,1,103,,31177,13996,,,1,97,,31173,13996,,,1
16001,'SA',613,,31186,13996,,,1,99,,31184,13996,,,1,99,,31182,13996,,,1,100,,16801,13996,,,1,99,,31181,13996,,,1,101,,31178,13996,,,1,100,,31185,13996,,,1,100,,31189,13996,,,1,100,,31179,13996,,,1,100,,31183,13996,,,1,100,,31190,13996,,,1,100,,16802,13996,,,1,100,,31180,13996,,,1,101,,31191,13996,,,1,99,,31187,13996,,,1,103,,31192,13996,,,1,97,,31188,13996,,,1
16001,'SE',625,,31196,13996,,,1,28,,31197,13996,,,1,68,,31201,13996,,,1,28,,31203,13996,,,1,63,,31213,13996,,,1,23,,31215,13996,,,1,68,,31200,13996,,,1,43,,31214,13996,,,1,98,,31211,13996,,,1,93,,31199,13996,,,1,100,,31202,13996,,,1,100,,31204,13996,,,1,100,,31198,13996,,,1,99,,31216,13996,,,1,92,,31194,13996,,,1,97,,31205,13996,,,1,30,,31193,13996,,,1,67,,31206,13996,,,1,25,,31217,13996,,,1,66,,31195,13996,,,1,99,,31207,13996,,,1,100,,31210,13996,,,1,101,,31208,13996,,,1,100,,31212,13996,,,1,90,,31209,13996,,,1
53200,'SE',1622,,32354,2782,,,2,1,,32355,2782,,,2
54200,'SE',1634,,32372,5186,,,2
