5400,'DI',707,,27057,7232,,,1,100,,27050,7232,,,1,101,,27044,7232,,,1,102,,27051,7232,,,1,100,,27045,7232,,,1,100,,27032,7232,,,1,31,,27054,7232,,,1,70,,27055,7232,,,1,30,,27033,7232,,,1,70,,27046,7232,,,1,30,,27037,7232,,,1,70,,27056,7232,,,1,30,,27052,7232,,,1,70,,27043,7232,,,1,30,,27047,7232,,,1,70,,27048,7232,,,1,29,,27038,7232,,,1,73,,27053,7232,,,1,34,,27049,7232,,,1,63,,27034,7232,,,1,100,,27035,7232,,,1,100,,27036,7232,,,1,100,,27039,7232,,,1,100,,27040,7232,,,1,99,,27041,7232,,,1,100,,27042,7232,,,1
5400,'F1',707,,27079,7232,,,1,30,,27072,7232,,,1,70,,27082,7232,,,1,31,,27085,7232,,,1,70,,27063,7232,,,1,32,,27058,7232,,,1,70,,27080,7232,,,1,30,,27073,7232,,,1,70,,27059,7232,,,1,30,,27081,7232,,,1,70,,27076,7232,,,1,31,,27064,7232,,,1,70,,27074,7232,,,1,30,,27077,7232,,,1,70,,27068,7232,,,1,30,,27075,7232,,,1,70,,27083,7232,,,1,30,,27078,7232,,,1,70,,27060,7232,,,1,30,,27084,7232,,,1,70,,27066,7232,,,1,29,,27061,7232,,,1,73,,27062,7232,,,1,30,,27067,7232,,,1,67,,27065,7232,,,1,100,,27069,7232,,,1,100,,27070,7232,,,1,100,,27071,7232,,,1,100,,27086,7232,,,1,99,,27087,7232,,,1,100,,27088,7232,,,1
5400,'F2',707,,27102,7232,,,1,30,,27110,7232,,,1,70,,27105,7232,,,1,31,,27104,7232,,,1,70,,27103,7232,,,1,32,,27094,7232,,,1,70,,27092,7232,,,1,30,,27111,7232,,,1,70,,27100,7232,,,1,30,,27093,7232,,,1,70,,27095,7232,,,1,31,,27101,7232,,,1,70,,27112,7232,,,1,30,,27096,7232,,,1,70,,27106,7232,,,1,30,,27113,7232,,,1,70,,27089,7232,,,1,30,,27107,7232,,,1,70,,27097,7232,,,1,30,,27090,7232,,,1,70,,27108,7232,,,1,29,,27098,7232,,,1,73,,27091,7232,,,1,30,,27109,7232,,,1,67,,27099,7232,,,1,100,,27114,7232,,,1,100,,27115,7232,,,1,100,,27116,7232,,,1,100,,27117,7232,,,1,99,,27118,7232,,,1,100,,27119,7232,,,1
5400,'SA',707,,27133,7232,,,1,30,,27141,7232,,,1,70,,27136,7232,,,1,31,,27135,7232,,,1,70,,27134,7232,,,1,32,,27125,7232,,,1,70,,27123,7232,,,1,30,,10589,7232,,,1,70,,27131,7232,,,1,30,,27124,7232,,,1,70,,27126,7232,,,1,31,,27132,7232,,,1,70,,27142,7232,,,1,30,,27127,7232,,,1,70,,27137,7232,,,1,30,,10591,7232,,,1,70,,27120,7232,,,1,30,,27138,7232,,,1,70,,27128,7232,,,1,30,,27121,7232,,,1,70,,27139,7232,,,1,29,,27129,7232,,,1,73,,27122,7232,,,1,30,,27140,7232,,,1,67,,27130,7232,,,1,100,,27143,7232,,,1,100,,27144,7232,,,1,100,,27145,7232,,,1,100,,27146,7232,,,1,99,,27147,7232,,,1,100,,27148,7232,,,1
5400,'SE',701,,27162,7232,,,1,36,,27151,7232,,,1,71,,27161,7232,,,1,34,,27154,7232,,,1,72,,27177,7232,,,1,30,,27174,7232,,,1,70,,27178,7232,,,1,30,,27169,7232,,,1,70,,27166,7232,,,1,30,,27158,7232,,,1,70,,27176,7232,,,1,30,,27150,7232,,,1,71,,27179,7232,,,1,30,,27160,7232,,,1,70,,27153,7232,,,1,30,,27167,7232,,,1,66,,27155,7232,,,1,27,,27165,7232,,,1,70,,27156,7232,,,1,30,,27164,7232,,,1,74,,27168,7232,,,1,23,,27172,7232,,,1,75,,27157,7232,,,1,28,,27180,7232,,,1,75,,27175,7232,,,1,29,,27170,7232,,,1,68,,27149,7232,,,1,30,,27181,7232,,,1,70,,27173,7232,,,1,30,,27152,7232,,,1,68,,27182,7232,,,1,100,,27171,7232,,,1,99,,27159,7232,,,1,100,,27163,7232,,,1
5901,'SE',604,,27380,9752,,,2,30,,27382,9752,,,2,72,,27379,9752,,,2,20,,27383,9752,,,2,20,,27381,9752,,,2,69,,27384,9752,,,2
7700,'DI',722,,29073,8784,0,6 33 34,1,100,,29076,8784,0,6 33 34,1,100,,29074,8784,0,6 33 34,1,100,,29077,8784,0,6 33 34,1,100,,29075,8784,0,6 33 34,1,100,,29072,8784,0,6 33 34,1,100,,29078,8784,0,6 33 34,1,100,,29081,8784,0,6 33 34,1,100,,29071,8784,0,6 33 34,1,100,,29082,8784,0,6 33 34,1,100,,29083,8784,0,6 33 34,1,100,,29084,8784,0,6 33 34,1,99,,29079,8784,0,6 33 34,1,100,,29085,8784,0,6 33 34,1,100,,29080,8784,0,6 33 34,1
7700,'F1',722,,29089,8784,0,6 33 34,1,100,,29091,8784,0,6 33 34,1,100,,29090,8784,0,6 33 34,1,100,,29092,8784,0,6 33 34,1,100,,29086,8784,0,6 33 34,1,100,,29093,8784,0,6 33 34,1,100,,29094,8784,0,6 33 34,1,97,,29087,8784,0,6 33 34,1,103,,29095,8784,0,6 33 34,1,99,,29097,8784,0,6 33 34,1,101,,29096,8784,0,6 33 34,1,100,,29098,8784,0,6 33 34,1,99,,29099,8784,0,6 33 34,1,100,,29088,8784,0,6 33 34,1,100,,29100,8784,0,6 33 34,1
7700,'F2',722,,29115,8784,0,6 33 34,1,100,,29106,8784,0,6 33 34,1,100,,29102,8784,0,6 33 34,1,100,,29107,8784,0,6 33 34,1,100,,29103,8784,0,6 33 34,1,100,,29105,8784,0,6 33 34,1,100,,29108,8784,0,6 33 34,1,97,,29101,8784,0,6 33 34,1,103,,29109,8784,0,6 33 34,1,99,,29111,8784,0,6 33 34,1,101,,29110,8784,0,6 33 34,1,100,,29112,8784,0,6 33 34,1,99,,29113,8784,0,6 33 34,1,100,,29104,8784,0,6 33 34,1,100,,29114,8784,0,6 33 34,1
7700,'SA',722,,29129,8784,0,6 33 34,1,100,,29120,8784,0,6 33 34,1,100,,29117,8784,0,6 33 34,1,100,,29121,8784,0,6 33 34,1,100,,13602,8784,0,6 33 34,1,100,,29119,8784,0,6 33 34,1,100,,29122,8784,0,6 33 34,1,97,,29116,8784,0,6 33 34,1,103,,29123,8784,0,6 33 34,1,99,,29125,8784,0,6 33 34,1,101,,29124,8784,0,6 33 34,1,100,,29126,8784,0,6 33 34,1,99,,29127,8784,0,6 33 34,1,100,,29118,8784,0,6 33 34,1,100,,29128,8784,0,6 33 34,1
7700,'SE',611,,29133,8784,0,6 33 34,1,15,,29134,8784,0,6 33 34,1,20,,29139,8784,0,6 33 34,1,58,,29142,8784,0,6 33 34,1,30,,29145,8784,0,6 33 34,1,23,,29140,8784,0,6 33 34,1,62,,29144,8784,0,6 33 34,1,15,,29135,8784,0,6 33 34,1,71,,29143,8784,0,6 33 34,1,30,,29146,8784,0,6 33 34,1,70,,29141,8784,0,6 33 34,1,30,,29136,8784,0,6 33 34,1,70,,29148,8784,0,6 33 34,1,30,,29147,8784,0,6 33 34,1,70,,29150,8784,0,6 33 34,1,31,,29151,8784,0,6 33 34,1,73,,29149,8784,0,6 33 34,1,30,,29152,8784,0,6 33 34,1,70,,29156,8784,0,6 33 34,1,27,,29158,8784,0,6 33 34,1,20,,29161,8784,0,6 33 34,1,60,,29165,8784,0,6 33 34,1,20,,29153,8784,0,6 33 34,1,5,,29131,8784,0,6 33 34,1,15,,29157,8784,0,6 33 34,1,59,,29137,8784,0,6 33 34,1,18,,29159,8784,0,6 33 34,1,18,,29162,8784,0,6 33 34,1,57,,29166,8784,0,6 33 34,1,18,,13636,8784,0,6 33 34,1,18,,29154,8784,0,6 33 34,1,60,,29138,8784,0,6 33 34,1,18,,29160,8784,0,6 33 34,1,2,,29164,8784,0,6 33 34,1,19,,29163,8784,0,6 33 34,1,16,,29155,8784,0,6 33 34,1,70,,29167,8784,0,6 33 34,1,72,,29169,8784,0,6 33 34,1,31,,29132,8784,0,6 33 34,1,27,,29130,8784,0,6 33 34,1,70,,29168,8784,0,6 33 34,1
