800,'DI',555,,21738,3796,,,1,71,,21733,3796,,,1,30,,2441,3796,,,1,70,,2447,3796,,,1,30,,21739,3796,,,1,70,,21734,3796,,,1,32,,2442,3796,,,1,70,,2448,3796,,,1,30,,21740,3796,,,1,70,,21735,3796,,,1,30,,2443,3796,,,1,70,,2449,3796,,,1,31,,21741,3796,,,1,70,,2436,3796,,,1,30,,2444,3796,,,1,70,,2450,3796,,,1,30,,21742,3796,,,1,70,,21736,3796,,,1,30,,2445,3796,,,1,70,,21745,3796,,,1,30,,21743,3796,,,1,70,,21737,3796,,,1,29,,2446,3796,,,1,70,,21746,3796,,,1,72,,21744,3796,,,1,43,,2437,3796,,,1,100,,21747,3796,,,1,100,,2438,3796,,,1,99,,21748,3796,,,1,100,,2439,3796,,,1,100,,21749,3796,,,1,100,,2440,3796,,,1,100,,21732,3796,,,1
800,'F1',554,,21771,3796,,,1,70,,21755,3796,,,1,32,,21759,3796,,,1,70,,21769,3796,,,1,31,,21772,3796,,,1,70,,21756,3796,,,1,30,,21760,3796,,,1,71,,21770,3796,,,1,30,,21773,3796,,,1,70,,21757,3796,,,1,30,,21750,3796,,,1,70,,21778,3796,,,1,28,,21774,3796,,,1,72,,21758,3796,,,1,30,,21751,3796,,,1,70,,21779,3796,,,1,30,,21775,3796,,,1,70,,21782,3796,,,1,30,,21752,3796,,,1,70,,21780,3796,,,1,30,,21776,3796,,,1,70,,21783,3796,,,1,30,,21753,3796,,,1,70,,21781,3796,,,1,72,,21777,3796,,,1,28,,21761,3796,,,1,30,,21754,3796,,,1,86,,21765,3796,,,1,98,,21762,3796,,,1,100,,21766,3796,,,1,100,,21763,3796,,,1,100,,21767,3796,,,1,100,,21764,3796,,,1,100,,21768,3796,,,1
800,'F2',554,,21805,3796,,,1,70,,21788,3796,,,1,32,,21801,3796,,,1,70,,21803,3796,,,1,31,,21806,3796,,,1,70,,21789,3796,,,1,30,,21802,3796,,,1,71,,21804,3796,,,1,30,,21807,3796,,,1,70,,21790,3796,,,1,30,,21796,3796,,,1,70,,21812,3796,,,1,28,,21808,3796,,,1,72,,21791,3796,,,1,30,,21797,3796,,,1,70,,21813,3796,,,1,30,,21809,3796,,,1,70,,21816,3796,,,1,30,,21798,3796,,,1,70,,21814,3796,,,1,30,,21810,3796,,,1,70,,21817,3796,,,1,30,,21799,3796,,,1,70,,21815,3796,,,1,72,,21811,3796,,,1,28,,21784,3796,,,1,30,,21800,3796,,,1,86,,21792,3796,,,1,98,,21785,3796,,,1,100,,21793,3796,,,1,100,,21786,3796,,,1,100,,21794,3796,,,1,100,,21787,3796,,,1,100,,21795,3796,,,1
800,'SA',554,,21839,3796,,,1,70,,21822,3796,,,1,32,,21835,3796,,,1,70,,21837,3796,,,1,31,,21840,3796,,,1,70,,21823,3796,,,1,30,,21836,3796,,,1,71,,21838,3796,,,1,30,,21841,3796,,,1,70,,21824,3796,,,1,30,,21830,3796,,,1,70,,21846,3796,,,1,28,,21842,3796,,,1,72,,21825,3796,,,1,30,,21831,3796,,,1,70,,21847,3796,,,1,30,,21843,3796,,,1,70,,2660,3796,,,1,30,,21832,3796,,,1,70,,21848,3796,,,1,30,,21844,3796,,,1,70,,2661,3796,,,1,30,,21833,3796,,,1,70,,21849,3796,,,1,72,,21845,3796,,,1,28,,21818,3796,,,1,30,,21834,3796,,,1,86,,21826,3796,,,1,98,,21819,3796,,,1,100,,21827,3796,,,1,100,,21820,3796,,,1,100,,21828,3796,,,1,100,,21821,3796,,,1,100,,21829,3796,,,1
800,'SE',457,,21884,3796,,,1,68,,21886,3796,,,1,22,,21893,3796,,,1,81,,21850,3796,,,1,30,,21885,3796,,,1,61,,21887,3796,,,1,19,,21878,3796,,,1,13,,21853,3796,,,1,55,,21854,3796,,,1,15,,21857,3796,,,1,15,,21851,3796,,,1,17,,21867,3796,,,1,55,,21863,3796,,,1,15,,21888,3796,,,1,15,,21859,3796,,,1,15,,21912,3796,,,1,55,,21855,3796,,,1,15,,21858,3796,,,1,15,,21852,3796,,,1,15,,21864,3796,,,1,55,,21868,3796,,,1,15,,21896,3796,,,1,15,,21889,3796,,,1,15,,21897,3796,,,1,55,,21871,3796,,,1,15,,21915,3796,,,1,15,,21916,3796,,,1,15,,21913,3796,,,1,55,,21902,3796,,,1,15,,21900,3796,,,1,15,,21879,3796,,,1,15,,21860,3796,,,1,55,,21898,3796,,,1,16,,21856,3796,,,1,15,,21914,3796,,,1,14,,21901,3796,,,1,54,,21910,3796,,,1,4,,21872,3796,,,1,13,,21869,3796,,,1,15,,21905,3796,,,1,15,,21904,3796,,,1,55,,21890,3796,,,1,15,,21861,3796,,,1,12,,21899,3796,,,1,12,,21917,3796,,,1,53,,21903,3796,,,1,11,,21883,3796,,,1,12,,21882,3796,,,1,12,,21911,3796,,,1,11,,21870,3796,,,1,12,,21906,3796,,,1,52,,21876,3796,,,1,12,,21877,3796,,,1,10,,21894,3796,,,1,10,,21862,3796,,,1,60,,21880,3796,,,1,27,,21907,3796,,,1,70,,21891,3796,,,1,30,,21895,3796,,,1,28,,21881,3796,,,1,70,,21908,3796,,,1,30,,21892,3796,,,1,85,,21873,3796,,,1,100,,21909,3796,,,1,98,,21874,3796,,,1,100,,21875,3796,,,1
2800,'DI',850,,24697,3796,0,39 40,1,101,,24702,3796,0,39 40,1,100,,24700,3796,0,39 40,1,100,,24698,3796,0,39 40,1,100,,24699,3796,0,39 40,1,100,,24703,3796,0,39 40,1,100,,24706,3796,0,39 40,1,101,,24705,3796,0,39 40,1,99,,24704,3796,0,39 40,1,100,,24701,3796,0,39 40,1
2800,'F1',852,,24713,3796,0,39 40,1,99,,24711,3796,0,39 40,1,103,,24707,3796,0,39 40,1,97,,24714,3796,0,39 40,1,101,,24712,3796,0,39 40,1,100,,24716,3796,0,39 40,1,99,,24708,3796,0,39 40,1,103,,24710,3796,0,39 40,1,99,,24715,3796,0,39 40,1,98,,24709,3796,0,39 40,1
2800,'F2',852,,24724,3796,0,39 40,1,99,,24719,3796,0,39 40,1,103,,24717,3796,0,39 40,1,97,,24721,3796,0,39 40,1,101,,24720,3796,0,39 40,1,100,,24722,3796,0,39 40,1,99,,24718,3796,0,39 40,1,103,,24726,3796,0,39 40,1,99,,24725,3796,0,39 40,1,98,,24723,3796,0,39 40,1
2800,'SA',852,,24733,3796,0,39 40,1,99,,24729,3796,0,39 40,1,103,,24727,3796,0,39 40,1,97,,24730,3796,0,39 40,1,101,,6923,3796,0,39 40,1,100,,24731,3796,0,39 40,1,99,,24728,3796,0,39 40,1,103,,24735,3796,0,39 40,1,99,,24734,3796,0,39 40,1,98,,24732,3796,0,39 40,1
2800,'SE',616,,24771,3796,0,39 40,1,86,,24769,3796,0,39 40,1,22,,24772,3796,0,39 40,1,3,,24773,3796,0,39 40,1,16,,24737,3796,0,39 40,1,13,,24752,3796,0,39 40,1,55,,24770,3796,0,39 40,1,15,,24736,3796,0,39 40,1,14,,24742,3796,0,39 40,1,18,,24754,3796,0,39 40,1,70,,24738,3796,0,39 40,1,30,,24753,3796,0,39 40,1,70,,24755,3796,0,39 40,1,30,,24739,3796,0,39 40,1,70,,24760,3796,0,39 40,1,30,,24756,3796,0,39 40,1,70,,24740,3796,0,39 40,1,30,,24761,3796,0,39 40,1,70,,24757,3796,0,39 40,1,30,,24741,3796,0,39 40,1,70,,24762,3796,0,39 40,1,31,,24774,3796,0,39 40,1,56,,24766,3796,0,39 40,1,14,,24764,3796,0,39 40,1,15,,24748,3796,0,39 40,1,15,,24776,3796,0,39 40,1,55,,24743,3796,0,39 40,1,14,,24745,3796,0,39 40,1,12,,24775,3796,0,39 40,1,12,,24767,3796,0,39 40,1,52,,24765,3796,0,39 40,1,12,,24758,3796,0,39 40,1,12,,24749,3796,0,39 40,1,12,,24763,3796,0,39 40,1,11,,24744,3796,0,39 40,1,52,,24768,3796,0,39 40,1,12,,24747,3796,0,39 40,1,13,,24751,3796,0,39 40,1,95,,24746,3796,0,39 40,1,100,,24759,3796,0,39 40,1,98,,24750,3796,0,39 40,1
8800,'DI',711,,30028,3796,,,1,30,,30033,3796,,,1,70,,30039,3796,,,1,30,,30048,3796,,,1,70,,30029,3796,,,1,30,,30034,3796,,,1,72,,30040,3796,,,1,30,,30049,3796,,,1,70,,30030,3796,,,1,30,,30035,3796,,,1,70,,30041,3796,,,1,30,,30050,3796,,,1,70,,30031,3796,,,1,30,,30036,3796,,,1,70,,30042,3796,,,1,30,,15002,3796,,,1,70,,30043,3796,,,1,30,,30037,3796,,,1,70,,30051,3796,,,1,30,,15003,3796,,,1,70,,30044,3796,,,1,30,,30038,3796,,,1,70,,30052,3796,,,1,100,,30045,3796,,,1,100,,30053,3796,,,1,100,,30046,3796,,,1,100,,30054,3796,,,1,97,,30047,3796,,,1,100,,30027,3796,,,1,100,,30032,3796,,,1
8800,'F1',711,,30061,3796,,,1,30,,15061,3796,,,1,71,,30074,3796,,,1,30,,30065,3796,,,1,71,,30062,3796,,,1,30,,15062,3796,,,1,70,,30075,3796,,,1,30,,30066,3796,,,1,70,,15046,3796,,,1,30,,30070,3796,,,1,70,,30076,3796,,,1,30,,30067,3796,,,1,70,,15047,3796,,,1,30,,30071,3796,,,1,70,,30077,3796,,,1,30,,30057,3796,,,1,70,,15048,3796,,,1,30,,30072,3796,,,1,70,,30078,3796,,,1,30,,30058,3796,,,1,71,,30079,3796,,,1,29,,30073,3796,,,1,71,,30068,3796,,,1,29,,30059,3796,,,1,70,,30063,3796,,,1,100,,30069,3796,,,1,99,,30064,3796,,,1,99,,30056,3796,,,1,100,,30055,3796,,,1,100,,30060,3796,,,1,100,,15032,3796,,,1
8800,'F2',711,,30083,3796,,,1,30,,30108,3796,,,1,71,,30104,3796,,,1,30,,30095,3796,,,1,71,,30088,3796,,,1,30,,30109,3796,,,1,70,,30105,3796,,,1,30,,30096,3796,,,1,70,,30089,3796,,,1,30,,30100,3796,,,1,70,,30085,3796,,,1,30,,30097,3796,,,1,70,,30090,3796,,,1,30,,30101,3796,,,1,70,,30086,3796,,,1,30,,30080,3796,,,1,70,,30091,3796,,,1,30,,30102,3796,,,1,70,,30087,3796,,,1,30,,30081,3796,,,1,71,,30110,3796,,,1,29,,30103,3796,,,1,71,,30098,3796,,,1,29,,30082,3796,,,1,70,,30092,3796,,,1,100,,30099,3796,,,1,99,,30093,3796,,,1,99,,30107,3796,,,1,100,,30094,3796,,,1,100,,30106,3796,,,1,100,,30084,3796,,,1
8800,'SA',711,,30114,3796,,,1,30,,30138,3796,,,1,71,,30135,3796,,,1,30,,30126,3796,,,1,71,,30119,3796,,,1,30,,30139,3796,,,1,70,,30136,3796,,,1,30,,30127,3796,,,1,70,,30120,3796,,,1,30,,30131,3796,,,1,70,,30116,3796,,,1,30,,30128,3796,,,1,70,,30121,3796,,,1,30,,30132,3796,,,1,70,,30117,3796,,,1,30,,30111,3796,,,1,70,,30122,3796,,,1,30,,30133,3796,,,1,70,,30118,3796,,,1,30,,30112,3796,,,1,71,,30140,3796,,,1,29,,30134,3796,,,1,71,,30129,3796,,,1,29,,30113,3796,,,1,70,,30123,3796,,,1,100,,30130,3796,,,1,99,,30124,3796,,,1,99,,15203,3796,,,1,100,,30125,3796,,,1,100,,30137,3796,,,1,100,,30115,3796,,,1
8800,'SE',711,,30151,3796,,,1,21,,30183,3796,,,1,15,,30184,3796,,,1,54,,15219,3796,,,1,15,,30185,3796,,,1,15,,30153,3796,,,1,15,,30154,3796,,,1,69,,30173,3796,,,1,30,,30152,3796,,,1,70,,30150,3796,,,1,30,,30171,3796,,,1,70,,30174,3796,,,1,30,,30143,3796,,,1,70,,30141,3796,,,1,30,,30175,3796,,,1,70,,30144,3796,,,1,30,,30172,3796,,,1,71,,30187,3796,,,1,30,,30176,3796,,,1,57,,30178,3796,,,1,16,,30180,3796,,,1,15,,30145,3796,,,1,15,,30156,3796,,,1,55,,30186,3796,,,1,15,,30161,3796,,,1,13,,30165,3796,,,1,12,,30142,3796,,,1,12,,30166,3796,,,1,52,,30158,3796,,,1,13,,30163,3796,,,1,11,,30149,3796,,,1,11,,30181,3796,,,1,12,,30146,3796,,,1,52,,30157,3796,,,1,12,,30179,3796,,,1,19,,30162,3796,,,1,15,,15235,3796,,,1,62,,30159,3796,,,1,30,,30182,3796,,,1,70,,30177,3796,,,1,28,,15236,3796,,,1,70,,30160,3796,,,1,30,,30148,3796,,,1,70,,30169,3796,,,1,100,,30167,3796,,,1,99,,30170,3796,,,1,99,,30168,3796,,,1
