2901,'DI',710,,24956,5922,,,1,100,,24957,5922,,,1,100,,24958,5922,,,1,100,,24959,5922,,,1,100,,24960,5922,,,1,100,,24961,5922,,,1,100,,24962,5922,,,1,100,,24963,5922,,,1,100,,24964,5922,,,1,100,,24965,5922,,,1,100,,24966,5922,,,1,100,,24967,5922,,,1,98,,24968,5922,,,1,100,,24969,5922,,,1,100,,24970,5922,,,1,100,,24971,5922,,,1,100,,24972,5922,,,1,120,,24973,5922,,,1
2901,'F1',710,,24975,5922,,,1,100,,24976,5922,,,1,100,,24977,5922,,,1,100,,24978,5922,,,1,100,,24979,5922,,,1,100,,24980,5922,,,1,100,,24981,5922,,,1,100,,24982,5922,,,1,99,,24983,5922,,,1,99,,24984,5922,,,1,99,,24985,5922,,,1,108,,24986,5922,,,1,97,,24987,5922,,,1,97,,24988,5922,,,1,99,,24989,5922,,,1,100,,24990,5922,,,1,100,,24991,5922,,,1,120,,24992,5922,,,1
2901,'F2',710,,25007,5922,,,1,100,,25008,5922,,,1,100,,25009,5922,,,1,100,,25010,5922,,,1,100,,25011,5922,,,1,100,,25012,5922,,,1,100,,24994,5922,,,1,100,,24995,5922,,,1,99,,24996,5922,,,1,99,,24997,5922,,,1,99,,24998,5922,,,1,108,,24999,5922,,,1,97,,25000,5922,,,1,97,,25001,5922,,,1,99,,25002,5922,,,1,100,,25003,5922,,,1,100,,25004,5922,,,1,120,,25005,5922,,,1
2901,'SA',710,,25026,5922,,,1,100,,25027,5922,,,1,100,,25028,5922,,,1,100,,25029,5922,,,1,100,,25030,5922,,,1,100,,25031,5922,,,1,100,,25013,5922,,,1,100,,25014,5922,,,1,99,,25015,5922,,,1,99,,25016,5922,,,1,99,,25017,5922,,,1,108,,25018,5922,,,1,97,,25019,5922,,,1,97,,25020,5922,,,1,99,,25021,5922,,,1,100,,25022,5922,,,1,100,,25023,5922,,,1,120,,25024,5922,,,1
2901,'SE',640,,25045,5922,,,1,66,,7376,5922,,,1,36,,25056,5922,,,1,2,,25047,5922,,,1,67,,25041,5922,,,1,30,,25044,5922,,,1,69,,25046,5922,,,1,103,,25040,5922,,,1,100,,25058,5922,,,1,101,,25039,5922,,,1,100,,25034,5922,,,1,100,,25037,5922,,,1,101,,25035,5922,,,1,35,,25048,5922,,,1,65,,25049,5922,,,1,34,,25036,5922,,,1,60,,25038,5922,,,1,28,,25043,5922,,,1,13,,25057,5922,,,1,68,,25042,5922,,,1,28,,25050,5922,,,1,67,,25033,5922,,,1,99,,25032,5922,,,1,99,,25051,5922,,,1,98,,25052,5922,,,1,98,,25053,5922,,,1,121,,25054,5922,,,1
7700,'DI',658,,29073,248,0,6 33 34,1,100,,29076,248,0,6 33 34,1,100,,29074,248,0,6 33 34,1,100,,29077,248,0,6 33 34,1,100,,29075,248,0,6 33 34,1,100,,29072,248,0,6 33 34,1,100,,29078,248,0,6 33 34,1,100,,29081,248,0,6 33 34,1,100,,29071,248,0,6 33 34,1,100,,29082,248,0,6 33 34,1,100,,29083,248,0,6 33 34,1,100,,29084,248,0,6 33 34,1,100,,29079,248,0,6 33 34,1,100,,29085,248,0,6 33 34,1,100,,29080,248,0,6 33 34,1
7700,'F1',658,,29089,248,0,6 33 34,1,100,,29091,248,0,6 33 34,1,100,,29090,248,0,6 33 34,1,100,,29092,248,0,6 33 34,1,100,,29086,248,0,6 33 34,1,100,,29093,248,0,6 33 34,1,100,,29094,248,0,6 33 34,1,97,,29087,248,0,6 33 34,1,103,,29095,248,0,6 33 34,1,99,,29097,248,0,6 33 34,1,101,,29096,248,0,6 33 34,1,100,,29098,248,0,6 33 34,1,100,,29099,248,0,6 33 34,1,100,,29088,248,0,6 33 34,1,100,,29100,248,0,6 33 34,1
7700,'F2',658,,29115,248,0,6 33 34,1,100,,29106,248,0,6 33 34,1,100,,29102,248,0,6 33 34,1,100,,29107,248,0,6 33 34,1,100,,29103,248,0,6 33 34,1,100,,29105,248,0,6 33 34,1,100,,29108,248,0,6 33 34,1,97,,29101,248,0,6 33 34,1,103,,29109,248,0,6 33 34,1,99,,29111,248,0,6 33 34,1,101,,29110,248,0,6 33 34,1,100,,29112,248,0,6 33 34,1,100,,29113,248,0,6 33 34,1,100,,29104,248,0,6 33 34,1,100,,29114,248,0,6 33 34,1
7700,'SA',658,,29129,248,0,6 33 34,1,100,,29120,248,0,6 33 34,1,100,,29117,248,0,6 33 34,1,100,,29121,248,0,6 33 34,1,100,,13602,248,0,6 33 34,1,100,,29119,248,0,6 33 34,1,100,,29122,248,0,6 33 34,1,97,,29116,248,0,6 33 34,1,103,,29123,248,0,6 33 34,1,99,,29125,248,0,6 33 34,1,101,,29124,248,0,6 33 34,1,100,,29126,248,0,6 33 34,1,100,,29127,248,0,6 33 34,1,100,,29118,248,0,6 33 34,1,100,,29128,248,0,6 33 34,1
7700,'SE',551,,29133,248,0,6 33 34,1,55,,29134,248,0,6 33 34,1,20,,29139,248,0,6 33 34,1,15,,29142,248,0,6 33 34,1,67,,29145,248,0,6 33 34,1,23,,29140,248,0,6 33 34,1,22,,29144,248,0,6 33 34,1,55,,29135,248,0,6 33 34,1,32,,29143,248,0,6 33 34,1,70,,29146,248,0,6 33 34,1,30,,29141,248,0,6 33 34,1,70,,29136,248,0,6 33 34,1,30,,29148,248,0,6 33 34,1,70,,29147,248,0,6 33 34,1,30,,29150,248,0,6 33 34,1,70,,29151,248,0,6 33 34,1,33,,29149,248,0,6 33 34,1,70,,29152,248,0,6 33 34,1,30,,29156,248,0,6 33 34,1,66,,29158,248,0,6 33 34,1,20,,29161,248,0,6 33 34,1,20,,29165,248,0,6 33 34,1,60,,29153,248,0,6 33 34,1,5,,29131,248,0,6 33 34,1,15,,29157,248,0,6 33 34,1,18,,29137,248,0,6 33 34,1,58,,29159,248,0,6 33 34,1,18,,29162,248,0,6 33 34,1,18,,29166,248,0,6 33 34,1,18,,13636,248,0,6 33 34,1,60,,29154,248,0,6 33 34,1,20,,29138,248,0,6 33 34,1,18,,29160,248,0,6 33 34,1,2,,29164,248,0,6 33 34,1,60,,29163,248,0,6 33 34,1,18,,29155,248,0,6 33 34,1,70,,29167,248,0,6 33 34,1,32,,29169,248,0,6 33 34,1,71,,29132,248,0,6 33 34,1,29,,29130,248,0,6 33 34,1,70,,29168,248,0,6 33 34,1
