1400,'SE',638,,22632,13244,,,1,17,,22627,13244,,,1,66,,22628,13244,,,1,13,,22631,13244,,,1,17,,22634,13244,,,1,58,,22633,13244,,,1,30,,22629,13244,,,1,20,,22630,13244,,,1,92,,22642,10996,,,1,100,,22645,10996,,,1,100,,22646,10996,,,1,100,,22635,10996,,,1,100,,22638,10996,,,1,100,,22637,10996,,,1,150,,22641,10996,,,1,13,,3826,10996,,,1,18,,22648,10996,,,1,15,,22647,10996,,,1,61,,22643,10996,,,1,18,,22640,10996,,,1,21,,22636,10996,,,1,58,,22644,10996,,,1,29,,22639,10996,,,1
3101,'SE',539,,25123,1859,,,1,70,,25110,1859,,,1,31,,25137,1859,,,1,70,,25120,1859,,,1,30,,25119,1859,,,1,71,,25128,1859,,,1,29,,25130,1859,,,1,68,,25124,1859,,,1,30,,25129,1859,,,1,70,,25125,1859,,,1,30,,25136,1859,,,1,70,,25127,1859,,,1,31,,25111,1859,,,1,70,,25121,1859,,,1,30,,25134,1859,,,1,70,,25113,1859,,,1,30,,25103,1859,,,1,70,,25117,1859,,,1,31,,25126,1859,,,1,70,,25114,1859,,,1,30,,25131,1859,,,1,70,,25106,1859,,,1,30,,25122,1859,,,1,70,,25104,1859,,,1,30,,25107,1859,,,1,70,,25135,1859,,,1,30,,25105,1859,,,1,71,,25108,1859,,,1,30,,25115,1859,,,1,70,,25132,1859,,,1,29,,25118,1859,,,1,70,,25112,1859,,,1,29,,25133,1859,,,1,100,,25116,1859,,,1,98,,25109,1859,,,1
4101,'DI',733,,25638,3910,,,1,100,,25642,3910,,,1,101,,25632,3910,,,1,100,,25628,3910,,,1,100,,25639,3910,,,1,100,,25629,3910,,,1,101,,25640,3910,,,1,100,,25633,3910,,,1,100,,25625,3910,,,1,102,,25630,3910,,,1,98,,25634,3910,,,1,100,,25626,3910,,,1,99,,25635,3910,,,1,100,,25627,3910,,,1,100,,25631,3910,,,1,99,,25636,3910,,,1,100,,25641,3910,,,1,100,,25637,3910,,,1,100,,25643,3910,,,1
4101,'F1',733,,25660,3910,,,1,100,,25662,3910,,,1,101,,25647,3910,,,1,101,,25656,3910,,,1,99,,25644,3910,,,1,100,,25657,3910,,,1,101,,25645,3910,,,1,100,,25658,3910,,,1,100,,25648,3910,,,1,100,,25653,3910,,,1,100,,25649,3910,,,1,100,,25654,3910,,,1,99,,25650,3910,,,1,100,,25659,3910,,,1,100,,25651,3910,,,1,99,,25661,3910,,,1,100,,25655,3910,,,1,100,,25646,3910,,,1,100,,25652,3910,,,1
4101,'F2',733,,25666,3910,,,1,100,,25679,3910,,,1,101,,25667,3910,,,1,101,,25672,3910,,,1,99,,25680,3910,,,1,100,,25673,3910,,,1,101,,25668,3910,,,1,100,,25674,3910,,,1,100,,25669,3910,,,1,100,,25665,3910,,,1,100,,25670,3910,,,1,100,,25663,3910,,,1,99,,25675,3910,,,1,100,,25664,3910,,,1,100,,25681,3910,,,1,99,,25676,3910,,,1,100,,25671,3910,,,1,100,,25677,3910,,,1,100,,25678,3910,,,1
4101,'SA',733,,25685,3910,,,1,100,,25698,3910,,,1,101,,25686,3910,,,1,101,,25691,3910,,,1,99,,25699,3910,,,1,100,,25692,3910,,,1,101,,25687,3910,,,1,100,,25693,3910,,,1,100,,25688,3910,,,1,100,,25684,3910,,,1,100,,25689,3910,,,1,100,,25682,3910,,,1,99,,25694,3910,,,1,100,,25683,3910,,,1,100,,25700,3910,,,1,99,,25695,3910,,,1,100,,25690,3910,,,1,100,,25696,3910,,,1,100,,25697,3910,,,1
4101,'SE',704,,25701,3910,,,1,30,,25718,3910,,,1,70,,25712,3910,,,1,35,,25713,3910,,,1,65,,25719,3910,,,1,30,,25720,3910,,,1,100,,25715,3910,,,1,100,,25721,3910,,,1,100,,25716,3910,,,1,100,,25705,3910,,,1,101,,25724,3910,,,1,74,,25725,3910,,,1,25,,25722,3910,,,1,67,,25708,3910,,,1,39,,25714,3910,,,1,66,,25703,3910,,,1,28,,25706,3910,,,1,71,,25726,3910,,,1,29,,25711,3910,,,1,100,,25702,3910,,,1,99,,25717,3910,,,1,100,,25704,3910,,,1,100,,25709,3910,,,1,100,,25723,3910,,,1,100,,25710,3910,,,1,100,,25707,3910,,,1
21401,'DI',830,,31462,1859,,,1,100,,31463,1859,,,1,100,,31464,1859,,,1,100,,31465,1859,,,1,100,,31466,1859,,,1,100,,31467,1859,,,1,100,,31468,1859,,,1,100,,31469,1859,,,1,100,,31470,1859,,,1,100,,31471,1859,,,1
21401,'F1',830,,31475,1859,,,1,100,,31472,1859,,,1,100,,31473,1859,,,1,100,,17257,1859,,,1,100,,17258,1859,,,1,100,,17259,1859,,,1,100,,31474,1859,,,1,100,,17261,1859,,,1,100,,17262,1859,,,1,100,,17263,1859,,,1
21401,'F2',830,,31476,1859,,,1,100,,31477,1859,,,1,100,,31478,1859,,,1,100,,31479,1859,,,1,100,,31480,1859,,,1,100,,31481,1859,,,1,100,,31482,1859,,,1,100,,31483,1859,,,1,100,,31484,1859,,,1,100,,31485,1859,,,1
21401,'SA',830,,31486,1859,,,1,100,,31487,1859,,,1,100,,31488,1859,,,1,100,,31489,1859,,,1,100,,31490,1859,,,1,100,,31491,1859,,,1,100,,31492,1859,,,1,100,,31493,1859,,,1,100,,31494,1859,,,1,100,,31495,1859,,,1
54601,'SE',903,,32376,4432,,,2
61400,'SE',1708,,32413,9054,,,2
68901,'SE',850,,32481,1617,,,2,1,,32482,1617,,,2
