3300,'SE',1606,,25363,4834,,,2,34,,25360,4834,,,2,67,,25361,4834,,,2,30,,25362,4834,,,2,71,,25364,4834,,,2,28,,25365,4834,,,2
4401,'DI',625,,26197,1127,,,2,101,,26202,1127,,,2,103,,26192,1127,,,2,101,,26195,1127,,,2,96,,26189,1127,,,2,100,,26203,1127,,,2,100,,26190,1127,,,2,100,,26204,1127,,,2,100,,26198,1127,,,2,98,,26205,1127,,,2,104,,26199,1127,,,2,99,,26193,1127,,,2,102,,26191,1127,,,2,97,,26196,1127,,,2,100,,26194,1127,,,2,101,,26200,1127,,,2,99,,26206,1127,,,2,101,,26201,1127,,,2,100,,26207,1127,,,2
4401,'F1',625,,26224,1127,,,2,103,,26220,1127,,,2,98,,26208,1127,,,2,100,,26226,1127,,,2,100,,26210,1127,,,2,100,,26212,1127,,,2,100,,26211,1127,,,2,105,,26213,1127,,,2,100,,26215,1127,,,2,95,,26209,1127,,,2,105,,26225,1127,,,2,100,,26221,1127,,,2,101,,26223,1127,,,2,94,,26216,1127,,,2,100,,26218,1127,,,2,101,,26217,1127,,,2,100,,26219,1127,,,2,98,,26222,1127,,,2,103,,26214,1127,,,2
4401,'F2',625,,26227,1127,,,2,103,,26229,1127,,,2,98,,26234,1127,,,2,100,,26230,1127,,,2,100,,26235,1127,,,2,100,,26231,1127,,,2,100,,26236,1127,,,2,105,,26232,1127,,,2,100,,26237,1127,,,2,95,,26233,1127,,,2,105,,26238,1127,,,2,100,,26242,1127,,,2,101,,26241,1127,,,2,94,,26239,1127,,,2,100,,26228,1127,,,2,101,,26240,1127,,,2,100,,26245,1127,,,2,98,,26243,1127,,,2,103,,26244,1127,,,2
4401,'SA',625,,26246,1127,,,2,103,,26248,1127,,,2,98,,26253,1127,,,2,100,,26249,1127,,,2,100,,26254,1127,,,2,100,,26250,1127,,,2,100,,26255,1127,,,2,105,,26251,1127,,,2,100,,26256,1127,,,2,95,,26252,1127,,,2,105,,26257,1127,,,2,100,,26261,1127,,,2,101,,26260,1127,,,2,94,,26258,1127,,,2,100,,26247,1127,,,2,101,,26259,1127,,,2,100,,26264,1127,,,2,98,,26262,1127,,,2,103,,26263,1127,,,2
4401,'SE',605,,26296,1127,,,2,16,,26277,1127,,,2,15,,26297,1127,,,2,16,,26286,1127,,,2,54,,26280,1127,,,2,11,,26268,1127,,,2,15,,26282,1127,,,2,15,,26281,1127,,,2,10,,26298,1127,,,2,58,,26283,1127,,,2,16,,26299,1127,,,2,94,,26290,1127,,,2,100,,26295,1127,,,2,100,,26265,1127,,,2,101,,26271,1127,,,2,100,,26275,1127,,,2,100,,26272,1127,,,2,100,,26287,1127,,,2,21,,26269,1127,,,2,55,,26288,1127,,,2,18,,26291,1127,,,2,16,,26289,1127,,,2,14,,26284,1127,,,2,52,,26278,1127,,,2,15,,26270,1127,,,2,15,,26285,1127,,,2,16,,26266,1127,,,2,53,,26273,1127,,,2,16,,26279,1127,,,2,19,,26274,1127,,,2,89,,26301,1127,,,2,100,,26300,1127,,,2,100,,26267,1127,,,2,100,,26292,1127,,,2,100,,26276,1127,,,2,100,,26294,1127,,,2,100,,26293,1127,,,2
53300,'SE',1633,,32358,8196,,,2
53400,'SE',1638,,32360,8196,,,2
67400,'SE',1609,,32465,1626,,,2
67401,'SE',846,,32466,489,,,2
