4101,'DI',729,,25638,1611,0,45,1,100,,25642,1611,0,45,1,101,,25632,1611,0,45,1,100,,25628,1611,0,45,1,100,,25639,1611,0,45,1,100,,25629,1611,0,45,1,100,,25640,1611,0,45,1,100,,25633,1611,0,45,1,100,,25625,1611,0,45,1,102,,25630,1611,0,45,1,98,,25634,1611,0,45,1,100,,25626,1611,0,45,1,100,,25635,1611,0,45,1,100,,25627,1611,0,45,1,100,,25631,1611,0,45,1,99,,25636,1611,0,45,1,100,,25641,1611,0,45,1,100,,25637,1611,0,45,1,100,,25643,1611,0,45,1
4101,'F1',729,,25660,1611,0,45,1,100,,25662,1611,0,45,1,101,,25647,1611,0,45,1,101,,25656,1611,0,45,1,99,,25644,1611,0,45,1,100,,25657,1611,0,45,1,100,,25645,1611,0,45,1,100,,25658,1611,0,45,1,100,,25648,1611,0,45,1,100,,25653,1611,0,45,1,100,,25649,1611,0,45,1,100,,25654,1611,0,45,1,100,,25650,1611,0,45,1,100,,25659,1611,0,45,1,100,,25651,1611,0,45,1,99,,25661,1611,0,45,1,100,,25655,1611,0,45,1,100,,25646,1611,0,45,1,100,,25652,1611,0,45,1
4101,'F2',729,,25666,1611,0,45,1,100,,25679,1611,0,45,1,101,,25667,1611,0,45,1,101,,25672,1611,0,45,1,99,,25680,1611,0,45,1,100,,25673,1611,0,45,1,100,,25668,1611,0,45,1,100,,25674,1611,0,45,1,100,,25669,1611,0,45,1,100,,25665,1611,0,45,1,100,,25670,1611,0,45,1,100,,25663,1611,0,45,1,100,,25675,1611,0,45,1,100,,25664,1611,0,45,1,100,,25681,1611,0,45,1,99,,25676,1611,0,45,1,100,,25671,1611,0,45,1,100,,25677,1611,0,45,1,100,,25678,1611,0,45,1
4101,'SA',729,,25685,1611,0,45,1,100,,25698,1611,0,45,1,101,,25686,1611,0,45,1,101,,25691,1611,0,45,1,99,,25699,1611,0,45,1,100,,25692,1611,0,45,1,100,,25687,1611,0,45,1,100,,25693,1611,0,45,1,100,,25688,1611,0,45,1,100,,25684,1611,0,45,1,100,,25689,1611,0,45,1,100,,25682,1611,0,45,1,100,,25694,1611,0,45,1,100,,25683,1611,0,45,1,100,,25700,1611,0,45,1,99,,25695,1611,0,45,1,100,,25690,1611,0,45,1,100,,25696,1611,0,45,1,100,,25697,1611,0,45,1
4101,'SE',700,,25701,1611,0,45,1,30,,25718,1611,0,45,1,70,,25712,1611,0,45,1,35,,25713,1611,0,45,1,65,,25719,1611,0,45,1,30,,25720,1611,0,45,1,100,,25715,1611,0,45,1,100,,25721,1611,0,45,1,100,,25716,1611,0,45,1,100,,25705,1611,0,45,1,101,,25724,1611,0,45,1,74,,25725,1611,0,45,1,25,,25722,1611,0,45,1,27,,25708,1611,0,45,1,78,,25714,1611,0,45,1,66,,25703,1611,0,45,1,29,,25706,1611,0,45,1,71,,25726,1611,0,45,1,29,,25711,1611,0,45,1,100,,25702,1611,0,45,1,100,,25717,1611,0,45,1,100,,25704,1611,0,45,1,100,,25709,1611,0,45,1,100,,25723,1611,0,45,1,100,,25710,1611,0,45,1,100,,25707,1611,0,45,1
4700,'DI',615,,26362,1611,,,1,100,,26348,1611,,,1,100,,26365,1611,,,1,100,,26366,1611,,,1,100,,26349,1611,,,1,100,,26354,1611,,,1,100,,26363,1611,,,1,100,,26350,1611,,,1,104,,26351,1611,,,1,91,,26357,1611,,,1,108,,26358,1611,,,1,102,,26352,1611,,,1,95,,26359,1611,,,1,99,,26355,1611,,,1,100,,26360,1611,,,1,100,,26353,1611,,,1,100,,26356,1611,,,1,100,,26361,1611,,,1,100,,26364,1611,,,1,100,,26367,1611,,,1
4700,'F1',615,,26381,1611,,,1,103,,26385,1611,,,1,101,,26370,1611,,,1,96,,26375,1611,,,1,96,,26371,1611,,,1,104,,26376,1611,,,1,100,,26368,1611,,,1,100,,26377,1611,,,1,95,,26369,1611,,,1,104,,26386,1611,,,1,100,,26382,1611,,,1,101,,26384,1611,,,1,100,,26383,1611,,,1,99,,26372,1611,,,1,100,,26387,1611,,,1,100,,26378,1611,,,1,100,,26379,1611,,,1,100,,26380,1611,,,1,100,,26373,1611,,,1,100,,26374,1611,,,1
4700,'F2',615,,26405,1611,,,1,103,,26391,1611,,,1,101,,26388,1611,,,1,96,,26395,1611,,,1,96,,26389,1611,,,1,104,,26396,1611,,,1,100,,26392,1611,,,1,100,,26397,1611,,,1,95,,26390,1611,,,1,104,,26393,1611,,,1,100,,26398,1611,,,1,101,,26394,1611,,,1,100,,26399,1611,,,1,99,,26402,1611,,,1,100,,26400,1611,,,1,100,,26401,1611,,,1,100,,26403,1611,,,1,100,,26404,1611,,,1,100,,26406,1611,,,1,100,,26407,1611,,,1
4700,'SA',615,,26425,1611,,,1,103,,26411,1611,,,1,101,,26408,1611,,,1,96,,26415,1611,,,1,96,,26409,1611,,,1,104,,26416,1611,,,1,100,,26412,1611,,,1,100,,26417,1611,,,1,95,,26410,1611,,,1,104,,26413,1611,,,1,100,,26418,1611,,,1,101,,26414,1611,,,1,100,,26419,1611,,,1,99,,26422,1611,,,1,100,,26420,1611,,,1,100,,26421,1611,,,1,100,,26423,1611,,,1,100,,26424,1611,,,1,100,,26426,1611,,,1,100,,26427,1611,,,1
4700,'SE',619,,26438,1611,,,1,32,,26439,1611,,,1,69,,26437,1611,,,1,33,,26459,1611,,,1,74,,26441,1611,,,1,30,,26460,1611,,,1,70,,26452,1611,,,1,30,,26458,1611,,,1,70,,26440,1611,,,1,30,,26430,1611,,,1,70,,26455,1611,,,1,30,,26431,1611,,,1,70,,26432,1611,,,1,30,,26442,1611,,,1,70,,26464,1611,,,1,30,,26453,1611,,,1,70,,26433,1611,,,1,30,,26457,1611,,,1,68,,26445,1611,,,1,28,,26462,1611,,,1,74,,26443,1611,,,1,15,,26446,1611,,,1,15,,9568,1611,,,1,55,,26449,1611,,,1,15,,26456,1611,,,1,15,,26444,1611,,,1,15,,9569,1611,,,1,55,,26454,1611,,,1,15,,26450,1611,,,1,18,,26447,1611,,,1,70,,26461,1611,,,1,30,,26434,1611,,,1,70,,26463,1611,,,1,30,,26429,1611,,,1,70,,26436,1611,,,1,30,,26448,1611,,,1,100,,26428,1611,,,1,100,,26451,1611,,,1,100,,26435,1611,,,1
54600,'SE',1630,,32375,6005,,,2
55000,'SE',1632,,32381,6189,,,2
65301,'SE',853,,32434,3686,,,2
66001,'SE',851,,32443,4904,,,2,1,,32442,4904,,,2,1,,32444,4904,,,2
68400,'SE',1615,,32476,3096,,,2,1,,32475,3096,,,2
69201,'SE',844,,32492,4846,,,2
