2201,'F1',531,,24534,1264,,,2,92,,24536,1264,,,2,25,,24535,1264,,,2,70,,24538,1264,,,2,30,,24537,1264,,,2,908,,24539,1264,,,2,80,,24540,1264,,,2,20,,24533,1264,,,2
2201,'SE',531,,24542,1264,,,2,92,,24544,1264,,,2,25,,24543,1264,,,2,70,,24541,1264,,,2,30,,24545,1264,,,2,908,,24547,1264,,,2,80,,24546,1264,,,2,20,,24548,1264,,,2
2501,'DI',1558,,24661,7031,,,2
2501,'F1',1558,,24662,7031,,,2
2501,'F2',1558,,24663,7031,,,2
2501,'SA',1558,,24664,7031,,,2
2501,'SE',636,,24670,5395,,,2,75,,24691,7031,,,2,30,,24690,7031,,,2,66,,24672,5395,,,2,30,,24674,5395,,,2,68,,24675,5395,,,2,505,,24686,5395,,,2,30,,24676,5395,,,2,71,,24677,5395,,,2,31,,24694,7031,,,2,59,,24693,7031,,,2,12,,24692,7031,,,2,9,,24667,5395,,,2,19,,24679,5395,,,2,14,,24678,5395,,,2,58,,24682,5395,,,2,28,,24684,5395,,,2,68,,24687,5395,,,2,29,,24683,5395,,,2,99,,24681,5395,,,2,385,,24689,5395,,,2,86,,24696,7031,,,2,13,,24688,5395,,,2,35,,24680,5395,,,2
12001,'SE',601,,30596,1264,,,2,31,,30602,1264,,,2,26,,30594,1264,,,2,77,,30603,1264,,,2,69,,30595,1264,,,2,32,,30597,1264,,,2,796,,30598,1264,,,2,71,,30599,1264,,,2,36,,30604,1264,,,2,62,,30601,1264,,,2,29,,30600,1264,,,2
12300,'DI',644,,30605,16552,0,46 47,1,100,,30615,16552,0,46 47,1,100,,30606,16552,0,46 47,1,100,,30616,16552,0,46 47,1,100,,30607,16552,0,46 47,1,100,,30617,16552,0,46 47,1,105,,30608,16552,0,46 47,1,95,,30618,16552,0,46 47,1,100,,30609,16552,0,46 47,1,100,,30619,16552,0,46 47,1,100,,30610,16552,0,46 47,1,100,,30620,16552,0,46 47,1,100,,30611,16552,0,46 47,1,100,,30621,16552,0,46 47,1,100,,30612,16552,0,46 47,1,100,,30622,16552,0,46 47,1,100,,30613,16552,0,46 47,1,100,,30623,16552,0,46 47,1,100,,30614,16552,0,46 47,1
12300,'F1',644,,30632,16552,0,46 47,1,100,,30636,16552,0,46 47,1,100,,30626,16552,0,46 47,1,105,,30637,16552,0,46 47,1,99,,30627,16552,0,46 47,1,100,,30624,16552,0,46 47,1,100,,30628,16552,0,46 47,1,96,,30625,16552,0,46 47,1,100,,30629,16552,0,46 47,1,100,,30630,16552,0,46 47,1,104,,30638,16552,0,46 47,1,101,,30631,16552,0,46 47,1,99,,30639,16552,0,46 47,1,96,,30633,16552,0,46 47,1,100,,30640,16552,0,46 47,1,100,,30634,16552,0,46 47,1,100,,30641,16552,0,46 47,1,100,,30635,16552,0,46 47,1,100,,30642,16552,0,46 47,1
12300,'F2',644,,30644,16552,0,46 47,1,100,,30643,16552,0,46 47,1,100,,30645,16552,0,46 47,1,105,,30654,16552,0,46 47,1,99,,30646,16552,0,46 47,1,100,,30655,16552,0,46 47,1,100,,30647,16552,0,46 47,1,96,,30656,16552,0,46 47,1,100,,30648,16552,0,46 47,1,100,,30657,16552,0,46 47,1,104,,30649,16552,0,46 47,1,101,,30658,16552,0,46 47,1,99,,30650,16552,0,46 47,1,96,,30659,16552,0,46 47,1,100,,30651,16552,0,46 47,1,100,,30660,16552,0,46 47,1,100,,30652,16552,0,46 47,1,100,,30661,16552,0,46 47,1,100,,30653,16552,0,46 47,1
12300,'SA',644,,30663,16552,0,46 47,1,100,,30662,16552,0,46 47,1,100,,30664,16552,0,46 47,1,105,,30673,16552,0,46 47,1,99,,30665,16552,0,46 47,1,100,,30674,16552,0,46 47,1,100,,30666,16552,0,46 47,1,96,,30675,16552,0,46 47,1,100,,30667,16552,0,46 47,1,100,,30676,16552,0,46 47,1,104,,30668,16552,0,46 47,1,101,,30677,16552,0,46 47,1,99,,30669,16552,0,46 47,1,96,,30678,16552,0,46 47,1,100,,30670,16552,0,46 47,1,100,,30679,16552,0,46 47,1,100,,30671,16552,0,46 47,1,100,,30680,16552,0,46 47,1,100,,30672,16552,0,46 47,1
12300,'SE',540,,30700,16552,0,46 47,1,73,,30681,16552,0,46 47,1,15,,30688,16552,0,46 47,1,10,,30682,16552,0,46 47,1,10,,30702,16552,0,46 47,1,10,,30693,16552,0,46 47,1,54,,30703,16552,0,46 47,1,8,,30683,16552,0,46 47,1,12,,30707,16552,0,46 47,1,10,,30684,16552,0,46 47,1,61,,30708,16552,0,46 47,1,17,,30704,16552,0,46 47,1,30,,30710,16552,0,46 47,1,65,,30709,16552,0,46 47,1,29,,30690,16552,0,46 47,1,102,,30685,16552,0,46 47,1,100,,30695,16552,0,46 47,1,99,,30705,16552,0,46 47,1,105,,30697,16552,0,46 47,1,5,,30694,16552,0,46 47,1,93,,30701,16552,0,46 47,1,70,,30711,16552,0,46 47,1,32,,30698,16552,0,46 47,1,66,,30696,16552,0,46 47,1,29,,30713,16552,0,46 47,1,71,,30715,16552,0,46 47,1,31,,30687,16552,0,46 47,1,67,,30699,16552,0,46 47,1,35,,30686,16552,0,46 47,1,68,,30712,16552,0,46 47,1,30,,30706,16552,0,46 47,1,68,,30689,16552,0,46 47,1,30,,30714,16552,0,46 47,1,100,,30691,16552,0,46 47,1,100,,30716,16552,0,46 47,1,96,,30692,16552,0,46 47,1,100,,30717,16552,0,46 47,1
16101,'DI',603,,31301,5986,,,2,30,,31292,1264,,,2,70,,31289,1264,,,2,30,,31299,1264,,,2,70,,31293,1264,,,2,30,,31294,1264,,,2,70,,31296,1264,,,2,702,,31290,1264,,,2,28,,31295,1264,,,2,72,,31291,1264,,,2,30,,31300,5986,,,2,70,,31298,1264,,,2,32,,31297,1264,,,2
16101,'F1',603,,31312,5986,,,2,30,,31310,1264,,,2,70,,31303,1264,,,2,30,,31307,1264,,,2,70,,31302,1264,,,2,30,,16953,1264,,,2,70,,31305,1264,,,2,700,,31309,1264,,,2,31,,31311,1264,,,2,71,,31306,1264,,,2,30,,31313,5986,,,2,71,,31308,1264,,,2,31,,31304,1264,,,2
16101,'F2',603,,31325,5986,,,2,30,,31321,1264,,,2,70,,31318,1264,,,2,30,,31319,1264,,,2,70,,31316,1264,,,2,30,,31322,1264,,,2,70,,31320,1264,,,2,700,,31317,1264,,,2,31,,31314,1264,,,2,71,,31323,1264,,,2,30,,31326,5986,,,2,71,,31315,1264,,,2,31,,31324,1264,,,2
16101,'SA',603,,31337,5986,,,2,30,,17011,1264,,,2,70,,31331,1264,,,2,30,,31332,1264,,,2,70,,31329,1264,,,2,30,,31334,1264,,,2,70,,31333,1264,,,2,700,,31330,1264,,,2,31,,31327,1264,,,2,71,,31335,1264,,,2,30,,31338,5986,,,2,71,,31328,1264,,,2,31,,31336,1264,,,2
16101,'SE',558,,31346,1264,,,2,60,,31341,1264,,,2,22,,31355,5986,,,2,60,,31344,1264,,,2,13,,31353,5986,,,2,17,,31348,1264,,,2,16,,31356,5986,,,2,56,,31343,1264,,,2,23,,31347,1264,,,2,21,,31351,1264,,,2,57,,31340,1264,,,2,20,,31339,1264,,,2,325,,31352,5986,,,2,372,,31358,5986,,,2,15,,31349,1264,,,2,21,,31354,5986,,,2,60,,31342,1264,,,2,18,,31357,5986,,,2,21,,31350,1264,,,2,60,,31345,1264,,,2
