600,'DI',628,,21437,1168,,,1,30,,21429,1168,,,1,70,,21425,1168,,,1,31,,21436,1168,,,1,70,,21422,1168,,,1,30,,21414,1168,,,1,71,,21426,1168,,,1,70,,21433,1168,,,1,30,,21410,1168,,,1,29,,1973,1168,,,1,71,,21418,1168,,,1,28,,21411,1168,,,1,70,,21415,1168,,,1,74,,21421,1168,,,1,29,,21412,1168,,,1,70,,21423,1168,,,1,27,,21419,1168,,,1,73,,21416,1168,,,1,30,,21427,1168,,,1,69,,21438,1168,,,1,31,,21430,1168,,,1,27,,21428,1168,,,1,70,,21439,1168,,,1,30,,21431,1168,,,1,70,,21413,1168,,,1,31,,21420,1168,,,1,144,,21434,1168,,,1,100,,21424,1168,,,1,100,,21417,1168,,,1,100,,21409,1168,,,1,100,,21432,1168,,,1,100,,21435,1168,,,1
600,'F1',628,,21465,1168,,,1,31,,21457,1168,,,1,69,,21454,1168,,,1,30,,21443,1168,,,1,74,,21455,1168,,,1,26,,21458,1168,,,1,75,,21440,1168,,,1,23,,2011,1168,,,1,72,,21467,1168,,,1,29,,21460,1168,,,1,70,,21468,1168,,,1,76,,21461,1168,,,1,30,,21466,1168,,,1,67,,21441,1168,,,1,31,,21462,1168,,,1,27,,21447,1168,,,1,70,,21442,1168,,,1,30,,21444,1168,,,1,70,,21448,1168,,,1,30,,21463,1168,,,1,70,,21445,1168,,,1,30,,21449,1168,,,1,70,,21464,1168,,,1,30,,21446,1168,,,1,70,,21451,1168,,,1,30,,21456,1168,,,1,145,,21469,1168,,,1,100,,21450,1168,,,1,100,,21452,1168,,,1,100,,21470,1168,,,1,100,,21459,1168,,,1,100,,21453,1168,,,1
600,'F2',628,,21502,1168,,,1,31,,21491,1168,,,1,69,,21487,1168,,,1,30,,21484,1168,,,1,74,,21488,1168,,,1,26,,21492,1168,,,1,75,,21501,1168,,,1,23,,21489,1168,,,1,72,,21498,1168,,,1,29,,21485,1168,,,1,70,,21478,1168,,,1,76,,21486,1168,,,1,30,,21479,1168,,,1,67,,21471,1168,,,1,31,,21493,1168,,,1,27,,21480,1168,,,1,70,,21472,1168,,,1,30,,21494,1168,,,1,70,,21481,1168,,,1,30,,21473,1168,,,1,70,,21495,1168,,,1,30,,21482,1168,,,1,70,,21474,1168,,,1,30,,21496,1168,,,1,70,,21483,1168,,,1,30,,21499,1168,,,1,145,,21490,1168,,,1,100,,21475,1168,,,1,100,,21477,1168,,,1,100,,21500,1168,,,1,100,,21497,1168,,,1,100,,21476,1168,,,1
600,'SA',628,,21534,1168,,,1,31,,21523,1168,,,1,69,,21519,1168,,,1,30,,21516,1168,,,1,74,,21520,1168,,,1,26,,21524,1168,,,1,75,,21533,1168,,,1,23,,21521,1168,,,1,72,,21530,1168,,,1,29,,21517,1168,,,1,70,,21510,1168,,,1,76,,21518,1168,,,1,30,,21511,1168,,,1,67,,21503,1168,,,1,31,,21525,1168,,,1,27,,21512,1168,,,1,70,,21504,1168,,,1,30,,21526,1168,,,1,70,,21513,1168,,,1,30,,21505,1168,,,1,70,,21527,1168,,,1,30,,21514,1168,,,1,70,,21506,1168,,,1,30,,21528,1168,,,1,70,,21515,1168,,,1,30,,21531,1168,,,1,145,,21522,1168,,,1,100,,21507,1168,,,1,100,,21509,1168,,,1,100,,21532,1168,,,1,100,,21529,1168,,,1,100,,21508,1168,,,1
600,'SE',540,,21553,1168,,,1,70,,21536,1168,,,1,30,,21554,1168,,,1,70,,21560,1168,,,1,30,,21556,1168,,,1,67,,21567,1168,,,1,33,,21555,1168,,,1,70,,21539,1168,,,1,30,,21550,1168,,,1,70,,21549,1168,,,1,30,,21568,1168,,,1,70,,21558,1168,,,1,30,,21559,1168,,,1,70,,21565,1168,,,1,30,,21563,1168,,,1,70,,21547,1168,,,1,30,,21551,1168,,,1,70,,21546,1168,,,1,28,,21541,1168,,,1,72,,21557,1168,,,1,30,,21564,1168,,,1,69,,21562,1168,,,1,37,,21544,1168,,,1,65,,21548,1168,,,1,30,,21545,1168,,,1,69,,21535,1168,,,1,30,,21542,1168,,,1,70,,21561,1168,,,1,30,,21570,1168,,,1,70,,21538,1168,,,1,30,,21566,1168,,,1,70,,21543,1168,,,1,100,,21537,1168,,,1,100,,21569,1168,,,1,100,,21540,1168,,,1,100,,21552,1168,,,1
1300,'DI',651,,3422,1168,,,1,100,,22394,1168,,,1,100,,3423,1168,,,1,100,,22395,1168,,,1,100,,3424,1168,,,1,100,,22396,1168,,,1,100,,3425,1168,,,1,95,,22397,1168,,,1,105,,22405,1168,,,1,100,,22391,1168,,,1,100,,22398,1168,,,1,100,,22393,1168,,,1,100,,22399,1168,,,1,100,,22403,1168,,,1,100,,22401,1168,,,1,100,,22400,1168,,,1,100,,22392,1168,,,1,100,,22404,1168,,,1,100,,22402,1168,,,1
1300,'F1',651,,22406,1168,,,1,100,,22414,1168,,,1,100,,22408,1168,,,1,101,,22409,1168,,,1,99,,22419,1168,,,1,100,,22407,1168,,,1,100,,22415,1168,,,1,100,,22410,1168,,,1,100,,22416,1168,,,1,100,,22424,1168,,,1,100,,22412,1168,,,1,100,,22420,1168,,,1,100,,22417,1168,,,1,100,,22421,1168,,,1,100,,22411,1168,,,1,100,,22423,1168,,,1,100,,22418,1168,,,1,100,,22422,1168,,,1,100,,22425,1168,,,1,100,,22413,1168,,,1
1300,'F2',651,,22427,1168,,,1,100,,22434,1168,,,1,100,,22428,1168,,,1,101,,22429,1168,,,1,99,,22435,1168,,,1,100,,22437,1168,,,1,100,,22430,1168,,,1,100,,22438,1168,,,1,100,,22431,1168,,,1,100,,22426,1168,,,1,100,,22441,1168,,,1,100,,22444,1168,,,1,100,,22432,1168,,,1,100,,22439,1168,,,1,100,,22436,1168,,,1,100,,22445,1168,,,1,100,,22442,1168,,,1,100,,22433,1168,,,1,100,,22443,1168,,,1,100,,22440,1168,,,1
1300,'SA',651,,22447,1168,,,1,100,,22454,1168,,,1,100,,22448,1168,,,1,101,,22449,1168,,,1,99,,22455,1168,,,1,100,,22457,1168,,,1,100,,22450,1168,,,1,100,,22458,1168,,,1,100,,22451,1168,,,1,100,,22446,1168,,,1,100,,22461,1168,,,1,100,,22464,1168,,,1,100,,22452,1168,,,1,100,,22459,1168,,,1,100,,22456,1168,,,1,100,,22465,1168,,,1,100,,22462,1168,,,1,100,,22453,1168,,,1,100,,22463,1168,,,1,100,,22460,1168,,,1
1300,'SE',556,,22480,1168,,,1,73,,22502,1168,,,1,26,,22496,1168,,,1,71,,22470,1168,,,1,15,,22488,1168,,,1,15,,22471,1168,,,1,55,,22483,1168,,,1,25,,22474,1168,,,1,65,,22466,1168,,,1,30,,22468,1168,,,1,70,,22478,1168,,,1,30,,22477,1168,,,1,70,,22472,1168,,,1,30,,22490,1168,,,1,70,,22469,1168,,,1,30,,22479,1168,,,1,70,,22498,1168,,,1,30,,22485,1168,,,1,70,,22491,1168,,,1,30,,22503,1168,,,1,70,,22500,1168,,,1,30,,22467,1168,,,1,20,,22493,1168,,,1,60,,22486,1168,,,1,15,,22487,1168,,,1,12,,22489,1168,,,1,10,,22506,1168,,,1,58,,22494,1168,,,1,20,,22484,1168,,,1,20,,22482,1168,,,1,60,,22481,1168,,,1,27,,22505,1168,,,1,70,,22473,1168,,,1,32,,22499,1168,,,1,70,,22501,1168,,,1,30,,22492,1168,,,1,70,,22504,1168,,,1,100,,22495,1168,,,1,100,,22497,1168,,,1,100,,22475,1168,,,1,103,,22476,1168,,,1
1400,'SE',937,,22642,954,,,1,100,,22645,954,,,1,100,,22646,954,,,1,100,,22635,954,,,1,100,,22638,954,,,1,100,,22637,954,,,1,108,,22641,954,,,1,13,,3826,954,,,1,58,,22648,954,,,1,15,,22647,954,,,1,18,,22643,954,,,1,60,,22640,954,,,1,21,,22636,954,,,1,20,,22644,954,,,1,69,,22639,954,,,1
1500,'DI',723,,22683,954,,,1,100,,22680,954,,,1,100,,22677,954,,,1,100,,22690,954,,,1,100,,22695,954,,,1,100,,22688,954,,,1,100,,22684,954,,,1,100,,22678,954,,,1,100,,22692,954,,,1,100,,22679,954,,,1,100,,22687,954,,,1,100,,22685,954,,,1,100,,22689,954,,,1,100,,22693,954,,,1,100,,22691,954,,,1,100,,22686,954,,,1,100,,22681,954,,,1,100,,22694,954,,,1,100,,22682,954,,,1
1500,'F1',724,,22697,954,,,1,100,,22703,954,,,1,100,,22712,954,,,1,100,,22704,954,,,1,105,,22706,954,,,1,95,,22705,954,,,1,100,,22713,954,,,1,100,,22698,954,,,1,100,,22707,954,,,1,100,,22699,954,,,1,100,,22696,954,,,1,100,,22709,954,,,1,100,,22714,954,,,1,100,,22700,954,,,1,100,,22701,954,,,1,100,,22710,954,,,1,100,,22702,954,,,1,100,,22711,954,,,1,100,,22708,954,,,1
1500,'F2',724,,22730,954,,,1,100,,22723,954,,,1,100,,22717,954,,,1,100,,22731,954,,,1,105,,22725,954,,,1,95,,22715,954,,,1,100,,22727,954,,,1,100,,22721,954,,,1,100,,22726,954,,,1,100,,22722,954,,,1,100,,22718,954,,,1,100,,22724,954,,,1,100,,22728,954,,,1,100,,22729,954,,,1,100,,22716,954,,,1,100,,22732,954,,,1,100,,22719,954,,,1,100,,22733,954,,,1,100,,22720,954,,,1
1500,'SA',724,,22749,954,,,1,100,,22742,954,,,1,100,,22736,954,,,1,100,,22750,954,,,1,105,,22744,954,,,1,95,,22734,954,,,1,100,,22746,954,,,1,100,,22740,954,,,1,100,,22745,954,,,1,100,,22741,954,,,1,100,,22737,954,,,1,100,,22743,954,,,1,100,,22747,954,,,1,100,,22748,954,,,1,100,,22735,954,,,1,100,,22751,954,,,1,100,,22738,954,,,1,100,,22752,954,,,1,100,,22739,954,,,1
1500,'SE',546,,22789,954,,,1,70,,22783,954,,,1,30,,22754,954,,,1,68,,22775,954,,,1,33,,22781,954,,,1,66,,22761,954,,,1,34,,22777,954,,,1,70,,22760,954,,,1,29,,22782,954,,,1,70,,22779,954,,,1,30,,22755,954,,,1,70,,22758,954,,,1,30,,22780,954,,,1,70,,22763,954,,,1,30,,22759,954,,,1,70,,22756,954,,,1,30,,22785,954,,,1,70,,22769,954,,,1,31,,22784,954,,,1,70,,22762,954,,,1,24,,22764,954,,,1,74,,22757,954,,,1,37,,22773,954,,,1,65,,22788,954,,,1,30,,22770,954,,,1,70,,22771,954,,,1,30,,22786,954,,,1,69,,22774,954,,,1,30,,22767,954,,,1,70,,22778,954,,,1,30,,22787,954,,,1,70,,22772,954,,,1,30,,22753,954,,,1,70,,22766,954,,,1,100,,22768,954,,,1,100,,22776,954,,,1,100,,22765,954,,,1
60600,'SE',1643,,32403,765,,,2
61300,'SE',1646,,32411,592,,,2
61400,'SE',1643,,32413,939,,,2
