4200,'DI',632,,25727,10056,,,1,100,,25728,10056,,,1,100,,25729,10056,,,1,100,,25730,10056,,,1,100,,25731,10056,,,1,102,,25732,10056,,,1,100,,25733,10056,,,1,100,,25734,10056,,,1,100,,25735,10056,,,1,100,,25736,10056,,,1,100,,25737,10056,,,1,100,,25738,10056,,,1,100,,25739,10056,,,1,100,,25740,10056,,,1,97,,25741,10056,,,1,100,,25742,10056,,,1,100,,25743,10056,,,1,100,,25744,10056,,,1,100,,25745,10056,,,1,100,,25746,10056,,,1
4200,'F1',632,,25747,10056,,,1,100,,25748,10056,,,1,100,,25749,10056,,,1,100,,25750,10056,,,1,100,,25751,10056,,,1,102,,25752,10056,,,1,100,,25753,10056,,,1,100,,25754,10056,,,1,100,,25755,10056,,,1,100,,25756,10056,,,1,100,,25757,10056,,,1,100,,25758,10056,,,1,100,,25759,10056,,,1,100,,25760,10056,,,1,97,,25761,10056,,,1,100,,25762,10056,,,1,100,,25763,10056,,,1,100,,25764,10056,,,1,100,,25765,10056,,,1,100,,25766,10056,,,1
4200,'F2',632,,25784,10056,,,1,100,,25785,10056,,,1,100,,25786,10056,,,1,100,,25767,10056,,,1,100,,25768,10056,,,1,102,,25769,10056,,,1,100,,25770,10056,,,1,100,,25771,10056,,,1,100,,25772,10056,,,1,100,,25773,10056,,,1,100,,25774,10056,,,1,100,,25775,10056,,,1,100,,25776,10056,,,1,100,,25777,10056,,,1,97,,25778,10056,,,1,100,,25779,10056,,,1,100,,25780,10056,,,1,100,,25781,10056,,,1,100,,25782,10056,,,1,100,,25783,10056,,,1
4200,'SA',632,,25804,10056,,,1,100,,25805,10056,,,1,100,,25806,10056,,,1,100,,25787,10056,,,1,100,,25788,10056,,,1,102,,25789,10056,,,1,100,,25790,10056,,,1,100,,25791,10056,,,1,100,,25792,10056,,,1,100,,25793,10056,,,1,100,,25794,10056,,,1,100,,25795,10056,,,1,100,,25796,10056,,,1,100,,25797,10056,,,1,97,,25798,10056,,,1,100,,25799,10056,,,1,100,,25800,10056,,,1,100,,25801,10056,,,1,100,,25802,10056,,,1,100,,25803,10056,,,1
4200,'SE',615,,25835,10056,,,1,36,,25817,10056,,,1,73,,25820,10056,,,1,12,,25816,10056,,,1,6,,25818,10056,,,1,6,,25813,10056,,,1,6,,25814,10056,,,1,61,,25812,10056,,,1,20,,25821,10056,,,1,74,,25848,10056,,,1,30,,25849,10056,,,1,70,,25815,10056,,,1,30,,25839,10056,,,1,70,,25819,10056,,,1,30,,25844,10056,,,1,70,,25822,10056,,,1,30,,25845,10056,,,1,70,,25808,10056,,,1,30,,25825,10056,,,1,70,,25823,10056,,,1,30,,25837,10056,,,1,70,,25847,10056,,,1,33,,25826,10056,,,1,70,,25842,10056,,,1,29,,25840,10056,,,1,64,,25846,10056,,,1,15,,25843,10056,,,1,14,,25807,10056,,,1,14,,25841,10056,,,1,52,,25836,10056,,,1,15,,25838,10056,,,1,27,,25824,10056,,,1,69,,25827,10056,,,1,31,,25831,10056,,,1,74,,25828,10056,,,1,30,,25832,10056,,,1,68,,25829,10056,,,1,30,,25833,10056,,,1,70,,25830,10056,,,1,30,,25834,10056,,,1,91,,25809,10056,,,1,100,,25810,10056,,,1,100,,25811,10056,,,1
13200,'DI',849,,30858,8682,0,6 7,2,100,,30863,8682,0,6 7,2,100,,30859,8682,0,6 7,2,100,,30861,8682,0,6 7,2,100,,30864,8682,0,6 7,2,100,,30867,8682,0,6 7,2,100,,30865,8682,0,6 7,2,105,,30869,8682,0,6 7,2,95,,30868,8682,0,6 7,2,100,,30866,8682,0,6 7,2,101,,30870,8682,0,6 7,2,98,,30871,8682,0,6 7,2,100,,30862,8682,0,6 7,2,100,,30857,8682,0,6 7,2,100,,30872,8682,0,6 7,2,100,,30874,8682,0,6 7,2,100,,30860,8682,0,6 7,2,100,,30873,8682,0,6 7,2
13200,'F1',749,,30889,8682,0,6 7,2,100,,30878,8682,0,6 7,2,100,,30890,8682,0,6 7,2,103,,30875,8682,0,6 7,2,97,,30879,8682,0,6 7,2,104,,30891,8682,0,6 7,2,96,,30888,8682,0,6 7,2,104,,30892,8682,0,6 7,2,96,,30880,8682,0,6 7,2,100,,30876,8682,0,6 7,2,100,,30877,8682,0,6 7,2,101,,30881,8682,0,6 7,2,98,,30882,8682,0,6 7,2,100,,16308,8682,0,6 7,2,100,,30886,8682,0,6 7,2,100,,30883,8682,0,6 7,2,100,,30885,8682,0,6 7,2,100,,30887,8682,0,6 7,2,100,,30884,8682,0,6 7,2
13200,'F2',749,,30911,8682,0,6 7,2,100,,30898,8682,0,6 7,2,100,,30893,8682,0,6 7,2,103,,30894,8682,0,6 7,2,97,,30899,8682,0,6 7,2,104,,30895,8682,0,6 7,2,96,,30910,8682,0,6 7,2,104,,30900,8682,0,6 7,2,96,,30902,8682,0,6 7,2,100,,30896,8682,0,6 7,2,100,,30901,8682,0,6 7,2,101,,30903,8682,0,6 7,2,98,,30905,8682,0,6 7,2,100,,30904,8682,0,6 7,2,100,,30907,8682,0,6 7,2,100,,30906,8682,0,6 7,2,100,,30909,8682,0,6 7,2,100,,30908,8682,0,6 7,2,100,,30897,8682,0,6 7,2
13200,'SA',749,,30930,8682,0,6 7,2,100,,30917,8682,0,6 7,2,100,,30912,8682,0,6 7,2,103,,30913,8682,0,6 7,2,97,,30918,8682,0,6 7,2,104,,30914,8682,0,6 7,2,96,,30929,8682,0,6 7,2,104,,30919,8682,0,6 7,2,96,,30921,8682,0,6 7,2,100,,30915,8682,0,6 7,2,100,,30920,8682,0,6 7,2,101,,30922,8682,0,6 7,2,98,,30924,8682,0,6 7,2,100,,30923,8682,0,6 7,2,100,,30926,8682,0,6 7,2,100,,30925,8682,0,6 7,2,100,,30928,8682,0,6 7,2,100,,30927,8682,0,6 7,2,100,,30916,8682,0,6 7,2
13200,'SE',657,,30940,8682,0,6 7,2,61,,30943,8682,0,6 7,2,11,,30932,8682,0,6 7,2,9,,30942,8682,0,6 7,2,4,,30936,8682,0,6 7,2,62,,30937,8682,0,6 7,2,18,,30941,8682,0,6 7,2,20,,30944,8682,0,6 7,2,79,,16412,8682,0,6 7,2,97,,30954,8682,0,6 7,2,99,,16418,8682,0,6 7,2,96,,30953,8682,0,6 7,2,100,,30945,8682,0,6 7,2,108,,30946,8682,0,6 7,2,95,,30938,8682,0,6 7,2,24,,30947,8682,0,6 7,2,60,,30950,8682,0,6 7,2,20,,30934,8682,0,6 7,2,23,,30939,8682,0,6 7,2,60,,30933,8682,0,6 7,2,20,,30948,8682,0,6 7,2,20,,30931,8682,0,6 7,2,61,,30935,8682,0,6 7,2,19,,30952,8682,0,6 7,2,18,,30949,8682,0,6 7,2,59,,30951,8682,0,6 7,2
