3100,'SE',628,,25102,3615,,,1,30,,25086,3615,,,1,70,,25085,3615,,,1,30,,25093,3615,,,1,70,,25095,3615,,,1,29,,25089,3615,,,1,70,,25094,3615,,,1,30,,25090,3615,,,1,70,,25101,3615,,,1,30,,25092,3615,,,1,70,,25077,3615,,,1,30,,25087,3615,,,1,70,,25099,3615,,,1,30,,25079,3615,,,1,70,,25070,3615,,,1,30,,25083,3615,,,1,71,,25091,3615,,,1,30,,25080,3615,,,1,70,,25096,3615,,,1,30,,25073,3615,,,1,70,,25088,3615,,,1,30,,25071,3615,,,1,70,,25074,3615,,,1,30,,25100,3615,,,1,70,,25072,3615,,,1,31,,25075,3615,,,1,70,,25081,3615,,,1,30,,25097,3615,,,1,69,,25084,3615,,,1,30,,25078,3615,,,1,70,,25098,3615,,,1,100,,25082,3615,,,1,99,,25076,3615,,,1
21400,'DI',919,,31429,6847,,,1,100,,31430,6847,,,1,100,,31431,6847,,,1,100,,31432,6847,,,1,100,,31433,6847,,,1,100,,31434,6847,,,1,100,,31435,6847,,,1,100,,31436,6847,,,1,100,,31437,6847,,,1,100,,31438,6847,,,1
21400,'F1',919,,31439,6847,,,1,100,,31440,6847,,,1,100,,17207,6847,,,1,100,,17208,6847,,,1,100,,17209,6847,,,1,100,,31441,6847,,,1,100,,17211,6847,,,1,100,,17212,6847,,,1,100,,17213,6847,,,1,100,,17214,6847,,,1
21400,'F2',919,,31442,6847,,,1,100,,31443,6847,,,1,100,,31444,6847,,,1,100,,31445,6847,,,1,100,,31446,6847,,,1,100,,31447,6847,,,1,100,,31448,6847,,,1,100,,31449,6847,,,1,100,,31450,6847,,,1,100,,31451,6847,,,1
21400,'SA',919,,31452,6847,,,1,100,,31453,6847,,,1,100,,31454,6847,,,1,100,,31455,6847,,,1,100,,31456,6847,,,1,100,,31457,6847,,,1,100,,31458,6847,,,1,100,,31459,6847,,,1,100,,31460,6847,,,1,100,,31461,6847,,,1
84800,'DI',641,,19758,5189,4,,2,70,,19759,5189,4,,2,30,,19760,5189,4,,2,70,,19761,5189,4,,2,30,,19762,5189,4,,2,70,,19763,5189,4,,2,30,,19764,5189,4,,2,70,,19765,5189,4,,2,30,,19766,5189,4,,2,70,,19767,5189,4,,2,30,,19768,5189,4,,2,70,,19769,5189,4,,2,30,,19770,5189,4,,2,70,,19771,5189,4,,2,30,,19772,5189,4,,2,70,,19773,5189,4,,2,30,,19774,5189,4,,2,70,,19775,5189,4,,2,30,,19776,5189,4,,2,70,,19777,5189,4,,2,30,,19778,5189,4,,2,70,,19779,5189,4,,2,30,,19780,5189,4,,2,70,,19781,5189,4,,2,30,,19782,5189,4,,2,70,,19783,5189,4,,2,30,,19784,5189,4,,2,70,,19785,5189,4,,2,30,,19786,5189,4,,2,70,,19787,5189,4,,2,30,,19788,5189,4,,2,70,,19789,5189,4,,2,30,,19790,5189,4,,2,70,,19791,5189,4,,2,30,,19792,5189,4,,2,70,,19793,5189,4,,2,30,,19794,5189,4,,2
84800,'F1',641,,19795,5189,4,,2,70,,19796,5189,4,,2,30,,19797,5189,4,,2,70,,19798,5189,4,,2,30,,19799,5189,4,,2,70,,19800,5189,4,,2,30,,19801,5189,4,,2,70,,19802,5189,4,,2,30,,19803,5189,4,,2,70,,19804,5189,4,,2,30,,19805,5189,4,,2,70,,19806,5189,4,,2,30,,19807,5189,4,,2,70,,19808,5189,4,,2,30,,19809,5189,4,,2,70,,19810,5189,4,,2,30,,19811,5189,4,,2,70,,19812,5189,4,,2,30,,19813,5189,4,,2,70,,19814,5189,4,,2,30,,19815,5189,4,,2,70,,19816,5189,4,,2,30,,19817,5189,4,,2,70,,19818,5189,4,,2,30,,19819,5189,4,,2,70,,19820,5189,4,,2,30,,19821,5189,4,,2,70,,19822,5189,4,,2,30,,19823,5189,4,,2,70,,19824,5189,4,,2,30,,19825,5189,4,,2,70,,19826,5189,4,,2,30,,19827,5189,4,,2,70,,19828,5189,4,,2,30,,19829,5189,4,,2,70,,19830,5189,4,,2,30,,19831,5189,4,,2
84800,'F2',641,,32513,5189,4,,2,70,,32514,5189,4,,2,30,,32515,5189,4,,2,70,,32516,5189,4,,2,30,,32517,5189,4,,2,70,,32518,5189,4,,2,30,,32519,5189,4,,2,70,,32520,5189,4,,2,30,,32521,5189,4,,2,70,,32522,5189,4,,2,30,,32523,5189,4,,2,70,,32524,5189,4,,2,30,,32525,5189,4,,2,70,,32526,5189,4,,2,30,,32527,5189,4,,2,70,,32528,5189,4,,2,30,,32529,5189,4,,2,70,,32530,5189,4,,2,30,,32531,5189,4,,2,70,,32532,5189,4,,2,30,,32533,5189,4,,2,70,,32534,5189,4,,2,30,,32535,5189,4,,2,70,,32536,5189,4,,2,30,,32537,5189,4,,2,70,,32538,5189,4,,2,30,,32539,5189,4,,2,70,,32540,5189,4,,2,30,,32541,5189,4,,2,70,,32542,5189,4,,2,30,,32543,5189,4,,2,70,,32544,5189,4,,2,30,,32545,5189,4,,2,70,,32546,5189,4,,2,30,,32547,5189,4,,2,70,,32548,5189,4,,2,30,,32549,5189,4,,2
84800,'SA',641,,19906,5189,4,,2,70,,19907,5189,4,,2,30,,19908,5189,4,,2,70,,19909,5189,4,,2,30,,19910,5189,4,,2,70,,19911,5189,4,,2,30,,19912,5189,4,,2,70,,19913,5189,4,,2,30,,19914,5189,4,,2,70,,19915,5189,4,,2,30,,19916,5189,4,,2,70,,19917,5189,4,,2,30,,19918,5189,4,,2,70,,19919,5189,4,,2,30,,19920,5189,4,,2,70,,19921,5189,4,,2,30,,19922,5189,4,,2,70,,19923,5189,4,,2,30,,19924,5189,4,,2,70,,19925,5189,4,,2,30,,19926,5189,4,,2,70,,19927,5189,4,,2,30,,19928,5189,4,,2,70,,19929,5189,4,,2,30,,19930,5189,4,,2,70,,19931,5189,4,,2,30,,19932,5189,4,,2,70,,19933,5189,4,,2,30,,19934,5189,4,,2,70,,19935,5189,4,,2,30,,19936,5189,4,,2,70,,19937,5189,4,,2,30,,19938,5189,4,,2,70,,19939,5189,4,,2,30,,19940,5189,4,,2,70,,19941,5189,4,,2,30,,19942,5189,4,,2
84801,'DI',641,,19943,0,,,2,70,,19944,0,,,2,30,,19945,0,,,2,70,,19946,0,,,2,30,,19947,0,,,2,70,,19948,0,,,2,30,,19949,0,,,2,70,,19950,0,,,2,30,,19951,0,,,2,70,,19952,0,,,2,30,,19953,0,,,2,70,,19954,0,,,2,30,,19955,0,,,2,70,,19956,0,,,2,30,,19957,0,,,2,70,,19958,0,,,2,30,,19959,0,,,2,70,,19960,0,,,2,30,,19961,0,,,2,70,,19962,0,,,2,30,,19963,0,,,2,70,,19964,0,,,2,30,,19965,0,,,2,70,,19966,0,,,2,30,,19967,0,,,2,70,,19968,0,,,2,30,,19969,0,,,2,70,,19970,0,,,2,30,,19971,0,,,2,70,,19972,0,,,2,30,,19973,0,,,2,70,,19974,0,,,2,30,,19975,0,,,2,70,,19976,0,,,2,30,,19977,0,,,2,70,,19978,0,,,2,30,,19979,0,,,2
84801,'F1',641,,19980,0,,,2,70,,19981,0,,,2,30,,19982,0,,,2,70,,19983,0,,,2,30,,19984,0,,,2,70,,19985,0,,,2,30,,19986,0,,,2,70,,19987,0,,,2,30,,19988,0,,,2,70,,19989,0,,,2,30,,19990,0,,,2,70,,19991,0,,,2,30,,19992,0,,,2,70,,19993,0,,,2,30,,19994,0,,,2,70,,19995,0,,,2,30,,19996,0,,,2,70,,19997,0,,,2,30,,19998,0,,,2,70,,19999,0,,,2,30,,20000,0,,,2,70,,20001,0,,,2,30,,20002,0,,,2,70,,20003,0,,,2,30,,20004,0,,,2,70,,20005,0,,,2,30,,20006,0,,,2,70,,20007,0,,,2,30,,20008,0,,,2,70,,20009,0,,,2,30,,20010,0,,,2,70,,20011,0,,,2,30,,20012,0,,,2,70,,20013,0,,,2,30,,20014,0,,,2,70,,20015,0,,,2,30,,20016,0,,,2
84801,'F2',641,,32550,0,,,2,70,,32551,0,,,2,30,,32552,0,,,2,70,,32553,0,,,2,30,,32554,0,,,2,70,,32555,0,,,2,30,,32556,0,,,2,70,,32557,0,,,2,30,,32558,0,,,2,70,,32559,0,,,2,30,,32560,0,,,2,70,,32561,0,,,2,30,,32562,0,,,2,70,,32563,0,,,2,30,,32564,0,,,2,70,,32565,0,,,2,30,,32566,0,,,2,70,,32567,0,,,2,30,,32568,0,,,2,70,,32569,0,,,2,30,,32570,0,,,2,70,,32571,0,,,2,30,,32572,0,,,2,70,,32573,0,,,2,30,,32574,0,,,2,70,,32575,0,,,2,30,,32576,0,,,2,70,,32577,0,,,2,30,,32578,0,,,2,70,,32579,0,,,2,30,,32580,0,,,2,70,,32581,0,,,2,30,,32582,0,,,2,70,,32583,0,,,2,30,,32584,0,,,2,70,,32585,0,,,2,30,,32586,0,,,2
84801,'SA',641,,20091,0,,,2,70,,20092,0,,,2,30,,20093,0,,,2,70,,20094,0,,,2,30,,20095,0,,,2,70,,20096,0,,,2,30,,20097,0,,,2,70,,20098,0,,,2,30,,20099,0,,,2,70,,20100,0,,,2,30,,20101,0,,,2,70,,20102,0,,,2,30,,20103,0,,,2,70,,20104,0,,,2,30,,20105,0,,,2,70,,20106,0,,,2,30,,20107,0,,,2,70,,20108,0,,,2,30,,20109,0,,,2,70,,20110,0,,,2,30,,20111,0,,,2,70,,20112,0,,,2,30,,20113,0,,,2,70,,20114,0,,,2,30,,20115,0,,,2,70,,20116,0,,,2,30,,20117,0,,,2,70,,20118,0,,,2,30,,20119,0,,,2,70,,20120,0,,,2,30,,20121,0,,,2,70,,20122,0,,,2,30,,20123,0,,,2,70,,20124,0,,,2,30,,20125,0,,,2,70,,20126,0,,,2,30,,20127,0,,,2
