2300,'F1',650,,24556,4477,,,1,100,,24557,4477,,,1,100,,24553,4477,,,1,101,,24549,4477,,,1,99,,24551,4477,,,1,103,,24552,4477,,,1,97,,24558,4477,,,1,100,,24550,4477,,,1,100,,24554,4477,,,1,100,,24555,4477,,,1,100,,24559,4477,,,1,102,,24560,4477,,,1
2300,'F2',650,,24569,4477,,,1,100,,24570,4477,,,1,100,,24561,4477,,,1,101,,24562,4477,,,1,99,,24565,4477,,,1,103,,24566,4477,,,1,97,,24571,4477,,,1,100,,24572,4477,,,1,100,,24568,4477,,,1,100,,24567,4477,,,1,100,,24563,4477,,,1,102,,24564,4477,,,1
2300,'SA',650,,24581,4477,,,1,100,,24582,4477,,,1,100,,24573,4477,,,1,101,,24574,4477,,,1,99,,24577,4477,,,1,103,,24578,4477,,,1,97,,24583,4477,,,1,100,,24584,4477,,,1,100,,24580,4477,,,1,100,,24579,4477,,,1,100,,24575,4477,,,1,102,,24576,4477,,,1
2300,'SE',951,,24587,4477,,,1,100,,24585,4477,,,1,100,,24588,4477,,,1,100,,24589,4477,,,1,100,,24586,4477,,,1
12300,'DI',620,,30605,4477,0,46 47,1,100,,30615,4477,0,46 47,1,100,,30606,4477,0,46 47,1,100,,30616,4477,0,46 47,1,100,,30607,4477,0,46 47,1,100,,30617,4477,0,46 47,1,105,,30608,4477,0,46 47,1,95,,30618,4477,0,46 47,1,100,,30609,4477,0,46 47,1,100,,30619,4477,0,46 47,1,100,,30610,4477,0,46 47,1,100,,30620,4477,0,46 47,1,100,,30611,4477,0,46 47,1,100,,30621,4477,0,46 47,1,100,,30612,4477,0,46 47,1,100,,30622,4477,0,46 47,1,100,,30613,4477,0,46 47,1,100,,30623,4477,0,46 47,1,100,,30614,4477,0,46 47,1
12300,'F1',620,,30632,4477,0,46 47,1,100,,30636,4477,0,46 47,1,100,,30626,4477,0,46 47,1,105,,30637,4477,0,46 47,1,99,,30627,4477,0,46 47,1,100,,30624,4477,0,46 47,1,100,,30628,4477,0,46 47,1,96,,30625,4477,0,46 47,1,100,,30629,4477,0,46 47,1,100,,30630,4477,0,46 47,1,104,,30638,4477,0,46 47,1,101,,30631,4477,0,46 47,1,99,,30639,4477,0,46 47,1,96,,30633,4477,0,46 47,1,100,,30640,4477,0,46 47,1,100,,30634,4477,0,46 47,1,100,,30641,4477,0,46 47,1,100,,30635,4477,0,46 47,1,100,,30642,4477,0,46 47,1
12300,'F2',620,,30644,4477,0,46 47,1,100,,30643,4477,0,46 47,1,100,,30645,4477,0,46 47,1,105,,30654,4477,0,46 47,1,99,,30646,4477,0,46 47,1,100,,30655,4477,0,46 47,1,100,,30647,4477,0,46 47,1,96,,30656,4477,0,46 47,1,100,,30648,4477,0,46 47,1,100,,30657,4477,0,46 47,1,104,,30649,4477,0,46 47,1,101,,30658,4477,0,46 47,1,99,,30650,4477,0,46 47,1,96,,30659,4477,0,46 47,1,100,,30651,4477,0,46 47,1,100,,30660,4477,0,46 47,1,100,,30652,4477,0,46 47,1,100,,30661,4477,0,46 47,1,100,,30653,4477,0,46 47,1
12300,'SA',620,,30663,4477,0,46 47,1,100,,30662,4477,0,46 47,1,100,,30664,4477,0,46 47,1,105,,30673,4477,0,46 47,1,99,,30665,4477,0,46 47,1,100,,30674,4477,0,46 47,1,100,,30666,4477,0,46 47,1,96,,30675,4477,0,46 47,1,100,,30667,4477,0,46 47,1,100,,30676,4477,0,46 47,1,104,,30668,4477,0,46 47,1,101,,30677,4477,0,46 47,1,99,,30669,4477,0,46 47,1,96,,30678,4477,0,46 47,1,100,,30670,4477,0,46 47,1,100,,30679,4477,0,46 47,1,100,,30671,4477,0,46 47,1,100,,30680,4477,0,46 47,1,100,,30672,4477,0,46 47,1
12300,'SE',512,,30700,4477,0,46 47,1,33,,30681,4477,0,46 47,1,55,,30688,4477,0,46 47,1,10,,30682,4477,0,46 47,1,10,,30702,4477,0,46 47,1,10,,30693,4477,0,46 47,1,12,,30703,4477,0,46 47,1,8,,30683,4477,0,46 47,1,52,,30707,4477,0,46 47,1,10,,30684,4477,0,46 47,1,21,,30708,4477,0,46 47,1,17,,30704,4477,0,46 47,1,69,,30710,4477,0,46 47,1,29,,30709,4477,0,46 47,1,69,,30690,4477,0,46 47,1,102,,30685,4477,0,46 47,1,100,,30695,4477,0,46 47,1,99,,30705,4477,0,46 47,1,101,,30697,4477,0,46 47,1,5,,30694,4477,0,46 47,1,93,,30701,4477,0,46 47,1,30,,30711,4477,0,46 47,1,71,,30698,4477,0,46 47,1,26,,30696,4477,0,46 47,1,71,,30713,4477,0,46 47,1,31,,30715,4477,0,46 47,1,71,,30687,4477,0,46 47,1,30,,30699,4477,0,46 47,1,76,,30686,4477,0,46 47,1,28,,30712,4477,0,46 47,1,70,,30706,4477,0,46 47,1,30,,30689,4477,0,46 47,1,70,,30714,4477,0,46 47,1,100,,30691,4477,0,46 47,1,100,,30716,4477,0,46 47,1,98,,30692,4477,0,46 47,1,100,,30717,4477,0,46 47,1
17000,'SE',552,,31359,7105,0,48,2,70,,31363,7105,0,48,2,31,,31360,7105,0,48,2,70,,31364,7105,0,48,2,30,,31361,7105,0,48,2,73,,31365,7105,0,48,2,28,,31362,7105,0,48,2,692,,31366,7105,0,48,2,70,,31370,7105,0,48,2,30,,31367,7105,0,48,2,70,,31371,7105,0,48,2,30,,31368,7105,0,48,2,70,,31372,7105,0,48,2,30,,31369,7105,0,48,2
57500,'SE',1557,,32393,3096,,,2
