800,'DI',559,,21738,5949,,,1,73,,21733,5949,,,1,70,,2441,5949,,,1,30,,2447,5949,,,1,70,,21739,5949,,,1,30,,21734,5949,,,1,72,,2442,5949,,,1,30,,2448,5949,,,1,70,,21740,5949,,,1,30,,21735,5949,,,1,70,,2443,5949,,,1,30,,2449,5949,,,1,71,,21741,5949,,,1,30,,2436,5949,,,1,70,,2444,5949,,,1,30,,2450,5949,,,1,70,,21742,5949,,,1,30,,21736,5949,,,1,70,,2445,5949,,,1,30,,21745,5949,,,1,70,,21743,5949,,,1,30,,21737,5949,,,1,69,,2446,5949,,,1,30,,21746,5949,,,1,72,,21744,5949,,,1,43,,2437,5949,,,1,100,,21747,5949,,,1,100,,2438,5949,,,1,99,,21748,5949,,,1,100,,2439,5949,,,1,100,,21749,5949,,,1,100,,2440,5949,,,1,100,,21732,5949,,,1
800,'F1',600,,21771,5949,,,1,30,,21755,5949,,,1,72,,21759,5949,,,1,30,,21769,5949,,,1,71,,21772,5949,,,1,30,,21756,5949,,,1,70,,21760,5949,,,1,31,,21770,5949,,,1,70,,21773,5949,,,1,30,,21757,5949,,,1,70,,21750,5949,,,1,30,,21778,5949,,,1,68,,21774,5949,,,1,32,,21758,5949,,,1,70,,21751,5949,,,1,30,,21779,5949,,,1,70,,21775,5949,,,1,30,,21782,5949,,,1,70,,21752,5949,,,1,30,,21780,5949,,,1,70,,21776,5949,,,1,30,,21783,5949,,,1,70,,21753,5949,,,1,30,,21781,5949,,,1,72,,21777,5949,,,1,28,,21761,5949,,,1,70,,21754,5949,,,1,46,,21765,5949,,,1,98,,21762,5949,,,1,100,,21766,5949,,,1,100,,21763,5949,,,1,100,,21767,5949,,,1,100,,21764,5949,,,1,100,,21768,5949,,,1
800,'F2',600,,21805,5949,,,1,30,,21788,5949,,,1,72,,21801,5949,,,1,30,,21803,5949,,,1,71,,21806,5949,,,1,30,,21789,5949,,,1,70,,21802,5949,,,1,31,,21804,5949,,,1,70,,21807,5949,,,1,30,,21790,5949,,,1,70,,21796,5949,,,1,30,,21812,5949,,,1,68,,21808,5949,,,1,32,,21791,5949,,,1,70,,21797,5949,,,1,30,,21813,5949,,,1,70,,21809,5949,,,1,30,,21816,5949,,,1,70,,21798,5949,,,1,30,,21814,5949,,,1,70,,21810,5949,,,1,30,,21817,5949,,,1,70,,21799,5949,,,1,30,,21815,5949,,,1,72,,21811,5949,,,1,28,,21784,5949,,,1,70,,21800,5949,,,1,46,,21792,5949,,,1,98,,21785,5949,,,1,100,,21793,5949,,,1,100,,21786,5949,,,1,100,,21794,5949,,,1,100,,21787,5949,,,1,100,,21795,5949,,,1
800,'SA',600,,21839,5949,,,1,30,,21822,5949,,,1,72,,21835,5949,,,1,30,,21837,5949,,,1,71,,21840,5949,,,1,30,,21823,5949,,,1,70,,21836,5949,,,1,31,,21838,5949,,,1,70,,21841,5949,,,1,30,,21824,5949,,,1,70,,21830,5949,,,1,30,,21846,5949,,,1,68,,21842,5949,,,1,32,,21825,5949,,,1,70,,21831,5949,,,1,30,,21847,5949,,,1,70,,21843,5949,,,1,30,,2660,5949,,,1,70,,21832,5949,,,1,30,,21848,5949,,,1,70,,21844,5949,,,1,30,,2661,5949,,,1,70,,21833,5949,,,1,30,,21849,5949,,,1,72,,21845,5949,,,1,28,,21818,5949,,,1,70,,21834,5949,,,1,46,,21826,5949,,,1,98,,21819,5949,,,1,100,,21827,5949,,,1,100,,21820,5949,,,1,100,,21828,5949,,,1,100,,21821,5949,,,1,100,,21829,5949,,,1
800,'SE',503,,21884,5949,,,1,28,,21886,5949,,,1,22,,21893,5949,,,1,81,,21850,5949,,,1,70,,21885,5949,,,1,21,,21887,5949,,,1,19,,21878,5949,,,1,13,,21853,5949,,,1,55,,21854,5949,,,1,15,,21857,5949,,,1,15,,21851,5949,,,1,17,,21867,5949,,,1,55,,21863,5949,,,1,15,,21888,5949,,,1,15,,21859,5949,,,1,15,,21912,5949,,,1,55,,21855,5949,,,1,15,,21858,5949,,,1,15,,21852,5949,,,1,15,,21864,5949,,,1,55,,21868,5949,,,1,17,,21896,5949,,,1,15,,21889,5949,,,1,55,,21897,5949,,,1,15,,21871,5949,,,1,15,,21915,5949,,,1,15,,21916,5949,,,1,55,,21913,5949,,,1,15,,21902,5949,,,1,15,,21900,5949,,,1,15,,21879,5949,,,1,55,,21860,5949,,,1,15,,21898,5949,,,1,17,,21856,5949,,,1,15,,21914,5949,,,1,54,,21901,5949,,,1,14,,21910,5949,,,1,4,,21872,5949,,,1,13,,21869,5949,,,1,15,,21905,5949,,,1,55,,21904,5949,,,1,15,,21890,5949,,,1,15,,21861,5949,,,1,12,,21899,5949,,,1,12,,21917,5949,,,1,53,,21903,5949,,,1,11,,21883,5949,,,1,12,,21882,5949,,,1,12,,21911,5949,,,1,11,,21870,5949,,,1,52,,21906,5949,,,1,12,,21876,5949,,,1,11,,21877,5949,,,1,10,,21894,5949,,,1,10,,21862,5949,,,1,60,,21880,5949,,,1,27,,21907,5949,,,1,68,,21891,5949,,,1,30,,21895,5949,,,1,68,,21881,5949,,,1,30,,21908,5949,,,1,70,,21892,5949,,,1,45,,21873,5949,,,1,100,,21909,5949,,,1,97,,21874,5949,,,1,100,,21875,5949,,,1
2800,'DI',856,,24697,5949,0,39 40,1,101,,24702,5949,0,39 40,1,100,,24700,5949,0,39 40,1,100,,24698,5949,0,39 40,1,100,,24699,5949,0,39 40,1,100,,24703,5949,0,39 40,1,100,,24706,5949,0,39 40,1,101,,24705,5949,0,39 40,1,99,,24704,5949,0,39 40,1,100,,24701,5949,0,39 40,1
2800,'F1',858,,24713,5949,0,39 40,1,99,,24711,5949,0,39 40,1,143,,24707,5949,0,39 40,1,57,,24714,5949,0,39 40,1,101,,24712,5949,0,39 40,1,100,,24716,5949,0,39 40,1,99,,24708,5949,0,39 40,1,143,,24710,5949,0,39 40,1,59,,24715,5949,0,39 40,1,98,,24709,5949,0,39 40,1
2800,'F2',858,,24724,5949,0,39 40,1,99,,24719,5949,0,39 40,1,143,,24717,5949,0,39 40,1,57,,24721,5949,0,39 40,1,101,,24720,5949,0,39 40,1,100,,24722,5949,0,39 40,1,99,,24718,5949,0,39 40,1,143,,24726,5949,0,39 40,1,59,,24725,5949,0,39 40,1,98,,24723,5949,0,39 40,1
2800,'SA',858,,24733,5949,0,39 40,1,99,,24729,5949,0,39 40,1,143,,24727,5949,0,39 40,1,57,,24730,5949,0,39 40,1,101,,6923,5949,0,39 40,1,100,,24731,5949,0,39 40,1,99,,24728,5949,0,39 40,1,143,,24735,5949,0,39 40,1,59,,24734,5949,0,39 40,1,98,,24732,5949,0,39 40,1
2800,'SE',622,,24771,5949,0,39 40,1,86,,24769,5949,0,39 40,1,22,,24772,5949,0,39 40,1,3,,24773,5949,0,39 40,1,16,,24737,5949,0,39 40,1,53,,24752,5949,0,39 40,1,15,,24770,5949,0,39 40,1,15,,24736,5949,0,39 40,1,14,,24742,5949,0,39 40,1,58,,24754,5949,0,39 40,1,30,,24738,5949,0,39 40,1,70,,24753,5949,0,39 40,1,30,,24755,5949,0,39 40,1,70,,24739,5949,0,39 40,1,32,,24760,5949,0,39 40,1,70,,24756,5949,0,39 40,1,30,,24740,5949,0,39 40,1,70,,24761,5949,0,39 40,1,30,,24757,5949,0,39 40,1,70,,24741,5949,0,39 40,1,31,,24762,5949,0,39 40,1,71,,24774,5949,0,39 40,1,16,,24766,5949,0,39 40,1,14,,24764,5949,0,39 40,1,15,,24748,5949,0,39 40,1,55,,24776,5949,0,39 40,1,15,,24743,5949,0,39 40,1,14,,24745,5949,0,39 40,1,12,,24775,5949,0,39 40,1,52,,24767,5949,0,39 40,1,12,,24765,5949,0,39 40,1,12,,24758,5949,0,39 40,1,12,,24749,5949,0,39 40,1,12,,24763,5949,0,39 40,1,51,,24744,5949,0,39 40,1,12,,24768,5949,0,39 40,1,11,,24747,5949,0,39 40,1,13,,24751,5949,0,39 40,1,95,,24746,5949,0,39 40,1,98,,24759,5949,0,39 40,1,98,,24750,5949,0,39 40,1
8800,'DI',717,,30028,5949,,,1,30,,30033,5949,,,1,70,,30039,5949,,,1,30,,30048,5949,,,1,70,,30029,5949,,,1,30,,30034,5949,,,1,72,,30040,5949,,,1,30,,30049,5949,,,1,70,,30030,5949,,,1,30,,30035,5949,,,1,70,,30041,5949,,,1,30,,30050,5949,,,1,70,,30031,5949,,,1,30,,30036,5949,,,1,70,,30042,5949,,,1,30,,15002,5949,,,1,70,,30043,5949,,,1,30,,30037,5949,,,1,70,,30051,5949,,,1,30,,15003,5949,,,1,70,,30044,5949,,,1,30,,30038,5949,,,1,70,,30052,5949,,,1,100,,30045,5949,,,1,100,,30053,5949,,,1,100,,30046,5949,,,1,100,,30054,5949,,,1,97,,30047,5949,,,1,100,,30027,5949,,,1,100,,30032,5949,,,1
8800,'F1',717,,30061,5949,,,1,30,,15061,5949,,,1,71,,30074,5949,,,1,30,,30065,5949,,,1,71,,30062,5949,,,1,30,,15062,5949,,,1,70,,30075,5949,,,1,30,,30066,5949,,,1,70,,15046,5949,,,1,30,,30070,5949,,,1,70,,30076,5949,,,1,30,,30067,5949,,,1,70,,15047,5949,,,1,30,,30071,5949,,,1,70,,30077,5949,,,1,30,,30057,5949,,,1,70,,15048,5949,,,1,30,,30072,5949,,,1,70,,30078,5949,,,1,30,,30058,5949,,,1,71,,30079,5949,,,1,29,,30073,5949,,,1,71,,30068,5949,,,1,29,,30059,5949,,,1,70,,30063,5949,,,1,100,,30069,5949,,,1,99,,30064,5949,,,1,99,,30056,5949,,,1,100,,30055,5949,,,1,100,,30060,5949,,,1,100,,15032,5949,,,1
8800,'F2',717,,30083,5949,,,1,30,,30108,5949,,,1,71,,30104,5949,,,1,30,,30095,5949,,,1,71,,30088,5949,,,1,30,,30109,5949,,,1,70,,30105,5949,,,1,30,,30096,5949,,,1,70,,30089,5949,,,1,30,,30100,5949,,,1,70,,30085,5949,,,1,30,,30097,5949,,,1,70,,30090,5949,,,1,30,,30101,5949,,,1,70,,30086,5949,,,1,30,,30080,5949,,,1,70,,30091,5949,,,1,30,,30102,5949,,,1,70,,30087,5949,,,1,30,,30081,5949,,,1,71,,30110,5949,,,1,29,,30103,5949,,,1,71,,30098,5949,,,1,29,,30082,5949,,,1,70,,30092,5949,,,1,100,,30099,5949,,,1,99,,30093,5949,,,1,99,,30107,5949,,,1,100,,30094,5949,,,1,100,,30106,5949,,,1,100,,30084,5949,,,1
8800,'SA',717,,30114,5949,,,1,30,,30138,5949,,,1,71,,30135,5949,,,1,30,,30126,5949,,,1,71,,30119,5949,,,1,30,,30139,5949,,,1,70,,30136,5949,,,1,30,,30127,5949,,,1,70,,30120,5949,,,1,30,,30131,5949,,,1,70,,30116,5949,,,1,30,,30128,5949,,,1,70,,30121,5949,,,1,30,,30132,5949,,,1,70,,30117,5949,,,1,30,,30111,5949,,,1,70,,30122,5949,,,1,30,,30133,5949,,,1,70,,30118,5949,,,1,30,,30112,5949,,,1,71,,30140,5949,,,1,29,,30134,5949,,,1,71,,30129,5949,,,1,29,,30113,5949,,,1,70,,30123,5949,,,1,100,,30130,5949,,,1,99,,30124,5949,,,1,99,,15203,5949,,,1,100,,30125,5949,,,1,100,,30137,5949,,,1,100,,30115,5949,,,1
8800,'SE',717,,30151,5949,,,1,21,,30183,5949,,,1,15,,30184,5949,,,1,54,,15219,5949,,,1,15,,30185,5949,,,1,15,,30153,5949,,,1,15,,30154,5949,,,1,69,,30173,5949,,,1,30,,30152,5949,,,1,70,,30150,5949,,,1,30,,30171,5949,,,1,72,,30174,5949,,,1,30,,30143,5949,,,1,70,,30141,5949,,,1,30,,30175,5949,,,1,70,,30144,5949,,,1,30,,30172,5949,,,1,72,,30187,5949,,,1,30,,30176,5949,,,1,57,,30178,5949,,,1,16,,30180,5949,,,1,15,,30145,5949,,,1,15,,30156,5949,,,1,55,,30186,5949,,,1,15,,30161,5949,,,1,13,,30165,5949,,,1,12,,30142,5949,,,1,52,,30166,5949,,,1,12,,30158,5949,,,1,13,,30163,5949,,,1,11,,30149,5949,,,1,11,,30181,5949,,,1,52,,30146,5949,,,1,12,,30157,5949,,,1,11,,30179,5949,,,1,19,,30162,5949,,,1,55,,15235,5949,,,1,22,,30159,5949,,,1,28,,30182,5949,,,1,70,,30177,5949,,,1,28,,15236,5949,,,1,70,,30160,5949,,,1,30,,30148,5949,,,1,70,,30169,5949,,,1,100,,30167,5949,,,1,99,,30170,5949,,,1,98,,30168,5949,,,1
