2901,'DI',706,,24956,5029,,,1,100,,24957,5029,,,1,100,,24958,5029,,,1,100,,24959,5029,,,1,100,,24960,5029,,,1,100,,24961,5029,,,1,100,,24962,5029,,,1,100,,24963,5029,,,1,100,,24964,5029,,,1,100,,24965,5029,,,1,100,,24966,5029,,,1,100,,24967,5029,,,1,99,,24968,5029,,,1,100,,24969,5029,,,1,100,,24970,5029,,,1,100,,24971,5029,,,1,100,,24972,5029,,,1,120,,24973,5029,,,1
2901,'F1',706,,24975,5029,,,1,100,,24976,5029,,,1,100,,24977,5029,,,1,100,,24978,5029,,,1,100,,24979,5029,,,1,100,,24980,5029,,,1,100,,24981,5029,,,1,100,,24982,5029,,,1,99,,24983,5029,,,1,99,,24984,5029,,,1,99,,24985,5029,,,1,108,,24986,5029,,,1,98,,24987,5029,,,1,97,,24988,5029,,,1,99,,24989,5029,,,1,100,,24990,5029,,,1,100,,24991,5029,,,1,120,,24992,5029,,,1
2901,'F2',706,,25007,5029,,,1,100,,25008,5029,,,1,100,,25009,5029,,,1,100,,25010,5029,,,1,100,,25011,5029,,,1,100,,25012,5029,,,1,100,,24994,5029,,,1,100,,24995,5029,,,1,99,,24996,5029,,,1,99,,24997,5029,,,1,99,,24998,5029,,,1,108,,24999,5029,,,1,98,,25000,5029,,,1,97,,25001,5029,,,1,99,,25002,5029,,,1,100,,25003,5029,,,1,100,,25004,5029,,,1,120,,25005,5029,,,1
2901,'SA',706,,25026,5029,,,1,100,,25027,5029,,,1,100,,25028,5029,,,1,100,,25029,5029,,,1,100,,25030,5029,,,1,100,,25031,5029,,,1,100,,25013,5029,,,1,100,,25014,5029,,,1,99,,25015,5029,,,1,99,,25016,5029,,,1,99,,25017,5029,,,1,108,,25018,5029,,,1,98,,25019,5029,,,1,97,,25020,5029,,,1,99,,25021,5029,,,1,100,,25022,5029,,,1,100,,25023,5029,,,1,120,,25024,5029,,,1
2901,'SE',637,,25045,5029,,,1,66,,7376,5029,,,1,34,,25056,5029,,,1,4,,25047,5029,,,1,67,,25041,5029,,,1,30,,25044,5029,,,1,69,,25046,5029,,,1,103,,25040,5029,,,1,100,,25058,5029,,,1,101,,25039,5029,,,1,100,,25034,5029,,,1,100,,25037,5029,,,1,100,,25035,5029,,,1,35,,25048,5029,,,1,66,,25049,5029,,,1,34,,25036,5029,,,1,60,,25038,5029,,,1,29,,25043,5029,,,1,13,,25057,5029,,,1,68,,25042,5029,,,1,28,,25050,5029,,,1,67,,25033,5029,,,1,98,,25032,5029,,,1,99,,25051,5029,,,1,99,,25052,5029,,,1,98,,25053,5029,,,1,121,,25054,5029,,,1
7401,'DI',720,,28681,3225,,,1,100,,28685,3225,,,1,100,,28686,3225,,,1,100,,28687,3225,,,1,100,,28688,3225,,,1,99,,28689,3225,,,1,105,,28690,3225,,,1,96,,28678,3225,,,1,100,,28679,3225,,,1,100,,28691,3225,,,1,100,,28692,3225,,,1,104,,28693,3225,,,1,96,,28694,3225,,,1,100,,28695,3225,,,1,100,,28682,3225,,,1,100,,28683,3225,,,1,100,,28684,3225,,,1,100,,28680,3225,,,1
7401,'F1',718,,28713,3225,,,1,102,,28699,3225,,,1,100,,28700,3225,,,1,99,,28701,3225,,,1,100,,28714,3225,,,1,101,,28709,3225,,,1,100,,28710,3225,,,1,100,,28711,3225,,,1,99,,28696,3225,,,1,101,,28702,3225,,,1,100,,28703,3225,,,1,102,,28704,3225,,,1,98,,28712,3225,,,1,100,,28705,3225,,,1,100,,28706,3225,,,1,100,,28707,3225,,,1,100,,28708,3225,,,1,100,,28697,3225,,,1,100,,28698,3225,,,1
7401,'F2',718,,28733,3225,,,1,102,,28718,3225,,,1,100,,28719,3225,,,1,99,,28720,3225,,,1,100,,28717,3225,,,1,101,,28721,3225,,,1,100,,28722,3225,,,1,100,,28723,3225,,,1,99,,28724,3225,,,1,101,,28725,3225,,,1,100,,28726,3225,,,1,102,,28715,3225,,,1,98,,28727,3225,,,1,100,,28728,3225,,,1,100,,28729,3225,,,1,100,,28730,3225,,,1,100,,28731,3225,,,1,100,,28732,3225,,,1,100,,28716,3225,,,1
7401,'SA',718,,28752,3225,,,1,102,,28737,3225,,,1,100,,28738,3225,,,1,99,,28739,3225,,,1,100,,28736,3225,,,1,101,,28740,3225,,,1,100,,28741,3225,,,1,100,,28742,3225,,,1,99,,28743,3225,,,1,101,,28744,3225,,,1,100,,28745,3225,,,1,102,,28734,3225,,,1,98,,28746,3225,,,1,100,,28747,3225,,,1,100,,28748,3225,,,1,100,,28749,3225,,,1,100,,28750,3225,,,1,100,,28751,3225,,,1,100,,28735,3225,,,1
7401,'SE',619,,28776,3225,,,1,32,,28775,3225,,,1,65,,28774,3225,,,1,38,,28777,3225,,,1,66,,28779,3225,,,1,30,,28778,3225,,,1,69,,28769,3225,,,1,101,,28759,3225,,,1,100,,28757,3225,,,1,101,,28770,3225,,,1,100,,28771,3225,,,1,101,,28760,3225,,,1,101,,28762,3225,,,1,29,,28764,3225,,,1,67,,28763,3225,,,1,36,,28756,3225,,,1,69,,28767,3225,,,1,30,,28758,3225,,,1,68,,28768,3225,,,1,30,,28754,3225,,,1,68,,28772,3225,,,1,99,,28773,3225,,,1,100,,28755,3225,,,1,99,,28765,3225,,,1,100,,28766,3225,,,1,100,,28761,3225,,,1,100,,28753,3225,,,1
56500,'SE',1623,,32387,10973,,,2
