1301,'DI',633,,22510,5862,,,1,100,,3602,5862,,,1,100,,22511,5862,,,1,100,,3603,5862,,,1,100,,22512,5862,,,1,100,,3604,5862,,,1,100,,22513,5862,,,1,100,,3605,5862,,,1,100,,22515,5862,,,1,100,,22522,5862,,,1,100,,22507,5862,,,1,100,,22514,5862,,,1,100,,22509,5862,,,1,100,,22516,5862,,,1,100,,22520,5862,,,1,100,,22518,5862,,,1,100,,22517,5862,,,1,100,,22508,5862,,,1,100,,22521,5862,,,1,100,,22519,5862,,,1
1301,'F1',633,,22530,5862,,,1,100,,22523,5862,,,1,100,,22531,5862,,,1,100,,22525,5862,,,1,100,,22526,5862,,,1,100,,22536,5862,,,1,100,,22524,5862,,,1,100,,22532,5862,,,1,100,,22527,5862,,,1,100,,22533,5862,,,1,100,,22541,5862,,,1,100,,22529,5862,,,1,100,,22537,5862,,,1,100,,22534,5862,,,1,100,,22538,5862,,,1,100,,22528,5862,,,1,100,,22540,5862,,,1,100,,22535,5862,,,1,100,,22539,5862,,,1,100,,22542,5862,,,1
1301,'F2',633,,22551,5862,,,1,100,,22544,5862,,,1,100,,22552,5862,,,1,100,,22545,5862,,,1,100,,22546,5862,,,1,100,,22553,5862,,,1,100,,22555,5862,,,1,100,,22547,5862,,,1,100,,22556,5862,,,1,100,,22548,5862,,,1,100,,22543,5862,,,1,100,,22558,5862,,,1,100,,22561,5862,,,1,100,,22549,5862,,,1,100,,22557,5862,,,1,100,,22554,5862,,,1,100,,22562,5862,,,1,100,,22559,5862,,,1,100,,22550,5862,,,1,100,,22560,5862,,,1
1301,'SA',633,,22571,5862,,,1,100,,22564,5862,,,1,100,,22572,5862,,,1,100,,22565,5862,,,1,100,,22566,5862,,,1,100,,22573,5862,,,1,100,,22575,5862,,,1,100,,22567,5862,,,1,100,,22576,5862,,,1,100,,22568,5862,,,1,100,,22563,5862,,,1,100,,22578,5862,,,1,100,,22581,5862,,,1,100,,22569,5862,,,1,100,,22577,5862,,,1,100,,22574,5862,,,1,100,,22582,5862,,,1,100,,22579,5862,,,1,100,,22570,5862,,,1,100,,22580,5862,,,1
1301,'SE',540,,22597,5862,,,1,72,,22598,5862,,,1,30,,22596,5862,,,1,17,,22585,5862,,,1,54,,22621,5862,,,1,13,,22587,5862,,,1,14,,22614,5862,,,1,60,,22588,5862,,,1,14,,22586,5862,,,1,13,,22625,5862,,,1,15,,22607,5862,,,1,15,,22603,5862,,,1,60,,22606,5862,,,1,29,,22599,5862,,,1,70,,22584,5862,,,1,30,,22602,5862,,,1,70,,22616,5862,,,1,30,,22594,5862,,,1,70,,22608,5862,,,1,31,,22595,5862,,,1,70,,22600,5862,,,1,30,,22617,5862,,,1,70,,22604,5862,,,1,30,,22609,5862,,,1,69,,22622,5862,,,1,34,,22619,5862,,,1,69,,22583,5862,,,1,27,,22590,5862,,,1,55,,22605,5862,,,1,20,,22601,5862,,,1,22,,22626,5862,,,1,58,,22612,5862,,,1,20,,22610,5862,,,1,29,,22591,5862,,,1,69,,22624,5862,,,1,30,,22589,5862,,,1,70,,22618,5862,,,1,30,,22620,5862,,,1,70,,22611,5862,,,1,29,,22623,5862,,,1,100,,22613,5862,,,1,100,,22615,5862,,,1,100,,22592,5862,,,1,98,,22593,5862,,,1
5500,'SE',716,,27342,12944,4,,2,24,,27343,12944,4,,2,15,,27344,12944,4,,2,59,,27345,12944,4,,2
5501,'SE',620,,27356,0,,,2,20,,27358,0,,,2,15,,27360,0,,,2,55,,27362,0,,,2,15,,27357,0,,,2,15,,27364,0,,,2,15,,27359,0,,,2,55,,27361,0,,,2,20,,27363,0,,,2
50001,'SE',841,,32335,3343,,,2
60001,'SE',854,,32396,837,,,2
61301,'SE',856,,32412,4850,,,2
61801,'SE',849,,32416,5775,,,2
