8101,'DI',609,,29607,568,0,15,1,100,,29604,568,0,15,1,100,,29593,568,0,15,1,103,,29600,568,0,15,1,100,,29594,568,0,15,1,100,,29602,568,0,15,1,100,,29606,568,0,15,1,100,,29608,568,0,15,1,100,,29597,568,0,15,1,100,,29601,568,0,15,1,100,,29592,568,0,15,1,96,,29605,568,0,15,1,108,,29595,568,0,15,1,96,,29603,568,0,15,1,100,,29596,568,0,15,1,100,,29609,568,0,15,1,100,,29598,568,0,15,1,100,,29611,568,0,15,1,100,,29610,568,0,15,1,100,,29599,568,0,15,1
8101,'F1',609,,29614,568,0,15,1,100,,29612,568,0,15,1,100,,29620,568,0,15,1,103,,29628,568,0,15,1,100,,29625,568,0,15,1,100,,29613,568,0,15,1,100,,29621,568,0,15,1,100,,29618,568,0,15,1,100,,29626,568,0,15,1,100,,29632,568,0,15,1,100,,29629,568,0,15,1,100,,29627,568,0,15,1,104,,29624,568,0,15,1,96,,29623,568,0,15,1,100,,29630,568,0,15,1,100,,29616,568,0,15,1,100,,29619,568,0,15,1,100,,29622,568,0,15,1,100,,29615,568,0,15,1,100,,29617,568,0,15,1,100,,29631,568,0,15,1
8101,'F2',609,,29638,568,0,15,1,100,,29645,568,0,15,1,100,,29651,568,0,15,1,103,,29646,568,0,15,1,100,,29647,568,0,15,1,100,,29652,568,0,15,1,100,,29633,568,0,15,1,100,,29635,568,0,15,1,100,,29641,568,0,15,1,100,,29648,568,0,15,1,100,,29653,568,0,15,1,100,,29639,568,0,15,1,104,,29642,568,0,15,1,96,,29649,568,0,15,1,100,,29634,568,0,15,1,100,,29643,568,0,15,1,100,,29637,568,0,15,1,100,,29650,568,0,15,1,100,,29644,568,0,15,1,100,,29640,568,0,15,1,100,,29636,568,0,15,1
8101,'SA',609,,29659,568,0,15,1,100,,29666,568,0,15,1,100,,29672,568,0,15,1,103,,29667,568,0,15,1,100,,29668,568,0,15,1,100,,14421,568,0,15,1,100,,29654,568,0,15,1,100,,29656,568,0,15,1,100,,29662,568,0,15,1,100,,29669,568,0,15,1,100,,29673,568,0,15,1,100,,29660,568,0,15,1,104,,29663,568,0,15,1,96,,29670,568,0,15,1,100,,29655,568,0,15,1,100,,29664,568,0,15,1,100,,29658,568,0,15,1,100,,29671,568,0,15,1,100,,29665,568,0,15,1,100,,29661,568,0,15,1,100,,29657,568,0,15,1
8101,'SE',539,,29691,568,0,15,1,70,,29688,568,0,15,1,22,,29677,568,0,15,1,78,,29689,568,0,15,1,30,,29684,568,0,15,1,71,,29694,568,0,15,1,29,,29690,568,0,15,1,76,,29682,568,0,15,1,98,,29674,568,0,15,1,100,,29692,568,0,15,1,100,,29683,568,0,15,1,100,,29701,568,0,15,1,100,,29699,568,0,15,1,100,,29680,568,0,15,1,31,,29697,568,0,15,1,72,,29702,568,0,15,1,30,,29693,568,0,15,1,70,,29685,568,0,15,1,30,,29676,568,0,15,1,70,,29698,568,0,15,1,30,,29686,568,0,15,1,66,,29675,568,0,15,1,100,,29681,568,0,15,1,100,,29678,568,0,15,1,100,,29695,568,0,15,1,100,,29700,568,0,15,1,100,,29679,568,0,15,1,100,,29696,568,0,15,1,100,,29687,568,0,15,1
8301,'DI',712,,29841,568,0,13,1,100,,29842,568,0,13,1,108,,29843,568,0,13,1,100,,29844,568,0,13,1,100,,29845,568,0,13,1,100,,29846,568,0,13,1,100,,29847,568,0,13,1,100,,29848,568,0,13,1,100,,29849,568,0,13,1,100,,29850,568,0,13,1,100,,29851,568,0,13,1,100,,29852,568,0,13,1,100,,29853,568,0,13,1,100,,29854,568,0,13,1,100,,29855,568,0,13,1,100,,29856,568,0,13,1,100,,29857,568,0,13,1,100,,29858,568,0,13,1
8301,'F1',612,,14698,568,0,13,1,100,,14699,568,0,13,1,100,,29862,568,0,13,1,108,,29863,568,0,13,1,100,,29864,568,0,13,1,100,,29865,568,0,13,1,100,,29866,568,0,13,1,100,,29867,568,0,13,1,100,,29868,568,0,13,1,100,,29869,568,0,13,1,100,,29870,568,0,13,1,100,,29871,568,0,13,1,100,,29872,568,0,13,1,100,,29873,568,0,13,1,100,,29874,568,0,13,1,100,,29875,568,0,13,1,100,,29876,568,0,13,1,100,,29859,568,0,13,1,100,,29860,568,0,13,1,100,,29861,568,0,13,1
8301,'F2',612,,29893,568,0,13,1,100,,29894,568,0,13,1,100,,29895,568,0,13,1,108,,29896,568,0,13,1,100,,29877,568,0,13,1,100,,29878,568,0,13,1,100,,29879,568,0,13,1,100,,29880,568,0,13,1,100,,29881,568,0,13,1,100,,29882,568,0,13,1,100,,29883,568,0,13,1,100,,29884,568,0,13,1,100,,29885,568,0,13,1,100,,29886,568,0,13,1,100,,29887,568,0,13,1,100,,29888,568,0,13,1,100,,29889,568,0,13,1,100,,29890,568,0,13,1,100,,29891,568,0,13,1,100,,29892,568,0,13,1
8301,'SA',612,,29913,568,0,13,1,100,,29914,568,0,13,1,100,,29915,568,0,13,1,108,,29916,568,0,13,1,100,,29897,568,0,13,1,100,,29898,568,0,13,1,100,,29899,568,0,13,1,100,,29900,568,0,13,1,100,,29901,568,0,13,1,100,,29902,568,0,13,1,100,,29903,568,0,13,1,100,,29904,568,0,13,1,100,,29905,568,0,13,1,100,,29906,568,0,13,1,100,,29907,568,0,13,1,100,,29908,568,0,13,1,100,,29909,568,0,13,1,100,,29910,568,0,13,1,100,,29911,568,0,13,1,100,,29912,568,0,13,1
8301,'SE',535,,29935,568,0,13,1,70,,29939,568,0,13,1,19,,29930,568,0,13,1,16,,29936,568,0,13,1,65,,29941,568,0,13,1,20,,29937,568,0,13,1,22,,29926,568,0,13,1,58,,29940,568,0,13,1,20,,29932,568,0,13,1,23,,29928,568,0,13,1,71,,29948,568,0,13,1,20,,29938,568,0,13,1,80,,29923,568,0,13,1,100,,29924,568,0,13,1,100,,29931,568,0,13,1,100,,29918,568,0,13,1,100,,29919,568,0,13,1,101,,29920,568,0,13,1,15,,29942,568,0,13,1,65,,29921,568,0,13,1,20,,29949,568,0,13,1,22,,29917,568,0,13,1,60,,29927,568,0,13,1,18,,29950,568,0,13,1,20,,29951,568,0,13,1,60,,29929,568,0,13,1,20,,29943,568,0,13,1,20,,29925,568,0,13,1,80,,29944,568,0,13,1,100,,29945,568,0,13,1,100,,29946,568,0,13,1,100,,29947,568,0,13,1,100,,29922,568,0,13,1,100,,29933,568,0,13,1,100,,29934,568,0,13,1
8401,'SE',619,,29986,568,0,13,2,15,,29994,568,0,13,2,25,,29997,568,0,13,2,60,,29985,568,0,13,2,24,,29996,568,0,13,2,16,,29999,568,0,13,2,60,,30000,568,0,13,2,20,,29995,568,0,13,2,66,,29998,568,0,13,2,47,,29981,568,0,13,2,100,,29982,568,0,13,2,100,,30011,568,0,13,2,100,,29987,568,0,13,2,100,,29991,568,0,13,2,95,,30001,568,0,13,2,5,,29992,568,0,13,2,78,,30013,568,0,13,2,19,,29983,568,0,13,2,60,,29993,568,0,13,2,21,,30004,568,0,13,2,21,,30012,568,0,13,2,59,,30003,568,0,13,2,20,,30002,568,0,13,2,20,,29989,568,0,13,2,61,,29990,568,0,13,2,19,,29988,568,0,13,2,20,,29984,568,0,13,2,100,,30005,568,0,13,2,100,,30006,568,0,13,2,100,,30007,568,0,13,2,100,,30008,568,0,13,2,100,,30009,568,0,13,2,100,,30010,568,0,13,2
68300,'SE',1634,,32473,8766,,,2
