2300,'F1',654,,24556,5955,,,1,100,,24557,5955,,,1,100,,24553,5955,,,1,101,,24549,5955,,,1,99,,24551,5955,,,1,103,,24552,5955,,,1,97,,24558,5955,,,1,100,,24550,5955,,,1,100,,24554,5955,,,1,100,,24555,5955,,,1,100,,24559,5955,,,1,102,,24560,5955,,,1
2300,'F2',654,,24569,5955,,,1,100,,24570,5955,,,1,100,,24561,5955,,,1,101,,24562,5955,,,1,99,,24565,5955,,,1,103,,24566,5955,,,1,97,,24571,5955,,,1,100,,24572,5955,,,1,100,,24568,5955,,,1,100,,24567,5955,,,1,100,,24563,5955,,,1,102,,24564,5955,,,1
2300,'SA',654,,24581,5955,,,1,100,,24582,5955,,,1,100,,24573,5955,,,1,101,,24574,5955,,,1,99,,24577,5955,,,1,103,,24578,5955,,,1,97,,24583,5955,,,1,100,,24584,5955,,,1,100,,24580,5955,,,1,100,,24579,5955,,,1,100,,24575,5955,,,1,102,,24576,5955,,,1
2300,'SE',955,,24587,5955,,,1,100,,24585,5955,,,1,100,,24588,5955,,,1,100,,24589,5955,,,1,100,,24586,5955,,,1
12300,'DI',624,,30605,5955,0,46 47,1,100,,30615,5955,0,46 47,1,100,,30606,5955,0,46 47,1,100,,30616,5955,0,46 47,1,100,,30607,5955,0,46 47,1,100,,30617,5955,0,46 47,1,105,,30608,5955,0,46 47,1,95,,30618,5955,0,46 47,1,100,,30609,5955,0,46 47,1,100,,30619,5955,0,46 47,1,100,,30610,5955,0,46 47,1,100,,30620,5955,0,46 47,1,100,,30611,5955,0,46 47,1,100,,30621,5955,0,46 47,1,100,,30612,5955,0,46 47,1,100,,30622,5955,0,46 47,1,100,,30613,5955,0,46 47,1,100,,30623,5955,0,46 47,1,100,,30614,5955,0,46 47,1
12300,'F1',624,,30632,5955,0,46 47,1,100,,30636,5955,0,46 47,1,100,,30626,5955,0,46 47,1,105,,30637,5955,0,46 47,1,99,,30627,5955,0,46 47,1,100,,30624,5955,0,46 47,1,100,,30628,5955,0,46 47,1,96,,30625,5955,0,46 47,1,100,,30629,5955,0,46 47,1,100,,30630,5955,0,46 47,1,104,,30638,5955,0,46 47,1,101,,30631,5955,0,46 47,1,99,,30639,5955,0,46 47,1,96,,30633,5955,0,46 47,1,100,,30640,5955,0,46 47,1,100,,30634,5955,0,46 47,1,100,,30641,5955,0,46 47,1,100,,30635,5955,0,46 47,1,100,,30642,5955,0,46 47,1
12300,'F2',624,,30644,5955,0,46 47,1,100,,30643,5955,0,46 47,1,100,,30645,5955,0,46 47,1,105,,30654,5955,0,46 47,1,99,,30646,5955,0,46 47,1,100,,30655,5955,0,46 47,1,100,,30647,5955,0,46 47,1,96,,30656,5955,0,46 47,1,100,,30648,5955,0,46 47,1,100,,30657,5955,0,46 47,1,104,,30649,5955,0,46 47,1,101,,30658,5955,0,46 47,1,99,,30650,5955,0,46 47,1,96,,30659,5955,0,46 47,1,100,,30651,5955,0,46 47,1,100,,30660,5955,0,46 47,1,100,,30652,5955,0,46 47,1,100,,30661,5955,0,46 47,1,100,,30653,5955,0,46 47,1
12300,'SA',624,,30663,5955,0,46 47,1,100,,30662,5955,0,46 47,1,100,,30664,5955,0,46 47,1,105,,30673,5955,0,46 47,1,99,,30665,5955,0,46 47,1,100,,30674,5955,0,46 47,1,100,,30666,5955,0,46 47,1,96,,30675,5955,0,46 47,1,100,,30667,5955,0,46 47,1,100,,30676,5955,0,46 47,1,104,,30668,5955,0,46 47,1,101,,30677,5955,0,46 47,1,99,,30669,5955,0,46 47,1,96,,30678,5955,0,46 47,1,100,,30670,5955,0,46 47,1,100,,30679,5955,0,46 47,1,100,,30671,5955,0,46 47,1,100,,30680,5955,0,46 47,1,100,,30672,5955,0,46 47,1
12300,'SE',516,,30700,5955,0,46 47,1,33,,30681,5955,0,46 47,1,55,,30688,5955,0,46 47,1,10,,30682,5955,0,46 47,1,10,,30702,5955,0,46 47,1,10,,30693,5955,0,46 47,1,12,,30703,5955,0,46 47,1,8,,30683,5955,0,46 47,1,52,,30707,5955,0,46 47,1,10,,30684,5955,0,46 47,1,21,,30708,5955,0,46 47,1,17,,30704,5955,0,46 47,1,70,,30710,5955,0,46 47,1,28,,30709,5955,0,46 47,1,69,,30690,5955,0,46 47,1,102,,30685,5955,0,46 47,1,100,,30695,5955,0,46 47,1,99,,30705,5955,0,46 47,1,102,,30697,5955,0,46 47,1,5,,30694,5955,0,46 47,1,93,,30701,5955,0,46 47,1,30,,30711,5955,0,46 47,1,71,,30698,5955,0,46 47,1,26,,30696,5955,0,46 47,1,71,,30713,5955,0,46 47,1,31,,30715,5955,0,46 47,1,71,,30687,5955,0,46 47,1,30,,30699,5955,0,46 47,1,75,,30686,5955,0,46 47,1,28,,30712,5955,0,46 47,1,70,,30706,5955,0,46 47,1,30,,30689,5955,0,46 47,1,70,,30714,5955,0,46 47,1,100,,30691,5955,0,46 47,1,100,,30716,5955,0,46 47,1,98,,30692,5955,0,46 47,1,100,,30717,5955,0,46 47,1
57500,'SE',1601,,32393,4573,,,2
