800,'DI',559,,21738,5813,,,1,72,,21733,5813,,,1,70,,2441,5813,,,1,30,,2447,5813,,,1,70,,21739,5813,,,1,30,,21734,5813,,,1,72,,2442,5813,,,1,30,,2448,5813,,,1,70,,21740,5813,,,1,30,,21735,5813,,,1,70,,2443,5813,,,1,30,,2449,5813,,,1,72,,21741,5813,,,1,30,,2436,5813,,,1,70,,2444,5813,,,1,30,,2450,5813,,,1,70,,21742,5813,,,1,30,,21736,5813,,,1,70,,2445,5813,,,1,29,,21745,5813,,,1,70,,21743,5813,,,1,30,,21737,5813,,,1,69,,2446,5813,,,1,30,,21746,5813,,,1,72,,21744,5813,,,1,43,,2437,5813,,,1,100,,21747,5813,,,1,100,,2438,5813,,,1,99,,21748,5813,,,1,100,,2439,5813,,,1,100,,21749,5813,,,1,100,,2440,5813,,,1,100,,21732,5813,,,1
800,'F1',559,,21771,5813,,,1,70,,21755,5813,,,1,72,,21759,5813,,,1,30,,21769,5813,,,1,71,,21772,5813,,,1,30,,21756,5813,,,1,70,,21760,5813,,,1,31,,21770,5813,,,1,70,,21773,5813,,,1,30,,21757,5813,,,1,70,,21750,5813,,,1,30,,21778,5813,,,1,68,,21774,5813,,,1,32,,21758,5813,,,1,70,,21751,5813,,,1,30,,21779,5813,,,1,70,,21775,5813,,,1,30,,21782,5813,,,1,70,,21752,5813,,,1,30,,21780,5813,,,1,70,,21776,5813,,,1,30,,21783,5813,,,1,70,,21753,5813,,,1,30,,21781,5813,,,1,72,,21777,5813,,,1,28,,21761,5813,,,1,70,,21754,5813,,,1,46,,21765,5813,,,1,98,,21762,5813,,,1,100,,21766,5813,,,1,100,,21763,5813,,,1,100,,21767,5813,,,1,100,,21764,5813,,,1,100,,21768,5813,,,1
800,'F2',559,,21805,5813,,,1,70,,21788,5813,,,1,72,,21801,5813,,,1,30,,21803,5813,,,1,71,,21806,5813,,,1,30,,21789,5813,,,1,70,,21802,5813,,,1,31,,21804,5813,,,1,70,,21807,5813,,,1,30,,21790,5813,,,1,70,,21796,5813,,,1,30,,21812,5813,,,1,68,,21808,5813,,,1,32,,21791,5813,,,1,70,,21797,5813,,,1,30,,21813,5813,,,1,70,,21809,5813,,,1,30,,21816,5813,,,1,70,,21798,5813,,,1,30,,21814,5813,,,1,70,,21810,5813,,,1,30,,21817,5813,,,1,70,,21799,5813,,,1,30,,21815,5813,,,1,72,,21811,5813,,,1,28,,21784,5813,,,1,70,,21800,5813,,,1,46,,21792,5813,,,1,98,,21785,5813,,,1,100,,21793,5813,,,1,100,,21786,5813,,,1,100,,21794,5813,,,1,100,,21787,5813,,,1,100,,21795,5813,,,1
800,'SA',559,,21839,5813,,,1,70,,21822,5813,,,1,72,,21835,5813,,,1,30,,21837,5813,,,1,71,,21840,5813,,,1,30,,21823,5813,,,1,70,,21836,5813,,,1,31,,21838,5813,,,1,70,,21841,5813,,,1,30,,21824,5813,,,1,70,,21830,5813,,,1,30,,21846,5813,,,1,68,,21842,5813,,,1,32,,21825,5813,,,1,70,,21831,5813,,,1,30,,21847,5813,,,1,70,,21843,5813,,,1,30,,2660,5813,,,1,70,,21832,5813,,,1,30,,21848,5813,,,1,70,,21844,5813,,,1,30,,2661,5813,,,1,70,,21833,5813,,,1,30,,21849,5813,,,1,72,,21845,5813,,,1,28,,21818,5813,,,1,70,,21834,5813,,,1,46,,21826,5813,,,1,98,,21819,5813,,,1,100,,21827,5813,,,1,100,,21820,5813,,,1,100,,21828,5813,,,1,100,,21821,5813,,,1,100,,21829,5813,,,1
800,'SE',503,,21884,5813,,,1,28,,21886,5813,,,1,22,,21893,5813,,,1,81,,21850,5813,,,1,70,,21885,5813,,,1,21,,21887,5813,,,1,19,,21878,5813,,,1,13,,21853,5813,,,1,55,,21854,5813,,,1,15,,21857,5813,,,1,15,,21851,5813,,,1,17,,21867,5813,,,1,55,,21863,5813,,,1,15,,21888,5813,,,1,15,,21859,5813,,,1,15,,21912,5813,,,1,55,,21855,5813,,,1,15,,21858,5813,,,1,15,,21852,5813,,,1,15,,21864,5813,,,1,55,,21868,5813,,,1,17,,21896,5813,,,1,15,,21889,5813,,,1,55,,21897,5813,,,1,15,,21871,5813,,,1,15,,21915,5813,,,1,15,,21916,5813,,,1,55,,21913,5813,,,1,15,,21902,5813,,,1,15,,21900,5813,,,1,15,,21879,5813,,,1,55,,21860,5813,,,1,15,,21898,5813,,,1,16,,21856,5813,,,1,15,,21914,5813,,,1,54,,21901,5813,,,1,14,,21910,5813,,,1,4,,21872,5813,,,1,13,,21869,5813,,,1,15,,21905,5813,,,1,55,,21904,5813,,,1,15,,21890,5813,,,1,15,,21861,5813,,,1,12,,21899,5813,,,1,12,,21917,5813,,,1,53,,21903,5813,,,1,11,,21883,5813,,,1,12,,21882,5813,,,1,12,,21911,5813,,,1,11,,21870,5813,,,1,52,,21906,5813,,,1,12,,21876,5813,,,1,11,,21877,5813,,,1,10,,21894,5813,,,1,10,,21862,5813,,,1,60,,21880,5813,,,1,27,,21907,5813,,,1,68,,21891,5813,,,1,30,,21895,5813,,,1,68,,21881,5813,,,1,30,,21908,5813,,,1,70,,21892,5813,,,1,45,,21873,5813,,,1,100,,21909,5813,,,1,98,,21874,5813,,,1,100,,21875,5813,,,1
2800,'DI',855,,24697,5813,0,39 40,1,101,,24702,5813,0,39 40,1,100,,24700,5813,0,39 40,1,100,,24698,5813,0,39 40,1,100,,24699,5813,0,39 40,1,100,,24703,5813,0,39 40,1,100,,24706,5813,0,39 40,1,101,,24705,5813,0,39 40,1,99,,24704,5813,0,39 40,1,100,,24701,5813,0,39 40,1
2800,'F1',857,,24713,5813,0,39 40,1,99,,24711,5813,0,39 40,1,103,,24707,5813,0,39 40,1,97,,24714,5813,0,39 40,1,101,,24712,5813,0,39 40,1,100,,24716,5813,0,39 40,1,99,,24708,5813,0,39 40,1,103,,24710,5813,0,39 40,1,99,,24715,5813,0,39 40,1,98,,24709,5813,0,39 40,1
2800,'F2',857,,24724,5813,0,39 40,1,99,,24719,5813,0,39 40,1,103,,24717,5813,0,39 40,1,97,,24721,5813,0,39 40,1,101,,24720,5813,0,39 40,1,100,,24722,5813,0,39 40,1,99,,24718,5813,0,39 40,1,103,,24726,5813,0,39 40,1,99,,24725,5813,0,39 40,1,98,,24723,5813,0,39 40,1
2800,'SA',857,,24733,5813,0,39 40,1,99,,24729,5813,0,39 40,1,103,,24727,5813,0,39 40,1,97,,24730,5813,0,39 40,1,101,,6923,5813,0,39 40,1,100,,24731,5813,0,39 40,1,99,,24728,5813,0,39 40,1,103,,24735,5813,0,39 40,1,99,,24734,5813,0,39 40,1,98,,24732,5813,0,39 40,1
2800,'SE',622,,24771,5813,0,39 40,1,86,,24769,5813,0,39 40,1,22,,24772,5813,0,39 40,1,3,,24773,5813,0,39 40,1,16,,24737,5813,0,39 40,1,53,,24752,5813,0,39 40,1,15,,24770,5813,0,39 40,1,15,,24736,5813,0,39 40,1,14,,24742,5813,0,39 40,1,58,,24754,5813,0,39 40,1,30,,24738,5813,0,39 40,1,70,,24753,5813,0,39 40,1,30,,24755,5813,0,39 40,1,70,,24739,5813,0,39 40,1,32,,24760,5813,0,39 40,1,70,,24756,5813,0,39 40,1,30,,24740,5813,0,39 40,1,70,,24761,5813,0,39 40,1,30,,24757,5813,0,39 40,1,70,,24741,5813,0,39 40,1,30,,24762,5813,0,39 40,1,71,,24774,5813,0,39 40,1,16,,24766,5813,0,39 40,1,14,,24764,5813,0,39 40,1,15,,24748,5813,0,39 40,1,55,,24776,5813,0,39 40,1,15,,24743,5813,0,39 40,1,14,,24745,5813,0,39 40,1,12,,24775,5813,0,39 40,1,52,,24767,5813,0,39 40,1,12,,24765,5813,0,39 40,1,12,,24758,5813,0,39 40,1,12,,24749,5813,0,39 40,1,12,,24763,5813,0,39 40,1,11,,24744,5813,0,39 40,1,52,,24768,5813,0,39 40,1,12,,24747,5813,0,39 40,1,13,,24751,5813,0,39 40,1,95,,24746,5813,0,39 40,1,98,,24759,5813,0,39 40,1,98,,24750,5813,0,39 40,1
8800,'DI',716,,30028,5813,,,1,30,,30033,5813,,,1,70,,30039,5813,,,1,30,,30048,5813,,,1,70,,30029,5813,,,1,30,,30034,5813,,,1,72,,30040,5813,,,1,30,,30049,5813,,,1,70,,30030,5813,,,1,30,,30035,5813,,,1,70,,30041,5813,,,1,30,,30050,5813,,,1,70,,30031,5813,,,1,30,,30036,5813,,,1,70,,30042,5813,,,1,30,,15002,5813,,,1,70,,30043,5813,,,1,30,,30037,5813,,,1,70,,30051,5813,,,1,30,,15003,5813,,,1,70,,30044,5813,,,1,30,,30038,5813,,,1,70,,30052,5813,,,1,100,,30045,5813,,,1,100,,30053,5813,,,1,100,,30046,5813,,,1,100,,30054,5813,,,1,97,,30047,5813,,,1,100,,30027,5813,,,1,100,,30032,5813,,,1
8800,'F1',716,,30061,5813,,,1,30,,15061,5813,,,1,71,,30074,5813,,,1,30,,30065,5813,,,1,71,,30062,5813,,,1,30,,15062,5813,,,1,70,,30075,5813,,,1,30,,30066,5813,,,1,70,,15046,5813,,,1,30,,30070,5813,,,1,70,,30076,5813,,,1,30,,30067,5813,,,1,70,,15047,5813,,,1,30,,30071,5813,,,1,70,,30077,5813,,,1,30,,30057,5813,,,1,70,,15048,5813,,,1,30,,30072,5813,,,1,70,,30078,5813,,,1,30,,30058,5813,,,1,71,,30079,5813,,,1,29,,30073,5813,,,1,71,,30068,5813,,,1,29,,30059,5813,,,1,70,,30063,5813,,,1,100,,30069,5813,,,1,99,,30064,5813,,,1,99,,30056,5813,,,1,100,,30055,5813,,,1,100,,30060,5813,,,1,100,,15032,5813,,,1
8800,'F2',716,,30083,5813,,,1,30,,30108,5813,,,1,71,,30104,5813,,,1,30,,30095,5813,,,1,71,,30088,5813,,,1,30,,30109,5813,,,1,70,,30105,5813,,,1,30,,30096,5813,,,1,70,,30089,5813,,,1,30,,30100,5813,,,1,70,,30085,5813,,,1,30,,30097,5813,,,1,70,,30090,5813,,,1,30,,30101,5813,,,1,70,,30086,5813,,,1,30,,30080,5813,,,1,70,,30091,5813,,,1,30,,30102,5813,,,1,70,,30087,5813,,,1,30,,30081,5813,,,1,71,,30110,5813,,,1,29,,30103,5813,,,1,71,,30098,5813,,,1,29,,30082,5813,,,1,70,,30092,5813,,,1,100,,30099,5813,,,1,99,,30093,5813,,,1,99,,30107,5813,,,1,100,,30094,5813,,,1,100,,30106,5813,,,1,100,,30084,5813,,,1
8800,'SA',716,,30114,5813,,,1,30,,30138,5813,,,1,71,,30135,5813,,,1,30,,30126,5813,,,1,71,,30119,5813,,,1,30,,30139,5813,,,1,70,,30136,5813,,,1,30,,30127,5813,,,1,70,,30120,5813,,,1,30,,30131,5813,,,1,70,,30116,5813,,,1,30,,30128,5813,,,1,70,,30121,5813,,,1,30,,30132,5813,,,1,70,,30117,5813,,,1,30,,30111,5813,,,1,70,,30122,5813,,,1,30,,30133,5813,,,1,70,,30118,5813,,,1,30,,30112,5813,,,1,71,,30140,5813,,,1,29,,30134,5813,,,1,71,,30129,5813,,,1,29,,30113,5813,,,1,70,,30123,5813,,,1,100,,30130,5813,,,1,99,,30124,5813,,,1,99,,15203,5813,,,1,100,,30125,5813,,,1,100,,30137,5813,,,1,100,,30115,5813,,,1
8800,'SE',717,,30151,5813,,,1,21,,30183,5813,,,1,15,,30184,5813,,,1,54,,15219,5813,,,1,15,,30185,5813,,,1,15,,30153,5813,,,1,15,,30154,5813,,,1,69,,30173,5813,,,1,30,,30152,5813,,,1,70,,30150,5813,,,1,30,,30171,5813,,,1,72,,30174,5813,,,1,30,,30143,5813,,,1,70,,30141,5813,,,1,30,,30175,5813,,,1,70,,30144,5813,,,1,30,,30172,5813,,,1,71,,30187,5813,,,1,30,,30176,5813,,,1,57,,30178,5813,,,1,16,,30180,5813,,,1,15,,30145,5813,,,1,15,,30156,5813,,,1,55,,30186,5813,,,1,15,,30161,5813,,,1,13,,30165,5813,,,1,12,,30142,5813,,,1,52,,30166,5813,,,1,12,,30158,5813,,,1,13,,30163,5813,,,1,11,,30149,5813,,,1,11,,30181,5813,,,1,52,,30146,5813,,,1,12,,30157,5813,,,1,11,,30179,5813,,,1,19,,30162,5813,,,1,55,,15235,5813,,,1,22,,30159,5813,,,1,28,,30182,5813,,,1,70,,30177,5813,,,1,28,,15236,5813,,,1,70,,30160,5813,,,1,30,,30148,5813,,,1,70,,30169,5813,,,1,100,,30167,5813,,,1,99,,30170,5813,,,1,99,,30168,5813,,,1
