8801,'DI',612,,30188,1250,,,1,30,,30193,1250,,,1,70,,30199,1250,,,1,30,,30209,1250,,,1,69,,30189,1250,,,1,30,,30194,1250,,,1,70,,30200,1250,,,1,28,,30210,1250,,,1,69,,30190,1250,,,1,30,,30195,1250,,,1,69,,30201,1250,,,1,30,,30211,1250,,,1,70,,30191,1250,,,1,30,,30196,1250,,,1,70,,30202,1250,,,1,31,,30212,1250,,,1,70,,30192,1250,,,1,31,,30197,1250,,,1,71,,30203,1250,,,1,29,,15257,1250,,,1,70,,30204,1250,,,1,30,,30198,1250,,,1,70,,30213,1250,,,1,34,,15258,1250,,,1,62,,30205,1250,,,1,106,,30214,1250,,,1,101,,30206,1250,,,1,100,,30215,1250,,,1,100,,30207,1250,,,1,100,,30216,1250,,,1,99,,30208,1250,,,1
8801,'F1',610,,30222,1250,,,1,30,,30221,1250,,,1,70,,30236,1250,,,1,28,,30227,1250,,,1,70,,30223,1250,,,1,30,,15317,1250,,,1,70,,30237,1250,,,1,27,,30228,1250,,,1,70,,30224,1250,,,1,29,,15318,1250,,,1,70,,30238,1250,,,1,31,,30229,1250,,,1,70,,15301,1250,,,1,31,,30233,1250,,,1,68,,30239,1250,,,1,31,,30230,1250,,,1,70,,15302,1250,,,1,30,,30234,1250,,,1,70,,30240,1250,,,1,30,,30219,1250,,,1,71,,15303,1250,,,1,31,,30235,1250,,,1,68,,30241,1250,,,1,32,,30220,1250,,,1,22,,30242,1250,,,1,149,,30231,1250,,,1,100,,30225,1250,,,1,100,,30232,1250,,,1,100,,30226,1250,,,1,98,,30218,1250,,,1,100,,30217,1250,,,1
8801,'F2',610,,30246,1250,,,1,30,,30245,1250,,,1,70,,30267,1250,,,1,28,,30258,1250,,,1,70,,30247,1250,,,1,30,,30271,1250,,,1,70,,30268,1250,,,1,27,,30259,1250,,,1,70,,30251,1250,,,1,29,,30272,1250,,,1,70,,30269,1250,,,1,31,,30260,1250,,,1,70,,30252,1250,,,1,31,,30264,1250,,,1,68,,30248,1250,,,1,31,,30261,1250,,,1,70,,30253,1250,,,1,30,,30265,1250,,,1,70,,30249,1250,,,1,30,,30243,1250,,,1,71,,30254,1250,,,1,31,,30266,1250,,,1,68,,30250,1250,,,1,32,,30244,1250,,,1,22,,30273,1250,,,1,149,,30262,1250,,,1,100,,30255,1250,,,1,100,,30263,1250,,,1,100,,30256,1250,,,1,98,,30270,1250,,,1,100,,30257,1250,,,1
8801,'SA',610,,30277,1250,,,1,30,,30276,1250,,,1,70,,30298,1250,,,1,28,,30289,1250,,,1,70,,30278,1250,,,1,30,,30301,1250,,,1,70,,30299,1250,,,1,27,,30290,1250,,,1,70,,30282,1250,,,1,29,,30302,1250,,,1,70,,30300,1250,,,1,31,,30291,1250,,,1,70,,30283,1250,,,1,31,,30295,1250,,,1,68,,30279,1250,,,1,31,,30292,1250,,,1,70,,30284,1250,,,1,30,,30296,1250,,,1,70,,30280,1250,,,1,30,,30274,1250,,,1,71,,30285,1250,,,1,31,,30297,1250,,,1,68,,30281,1250,,,1,32,,30275,1250,,,1,22,,30303,1250,,,1,149,,30293,1250,,,1,100,,30286,1250,,,1,100,,30294,1250,,,1,100,,30287,1250,,,1,98,,15458,1250,,,1,100,,30288,1250,,,1
8801,'SE',606,,30304,1250,,,1,20,,30316,1250,,,1,15,,30306,1250,,,1,12,,15479,1250,,,1,47,,30308,1250,,,1,15,,30318,1250,,,1,9,,30313,1250,,,1,12,,30320,1250,,,1,13,,30310,1250,,,1,10,,30315,1250,,,1,61,,30345,1250,,,1,18,,30346,1250,,,1,70,,30347,1250,,,1,30,,30319,1250,,,1,70,,30334,1250,,,1,30,,30317,1250,,,1,70,,30314,1250,,,1,30,,30332,1250,,,1,70,,30335,1250,,,1,30,,30309,1250,,,1,70,,30307,1250,,,1,30,,30336,1250,,,1,72,,30311,1250,,,1,29,,30333,1250,,,1,9,,15486,1250,,,1,2,,15491,1250,,,1,2,,30326,1250,,,1,7,,30305,1250,,,1,57,,30327,1250,,,1,18,,30339,1250,,,1,12,,30337,1250,,,1,55,,30340,1250,,,1,15,,30342,1250,,,1,16,,30312,1250,,,1,15,,30321,1250,,,1,54,,30348,1250,,,1,16,,30325,1250,,,1,17,,30328,1250,,,1,17,,30329,1250,,,1,61,,30322,1250,,,1,27,,30343,1250,,,1,72,,30341,1250,,,1,30,,15492,1250,,,1,70,,30323,1250,,,1,30,,30344,1250,,,1,70,,30338,1250,,,1,102,,30324,1250,,,1,98,,30331,1250,,,1,100,,30330,1250,,,1
13201,'DI',704,,30958,1250,,,2,100,,30956,1250,,,2,100,,30957,1250,,,2,100,,30962,1250,,,2,100,,30959,1250,,,2,100,,30960,1250,,,2,100,,30963,1250,,,2,100,,30966,1250,,,2,100,,30964,1250,,,2,105,,30968,1250,,,2,95,,30967,1250,,,2,100,,30965,1250,,,2,101,,30969,1250,,,2,98,,30970,1250,,,2,100,,30961,1250,,,2,100,,30955,1250,,,2,100,,30971,1250,,,2,100,,30972,1250,,,2
13201,'F1',704,,30973,1250,,,2,100,,30986,1250,,,2,100,,30977,1250,,,2,100,,30987,1250,,,2,103,,30974,1250,,,2,97,,30978,1250,,,2,104,,30988,1250,,,2,96,,30985,1250,,,2,104,,30989,1250,,,2,96,,30979,1250,,,2,100,,30975,1250,,,2,100,,30976,1250,,,2,101,,30980,1250,,,2,98,,30981,1250,,,2,100,,16454,1250,,,2,100,,30984,1250,,,2,100,,30982,1250,,,2,100,,30983,1250,,,2
13201,'F2',704,,30991,1250,,,2,100,,31007,1250,,,2,100,,30995,1250,,,2,100,,30990,1250,,,2,103,,30992,1250,,,2,97,,30996,1250,,,2,104,,30993,1250,,,2,96,,31006,1250,,,2,104,,30997,1250,,,2,96,,30999,1250,,,2,100,,30994,1250,,,2,100,,30998,1250,,,2,101,,31000,1250,,,2,98,,31002,1250,,,2,100,,31001,1250,,,2,100,,31004,1250,,,2,100,,31003,1250,,,2,100,,31005,1250,,,2
13201,'SA',704,,31009,1250,,,2,100,,31025,1250,,,2,100,,31013,1250,,,2,100,,31008,1250,,,2,103,,31010,1250,,,2,97,,31014,1250,,,2,104,,31011,1250,,,2,96,,31024,1250,,,2,104,,31015,1250,,,2,96,,31017,1250,,,2,100,,31012,1250,,,2,100,,31016,1250,,,2,101,,31018,1250,,,2,98,,31020,1250,,,2,100,,31019,1250,,,2,100,,31022,1250,,,2,100,,31021,1250,,,2,100,,31023,1250,,,2
13201,'SE',539,,31032,1250,,,2,70,,31029,1250,,,2,30,,31038,1250,,,2,20,,31031,1250,,,2,61,,31036,1250,,,2,10,,31042,1250,,,2,10,,31040,1250,,,2,62,,31039,1250,,,2,19,,31033,1250,,,2,18,,31037,1250,,,2,20,,31041,1250,,,2,60,,31051,1250,,,2,19,,16560,1250,,,2,97,,31052,1250,,,2,99,,16564,1250,,,2,96,,31050,1250,,,2,100,,31043,1250,,,2,108,,31044,1250,,,2,97,,31034,1250,,,2,65,,31045,1250,,,2,19,,31048,1250,,,2,20,,31030,1250,,,2,63,,31035,1250,,,2,19,,31028,1250,,,2,20,,31046,1250,,,2,59,,31027,1250,,,2,40,,31049,1250,,,2
50501,'SE',904,,32343,1918,,,2
