801,'DI',555,,21918,14894,,,1,70,,2745,14894,,,1,30,,2752,14894,,,1,70,,21925,14894,,,1,30,,21919,14894,,,1,72,,2746,14894,,,1,30,,2753,14894,,,1,70,,21926,14894,,,1,29,,21920,14894,,,1,70,,2747,14894,,,1,30,,2754,14894,,,1,69,,21927,14894,,,1,30,,21921,14894,,,1,70,,2748,14894,,,1,30,,2755,14894,,,1,70,,21928,14894,,,1,31,,2741,14894,,,1,70,,2749,14894,,,1,31,,2756,14894,,,1,70,,21929,14894,,,1,29,,21923,14894,,,1,70,,2750,14894,,,1,30,,21932,14894,,,1,70,,21930,14894,,,1,19,,21922,14894,,,1,13,,21924,14894,,,1,70,,2751,14894,,,1,28,,21933,14894,,,1,70,,21931,14894,,,1,85,,2742,14894,,,1,100,,21934,14894,,,1,100,,2743,14894,,,1,99,,21935,14894,,,1,100,,2744,14894,,,1,99,,21936,14894,,,1
801,'F1',555,,21941,14894,,,1,70,,21946,14894,,,1,30,,21956,14894,,,1,70,,21959,14894,,,1,30,,21942,14894,,,1,72,,21947,14894,,,1,30,,21957,14894,,,1,70,,21960,14894,,,1,27,,21943,14894,,,1,69,,21948,14894,,,1,30,,21958,14894,,,1,70,,21961,14894,,,1,31,,21944,14894,,,1,70,,21937,14894,,,1,31,,21966,14894,,,1,70,,21962,14894,,,1,31,,21945,14894,,,1,70,,21938,14894,,,1,30,,21967,14894,,,1,70,,21963,14894,,,1,30,,21970,14894,,,1,70,,21939,14894,,,1,30,,21968,14894,,,1,70,,21964,14894,,,1,25,,21949,14894,,,1,50,,21971,14894,,,1,20,,21940,14894,,,1,30,,21969,14894,,,1,70,,21965,14894,,,1,90,,21950,14894,,,1,100,,21953,14894,,,1,100,,21951,14894,,,1,97,,21954,14894,,,1,100,,21952,14894,,,1,100,,21955,14894,,,1
801,'F2',555,,21976,14894,,,1,70,,21988,14894,,,1,30,,21991,14894,,,1,70,,21994,14894,,,1,30,,21977,14894,,,1,72,,21989,14894,,,1,30,,21992,14894,,,1,70,,21995,14894,,,1,27,,21978,14894,,,1,69,,21990,14894,,,1,30,,21993,14894,,,1,70,,21996,14894,,,1,31,,21979,14894,,,1,70,,21984,14894,,,1,31,,22001,14894,,,1,70,,21997,14894,,,1,31,,21980,14894,,,1,70,,21985,14894,,,1,30,,22002,14894,,,1,70,,21998,14894,,,1,30,,22005,14894,,,1,70,,21986,14894,,,1,30,,22003,14894,,,1,70,,21999,14894,,,1,25,,21972,14894,,,1,50,,22006,14894,,,1,20,,21987,14894,,,1,30,,22004,14894,,,1,70,,22000,14894,,,1,90,,21973,14894,,,1,100,,21981,14894,,,1,100,,21974,14894,,,1,97,,21982,14894,,,1,100,,21975,14894,,,1,100,,21983,14894,,,1
801,'SA',555,,22011,14894,,,1,70,,22023,14894,,,1,30,,22026,14894,,,1,70,,22029,14894,,,1,30,,22012,14894,,,1,72,,22024,14894,,,1,30,,22027,14894,,,1,70,,22030,14894,,,1,27,,22013,14894,,,1,69,,22025,14894,,,1,30,,22028,14894,,,1,70,,22031,14894,,,1,31,,22014,14894,,,1,70,,22019,14894,,,1,31,,22036,14894,,,1,70,,22032,14894,,,1,31,,22015,14894,,,1,70,,22020,14894,,,1,30,,22037,14894,,,1,70,,22033,14894,,,1,30,,2977,14894,,,1,70,,22021,14894,,,1,30,,22038,14894,,,1,70,,22034,14894,,,1,25,,22007,14894,,,1,50,,2978,14894,,,1,20,,22022,14894,,,1,30,,22039,14894,,,1,70,,22035,14894,,,1,90,,22008,14894,,,1,100,,22016,14894,,,1,100,,22009,14894,,,1,97,,22017,14894,,,1,100,,22010,14894,,,1,100,,22018,14894,,,1
801,'SE',521,,22066,14894,,,1,33,,22040,14894,,,1,67,,22074,14894,,,1,21,,22076,14894,,,1,5,,22073,14894,,,1,55,,22108,14894,,,1,5,,22083,14894,,,1,11,,22086,14894,,,1,4,,22088,14894,,,1,5,,22045,14894,,,1,3,,22101,14894,,,1,5,,22049,14894,,,1,4,,22109,14894,,,1,3,,22107,14894,,,1,3,,22110,14894,,,1,4,,22056,14894,,,1,9,,22041,14894,,,1,46,,22113,14894,,,1,5,,22068,14894,,,1,7,,22058,14894,,,1,12,,22075,14894,,,1,18,,22077,14894,,,1,58,,22067,14894,,,1,13,,22044,14894,,,1,15,,22046,14894,,,1,15,,22050,14894,,,1,55,,22042,14894,,,1,17,,22059,14894,,,1,15,,22055,14894,,,1,14,,22078,14894,,,1,55,,22052,14894,,,1,16,,22103,14894,,,1,15,,22047,14894,,,1,15,,22051,14894,,,1,55,,22043,14894,,,1,15,,22057,14894,,,1,15,,22060,14894,,,1,16,,22087,14894,,,1,55,,22079,14894,,,1,15,,22089,14894,,,1,15,,22062,14894,,,1,15,,22106,14894,,,1,55,,22112,14894,,,1,15,,22104,14894,,,1,15,,22094,14894,,,1,18,,22092,14894,,,1,55,,22069,14894,,,1,13,,22111,14894,,,1,22,,22053,14894,,,1,11,,22090,14894,,,1,50,,22048,14894,,,1,14,,22105,14894,,,1,16,,22093,14894,,,1,17,,22102,14894,,,1,55,,22061,14894,,,1,13,,22097,14894,,,1,16,,22096,14894,,,1,15,,22080,14894,,,1,55,,22054,14894,,,1,13,,22091,14894,,,1,21,,22095,14894,,,1,61,,22072,14894,,,1,27,,22098,14894,,,1,28,,22084,14894,,,1,71,,22070,14894,,,1,28,,22099,14894,,,1,73,,22081,14894,,,1,27,,22085,14894,,,1,52,,22063,14894,,,1,20,,22071,14894,,,1,29,,22100,14894,,,1,60,,22082,14894,,,1,92,,22064,14894,,,1,100,,22065,14894,,,1
2801,'DI',943,,24777,8571,,,1,100,,24782,8571,,,1,100,,24780,8571,,,1,101,,24778,8571,,,1,100,,24779,8571,,,1,100,,24783,8571,,,1,98,,24786,8571,,,1,99,,24785,8571,,,1,96,,24784,8571,,,1,105,,24781,8571,,,1
2801,'F1',943,,24793,8571,,,1,100,,24791,8571,,,1,100,,24787,8571,,,1,101,,24794,8571,,,1,100,,24792,8571,,,1,100,,24796,8571,,,1,98,,24788,8571,,,1,96,,24790,8571,,,1,99,,24795,8571,,,1,105,,24789,8571,,,1
2801,'F2',943,,24804,8571,,,1,100,,24799,8571,,,1,100,,24797,8571,,,1,101,,24801,8571,,,1,100,,24800,8571,,,1,100,,24802,8571,,,1,98,,24798,8571,,,1,96,,24806,8571,,,1,99,,24805,8571,,,1,105,,24803,8571,,,1
2801,'SA',943,,24813,8571,,,1,100,,24809,8571,,,1,100,,24807,8571,,,1,101,,24810,8571,,,1,100,,7052,8571,,,1,100,,24811,8571,,,1,98,,24808,8571,,,1,96,,24815,8571,,,1,99,,24814,8571,,,1,105,,24812,8571,,,1
2801,'SE',653,,24831,8571,,,1,63,,24849,10280,,,1,18,,24838,8571,,,1,21,,24847,10280,,,1,67,,24850,10280,,,1,21,,24829,8571,,,1,60,,24848,10280,,,1,24,,24820,8571,,,1,29,,24832,8571,,,1,70,,24816,8571,,,1,30,,24830,8571,,,1,70,,24833,8571,,,1,30,,24817,8571,,,1,70,,24839,8571,,,1,30,,24834,8571,,,1,70,,24818,8571,,,1,30,,24840,8571,,,1,71,,24835,8571,,,1,30,,24819,8571,,,1,61,,24841,8571,,,1,12,,24821,8571,,,1,17,,24823,8571,,,1,10,,24851,10280,,,1,57,,24845,8571,,,1,13,,24843,8571,,,1,15,,24826,8571,,,1,58,,24853,10280,,,1,13,,24822,8571,,,1,16,,24824,8571,,,1,13,,24852,10280,,,1,58,,24844,8571,,,1,14,,24836,8571,,,1,21,,24842,8571,,,1,21,,24846,8571,,,1,63,,24828,8571,,,1,100,,24825,8571,,,1,100,,24837,8571,,,1,100,,24827,8571,,,1
7701,'DI',824,,29172,15330,0,36 37,1,100,,29175,15330,0,36 37,1,100,,29173,15330,0,36 37,1,100,,29176,15330,0,36 37,1,100,,29174,15330,0,36 37,1,100,,29171,15330,0,36 37,1,100,,29177,15330,0,36 37,1,100,,29180,15330,0,36 37,1,100,,29170,15330,0,36 37,1,100,,29181,15330,0,36 37,1,100,,29182,15330,0,36 37,1,98,,29183,15330,0,36 37,1,99,,29178,15330,0,36 37,1,100,,29184,15330,0,36 37,1,100,,29179,15330,0,36 37,1
7701,'F1',824,,29188,15330,0,36 37,1,100,,29190,15330,0,36 37,1,100,,29189,15330,0,36 37,1,100,,29191,15330,0,36 37,1,100,,29185,15330,0,36 37,1,100,,29192,15330,0,36 37,1,100,,29193,15330,0,36 37,1,97,,29186,15330,0,36 37,1,103,,29194,15330,0,36 37,1,99,,29196,15330,0,36 37,1,101,,29195,15330,0,36 37,1,98,,29197,15330,0,36 37,1,99,,29198,15330,0,36 37,1,100,,29187,15330,0,36 37,1,100,,29199,15330,0,36 37,1
7701,'F2',824,,29214,15330,0,36 37,1,100,,29205,15330,0,36 37,1,100,,29201,15330,0,36 37,1,100,,29206,15330,0,36 37,1,100,,29202,15330,0,36 37,1,100,,29204,15330,0,36 37,1,100,,29207,15330,0,36 37,1,97,,29200,15330,0,36 37,1,103,,29208,15330,0,36 37,1,99,,29210,15330,0,36 37,1,101,,29209,15330,0,36 37,1,98,,29211,15330,0,36 37,1,99,,29212,15330,0,36 37,1,100,,29203,15330,0,36 37,1,100,,29213,15330,0,36 37,1
7701,'SA',824,,29228,15330,0,36 37,1,100,,29219,15330,0,36 37,1,100,,29216,15330,0,36 37,1,100,,29220,15330,0,36 37,1,100,,13757,15330,0,36 37,1,100,,29218,15330,0,36 37,1,100,,29221,15330,0,36 37,1,97,,29215,15330,0,36 37,1,103,,29222,15330,0,36 37,1,99,,29224,15330,0,36 37,1,101,,29223,15330,0,36 37,1,98,,29225,15330,0,36 37,1,99,,29226,15330,0,36 37,1,100,,29217,15330,0,36 37,1,100,,29227,15330,0,36 37,1
7701,'SE',705,,29235,15330,0,36 37,1,11,,29231,15330,0,36 37,1,7,,29238,15330,0,36 37,1,7,,29241,15330,0,36 37,1,14,,29232,15330,0,36 37,1,2,,29244,15330,0,36 37,1,8,,29237,15330,0,36 37,1,58,,29242,15330,0,36 37,1,35,,29246,15330,0,36 37,1,68,,29239,15330,0,36 37,1,27,,29245,15330,0,36 37,1,5,,29233,15330,0,36 37,1,70,,29243,15330,0,36 37,1,30,,29247,15330,0,36 37,1,70,,29240,15330,0,36 37,1,30,,29234,15330,0,36 37,1,70,,29249,15330,0,36 37,1,31,,29248,15330,0,36 37,1,70,,29251,15330,0,36 37,1,31,,29252,15330,0,36 37,1,73,,29250,15330,0,36 37,1,30,,29253,15330,0,36 37,1,70,,29257,15330,0,36 37,1,32,,29259,15330,0,36 37,1,60,,29261,15330,0,36 37,1,20,,29264,15330,0,36 37,1,20,,29254,15330,0,36 37,1,60,,29258,15330,0,36 37,1,16,,29236,15330,0,36 37,1,18,,29260,15330,0,36 37,1,62,,29262,15330,0,36 37,1,29,,13794,15330,0,36 37,1,64,,29255,15330,0,36 37,1,33,,29263,15330,0,36 37,1,71,,29256,15330,0,36 37,1,30,,29265,15330,0,36 37,1,71,,29266,15330,0,36 37,1,31,,29230,15330,0,36 37,1,61,,29229,15330,0,36 37,1
8801,'DI',642,,30188,14166,,,1,70,,30193,14166,,,1,30,,30199,14166,,,1,70,,30209,14166,,,1,30,,30189,14166,,,1,70,,30194,14166,,,1,30,,30200,14166,,,1,69,,30210,14166,,,1,29,,30190,14166,,,1,70,,30195,14166,,,1,30,,30201,14166,,,1,70,,30211,14166,,,1,30,,30191,14166,,,1,70,,30196,14166,,,1,30,,30202,14166,,,1,71,,30212,14166,,,1,30,,30192,14166,,,1,71,,30197,14166,,,1,30,,30203,14166,,,1,69,,15257,14166,,,1,30,,30204,14166,,,1,70,,30198,14166,,,1,30,,30213,14166,,,1,72,,15258,14166,,,1,22,,30205,14166,,,1,106,,30214,14166,,,1,100,,30206,14166,,,1,100,,30215,14166,,,1,99,,30207,14166,,,1,100,,30216,14166,,,1,99,,30208,14166,,,1
8801,'F1',640,,30222,14166,,,1,70,,30221,14166,,,1,30,,30236,14166,,,1,69,,30227,14166,,,1,30,,30223,14166,,,1,70,,15317,14166,,,1,32,,30237,14166,,,1,67,,30228,14166,,,1,30,,30224,14166,,,1,69,,15318,14166,,,1,30,,30238,14166,,,1,71,,30229,14166,,,1,30,,15301,14166,,,1,71,,30233,14166,,,1,28,,30239,14166,,,1,71,,30230,14166,,,1,30,,15302,14166,,,1,70,,30234,14166,,,1,30,,30240,14166,,,1,70,,30219,14166,,,1,30,,15303,14166,,,1,71,,30235,14166,,,1,28,,30241,14166,,,1,72,,30220,14166,,,1,21,,30242,14166,,,1,109,,30231,14166,,,1,100,,30225,14166,,,1,100,,30232,14166,,,1,100,,30226,14166,,,1,96,,30218,14166,,,1,100,,30217,14166,,,1
8801,'F2',640,,30246,14166,,,1,70,,30245,14166,,,1,30,,30267,14166,,,1,69,,30258,14166,,,1,30,,30247,14166,,,1,70,,30271,14166,,,1,32,,30268,14166,,,1,67,,30259,14166,,,1,30,,30251,14166,,,1,69,,30272,14166,,,1,30,,30269,14166,,,1,71,,30260,14166,,,1,30,,30252,14166,,,1,71,,30264,14166,,,1,28,,30248,14166,,,1,71,,30261,14166,,,1,30,,30253,14166,,,1,70,,30265,14166,,,1,30,,30249,14166,,,1,70,,30243,14166,,,1,30,,30254,14166,,,1,71,,30266,14166,,,1,28,,30250,14166,,,1,72,,30244,14166,,,1,21,,30273,14166,,,1,109,,30262,14166,,,1,100,,30255,14166,,,1,100,,30263,14166,,,1,100,,30256,14166,,,1,96,,30270,14166,,,1,100,,30257,14166,,,1
8801,'SA',640,,30277,14166,,,1,70,,30276,14166,,,1,30,,30298,14166,,,1,69,,30289,14166,,,1,30,,30278,14166,,,1,70,,30301,14166,,,1,32,,30299,14166,,,1,67,,30290,14166,,,1,30,,30282,14166,,,1,69,,30302,14166,,,1,30,,30300,14166,,,1,71,,30291,14166,,,1,30,,30283,14166,,,1,71,,30295,14166,,,1,28,,30279,14166,,,1,71,,30292,14166,,,1,30,,30284,14166,,,1,70,,30296,14166,,,1,30,,30280,14166,,,1,70,,30274,14166,,,1,30,,30285,14166,,,1,71,,30297,14166,,,1,28,,30281,14166,,,1,72,,30275,14166,,,1,21,,30303,14166,,,1,109,,30293,14166,,,1,100,,30286,14166,,,1,100,,30294,14166,,,1,100,,30287,14166,,,1,96,,15458,14166,,,1,100,,30288,14166,,,1
8801,'SE',637,,30304,14166,,,1,20,,30316,14166,,,1,55,,30306,14166,,,1,12,,15479,14166,,,1,7,,30308,14166,,,1,21,,30318,14166,,,1,49,,30313,14166,,,1,12,,30320,14166,,,1,11,,30310,14166,,,1,10,,30315,14166,,,1,19,,30345,14166,,,1,58,,30346,14166,,,1,30,,30347,14166,,,1,70,,30319,14166,,,1,30,,30334,14166,,,1,70,,30317,14166,,,1,30,,30314,14166,,,1,70,,30332,14166,,,1,30,,30335,14166,,,1,70,,30309,14166,,,1,30,,30307,14166,,,1,70,,30336,14166,,,1,33,,30311,14166,,,1,69,,30333,14166,,,1,9,,15486,14166,,,1,2,,15491,14166,,,1,2,,30326,14166,,,1,7,,30305,14166,,,1,20,,30327,14166,,,1,58,,30339,14166,,,1,12,,30337,14166,,,1,15,,30340,14166,,,1,19,,30342,14166,,,1,53,,30312,14166,,,1,15,,30321,14166,,,1,14,,30348,14166,,,1,16,,30325,14166,,,1,53,,30328,14166,,,1,17,,30329,14166,,,1,17,,30322,14166,,,1,67,,30343,14166,,,1,32,,30341,14166,,,1,70,,15492,14166,,,1,28,,30323,14166,,,1,70,,30344,14166,,,1,30,,30338,14166,,,1,101,,30324,14166,,,1,98,,30331,14166,,,1,100,,30330,14166,,,1
60801,'SE',1520,,32407,9762,,,2,2,,32408,9762,,,2
