2301,'F1',609,,24597,2776,,,1,103,,24598,2776,,,1,101,,24599,2776,,,1,100,,24594,2776,,,1,103,,24590,2776,,,1,99,,24592,2776,,,1,103,,24593,2776,,,1,97,,24600,2776,,,1,99,,24591,2776,,,1,100,,24595,2776,,,1,100,,24596,2776,,,1,100,,24601,2776,,,1
2301,'F2',609,,24609,2776,,,1,103,,24610,2776,,,1,101,,24611,2776,,,1,100,,24602,2776,,,1,103,,24603,2776,,,1,99,,24605,2776,,,1,103,,24606,2776,,,1,97,,24612,2776,,,1,99,,24613,2776,,,1,100,,24608,2776,,,1,100,,24607,2776,,,1,100,,24604,2776,,,1
2301,'SA',609,,24621,2776,,,1,103,,24622,2776,,,1,101,,24623,2776,,,1,100,,24614,2776,,,1,103,,24615,2776,,,1,99,,24617,2776,,,1,103,,24618,2776,,,1,97,,24624,2776,,,1,99,,24625,2776,,,1,100,,24620,2776,,,1,100,,24619,2776,,,1,100,,24616,2776,,,1
2301,'SE',1017,,24628,2776,,,1,100,,24626,2776,,,1,100,,24629,2776,,,1,101,,24630,2776,,,1,100,,24627,2776,,,1
12301,'DI',543,,30718,17073,,,1,100,,30728,17073,,,1,100,,30719,17073,,,1,100,,30729,17073,,,1,101,,30720,17073,,,1,100,,30730,17073,,,1,100,,30721,17073,,,1,100,,30731,17073,,,1,100,,30722,17073,,,1,100,,30732,17073,,,1,100,,30723,17073,,,1,100,,30733,17073,,,1,100,,30724,17073,,,1,100,,30734,17073,,,1,100,,30725,17073,,,1,99,,30735,17073,,,1,100,,30726,17073,,,1,100,,30736,17073,,,1,100,,30727,17073,,,1,100,,30737,17073,,,1
12301,'F1',542,,30746,17073,,,1,100,,30751,17073,,,1,100,,30747,17073,,,1,100,,30752,17073,,,1,100,,30740,17073,,,1,100,,30753,17073,,,1,100,,30741,17073,,,1,100,,30738,17073,,,1,100,,30742,17073,,,1,100,,30739,17073,,,1,100,,30743,17073,,,1,100,,30744,17073,,,1,100,,30754,17073,,,1,100,,30745,17073,,,1,100,,30755,17073,,,1,100,,30748,17073,,,1,100,,30756,17073,,,1,100,,30749,17073,,,1,100,,30757,17073,,,1,100,,30750,17073,,,1
12301,'F2',542,,30760,17073,,,1,100,,30758,17073,,,1,100,,30761,17073,,,1,100,,30759,17073,,,1,100,,30762,17073,,,1,100,,30770,17073,,,1,100,,30763,17073,,,1,100,,30771,17073,,,1,100,,30764,17073,,,1,100,,30772,17073,,,1,100,,30765,17073,,,1,100,,30773,17073,,,1,100,,30766,17073,,,1,100,,30774,17073,,,1,100,,30767,17073,,,1,100,,30775,17073,,,1,100,,30768,17073,,,1,100,,30776,17073,,,1,100,,30769,17073,,,1,100,,30777,17073,,,1
12301,'SA',542,,30780,17073,,,1,100,,30778,17073,,,1,100,,30781,17073,,,1,100,,30779,17073,,,1,100,,30782,17073,,,1,100,,30790,17073,,,1,100,,30783,17073,,,1,100,,30791,17073,,,1,100,,30784,17073,,,1,100,,30792,17073,,,1,100,,30785,17073,,,1,100,,30793,17073,,,1,100,,30786,17073,,,1,100,,30794,17073,,,1,100,,30787,17073,,,1,100,,30795,17073,,,1,100,,30788,17073,,,1,100,,30796,17073,,,1,100,,30789,17073,,,1,100,,30797,17073,,,1
12301,'SE',529,,30809,17073,,,1,30,,30819,17073,,,1,60,,30802,17073,,,1,24,,30801,17073,,,1,15,,30803,17073,,,1,66,,30804,17073,,,1,30,,30798,17073,,,1,69,,30799,17073,,,1,30,,30800,17073,,,1,68,,30820,17073,,,1,30,,30823,17073,,,1,96,,30810,17073,,,1,101,,30806,17073,,,1,100,,30816,17073,,,1,100,,30821,17073,,,1,100,,30826,17073,,,1,11,,30814,17073,,,1,66,,30827,17073,,,1,20,,30829,17073,,,1,55,,30815,17073,,,1,19,,30813,17073,,,1,6,,30824,17073,,,1,15,,30830,17073,,,1,10,,30832,17073,,,1,6,,30818,17073,,,1,64,,30817,17073,,,1,27,,30828,17073,,,1,69,,30833,17073,,,1,31,,30808,17073,,,1,66,,30805,17073,,,1,34,,30807,17073,,,1,68,,30825,17073,,,1,30,,30822,17073,,,1,98,,30831,17073,,,1,98,,30811,17073,,,1,100,,30834,17073,,,1,118,,30812,17073,,,1
57200,'SE',1610,,32391,7143,,,2
