2500,'DI',706,,24631,7364,,,2
2500,'F1',706,,24632,7364,,,2
2500,'F2',706,,24633,7364,,,2
2500,'SA',706,,24634,7364,,,2
2500,'SE',528,,24636,7364,,,2,30,,24637,7364,,,2,69,,24656,7364,,,2,19,,24655,7364,,,2,61,,24651,7364,,,2,19,,24638,7364,,,2,29,,24640,7364,,,2,68,,24641,7364,,,2,77,,24639,7364,,,2,30,,24635,7364,,,2,470,,24642,7364,,,2,30,,24643,7364,,,2,29,,24659,7364,,,2,53,,24658,7364,,,2,18,,24657,7364,,,2,71,,24644,7364,,,2,32,,24647,7364,,,2,69,,24649,7364,,,2,29,,24652,7364,,,2,71,,24648,7364,,,2,28,,24650,7364,,,2,70,,24646,7364,,,2,335,,24654,7364,,,2,83,,24660,7364,,,2,15,,24653,7364,,,2,85,,24645,7364,,,2
12301,'DI',514,,30718,1386,,,1,100,,30728,1386,,,1,100,,30719,1386,,,1,100,,30729,1386,,,1,100,,30720,1386,,,1,100,,30730,1386,,,1,100,,30721,1386,,,1,100,,30731,1386,,,1,100,,30722,1386,,,1,100,,30732,1386,,,1,100,,30723,1386,,,1,100,,30733,1386,,,1,100,,30724,1386,,,1,100,,30734,1386,,,1,100,,30725,1386,,,1,100,,30735,1386,,,1,100,,30726,1386,,,1,100,,30736,1386,,,1,100,,30727,1386,,,1,100,,30737,1386,,,1
12301,'F1',514,,30746,1386,,,1,100,,30751,1386,,,1,100,,30747,1386,,,1,100,,30752,1386,,,1,100,,30740,1386,,,1,100,,30753,1386,,,1,100,,30741,1386,,,1,100,,30738,1386,,,1,100,,30742,1386,,,1,100,,30739,1386,,,1,100,,30743,1386,,,1,100,,30744,1386,,,1,100,,30754,1386,,,1,100,,30745,1386,,,1,100,,30755,1386,,,1,100,,30748,1386,,,1,100,,30756,1386,,,1,100,,30749,1386,,,1,100,,30757,1386,,,1,100,,30750,1386,,,1
12301,'F2',514,,30760,1386,,,1,100,,30758,1386,,,1,100,,30761,1386,,,1,100,,30759,1386,,,1,100,,30762,1386,,,1,100,,30770,1386,,,1,100,,30763,1386,,,1,100,,30771,1386,,,1,100,,30764,1386,,,1,100,,30772,1386,,,1,100,,30765,1386,,,1,100,,30773,1386,,,1,100,,30766,1386,,,1,100,,30774,1386,,,1,100,,30767,1386,,,1,100,,30775,1386,,,1,100,,30768,1386,,,1,100,,30776,1386,,,1,100,,30769,1386,,,1,100,,30777,1386,,,1
12301,'SA',514,,30780,1386,,,1,100,,30778,1386,,,1,100,,30781,1386,,,1,100,,30779,1386,,,1,100,,30782,1386,,,1,100,,30790,1386,,,1,100,,30783,1386,,,1,100,,30791,1386,,,1,100,,30784,1386,,,1,100,,30792,1386,,,1,100,,30785,1386,,,1,100,,30793,1386,,,1,100,,30786,1386,,,1,100,,30794,1386,,,1,100,,30787,1386,,,1,100,,30795,1386,,,1,100,,30788,1386,,,1,100,,30796,1386,,,1,100,,30789,1386,,,1,100,,30797,1386,,,1
12301,'SE',459,,30809,1386,,,1,70,,30819,1386,,,1,20,,30802,1386,,,1,60,,30801,1386,,,1,15,,30803,1386,,,1,25,,30804,1386,,,1,70,,30798,1386,,,1,30,,30799,1386,,,1,70,,30800,1386,,,1,30,,30820,1386,,,1,70,,30823,1386,,,1,96,,30810,1386,,,1,100,,30806,1386,,,1,100,,30816,1386,,,1,100,,30821,1386,,,1,100,,30826,1386,,,1,11,,30814,1386,,,1,23,,30827,1386,,,1,60,,30829,1386,,,1,15,,30815,1386,,,1,19,,30813,1386,,,1,6,,30824,1386,,,1,55,,30830,1386,,,1,10,,30832,1386,,,1,6,,30818,1386,,,1,24,,30817,1386,,,1,70,,30828,1386,,,1,31,,30833,1386,,,1,71,,30808,1386,,,1,26,,30805,1386,,,1,74,,30807,1386,,,1,28,,30825,1386,,,1,70,,30822,1386,,,1,98,,30831,1386,,,1,100,,30811,1386,,,1,100,,30834,1386,,,1,120,,30812,1386,,,1
