800,'DI',605,,21738,8428,,,1,34,,21733,8428,,,1,70,,2441,8428,,,1,30,,2447,8428,,,1,70,,21739,8428,,,1,30,,21734,8428,,,1,72,,2442,8428,,,1,30,,2448,8428,,,1,70,,21740,8428,,,1,30,,21735,8428,,,1,70,,2443,8428,,,1,30,,2449,8428,,,1,72,,21741,8428,,,1,30,,2436,8428,,,1,70,,2444,8428,,,1,30,,2450,8428,,,1,70,,21742,8428,,,1,30,,21736,8428,,,1,70,,2445,8428,,,1,29,,21745,8428,,,1,70,,21743,8428,,,1,30,,21737,8428,,,1,69,,2446,8428,,,1,30,,21746,8428,,,1,72,,21744,8428,,,1,43,,2437,8428,,,1,99,,21747,8428,,,1,100,,2438,8428,,,1,99,,21748,8428,,,1,100,,2439,8428,,,1,100,,21749,8428,,,1,100,,2440,8428,,,1,100,,21732,8428,,,1
800,'F1',606,,21771,8428,,,1,30,,21755,8428,,,1,72,,21759,8428,,,1,30,,21769,8428,,,1,71,,21772,8428,,,1,30,,21756,8428,,,1,70,,21760,8428,,,1,31,,21770,8428,,,1,70,,21773,8428,,,1,31,,21757,8428,,,1,70,,21750,8428,,,1,30,,21778,8428,,,1,68,,21774,8428,,,1,32,,21758,8428,,,1,70,,21751,8428,,,1,30,,21779,8428,,,1,70,,21775,8428,,,1,30,,21782,8428,,,1,70,,21752,8428,,,1,30,,21780,8428,,,1,70,,21776,8428,,,1,30,,21783,8428,,,1,70,,21753,8428,,,1,30,,21781,8428,,,1,72,,21777,8428,,,1,28,,21761,8428,,,1,70,,21754,8428,,,1,46,,21765,8428,,,1,98,,21762,8428,,,1,100,,21766,8428,,,1,100,,21763,8428,,,1,100,,21767,8428,,,1,100,,21764,8428,,,1,100,,21768,8428,,,1
800,'F2',606,,21805,8428,,,1,30,,21788,8428,,,1,72,,21801,8428,,,1,30,,21803,8428,,,1,71,,21806,8428,,,1,30,,21789,8428,,,1,70,,21802,8428,,,1,31,,21804,8428,,,1,70,,21807,8428,,,1,31,,21790,8428,,,1,70,,21796,8428,,,1,30,,21812,8428,,,1,68,,21808,8428,,,1,32,,21791,8428,,,1,70,,21797,8428,,,1,30,,21813,8428,,,1,70,,21809,8428,,,1,30,,21816,8428,,,1,70,,21798,8428,,,1,30,,21814,8428,,,1,70,,21810,8428,,,1,30,,21817,8428,,,1,70,,21799,8428,,,1,30,,21815,8428,,,1,72,,21811,8428,,,1,28,,21784,8428,,,1,70,,21800,8428,,,1,46,,21792,8428,,,1,98,,21785,8428,,,1,100,,21793,8428,,,1,100,,21786,8428,,,1,100,,21794,8428,,,1,100,,21787,8428,,,1,100,,21795,8428,,,1
800,'SA',606,,21839,8428,,,1,30,,21822,8428,,,1,72,,21835,8428,,,1,30,,21837,8428,,,1,71,,21840,8428,,,1,30,,21823,8428,,,1,70,,21836,8428,,,1,31,,21838,8428,,,1,70,,21841,8428,,,1,31,,21824,8428,,,1,70,,21830,8428,,,1,30,,21846,8428,,,1,68,,21842,8428,,,1,32,,21825,8428,,,1,70,,21831,8428,,,1,30,,21847,8428,,,1,70,,21843,8428,,,1,30,,2660,8428,,,1,70,,21832,8428,,,1,30,,21848,8428,,,1,70,,21844,8428,,,1,30,,2661,8428,,,1,70,,21833,8428,,,1,30,,21849,8428,,,1,72,,21845,8428,,,1,28,,21818,8428,,,1,70,,21834,8428,,,1,46,,21826,8428,,,1,98,,21819,8428,,,1,100,,21827,8428,,,1,100,,21820,8428,,,1,100,,21828,8428,,,1,100,,21821,8428,,,1,100,,21829,8428,,,1
800,'SE',511,,21884,8428,,,1,28,,21886,8428,,,1,62,,21893,8428,,,1,41,,21850,8428,,,1,70,,21885,8428,,,1,21,,21887,8428,,,1,19,,21878,8428,,,1,53,,21853,8428,,,1,15,,21854,8428,,,1,15,,21857,8428,,,1,15,,21851,8428,,,1,57,,21867,8428,,,1,15,,21863,8428,,,1,15,,21888,8428,,,1,15,,21859,8428,,,1,55,,21912,8428,,,1,15,,21855,8428,,,1,15,,21858,8428,,,1,15,,21852,8428,,,1,55,,21864,8428,,,1,15,,21868,8428,,,1,17,,21896,8428,,,1,15,,21889,8428,,,1,55,,21897,8428,,,1,15,,21871,8428,,,1,15,,21915,8428,,,1,15,,21916,8428,,,1,55,,21913,8428,,,1,15,,21902,8428,,,1,15,,21900,8428,,,1,15,,21879,8428,,,1,55,,21860,8428,,,1,15,,21898,8428,,,1,18,,21856,8428,,,1,15,,21914,8428,,,1,54,,21901,8428,,,1,14,,21910,8428,,,1,4,,21872,8428,,,1,13,,21869,8428,,,1,15,,21905,8428,,,1,55,,21904,8428,,,1,15,,21890,8428,,,1,15,,21861,8428,,,1,12,,21899,8428,,,1,52,,21917,8428,,,1,13,,21903,8428,,,1,11,,21883,8428,,,1,12,,21882,8428,,,1,12,,21911,8428,,,1,51,,21870,8428,,,1,12,,21906,8428,,,1,12,,21876,8428,,,1,9,,21877,8428,,,1,10,,21894,8428,,,1,10,,21862,8428,,,1,60,,21880,8428,,,1,27,,21907,8428,,,1,68,,21891,8428,,,1,30,,21895,8428,,,1,68,,21881,8428,,,1,30,,21908,8428,,,1,70,,21892,8428,,,1,45,,21873,8428,,,1,100,,21909,8428,,,1,96,,21874,8428,,,1,100,,21875,8428,,,1
2800,'DI',902,,24697,8428,0,39 40,1,101,,24702,8428,0,39 40,1,101,,24700,8428,0,39 40,1,100,,24698,8428,0,39 40,1,100,,24699,8428,0,39 40,1,100,,24703,8428,0,39 40,1,100,,24706,8428,0,39 40,1,101,,24705,8428,0,39 40,1,99,,24704,8428,0,39 40,1,100,,24701,8428,0,39 40,1
2800,'F1',904,,24713,8428,0,39 40,1,99,,24711,8428,0,39 40,1,104,,24707,8428,0,39 40,1,97,,24714,8428,0,39 40,1,101,,24712,8428,0,39 40,1,100,,24716,8428,0,39 40,1,99,,24708,8428,0,39 40,1,103,,24710,8428,0,39 40,1,99,,24715,8428,0,39 40,1,98,,24709,8428,0,39 40,1
2800,'F2',904,,24724,8428,0,39 40,1,99,,24719,8428,0,39 40,1,104,,24717,8428,0,39 40,1,97,,24721,8428,0,39 40,1,101,,24720,8428,0,39 40,1,100,,24722,8428,0,39 40,1,99,,24718,8428,0,39 40,1,103,,24726,8428,0,39 40,1,99,,24725,8428,0,39 40,1,98,,24723,8428,0,39 40,1
2800,'SA',904,,24733,8428,0,39 40,1,99,,24729,8428,0,39 40,1,104,,24727,8428,0,39 40,1,97,,24730,8428,0,39 40,1,101,,6923,8428,0,39 40,1,100,,24731,8428,0,39 40,1,99,,24728,8428,0,39 40,1,103,,24735,8428,0,39 40,1,99,,24734,8428,0,39 40,1,98,,24732,8428,0,39 40,1
2800,'SE',630,,24771,8428,0,39 40,1,86,,24769,8428,0,39 40,1,22,,24772,8428,0,39 40,1,3,,24773,8428,0,39 40,1,16,,24737,8428,0,39 40,1,53,,24752,8428,0,39 40,1,15,,24770,8428,0,39 40,1,15,,24736,8428,0,39 40,1,14,,24742,8428,0,39 40,1,58,,24754,8428,0,39 40,1,30,,24738,8428,0,39 40,1,70,,24753,8428,0,39 40,1,30,,24755,8428,0,39 40,1,70,,24739,8428,0,39 40,1,32,,24760,8428,0,39 40,1,70,,24756,8428,0,39 40,1,30,,24740,8428,0,39 40,1,70,,24761,8428,0,39 40,1,30,,24757,8428,0,39 40,1,70,,24741,8428,0,39 40,1,32,,24762,8428,0,39 40,1,71,,24774,8428,0,39 40,1,16,,24766,8428,0,39 40,1,14,,24764,8428,0,39 40,1,55,,24748,8428,0,39 40,1,15,,24776,8428,0,39 40,1,15,,24743,8428,0,39 40,1,14,,24745,8428,0,39 40,1,12,,24775,8428,0,39 40,1,52,,24767,8428,0,39 40,1,12,,24765,8428,0,39 40,1,12,,24758,8428,0,39 40,1,12,,24749,8428,0,39 40,1,12,,24763,8428,0,39 40,1,51,,24744,8428,0,39 40,1,12,,24768,8428,0,39 40,1,10,,24747,8428,0,39 40,1,13,,24751,8428,0,39 40,1,95,,24746,8428,0,39 40,1,98,,24759,8428,0,39 40,1,98,,24750,8428,0,39 40,1
8800,'DI',724,,30028,8428,,,1,30,,30033,8428,,,1,70,,30039,8428,,,1,30,,30048,8428,,,1,70,,30029,8428,,,1,30,,30034,8428,,,1,72,,30040,8428,,,1,30,,30049,8428,,,1,70,,30030,8428,,,1,30,,30035,8428,,,1,70,,30041,8428,,,1,30,,30050,8428,,,1,70,,30031,8428,,,1,30,,30036,8428,,,1,70,,30042,8428,,,1,30,,15002,8428,,,1,70,,30043,8428,,,1,30,,30037,8428,,,1,70,,30051,8428,,,1,30,,15003,8428,,,1,70,,30044,8428,,,1,29,,30038,8428,,,1,70,,30052,8428,,,1,100,,30045,8428,,,1,100,,30053,8428,,,1,100,,30046,8428,,,1,100,,30054,8428,,,1,97,,30047,8428,,,1,100,,30027,8428,,,1,100,,30032,8428,,,1
8800,'F1',723,,30061,8428,,,1,30,,15061,8428,,,1,71,,30074,8428,,,1,30,,30065,8428,,,1,71,,30062,8428,,,1,30,,15062,8428,,,1,71,,30075,8428,,,1,30,,30066,8428,,,1,70,,15046,8428,,,1,30,,30070,8428,,,1,70,,30076,8428,,,1,30,,30067,8428,,,1,70,,15047,8428,,,1,30,,30071,8428,,,1,70,,30077,8428,,,1,30,,30057,8428,,,1,70,,15048,8428,,,1,30,,30072,8428,,,1,70,,30078,8428,,,1,30,,30058,8428,,,1,71,,30079,8428,,,1,29,,30073,8428,,,1,71,,30068,8428,,,1,29,,30059,8428,,,1,70,,30063,8428,,,1,100,,30069,8428,,,1,99,,30064,8428,,,1,98,,30056,8428,,,1,100,,30055,8428,,,1,100,,30060,8428,,,1,100,,15032,8428,,,1
8800,'F2',723,,30083,8428,,,1,30,,30108,8428,,,1,71,,30104,8428,,,1,30,,30095,8428,,,1,71,,30088,8428,,,1,30,,30109,8428,,,1,71,,30105,8428,,,1,30,,30096,8428,,,1,70,,30089,8428,,,1,30,,30100,8428,,,1,70,,30085,8428,,,1,30,,30097,8428,,,1,70,,30090,8428,,,1,30,,30101,8428,,,1,70,,30086,8428,,,1,30,,30080,8428,,,1,70,,30091,8428,,,1,30,,30102,8428,,,1,70,,30087,8428,,,1,30,,30081,8428,,,1,71,,30110,8428,,,1,29,,30103,8428,,,1,71,,30098,8428,,,1,29,,30082,8428,,,1,70,,30092,8428,,,1,100,,30099,8428,,,1,99,,30093,8428,,,1,98,,30107,8428,,,1,100,,30094,8428,,,1,100,,30106,8428,,,1,100,,30084,8428,,,1
8800,'SA',723,,30114,8428,,,1,30,,30138,8428,,,1,71,,30135,8428,,,1,30,,30126,8428,,,1,71,,30119,8428,,,1,30,,30139,8428,,,1,71,,30136,8428,,,1,30,,30127,8428,,,1,70,,30120,8428,,,1,30,,30131,8428,,,1,70,,30116,8428,,,1,30,,30128,8428,,,1,70,,30121,8428,,,1,30,,30132,8428,,,1,70,,30117,8428,,,1,30,,30111,8428,,,1,70,,30122,8428,,,1,30,,30133,8428,,,1,70,,30118,8428,,,1,30,,30112,8428,,,1,71,,30140,8428,,,1,29,,30134,8428,,,1,71,,30129,8428,,,1,29,,30113,8428,,,1,70,,30123,8428,,,1,100,,30130,8428,,,1,99,,30124,8428,,,1,98,,15203,8428,,,1,100,,30125,8428,,,1,100,,30137,8428,,,1,100,,30115,8428,,,1
8800,'SE',725,,30151,8428,,,1,21,,30183,8428,,,1,55,,30184,8428,,,1,14,,15219,8428,,,1,15,,30185,8428,,,1,15,,30153,8428,,,1,55,,30154,8428,,,1,29,,30173,8428,,,1,30,,30152,8428,,,1,70,,30150,8428,,,1,30,,30171,8428,,,1,72,,30174,8428,,,1,70,,30143,8428,,,1,30,,30141,8428,,,1,70,,30175,8428,,,1,30,,30144,8428,,,1,70,,30172,8428,,,1,33,,30187,8428,,,1,70,,30176,8428,,,1,17,,30178,8428,,,1,16,,30180,8428,,,1,15,,30145,8428,,,1,55,,30156,8428,,,1,15,,30186,8428,,,1,15,,30161,8428,,,1,13,,30165,8428,,,1,52,,30142,8428,,,1,12,,30166,8428,,,1,12,,30158,8428,,,1,13,,30163,8428,,,1,11,,30149,8428,,,1,51,,30181,8428,,,1,12,,30146,8428,,,1,12,,30157,8428,,,1,9,,30179,8428,,,1,19,,30162,8428,,,1,55,,15235,8428,,,1,22,,30159,8428,,,1,28,,30182,8428,,,1,70,,30177,8428,,,1,28,,15236,8428,,,1,70,,30160,8428,,,1,30,,30148,8428,,,1,70,,30169,8428,,,1,100,,30167,8428,,,1,99,,30170,8428,,,1,97,,30168,8428,,,1
