3201,'DI',534,,25245,3866,,,2,99,,25246,3866,,,2,101,,25247,3866,,,2,99,,25248,3866,,,2,102,,25249,3866,,,2,100,,25252,3866,,,2,101,,25254,3866,,,2,101,,25250,3866,,,2,103,,25256,3866,,,2,98,,25255,3866,,,2,104,,25258,3866,,,2,96,,25257,3866,,,2,100,,25260,3866,,,2,100,,25259,3866,,,2,99,,25253,3866,,,2,100,,25243,3866,,,2,100,,25261,3866,,,2,100,,25263,3866,,,2,100,,25251,3866,,,2,100,,25262,3866,,,2,99,,25244,3866,,,2
3201,'F1',534,,25264,3866,,,2,99,,25265,3866,,,2,101,,25266,3866,,,2,96,,25267,3866,,,2,103,,25268,3866,,,2,101,,25274,3866,,,2,102,,25282,3866,,,2,99,,25281,3866,,,2,106,,25284,3866,,,2,102,,25283,3866,,,2,97,,25269,3866,,,2,98,,25271,3866,,,2,100,,25275,3866,,,2,100,,25270,3866,,,2,99,,25272,3866,,,2,100,,25276,3866,,,2,100,,25277,3866,,,2,100,,25279,3866,,,2,100,,25280,3866,,,2,100,,25278,3866,,,2,99,,25273,3866,,,2
3201,'F2',534,,25286,3866,,,2,99,,25287,3866,,,2,101,,25288,3866,,,2,96,,25289,3866,,,2,103,,25290,3866,,,2,101,,25296,3866,,,2,102,,25291,3866,,,2,99,,25305,3866,,,2,106,,25297,3866,,,2,102,,25292,3866,,,2,97,,25293,3866,,,2,98,,25298,3866,,,2,100,,25299,3866,,,2,100,,25294,3866,,,2,99,,25301,3866,,,2,100,,25300,3866,,,2,100,,25302,3866,,,2,100,,25304,3866,,,2,100,,25303,3866,,,2,100,,25295,3866,,,2,99,,25285,3866,,,2
3201,'SA',534,,25307,3866,,,2,99,,25308,3866,,,2,101,,25309,3866,,,2,96,,25310,3866,,,2,103,,25311,3866,,,2,101,,25317,3866,,,2,102,,25312,3866,,,2,99,,25326,3866,,,2,106,,25318,3866,,,2,102,,25313,3866,,,2,97,,25314,3866,,,2,98,,25319,3866,,,2,100,,25320,3866,,,2,100,,25315,3866,,,2,99,,25322,3866,,,2,100,,25321,3866,,,2,100,,25323,3866,,,2,100,,25325,3866,,,2,100,,25324,3866,,,2,100,,25316,3866,,,2,99,,25306,3866,,,2
3201,'SE',509,,25342,8153,,,2,30,,25348,8153,,,2,70,,25346,8153,,,2,29,,25351,8153,,,2,75,,25349,8153,,,2,27,,25343,8153,,,2,64,,25340,8153,,,2,30,,25347,8153,,,2,75,,25338,8153,,,2,96,,25334,3866,,,2,101,,25335,3866,,,2,100,,25337,3866,,,2,100,,25329,3866,,,2,100,,7845,3866,,,2,103,,25330,3866,,,2,105,,25327,3866,,,2,20,,25341,8153,,,2,70,,25345,8153,,,2,30,,25352,8153,,,2,70,,25350,8153,,,2,23,,25344,8153,,,2,73,,25353,8153,,,2,25,,25339,8153,,,2,87,,25336,3866,,,2,100,,25332,3866,,,2,98,,25333,3866,,,2,100,,25328,3866,,,2,98,,25331,3866,,,2
13201,'DI',715,,30958,6616,,,2,100,,30956,6616,,,2,100,,30957,6616,,,2,100,,30962,6616,,,2,100,,30959,6616,,,2,100,,30960,6616,,,2,100,,30963,6616,,,2,100,,30966,6616,,,2,100,,30964,6616,,,2,105,,30968,6616,,,2,95,,30967,6616,,,2,100,,30965,6616,,,2,101,,30969,6616,,,2,98,,30970,6616,,,2,100,,30961,6616,,,2,100,,30955,6616,,,2,100,,30971,6616,,,2,100,,30972,6616,,,2
13201,'F1',715,,30973,6616,,,2,100,,30986,6616,,,2,100,,30977,6616,,,2,100,,30987,6616,,,2,103,,30974,6616,,,2,97,,30978,6616,,,2,104,,30988,6616,,,2,96,,30985,6616,,,2,104,,30989,6616,,,2,96,,30979,6616,,,2,100,,30975,6616,,,2,100,,30976,6616,,,2,101,,30980,6616,,,2,98,,30981,6616,,,2,100,,16454,6616,,,2,100,,30984,6616,,,2,100,,30982,6616,,,2,100,,30983,6616,,,2
13201,'F2',715,,30991,6616,,,2,100,,31007,6616,,,2,100,,30995,6616,,,2,100,,30990,6616,,,2,103,,30992,6616,,,2,97,,30996,6616,,,2,104,,30993,6616,,,2,96,,31006,6616,,,2,104,,30997,6616,,,2,96,,30999,6616,,,2,100,,30994,6616,,,2,100,,30998,6616,,,2,101,,31000,6616,,,2,98,,31002,6616,,,2,100,,31001,6616,,,2,100,,31004,6616,,,2,100,,31003,6616,,,2,100,,31005,6616,,,2
13201,'SA',715,,31009,6616,,,2,100,,31025,6616,,,2,100,,31013,6616,,,2,100,,31008,6616,,,2,103,,31010,6616,,,2,97,,31014,6616,,,2,104,,31011,6616,,,2,96,,31024,6616,,,2,104,,31015,6616,,,2,96,,31017,6616,,,2,100,,31012,6616,,,2,100,,31016,6616,,,2,101,,31018,6616,,,2,98,,31020,6616,,,2,100,,31019,6616,,,2,100,,31022,6616,,,2,100,,31021,6616,,,2,100,,31023,6616,,,2
13201,'SE',548,,31032,6616,,,2,70,,31029,6616,,,2,32,,31038,6616,,,2,60,,31031,6616,,,2,24,,31036,6616,,,2,10,,31042,6616,,,2,10,,31040,6616,,,2,62,,31039,6616,,,2,18,,31033,6616,,,2,16,,31037,6616,,,2,60,,31041,6616,,,2,20,,31051,6616,,,2,19,,16560,6616,,,2,97,,31052,6616,,,2,99,,16564,6616,,,2,96,,31050,6616,,,2,100,,31043,6616,,,2,110,,31044,6616,,,2,51,,31047,6616,,,2,3,,31026,6616,,,2,43,,31034,6616,,,2,65,,31045,6616,,,2,19,,31048,6616,,,2,19,,31030,6616,,,2,63,,31035,6616,,,2,19,,31028,6616,,,2,19,,31046,6616,,,2,59,,31027,6616,,,2,40,,31049,6616,,,2
54000,'SE',1630,,32370,4206,,,2
