3201,'DI',535,,25245,4397,,,2,99,,25246,4397,,,2,101,,25247,4397,,,2,99,,25248,4397,,,2,102,,25249,4397,,,2,100,,25252,4397,,,2,101,,25254,4397,,,2,101,,25250,4397,,,2,103,,25256,4397,,,2,98,,25255,4397,,,2,104,,25258,4397,,,2,96,,25257,4397,,,2,100,,25260,4397,,,2,100,,25259,4397,,,2,99,,25253,4397,,,2,100,,25243,4397,,,2,100,,25261,4397,,,2,100,,25263,4397,,,2,100,,25251,4397,,,2,100,,25262,4397,,,2,99,,25244,4397,,,2
3201,'F1',535,,25264,4397,,,2,99,,25265,4397,,,2,101,,25266,4397,,,2,96,,25267,4397,,,2,103,,25268,4397,,,2,101,,25274,4397,,,2,102,,25282,4397,,,2,99,,25281,4397,,,2,106,,25284,4397,,,2,102,,25283,4397,,,2,97,,25269,4397,,,2,98,,25271,4397,,,2,100,,25275,4397,,,2,100,,25270,4397,,,2,99,,25272,4397,,,2,100,,25276,4397,,,2,100,,25277,4397,,,2,100,,25279,4397,,,2,100,,25280,4397,,,2,100,,25278,4397,,,2,99,,25273,4397,,,2
3201,'F2',535,,25286,4397,,,2,99,,25287,4397,,,2,101,,25288,4397,,,2,96,,25289,4397,,,2,103,,25290,4397,,,2,101,,25296,4397,,,2,102,,25291,4397,,,2,99,,25305,4397,,,2,106,,25297,4397,,,2,102,,25292,4397,,,2,97,,25293,4397,,,2,98,,25298,4397,,,2,100,,25299,4397,,,2,100,,25294,4397,,,2,99,,25301,4397,,,2,100,,25300,4397,,,2,100,,25302,4397,,,2,100,,25304,4397,,,2,100,,25303,4397,,,2,100,,25295,4397,,,2,99,,25285,4397,,,2
3201,'SA',535,,25307,4397,,,2,99,,25308,4397,,,2,101,,25309,4397,,,2,96,,25310,4397,,,2,103,,25311,4397,,,2,101,,25317,4397,,,2,102,,25312,4397,,,2,99,,25326,4397,,,2,106,,25318,4397,,,2,102,,25313,4397,,,2,97,,25314,4397,,,2,98,,25319,4397,,,2,100,,25320,4397,,,2,100,,25315,4397,,,2,99,,25322,4397,,,2,100,,25321,4397,,,2,100,,25323,4397,,,2,100,,25325,4397,,,2,100,,25324,4397,,,2,100,,25316,4397,,,2,99,,25306,4397,,,2
3201,'SE',510,,25342,8684,,,2,30,,25348,8684,,,2,70,,25346,8684,,,2,29,,25351,8684,,,2,75,,25349,8684,,,2,27,,25343,8684,,,2,64,,25340,8684,,,2,30,,25347,8684,,,2,75,,25338,8684,,,2,96,,25334,4397,,,2,101,,25335,4397,,,2,100,,25337,4397,,,2,100,,25329,4397,,,2,100,,7845,4397,,,2,103,,25330,4397,,,2,105,,25327,4397,,,2,20,,25341,8684,,,2,70,,25345,8684,,,2,30,,25352,8684,,,2,70,,25350,8684,,,2,23,,25344,8684,,,2,73,,25353,8684,,,2,25,,25339,8684,,,2,87,,25336,4397,,,2,100,,25332,4397,,,2,98,,25333,4397,,,2,100,,25328,4397,,,2,98,,25331,4397,,,2
13201,'DI',716,,30958,7147,,,2,100,,30956,7147,,,2,100,,30957,7147,,,2,100,,30962,7147,,,2,100,,30959,7147,,,2,100,,30960,7147,,,2,100,,30963,7147,,,2,100,,30966,7147,,,2,100,,30964,7147,,,2,105,,30968,7147,,,2,95,,30967,7147,,,2,100,,30965,7147,,,2,101,,30969,7147,,,2,98,,30970,7147,,,2,100,,30961,7147,,,2,100,,30955,7147,,,2,100,,30971,7147,,,2,100,,30972,7147,,,2
13201,'F1',716,,30973,7147,,,2,100,,30986,7147,,,2,100,,30977,7147,,,2,100,,30987,7147,,,2,103,,30974,7147,,,2,97,,30978,7147,,,2,104,,30988,7147,,,2,96,,30985,7147,,,2,104,,30989,7147,,,2,96,,30979,7147,,,2,100,,30975,7147,,,2,100,,30976,7147,,,2,101,,30980,7147,,,2,98,,30981,7147,,,2,100,,16454,7147,,,2,100,,30984,7147,,,2,100,,30982,7147,,,2,100,,30983,7147,,,2
13201,'F2',716,,30991,7147,,,2,100,,31007,7147,,,2,100,,30995,7147,,,2,100,,30990,7147,,,2,103,,30992,7147,,,2,97,,30996,7147,,,2,104,,30993,7147,,,2,96,,31006,7147,,,2,104,,30997,7147,,,2,96,,30999,7147,,,2,100,,30994,7147,,,2,100,,30998,7147,,,2,101,,31000,7147,,,2,98,,31002,7147,,,2,100,,31001,7147,,,2,100,,31004,7147,,,2,100,,31003,7147,,,2,100,,31005,7147,,,2
13201,'SA',716,,31009,7147,,,2,100,,31025,7147,,,2,100,,31013,7147,,,2,100,,31008,7147,,,2,103,,31010,7147,,,2,97,,31014,7147,,,2,104,,31011,7147,,,2,96,,31024,7147,,,2,104,,31015,7147,,,2,96,,31017,7147,,,2,100,,31012,7147,,,2,100,,31016,7147,,,2,101,,31018,7147,,,2,98,,31020,7147,,,2,100,,31019,7147,,,2,100,,31022,7147,,,2,100,,31021,7147,,,2,100,,31023,7147,,,2
13201,'SE',549,,31032,7147,,,2,70,,31029,7147,,,2,32,,31038,7147,,,2,60,,31031,7147,,,2,24,,31036,7147,,,2,10,,31042,7147,,,2,10,,31040,7147,,,2,62,,31039,7147,,,2,18,,31033,7147,,,2,16,,31037,7147,,,2,60,,31041,7147,,,2,20,,31051,7147,,,2,19,,16560,7147,,,2,97,,31052,7147,,,2,99,,16564,7147,,,2,96,,31050,7147,,,2,100,,31043,7147,,,2,110,,31044,7147,,,2,51,,31047,7147,,,2,3,,31026,7147,,,2,43,,31034,7147,,,2,65,,31045,7147,,,2,19,,31048,7147,,,2,19,,31030,7147,,,2,63,,31035,7147,,,2,19,,31028,7147,,,2,19,,31046,7147,,,2,59,,31027,7147,,,2,40,,31049,7147,,,2
54000,'SE',1631,,32370,4738,,,2
