2000,'DI',622,,23850,8039,,,2,100,,23853,8039,,,2,100,,23856,8039,,,2,100,,23848,8039,,,2,100,,23854,8039,,,2,97,,23857,8039,,,2,103,,23858,8039,,,2,100,,23855,8039,,,2,100,,23859,8039,,,2,100,,23851,8039,,,2,97,,23862,8039,,,2,103,,23863,8039,,,2,100,,23852,8039,,,2,100,,23860,8039,,,2,100,,23849,8039,,,2,100,,23864,8039,,,2,100,,23861,8039,,,2,100,,23865,8039,,,2,100,,23866,8039,,,2
2000,'F1',625,,23883,8039,,,2,100,,23879,8039,,,2,100,,23881,8039,,,2,100,,23880,8039,,,2,100,,5595,8039,,,2,100,,23882,8039,,,2,100,,5597,8039,,,2,100,,23871,8039,,,2,100,,23872,8039,,,2,100,,23869,8039,,,2,96,,23873,8039,,,2,104,,23874,8039,,,2,104,,23875,8039,,,2,96,,23867,8039,,,2,100,,23876,8039,,,2,100,,23877,8039,,,2,100,,23868,8039,,,2,100,,23870,8039,,,2,100,,23878,8039,,,2,100,,23884,8039,,,2
2000,'F2',625,,23903,8039,,,2,100,,23897,8039,,,2,100,,23894,8039,,,2,100,,23888,8039,,,2,100,,23890,8039,,,2,100,,23889,8039,,,2,100,,23898,8039,,,2,100,,23891,8039,,,2,100,,23892,8039,,,2,100,,23902,8039,,,2,96,,23899,8039,,,2,104,,23900,8039,,,2,104,,23901,8039,,,2,96,,23886,8039,,,2,100,,23895,8039,,,2,100,,23893,8039,,,2,100,,23885,8039,,,2,100,,23904,8039,,,2,100,,23896,8039,,,2,100,,23887,8039,,,2
2000,'SA',625,,23922,8039,,,2,100,,5701,8039,,,2,100,,23914,8039,,,2,100,,23908,8039,,,2,100,,23910,8039,,,2,100,,23909,8039,,,2,100,,23917,8039,,,2,100,,23911,8039,,,2,100,,23912,8039,,,2,100,,23921,8039,,,2,96,,23918,8039,,,2,104,,23919,8039,,,2,104,,23920,8039,,,2,96,,23906,8039,,,2,100,,23915,8039,,,2,100,,23913,8039,,,2,100,,23905,8039,,,2,100,,23923,8039,,,2,100,,23916,8039,,,2,100,,23907,8039,,,2
2000,'SE',543,,23938,8039,,,2,60,,23964,8039,,,2,24,,23947,8039,,,2,31,,23939,8039,,,2,54,,23970,7449,,,2,9,,23968,7449,,,2,8,,23972,7449,,,2,10,,23965,7449,,,2,11,,23967,7449,,,2,6,,23966,7449,,,2,54,,23971,7449,,,2,32,,23969,7449,,,2,71,,23973,7449,,,2,29,,23925,8039,,,2,71,,23955,8039,,,2,30,,23931,8039,,,2,70,,23958,8039,,,2,30,,23928,8039,,,2,70,,23952,8039,,,2,30,,23932,8039,,,2,70,,23960,8039,,,2,30,,23929,8039,,,2,70,,23951,8039,,,2,30,,23933,8039,,,2,70,,23940,8039,,,2,21,,23942,8039,,,2,17,,23935,8039,,,2,55,,23927,8039,,,2,15,,23936,8039,,,2,15,,23953,8039,,,2,17,,23943,8039,,,2,51,,23959,8039,,,2,13,,23944,8039,,,2,10,,23946,8039,,,2,12,,23941,8039,,,2,13,,23954,8039,,,2,51,,23934,8039,,,2,14,,23962,8039,,,2,13,,23945,8039,,,2,15,,23957,8039,,,2,68,,23924,8039,,,2,30,,23956,8039,,,2,70,,23963,8039,,,2,30,,23937,8039,,,2,70,,23961,8039,,,2,30,,23948,8039,,,2,100,,23930,8039,,,2,100,,23949,8039,,,2,100,,23926,8039,,,2,100,,23950,8039,,,2
2901,'DI',700,,24956,1264,,,1,100,,24957,1264,,,1,100,,24958,1264,,,1,100,,24959,1264,,,1,100,,24960,1264,,,1,100,,24961,1264,,,1,100,,24962,1264,,,1,100,,24963,1264,,,1,100,,24964,1264,,,1,100,,24965,1264,,,1,100,,24966,1264,,,1,100,,24967,1264,,,1,100,,24968,1264,,,1,100,,24969,1264,,,1,100,,24970,1264,,,1,100,,24971,1264,,,1,100,,24972,1264,,,1,120,,24973,1264,,,1,100,,24974,1264,,,1
2901,'F1',700,,24975,1264,,,1,100,,24976,1264,,,1,100,,24977,1264,,,1,100,,24978,1264,,,1,100,,24979,1264,,,1,100,,24980,1264,,,1,100,,24981,1264,,,1,100,,24982,1264,,,1,59,,24983,1264,,,1,99,,24984,1264,,,1,99,,24985,1264,,,1,148,,24986,1264,,,1,99,,24987,1264,,,1,97,,24988,1264,,,1,99,,24989,1264,,,1,100,,24990,1264,,,1,100,,24991,1264,,,1,120,,24992,1264,,,1,100,,24993,1264,,,1
2901,'F2',700,,25007,1264,,,1,100,,25008,1264,,,1,100,,25009,1264,,,1,100,,25010,1264,,,1,100,,25011,1264,,,1,100,,25012,1264,,,1,100,,24994,1264,,,1,100,,24995,1264,,,1,59,,24996,1264,,,1,99,,24997,1264,,,1,99,,24998,1264,,,1,148,,24999,1264,,,1,99,,25000,1264,,,1,97,,25001,1264,,,1,99,,25002,1264,,,1,100,,25003,1264,,,1,100,,25004,1264,,,1,120,,25005,1264,,,1,100,,25006,1264,,,1
2901,'SA',700,,25026,1264,,,1,100,,25027,1264,,,1,100,,25028,1264,,,1,100,,25029,1264,,,1,100,,25030,1264,,,1,100,,25031,1264,,,1,100,,25013,1264,,,1,100,,25014,1264,,,1,59,,25015,1264,,,1,99,,25016,1264,,,1,99,,25017,1264,,,1,148,,25018,1264,,,1,99,,25019,1264,,,1,97,,25020,1264,,,1,99,,25021,1264,,,1,100,,25022,1264,,,1,100,,25023,1264,,,1,120,,25024,1264,,,1,100,,25025,1264,,,1
2901,'SE',630,,25045,1264,,,1,26,,7376,1264,,,1,72,,25056,1264,,,1,5,,25047,1264,,,1,67,,25041,1264,,,1,30,,25044,1264,,,1,70,,25046,1264,,,1,103,,25040,1264,,,1,100,,25058,1264,,,1,101,,25039,1264,,,1,100,,25034,1264,,,1,100,,25037,1264,,,1,99,,25035,1264,,,1,35,,25048,1264,,,1,66,,25049,1264,,,1,34,,25036,1264,,,1,20,,25038,1264,,,1,69,,25043,1264,,,1,14,,25057,1264,,,1,68,,25042,1264,,,1,28,,25050,1264,,,1,67,,25033,1264,,,1,99,,25032,1264,,,1,99,,25051,1264,,,1,99,,25052,1264,,,1,58,,25053,1264,,,1,161,,25054,1264,,,1,96,,25055,1264,,,1
57001,'SE',818,,32390,1782,,,2
