401,'DI',607,,20881,17093,,,1,30,,20888,17093,,,1,70,,20900,17093,,,1,30,,20896,17093,,,1,70,,20882,17093,,,1,30,,20889,17093,,,1,72,,20902,17093,,,1,30,,20904,17093,,,1,70,,20883,17093,,,1,30,,20890,17093,,,1,70,,20903,17093,,,1,30,,20905,17093,,,1,70,,20884,17093,,,1,30,,20910,17093,,,1,70,,20911,17093,,,1,30,,20906,17093,,,1,71,,20885,17093,,,1,29,,20891,17093,,,1,70,,20913,17093,,,1,30,,20894,17093,,,1,72,,20886,17093,,,1,29,,20892,17093,,,1,70,,20914,17093,,,1,34,,20895,17093,,,1,65,,20907,17093,,,1,30,,20912,17093,,,1,70,,20909,17093,,,1,30,,20887,17093,,,1,71,,20908,17093,,,1,29,,20897,17093,,,1,70,,20880,17093,,,1,30,,20893,17093,,,1,100,,20899,17093,,,1,100,,20901,17093,,,1,100,,20898,17093,,,1
401,'F1',607,,20915,17093,,,1,30,,20923,17093,,,1,70,,20926,17093,,,1,30,,20920,17093,,,1,70,,20916,17093,,,1,30,,20924,17093,,,1,72,,20945,17093,,,1,30,,20921,17093,,,1,70,,20917,17093,,,1,30,,20935,17093,,,1,70,,20946,17093,,,1,30,,1236,17093,,,1,70,,20943,17093,,,1,32,,20925,17093,,,1,70,,20947,17093,,,1,30,,20928,17093,,,1,70,,20936,17093,,,1,30,,20918,17093,,,1,70,,20927,17093,,,1,30,,20944,17093,,,1,70,,20937,17093,,,1,30,,20933,17093,,,1,70,,20938,17093,,,1,30,,20932,17093,,,1,70,,20941,17093,,,1,28,,20942,17093,,,1,70,,20919,17093,,,1,30,,20930,17093,,,1,70,,20940,17093,,,1,30,,20929,17093,,,1,70,,20934,17093,,,1,30,,20922,17093,,,1,100,,20939,17093,,,1,100,,1223,17093,,,1,100,,20931,17093,,,1
401,'F2',607,,20949,17093,,,1,30,,20956,17093,,,1,70,,20958,17093,,,1,30,,20953,17093,,,1,70,,20950,17093,,,1,30,,20957,17093,,,1,72,,20959,17093,,,1,30,,20954,17093,,,1,70,,20951,17093,,,1,30,,20977,17093,,,1,70,,20960,17093,,,1,30,,20971,17093,,,1,70,,20981,17093,,,1,32,,20969,17093,,,1,70,,20980,17093,,,1,30,,20964,17093,,,1,70,,20948,17093,,,1,30,,20961,17093,,,1,70,,20972,17093,,,1,30,,20982,17093,,,1,70,,20979,17093,,,1,30,,20968,17093,,,1,70,,20974,17093,,,1,30,,20967,17093,,,1,70,,20955,17093,,,1,28,,20973,17093,,,1,70,,20963,17093,,,1,30,,20952,17093,,,1,70,,20976,17093,,,1,30,,20962,17093,,,1,70,,20975,17093,,,1,30,,20978,17093,,,1,100,,20970,17093,,,1,100,,20966,17093,,,1,100,,20965,17093,,,1
401,'SA',607,,20983,17093,,,1,30,,1360,17093,,,1,70,,1362,17093,,,1,30,,1358,17093,,,1,70,,20984,17093,,,1,30,,1361,17093,,,1,72,,1363,17093,,,1,30,,1359,17093,,,1,70,,20985,17093,,,1,30,,21003,17093,,,1,70,,1364,17093,,,1,30,,20997,17093,,,1,70,,21007,17093,,,1,32,,20995,17093,,,1,70,,21006,17093,,,1,30,,20990,17093,,,1,70,,1356,17093,,,1,30,,1365,17093,,,1,70,,20998,17093,,,1,30,,21008,17093,,,1,70,,21005,17093,,,1,30,,20994,17093,,,1,70,,21000,17093,,,1,30,,20993,17093,,,1,70,,20987,17093,,,1,28,,20999,17093,,,1,70,,20989,17093,,,1,30,,20986,17093,,,1,70,,21002,17093,,,1,30,,20988,17093,,,1,70,,21001,17093,,,1,30,,21004,17093,,,1,100,,20996,17093,,,1,100,,20992,17093,,,1,100,,20991,17093,,,1
401,'SE',612,,21024,17093,,,1,22,,21022,17093,,,1,18,,21034,17093,,,1,61,,21011,17093,,,1,34,,21009,17093,,,1,74,,21012,17093,,,1,33,,21040,17093,,,1,70,,21020,17093,,,1,31,,21027,17093,,,1,70,,1417,17093,,,1,30,,21042,17093,,,1,70,,21036,17093,,,1,30,,21013,17093,,,1,70,,21031,17093,,,1,33,,1416,17093,,,1,72,,21032,17093,,,1,70,,21021,17093,,,1,30,,21030,17093,,,1,26,,21010,17093,,,1,74,,21038,17093,,,1,15,,1420,17093,,,1,63,,21014,17093,,,1,22,,21033,17093,,,1,19,,21016,17093,,,1,60,,21017,17093,,,1,25,,21035,17093,,,1,13,,21041,17093,,,1,60,,21037,17093,,,1,24,,21026,17093,,,1,16,,1421,17093,,,1,67,,21015,17093,,,1,30,,21039,17093,,,1,67,,21023,17093,,,1,28,,21018,17093,,,1,70,,21029,17093,,,1,30,,21043,17093,,,1,70,,21044,17093,,,1,100,,21019,17093,,,1,96,,21025,17093,,,1,100,,21028,17093,,,1
3201,'DI',540,,25245,6884,,,2,99,,25246,6884,,,2,101,,25247,6884,,,2,99,,25248,6884,,,2,102,,25249,6884,,,2,100,,25252,6884,,,2,102,,25254,6884,,,2,102,,25250,6884,,,2,103,,25256,6884,,,2,98,,25255,6884,,,2,104,,25258,6884,,,2,96,,25257,6884,,,2,99,,25260,6884,,,2,99,,25259,6884,,,2,99,,25253,6884,,,2,100,,25243,6884,,,2,100,,25261,6884,,,2,100,,25263,6884,,,2,100,,25251,6884,,,2,100,,25262,6884,,,2,99,,25244,6884,,,2
3201,'F1',540,,25264,6884,,,2,99,,25265,6884,,,2,101,,25266,6884,,,2,96,,25267,6884,,,2,103,,25268,6884,,,2,101,,25274,6884,,,2,103,,25282,6884,,,2,100,,25281,6884,,,2,106,,25284,6884,,,2,102,,25283,6884,,,2,97,,25269,6884,,,2,98,,25271,6884,,,2,99,,25275,6884,,,2,99,,25270,6884,,,2,99,,25272,6884,,,2,100,,25276,6884,,,2,100,,25277,6884,,,2,100,,25279,6884,,,2,100,,25280,6884,,,2,100,,25278,6884,,,2,99,,25273,6884,,,2
3201,'F2',540,,25286,6884,,,2,99,,25287,6884,,,2,101,,25288,6884,,,2,96,,25289,6884,,,2,103,,25290,6884,,,2,101,,25296,6884,,,2,103,,25291,6884,,,2,100,,25305,6884,,,2,106,,25297,6884,,,2,102,,25292,6884,,,2,97,,25293,6884,,,2,98,,25298,6884,,,2,99,,25299,6884,,,2,99,,25294,6884,,,2,99,,25301,6884,,,2,100,,25300,6884,,,2,100,,25302,6884,,,2,100,,25304,6884,,,2,100,,25303,6884,,,2,100,,25295,6884,,,2,99,,25285,6884,,,2
3201,'SA',540,,25307,6884,,,2,99,,25308,6884,,,2,101,,25309,6884,,,2,96,,25310,6884,,,2,103,,25311,6884,,,2,101,,25317,6884,,,2,103,,25312,6884,,,2,100,,25326,6884,,,2,106,,25318,6884,,,2,102,,25313,6884,,,2,97,,25314,6884,,,2,98,,25319,6884,,,2,99,,25320,6884,,,2,99,,25315,6884,,,2,99,,25322,6884,,,2,100,,25321,6884,,,2,100,,25323,6884,,,2,100,,25325,6884,,,2,100,,25324,6884,,,2,100,,25316,6884,,,2,99,,25306,6884,,,2
3201,'SE',517,,25342,11171,,,2,30,,25348,11171,,,2,70,,25346,11171,,,2,29,,25351,11171,,,2,76,,25349,11171,,,2,27,,25343,11171,,,2,64,,25340,11171,,,2,30,,25347,11171,,,2,75,,25338,11171,,,2,95,,25334,6884,,,2,101,,25335,6884,,,2,100,,25337,6884,,,2,100,,25329,6884,,,2,100,,7845,6884,,,2,103,,25330,6884,,,2,105,,25327,6884,,,2,21,,25341,11171,,,2,70,,25345,11171,,,2,30,,25352,11171,,,2,70,,25350,11171,,,2,23,,25344,11171,,,2,72,,25353,11171,,,2,25,,25339,11171,,,2,86,,25336,6884,,,2,100,,25332,6884,,,2,98,,25333,6884,,,2,100,,25328,6884,,,2,98,,25331,6884,,,2
3801,'DI',619,,25521,4419,,,1,100,,25528,4419,,,1,100,,25526,4419,,,1,100,,25522,4419,,,1,100,,25529,4419,,,1,100,,25517,4419,,,1,100,,25534,4419,,,1,100,,25520,4419,,,1,98,,25527,4419,,,1,99,,25530,4419,,,1,103,,25518,4419,,,1,101,,25523,4419,,,1,100,,25524,4419,,,1,99,,25519,4419,,,1,100,,25531,4419,,,1,100,,25525,4419,,,1,100,,25532,4419,,,1,100,,25535,4419,,,1,100,,25533,4419,,,1
3801,'F1',618,,25552,4419,,,1,100,,25536,4419,,,1,99,,25553,4419,,,1,101,,25538,4419,,,1,100,,25554,4419,,,1,100,,25539,4419,,,1,100,,25540,4419,,,1,100,,25544,4419,,,1,100,,25541,4419,,,1,100,,25545,4419,,,1,101,,25542,4419,,,1,100,,25546,4419,,,1,100,,25543,4419,,,1,99,,25537,4419,,,1,100,,25547,4419,,,1,100,,25550,4419,,,1,100,,25548,4419,,,1,100,,25551,4419,,,1,100,,25549,4419,,,1
3801,'F2',618,,25557,4419,,,1,100,,25566,4419,,,1,99,,25560,4419,,,1,101,,25567,4419,,,1,100,,25561,4419,,,1,100,,25568,4419,,,1,100,,25562,4419,,,1,100,,25569,4419,,,1,100,,25563,4419,,,1,100,,25558,4419,,,1,101,,25564,4419,,,1,100,,25559,4419,,,1,100,,25565,4419,,,1,99,,25555,4419,,,1,100,,25570,4419,,,1,100,,25556,4419,,,1,100,,25571,4419,,,1,100,,25573,4419,,,1,100,,25572,4419,,,1
3801,'SA',618,,25576,4419,,,1,100,,25585,4419,,,1,99,,25579,4419,,,1,101,,25586,4419,,,1,100,,25580,4419,,,1,100,,25587,4419,,,1,100,,25581,4419,,,1,100,,25588,4419,,,1,100,,25582,4419,,,1,100,,25577,4419,,,1,101,,25583,4419,,,1,100,,25578,4419,,,1,100,,25584,4419,,,1,99,,25574,4419,,,1,100,,25589,4419,,,1,100,,25575,4419,,,1,100,,25590,4419,,,1,100,,25592,4419,,,1,100,,25591,4419,,,1
3801,'SE',527,,25593,4419,,,1,30,,25605,4419,,,1,71,,25596,4419,,,1,74,,25606,4419,,,1,34,,25599,4419,,,1,64,,25598,4419,,,1,28,,25608,4419,,,1,75,,25607,4419,,,1,29,,25617,4419,,,1,75,,25621,4419,,,1,100,,25623,4419,,,1,100,,25610,4419,,,1,100,,25624,4419,,,1,98,,25611,4419,,,1,98,,25615,4419,,,1,15,,25618,4419,,,1,17,,25602,4419,,,1,22,,25612,4419,,,1,61,,25594,4419,,,1,20,,25597,4419,,,1,21,,25609,4419,,,1,60,,25622,4419,,,1,19,,25620,4419,,,1,62,,25601,4419,,,1,18,,25603,4419,,,1,20,,25616,4419,,,1,80,,25613,4419,,,1,95,,25619,4419,,,1,99,,25614,4419,,,1,99,,25600,4419,,,1,100,,25604,4419,,,1,100,,25595,4419,,,1
53200,'SE',1634,,32354,7104,,,2,1,,32355,7104,,,2
