4200,'DI',617,,25727,2447,,,1,100,,25728,2447,,,1,100,,25729,2447,,,1,100,,25730,2447,,,1,100,,25731,2447,,,1,100,,25732,2447,,,1,100,,25733,2447,,,1,100,,25734,2447,,,1,100,,25735,2447,,,1,100,,25736,2447,,,1,100,,25737,2447,,,1,100,,25738,2447,,,1,100,,25739,2447,,,1,100,,25740,2447,,,1,100,,25741,2447,,,1,100,,25742,2447,,,1,100,,25743,2447,,,1,100,,25744,2447,,,1,100,,25745,2447,,,1,100,,25746,2447,,,1
4200,'F1',617,,25747,2447,,,1,100,,25748,2447,,,1,100,,25749,2447,,,1,100,,25750,2447,,,1,100,,25751,2447,,,1,100,,25752,2447,,,1,100,,25753,2447,,,1,100,,25754,2447,,,1,100,,25755,2447,,,1,100,,25756,2447,,,1,100,,25757,2447,,,1,100,,25758,2447,,,1,100,,25759,2447,,,1,100,,25760,2447,,,1,100,,25761,2447,,,1,100,,25762,2447,,,1,100,,25763,2447,,,1,100,,25764,2447,,,1,100,,25765,2447,,,1,100,,25766,2447,,,1
4200,'F2',617,,25784,2447,,,1,100,,25785,2447,,,1,100,,25786,2447,,,1,100,,25767,2447,,,1,100,,25768,2447,,,1,100,,25769,2447,,,1,100,,25770,2447,,,1,100,,25771,2447,,,1,100,,25772,2447,,,1,100,,25773,2447,,,1,100,,25774,2447,,,1,100,,25775,2447,,,1,100,,25776,2447,,,1,100,,25777,2447,,,1,100,,25778,2447,,,1,100,,25779,2447,,,1,100,,25780,2447,,,1,100,,25781,2447,,,1,100,,25782,2447,,,1,100,,25783,2447,,,1
4200,'SA',617,,25804,2447,,,1,100,,25805,2447,,,1,100,,25806,2447,,,1,100,,25787,2447,,,1,100,,25788,2447,,,1,100,,25789,2447,,,1,100,,25790,2447,,,1,100,,25791,2447,,,1,100,,25792,2447,,,1,100,,25793,2447,,,1,100,,25794,2447,,,1,100,,25795,2447,,,1,100,,25796,2447,,,1,100,,25797,2447,,,1,100,,25798,2447,,,1,100,,25799,2447,,,1,100,,25800,2447,,,1,100,,25801,2447,,,1,100,,25802,2447,,,1,100,,25803,2447,,,1
4200,'SE',558,,25835,2447,,,1,76,,25817,2447,,,1,69,,25820,2447,,,1,12,,25816,2447,,,1,6,,25818,2447,,,1,6,,25813,2447,,,1,6,,25814,2447,,,1,22,,25812,2447,,,1,62,,25821,2447,,,1,34,,25848,2447,,,1,70,,25849,2447,,,1,30,,25815,2447,,,1,70,,25839,2447,,,1,30,,25819,2447,,,1,70,,25844,2447,,,1,30,,25822,2447,,,1,70,,25845,2447,,,1,30,,25808,2447,,,1,70,,25825,2447,,,1,30,,25823,2447,,,1,70,,25837,2447,,,1,30,,25847,2447,,,1,71,,25826,2447,,,1,30,,25842,2447,,,1,67,,25840,2447,,,1,24,,25846,2447,,,1,15,,25843,2447,,,1,54,,25807,2447,,,1,14,,25841,2447,,,1,14,,25836,2447,,,1,15,,25838,2447,,,1,67,,25824,2447,,,1,30,,25827,2447,,,1,73,,25831,2447,,,1,34,,25828,2447,,,1,70,,25832,2447,,,1,29,,25829,2447,,,1,70,,25833,2447,,,1,30,,25830,2447,,,1,70,,25834,2447,,,1,91,,25809,2447,,,1,100,,25810,2447,,,1,100,,25811,2447,,,1
5000,'DI',720,,26819,2468,,,2,100,,26827,2468,,,2,100,,26825,2468,,,2,103,,26826,2468,,,2,94,,26828,2468,,,2,103,,26829,2468,,,2,103,,26830,2468,,,2,97,,26818,2468,,,2,96,,26831,2468,,,2,103,,26816,2468,,,2,106,,26815,2468,,,2,95,,26824,2468,,,2,100,,26817,2468,,,2,100,,26820,2468,,,2,100,,26822,2468,,,2,100,,26832,2468,,,2,100,,26821,2468,,,2,100,,26823,2468,,,2,100,,26833,2468,,,2
5000,'F1',620,,26846,2468,,,2,98,,26840,2468,,,2,102,,26851,2468,,,2,97,,26836,2468,,,2,103,,26837,2468,,,2,96,,26853,2468,,,2,102,,26852,2468,,,2,98,,26835,2468,,,2,99,,26847,2468,,,2,103,,26848,2468,,,2,103,,26849,2468,,,2,103,,26850,2468,,,2,96,,26838,2468,,,2,100,,26844,2468,,,2,100,,26841,2468,,,2,100,,26854,2468,,,2,97,,26842,2468,,,2,103,,26843,2468,,,2,101,,26845,2468,,,2,99,,26839,2468,,,2
5000,'F2',620,,26861,2468,,,2,98,,26860,2468,,,2,102,,26865,2468,,,2,97,,26869,2468,,,2,103,,26870,2468,,,2,96,,26874,2468,,,2,102,,26871,2468,,,2,98,,26855,2468,,,2,99,,26856,2468,,,2,103,,26857,2468,,,2,103,,26858,2468,,,2,103,,26859,2468,,,2,96,,26862,2468,,,2,100,,26873,2468,,,2,100,,26872,2468,,,2,100,,26863,2468,,,2,97,,26866,2468,,,2,103,,26867,2468,,,2,101,,26868,2468,,,2,99,,26864,2468,,,2
5000,'SA',620,,26881,2468,,,2,98,,26880,2468,,,2,102,,26885,2468,,,2,97,,26889,2468,,,2,103,,26890,2468,,,2,96,,26894,2468,,,2,102,,26891,2468,,,2,98,,26875,2468,,,2,99,,26876,2468,,,2,103,,26877,2468,,,2,103,,26878,2468,,,2,103,,26879,2468,,,2,96,,26882,2468,,,2,100,,26893,2468,,,2,100,,26892,2468,,,2,100,,26883,2468,,,2,97,,26886,2468,,,2,103,,26887,2468,,,2,101,,26888,2468,,,2,99,,26884,2468,,,2
5000,'SE',710,,26904,2468,,,2,30,,26900,2468,,,2,70,,26906,2468,,,2,33,,26909,2468,,,2,67,,26917,2468,,,2,100,,26920,2468,,,2,100,,26907,2468,,,2,100,,26902,2468,,,2,100,,26910,2468,,,2,99,,26895,2468,,,2,102,,26911,2468,,,2,28,,26921,2468,,,2,70,,26899,2468,,,2,34,,26922,2468,,,2,66,,26912,2468,,,2,30,,26896,2468,,,2,70,,26918,2468,,,2,31,,26901,2468,,,2,70,,26919,2468,,,2,100,,26897,2468,,,2,100,,26913,2468,,,2,100,,26898,2468,,,2,100,,26914,2468,,,2,100,,26915,2468,,,2,100,,26916,2468,,,2
6000,'SE',627,,27396,2447,,,1,84,,27397,2447,,,1,37,,27405,2447,,,1,87,,27398,2447,,,1,101,,27404,2447,,,1,100,,27394,2447,,,1,100,,27399,2447,,,1,100,,27395,2447,,,1,100,,27412,2447,,,1,100,,27407,2447,,,1,96,,27408,2447,,,1,70,,27403,2447,,,1,25,,27400,2447,,,1,24,,27401,2447,,,1,68,,27392,2447,,,1,28,,27409,2447,,,1,65,,27402,2447,,,1,30,,27406,2447,,,1,69,,27410,2447,,,1,99,,27391,2447,,,1,99,,27411,2447,,,1,100,,27389,2447,,,1,50,,27393,2447,,,1,100,,27390,2447,,,1
16000,'DI',658,,31058,2447,0,31 32,1,100,,31061,2447,0,31 32,1,100,,31064,2447,0,31 32,1,100,,31059,2447,0,31 32,1,100,,31065,2447,0,31 32,1,100,,31057,2447,0,31 32,1,100,,31066,2447,0,31 32,1,100,,31055,2447,0,31 32,1,100,,31053,2447,0,31 32,1,100,,31062,2447,0,31 32,1,100,,31060,2447,0,31 32,1,100,,31067,2447,0,31 32,1,100,,31063,2447,0,31 32,1,142,,31056,2447,0,31 32,1,58,,31054,2447,0,31 32,1
16000,'F1',658,,31075,2447,0,31 32,1,99,,31070,2447,0,31 32,1,101,,31069,2447,0,31 32,1,100,,31072,2447,0,31 32,1,100,,31076,2447,0,31 32,1,99,,16591,2447,0,31 32,1,101,,31073,2447,0,31 32,1,100,,31068,2447,0,31 32,1,100,,16592,2447,0,31 32,1,100,,31071,2447,0,31 32,1,100,,31074,2447,0,31 32,1,100,,16593,2447,0,31 32,1,100,,31077,2447,0,31 32,1,101,,16594,2447,0,31 32,1,99,,31078,2447,0,31 32,1
16000,'F2',658,,31083,2447,0,31 32,1,99,,31086,2447,0,31 32,1,101,,31082,2447,0,31 32,1,100,,31079,2447,0,31 32,1,100,,31085,2447,0,31 32,1,99,,31090,2447,0,31 32,1,101,,31080,2447,0,31 32,1,100,,31084,2447,0,31 32,1,100,,31091,2447,0,31 32,1,100,,31087,2447,0,31 32,1,100,,31081,2447,0,31 32,1,100,,31092,2447,0,31 32,1,100,,31088,2447,0,31 32,1,101,,31093,2447,0,31 32,1,99,,31089,2447,0,31 32,1
16000,'SA',658,,31098,2447,0,31 32,1,99,,16667,2447,0,31 32,1,101,,31097,2447,0,31 32,1,100,,31094,2447,0,31 32,1,100,,31100,2447,0,31 32,1,99,,31103,2447,0,31 32,1,101,,31095,2447,0,31 32,1,100,,31099,2447,0,31 32,1,100,,31104,2447,0,31 32,1,100,,16668,2447,0,31 32,1,100,,31096,2447,0,31 32,1,100,,31105,2447,0,31 32,1,100,,31101,2447,0,31 32,1,101,,31106,2447,0,31 32,1,99,,31102,2447,0,31 32,1
16000,'SE',612,,31113,2447,0,31 32,1,95,,31127,2447,0,31 32,1,38,,31112,2447,0,31 32,1,95,,31128,2447,0,31 32,1,89,,31124,2447,0,31 32,1,86,,31111,2447,0,31 32,1,100,,31114,2447,0,31 32,1,100,,31115,2447,0,31 32,1,100,,31110,2447,0,31 32,1,100,,31129,2447,0,31 32,1,98,,31108,2447,0,31 32,1,30,,31123,2447,0,31 32,1,68,,31116,2447,0,31 32,1,24,,31107,2447,0,31 32,1,70,,31117,2447,0,31 32,1,28,,31130,2447,0,31 32,1,70,,31109,2447,0,31 32,1,30,,31122,2447,0,31 32,1,70,,31118,2447,0,31 32,1,47,,31121,2447,0,31 32,1,100,,31119,2447,0,31 32,1,100,,31125,2447,0,31 32,1,92,,31120,2447,0,31 32,1,100,,31126,2447,0,31 32,1
54201,'SE',902,,32373,2533,,,2
66500,'SE',1611,,32451,1990,,,2
67000,'SE',1610,,32453,1990,,,2,1,,32454,1990,,,2,1,,32455,1990,,,2
69601,'SE',831,,32507,0,,,2,1,,32508,0,,,2
