6100,'DI',723,,27440,14212,,,2,89,,27444,14212,,,2,30,,27441,14212,,,2,70,,27447,14212,,,2,30,,27445,14212,,,2,70,,27442,14212,,,2,30,,27448,14212,,,2,70,,27450,14212,,,2,30,,27455,14212,,,2,70,,27460,14212,,,2,30,,27451,14212,,,2,70,,27456,14212,,,2,30,,27461,14212,,,2,70,,27452,14212,,,2,30,,27457,14212,,,2,70,,27463,14212,,,2,30,,27453,14212,,,2,74,,27458,14212,,,2,21,,27464,14212,,,2,75,,27467,14212,,,2,20,,27471,14212,,,2,80,,27465,14212,,,2,25,,27468,14212,,,2,70,,27472,14212,,,2,45,,27469,14212,,,2,100,,27473,14212,,,2,100,,27475,14212,,,2,100,,27477,14212,,,2,100,,27479,14212,,,2,100,,27480,14212,,,2
6100,'F1',723,,27481,14212,,,2,89,,27485,14212,,,2,30,,27482,14212,,,2,70,,27488,14212,,,2,30,,27486,14212,,,2,70,,27483,14212,,,2,30,,27489,14212,,,2,70,,27491,14212,,,2,30,,27496,14212,,,2,70,,27499,14212,,,2,30,,27492,14212,,,2,70,,27497,14212,,,2,30,,27500,14212,,,2,70,,27493,14212,,,2,30,,27502,14212,,,2,70,,27507,14212,,,2,30,,27494,14212,,,2,74,,27503,14212,,,2,21,,27508,14212,,,2,75,,27511,14212,,,2,20,,27504,14212,,,2,80,,27509,14212,,,2,25,,27512,14212,,,2,70,,27505,14212,,,2,45,,27514,14212,,,2,100,,27517,14212,,,2,100,,27515,14212,,,2,100,,27519,14212,,,2,100,,27518,14212,,,2,100,,27520,14212,,,2
6100,'F2',723,,27521,14212,,,2,89,,27525,14212,,,2,30,,27522,14212,,,2,70,,27528,14212,,,2,30,,27526,14212,,,2,70,,27523,14212,,,2,30,,27529,14212,,,2,70,,27531,14212,,,2,30,,27536,14212,,,2,70,,27539,14212,,,2,30,,27532,14212,,,2,70,,27537,14212,,,2,30,,27540,14212,,,2,70,,27533,14212,,,2,30,,27542,14212,,,2,70,,27547,14212,,,2,30,,27534,14212,,,2,74,,27543,14212,,,2,21,,27548,14212,,,2,75,,27551,14212,,,2,20,,27544,14212,,,2,80,,27549,14212,,,2,25,,27552,14212,,,2,70,,27545,14212,,,2,45,,27554,14212,,,2,100,,27557,14212,,,2,100,,27555,14212,,,2,100,,27559,14212,,,2,100,,27558,14212,,,2,100,,27560,14212,,,2
6100,'SA',723,,27561,14212,,,2,89,,27565,14212,,,2,30,,27562,14212,,,2,70,,27568,14212,,,2,30,,27566,14212,,,2,70,,27563,14212,,,2,30,,27569,14212,,,2,70,,27571,14212,,,2,30,,27576,14212,,,2,70,,27579,14212,,,2,30,,27572,14212,,,2,70,,27577,14212,,,2,30,,27580,14212,,,2,70,,27573,14212,,,2,30,,27582,14212,,,2,70,,27587,14212,,,2,30,,27574,14212,,,2,74,,27583,14212,,,2,21,,27588,14212,,,2,75,,27591,14212,,,2,20,,27584,14212,,,2,80,,27589,14212,,,2,25,,27592,14212,,,2,70,,27585,14212,,,2,45,,27594,14212,,,2,100,,27597,14212,,,2,100,,27595,14212,,,2,100,,27599,14212,,,2,100,,27598,14212,,,2,100,,27600,14212,,,2
6100,'SE',633,,27603,14212,,,2,68,,27601,14212,,,2,26,,27610,14212,,,2,9,,27615,14212,,,2,19,,27607,14212,,,2,65,,27604,14212,,,2,22,,27612,14212,,,2,15,,27617,14212,,,2,76,,27608,14212,,,2,70,,27605,14212,,,2,30,,27613,14212,,,2,72,,27657,14212,,,2,30,,27611,14212,,,2,70,,27618,14212,,,2,30,,27622,14212,,,2,70,,27619,14212,,,2,30,,27620,14212,,,2,73,,27624,14212,,,2,21,,27627,14212,,,2,27,,27632,14212,,,2,63,,27621,14212,,,2,20,,27623,14212,,,2,64,,27635,14212,,,2,4,,27638,14212,,,2,25,,27628,14212,,,2,7,,27630,14212,,,2,14,,27639,14212,,,2,53,,27640,14212,,,2,14,,27625,14212,,,2,15,,27644,14212,,,2,6,,27647,14212,,,2,17,,27636,14212,,,2,54,,27633,14212,,,2,24,,27649,14212,,,2,64,,27641,14212,,,2,28,,27652,14212,,,2,29,,27655,14212,,,2,70,,27645,14212,,,2,29,,27648,14212,,,2,70,,27656,14212,,,2,30,,27642,14212,,,2,68,,27653,14212,,,2,30,,27650,14212,,,2,69,,27646,14212,,,2,30,,27654,14212,,,2,70,,27651,14212,,,2
8001,'DI',654,,29388,4449,,,1,100,,29389,4449,,,1,100,,29390,4449,,,1,100,,29391,4449,,,1,100,,29392,4449,,,1,100,,29393,4449,,,1,100,,29394,4449,,,1,100,,29395,4449,,,1,100,,29396,4449,,,1,100,,29397,4449,,,1,100,,29398,4449,,,1,102,,29399,4449,,,1,98,,29400,4449,,,1,100,,29401,4449,,,1,100,,29402,4449,,,1,100,,29403,4449,,,1,100,,29404,4449,,,1,100,,29405,4449,,,1
8001,'F1',654,,29413,4449,,,1,100,,29414,4449,,,1,100,,29415,4449,,,1,100,,29416,4449,,,1,100,,29417,4449,,,1,102,,14023,4449,,,1,100,,29418,4449,,,1,100,,29419,4449,,,1,100,,29420,4449,,,1,100,,29421,4449,,,1,100,,29422,4449,,,1,100,,29423,4449,,,1,97,,29424,4449,,,1,100,,29409,4449,,,1,100,,29410,4449,,,1,100,,29407,4449,,,1,100,,29411,4449,,,1,100,,29408,4449,,,1
8001,'F2',654,,29425,4449,,,1,100,,29426,4449,,,1,100,,29427,4449,,,1,100,,29428,4449,,,1,100,,29429,4449,,,1,102,,29430,4449,,,1,100,,29431,4449,,,1,100,,29432,4449,,,1,100,,29433,4449,,,1,100,,29434,4449,,,1,100,,29435,4449,,,1,100,,29436,4449,,,1,97,,29437,4449,,,1,100,,29438,4449,,,1,100,,29439,4449,,,1,100,,29440,4449,,,1,100,,29441,4449,,,1,100,,29442,4449,,,1
8001,'SA',654,,29444,4449,,,1,100,,29445,4449,,,1,100,,29446,4449,,,1,100,,29447,4449,,,1,100,,29448,4449,,,1,102,,29449,4449,,,1,100,,29450,4449,,,1,100,,29451,4449,,,1,100,,29452,4449,,,1,100,,29453,4449,,,1,100,,29454,4449,,,1,100,,29455,4449,,,1,97,,29456,4449,,,1,100,,29457,4449,,,1,100,,29458,4449,,,1,100,,29459,4449,,,1,100,,29460,4449,,,1,100,,29461,4449,,,1
8001,'SE',551,,29484,4449,,,1,70,,29468,4449,,,1,36,,29464,4449,,,1,71,,29467,4449,,,1,30,,29465,4449,,,1,70,,29463,4449,,,1,31,,29485,4449,,,1,97,,29469,4449,,,1,100,,29470,4449,,,1,100,,29471,4449,,,1,100,,29472,4449,,,1,100,,29473,4449,,,1,100,,29474,4449,,,1,102,,29475,4449,,,1,65,,29476,4449,,,1,35,,29486,4449,,,1,70,,29477,4449,,,1,24,,29466,4449,,,1,88,,29478,4449,,,1,92,,14127,4449,,,1,100,,29479,4449,,,1,99,,29480,4449,,,1,100,,29481,4449,,,1,100,,29482,4449,,,1
16100,'DI',633,,31230,17358,,,2,1172,,31229,17358,,,2
16100,'F1',633,,31242,17358,,,2,1102,,31241,17358,,,2
16100,'F2',633,,31254,17358,,,2,1102,,31255,17358,,,2
16100,'SA',633,,31267,17358,,,2,1102,,31268,17358,,,2
16100,'SE',712,,31282,17247,,,2,25,,31283,17247,,,2,65,,31281,17247,,,2,421,,31285,17358,,,2,392,,31287,17358,,,2,41,,31288,17358,,,2,80,,31284,17358,,,2,100,,31286,17358,,,2
18001,'SE',639,,31400,5269,,,2,64,,31404,5269,,,2,13,,31403,5269,,,2,18,,31405,5269,,,2,12,,31402,5269,,,2,58,,31401,5269,,,2,18,,31398,5269,,,2,815,,31407,5269,,,2,71,,31408,5269,,,2,30,,31399,5269,,,2,64,,31406,5269,,,2
