2200,'F1',632,,24518,8571,,,2,92,,24520,8571,,,2,25,,24519,8571,,,2,893,,24521,8571,,,2,80,,24523,8571,,,2,20,,24517,8571,,,2,70,,24522,8571,,,2,40,,24524,8571,,,2
2200,'SE',632,,24525,8571,,,2,92,,24527,8571,,,2,25,,24526,8571,,,2,893,,24530,8571,,,2,80,,24528,8571,,,2,20,,24532,8571,,,2,70,,24531,8571,,,2,40,,24529,8571,,,2
2500,'DI',713,,24631,11068,,,2
2500,'F1',713,,24632,11068,,,2
2500,'F2',713,,24633,11068,,,2
2500,'SA',713,,24634,11068,,,2
2500,'SE',538,,24636,11068,,,2,70,,24637,11068,,,2,29,,24656,11068,,,2,19,,24655,11068,,,2,61,,24651,11068,,,2,19,,24638,11068,,,2,71,,24640,11068,,,2,28,,24641,11068,,,2,74,,24639,11068,,,2,30,,24635,11068,,,2,470,,24642,11068,,,2,30,,24643,11068,,,2,69,,24659,11068,,,2,13,,24658,11068,,,2,18,,24657,11068,,,2,72,,24644,11068,,,2,31,,24647,11068,,,2,69,,24649,11068,,,2,30,,24652,11068,,,2,69,,24648,11068,,,2,28,,24650,11068,,,2,70,,24646,11068,,,2,335,,24654,11068,,,2,83,,24660,11068,,,2,15,,24653,11068,,,2,85,,24645,11068,,,2
16100,'DI',620,,31230,12272,,,2,30,,31218,12272,0,11 12,2,70,,31228,12272,0,11 12,2,30,,31221,12272,0,11 12,2,70,,31222,12272,0,11 12,2,30,,31224,12272,0,11 12,2,702,,31219,12272,0,11 12,2,68,,31223,12272,0,11 12,2,32,,31220,12272,0,11 12,2,70,,31226,12272,0,11 12,2,30,,31229,12272,,,2,72,,31225,12272,0,11 12,2,30,,31227,12272,0,11 12,2
16100,'F1',620,,31242,12272,,,2,30,,31232,12272,0,11 12,2,70,,31237,12272,0,11 12,2,30,,31231,12272,0,11 12,2,70,,16848,12272,0,11 12,2,30,,31234,12272,0,11 12,2,700,,31239,12272,0,11 12,2,71,,31240,12272,0,11 12,2,31,,31236,12272,0,11 12,2,70,,31241,12272,,,2,31,,31238,12272,0,11 12,2,71,,31233,12272,0,11 12,2,29,,31235,12272,0,11 12,2
16100,'F2',620,,31254,12272,,,2,30,,31247,12272,0,11 12,2,70,,31248,12272,0,11 12,2,30,,31245,12272,0,11 12,2,70,,31251,12272,0,11 12,2,30,,31249,12272,0,11 12,2,700,,31246,12272,0,11 12,2,71,,31243,12272,0,11 12,2,31,,31252,12272,0,11 12,2,70,,31255,12272,,,2,31,,31244,12272,0,11 12,2,71,,31253,12272,0,11 12,2,29,,31250,12272,0,11 12,2
16100,'SA',620,,31267,12272,,,2,30,,31260,12272,0,11 12,2,70,,31261,12272,0,11 12,2,30,,31258,12272,0,11 12,2,70,,31264,12272,0,11 12,2,30,,31262,12272,0,11 12,2,700,,31259,12272,0,11 12,2,71,,31256,12272,0,11 12,2,31,,31265,12272,0,11 12,2,70,,31268,12272,,,2,31,,31257,12272,0,11 12,2,71,,31266,12272,0,11 12,2,29,,31263,12272,0,11 12,2
16100,'SE',658,,31282,12161,,,2,65,,31283,12161,,,2,25,,31281,12161,,,2,62,,31270,12161,0,11 12,2,21,,31271,12161,0,11 12,2,17,,31269,12161,0,11 12,2,362,,31285,12272,,,2,299,,31274,12272,0,11 12,2,30,,31279,12272,0,11 12,2,20,,31287,12272,,,2,61,,31276,12272,0,11 12,2,20,,31288,12272,,,2,61,,31272,12272,0,11 12,2,18,,31284,12272,,,2,21,,31277,12272,0,11 12,2,60,,31275,12272,0,11 12,2,19,,31286,12272,,,2,21,,31280,12272,0,11 12,2,19,,31278,12272,0,11 12,2,60,,31273,12272,0,11 12,2
