800,'DI',625,,21738,17742,,,1,34,,21733,17742,,,1,70,,2441,17742,,,1,30,,2447,17742,,,1,70,,21739,17742,,,1,30,,21734,17742,,,1,76,,2442,17742,,,1,70,,2448,17742,,,1,30,,21740,17742,,,1,70,,21735,17742,,,1,30,,2443,17742,,,1,70,,2449,17742,,,1,32,,21741,17742,,,1,70,,2436,17742,,,1,30,,2444,17742,,,1,70,,2450,17742,,,1,30,,21742,17742,,,1,70,,21736,17742,,,1,30,,2445,17742,,,1,69,,21745,17742,,,1,30,,21743,17742,,,1,70,,21737,17742,,,1,25,,2446,17742,,,1,70,,21746,17742,,,1,32,,21744,17742,,,1,83,,2437,17742,,,1,98,,21747,17742,,,1,100,,2438,17742,,,1,99,,21748,17742,,,1,100,,2439,17742,,,1,100,,21749,17742,,,1
800,'F1',627,,21771,17742,,,1,30,,21755,17742,,,1,72,,21759,17742,,,1,30,,21769,17742,,,1,72,,21772,17742,,,1,70,,21756,17742,,,1,30,,21760,17742,,,1,74,,21770,17742,,,1,30,,21773,17742,,,1,72,,21757,17742,,,1,30,,21750,17742,,,1,70,,21778,17742,,,1,28,,21774,17742,,,1,72,,21758,17742,,,1,30,,21751,17742,,,1,70,,21779,17742,,,1,30,,21775,17742,,,1,70,,21782,17742,,,1,28,,21752,17742,,,1,70,,21780,17742,,,1,30,,21776,17742,,,1,70,,21783,17742,,,1,30,,21753,17742,,,1,70,,21781,17742,,,1,30,,21777,17742,,,1,68,,21761,17742,,,1,30,,21754,17742,,,1,86,,21765,17742,,,1,96,,21762,17742,,,1,100,,21766,17742,,,1,100,,21763,17742,,,1,100,,21767,17742,,,1
800,'F2',627,,21805,17742,,,1,30,,21788,17742,,,1,72,,21801,17742,,,1,30,,21803,17742,,,1,72,,21806,17742,,,1,70,,21789,17742,,,1,30,,21802,17742,,,1,74,,21804,17742,,,1,30,,21807,17742,,,1,72,,21790,17742,,,1,30,,21796,17742,,,1,70,,21812,17742,,,1,28,,21808,17742,,,1,72,,21791,17742,,,1,30,,21797,17742,,,1,70,,21813,17742,,,1,30,,21809,17742,,,1,70,,21816,17742,,,1,28,,21798,17742,,,1,70,,21814,17742,,,1,30,,21810,17742,,,1,70,,21817,17742,,,1,30,,21799,17742,,,1,70,,21815,17742,,,1,30,,21811,17742,,,1,68,,21784,17742,,,1,30,,21800,17742,,,1,86,,21792,17742,,,1,96,,21785,17742,,,1,100,,21793,17742,,,1,100,,21786,17742,,,1,100,,21794,17742,,,1
800,'SA',627,,21839,17742,,,1,30,,21822,17742,,,1,72,,21835,17742,,,1,30,,21837,17742,,,1,72,,21840,17742,,,1,70,,21823,17742,,,1,30,,21836,17742,,,1,74,,21838,17742,,,1,30,,21841,17742,,,1,72,,21824,17742,,,1,30,,21830,17742,,,1,70,,21846,17742,,,1,28,,21842,17742,,,1,72,,21825,17742,,,1,30,,21831,17742,,,1,70,,21847,17742,,,1,30,,21843,17742,,,1,70,,2660,17742,,,1,28,,21832,17742,,,1,70,,21848,17742,,,1,30,,21844,17742,,,1,70,,2661,17742,,,1,30,,21833,17742,,,1,70,,21849,17742,,,1,30,,21845,17742,,,1,68,,21818,17742,,,1,30,,21834,17742,,,1,86,,21826,17742,,,1,96,,21819,17742,,,1,100,,21827,17742,,,1,100,,21820,17742,,,1,100,,21828,17742,,,1
800,'SE',533,,21884,17742,,,1,68,,21886,17742,,,1,22,,21893,17742,,,1,85,,21850,17742,,,1,25,,21865,17742,,,1,2,,21866,17742,,,1,6,,21885,17742,,,1,61,,21887,17742,,,1,19,,21878,17742,,,1,13,,21853,17742,,,1,15,,21854,17742,,,1,55,,21857,17742,,,1,15,,21851,17742,,,1,17,,21867,17742,,,1,15,,21863,17742,,,1,53,,21888,17742,,,1,15,,21859,17742,,,1,15,,21912,17742,,,1,15,,21855,17742,,,1,55,,21858,17742,,,1,15,,21852,17742,,,1,15,,21864,17742,,,1,15,,21868,17742,,,1,57,,21896,17742,,,1,15,,21889,17742,,,1,15,,21897,17742,,,1,15,,21871,17742,,,1,55,,21915,17742,,,1,15,,21916,17742,,,1,15,,21913,17742,,,1,15,,21902,17742,,,1,55,,21900,17742,,,1,15,,21879,17742,,,1,16,,21860,17742,,,1,15,,21898,17742,,,1,58,,21856,17742,,,1,15,,21914,17742,,,1,17,,21901,17742,,,1,14,,21910,17742,,,1,44,,21872,17742,,,1,13,,21869,17742,,,1,15,,21905,17742,,,1,15,,21904,17742,,,1,15,,21890,17742,,,1,55,,21861,17742,,,1,12,,21899,17742,,,1,12,,21917,17742,,,1,13,,21903,17742,,,1,51,,21883,17742,,,1,9,,21882,17742,,,1,12,,21911,17742,,,1,8,,21870,17742,,,1,12,,21906,17742,,,1,12,,21876,17742,,,1,47,,21877,17742,,,1,10,,21894,17742,,,1,10,,21862,17742,,,1,20,,21880,17742,,,1,67,,21907,17742,,,1,28,,21891,17742,,,1,68,,21895,17742,,,1,28,,21881,17742,,,1,70,,21908,17742,,,1,30,,21892,17742,,,1,85,,21873,17742,,,1,100,,21909,17742,,,1
9801,'SE',731,,30380,9165,,,2,874,,30381,9165,,,2,32,,30384,9165,,,2,66,,30383,9165,,,2,31,,30378,9165,,,2,66,,30379,9165,,,2,30,,30382,9165,,,2
9901,'DI',912,,30496,16147,,,2,100,,30492,16147,,,2,100,,30484,16147,,,2,102,,30489,16147,,,2,100,,30482,16147,,,2,100,,30485,16147,,,2,100,,30497,16147,,,2,100,,30494,16147,,,2,100,,30491,16147,,,2,98,,30493,16147,,,2,104,,30488,16147,,,2,96,,30486,16147,,,2,100,,30487,16147,,,2,100,,30495,16147,,,2,100,,30498,16147,,,2
9901,'F1',807,,30511,16147,,,2,105,,30503,16147,,,2,98,,30500,16147,,,2,102,,15726,16147,,,2,102,,30508,16147,,,2,100,,30499,16147,,,2,100,,30510,16147,,,2,100,,30514,16147,,,2,98,,30509,16147,,,2,102,,30501,16147,,,2,98,,30515,16147,,,2,100,,30512,16147,,,2,100,,30507,16147,,,2,100,,30505,16147,,,2,100,,30513,16147,,,2,100,,30504,16147,,,2,100,,30516,16147,,,2
9901,'F2',807,,30521,16147,,,2,105,,30520,16147,,,2,98,,30532,16147,,,2,102,,30522,16147,,,2,102,,30528,16147,,,2,100,,30533,16147,,,2,100,,30523,16147,,,2,100,,30527,16147,,,2,98,,30524,16147,,,2,102,,30529,16147,,,2,98,,30534,16147,,,2,100,,30518,16147,,,2,100,,30525,16147,,,2,100,,30530,16147,,,2,100,,30519,16147,,,2,100,,30526,16147,,,2,100,,30517,16147,,,2
9901,'SA',807,,30540,16147,,,2,105,,30539,16147,,,2,98,,30551,16147,,,2,102,,30541,16147,,,2,102,,30547,16147,,,2,100,,30552,16147,,,2,100,,30542,16147,,,2,100,,30546,16147,,,2,98,,30543,16147,,,2,102,,30548,16147,,,2,98,,30553,16147,,,2,100,,30537,16147,,,2,100,,30544,16147,,,2,100,,30549,16147,,,2,100,,30538,16147,,,2,100,,30545,16147,,,2,100,,30536,16147,,,2
9901,'SE',911,,30577,16147,,,2,100,,30570,16147,,,2,100,,30563,16147,,,2,100,,30562,16147,,,2,101,,30564,16147,,,2,100,,30566,16147,,,2,98,,30571,16147,,,2,97,,30580,16147,,,2,30,,30578,16147,,,2,66,,30582,16147,,,2,38,,30576,16147,,,2,69,,30579,16147,,,2,27,,30581,16147,,,2,76,,30565,16147,,,2,98,,30568,16147,,,2,100,,30567,16147,,,2,100,,30572,16147,,,2,100,,30574,16147,,,2,100,,30569,16147,,,2
16001,'DI',556,,31137,6117,0,31 32,1,99,,31132,6117,0,31 32,1,100,,31138,6117,0,31 32,1,100,,31141,6117,0,31 32,1,100,,31144,6117,0,31 32,1,100,,31139,6117,0,31 32,1,100,,31145,6117,0,31 32,1,100,,31136,6117,0,31 32,1,100,,31146,6117,0,31 32,1,100,,31134,6117,0,31 32,1,100,,31131,6117,0,31 32,1,100,,31142,6117,0,31 32,1,100,,31140,6117,0,31 32,1,100,,31147,6117,0,31 32,1,100,,31143,6117,0,31 32,1,103,,31135,6117,0,31 32,1,97,,31133,6117,0,31 32,1
16001,'F1',557,,31153,6117,0,31 32,1,99,,31152,6117,0,31 32,1,99,,31157,6117,0,31 32,1,100,,31150,6117,0,31 32,1,99,,31149,6117,0,31 32,1,101,,31154,6117,0,31 32,1,100,,31158,6117,0,31 32,1,100,,16717,6117,0,31 32,1,100,,31155,6117,0,31 32,1,100,,31148,6117,0,31 32,1,100,,16718,6117,0,31 32,1,100,,31151,6117,0,31 32,1,100,,31156,6117,0,31 32,1,101,,16719,6117,0,31 32,1,99,,31159,6117,0,31 32,1,103,,16720,6117,0,31 32,1,97,,31160,6117,0,31 32,1
16001,'F2',557,,31169,6117,0,31 32,1,99,,31167,6117,0,31 32,1,99,,31165,6117,0,31 32,1,100,,31170,6117,0,31 32,1,99,,31164,6117,0,31 32,1,101,,31161,6117,0,31 32,1,100,,31168,6117,0,31 32,1,100,,31174,6117,0,31 32,1,100,,31162,6117,0,31 32,1,100,,31166,6117,0,31 32,1,100,,31175,6117,0,31 32,1,100,,31171,6117,0,31 32,1,100,,31163,6117,0,31 32,1,101,,31176,6117,0,31 32,1,99,,31172,6117,0,31 32,1,103,,31177,6117,0,31 32,1,97,,31173,6117,0,31 32,1
16001,'SA',557,,31186,6117,0,31 32,1,99,,31184,6117,0,31 32,1,99,,31182,6117,0,31 32,1,100,,16801,6117,0,31 32,1,99,,31181,6117,0,31 32,1,101,,31178,6117,0,31 32,1,100,,31185,6117,0,31 32,1,100,,31189,6117,0,31 32,1,100,,31179,6117,0,31 32,1,100,,31183,6117,0,31 32,1,100,,31190,6117,0,31 32,1,100,,16802,6117,0,31 32,1,100,,31180,6117,0,31 32,1,101,,31191,6117,0,31 32,1,99,,31187,6117,0,31 32,1,103,,31192,6117,0,31 32,1,97,,31188,6117,0,31 32,1
16001,'SE',608,,31196,6117,0,31 32,1,28,,31197,6117,0,31 32,1,66,,31201,6117,0,31 32,1,27,,31203,6117,0,31 32,1,24,,31213,6117,0,31 32,1,63,,31215,6117,0,31 32,1,28,,31200,6117,0,31 32,1,84,,31214,6117,0,31 32,1,98,,31211,6117,0,31 32,1,93,,31199,6117,0,31 32,1,100,,31202,6117,0,31 32,1,100,,31204,6117,0,31 32,1,100,,31198,6117,0,31 32,1,99,,31216,6117,0,31 32,1,92,,31194,6117,0,31 32,1,97,,31205,6117,0,31 32,1,30,,31193,6117,0,31 32,1,68,,31206,6117,0,31 32,1,25,,31217,6117,0,31 32,1,26,,31195,6117,0,31 32,1,100,,31207,6117,0,31 32,1,100,,31210,6117,0,31 32,1,102,,31208,6117,0,31 32,1,100,,31212,6117,0,31 32,1,90,,31209,6117,0,31 32,1
