1001,'DI',636,,22286,4601,,,1,67,,22260,4601,,,1,30,,22287,4601,,,1,70,,22285,4601,,,1,30,,22278,4601,,,1,78,,22261,4601,,,1,30,,22279,4601,,,1,70,,22262,4601,,,1,30,,22280,4601,,,1,70,,22263,4601,,,1,30,,22281,4601,,,1,70,,22264,4601,,,1,30,,22282,4601,,,1,70,,22265,4601,,,1,30,,22283,4601,,,1,70,,22266,4601,,,1,30,,22284,4601,,,1,70,,22267,4601,,,1,30,,22288,4601,,,1,70,,22268,4601,,,1,30,,22289,4601,,,1,70,,22269,4601,,,1,30,,22290,4601,,,1,70,,22270,4601,,,1,30,,22291,4601,,,1,81,,22271,4601,,,1,100,,22272,4601,,,1,100,,22273,4601,,,1,100,,22274,4601,,,1,100,,22275,4601,,,1,100,,22276,4601,,,1
1001,'F1',535,,22304,4601,,,1,96,,22305,4601,,,1,70,,22303,4601,,,1,30,,22292,4601,,,1,70,,22307,4601,,,1,30,,22306,4601,,,1,78,,22293,4601,,,1,31,,22320,4601,,,1,70,,22294,4601,,,1,30,,22321,4601,,,1,70,,22295,4601,,,1,30,,22322,4601,,,1,70,,22296,4601,,,1,32,,22323,4601,,,1,70,,22297,4601,,,1,30,,22324,4601,,,1,70,,22308,4601,,,1,30,,22299,4601,,,1,70,,22309,4601,,,1,30,,22300,4601,,,1,70,,22310,4601,,,1,30,,22301,4601,,,1,69,,22311,4601,,,1,31,,22302,4601,,,1,70,,22312,4601,,,1,30,,22298,4601,,,1,81,,22313,4601,,,1,100,,22314,4601,,,1,100,,22315,4601,,,1,100,,22316,4601,,,1,100,,22317,4601,,,1,100,,22318,4601,,,1
1001,'F2',535,,22335,4601,,,1,96,,22336,4601,,,1,70,,22331,4601,,,1,30,,22325,4601,,,1,70,,22338,4601,,,1,30,,22337,4601,,,1,78,,22347,4601,,,1,31,,22346,4601,,,1,70,,22348,4601,,,1,30,,22354,4601,,,1,70,,22349,4601,,,1,30,,22355,4601,,,1,70,,22339,4601,,,1,32,,22356,4601,,,1,70,,22340,4601,,,1,30,,22357,4601,,,1,70,,22341,4601,,,1,30,,22326,4601,,,1,70,,22342,4601,,,1,30,,22327,4601,,,1,70,,22343,4601,,,1,30,,22328,4601,,,1,69,,22344,4601,,,1,31,,22329,4601,,,1,70,,22345,4601,,,1,30,,22330,4601,,,1,81,,22350,4601,,,1,100,,22351,4601,,,1,100,,22352,4601,,,1,100,,22353,4601,,,1,100,,22332,4601,,,1,100,,22333,4601,,,1
1001,'SA',535,,22368,4601,,,1,96,,22369,4601,,,1,70,,22364,4601,,,1,30,,22358,4601,,,1,70,,22371,4601,,,1,30,,22370,4601,,,1,78,,22380,4601,,,1,31,,22379,4601,,,1,70,,22381,4601,,,1,30,,22387,4601,,,1,70,,22382,4601,,,1,30,,22388,4601,,,1,70,,22372,4601,,,1,32,,22389,4601,,,1,70,,22373,4601,,,1,30,,22390,4601,,,1,70,,22374,4601,,,1,30,,22359,4601,,,1,70,,22375,4601,,,1,30,,22360,4601,,,1,70,,22376,4601,,,1,30,,22361,4601,,,1,69,,22377,4601,,,1,31,,22362,4601,,,1,70,,22378,4601,,,1,30,,22363,4601,,,1,81,,22383,4601,,,1,100,,22384,4601,,,1,100,,22385,4601,,,1,100,,22386,4601,,,1,100,,22365,4601,,,1,100,,22366,4601,,,1
1701,'DI',553,,23416,4736,,,1,100,,23419,4736,,,1,70,,23412,4736,,,1,30,,23402,4736,,,1,70,,23408,4736,,,1,30,,23417,4736,,,1,70,,23430,4736,,,1,30,,23420,4736,,,1,70,,23425,4736,,,1,30,,23403,4736,,,1,70,,23427,4736,,,1,30,,23414,4736,,,1,70,,23423,4736,,,1,30,,23431,4736,,,1,70,,23409,4736,,,1,30,,23426,4736,,,1,70,,23415,4736,,,1,30,,23413,4736,,,1,70,,23429,4736,,,1,29,,23421,4736,,,1,70,,23404,4736,,,1,31,,23411,4736,,,1,70,,23405,4736,,,1,30,,23400,4736,,,1,71,,23406,4736,,,1,30,,23399,4736,,,1,99,,23428,4736,,,1,100,,23422,4736,,,1,100,,23407,4736,,,1,100,,23424,4736,,,1,100,,23410,4736,,,1,100,,23401,4736,,,1
1701,'F1',554,,23460,4736,,,1,100,,23439,4736,,,1,70,,23461,4736,,,1,30,,23452,4736,,,1,70,,23442,4736,,,1,30,,23455,4736,,,1,70,,23459,4736,,,1,30,,23450,4736,,,1,70,,23446,4736,,,1,30,,23462,4736,,,1,70,,23440,4736,,,1,30,,23453,4736,,,1,70,,23449,4736,,,1,30,,23463,4736,,,1,70,,23443,4736,,,1,30,,23454,4736,,,1,70,,23435,4736,,,1,30,,23456,4736,,,1,70,,23441,4736,,,1,30,,23464,4736,,,1,70,,23444,4736,,,1,29,,23432,4736,,,1,70,,23447,4736,,,1,31,,23433,4736,,,1,70,,23448,4736,,,1,31,,23434,4736,,,1,99,,23445,4736,,,1,100,,23436,4736,,,1,100,,23457,4736,,,1,100,,23437,4736,,,1,100,,23458,4736,,,1,100,,23438,4736,,,1
1701,'F2',554,,23492,4736,,,1,100,,23486,4736,,,1,70,,23481,4736,,,1,30,,23496,4736,,,1,70,,23468,4736,,,1,30,,23480,4736,,,1,70,,23493,4736,,,1,30,,23478,4736,,,1,70,,23467,4736,,,1,30,,23487,4736,,,1,70,,23469,4736,,,1,30,,23473,4736,,,1,70,,23465,4736,,,1,30,,23475,4736,,,1,70,,23482,4736,,,1,30,,23488,4736,,,1,70,,23494,4736,,,1,30,,23474,4736,,,1,70,,23495,4736,,,1,30,,23483,4736,,,1,70,,23490,4736,,,1,29,,23489,4736,,,1,70,,23470,4736,,,1,31,,23472,4736,,,1,70,,23471,4736,,,1,31,,23476,4736,,,1,99,,23491,4736,,,1,100,,23484,4736,,,1,100,,23479,4736,,,1,100,,23477,4736,,,1,100,,23466,4736,,,1,100,,23497,4736,,,1
1701,'SA',554,,23523,4736,,,1,100,,23517,4736,,,1,70,,23513,4736,,,1,30,,23527,4736,,,1,70,,23501,4736,,,1,30,,5087,4736,,,1,70,,23524,4736,,,1,30,,23511,4736,,,1,70,,23500,4736,,,1,30,,23518,4736,,,1,70,,23502,4736,,,1,30,,23506,4736,,,1,70,,23498,4736,,,1,30,,23508,4736,,,1,70,,23514,4736,,,1,30,,23519,4736,,,1,70,,23525,4736,,,1,30,,23507,4736,,,1,70,,23526,4736,,,1,30,,23515,4736,,,1,70,,23521,4736,,,1,29,,23520,4736,,,1,70,,23503,4736,,,1,31,,23505,4736,,,1,70,,23504,4736,,,1,31,,23509,4736,,,1,99,,23522,4736,,,1,100,,5098,4736,,,1,100,,23512,4736,,,1,100,,23510,4736,,,1,100,,23499,4736,,,1,100,,23528,4736,,,1
7601,'SE',506,,29039,1854,,,1,30,,29041,1854,,,1,70,,29048,1854,,,1,24,,29035,1854,,,1,21,,29031,1854,,,1,60,,29062,1854,,,1,19,,29037,1854,,,1,4,,29053,1854,,,1,5,,29032,1854,,,1,15,,29063,1854,,,1,61,,29049,1854,,,1,23,,29029,1854,,,1,66,,29064,1854,,,1,30,,29025,1854,,,1,70,,29036,1854,,,1,30,,29028,1854,,,1,70,,29067,1854,,,1,30,,29026,1854,,,1,70,,29030,1854,,,1,30,,29043,1854,,,1,70,,29045,1854,,,1,30,,29033,1854,,,1,70,,29054,1854,,,1,32,,29068,1854,,,1,74,,29055,1854,,,1,26,,29044,1854,,,1,72,,29040,1854,,,1,33,,29056,1854,,,1,64,,29034,1854,,,1,17,,29042,1854,,,1,20,,29070,1854,,,1,61,,29069,1854,,,1,17,,29047,1854,,,1,20,,29065,1854,,,1,66,,29061,1854,,,1,30,,29046,1854,,,1,70,,29038,1854,,,1,30,,29050,1854,,,1,70,,29057,1854,,,1,30,,29051,1854,,,1,70,,29058,1854,,,1,29,,29052,1854,,,1,70,,29059,1854,,,1,30,,29027,1854,,,1,70,,29060,1854,,,1,30,,29066,1854,,,1
57201,'SE',840,,32392,948,,,2
67601,'SE',739,,32470,3099,,,2
