601,'DI',606,,21580,2288,,,1,30,,21586,2288,,,1,70,,21598,2288,,,1,30,,21593,2288,,,1,70,,21589,2288,,,1,30,,21587,2288,,,1,70,,21572,2288,,,1,30,,21576,2288,,,1,73,,21590,2288,,,1,30,,21584,2288,,,1,70,,21573,2288,,,1,30,,2206,2288,,,1,70,,2212,2288,,,1,33,,21574,2288,,,1,70,,21577,2288,,,1,30,,21583,2288,,,1,70,,21575,2288,,,1,30,,21585,2288,,,1,70,,21581,2288,,,1,30,,21578,2288,,,1,70,,21591,2288,,,1,30,,21599,2288,,,1,70,,21594,2288,,,1,29,,21592,2288,,,1,70,,21600,2288,,,1,30,,21595,2288,,,1,100,,21582,2288,,,1,100,,21597,2288,,,1,100,,21588,2288,,,1,100,,21579,2288,,,1,100,,21571,2288,,,1,100,,21596,2288,,,1
601,'F1',606,,21614,2288,,,1,30,,21604,2288,,,1,70,,21625,2288,,,1,30,,21617,2288,,,1,70,,21615,2288,,,1,30,,21605,2288,,,1,74,,2242,2288,,,1,26,,21618,2288,,,1,75,,21601,2288,,,1,23,,2243,2288,,,1,75,,21627,2288,,,1,26,,21620,2288,,,1,70,,21628,2288,,,1,38,,21621,2288,,,1,70,,21626,2288,,,1,29,,21602,2288,,,1,70,,21622,2288,,,1,30,,21609,2288,,,1,70,,21603,2288,,,1,30,,21606,2288,,,1,70,,21610,2288,,,1,30,,21623,2288,,,1,70,,21607,2288,,,1,29,,21611,2288,,,1,70,,21624,2288,,,1,30,,21608,2288,,,1,100,,21616,2288,,,1,100,,21629,2288,,,1,100,,21612,2288,,,1,100,,21613,2288,,,1,100,,21630,2288,,,1,100,,21619,2288,,,1
601,'F2',606,,21646,2288,,,1,30,,21642,2288,,,1,70,,21662,2288,,,1,30,,21651,2288,,,1,70,,21647,2288,,,1,30,,21643,2288,,,1,74,,21648,2288,,,1,26,,21652,2288,,,1,75,,21661,2288,,,1,23,,21649,2288,,,1,75,,21658,2288,,,1,26,,21644,2288,,,1,70,,21637,2288,,,1,38,,21645,2288,,,1,70,,21638,2288,,,1,29,,21631,2288,,,1,70,,21653,2288,,,1,30,,21639,2288,,,1,70,,21632,2288,,,1,30,,21654,2288,,,1,70,,21640,2288,,,1,30,,21633,2288,,,1,70,,21655,2288,,,1,29,,21641,2288,,,1,70,,21634,2288,,,1,30,,21656,2288,,,1,100,,21659,2288,,,1,100,,21650,2288,,,1,100,,21635,2288,,,1,100,,21636,2288,,,1,100,,21660,2288,,,1,100,,21657,2288,,,1
601,'SA',606,,21678,2288,,,1,30,,21674,2288,,,1,70,,21694,2288,,,1,30,,21683,2288,,,1,70,,21679,2288,,,1,30,,21675,2288,,,1,74,,21680,2288,,,1,26,,21684,2288,,,1,75,,21693,2288,,,1,23,,21681,2288,,,1,75,,21690,2288,,,1,26,,21676,2288,,,1,70,,21669,2288,,,1,38,,21677,2288,,,1,70,,21670,2288,,,1,29,,21663,2288,,,1,70,,21685,2288,,,1,30,,21671,2288,,,1,70,,21664,2288,,,1,30,,21686,2288,,,1,70,,21672,2288,,,1,30,,21665,2288,,,1,70,,21687,2288,,,1,29,,21673,2288,,,1,70,,21666,2288,,,1,30,,21688,2288,,,1,100,,21691,2288,,,1,100,,21682,2288,,,1,100,,21667,2288,,,1,100,,21668,2288,,,1,100,,21692,2288,,,1,100,,21689,2288,,,1
601,'SE',520,,21712,2288,,,1,30,,21704,2288,,,1,71,,21713,2288,,,1,30,,21696,2288,,,1,64,,21716,2288,,,1,37,,21723,2288,,,1,70,,21719,2288,,,1,32,,21717,2288,,,1,68,,21718,2288,,,1,30,,21711,2288,,,1,70,,21697,2288,,,1,30,,21706,2288,,,1,70,,21730,2288,,,1,30,,21721,2288,,,1,70,,21722,2288,,,1,30,,21727,2288,,,1,70,,21725,2288,,,1,30,,21707,2288,,,1,70,,21705,2288,,,1,30,,21702,2288,,,1,70,,21700,2288,,,1,26,,21728,2288,,,1,78,,21726,2288,,,1,27,,21703,2288,,,1,72,,21720,2288,,,1,25,,21714,2288,,,1,72,,21698,2288,,,1,30,,21695,2288,,,1,69,,21701,2288,,,1,30,,21724,2288,,,1,70,,21715,2288,,,1,30,,21708,2288,,,1,70,,21729,2288,,,1,30,,21699,2288,,,1,99,,21709,2288,,,1,100,,21731,2288,,,1,100,,21710,2288,,,1
1501,'DI',649,,22796,2151,,,1,100,,22793,2151,,,1,100,,22790,2151,,,1,100,,22803,2151,,,1,101,,22808,2151,,,1,100,,22801,2151,,,1,100,,22797,2151,,,1,100,,22791,2151,,,1,100,,22805,2151,,,1,100,,22792,2151,,,1,100,,22800,2151,,,1,100,,22798,2151,,,1,100,,22802,2151,,,1,99,,22806,2151,,,1,100,,22804,2151,,,1,100,,22799,2151,,,1,100,,22794,2151,,,1,100,,22807,2151,,,1,100,,22795,2151,,,1
1501,'F1',649,,22810,2151,,,1,100,,22816,2151,,,1,100,,22825,2151,,,1,100,,22817,2151,,,1,100,,22819,2151,,,1,100,,22818,2151,,,1,100,,22826,2151,,,1,101,,22811,2151,,,1,100,,22820,2151,,,1,102,,22812,2151,,,1,98,,22809,2151,,,1,100,,22822,2151,,,1,100,,22827,2151,,,1,99,,22813,2151,,,1,100,,22814,2151,,,1,100,,22823,2151,,,1,100,,22815,2151,,,1,100,,22824,2151,,,1,100,,22821,2151,,,1
1501,'F2',649,,22843,2151,,,1,100,,22837,2151,,,1,100,,22831,2151,,,1,100,,22844,2151,,,1,100,,22829,2151,,,1,100,,22828,2151,,,1,100,,22840,2151,,,1,101,,22835,2151,,,1,100,,22839,2151,,,1,102,,22836,2151,,,1,98,,22832,2151,,,1,100,,22838,2151,,,1,100,,22841,2151,,,1,99,,22842,2151,,,1,100,,22830,2151,,,1,100,,22845,2151,,,1,100,,22833,2151,,,1,100,,22846,2151,,,1,100,,22834,2151,,,1
1501,'SA',649,,22862,2151,,,1,100,,22856,2151,,,1,100,,22850,2151,,,1,100,,22863,2151,,,1,100,,22848,2151,,,1,100,,22847,2151,,,1,100,,22859,2151,,,1,101,,22854,2151,,,1,100,,22858,2151,,,1,102,,22855,2151,,,1,98,,22851,2151,,,1,100,,22857,2151,,,1,100,,22860,2151,,,1,99,,22861,2151,,,1,100,,22849,2151,,,1,100,,22864,2151,,,1,100,,22852,2151,,,1,100,,22865,2151,,,1,100,,22853,2151,,,1
1501,'SE',513,,22878,2151,,,1,46,,22870,2151,,,1,70,,22876,2151,,,1,72,,22898,2151,,,1,20,,22886,2151,,,1,20,,22880,2151,,,1,60,,22871,2151,,,1,30,,22867,2151,,,1,70,,22904,2151,,,1,31,,22888,2151,,,1,69,,22877,2151,,,1,30,,22896,2151,,,1,70,,22890,2151,,,1,30,,22872,2151,,,1,70,,22874,2151,,,1,30,,22891,2151,,,1,70,,22893,2151,,,1,30,,22875,2151,,,1,70,,22873,2151,,,1,30,,22899,2151,,,1,71,,22881,2151,,,1,31,,22902,2151,,,1,23,,22897,2151,,,1,79,,22894,2151,,,1,67,,22883,2151,,,1,30,,22869,2151,,,1,71,,22903,2151,,,1,27,,22892,2151,,,1,70,,22882,2151,,,1,30,,22900,2151,,,1,29,,22895,2151,,,1,70,,22868,2151,,,1,30,,22889,2151,,,1,70,,22901,2151,,,1,30,,22885,2151,,,1,70,,22866,2151,,,1,100,,22879,2151,,,1,100,,22884,2151,,,1,100,,22887,2151,,,1
3700,'SE',1609,,25401,1882,,,2,36,,25402,1882,,,2,65,,25404,1882,,,2,30,,25400,1882,,,2,68,,25403,1882,,,2
3701,'SE',630,,25408,438,0,38,2,70,,25406,438,0,38,2,30,,25405,438,0,38,2,70,,25409,438,0,38,2,30,,25407,438,0,38,2
50001,'SE',833,,32335,0,,,2
65000,'SE',1618,,32431,3790,,,2
