401,'DI',608,,20881,17386,,,1,30,,20888,17386,,,1,70,,20900,17386,,,1,30,,20896,17386,,,1,70,,20882,17386,,,1,30,,20889,17386,,,1,72,,20902,17386,,,1,30,,20904,17386,,,1,70,,20883,17386,,,1,30,,20890,17386,,,1,70,,20903,17386,,,1,30,,20905,17386,,,1,70,,20884,17386,,,1,30,,20910,17386,,,1,70,,20911,17386,,,1,30,,20906,17386,,,1,71,,20885,17386,,,1,29,,20891,17386,,,1,70,,20913,17386,,,1,30,,20894,17386,,,1,72,,20886,17386,,,1,29,,20892,17386,,,1,70,,20914,17386,,,1,34,,20895,17386,,,1,65,,20907,17386,,,1,30,,20912,17386,,,1,70,,20909,17386,,,1,30,,20887,17386,,,1,71,,20908,17386,,,1,29,,20897,17386,,,1,70,,20880,17386,,,1,30,,20893,17386,,,1,100,,20899,17386,,,1,100,,20901,17386,,,1,100,,20898,17386,,,1
401,'F1',608,,20915,17386,,,1,30,,20923,17386,,,1,70,,20926,17386,,,1,30,,20920,17386,,,1,70,,20916,17386,,,1,30,,20924,17386,,,1,72,,20945,17386,,,1,30,,20921,17386,,,1,70,,20917,17386,,,1,30,,20935,17386,,,1,70,,20946,17386,,,1,30,,1236,17386,,,1,70,,20943,17386,,,1,32,,20925,17386,,,1,70,,20947,17386,,,1,30,,20928,17386,,,1,70,,20936,17386,,,1,30,,20918,17386,,,1,70,,20927,17386,,,1,30,,20944,17386,,,1,70,,20937,17386,,,1,30,,20933,17386,,,1,70,,20938,17386,,,1,30,,20932,17386,,,1,70,,20941,17386,,,1,28,,20942,17386,,,1,70,,20919,17386,,,1,30,,20930,17386,,,1,70,,20940,17386,,,1,30,,20929,17386,,,1,70,,20934,17386,,,1,30,,20922,17386,,,1,100,,20939,17386,,,1,100,,1223,17386,,,1,100,,20931,17386,,,1
401,'F2',608,,20949,17386,,,1,30,,20956,17386,,,1,70,,20958,17386,,,1,30,,20953,17386,,,1,70,,20950,17386,,,1,30,,20957,17386,,,1,72,,20959,17386,,,1,30,,20954,17386,,,1,70,,20951,17386,,,1,30,,20977,17386,,,1,70,,20960,17386,,,1,30,,20971,17386,,,1,70,,20981,17386,,,1,32,,20969,17386,,,1,70,,20980,17386,,,1,30,,20964,17386,,,1,70,,20948,17386,,,1,30,,20961,17386,,,1,70,,20972,17386,,,1,30,,20982,17386,,,1,70,,20979,17386,,,1,30,,20968,17386,,,1,70,,20974,17386,,,1,30,,20967,17386,,,1,70,,20955,17386,,,1,28,,20973,17386,,,1,70,,20963,17386,,,1,30,,20952,17386,,,1,70,,20976,17386,,,1,30,,20962,17386,,,1,70,,20975,17386,,,1,30,,20978,17386,,,1,100,,20970,17386,,,1,100,,20966,17386,,,1,100,,20965,17386,,,1
401,'SA',608,,20983,17386,,,1,30,,1360,17386,,,1,70,,1362,17386,,,1,30,,1358,17386,,,1,70,,20984,17386,,,1,30,,1361,17386,,,1,72,,1363,17386,,,1,30,,1359,17386,,,1,70,,20985,17386,,,1,30,,21003,17386,,,1,70,,1364,17386,,,1,30,,20997,17386,,,1,70,,21007,17386,,,1,32,,20995,17386,,,1,70,,21006,17386,,,1,30,,20990,17386,,,1,70,,1356,17386,,,1,30,,1365,17386,,,1,70,,20998,17386,,,1,30,,21008,17386,,,1,70,,21005,17386,,,1,30,,20994,17386,,,1,70,,21000,17386,,,1,30,,20993,17386,,,1,70,,20987,17386,,,1,28,,20999,17386,,,1,70,,20989,17386,,,1,30,,20986,17386,,,1,70,,21002,17386,,,1,30,,20988,17386,,,1,70,,21001,17386,,,1,30,,21004,17386,,,1,100,,20996,17386,,,1,100,,20992,17386,,,1,100,,20991,17386,,,1
401,'SE',613,,21024,17386,,,1,22,,21022,17386,,,1,18,,21034,17386,,,1,61,,21011,17386,,,1,34,,21009,17386,,,1,74,,21012,17386,,,1,33,,21040,17386,,,1,70,,21020,17386,,,1,31,,21027,17386,,,1,70,,1417,17386,,,1,30,,21042,17386,,,1,70,,21036,17386,,,1,30,,21013,17386,,,1,70,,21031,17386,,,1,33,,1416,17386,,,1,72,,21032,17386,,,1,70,,21021,17386,,,1,30,,21030,17386,,,1,26,,21010,17386,,,1,74,,21038,17386,,,1,15,,1420,17386,,,1,63,,21014,17386,,,1,22,,21033,17386,,,1,19,,21016,17386,,,1,60,,21017,17386,,,1,25,,21035,17386,,,1,13,,21041,17386,,,1,60,,21037,17386,,,1,24,,21026,17386,,,1,15,,1421,17386,,,1,67,,21015,17386,,,1,30,,21039,17386,,,1,67,,21023,17386,,,1,28,,21018,17386,,,1,70,,21029,17386,,,1,30,,21043,17386,,,1,70,,21044,17386,,,1,100,,21019,17386,,,1,96,,21025,17386,,,1,100,,21028,17386,,,1
3201,'DI',541,,25245,7176,,,2,99,,25246,7176,,,2,101,,25247,7176,,,2,99,,25248,7176,,,2,102,,25249,7176,,,2,100,,25252,7176,,,2,101,,25254,7176,,,2,102,,25250,7176,,,2,103,,25256,7176,,,2,98,,25255,7176,,,2,104,,25258,7176,,,2,96,,25257,7176,,,2,99,,25260,7176,,,2,100,,25259,7176,,,2,99,,25253,7176,,,2,100,,25243,7176,,,2,100,,25261,7176,,,2,100,,25263,7176,,,2,100,,25251,7176,,,2,100,,25262,7176,,,2,99,,25244,7176,,,2
3201,'F1',541,,25264,7176,,,2,99,,25265,7176,,,2,101,,25266,7176,,,2,96,,25267,7176,,,2,103,,25268,7176,,,2,101,,25274,7176,,,2,102,,25282,7176,,,2,100,,25281,7176,,,2,106,,25284,7176,,,2,102,,25283,7176,,,2,97,,25269,7176,,,2,98,,25271,7176,,,2,99,,25275,7176,,,2,100,,25270,7176,,,2,99,,25272,7176,,,2,100,,25276,7176,,,2,100,,25277,7176,,,2,100,,25279,7176,,,2,100,,25280,7176,,,2,100,,25278,7176,,,2,99,,25273,7176,,,2
3201,'F2',541,,25286,7176,,,2,99,,25287,7176,,,2,101,,25288,7176,,,2,96,,25289,7176,,,2,103,,25290,7176,,,2,101,,25296,7176,,,2,102,,25291,7176,,,2,100,,25305,7176,,,2,106,,25297,7176,,,2,102,,25292,7176,,,2,97,,25293,7176,,,2,98,,25298,7176,,,2,99,,25299,7176,,,2,100,,25294,7176,,,2,99,,25301,7176,,,2,100,,25300,7176,,,2,100,,25302,7176,,,2,100,,25304,7176,,,2,100,,25303,7176,,,2,100,,25295,7176,,,2,99,,25285,7176,,,2
3201,'SA',541,,25307,7176,,,2,99,,25308,7176,,,2,101,,25309,7176,,,2,96,,25310,7176,,,2,103,,25311,7176,,,2,101,,25317,7176,,,2,102,,25312,7176,,,2,100,,25326,7176,,,2,106,,25318,7176,,,2,102,,25313,7176,,,2,97,,25314,7176,,,2,98,,25319,7176,,,2,99,,25320,7176,,,2,100,,25315,7176,,,2,99,,25322,7176,,,2,100,,25321,7176,,,2,100,,25323,7176,,,2,100,,25325,7176,,,2,100,,25324,7176,,,2,100,,25316,7176,,,2,99,,25306,7176,,,2
3201,'SE',517,,25342,11463,,,2,30,,25348,11463,,,2,70,,25346,11463,,,2,30,,25351,11463,,,2,76,,25349,11463,,,2,27,,25343,11463,,,2,64,,25340,11463,,,2,30,,25347,11463,,,2,75,,25338,11463,,,2,94,,25334,7176,,,2,101,,25335,7176,,,2,100,,25337,7176,,,2,100,,25329,7176,,,2,100,,7845,7176,,,2,103,,25330,7176,,,2,105,,25327,7176,,,2,21,,25341,11463,,,2,71,,25345,11463,,,2,30,,25352,11463,,,2,70,,25350,11463,,,2,23,,25344,11463,,,2,72,,25353,11463,,,2,25,,25339,11463,,,2,86,,25336,7176,,,2,100,,25332,7176,,,2,98,,25333,7176,,,2,100,,25328,7176,,,2,98,,25331,7176,,,2
3801,'DI',620,,25521,4712,,,1,100,,25528,4712,,,1,100,,25526,4712,,,1,100,,25522,4712,,,1,100,,25529,4712,,,1,100,,25517,4712,,,1,100,,25534,4712,,,1,100,,25520,4712,,,1,98,,25527,4712,,,1,99,,25530,4712,,,1,103,,25518,4712,,,1,101,,25523,4712,,,1,100,,25524,4712,,,1,99,,25519,4712,,,1,100,,25531,4712,,,1,100,,25525,4712,,,1,100,,25532,4712,,,1,100,,25535,4712,,,1,100,,25533,4712,,,1
3801,'F1',619,,25552,4712,,,1,100,,25536,4712,,,1,99,,25553,4712,,,1,101,,25538,4712,,,1,100,,25554,4712,,,1,100,,25539,4712,,,1,100,,25540,4712,,,1,100,,25544,4712,,,1,100,,25541,4712,,,1,100,,25545,4712,,,1,101,,25542,4712,,,1,100,,25546,4712,,,1,100,,25543,4712,,,1,99,,25537,4712,,,1,100,,25547,4712,,,1,100,,25550,4712,,,1,100,,25548,4712,,,1,100,,25551,4712,,,1,100,,25549,4712,,,1
3801,'F2',619,,25557,4712,,,1,100,,25566,4712,,,1,99,,25560,4712,,,1,101,,25567,4712,,,1,100,,25561,4712,,,1,100,,25568,4712,,,1,100,,25562,4712,,,1,100,,25569,4712,,,1,100,,25563,4712,,,1,100,,25558,4712,,,1,101,,25564,4712,,,1,100,,25559,4712,,,1,100,,25565,4712,,,1,99,,25555,4712,,,1,100,,25570,4712,,,1,100,,25556,4712,,,1,100,,25571,4712,,,1,100,,25573,4712,,,1,100,,25572,4712,,,1
3801,'SA',619,,25576,4712,,,1,100,,25585,4712,,,1,99,,25579,4712,,,1,101,,25586,4712,,,1,100,,25580,4712,,,1,100,,25587,4712,,,1,100,,25581,4712,,,1,100,,25588,4712,,,1,100,,25582,4712,,,1,100,,25577,4712,,,1,101,,25583,4712,,,1,100,,25578,4712,,,1,100,,25584,4712,,,1,99,,25574,4712,,,1,100,,25589,4712,,,1,100,,25575,4712,,,1,100,,25590,4712,,,1,100,,25592,4712,,,1,100,,25591,4712,,,1
3801,'SE',528,,25593,4712,,,1,30,,25605,4712,,,1,71,,25596,4712,,,1,74,,25606,4712,,,1,34,,25599,4712,,,1,64,,25598,4712,,,1,28,,25608,4712,,,1,75,,25607,4712,,,1,29,,25617,4712,,,1,75,,25621,4712,,,1,100,,25623,4712,,,1,100,,25610,4712,,,1,100,,25624,4712,,,1,98,,25611,4712,,,1,98,,25615,4712,,,1,15,,25618,4712,,,1,17,,25602,4712,,,1,22,,25612,4712,,,1,61,,25594,4712,,,1,20,,25597,4712,,,1,61,,25609,4712,,,1,20,,25622,4712,,,1,19,,25620,4712,,,1,62,,25601,4712,,,1,18,,25603,4712,,,1,20,,25616,4712,,,1,80,,25613,4712,,,1,95,,25619,4712,,,1,99,,25614,4712,,,1,99,,25600,4712,,,1,100,,25604,4712,,,1,100,,25595,4712,,,1
53200,'SE',1635,,32354,7397,,,2,1,,32355,7397,,,2
