2200,'F1',632,,24518,8341,,,2,92,,24520,8341,,,2,25,,24519,8341,,,2,893,,24521,8341,,,2,80,,24523,8341,,,2,20,,24517,8341,,,2,70,,24522,8341,,,2,40,,24524,8341,,,2
2200,'SE',632,,24525,8341,,,2,92,,24527,8341,,,2,25,,24526,8341,,,2,893,,24530,8341,,,2,80,,24528,8341,,,2,20,,24532,8341,,,2,70,,24531,8341,,,2,40,,24529,8341,,,2
2500,'DI',713,,24631,10838,,,2
2500,'F1',713,,24632,10838,,,2
2500,'F2',713,,24633,10838,,,2
2500,'SA',713,,24634,10838,,,2
2500,'SE',537,,24636,10838,,,2,70,,24637,10838,,,2,29,,24656,10838,,,2,19,,24655,10838,,,2,61,,24651,10838,,,2,19,,24638,10838,,,2,71,,24640,10838,,,2,28,,24641,10838,,,2,74,,24639,10838,,,2,30,,24635,10838,,,2,470,,24642,10838,,,2,30,,24643,10838,,,2,69,,24659,10838,,,2,13,,24658,10838,,,2,18,,24657,10838,,,2,72,,24644,10838,,,2,31,,24647,10838,,,2,69,,24649,10838,,,2,30,,24652,10838,,,2,69,,24648,10838,,,2,28,,24650,10838,,,2,70,,24646,10838,,,2,335,,24654,10838,,,2,83,,24660,10838,,,2,15,,24653,10838,,,2,85,,24645,10838,,,2
16100,'DI',619,,31230,12042,,,2,31,,31218,12042,0,11 12,2,70,,31228,12042,0,11 12,2,30,,31221,12042,0,11 12,2,70,,31222,12042,0,11 12,2,30,,31224,12042,0,11 12,2,702,,31219,12042,0,11 12,2,68,,31223,12042,0,11 12,2,32,,31220,12042,0,11 12,2,70,,31226,12042,0,11 12,2,29,,31229,12042,,,2,73,,31225,12042,0,11 12,2,30,,31227,12042,0,11 12,2
16100,'F1',619,,31242,12042,,,2,31,,31232,12042,0,11 12,2,70,,31237,12042,0,11 12,2,30,,31231,12042,0,11 12,2,70,,16848,12042,0,11 12,2,30,,31234,12042,0,11 12,2,700,,31239,12042,0,11 12,2,71,,31240,12042,0,11 12,2,31,,31236,12042,0,11 12,2,69,,31241,12042,,,2,32,,31238,12042,0,11 12,2,71,,31233,12042,0,11 12,2,29,,31235,12042,0,11 12,2
16100,'F2',619,,31254,12042,,,2,31,,31247,12042,0,11 12,2,70,,31248,12042,0,11 12,2,30,,31245,12042,0,11 12,2,70,,31251,12042,0,11 12,2,30,,31249,12042,0,11 12,2,700,,31246,12042,0,11 12,2,71,,31243,12042,0,11 12,2,31,,31252,12042,0,11 12,2,69,,31255,12042,,,2,32,,31244,12042,0,11 12,2,71,,31253,12042,0,11 12,2,29,,31250,12042,0,11 12,2
16100,'SA',619,,31267,12042,,,2,31,,31260,12042,0,11 12,2,70,,31261,12042,0,11 12,2,30,,31258,12042,0,11 12,2,70,,31264,12042,0,11 12,2,30,,31262,12042,0,11 12,2,700,,31259,12042,0,11 12,2,71,,31256,12042,0,11 12,2,31,,31265,12042,0,11 12,2,69,,31268,12042,,,2,32,,31257,12042,0,11 12,2,71,,31266,12042,0,11 12,2,29,,31263,12042,0,11 12,2
16100,'SE',658,,31282,11931,,,2,65,,31283,11931,,,2,25,,31281,11931,,,2,61,,31270,11931,0,11 12,2,21,,31271,11931,0,11 12,2,17,,31269,11931,0,11 12,2,363,,31285,12042,,,2,298,,31274,12042,0,11 12,2,30,,31279,12042,0,11 12,2,21,,31287,12042,,,2,60,,31276,12042,0,11 12,2,21,,31288,12042,,,2,60,,31272,12042,0,11 12,2,19,,31284,12042,,,2,20,,31277,12042,0,11 12,2,19,,31275,12042,0,11 12,2,60,,31286,12042,,,2,20,,31280,12042,0,11 12,2,20,,31278,12042,0,11 12,2,60,,31273,12042,0,11 12,2
