2500,'DI',651,,24631,0,,,2
2500,'F1',651,,24632,0,,,2
2500,'F2',651,,24633,0,,,2
2500,'SA',651,,24634,0,,,2
2500,'SE',513,,24636,0,,,2,30,,24637,0,,,2,69,,24656,0,,,2,19,,24655,0,,,2,21,,24651,0,,,2,59,,24638,0,,,2,28,,24640,0,,,2,68,,24641,0,,,2,37,,24639,0,,,2,70,,24635,0,,,2,430,,24642,0,,,2,70,,24643,0,,,2,29,,24659,0,,,2,13,,24658,0,,,2,58,,24657,0,,,2,30,,24644,0,,,2,70,,24647,0,,,2,30,,24649,0,,,2,70,,24652,0,,,2,31,,24648,0,,,2,69,,24650,0,,,2,30,,24646,0,,,2,375,,24654,0,,,2,85,,24660,0,,,2,15,,24653,0,,,2,85,,24645,0,,,2
2501,'DI',1621,,24661,18128,4,,2
2501,'F1',1621,,24662,18128,4,,2
2501,'F2',1621,,24663,18128,4,,2
2501,'SA',1621,,24664,18128,4,,2
2501,'SE',535,,24669,16492,4,,2,70,,24671,16492,4,,2,23,,24666,16492,4,,2,74,,24670,16492,4,,2,36,,24691,18128,4,,2,70,,24690,18128,4,,2,26,,24672,16492,4,,2,70,,24674,16492,4,,2,26,,24675,16492,4,,2,505,,24686,16492,4,,2,71,,24676,16492,4,,2,34,,24677,16492,4,,2,71,,24694,18128,4,,2,20,,24693,18128,4,,2,12,,24692,18128,4,,2,9,,24667,16492,4,,2,59,,24679,16492,4,,2,14,,24678,16492,4,,2,13,,24682,16492,4,,2,68,,24684,16492,4,,2,27,,24687,16492,4,,2,69,,24683,16492,4,,2,99,,24681,16492,4,,2,345,,24689,16492,4,,2,86,,24696,18128,4,,2,12,,24688,16492,4,,2,75,,24680,16492,4,,2
8000,'DI',620,,29290,0,0,13,1,100,,29291,0,0,13,1,100,,29292,0,0,13,1,100,,29293,0,0,13,1,100,,29294,0,0,13,1,100,,29295,0,0,13,1,100,,29296,0,0,13,1,100,,29297,0,0,13,1,100,,29298,0,0,13,1,100,,29299,0,0,13,1,100,,29300,0,0,13,1,100,,29301,0,0,13,1,100,,29302,0,0,13,1,100,,29303,0,0,13,1,100,,29304,0,0,13,1,100,,29305,0,0,13,1,100,,29306,0,0,13,1,100,,29307,0,0,13,1,100,,29308,0,0,13,1
8000,'F1',620,,29315,0,0,13,1,100,,29316,0,0,13,1,100,,29317,0,0,13,1,100,,29318,0,0,13,1,100,,29319,0,0,13,1,100,,13880,0,0,13,1,100,,29320,0,0,13,1,100,,29321,0,0,13,1,100,,29322,0,0,13,1,100,,29323,0,0,13,1,100,,29324,0,0,13,1,100,,29325,0,0,13,1,100,,29326,0,0,13,1,100,,29311,0,0,13,1,100,,29312,0,0,13,1,100,,29309,0,0,13,1,100,,29313,0,0,13,1,100,,29310,0,0,13,1,100,,29314,0,0,13,1
8000,'F2',620,,29327,0,0,13,1,100,,29328,0,0,13,1,100,,29329,0,0,13,1,100,,29330,0,0,13,1,100,,29331,0,0,13,1,100,,29332,0,0,13,1,100,,29333,0,0,13,1,100,,29334,0,0,13,1,100,,29335,0,0,13,1,100,,29336,0,0,13,1,100,,29337,0,0,13,1,100,,29338,0,0,13,1,100,,29339,0,0,13,1,100,,29340,0,0,13,1,100,,29341,0,0,13,1,100,,29342,0,0,13,1,100,,29343,0,0,13,1,100,,29344,0,0,13,1,100,,29345,0,0,13,1
8000,'SA',620,,29346,0,0,13,1,100,,29347,0,0,13,1,100,,29348,0,0,13,1,100,,29349,0,0,13,1,100,,29350,0,0,13,1,100,,29351,0,0,13,1,100,,29352,0,0,13,1,100,,29353,0,0,13,1,100,,29354,0,0,13,1,100,,29355,0,0,13,1,100,,29356,0,0,13,1,100,,29357,0,0,13,1,100,,29358,0,0,13,1,100,,29359,0,0,13,1,100,,29360,0,0,13,1,100,,29361,0,0,13,1,100,,29362,0,0,13,1,100,,29363,0,0,13,1,100,,29364,0,0,13,1
8000,'SE',542,,29370,0,0,13,1,80,,29366,0,0,13,1,29,,29369,0,0,13,1,68,,29367,0,0,13,1,30,,29365,0,0,13,1,73,,29386,0,0,13,1,97,,29371,0,0,13,1,101,,29372,0,0,13,1,100,,29373,0,0,13,1,100,,29374,0,0,13,1,100,,29375,0,0,13,1,100,,29376,0,0,13,1,100,,29377,0,0,13,1,25,,29378,0,0,13,1,75,,29387,0,0,13,1,30,,29379,0,0,13,1,64,,29368,0,0,13,1,86,,29380,0,0,13,1,100,,13983,0,0,13,1,100,,29381,0,0,13,1,100,,29382,0,0,13,1,100,,29383,0,0,13,1,100,,29384,0,0,13,1,100,,29385,0,0,13,1
8001,'DI',711,,29388,17550,4,,1,100,,29389,17550,4,,1,100,,29390,17550,4,,1,100,,29391,17550,4,,1,100,,29392,17550,4,,1,100,,29393,17550,4,,1,100,,29394,17550,4,,1,100,,29395,17550,4,,1,100,,29396,17550,4,,1,100,,29397,17550,4,,1,100,,29398,17550,4,,1,102,,29399,17550,4,,1,98,,29400,17550,4,,1,100,,29401,17550,4,,1,100,,29402,17550,4,,1,100,,29403,17550,4,,1,100,,29404,17550,4,,1,100,,29405,17550,4,,1
8001,'F1',710,,29413,17550,4,,1,100,,29414,17550,4,,1,100,,29415,17550,4,,1,100,,29416,17550,4,,1,100,,29417,17550,4,,1,103,,14023,17550,4,,1,100,,29418,17550,4,,1,100,,29419,17550,4,,1,100,,29420,17550,4,,1,100,,29421,17550,4,,1,100,,29422,17550,4,,1,100,,29423,17550,4,,1,96,,29424,17550,4,,1,100,,29409,17550,4,,1,100,,29410,17550,4,,1,100,,29407,17550,4,,1,100,,29411,17550,4,,1,100,,29408,17550,4,,1
8001,'F2',710,,29425,17550,4,,1,100,,29426,17550,4,,1,100,,29427,17550,4,,1,100,,29428,17550,4,,1,100,,29429,17550,4,,1,103,,29430,17550,4,,1,100,,29431,17550,4,,1,100,,29432,17550,4,,1,100,,29433,17550,4,,1,100,,29434,17550,4,,1,100,,29435,17550,4,,1,100,,29436,17550,4,,1,96,,29437,17550,4,,1,100,,29438,17550,4,,1,100,,29439,17550,4,,1,100,,29440,17550,4,,1,100,,29441,17550,4,,1,100,,29442,17550,4,,1
8001,'SA',710,,29444,17550,4,,1,100,,29445,17550,4,,1,100,,29446,17550,4,,1,100,,29447,17550,4,,1,100,,29448,17550,4,,1,103,,29449,17550,4,,1,100,,29450,17550,4,,1,100,,29451,17550,4,,1,100,,29452,17550,4,,1,100,,29453,17550,4,,1,100,,29454,17550,4,,1,100,,29455,17550,4,,1,96,,29456,17550,4,,1,100,,29457,17550,4,,1,100,,29458,17550,4,,1,100,,29459,17550,4,,1,100,,29460,17550,4,,1,100,,29461,17550,4,,1
8001,'SE',608,,29484,17550,4,,1,30,,29468,17550,4,,1,77,,29464,17550,4,,1,31,,29467,17550,4,,1,70,,29465,17550,4,,1,30,,29463,17550,4,,1,70,,29485,17550,4,,1,97,,29469,17550,4,,1,100,,29470,17550,4,,1,100,,29471,17550,4,,1,100,,29472,17550,4,,1,100,,29473,17550,4,,1,100,,29474,17550,4,,1,102,,29475,17550,4,,1,25,,29476,17550,4,,1,76,,29486,17550,4,,1,30,,29477,17550,4,,1,64,,29466,17550,4,,1,47,,29478,17550,4,,1,91,,14127,17550,4,,1,100,,29479,17550,4,,1,99,,29480,17550,4,,1,100,,29481,17550,4,,1,100,,29482,17550,4,,1
8100,'DI',647,,29499,0,,,1,100,,29488,0,,,1,103,,29495,0,,,1,100,,29489,0,,,1,100,,29497,0,,,1,100,,29501,0,,,1,100,,29502,0,,,1,100,,29492,0,,,1,100,,29496,0,,,1,100,,29487,0,,,1,96,,29500,0,,,1,108,,29490,0,,,1,96,,29498,0,,,1,100,,29491,0,,,1,100,,29503,0,,,1,100,,29493,0,,,1,100,,29505,0,,,1,100,,29504,0,,,1,100,,29494,0,,,1
8100,'F1',647,,29506,0,,,1,100,,29513,0,,,1,103,,29521,0,,,1,100,,29518,0,,,1,100,,29507,0,,,1,100,,29514,0,,,1,100,,29511,0,,,1,100,,29519,0,,,1,100,,29525,0,,,1,100,,29522,0,,,1,100,,29520,0,,,1,104,,29517,0,,,1,96,,29516,0,,,1,100,,29523,0,,,1,100,,29509,0,,,1,100,,29512,0,,,1,100,,29515,0,,,1,100,,29508,0,,,1,100,,29510,0,,,1,100,,29524,0,,,1
8100,'F2',647,,29537,0,,,1,100,,29543,0,,,1,103,,29538,0,,,1,100,,29539,0,,,1,100,,29544,0,,,1,100,,29526,0,,,1,100,,29528,0,,,1,100,,29533,0,,,1,100,,29540,0,,,1,100,,29545,0,,,1,100,,29531,0,,,1,104,,29534,0,,,1,96,,29541,0,,,1,100,,29527,0,,,1,100,,29535,0,,,1,100,,29530,0,,,1,100,,29542,0,,,1,100,,29536,0,,,1,100,,29532,0,,,1,100,,29529,0,,,1
8100,'SA',647,,29557,0,,,1,100,,29563,0,,,1,103,,29558,0,,,1,100,,29559,0,,,1,100,,14262,0,,,1,100,,29546,0,,,1,100,,29548,0,,,1,100,,29553,0,,,1,100,,29560,0,,,1,100,,29564,0,,,1,100,,29551,0,,,1,104,,29554,0,,,1,96,,29561,0,,,1,100,,29547,0,,,1,100,,29555,0,,,1,100,,29550,0,,,1,100,,29562,0,,,1,100,,29556,0,,,1,100,,29552,0,,,1,100,,29549,0,,,1
8100,'SE',608,,29568,0,,,1,38,,29579,0,,,1,69,,29575,0,,,1,31,,29583,0,,,1,68,,29580,0,,,1,36,,29573,0,,,1,100,,29565,0,,,1,100,,29581,0,,,1,100,,29574,0,,,1,100,,29590,0,,,1,100,,29588,0,,,1,100,,29571,0,,,1,68,,29586,0,,,1,32,,29591,0,,,1,70,,29582,0,,,1,30,,29576,0,,,1,70,,29567,0,,,1,30,,29587,0,,,1,70,,29577,0,,,1,30,,29566,0,,,1,100,,29572,0,,,1,100,,29569,0,,,1,100,,29584,0,,,1,100,,29589,0,,,1,100,,29570,0,,,1,100,,29585,0,,,1,100,,29578,0,,,1
8101,'DI',655,,29607,22409,4,,1,100,,29604,22409,4,,1,100,,29593,22409,4,,1,103,,29600,22409,4,,1,100,,29594,22409,4,,1,100,,29602,22409,4,,1,100,,29606,22409,4,,1,100,,29608,22409,4,,1,100,,29597,22409,4,,1,100,,29601,22409,4,,1,100,,29592,22409,4,,1,96,,29605,22409,4,,1,148,,29595,22409,4,,1,56,,29603,22409,4,,1,100,,29596,22409,4,,1,100,,29609,22409,4,,1,100,,29598,22409,4,,1,100,,29611,22409,4,,1,100,,29610,22409,4,,1
8101,'F1',655,,29614,22409,4,,1,100,,29612,22409,4,,1,100,,29620,22409,4,,1,103,,29628,22409,4,,1,100,,29625,22409,4,,1,100,,29613,22409,4,,1,100,,29621,22409,4,,1,100,,29618,22409,4,,1,100,,29626,22409,4,,1,100,,29632,22409,4,,1,100,,29629,22409,4,,1,100,,29627,22409,4,,1,144,,29624,22409,4,,1,56,,29623,22409,4,,1,100,,29630,22409,4,,1,100,,29616,22409,4,,1,100,,29619,22409,4,,1,100,,29622,22409,4,,1,100,,29615,22409,4,,1,100,,29617,22409,4,,1
8101,'F2',655,,29638,22409,4,,1,100,,29645,22409,4,,1,100,,29651,22409,4,,1,103,,29646,22409,4,,1,100,,29647,22409,4,,1,100,,29652,22409,4,,1,100,,29633,22409,4,,1,100,,29635,22409,4,,1,100,,29641,22409,4,,1,100,,29648,22409,4,,1,100,,29653,22409,4,,1,100,,29639,22409,4,,1,144,,29642,22409,4,,1,56,,29649,22409,4,,1,100,,29634,22409,4,,1,100,,29643,22409,4,,1,100,,29637,22409,4,,1,100,,29650,22409,4,,1,100,,29644,22409,4,,1,100,,29640,22409,4,,1
8101,'SA',655,,29659,22409,4,,1,100,,29666,22409,4,,1,100,,29672,22409,4,,1,103,,29667,22409,4,,1,100,,29668,22409,4,,1,100,,14421,22409,4,,1,100,,29654,22409,4,,1,100,,29656,22409,4,,1,100,,29662,22409,4,,1,100,,29669,22409,4,,1,100,,29673,22409,4,,1,100,,29660,22409,4,,1,144,,29663,22409,4,,1,56,,29670,22409,4,,1,100,,29655,22409,4,,1,100,,29664,22409,4,,1,100,,29658,22409,4,,1,100,,29671,22409,4,,1,100,,29665,22409,4,,1,100,,29661,22409,4,,1
8101,'SE',626,,29691,22409,4,,1,30,,29688,22409,4,,1,62,,29677,22409,4,,1,38,,29689,22409,4,,1,70,,29684,22409,4,,1,31,,29694,22409,4,,1,69,,29690,22409,4,,1,76,,29682,22409,4,,1,98,,29674,22409,4,,1,100,,29692,22409,4,,1,100,,29683,22409,4,,1,100,,29701,22409,4,,1,100,,29699,22409,4,,1,100,,29680,22409,4,,1,31,,29697,22409,4,,1,70,,29702,22409,4,,1,30,,29693,22409,4,,1,70,,29685,22409,4,,1,30,,29676,22409,4,,1,70,,29698,22409,4,,1,30,,29686,22409,4,,1,26,,29675,22409,4,,1,100,,29681,22409,4,,1,100,,29678,22409,4,,1,100,,29695,22409,4,,1,100,,29700,22409,4,,1,100,,29679,22409,4,,1,100,,29696,22409,4,,1
8200,'SE',625,,29708,0,0,52,2,30,,29703,0,0,52,2,70,,29705,0,0,52,2,27,,29704,0,0,52,2,66,,29706,0,0,52,2,30,,29709,0,0,52,2,60,,29707,0,0,52,2,627,,29713,0,0,52,2,70,,29716,0,0,52,2,27,,29714,0,0,52,2,24,,29710,0,0,52,2,64,,29712,0,0,52,2,30,,29711,0,0,52,2,70,,14484,0,0,52,2,25,,29715,0,0,52,2
8201,'SE',709,,29722,21285,4,,2,32,,29717,21285,4,,2,70,,29719,21285,4,,2,24,,29718,21285,4,,2,66,,29720,21285,4,,2,30,,29723,21285,4,,2,20,,29721,21285,4,,2,668,,29727,12148,4,,2,30,,29730,12148,4,,2,67,,29728,12148,4,,2,24,,29724,12148,4,,2,64,,29726,12148,4,,2,30,,29725,12148,4,,2,70,,14514,12148,4,,2,25,,29729,12148,4,,2
8300,'DI',702,,29731,0,,,1,100,,29732,0,,,1,108,,29733,0,,,1,100,,29734,0,,,1,100,,29735,0,,,1,100,,29736,0,,,1,100,,29737,0,,,1,100,,29738,0,,,1,100,,29739,0,,,1,100,,29740,0,,,1,100,,29741,0,,,1,100,,29742,0,,,1,100,,29743,0,,,1,100,,29744,0,,,1,100,,29745,0,,,1,100,,29746,0,,,1,100,,29747,0,,,1,100,,29748,0,,,1
8300,'F1',602,,14534,0,,,1,100,,14535,0,,,1,100,,29752,0,,,1,108,,29753,0,,,1,100,,29754,0,,,1,100,,29755,0,,,1,100,,29756,0,,,1,100,,29757,0,,,1,100,,29758,0,,,1,100,,29759,0,,,1,100,,29760,0,,,1,100,,29761,0,,,1,100,,29762,0,,,1,100,,29763,0,,,1,100,,29764,0,,,1,100,,29765,0,,,1,100,,29766,0,,,1,100,,29749,0,,,1,100,,29750,0,,,1,100,,29751,0,,,1
8300,'F2',602,,29783,0,,,1,100,,29784,0,,,1,100,,29785,0,,,1,108,,29786,0,,,1,100,,29767,0,,,1,100,,29768,0,,,1,100,,29769,0,,,1,100,,29770,0,,,1,100,,29771,0,,,1,100,,29772,0,,,1,100,,29773,0,,,1,100,,29774,0,,,1,100,,29775,0,,,1,100,,29776,0,,,1,100,,29777,0,,,1,100,,29778,0,,,1,100,,29779,0,,,1,100,,29780,0,,,1,100,,29781,0,,,1,100,,29782,0,,,1
8300,'SA',602,,29803,0,,,1,100,,29804,0,,,1,100,,29805,0,,,1,108,,29806,0,,,1,100,,29787,0,,,1,100,,29788,0,,,1,100,,29789,0,,,1,100,,29790,0,,,1,100,,29791,0,,,1,100,,29792,0,,,1,100,,29793,0,,,1,100,,29794,0,,,1,100,,29795,0,,,1,100,,29796,0,,,1,100,,29797,0,,,1,100,,29798,0,,,1,100,,29799,0,,,1,100,,29800,0,,,1,100,,29801,0,,,1,100,,29802,0,,,1
8300,'SE',555,,29828,0,,,1,59,,29820,0,,,1,16,,29825,0,,,1,25,,29830,0,,,1,60,,29826,0,,,1,22,,29816,0,,,1,18,,29829,0,,,1,60,,29822,0,,,1,23,,29818,0,,,1,71,,29837,0,,,1,20,,29827,0,,,1,80,,29813,0,,,1,100,,29814,0,,,1,100,,29821,0,,,1,100,,29808,0,,,1,100,,29809,0,,,1,101,,29810,0,,,1,15,,29831,0,,,1,25,,29811,0,,,1,60,,29838,0,,,1,22,,29807,0,,,1,20,,29817,0,,,1,58,,29839,0,,,1,20,,29840,0,,,1,20,,29819,0,,,1,60,,29832,0,,,1,20,,29815,0,,,1,80,,29833,0,,,1,100,,29834,0,,,1,100,,29835,0,,,1,100,,29836,0,,,1,100,,29812,0,,,1,100,,29823,0,,,1,100,,29824,0,,,1
8301,'DI',755,,29841,25851,4,,1,100,,29842,25851,4,,1,148,,29843,25851,4,,1,100,,29844,25851,4,,1,100,,29845,25851,4,,1,100,,29846,25851,4,,1,100,,29847,25851,4,,1,100,,29848,25851,4,,1,100,,29849,25851,4,,1,100,,29850,25851,4,,1,100,,29851,25851,4,,1,100,,29852,25851,4,,1,100,,29853,25851,4,,1,100,,29854,25851,4,,1,100,,29855,25851,4,,1,100,,29856,25851,4,,1,100,,29857,25851,4,,1
8301,'F1',655,,14698,25851,4,,1,100,,14699,25851,4,,1,100,,29862,25851,4,,1,148,,29863,25851,4,,1,100,,29864,25851,4,,1,100,,29865,25851,4,,1,100,,29866,25851,4,,1,100,,29867,25851,4,,1,100,,29868,25851,4,,1,100,,29869,25851,4,,1,100,,29870,25851,4,,1,100,,29871,25851,4,,1,100,,29872,25851,4,,1,100,,29873,25851,4,,1,100,,29874,25851,4,,1,100,,29875,25851,4,,1,100,,29876,25851,4,,1,100,,29859,25851,4,,1,100,,29860,25851,4,,1
8301,'F2',655,,29893,25851,4,,1,100,,29894,25851,4,,1,100,,29895,25851,4,,1,148,,29896,25851,4,,1,100,,29877,25851,4,,1,100,,29878,25851,4,,1,100,,29879,25851,4,,1,100,,29880,25851,4,,1,100,,29881,25851,4,,1,100,,29882,25851,4,,1,100,,29883,25851,4,,1,100,,29884,25851,4,,1,100,,29885,25851,4,,1,100,,29886,25851,4,,1,100,,29887,25851,4,,1,100,,29888,25851,4,,1,100,,29889,25851,4,,1,100,,29890,25851,4,,1,100,,29891,25851,4,,1
8301,'SA',655,,29913,25851,4,,1,100,,29914,25851,4,,1,100,,29915,25851,4,,1,148,,29916,25851,4,,1,100,,29897,25851,4,,1,100,,29898,25851,4,,1,100,,29899,25851,4,,1,100,,29900,25851,4,,1,100,,29901,25851,4,,1,100,,29902,25851,4,,1,100,,29903,25851,4,,1,100,,29904,25851,4,,1,100,,29905,25851,4,,1,100,,29906,25851,4,,1,100,,29907,25851,4,,1,100,,29908,25851,4,,1,100,,29909,25851,4,,1,100,,29910,25851,4,,1,100,,29911,25851,4,,1
8301,'SE',622,,29935,25851,4,,1,30,,29939,25851,4,,1,62,,29930,25851,4,,1,16,,29936,25851,4,,1,25,,29941,25851,4,,1,60,,29937,25851,4,,1,22,,29926,25851,4,,1,18,,29940,25851,4,,1,60,,29932,25851,4,,1,19,,29928,25851,4,,1,71,,29948,25851,4,,1,20,,29938,25851,4,,1,80,,29923,25851,4,,1,100,,29924,25851,4,,1,100,,29931,25851,4,,1,100,,29918,25851,4,,1,100,,29919,25851,4,,1,101,,29920,25851,4,,1,15,,29942,25851,4,,1,25,,29921,25851,4,,1,62,,29949,25851,4,,1,22,,29917,25851,4,,1,20,,29927,25851,4,,1,58,,29950,25851,4,,1,20,,29951,25851,4,,1,16,,29929,25851,4,,1,60,,29943,25851,4,,1,20,,29925,25851,4,,1,80,,29944,25851,4,,1,100,,29945,25851,4,,1,100,,29946,25851,4,,1,100,,29947,25851,4,,1,100,,29922,25851,4,,1,100,,29933,25851,4,,1
8400,'SE',709,,29956,0,,,2,24,,29965,0,,,2,16,,29967,0,,,2,60,,29968,0,,,2,20,,29964,0,,,2,26,,29966,0,,,2,87,,29952,0,,,2,100,,29953,0,,,2,100,,29978,0,,,2,100,,29957,0,,,2,100,,29961,0,,,2,100,,29962,0,,,2,78,,29980,0,,,2,19,,29954,0,,,2,20,,29963,0,,,2,61,,29971,0,,,2,21,,29979,0,,,2,59,,29970,0,,,2,20,,29969,0,,,2,20,,29959,0,,,2,61,,29960,0,,,2,19,,29958,0,,,2,20,,29955,0,,,2,100,,29972,0,,,2,100,,29973,0,,,2,100,,29974,0,,,2,100,,29975,0,,,2,100,,29976,0,,,2,100,,29977,0,,,2
8401,'SE',704,,29986,25839,4,,2,15,,29994,25839,4,,2,25,,29997,25839,4,,2,61,,29985,25839,4,,2,24,,29996,25839,4,,2,16,,29999,25839,4,,2,60,,30000,25839,4,,2,18,,29995,25839,4,,2,26,,29998,25839,4,,2,87,,29981,25839,4,,2,102,,29982,25839,4,,2,100,,30011,25839,4,,2,100,,29987,25839,4,,2,100,,29991,25839,4,,2,97,,30001,25839,4,,2,5,,29992,25839,4,,2,78,,30013,25839,4,,2,19,,29983,25839,4,,2,20,,29993,25839,4,,2,61,,30004,25839,4,,2,20,,30012,25839,4,,2,19,,30003,25839,4,,2,60,,30002,25839,4,,2,18,,29989,25839,4,,2,21,,29990,25839,4,,2,59,,29988,25839,4,,2,20,,29984,25839,4,,2,100,,30005,25839,4,,2,98,,30006,25839,4,,2,100,,30007,25839,4,,2,100,,30008,25839,4,,2,100,,30009,25839,4,,2
8500,'SE',1614,,30017,0,,,2,24,,30014,0,,,2,64,,30016,0,,,2,28,,30015,0,,,2
8501,'SE',702,,30020,19607,4,,2,29,,30019,19607,4,,2,27,,30021,19607,4,,2,70,,30018,19607,4,,2
18000,'SE',1555,,31396,0,0,13,2,71,,31397,0,0,13,2,18,,31392,0,0,13,2,64,,31394,0,0,13,2,32,,31391,0,0,13,2,70,,31393,0,0,13,2,20,,31395,0,0,13,2
18001,'SE',657,,31400,18370,4,,2,64,,31404,18370,4,,2,13,,31403,18370,4,,2,18,,31405,18370,4,,2,52,,31402,18370,4,,2,18,,31401,18370,4,,2,18,,31398,18370,4,,2,815,,31407,18370,4,,2,71,,31408,18370,4,,2,30,,31399,18370,4,,2,64,,31406,18370,4,,2
18500,'SE',605,,31412,0,,,2,29,,31410,0,,,2,24,,31413,0,,,2,68,,31409,0,,,2,91,,31414,0,,,2,24,,31411,0,,,2
18501,'SE',1607,,31417,14964,4,,2,21,,31416,14964,4,,2,84,,31418,14964,4,,2,25,,31415,14964,4,,2
