2201,'F1',533,,24534,1869,,,2,92,,24536,1869,,,2,25,,24535,1869,,,2,70,,24538,1869,,,2,30,,24537,1869,,,2,908,,24539,1869,,,2,80,,24540,1869,,,2,20,,24533,1869,,,2
2201,'SE',533,,24542,1869,,,2,92,,24544,1869,,,2,25,,24543,1869,,,2,70,,24541,1869,,,2,30,,24545,1869,,,2,908,,24547,1869,,,2,80,,24546,1869,,,2,20,,24548,1869,,,2
2501,'DI',1559,,24661,7636,,,2
2501,'F1',1559,,24662,7636,,,2
2501,'F2',1559,,24663,7636,,,2
2501,'SA',1559,,24664,7636,,,2
2501,'SE',637,,24670,6000,,,2,75,,24691,7636,,,2,30,,24690,7636,,,2,66,,24672,6000,,,2,30,,24674,6000,,,2,68,,24675,6000,,,2,505,,24686,6000,,,2,30,,24676,6000,,,2,71,,24677,6000,,,2,31,,24694,7636,,,2,59,,24693,7636,,,2,12,,24692,7636,,,2,9,,24667,6000,,,2,19,,24679,6000,,,2,14,,24678,6000,,,2,58,,24682,6000,,,2,28,,24684,6000,,,2,68,,24687,6000,,,2,29,,24683,6000,,,2,99,,24681,6000,,,2,385,,24689,6000,,,2,86,,24696,7636,,,2,12,,24688,6000,,,2,35,,24680,6000,,,2
16101,'DI',604,,31301,6591,,,2,30,,31292,1869,,,2,70,,31289,1869,,,2,30,,31299,1869,,,2,70,,31293,1869,,,2,30,,31294,1869,,,2,70,,31296,1869,,,2,702,,31290,1869,,,2,28,,31295,1869,,,2,72,,31291,1869,,,2,30,,31300,6591,,,2,70,,31298,1869,,,2,32,,31297,1869,,,2
16101,'F1',604,,31312,6591,,,2,30,,31310,1869,,,2,70,,31303,1869,,,2,30,,31307,1869,,,2,70,,31302,1869,,,2,30,,16953,1869,,,2,70,,31305,1869,,,2,700,,31309,1869,,,2,31,,31311,1869,,,2,71,,31306,1869,,,2,30,,31313,6591,,,2,71,,31308,1869,,,2,31,,31304,1869,,,2
16101,'F2',604,,31325,6591,,,2,30,,31321,1869,,,2,70,,31318,1869,,,2,30,,31319,1869,,,2,70,,31316,1869,,,2,30,,31322,1869,,,2,70,,31320,1869,,,2,700,,31317,1869,,,2,31,,31314,1869,,,2,71,,31323,1869,,,2,30,,31326,6591,,,2,71,,31315,1869,,,2,31,,31324,1869,,,2
16101,'SA',604,,31337,6591,,,2,30,,17011,1869,,,2,70,,31331,1869,,,2,30,,31332,1869,,,2,70,,31329,1869,,,2,30,,31334,1869,,,2,70,,31333,1869,,,2,700,,31330,1869,,,2,31,,31327,1869,,,2,71,,31335,1869,,,2,30,,31338,6591,,,2,71,,31328,1869,,,2,31,,31336,1869,,,2
16101,'SE',559,,31346,1869,,,2,60,,31341,1869,,,2,22,,31355,6591,,,2,60,,31344,1869,,,2,13,,31353,6591,,,2,17,,31348,1869,,,2,16,,31356,6591,,,2,56,,31343,1869,,,2,23,,31347,1869,,,2,21,,31351,1869,,,2,57,,31340,1869,,,2,20,,31339,1869,,,2,325,,31352,6591,,,2,372,,31358,6591,,,2,15,,31349,1869,,,2,21,,31354,6591,,,2,60,,31342,1869,,,2,18,,31357,6591,,,2,21,,31350,1869,,,2,60,,31345,1869,,,2
