4201,'DI',550,,25850,5621,,,1,100,,25851,5621,,,1,100,,25852,5621,,,1,100,,25853,5621,,,1,100,,25854,5621,,,1,100,,25855,5621,,,1,100,,25856,5621,,,1,100,,25857,5621,,,1,100,,25858,5621,,,1,100,,25859,5621,,,1,100,,25860,5621,,,1,100,,25861,5621,,,1,100,,25862,5621,,,1,100,,25863,5621,,,1,100,,25864,5621,,,1,100,,25865,5621,,,1,100,,25866,5621,,,1,100,,25867,5621,,,1,100,,25868,5621,,,1,100,,25869,5621,,,1
4201,'F1',550,,25870,5621,,,1,100,,25871,5621,,,1,100,,25872,5621,,,1,100,,25873,5621,,,1,100,,25874,5621,,,1,100,,25875,5621,,,1,100,,25876,5621,,,1,100,,25877,5621,,,1,100,,25878,5621,,,1,100,,25879,5621,,,1,100,,25880,5621,,,1,100,,25881,5621,,,1,100,,25882,5621,,,1,100,,25883,5621,,,1,100,,25884,5621,,,1,100,,25885,5621,,,1,100,,25886,5621,,,1,100,,25887,5621,,,1,100,,25888,5621,,,1,100,,25889,5621,,,1
4201,'F2',550,,25906,5621,,,1,100,,25907,5621,,,1,100,,25908,5621,,,1,100,,25909,5621,,,1,100,,25890,5621,,,1,100,,25891,5621,,,1,100,,25892,5621,,,1,100,,25893,5621,,,1,100,,25894,5621,,,1,100,,25895,5621,,,1,100,,25896,5621,,,1,100,,25897,5621,,,1,100,,25898,5621,,,1,100,,25899,5621,,,1,100,,25900,5621,,,1,100,,25901,5621,,,1,100,,25902,5621,,,1,100,,25903,5621,,,1,100,,25904,5621,,,1,100,,25905,5621,,,1
4201,'SA',550,,25926,5621,,,1,100,,25927,5621,,,1,100,,25928,5621,,,1,100,,25929,5621,,,1,100,,25910,5621,,,1,100,,25911,5621,,,1,100,,25912,5621,,,1,100,,25913,5621,,,1,100,,25914,5621,,,1,100,,25915,5621,,,1,100,,25916,5621,,,1,100,,25917,5621,,,1,100,,25918,5621,,,1,100,,25919,5621,,,1,100,,25920,5621,,,1,100,,25921,5621,,,1,100,,25922,5621,,,1,100,,25923,5621,,,1,100,,25924,5621,,,1,100,,25925,5621,,,1
4201,'SE',520,,25934,5621,,,1,20,,25960,5621,,,1,70,,25939,5621,,,1,21,,25957,5621,,,1,14,,25958,5621,,,1,14,,25935,5621,,,1,54,,25940,5621,,,1,14,,25959,5621,,,1,14,,25942,5621,,,1,14,,25938,5621,,,1,63,,25936,5621,,,1,34,,25943,5621,,,1,77,,25974,5621,,,1,30,,25975,5621,,,1,70,,25937,5621,,,1,30,,25965,5621,,,1,70,,25941,5621,,,1,30,,25970,5621,,,1,70,,25944,5621,,,1,30,,25971,5621,,,1,70,,25930,5621,,,1,30,,25947,5621,,,1,70,,25945,5621,,,1,30,,25961,5621,,,1,44,,25962,5621,,,1,2,,25933,5621,,,1,2,,25964,5621,,,1,22,,25973,5621,,,1,30,,25948,5621,,,1,70,,25968,5621,,,1,28,,25966,5621,,,1,64,,25972,5621,,,1,17,,25969,5621,,,1,67,,25967,5621,,,1,29,,25963,5621,,,1,66,,25946,5621,,,1,35,,25949,5621,,,1,70,,25953,5621,,,1,30,,25950,5621,,,1,70,,25954,5621,,,1,29,,25951,5621,,,1,69,,25955,5621,,,1,30,,25952,5621,,,1,70,,25956,5621,,,1,50,,25931,5621,,,1,100,,25932,5621,,,1
6001,'SE',555,,27422,6993,,,1,62,,27419,6993,,,1,21,,27413,6993,,,1,68,,27423,6993,,,1,28,,27415,6993,,,1,68,,27424,6993,,,1,26,,27432,6993,,,1,14,,27433,6993,,,1,72,,27425,6993,,,1,100,,27431,6993,,,1,100,,27420,6993,,,1,100,,27426,6993,,,1,101,,27421,6993,,,1,100,,27439,6993,,,1,101,,27434,6993,,,1,99,,27435,6993,,,1,30,,27430,6993,,,1,67,,27427,6993,,,1,24,,27428,6993,,,1,67,,27417,6993,,,1,29,,27436,6993,,,1,70,,27429,6993,,,1,48,,27437,6993,,,1,100,,27416,6993,,,1,99,,27438,6993,,,1,100,,27414,6993,,,1,95,,27418,6993,,,1
16001,'DI',611,,31137,13387,,,1,99,,31132,13387,,,1,100,,31138,13387,,,1,100,,31141,13387,,,1,100,,31144,13387,,,1,100,,31139,13387,,,1,100,,31145,13387,,,1,100,,31136,13387,,,1,100,,31146,13387,,,1,100,,31134,13387,,,1,100,,31131,13387,,,1,100,,31142,13387,,,1,100,,31140,13387,,,1,100,,31147,13387,,,1,100,,31143,13387,,,1,103,,31135,13387,,,1,97,,31133,13387,,,1
16001,'F1',612,,31153,13387,,,1,99,,31152,13387,,,1,99,,31157,13387,,,1,100,,31150,13387,,,1,99,,31149,13387,,,1,101,,31154,13387,,,1,100,,31158,13387,,,1,100,,16717,13387,,,1,100,,31155,13387,,,1,100,,31148,13387,,,1,100,,16718,13387,,,1,100,,31151,13387,,,1,100,,31156,13387,,,1,101,,16719,13387,,,1,99,,31159,13387,,,1,103,,16720,13387,,,1,97,,31160,13387,,,1
16001,'F2',612,,31169,13387,,,1,99,,31167,13387,,,1,99,,31165,13387,,,1,100,,31170,13387,,,1,99,,31164,13387,,,1,101,,31161,13387,,,1,100,,31168,13387,,,1,100,,31174,13387,,,1,100,,31162,13387,,,1,100,,31166,13387,,,1,100,,31175,13387,,,1,100,,31171,13387,,,1,100,,31163,13387,,,1,101,,31176,13387,,,1,99,,31172,13387,,,1,103,,31177,13387,,,1,97,,31173,13387,,,1
16001,'SA',612,,31186,13387,,,1,99,,31184,13387,,,1,99,,31182,13387,,,1,100,,16801,13387,,,1,99,,31181,13387,,,1,101,,31178,13387,,,1,100,,31185,13387,,,1,100,,31189,13387,,,1,100,,31179,13387,,,1,100,,31183,13387,,,1,100,,31190,13387,,,1,100,,16802,13387,,,1,100,,31180,13387,,,1,101,,31191,13387,,,1,99,,31187,13387,,,1,103,,31192,13387,,,1,97,,31188,13387,,,1
16001,'SE',624,,31196,13387,,,1,28,,31197,13387,,,1,68,,31201,13387,,,1,28,,31203,13387,,,1,63,,31213,13387,,,1,23,,31215,13387,,,1,68,,31200,13387,,,1,43,,31214,13387,,,1,98,,31211,13387,,,1,93,,31199,13387,,,1,100,,31202,13387,,,1,100,,31204,13387,,,1,100,,31198,13387,,,1,99,,31216,13387,,,1,92,,31194,13387,,,1,97,,31205,13387,,,1,30,,31193,13387,,,1,67,,31206,13387,,,1,25,,31217,13387,,,1,66,,31195,13387,,,1,99,,31207,13387,,,1,100,,31210,13387,,,1,101,,31208,13387,,,1,100,,31212,13387,,,1,90,,31209,13387,,,1
53200,'SE',1620,,32354,2173,,,2,1,,32355,2173,,,2
54200,'SE',1633,,32372,4577,,,2
