800,'DI',557,,21738,4792,,,1,72,,21733,4792,,,1,30,,2441,4792,,,1,70,,2447,4792,,,1,30,,21739,4792,,,1,70,,21734,4792,,,1,71,,2442,4792,,,1,30,,2448,4792,,,1,70,,21740,4792,,,1,30,,21735,4792,,,1,70,,2443,4792,,,1,30,,2449,4792,,,1,71,,21741,4792,,,1,30,,2436,4792,,,1,70,,2444,4792,,,1,30,,2450,4792,,,1,70,,21742,4792,,,1,30,,21736,4792,,,1,70,,2445,4792,,,1,30,,21745,4792,,,1,70,,21743,4792,,,1,30,,21737,4792,,,1,69,,2446,4792,,,1,30,,21746,4792,,,1,72,,21744,4792,,,1,43,,2437,4792,,,1,100,,21747,4792,,,1,100,,2438,4792,,,1,99,,21748,4792,,,1,100,,2439,4792,,,1,100,,21749,4792,,,1,100,,2440,4792,,,1,100,,21732,4792,,,1
800,'F1',557,,21771,4792,,,1,70,,21755,4792,,,1,32,,21759,4792,,,1,70,,21769,4792,,,1,71,,21772,4792,,,1,30,,21756,4792,,,1,70,,21760,4792,,,1,30,,21770,4792,,,1,70,,21773,4792,,,1,30,,21757,4792,,,1,70,,21750,4792,,,1,30,,21778,4792,,,1,28,,21774,4792,,,1,72,,21758,4792,,,1,70,,21751,4792,,,1,30,,21779,4792,,,1,70,,21775,4792,,,1,30,,21782,4792,,,1,70,,21752,4792,,,1,30,,21780,4792,,,1,70,,21776,4792,,,1,30,,21783,4792,,,1,70,,21753,4792,,,1,30,,21781,4792,,,1,72,,21777,4792,,,1,28,,21761,4792,,,1,70,,21754,4792,,,1,46,,21765,4792,,,1,99,,21762,4792,,,1,100,,21766,4792,,,1,100,,21763,4792,,,1,100,,21767,4792,,,1,100,,21764,4792,,,1,100,,21768,4792,,,1
800,'F2',557,,21805,4792,,,1,70,,21788,4792,,,1,32,,21801,4792,,,1,70,,21803,4792,,,1,71,,21806,4792,,,1,30,,21789,4792,,,1,70,,21802,4792,,,1,30,,21804,4792,,,1,70,,21807,4792,,,1,30,,21790,4792,,,1,70,,21796,4792,,,1,30,,21812,4792,,,1,28,,21808,4792,,,1,72,,21791,4792,,,1,70,,21797,4792,,,1,30,,21813,4792,,,1,70,,21809,4792,,,1,30,,21816,4792,,,1,70,,21798,4792,,,1,30,,21814,4792,,,1,70,,21810,4792,,,1,30,,21817,4792,,,1,70,,21799,4792,,,1,30,,21815,4792,,,1,72,,21811,4792,,,1,28,,21784,4792,,,1,70,,21800,4792,,,1,46,,21792,4792,,,1,99,,21785,4792,,,1,100,,21793,4792,,,1,100,,21786,4792,,,1,100,,21794,4792,,,1,100,,21787,4792,,,1,100,,21795,4792,,,1
800,'SA',557,,21839,4792,,,1,70,,21822,4792,,,1,32,,21835,4792,,,1,70,,21837,4792,,,1,71,,21840,4792,,,1,30,,21823,4792,,,1,70,,21836,4792,,,1,30,,21838,4792,,,1,70,,21841,4792,,,1,30,,21824,4792,,,1,70,,21830,4792,,,1,30,,21846,4792,,,1,28,,21842,4792,,,1,72,,21825,4792,,,1,70,,21831,4792,,,1,30,,21847,4792,,,1,70,,21843,4792,,,1,30,,2660,4792,,,1,70,,21832,4792,,,1,30,,21848,4792,,,1,70,,21844,4792,,,1,30,,2661,4792,,,1,70,,21833,4792,,,1,30,,21849,4792,,,1,72,,21845,4792,,,1,28,,21818,4792,,,1,70,,21834,4792,,,1,46,,21826,4792,,,1,99,,21819,4792,,,1,100,,21827,4792,,,1,100,,21820,4792,,,1,100,,21828,4792,,,1,100,,21821,4792,,,1,100,,21829,4792,,,1
800,'SE',459,,21884,4792,,,1,68,,21886,4792,,,1,22,,21893,4792,,,1,81,,21850,4792,,,1,70,,21885,4792,,,1,21,,21887,4792,,,1,19,,21878,4792,,,1,13,,21853,4792,,,1,55,,21854,4792,,,1,15,,21857,4792,,,1,15,,21851,4792,,,1,17,,21867,4792,,,1,55,,21863,4792,,,1,15,,21888,4792,,,1,15,,21859,4792,,,1,15,,21912,4792,,,1,55,,21855,4792,,,1,15,,21858,4792,,,1,15,,21852,4792,,,1,15,,21864,4792,,,1,55,,21868,4792,,,1,17,,21896,4792,,,1,15,,21889,4792,,,1,15,,21897,4792,,,1,55,,21871,4792,,,1,15,,21915,4792,,,1,15,,21916,4792,,,1,15,,21913,4792,,,1,55,,21902,4792,,,1,15,,21900,4792,,,1,15,,21879,4792,,,1,15,,21860,4792,,,1,55,,21898,4792,,,1,16,,21856,4792,,,1,15,,21914,4792,,,1,14,,21901,4792,,,1,54,,21910,4792,,,1,4,,21872,4792,,,1,13,,21869,4792,,,1,15,,21905,4792,,,1,15,,21904,4792,,,1,55,,21890,4792,,,1,15,,21861,4792,,,1,12,,21899,4792,,,1,12,,21917,4792,,,1,53,,21903,4792,,,1,11,,21883,4792,,,1,12,,21882,4792,,,1,12,,21911,4792,,,1,11,,21870,4792,,,1,52,,21906,4792,,,1,12,,21876,4792,,,1,12,,21877,4792,,,1,10,,21894,4792,,,1,10,,21862,4792,,,1,60,,21880,4792,,,1,27,,21907,4792,,,1,68,,21891,4792,,,1,30,,21895,4792,,,1,68,,21881,4792,,,1,30,,21908,4792,,,1,70,,21892,4792,,,1,45,,21873,4792,,,1,100,,21909,4792,,,1,99,,21874,4792,,,1,100,,21875,4792,,,1
2800,'DI',853,,24697,4792,0,39 40,1,100,,24702,4792,0,39 40,1,100,,24700,4792,0,39 40,1,100,,24698,4792,0,39 40,1,100,,24699,4792,0,39 40,1,100,,24703,4792,0,39 40,1,100,,24706,4792,0,39 40,1,101,,24705,4792,0,39 40,1,99,,24704,4792,0,39 40,1,100,,24701,4792,0,39 40,1
2800,'F1',855,,24713,4792,0,39 40,1,98,,24711,4792,0,39 40,1,103,,24707,4792,0,39 40,1,97,,24714,4792,0,39 40,1,101,,24712,4792,0,39 40,1,100,,24716,4792,0,39 40,1,99,,24708,4792,0,39 40,1,103,,24710,4792,0,39 40,1,99,,24715,4792,0,39 40,1,98,,24709,4792,0,39 40,1
2800,'F2',855,,24724,4792,0,39 40,1,98,,24719,4792,0,39 40,1,103,,24717,4792,0,39 40,1,97,,24721,4792,0,39 40,1,101,,24720,4792,0,39 40,1,100,,24722,4792,0,39 40,1,99,,24718,4792,0,39 40,1,103,,24726,4792,0,39 40,1,99,,24725,4792,0,39 40,1,98,,24723,4792,0,39 40,1
2800,'SA',855,,24733,4792,0,39 40,1,98,,24729,4792,0,39 40,1,103,,24727,4792,0,39 40,1,97,,24730,4792,0,39 40,1,101,,6923,4792,0,39 40,1,100,,24731,4792,0,39 40,1,99,,24728,4792,0,39 40,1,103,,24735,4792,0,39 40,1,99,,24734,4792,0,39 40,1,98,,24732,4792,0,39 40,1
2800,'SE',618,,24771,4792,0,39 40,1,86,,24769,4792,0,39 40,1,22,,24772,4792,0,39 40,1,3,,24773,4792,0,39 40,1,16,,24737,4792,0,39 40,1,13,,24752,4792,0,39 40,1,55,,24770,4792,0,39 40,1,15,,24736,4792,0,39 40,1,14,,24742,4792,0,39 40,1,58,,24754,4792,0,39 40,1,30,,24738,4792,0,39 40,1,70,,24753,4792,0,39 40,1,30,,24755,4792,0,39 40,1,70,,24739,4792,0,39 40,1,32,,24760,4792,0,39 40,1,70,,24756,4792,0,39 40,1,30,,24740,4792,0,39 40,1,70,,24761,4792,0,39 40,1,30,,24757,4792,0,39 40,1,70,,24741,4792,0,39 40,1,30,,24762,4792,0,39 40,1,71,,24774,4792,0,39 40,1,16,,24766,4792,0,39 40,1,14,,24764,4792,0,39 40,1,15,,24748,4792,0,39 40,1,55,,24776,4792,0,39 40,1,15,,24743,4792,0,39 40,1,14,,24745,4792,0,39 40,1,12,,24775,4792,0,39 40,1,12,,24767,4792,0,39 40,1,52,,24765,4792,0,39 40,1,12,,24758,4792,0,39 40,1,12,,24749,4792,0,39 40,1,12,,24763,4792,0,39 40,1,11,,24744,4792,0,39 40,1,52,,24768,4792,0,39 40,1,12,,24747,4792,0,39 40,1,13,,24751,4792,0,39 40,1,95,,24746,4792,0,39 40,1,98,,24759,4792,0,39 40,1,98,,24750,4792,0,39 40,1
7700,'DI',703,,29073,1549,0,6 33 34,1,100,,29076,1549,0,6 33 34,1,100,,29074,1549,0,6 33 34,1,100,,29077,1549,0,6 33 34,1,100,,29075,1549,0,6 33 34,1,100,,29072,1549,0,6 33 34,1,100,,29078,1549,0,6 33 34,1,100,,29081,1549,0,6 33 34,1,100,,29071,1549,0,6 33 34,1,100,,29082,1549,0,6 33 34,1,100,,29083,1549,0,6 33 34,1,100,,29084,1549,0,6 33 34,1,100,,29079,1549,0,6 33 34,1,100,,29085,1549,0,6 33 34,1,100,,29080,1549,0,6 33 34,1
7700,'F1',703,,29089,1549,0,6 33 34,1,100,,29091,1549,0,6 33 34,1,100,,29090,1549,0,6 33 34,1,100,,29092,1549,0,6 33 34,1,100,,29086,1549,0,6 33 34,1,100,,29093,1549,0,6 33 34,1,100,,29094,1549,0,6 33 34,1,97,,29087,1549,0,6 33 34,1,103,,29095,1549,0,6 33 34,1,99,,29097,1549,0,6 33 34,1,101,,29096,1549,0,6 33 34,1,100,,29098,1549,0,6 33 34,1,100,,29099,1549,0,6 33 34,1,100,,29088,1549,0,6 33 34,1,100,,29100,1549,0,6 33 34,1
7700,'F2',703,,29115,1549,0,6 33 34,1,100,,29106,1549,0,6 33 34,1,100,,29102,1549,0,6 33 34,1,100,,29107,1549,0,6 33 34,1,100,,29103,1549,0,6 33 34,1,100,,29105,1549,0,6 33 34,1,100,,29108,1549,0,6 33 34,1,97,,29101,1549,0,6 33 34,1,103,,29109,1549,0,6 33 34,1,99,,29111,1549,0,6 33 34,1,101,,29110,1549,0,6 33 34,1,100,,29112,1549,0,6 33 34,1,100,,29113,1549,0,6 33 34,1,100,,29104,1549,0,6 33 34,1,100,,29114,1549,0,6 33 34,1
7700,'SA',703,,29129,1549,0,6 33 34,1,100,,29120,1549,0,6 33 34,1,100,,29117,1549,0,6 33 34,1,100,,29121,1549,0,6 33 34,1,100,,13602,1549,0,6 33 34,1,100,,29119,1549,0,6 33 34,1,100,,29122,1549,0,6 33 34,1,97,,29116,1549,0,6 33 34,1,103,,29123,1549,0,6 33 34,1,99,,29125,1549,0,6 33 34,1,101,,29124,1549,0,6 33 34,1,100,,29126,1549,0,6 33 34,1,100,,29127,1549,0,6 33 34,1,100,,29118,1549,0,6 33 34,1,100,,29128,1549,0,6 33 34,1
7700,'SE',554,,29133,1549,0,6 33 34,1,55,,29134,1549,0,6 33 34,1,20,,29139,1549,0,6 33 34,1,16,,29142,1549,0,6 33 34,1,67,,29145,1549,0,6 33 34,1,23,,29140,1549,0,6 33 34,1,22,,29144,1549,0,6 33 34,1,55,,29135,1549,0,6 33 34,1,32,,29143,1549,0,6 33 34,1,70,,29146,1549,0,6 33 34,1,30,,29141,1549,0,6 33 34,1,70,,29136,1549,0,6 33 34,1,30,,29148,1549,0,6 33 34,1,70,,29147,1549,0,6 33 34,1,30,,29150,1549,0,6 33 34,1,70,,29151,1549,0,6 33 34,1,33,,29149,1549,0,6 33 34,1,70,,29152,1549,0,6 33 34,1,30,,29156,1549,0,6 33 34,1,66,,29158,1549,0,6 33 34,1,20,,29161,1549,0,6 33 34,1,20,,29165,1549,0,6 33 34,1,60,,29153,1549,0,6 33 34,1,5,,29131,1549,0,6 33 34,1,15,,29157,1549,0,6 33 34,1,19,,29137,1549,0,6 33 34,1,58,,29159,1549,0,6 33 34,1,18,,29162,1549,0,6 33 34,1,18,,29166,1549,0,6 33 34,1,58,,13636,1549,0,6 33 34,1,20,,29154,1549,0,6 33 34,1,20,,29138,1549,0,6 33 34,1,58,,29160,1549,0,6 33 34,1,2,,29164,1549,0,6 33 34,1,19,,29163,1549,0,6 33 34,1,18,,29155,1549,0,6 33 34,1,70,,29167,1549,0,6 33 34,1,32,,29169,1549,0,6 33 34,1,71,,29132,1549,0,6 33 34,1,28,,29130,1549,0,6 33 34,1,70,,29168,1549,0,6 33 34,1
8800,'DI',714,,30028,4792,,,1,30,,30033,4792,,,1,70,,30039,4792,,,1,30,,30048,4792,,,1,70,,30029,4792,,,1,30,,30034,4792,,,1,71,,30040,4792,,,1,30,,30049,4792,,,1,70,,30030,4792,,,1,30,,30035,4792,,,1,70,,30041,4792,,,1,30,,30050,4792,,,1,70,,30031,4792,,,1,30,,30036,4792,,,1,70,,30042,4792,,,1,30,,15002,4792,,,1,70,,30043,4792,,,1,30,,30037,4792,,,1,70,,30051,4792,,,1,30,,15003,4792,,,1,70,,30044,4792,,,1,30,,30038,4792,,,1,70,,30052,4792,,,1,100,,30045,4792,,,1,100,,30053,4792,,,1,100,,30046,4792,,,1,100,,30054,4792,,,1,98,,30047,4792,,,1,100,,30027,4792,,,1,100,,30032,4792,,,1
8800,'F1',714,,30061,4792,,,1,30,,15061,4792,,,1,71,,30074,4792,,,1,30,,30065,4792,,,1,70,,30062,4792,,,1,30,,15062,4792,,,1,70,,30075,4792,,,1,30,,30066,4792,,,1,70,,15046,4792,,,1,30,,30070,4792,,,1,70,,30076,4792,,,1,30,,30067,4792,,,1,70,,15047,4792,,,1,30,,30071,4792,,,1,70,,30077,4792,,,1,30,,30057,4792,,,1,70,,15048,4792,,,1,30,,30072,4792,,,1,70,,30078,4792,,,1,30,,30058,4792,,,1,71,,30079,4792,,,1,29,,30073,4792,,,1,71,,30068,4792,,,1,29,,30059,4792,,,1,70,,30063,4792,,,1,100,,30069,4792,,,1,100,,30064,4792,,,1,99,,30056,4792,,,1,100,,30055,4792,,,1,100,,30060,4792,,,1,100,,15032,4792,,,1
8800,'F2',714,,30083,4792,,,1,30,,30108,4792,,,1,71,,30104,4792,,,1,30,,30095,4792,,,1,70,,30088,4792,,,1,30,,30109,4792,,,1,70,,30105,4792,,,1,30,,30096,4792,,,1,70,,30089,4792,,,1,30,,30100,4792,,,1,70,,30085,4792,,,1,30,,30097,4792,,,1,70,,30090,4792,,,1,30,,30101,4792,,,1,70,,30086,4792,,,1,30,,30080,4792,,,1,70,,30091,4792,,,1,30,,30102,4792,,,1,70,,30087,4792,,,1,30,,30081,4792,,,1,71,,30110,4792,,,1,29,,30103,4792,,,1,71,,30098,4792,,,1,29,,30082,4792,,,1,70,,30092,4792,,,1,100,,30099,4792,,,1,100,,30093,4792,,,1,99,,30107,4792,,,1,100,,30094,4792,,,1,100,,30106,4792,,,1,100,,30084,4792,,,1
8800,'SA',714,,30114,4792,,,1,30,,30138,4792,,,1,71,,30135,4792,,,1,30,,30126,4792,,,1,70,,30119,4792,,,1,30,,30139,4792,,,1,70,,30136,4792,,,1,30,,30127,4792,,,1,70,,30120,4792,,,1,30,,30131,4792,,,1,70,,30116,4792,,,1,30,,30128,4792,,,1,70,,30121,4792,,,1,30,,30132,4792,,,1,70,,30117,4792,,,1,30,,30111,4792,,,1,70,,30122,4792,,,1,30,,30133,4792,,,1,70,,30118,4792,,,1,30,,30112,4792,,,1,71,,30140,4792,,,1,29,,30134,4792,,,1,71,,30129,4792,,,1,29,,30113,4792,,,1,70,,30123,4792,,,1,100,,30130,4792,,,1,100,,30124,4792,,,1,99,,15203,4792,,,1,100,,30125,4792,,,1,100,,30137,4792,,,1,100,,30115,4792,,,1
8800,'SE',713,,30151,4792,,,1,21,,30183,4792,,,1,15,,30184,4792,,,1,54,,15219,4792,,,1,15,,30185,4792,,,1,15,,30153,4792,,,1,15,,30154,4792,,,1,69,,30173,4792,,,1,30,,30152,4792,,,1,70,,30150,4792,,,1,30,,30171,4792,,,1,72,,30174,4792,,,1,30,,30143,4792,,,1,70,,30141,4792,,,1,30,,30175,4792,,,1,70,,30144,4792,,,1,30,,30172,4792,,,1,71,,30187,4792,,,1,30,,30176,4792,,,1,57,,30178,4792,,,1,16,,30180,4792,,,1,15,,30145,4792,,,1,15,,30156,4792,,,1,55,,30186,4792,,,1,15,,30161,4792,,,1,13,,30165,4792,,,1,12,,30142,4792,,,1,52,,30166,4792,,,1,12,,30158,4792,,,1,13,,30163,4792,,,1,11,,30149,4792,,,1,11,,30181,4792,,,1,12,,30146,4792,,,1,52,,30157,4792,,,1,12,,30179,4792,,,1,19,,30162,4792,,,1,15,,15235,4792,,,1,62,,30159,4792,,,1,28,,30182,4792,,,1,70,,30177,4792,,,1,28,,15236,4792,,,1,70,,30160,4792,,,1,30,,30148,4792,,,1,70,,30169,4792,,,1,100,,30167,4792,,,1,99,,30170,4792,,,1,100,,30168,4792,,,1
56500,'SE',1610,,32387,6545,,,2
