1401,'SE',600,,22651,4534,,,1,30,,22653,4534,,,1,20,,22656,4534,,,1,56,,22655,4534,,,1,16,,22658,4534,,,1,12,,22652,4534,,,1,16,,22649,4534,,,1,54,,22654,4534,,,1,14,,22657,4534,,,1,16,,22660,4534,,,1,16,,22650,4534,,,1,61,,22659,4534,,,1,24,,22668,4534,,,1,100,,22669,4534,,,1,100,,22673,4534,,,1,100,,22674,4534,,,1,100,,22661,4534,,,1,100,,22665,4534,,,1,100,,22663,4534,,,1,85,,22672,4534,,,1,16,,22667,4534,,,1,19,,22662,4534,,,1,64,,22676,4534,,,1,19,,22675,4534,,,1,21,,22670,4534,,,1,60,,22664,4534,,,1,18,,22666,4534,,,1,68,,22671,4534,,,1
4301,'DI',809,,25991,4795,,,1,100,,25984,4795,,,1,100,,25985,4795,,,1,100,,25986,4795,,,1,101,,25987,4795,,,1,100,,25976,4795,,,1,100,,25977,4795,,,1,100,,25982,4795,,,1,101,,25983,4795,,,1,99,,25988,4795,,,1,100,,25978,4795,,,1,99,,25979,4795,,,1,100,,25980,4795,,,1,100,,25989,4795,,,1,100,,25981,4795,,,1,100,,25992,4795,,,1,99,,25990,4795,,,1,100,,25993,4795,,,1
4301,'F1',709,,26003,4795,,,1,100,,25994,4795,,,1,100,,26004,4795,,,1,100,,26011,4795,,,1,100,,26005,4795,,,1,100,,26009,4795,,,1,101,,25996,4795,,,1,100,,26008,4795,,,1,100,,26006,4795,,,1,101,,26010,4795,,,1,99,,26012,4795,,,1,100,,25995,4795,,,1,99,,25998,4795,,,1,100,,25999,4795,,,1,100,,26007,4795,,,1,100,,26000,4795,,,1,100,,25997,4795,,,1,99,,26001,4795,,,1,100,,26002,4795,,,1
4301,'F2',709,,26021,4795,,,1,100,,26015,4795,,,1,100,,26030,4795,,,1,100,,26026,4795,,,1,100,,26031,4795,,,1,100,,26013,4795,,,1,101,,26020,4795,,,1,100,,26023,4795,,,1,100,,26029,4795,,,1,101,,26014,4795,,,1,99,,26022,4795,,,1,100,,26018,4795,,,1,99,,26024,4795,,,1,100,,26016,4795,,,1,100,,26027,4795,,,1,100,,26019,4795,,,1,100,,26017,4795,,,1,99,,26025,4795,,,1,100,,26028,4795,,,1
4301,'SA',709,,26040,4795,,,1,100,,26034,4795,,,1,100,,26048,4795,,,1,100,,26045,4795,,,1,100,,26049,4795,,,1,100,,26032,4795,,,1,101,,26039,4795,,,1,100,,26042,4795,,,1,100,,8946,4795,,,1,101,,26033,4795,,,1,99,,26041,4795,,,1,100,,26037,4795,,,1,99,,26043,4795,,,1,100,,26035,4795,,,1,100,,26046,4795,,,1,100,,26038,4795,,,1,100,,26036,4795,,,1,99,,26044,4795,,,1,100,,26047,4795,,,1
4301,'SE',656,,26067,4795,,,1,73,,26070,4795,,,1,73,,26051,4795,,,1,22,,26061,4795,,,1,80,,26071,4795,,,1,25,,26050,4795,,,1,30,,26068,4795,,,1,100,,26072,4795,,,1,100,,26052,4795,,,1,100,,26060,4795,,,1,100,,26053,4795,,,1,96,,26069,4795,,,1,74,,26065,4795,,,1,27,,26054,4795,,,1,81,,26055,4795,,,1,66,,26057,4795,,,1,28,,26066,4795,,,1,71,,26063,4795,,,1,30,,26059,4795,,,1,70,,26062,4795,,,1,99,,26075,4795,,,1,100,,26056,4795,,,1,100,,26058,4795,,,1,99,,26073,4795,,,1,100,,26064,4795,,,1,100,,26074,4795,,,1
21400,'DI',913,,31429,4534,,,1,100,,31430,4534,,,1,100,,31431,4534,,,1,100,,31432,4534,,,1,100,,31433,4534,,,1,100,,31434,4534,,,1,100,,31435,4534,,,1,100,,31436,4534,,,1,100,,31437,4534,,,1,100,,31438,4534,,,1
21400,'F1',913,,31439,4534,,,1,100,,31440,4534,,,1,100,,17207,4534,,,1,100,,17208,4534,,,1,100,,17209,4534,,,1,100,,31441,4534,,,1,100,,17211,4534,,,1,100,,17212,4534,,,1,100,,17213,4534,,,1,100,,17214,4534,,,1
21400,'F2',913,,31442,4534,,,1,100,,31443,4534,,,1,100,,31444,4534,,,1,100,,31445,4534,,,1,100,,31446,4534,,,1,100,,31447,4534,,,1,100,,31448,4534,,,1,100,,31449,4534,,,1,100,,31450,4534,,,1,100,,31451,4534,,,1
21400,'SA',913,,31452,4534,,,1,100,,31453,4534,,,1,100,,31454,4534,,,1,100,,31455,4534,,,1,100,,31456,4534,,,1,100,,31457,4534,,,1,100,,31458,4534,,,1,100,,31459,4534,,,1,100,,31460,4534,,,1,100,,31461,4534,,,1
