5001,'DI',641,,26942,1118,,,2,102,,26927,1118,,,2,100,,26935,1118,,,2,100,,26933,1118,,,2,103,,26934,1118,,,2,94,,26936,1118,,,2,103,,26937,1118,,,2,103,,26938,1118,,,2,97,,26926,1118,,,2,96,,26939,1118,,,2,103,,26924,1118,,,2,106,,26923,1118,,,2,95,,26932,1118,,,2,100,,26925,1118,,,2,100,,26928,1118,,,2,100,,26930,1118,,,2,100,,26940,1118,,,2,100,,26929,1118,,,2,100,,26931,1118,,,2,100,,26941,1118,,,2
5001,'F1',643,,26954,1118,,,2,98,,26948,1118,,,2,102,,26959,1118,,,2,97,,26944,1118,,,2,103,,26945,1118,,,2,96,,26961,1118,,,2,102,,26960,1118,,,2,98,,26943,1118,,,2,99,,26955,1118,,,2,103,,26956,1118,,,2,103,,26957,1118,,,2,103,,26958,1118,,,2,96,,26946,1118,,,2,100,,26952,1118,,,2,100,,26949,1118,,,2,100,,26962,1118,,,2,97,,26950,1118,,,2,103,,26951,1118,,,2,101,,26953,1118,,,2,99,,26947,1118,,,2
5001,'F2',643,,26969,1118,,,2,98,,26968,1118,,,2,102,,26973,1118,,,2,97,,26977,1118,,,2,103,,26978,1118,,,2,96,,26982,1118,,,2,102,,26979,1118,,,2,98,,26963,1118,,,2,99,,26964,1118,,,2,103,,26965,1118,,,2,103,,26966,1118,,,2,103,,26967,1118,,,2,96,,26970,1118,,,2,100,,26981,1118,,,2,100,,26980,1118,,,2,100,,26971,1118,,,2,97,,26974,1118,,,2,103,,26975,1118,,,2,101,,26976,1118,,,2,99,,26972,1118,,,2
5001,'SA',643,,26989,1118,,,2,98,,26988,1118,,,2,102,,26993,1118,,,2,97,,26997,1118,,,2,103,,26998,1118,,,2,96,,27002,1118,,,2,102,,26999,1118,,,2,98,,26983,1118,,,2,99,,26984,1118,,,2,103,,26985,1118,,,2,103,,26986,1118,,,2,103,,26987,1118,,,2,96,,26990,1118,,,2,100,,27001,1118,,,2,100,,27000,1118,,,2,100,,26991,1118,,,2,97,,26994,1118,,,2,103,,26995,1118,,,2,101,,26996,1118,,,2,99,,26992,1118,,,2
5001,'SE',533,,27008,1118,,,2,70,,27012,1118,,,2,30,,27014,1118,,,2,70,,27017,1118,,,2,30,,27013,1118,,,2,70,,27009,1118,,,2,30,,27015,1118,,,2,73,,27018,1118,,,2,27,,27026,1118,,,2,100,,27029,1118,,,2,100,,27016,1118,,,2,100,,27011,1118,,,2,100,,27019,1118,,,2,99,,27003,1118,,,2,102,,27020,1118,,,2,68,,27030,1118,,,2,33,,27007,1118,,,2,74,,27031,1118,,,2,26,,27021,1118,,,2,70,,27004,1118,,,2,30,,27027,1118,,,2,68,,27010,1118,,,2,30,,27028,1118,,,2,100,,27005,1118,,,2,100,,27022,1118,,,2,100,,27006,1118,,,2,100,,27023,1118,,,2,100,,27024,1118,,,2,100,,27025,1118,,,2
6001,'SE',548,,27422,4220,,,1,62,,27419,4220,,,1,21,,27413,4220,,,1,28,,27423,4220,,,1,68,,27415,4220,,,1,28,,27424,4220,,,1,66,,27432,4220,,,1,14,,27433,4220,,,1,73,,27425,4220,,,1,100,,27431,4220,,,1,100,,27420,4220,,,1,100,,27426,4220,,,1,101,,27421,4220,,,1,100,,27439,4220,,,1,101,,27434,4220,,,1,99,,27435,4220,,,1,30,,27430,4220,,,1,67,,27427,4220,,,1,24,,27428,4220,,,1,27,,27417,4220,,,1,69,,27436,4220,,,1,30,,27429,4220,,,1,88,,27437,4220,,,1,100,,27416,4220,,,1,100,,27438,4220,,,1,100,,27414,4220,,,1,95,,27418,4220,,,1
16001,'DI',606,,31137,10613,,,1,99,,31132,10613,,,1,100,,31138,10613,,,1,100,,31141,10613,,,1,100,,31144,10613,,,1,100,,31139,10613,,,1,100,,31145,10613,,,1,100,,31136,10613,,,1,100,,31146,10613,,,1,100,,31134,10613,,,1,100,,31131,10613,,,1,100,,31142,10613,,,1,100,,31140,10613,,,1,100,,31147,10613,,,1,100,,31143,10613,,,1,103,,31135,10613,,,1,97,,31133,10613,,,1
16001,'F1',607,,31153,10613,,,1,99,,31152,10613,,,1,99,,31157,10613,,,1,100,,31150,10613,,,1,99,,31149,10613,,,1,101,,31154,10613,,,1,100,,31158,10613,,,1,100,,16717,10613,,,1,100,,31155,10613,,,1,100,,31148,10613,,,1,100,,16718,10613,,,1,100,,31151,10613,,,1,100,,31156,10613,,,1,101,,16719,10613,,,1,99,,31159,10613,,,1,103,,16720,10613,,,1,97,,31160,10613,,,1
16001,'F2',607,,31169,10613,,,1,99,,31167,10613,,,1,99,,31165,10613,,,1,100,,31170,10613,,,1,99,,31164,10613,,,1,101,,31161,10613,,,1,100,,31168,10613,,,1,100,,31174,10613,,,1,100,,31162,10613,,,1,100,,31166,10613,,,1,100,,31175,10613,,,1,100,,31171,10613,,,1,100,,31163,10613,,,1,101,,31176,10613,,,1,99,,31172,10613,,,1,103,,31177,10613,,,1,97,,31173,10613,,,1
16001,'SA',607,,31186,10613,,,1,99,,31184,10613,,,1,99,,31182,10613,,,1,100,,16801,10613,,,1,99,,31181,10613,,,1,101,,31178,10613,,,1,100,,31185,10613,,,1,100,,31189,10613,,,1,100,,31179,10613,,,1,100,,31183,10613,,,1,100,,31190,10613,,,1,100,,16802,10613,,,1,100,,31180,10613,,,1,101,,31191,10613,,,1,99,,31187,10613,,,1,103,,31192,10613,,,1,97,,31188,10613,,,1
16001,'SE',618,,31196,10613,,,1,28,,31197,10613,,,1,68,,31201,10613,,,1,28,,31203,10613,,,1,63,,31213,10613,,,1,23,,31215,10613,,,1,28,,31200,10613,,,1,83,,31214,10613,,,1,98,,31211,10613,,,1,93,,31199,10613,,,1,100,,31202,10613,,,1,100,,31204,10613,,,1,100,,31198,10613,,,1,99,,31216,10613,,,1,93,,31194,10613,,,1,97,,31205,10613,,,1,30,,31193,10613,,,1,67,,31206,10613,,,1,25,,31217,10613,,,1,66,,31195,10613,,,1,99,,31207,10613,,,1,100,,31210,10613,,,1,101,,31208,10613,,,1,100,,31212,10613,,,1,50,,31209,10613,,,1
