801,'DI',556,,21918,15111,,,1,70,,2745,15111,,,1,30,,2752,15111,,,1,70,,21925,15111,,,1,30,,21919,15111,,,1,72,,2746,15111,,,1,30,,2753,15111,,,1,70,,21926,15111,,,1,29,,21920,15111,,,1,70,,2747,15111,,,1,30,,2754,15111,,,1,69,,21927,15111,,,1,30,,21921,15111,,,1,70,,2748,15111,,,1,30,,2755,15111,,,1,70,,21928,15111,,,1,31,,2741,15111,,,1,70,,2749,15111,,,1,31,,2756,15111,,,1,70,,21929,15111,,,1,29,,21923,15111,,,1,70,,2750,15111,,,1,30,,21932,15111,,,1,70,,21930,15111,,,1,19,,21922,15111,,,1,13,,21924,15111,,,1,70,,2751,15111,,,1,28,,21933,15111,,,1,70,,21931,15111,,,1,85,,2742,15111,,,1,100,,21934,15111,,,1,100,,2743,15111,,,1,99,,21935,15111,,,1,100,,2744,15111,,,1,99,,21936,15111,,,1
801,'F1',556,,21941,15111,,,1,70,,21946,15111,,,1,30,,21956,15111,,,1,70,,21959,15111,,,1,30,,21942,15111,,,1,72,,21947,15111,,,1,30,,21957,15111,,,1,70,,21960,15111,,,1,27,,21943,15111,,,1,69,,21948,15111,,,1,30,,21958,15111,,,1,70,,21961,15111,,,1,31,,21944,15111,,,1,70,,21937,15111,,,1,31,,21966,15111,,,1,70,,21962,15111,,,1,31,,21945,15111,,,1,70,,21938,15111,,,1,30,,21967,15111,,,1,70,,21963,15111,,,1,30,,21970,15111,,,1,70,,21939,15111,,,1,30,,21968,15111,,,1,70,,21964,15111,,,1,25,,21949,15111,,,1,50,,21971,15111,,,1,20,,21940,15111,,,1,30,,21969,15111,,,1,70,,21965,15111,,,1,90,,21950,15111,,,1,100,,21953,15111,,,1,100,,21951,15111,,,1,96,,21954,15111,,,1,100,,21952,15111,,,1,100,,21955,15111,,,1
801,'F2',556,,21976,15111,,,1,70,,21988,15111,,,1,30,,21991,15111,,,1,70,,21994,15111,,,1,30,,21977,15111,,,1,72,,21989,15111,,,1,30,,21992,15111,,,1,70,,21995,15111,,,1,27,,21978,15111,,,1,69,,21990,15111,,,1,30,,21993,15111,,,1,70,,21996,15111,,,1,31,,21979,15111,,,1,70,,21984,15111,,,1,31,,22001,15111,,,1,70,,21997,15111,,,1,31,,21980,15111,,,1,70,,21985,15111,,,1,30,,22002,15111,,,1,70,,21998,15111,,,1,30,,22005,15111,,,1,70,,21986,15111,,,1,30,,22003,15111,,,1,70,,21999,15111,,,1,25,,21972,15111,,,1,50,,22006,15111,,,1,20,,21987,15111,,,1,30,,22004,15111,,,1,70,,22000,15111,,,1,90,,21973,15111,,,1,100,,21981,15111,,,1,100,,21974,15111,,,1,96,,21982,15111,,,1,100,,21975,15111,,,1,100,,21983,15111,,,1
801,'SA',556,,22011,15111,,,1,70,,22023,15111,,,1,30,,22026,15111,,,1,70,,22029,15111,,,1,30,,22012,15111,,,1,72,,22024,15111,,,1,30,,22027,15111,,,1,70,,22030,15111,,,1,27,,22013,15111,,,1,69,,22025,15111,,,1,30,,22028,15111,,,1,70,,22031,15111,,,1,31,,22014,15111,,,1,70,,22019,15111,,,1,31,,22036,15111,,,1,70,,22032,15111,,,1,31,,22015,15111,,,1,70,,22020,15111,,,1,30,,22037,15111,,,1,70,,22033,15111,,,1,30,,2977,15111,,,1,70,,22021,15111,,,1,30,,22038,15111,,,1,70,,22034,15111,,,1,25,,22007,15111,,,1,50,,2978,15111,,,1,20,,22022,15111,,,1,30,,22039,15111,,,1,70,,22035,15111,,,1,90,,22008,15111,,,1,100,,22016,15111,,,1,100,,22009,15111,,,1,96,,22017,15111,,,1,100,,22010,15111,,,1,100,,22018,15111,,,1
801,'SE',522,,22066,15111,,,1,33,,22040,15111,,,1,67,,22074,15111,,,1,21,,22076,15111,,,1,5,,22073,15111,,,1,55,,22108,15111,,,1,5,,22083,15111,,,1,11,,22086,15111,,,1,4,,22088,15111,,,1,5,,22045,15111,,,1,3,,22101,15111,,,1,5,,22049,15111,,,1,4,,22109,15111,,,1,3,,22107,15111,,,1,3,,22110,15111,,,1,4,,22056,15111,,,1,9,,22041,15111,,,1,46,,22113,15111,,,1,5,,22068,15111,,,1,7,,22058,15111,,,1,12,,22075,15111,,,1,18,,22077,15111,,,1,58,,22067,15111,,,1,13,,22044,15111,,,1,15,,22046,15111,,,1,15,,22050,15111,,,1,55,,22042,15111,,,1,17,,22059,15111,,,1,15,,22055,15111,,,1,14,,22078,15111,,,1,55,,22052,15111,,,1,16,,22103,15111,,,1,15,,22047,15111,,,1,15,,22051,15111,,,1,55,,22043,15111,,,1,15,,22057,15111,,,1,15,,22060,15111,,,1,16,,22087,15111,,,1,55,,22079,15111,,,1,15,,22089,15111,,,1,15,,22062,15111,,,1,15,,22106,15111,,,1,55,,22112,15111,,,1,15,,22104,15111,,,1,15,,22094,15111,,,1,18,,22092,15111,,,1,55,,22069,15111,,,1,13,,22111,15111,,,1,22,,22053,15111,,,1,11,,22090,15111,,,1,50,,22048,15111,,,1,14,,22105,15111,,,1,16,,22093,15111,,,1,17,,22102,15111,,,1,55,,22061,15111,,,1,13,,22097,15111,,,1,16,,22096,15111,,,1,15,,22080,15111,,,1,55,,22054,15111,,,1,13,,22091,15111,,,1,21,,22095,15111,,,1,61,,22072,15111,,,1,27,,22098,15111,,,1,28,,22084,15111,,,1,71,,22070,15111,,,1,27,,22099,15111,,,1,73,,22081,15111,,,1,27,,22085,15111,,,1,52,,22063,15111,,,1,20,,22071,15111,,,1,29,,22100,15111,,,1,60,,22082,15111,,,1,92,,22064,15111,,,1,100,,22065,15111,,,1
2801,'DI',944,,24777,8788,,,1,100,,24782,8788,,,1,100,,24780,8788,,,1,101,,24778,8788,,,1,100,,24779,8788,,,1,100,,24783,8788,,,1,98,,24786,8788,,,1,99,,24785,8788,,,1,96,,24784,8788,,,1,105,,24781,8788,,,1
2801,'F1',944,,24793,8788,,,1,100,,24791,8788,,,1,100,,24787,8788,,,1,101,,24794,8788,,,1,100,,24792,8788,,,1,100,,24796,8788,,,1,98,,24788,8788,,,1,96,,24790,8788,,,1,99,,24795,8788,,,1,105,,24789,8788,,,1
2801,'F2',944,,24804,8788,,,1,100,,24799,8788,,,1,100,,24797,8788,,,1,101,,24801,8788,,,1,100,,24800,8788,,,1,100,,24802,8788,,,1,98,,24798,8788,,,1,96,,24806,8788,,,1,99,,24805,8788,,,1,105,,24803,8788,,,1
2801,'SA',944,,24813,8788,,,1,100,,24809,8788,,,1,100,,24807,8788,,,1,101,,24810,8788,,,1,100,,7052,8788,,,1,100,,24811,8788,,,1,98,,24808,8788,,,1,96,,24815,8788,,,1,99,,24814,8788,,,1,105,,24812,8788,,,1
2801,'SE',654,,24831,8788,,,1,63,,24849,10497,,,1,18,,24838,8788,,,1,21,,24847,10497,,,1,67,,24850,10497,,,1,21,,24829,8788,,,1,60,,24848,10497,,,1,24,,24820,8788,,,1,29,,24832,8788,,,1,70,,24816,8788,,,1,30,,24830,8788,,,1,70,,24833,8788,,,1,30,,24817,8788,,,1,70,,24839,8788,,,1,30,,24834,8788,,,1,70,,24818,8788,,,1,30,,24840,8788,,,1,71,,24835,8788,,,1,30,,24819,8788,,,1,61,,24841,8788,,,1,12,,24821,8788,,,1,17,,24823,8788,,,1,10,,24851,10497,,,1,57,,24845,8788,,,1,13,,24843,8788,,,1,15,,24826,8788,,,1,58,,24853,10497,,,1,13,,24822,8788,,,1,16,,24824,8788,,,1,13,,24852,10497,,,1,58,,24844,8788,,,1,14,,24836,8788,,,1,21,,24842,8788,,,1,21,,24846,8788,,,1,63,,24828,8788,,,1,100,,24825,8788,,,1,100,,24837,8788,,,1,100,,24827,8788,,,1
8801,'DI',643,,30188,14383,,,1,70,,30193,14383,,,1,30,,30199,14383,,,1,70,,30209,14383,,,1,30,,30189,14383,,,1,70,,30194,14383,,,1,30,,30200,14383,,,1,69,,30210,14383,,,1,29,,30190,14383,,,1,70,,30195,14383,,,1,30,,30201,14383,,,1,70,,30211,14383,,,1,30,,30191,14383,,,1,70,,30196,14383,,,1,30,,30202,14383,,,1,71,,30212,14383,,,1,30,,30192,14383,,,1,71,,30197,14383,,,1,30,,30203,14383,,,1,69,,15257,14383,,,1,30,,30204,14383,,,1,70,,30198,14383,,,1,30,,30213,14383,,,1,72,,15258,14383,,,1,22,,30205,14383,,,1,106,,30214,14383,,,1,100,,30206,14383,,,1,100,,30215,14383,,,1,98,,30207,14383,,,1,100,,30216,14383,,,1,99,,30208,14383,,,1
8801,'F1',641,,30222,14383,,,1,70,,30221,14383,,,1,30,,30236,14383,,,1,69,,30227,14383,,,1,30,,30223,14383,,,1,70,,15317,14383,,,1,32,,30237,14383,,,1,67,,30228,14383,,,1,30,,30224,14383,,,1,69,,15318,14383,,,1,30,,30238,14383,,,1,71,,30229,14383,,,1,30,,15301,14383,,,1,71,,30233,14383,,,1,28,,30239,14383,,,1,71,,30230,14383,,,1,30,,15302,14383,,,1,70,,30234,14383,,,1,30,,30240,14383,,,1,70,,30219,14383,,,1,30,,15303,14383,,,1,71,,30235,14383,,,1,28,,30241,14383,,,1,72,,30220,14383,,,1,21,,30242,14383,,,1,109,,30231,14383,,,1,100,,30225,14383,,,1,100,,30232,14383,,,1,100,,30226,14383,,,1,95,,30218,14383,,,1,100,,30217,14383,,,1
8801,'F2',641,,30246,14383,,,1,70,,30245,14383,,,1,30,,30267,14383,,,1,69,,30258,14383,,,1,30,,30247,14383,,,1,70,,30271,14383,,,1,32,,30268,14383,,,1,67,,30259,14383,,,1,30,,30251,14383,,,1,69,,30272,14383,,,1,30,,30269,14383,,,1,71,,30260,14383,,,1,30,,30252,14383,,,1,71,,30264,14383,,,1,28,,30248,14383,,,1,71,,30261,14383,,,1,30,,30253,14383,,,1,70,,30265,14383,,,1,30,,30249,14383,,,1,70,,30243,14383,,,1,30,,30254,14383,,,1,71,,30266,14383,,,1,28,,30250,14383,,,1,72,,30244,14383,,,1,21,,30273,14383,,,1,109,,30262,14383,,,1,100,,30255,14383,,,1,100,,30263,14383,,,1,100,,30256,14383,,,1,95,,30270,14383,,,1,100,,30257,14383,,,1
8801,'SA',641,,30277,14383,,,1,70,,30276,14383,,,1,30,,30298,14383,,,1,69,,30289,14383,,,1,30,,30278,14383,,,1,70,,30301,14383,,,1,32,,30299,14383,,,1,67,,30290,14383,,,1,30,,30282,14383,,,1,69,,30302,14383,,,1,30,,30300,14383,,,1,71,,30291,14383,,,1,30,,30283,14383,,,1,71,,30295,14383,,,1,28,,30279,14383,,,1,71,,30292,14383,,,1,30,,30284,14383,,,1,70,,30296,14383,,,1,30,,30280,14383,,,1,70,,30274,14383,,,1,30,,30285,14383,,,1,71,,30297,14383,,,1,28,,30281,14383,,,1,72,,30275,14383,,,1,21,,30303,14383,,,1,109,,30293,14383,,,1,100,,30286,14383,,,1,100,,30294,14383,,,1,100,,30287,14383,,,1,95,,15458,14383,,,1,100,,30288,14383,,,1
8801,'SE',638,,30304,14383,,,1,20,,30316,14383,,,1,55,,30306,14383,,,1,12,,15479,14383,,,1,7,,30308,14383,,,1,21,,30318,14383,,,1,49,,30313,14383,,,1,12,,30320,14383,,,1,11,,30310,14383,,,1,10,,30315,14383,,,1,19,,30345,14383,,,1,58,,30346,14383,,,1,30,,30347,14383,,,1,70,,30319,14383,,,1,30,,30334,14383,,,1,70,,30317,14383,,,1,30,,30314,14383,,,1,70,,30332,14383,,,1,30,,30335,14383,,,1,70,,30309,14383,,,1,30,,30307,14383,,,1,70,,30336,14383,,,1,33,,30311,14383,,,1,69,,30333,14383,,,1,9,,15486,14383,,,1,2,,15491,14383,,,1,2,,30326,14383,,,1,7,,30305,14383,,,1,20,,30327,14383,,,1,58,,30339,14383,,,1,12,,30337,14383,,,1,15,,30340,14383,,,1,19,,30342,14383,,,1,53,,30312,14383,,,1,15,,30321,14383,,,1,14,,30348,14383,,,1,16,,30325,14383,,,1,53,,30328,14383,,,1,17,,30329,14383,,,1,17,,30322,14383,,,1,67,,30343,14383,,,1,32,,30341,14383,,,1,70,,15492,14383,,,1,27,,30323,14383,,,1,70,,30344,14383,,,1,30,,30338,14383,,,1,101,,30324,14383,,,1,98,,30331,14383,,,1,100,,30330,14383,,,1
60801,'SE',1520,,32407,9978,,,2,2,,32408,9978,,,2
