801,'DI',548,,21918,12446,,,1,70,,2745,12446,,,1,30,,2752,12446,,,1,70,,21925,12446,,,1,30,,21919,12446,,,1,72,,2746,12446,,,1,30,,2753,12446,,,1,70,,21926,12446,,,1,28,,21920,12446,,,1,70,,2747,12446,,,1,30,,2754,12446,,,1,69,,21927,12446,,,1,30,,21921,12446,,,1,70,,2748,12446,,,1,30,,2755,12446,,,1,70,,21928,12446,,,1,31,,2741,12446,,,1,70,,2749,12446,,,1,31,,2756,12446,,,1,70,,21929,12446,,,1,29,,21923,12446,,,1,70,,2750,12446,,,1,30,,21932,12446,,,1,70,,21930,12446,,,1,19,,21922,12446,,,1,14,,21924,12446,,,1,70,,2751,12446,,,1,28,,21933,12446,,,1,70,,21931,12446,,,1,85,,2742,12446,,,1,100,,21934,12446,,,1,100,,2743,12446,,,1,99,,21935,12446,,,1,100,,2744,12446,,,1,99,,21936,12446,,,1
801,'F1',548,,21941,12446,,,1,70,,21946,12446,,,1,30,,21956,12446,,,1,70,,21959,12446,,,1,30,,21942,12446,,,1,72,,21947,12446,,,1,30,,21957,12446,,,1,70,,21960,12446,,,1,27,,21943,12446,,,1,69,,21948,12446,,,1,30,,21958,12446,,,1,70,,21961,12446,,,1,31,,21944,12446,,,1,70,,21937,12446,,,1,31,,21966,12446,,,1,70,,21962,12446,,,1,31,,21945,12446,,,1,70,,21938,12446,,,1,30,,21967,12446,,,1,70,,21963,12446,,,1,30,,21970,12446,,,1,70,,21939,12446,,,1,30,,21968,12446,,,1,70,,21964,12446,,,1,25,,21949,12446,,,1,10,,21971,12446,,,1,60,,21940,12446,,,1,30,,21969,12446,,,1,70,,21965,12446,,,1,90,,21950,12446,,,1,100,,21953,12446,,,1,100,,21951,12446,,,1,98,,21954,12446,,,1,100,,21952,12446,,,1,100,,21955,12446,,,1
801,'F2',548,,21976,12446,,,1,70,,21988,12446,,,1,30,,21991,12446,,,1,70,,21994,12446,,,1,30,,21977,12446,,,1,72,,21989,12446,,,1,30,,21992,12446,,,1,70,,21995,12446,,,1,27,,21978,12446,,,1,69,,21990,12446,,,1,30,,21993,12446,,,1,70,,21996,12446,,,1,31,,21979,12446,,,1,70,,21984,12446,,,1,31,,22001,12446,,,1,70,,21997,12446,,,1,31,,21980,12446,,,1,70,,21985,12446,,,1,30,,22002,12446,,,1,70,,21998,12446,,,1,30,,22005,12446,,,1,70,,21986,12446,,,1,30,,22003,12446,,,1,70,,21999,12446,,,1,25,,21972,12446,,,1,10,,22006,12446,,,1,60,,21987,12446,,,1,30,,22004,12446,,,1,70,,22000,12446,,,1,90,,21973,12446,,,1,100,,21981,12446,,,1,100,,21974,12446,,,1,98,,21982,12446,,,1,100,,21975,12446,,,1,100,,21983,12446,,,1
801,'SA',548,,22011,12446,,,1,70,,22023,12446,,,1,30,,22026,12446,,,1,70,,22029,12446,,,1,30,,22012,12446,,,1,72,,22024,12446,,,1,30,,22027,12446,,,1,70,,22030,12446,,,1,27,,22013,12446,,,1,69,,22025,12446,,,1,30,,22028,12446,,,1,70,,22031,12446,,,1,31,,22014,12446,,,1,70,,22019,12446,,,1,31,,22036,12446,,,1,70,,22032,12446,,,1,31,,22015,12446,,,1,70,,22020,12446,,,1,30,,22037,12446,,,1,70,,22033,12446,,,1,30,,2977,12446,,,1,70,,22021,12446,,,1,30,,22038,12446,,,1,70,,22034,12446,,,1,25,,22007,12446,,,1,10,,2978,12446,,,1,60,,22022,12446,,,1,30,,22039,12446,,,1,70,,22035,12446,,,1,90,,22008,12446,,,1,100,,22016,12446,,,1,100,,22009,12446,,,1,98,,22017,12446,,,1,100,,22010,12446,,,1,100,,22018,12446,,,1
801,'SE',514,,22066,12446,,,1,33,,22040,12446,,,1,67,,22074,12446,,,1,21,,22076,12446,,,1,5,,22073,12446,,,1,15,,22108,12446,,,1,45,,22083,12446,,,1,11,,22086,12446,,,1,3,,22088,12446,,,1,6,,22045,12446,,,1,2,,22101,12446,,,1,6,,22049,12446,,,1,3,,22109,12446,,,1,4,,22107,12446,,,1,3,,22110,12446,,,1,3,,22056,12446,,,1,9,,22041,12446,,,1,7,,22113,12446,,,1,44,,22068,12446,,,1,8,,22058,12446,,,1,12,,22075,12446,,,1,18,,22077,12446,,,1,18,,22067,12446,,,1,53,,22044,12446,,,1,15,,22046,12446,,,1,15,,22050,12446,,,1,15,,22042,12446,,,1,57,,22059,12446,,,1,15,,22055,12446,,,1,14,,22078,12446,,,1,15,,22052,12446,,,1,56,,22103,12446,,,1,15,,22047,12446,,,1,15,,22051,12446,,,1,15,,22043,12446,,,1,55,,22057,12446,,,1,15,,22060,12446,,,1,16,,22087,12446,,,1,15,,22079,12446,,,1,55,,22089,12446,,,1,15,,22062,12446,,,1,15,,22106,12446,,,1,15,,22112,12446,,,1,55,,22104,12446,,,1,15,,22094,12446,,,1,18,,22092,12446,,,1,55,,22069,12446,,,1,13,,22111,12446,,,1,21,,22053,12446,,,1,11,,22090,12446,,,1,10,,22048,12446,,,1,54,,22105,12446,,,1,16,,22093,12446,,,1,17,,22102,12446,,,1,15,,22061,12446,,,1,52,,22097,12446,,,1,16,,22096,12446,,,1,15,,22080,12446,,,1,15,,22054,12446,,,1,54,,22091,12446,,,1,21,,22095,12446,,,1,22,,22072,12446,,,1,67,,22098,12446,,,1,28,,22084,12446,,,1,71,,22070,12446,,,1,29,,22099,12446,,,1,73,,22081,12446,,,1,27,,22085,12446,,,1,52,,22063,12446,,,1,20,,22071,12446,,,1,29,,22100,12446,,,1,60,,22082,12446,,,1,92,,22064,12446,,,1,100,,22065,12446,,,1
2801,'DI',936,,24777,6123,,,1,100,,24782,6123,,,1,100,,24780,6123,,,1,101,,24778,6123,,,1,100,,24779,6123,,,1,100,,24783,6123,,,1,98,,24786,6123,,,1,99,,24785,6123,,,1,96,,24784,6123,,,1,105,,24781,6123,,,1
2801,'F1',936,,24793,6123,,,1,100,,24791,6123,,,1,100,,24787,6123,,,1,101,,24794,6123,,,1,100,,24792,6123,,,1,100,,24796,6123,,,1,98,,24788,6123,,,1,96,,24790,6123,,,1,99,,24795,6123,,,1,105,,24789,6123,,,1
2801,'F2',936,,24804,6123,,,1,100,,24799,6123,,,1,100,,24797,6123,,,1,101,,24801,6123,,,1,100,,24800,6123,,,1,100,,24802,6123,,,1,98,,24798,6123,,,1,96,,24806,6123,,,1,99,,24805,6123,,,1,105,,24803,6123,,,1
2801,'SA',936,,24813,6123,,,1,100,,24809,6123,,,1,100,,24807,6123,,,1,101,,24810,6123,,,1,100,,7052,6123,,,1,100,,24811,6123,,,1,98,,24808,6123,,,1,96,,24815,6123,,,1,99,,24814,6123,,,1,105,,24812,6123,,,1
2801,'SE',645,,24831,6123,,,1,63,,24849,7832,,,1,18,,24838,6123,,,1,21,,24847,7832,,,1,67,,24850,7832,,,1,21,,24829,6123,,,1,20,,24848,7832,,,1,64,,24820,6123,,,1,29,,24832,6123,,,1,70,,24816,6123,,,1,30,,24830,6123,,,1,70,,24833,6123,,,1,30,,24817,6123,,,1,70,,24839,6123,,,1,30,,24834,6123,,,1,70,,24818,6123,,,1,30,,24840,6123,,,1,71,,24835,6123,,,1,30,,24819,6123,,,1,61,,24841,6123,,,1,12,,24821,6123,,,1,17,,24823,6123,,,1,10,,24851,7832,,,1,57,,24845,6123,,,1,13,,24843,6123,,,1,15,,24826,6123,,,1,18,,24853,7832,,,1,53,,24822,6123,,,1,16,,24824,6123,,,1,13,,24852,7832,,,1,18,,24844,6123,,,1,54,,24836,6123,,,1,22,,24842,6123,,,1,21,,24846,6123,,,1,63,,24828,6123,,,1,100,,24825,6123,,,1,100,,24837,6123,,,1,100,,24827,6123,,,1
8801,'DI',635,,30188,11718,,,1,70,,30193,11718,,,1,30,,30199,11718,,,1,70,,30209,11718,,,1,30,,30189,11718,,,1,70,,30194,11718,,,1,30,,30200,11718,,,1,68,,30210,11718,,,1,29,,30190,11718,,,1,70,,30195,11718,,,1,30,,30201,11718,,,1,70,,30211,11718,,,1,30,,30191,11718,,,1,70,,30196,11718,,,1,30,,30202,11718,,,1,71,,30212,11718,,,1,30,,30192,11718,,,1,71,,30197,11718,,,1,30,,30203,11718,,,1,69,,15257,11718,,,1,30,,30204,11718,,,1,70,,30198,11718,,,1,30,,30213,11718,,,1,73,,15258,11718,,,1,22,,30205,11718,,,1,106,,30214,11718,,,1,100,,30206,11718,,,1,100,,30215,11718,,,1,100,,30207,11718,,,1,100,,30216,11718,,,1,99,,30208,11718,,,1
8801,'F1',633,,30222,11718,,,1,70,,30221,11718,,,1,30,,30236,11718,,,1,69,,30227,11718,,,1,30,,30223,11718,,,1,70,,15317,11718,,,1,32,,30237,11718,,,1,67,,30228,11718,,,1,30,,30224,11718,,,1,69,,15318,11718,,,1,30,,30238,11718,,,1,71,,30229,11718,,,1,30,,15301,11718,,,1,71,,30233,11718,,,1,28,,30239,11718,,,1,71,,30230,11718,,,1,30,,15302,11718,,,1,70,,30234,11718,,,1,30,,30240,11718,,,1,70,,30219,11718,,,1,30,,15303,11718,,,1,71,,30235,11718,,,1,28,,30241,11718,,,1,72,,30220,11718,,,1,21,,30242,11718,,,1,109,,30231,11718,,,1,100,,30225,11718,,,1,100,,30232,11718,,,1,100,,30226,11718,,,1,97,,30218,11718,,,1,100,,30217,11718,,,1
8801,'F2',633,,30246,11718,,,1,70,,30245,11718,,,1,30,,30267,11718,,,1,69,,30258,11718,,,1,30,,30247,11718,,,1,70,,30271,11718,,,1,32,,30268,11718,,,1,67,,30259,11718,,,1,30,,30251,11718,,,1,69,,30272,11718,,,1,30,,30269,11718,,,1,71,,30260,11718,,,1,30,,30252,11718,,,1,71,,30264,11718,,,1,28,,30248,11718,,,1,71,,30261,11718,,,1,30,,30253,11718,,,1,70,,30265,11718,,,1,30,,30249,11718,,,1,70,,30243,11718,,,1,30,,30254,11718,,,1,71,,30266,11718,,,1,28,,30250,11718,,,1,72,,30244,11718,,,1,21,,30273,11718,,,1,109,,30262,11718,,,1,100,,30255,11718,,,1,100,,30263,11718,,,1,100,,30256,11718,,,1,97,,30270,11718,,,1,100,,30257,11718,,,1
8801,'SA',633,,30277,11718,,,1,70,,30276,11718,,,1,30,,30298,11718,,,1,69,,30289,11718,,,1,30,,30278,11718,,,1,70,,30301,11718,,,1,32,,30299,11718,,,1,67,,30290,11718,,,1,30,,30282,11718,,,1,69,,30302,11718,,,1,30,,30300,11718,,,1,71,,30291,11718,,,1,30,,30283,11718,,,1,71,,30295,11718,,,1,28,,30279,11718,,,1,71,,30292,11718,,,1,30,,30284,11718,,,1,70,,30296,11718,,,1,30,,30280,11718,,,1,70,,30274,11718,,,1,30,,30285,11718,,,1,71,,30297,11718,,,1,28,,30281,11718,,,1,72,,30275,11718,,,1,21,,30303,11718,,,1,109,,30293,11718,,,1,100,,30286,11718,,,1,100,,30294,11718,,,1,100,,30287,11718,,,1,97,,15458,11718,,,1,100,,30288,11718,,,1
8801,'SE',630,,30304,11718,,,1,20,,30316,11718,,,1,55,,30306,11718,,,1,12,,15479,11718,,,1,7,,30308,11718,,,1,20,,30318,11718,,,1,9,,30313,11718,,,1,52,,30320,11718,,,1,12,,30310,11718,,,1,10,,30315,11718,,,1,19,,30345,11718,,,1,58,,30346,11718,,,1,30,,30347,11718,,,1,70,,30319,11718,,,1,30,,30334,11718,,,1,70,,30317,11718,,,1,30,,30314,11718,,,1,70,,30332,11718,,,1,30,,30335,11718,,,1,70,,30309,11718,,,1,30,,30307,11718,,,1,70,,30336,11718,,,1,33,,30311,11718,,,1,69,,30333,11718,,,1,9,,15486,11718,,,1,2,,15491,11718,,,1,2,,30326,11718,,,1,7,,30305,11718,,,1,19,,30327,11718,,,1,58,,30339,11718,,,1,12,,30337,11718,,,1,15,,30340,11718,,,1,19,,30342,11718,,,1,52,,30312,11718,,,1,15,,30321,11718,,,1,14,,30348,11718,,,1,16,,30325,11718,,,1,54,,30328,11718,,,1,17,,30329,11718,,,1,18,,30322,11718,,,1,67,,30343,11718,,,1,32,,30341,11718,,,1,70,,15492,11718,,,1,29,,30323,11718,,,1,70,,30344,11718,,,1,30,,30338,11718,,,1,101,,30324,11718,,,1,98,,30331,11718,,,1,100,,30330,11718,,,1
60801,'SE',1512,,32407,7314,,,2,2,,32408,7314,,,2
