2300,'F1',644,,24556,2150,,,1,100,,24557,2150,,,1,100,,24553,2150,,,1,101,,24549,2150,,,1,99,,24551,2150,,,1,103,,24552,2150,,,1,97,,24558,2150,,,1,100,,24550,2150,,,1,100,,24554,2150,,,1,100,,24555,2150,,,1,100,,24559,2150,,,1,102,,24560,2150,,,1
2300,'F2',644,,24569,2150,,,1,100,,24570,2150,,,1,100,,24561,2150,,,1,101,,24562,2150,,,1,99,,24565,2150,,,1,103,,24566,2150,,,1,97,,24571,2150,,,1,100,,24572,2150,,,1,100,,24568,2150,,,1,100,,24567,2150,,,1,100,,24563,2150,,,1,102,,24564,2150,,,1
2300,'SA',644,,24581,2150,,,1,100,,24582,2150,,,1,100,,24573,2150,,,1,101,,24574,2150,,,1,99,,24577,2150,,,1,103,,24578,2150,,,1,97,,24583,2150,,,1,100,,24584,2150,,,1,100,,24580,2150,,,1,100,,24579,2150,,,1,100,,24575,2150,,,1,102,,24576,2150,,,1
2300,'SE',945,,24587,2150,,,1,100,,24585,2150,,,1,100,,24588,2150,,,1,100,,24589,2150,,,1,100,,24586,2150,,,1
12300,'DI',615,,30605,2150,0,46 47,1,100,,30615,2150,0,46 47,1,100,,30606,2150,0,46 47,1,100,,30616,2150,0,46 47,1,100,,30607,2150,0,46 47,1,100,,30617,2150,0,46 47,1,105,,30608,2150,0,46 47,1,95,,30618,2150,0,46 47,1,100,,30609,2150,0,46 47,1,100,,30619,2150,0,46 47,1,100,,30610,2150,0,46 47,1,100,,30620,2150,0,46 47,1,100,,30611,2150,0,46 47,1,100,,30621,2150,0,46 47,1,100,,30612,2150,0,46 47,1,100,,30622,2150,0,46 47,1,100,,30613,2150,0,46 47,1,100,,30623,2150,0,46 47,1,100,,30614,2150,0,46 47,1
12300,'F1',614,,30632,2150,0,46 47,1,100,,30636,2150,0,46 47,1,100,,30626,2150,0,46 47,1,105,,30637,2150,0,46 47,1,99,,30627,2150,0,46 47,1,100,,30624,2150,0,46 47,1,100,,30628,2150,0,46 47,1,96,,30625,2150,0,46 47,1,100,,30629,2150,0,46 47,1,100,,30630,2150,0,46 47,1,104,,30638,2150,0,46 47,1,101,,30631,2150,0,46 47,1,99,,30639,2150,0,46 47,1,96,,30633,2150,0,46 47,1,100,,30640,2150,0,46 47,1,100,,30634,2150,0,46 47,1,100,,30641,2150,0,46 47,1,100,,30635,2150,0,46 47,1,100,,30642,2150,0,46 47,1
12300,'F2',614,,30644,2150,0,46 47,1,100,,30643,2150,0,46 47,1,100,,30645,2150,0,46 47,1,105,,30654,2150,0,46 47,1,99,,30646,2150,0,46 47,1,100,,30655,2150,0,46 47,1,100,,30647,2150,0,46 47,1,96,,30656,2150,0,46 47,1,100,,30648,2150,0,46 47,1,100,,30657,2150,0,46 47,1,104,,30649,2150,0,46 47,1,101,,30658,2150,0,46 47,1,99,,30650,2150,0,46 47,1,96,,30659,2150,0,46 47,1,100,,30651,2150,0,46 47,1,100,,30660,2150,0,46 47,1,100,,30652,2150,0,46 47,1,100,,30661,2150,0,46 47,1,100,,30653,2150,0,46 47,1
12300,'SA',614,,30663,2150,0,46 47,1,100,,30662,2150,0,46 47,1,100,,30664,2150,0,46 47,1,105,,30673,2150,0,46 47,1,99,,30665,2150,0,46 47,1,100,,30674,2150,0,46 47,1,100,,30666,2150,0,46 47,1,96,,30675,2150,0,46 47,1,100,,30667,2150,0,46 47,1,100,,30676,2150,0,46 47,1,104,,30668,2150,0,46 47,1,101,,30677,2150,0,46 47,1,99,,30669,2150,0,46 47,1,96,,30678,2150,0,46 47,1,100,,30670,2150,0,46 47,1,100,,30679,2150,0,46 47,1,100,,30671,2150,0,46 47,1,100,,30680,2150,0,46 47,1,100,,30672,2150,0,46 47,1
12300,'SE',507,,30700,2150,0,46 47,1,33,,30681,2150,0,46 47,1,15,,30688,2150,0,46 47,1,50,,30682,2150,0,46 47,1,10,,30702,2150,0,46 47,1,10,,30693,2150,0,46 47,1,11,,30703,2150,0,46 47,1,8,,30683,2150,0,46 47,1,12,,30707,2150,0,46 47,1,50,,30684,2150,0,46 47,1,21,,30708,2150,0,46 47,1,17,,30704,2150,0,46 47,1,69,,30710,2150,0,46 47,1,29,,30709,2150,0,46 47,1,69,,30690,2150,0,46 47,1,102,,30685,2150,0,46 47,1,100,,30695,2150,0,46 47,1,99,,30705,2150,0,46 47,1,101,,30697,2150,0,46 47,1,5,,30694,2150,0,46 47,1,93,,30701,2150,0,46 47,1,30,,30711,2150,0,46 47,1,70,,30698,2150,0,46 47,1,26,,30696,2150,0,46 47,1,71,,30713,2150,0,46 47,1,31,,30715,2150,0,46 47,1,71,,30687,2150,0,46 47,1,31,,30699,2150,0,46 47,1,76,,30686,2150,0,46 47,1,28,,30712,2150,0,46 47,1,70,,30706,2150,0,46 47,1,30,,30689,2150,0,46 47,1,70,,30714,2150,0,46 47,1,100,,30691,2150,0,46 47,1,100,,30716,2150,0,46 47,1,99,,30692,2150,0,46 47,1,100,,30717,2150,0,46 47,1
17000,'SE',546,,31359,4779,0,48,2,70,,31363,4779,0,48,2,31,,31360,4779,0,48,2,70,,31364,4779,0,48,2,30,,31361,4779,0,48,2,73,,31365,4779,0,48,2,28,,31362,4779,0,48,2,690,,31366,4779,0,48,2,70,,31370,4779,0,48,2,30,,31367,4779,0,48,2,70,,31371,4779,0,48,2,30,,31368,4779,0,48,2,70,,31372,4779,0,48,2,30,,31369,4779,0,48,2
