400,'DI',635,,20715,3765,,,1,70,,20721,3765,,,1,30,,20733,3765,,,1,70,,20730,3765,,,1,32,,20716,3765,,,1,70,,20722,3765,,,1,32,,20736,3765,,,1,70,,20738,3765,,,1,30,,20717,3765,,,1,71,,20723,3765,,,1,30,,20737,3765,,,1,67,,20739,3765,,,1,31,,20718,3765,,,1,72,,20744,3765,,,1,30,,20745,3765,,,1,68,,20740,3765,,,1,31,,20719,3765,,,1,69,,20724,3765,,,1,30,,20747,3765,,,1,72,,20727,3765,,,1,30,,20720,3765,,,1,70,,20725,3765,,,1,30,,20748,3765,,,1,72,,20728,3765,,,1,28,,20741,3765,,,1,70,,20746,3765,,,1,30,,20743,3765,,,1,70,,20735,3765,,,1,30,,20742,3765,,,1,70,,20731,3765,,,1,30,,20714,3765,,,1,70,,20726,3765,,,1,100,,20732,3765,,,1,100,,20734,3765,,,1
400,'F1',635,,20749,3765,,,1,70,,20758,3765,,,1,30,,20760,3765,,,1,70,,20755,3765,,,1,32,,20750,3765,,,1,70,,981,3765,,,1,32,,20778,3765,,,1,71,,20756,3765,,,1,30,,20751,3765,,,1,70,,20768,3765,,,1,30,,20779,3765,,,1,70,,976,3765,,,1,30,,20776,3765,,,1,70,,20759,3765,,,1,30,,20780,3765,,,1,70,,20762,3765,,,1,30,,20769,3765,,,1,70,,20752,3765,,,1,30,,20761,3765,,,1,70,,20777,3765,,,1,30,,20770,3765,,,1,70,,20766,3765,,,1,30,,20771,3765,,,1,70,,20765,3765,,,1,30,,20774,3765,,,1,70,,20775,3765,,,1,30,,20753,3765,,,1,70,,20764,3765,,,1,30,,20773,3765,,,1,70,,20763,3765,,,1,30,,20767,3765,,,1,70,,20757,3765,,,1,100,,20772,3765,,,1,100,,963,3765,,,1
400,'F2',635,,20782,3765,,,1,70,,20790,3765,,,1,30,,20791,3765,,,1,70,,20787,3765,,,1,32,,20783,3765,,,1,70,,20809,3765,,,1,32,,20792,3765,,,1,71,,20788,3765,,,1,30,,20784,3765,,,1,70,,20810,3765,,,1,30,,20793,3765,,,1,70,,20803,3765,,,1,30,,20814,3765,,,1,70,,20801,3765,,,1,30,,20813,3765,,,1,70,,20797,3765,,,1,30,,20781,3765,,,1,70,,20794,3765,,,1,30,,20804,3765,,,1,70,,20815,3765,,,1,30,,20812,3765,,,1,70,,20800,3765,,,1,30,,20806,3765,,,1,70,,20799,3765,,,1,30,,20789,3765,,,1,70,,20805,3765,,,1,30,,20796,3765,,,1,70,,20785,3765,,,1,30,,20808,3765,,,1,70,,20795,3765,,,1,30,,20807,3765,,,1,70,,20811,3765,,,1,100,,20802,3765,,,1,100,,20798,3765,,,1
400,'SA',635,,20816,3765,,,1,70,,1103,3765,,,1,30,,1104,3765,,,1,70,,1102,3765,,,1,32,,20817,3765,,,1,70,,20836,3765,,,1,32,,1105,3765,,,1,71,,20820,3765,,,1,30,,20818,3765,,,1,70,,20837,3765,,,1,30,,1106,3765,,,1,70,,20830,3765,,,1,30,,20841,3765,,,1,70,,20828,3765,,,1,30,,20840,3765,,,1,70,,20824,3765,,,1,30,,1099,3765,,,1,70,,1107,3765,,,1,30,,20831,3765,,,1,70,,20842,3765,,,1,30,,20839,3765,,,1,70,,20827,3765,,,1,30,,20833,3765,,,1,70,,20826,3765,,,1,30,,20821,3765,,,1,70,,20832,3765,,,1,30,,20823,3765,,,1,70,,20819,3765,,,1,30,,20835,3765,,,1,70,,20822,3765,,,1,30,,20834,3765,,,1,70,,20838,3765,,,1,100,,20829,3765,,,1,100,,20825,3765,,,1
400,'SE',601,,20866,3765,,,1,20,,20875,3765,,,1,15,,20868,3765,,,1,20,,20873,3765,,,1,66,,20876,3765,,,1,18,,20870,3765,,,1,64,,1174,3765,,,1,11,,20877,3765,,,1,32,,20869,3765,,,1,53,,20852,3765,,,1,23,,20850,3765,,,1,31,,20843,3765,,,1,70,,20856,3765,,,1,30,,20854,3765,,,1,70,,20863,3765,,,1,30,,20853,3765,,,1,70,,1148,3765,,,1,30,,20862,3765,,,1,70,,20859,3765,,,1,29,,20851,3765,,,1,69,,20844,3765,,,1,31,,1172,3765,,,1,66,,20872,3765,,,1,34,,20878,3765,,,1,71,,20879,3765,,,1,30,,1173,3765,,,1,70,,20871,3765,,,1,24,,20846,3765,,,1,60,,20858,3765,,,1,34,,20860,3765,,,1,74,,1151,3765,,,1,30,,20845,3765,,,1,70,,20861,3765,,,1,30,,20857,3765,,,1,70,,20847,3765,,,1,30,,20855,3765,,,1,69,,20864,3765,,,1,30,,20865,3765,,,1,100,,20849,3765,,,1,100,,20848,3765,,,1
3200,'DI',607,,25140,3765,0,5,2,101,,25141,3765,0,5,2,99,,25142,3765,0,5,2,101,,25143,3765,0,5,2,100,,25146,3765,0,5,2,100,,25148,3765,0,5,2,101,,25144,3765,0,5,2,100,,25150,3765,0,5,2,98,,25149,3765,0,5,2,104,,25152,3765,0,5,2,96,,25151,3765,0,5,2,101,,25154,3765,0,5,2,100,,25153,3765,0,5,2,100,,25147,3765,0,5,2,100,,25138,3765,0,5,2,100,,25155,3765,0,5,2,100,,25157,3765,0,5,2,100,,25145,3765,0,5,2,100,,25156,3765,0,5,2,100,,25139,3765,0,5,2
3200,'F1',607,,25158,3765,0,5,2,101,,25159,3765,0,5,2,96,,25160,3765,0,5,2,102,,25161,3765,0,5,2,101,,25167,3765,0,5,2,101,,25175,3765,0,5,2,99,,25174,3765,0,5,2,103,,25177,3765,0,5,2,102,,25176,3765,0,5,2,97,,25162,3765,0,5,2,98,,25164,3765,0,5,2,101,,25168,3765,0,5,2,100,,25163,3765,0,5,2,100,,25165,3765,0,5,2,100,,25169,3765,0,5,2,100,,25170,3765,0,5,2,100,,25172,3765,0,5,2,100,,25173,3765,0,5,2,100,,25171,3765,0,5,2,100,,25166,3765,0,5,2
3200,'F2',607,,25179,3765,0,5,2,101,,25180,3765,0,5,2,96,,25181,3765,0,5,2,102,,25182,3765,0,5,2,101,,25188,3765,0,5,2,101,,25183,3765,0,5,2,99,,25197,3765,0,5,2,103,,25189,3765,0,5,2,102,,25184,3765,0,5,2,97,,25185,3765,0,5,2,98,,25190,3765,0,5,2,101,,25191,3765,0,5,2,100,,25186,3765,0,5,2,100,,25193,3765,0,5,2,100,,25192,3765,0,5,2,100,,25194,3765,0,5,2,100,,25196,3765,0,5,2,100,,25195,3765,0,5,2,100,,25187,3765,0,5,2,100,,25178,3765,0,5,2
3200,'SA',607,,25199,3765,0,5,2,101,,25200,3765,0,5,2,96,,25201,3765,0,5,2,102,,25202,3765,0,5,2,101,,25208,3765,0,5,2,101,,25203,3765,0,5,2,99,,25217,3765,0,5,2,103,,25209,3765,0,5,2,102,,25204,3765,0,5,2,97,,25205,3765,0,5,2,98,,25210,3765,0,5,2,101,,25211,3765,0,5,2,100,,25206,3765,0,5,2,100,,25213,3765,0,5,2,100,,25212,3765,0,5,2,100,,25214,3765,0,5,2,100,,25216,3765,0,5,2,100,,25215,3765,0,5,2,100,,25207,3765,0,5,2,100,,25198,3765,0,5,2
3200,'SE',617,,25239,3765,,,2,32,,25235,3765,,,2,64,,25233,3765,,,2,32,,25238,3765,,,2,76,,25231,3765,,,2,19,,25220,3765,0,5,2,96,,25227,3765,0,5,2,100,,25228,3765,0,5,2,100,,25230,3765,0,5,2,100,,25219,3765,0,5,2,100,,7688,3765,0,5,2,104,,25221,3765,0,5,2,105,,25234,3765,,,2,68,,25237,3765,,,2,30,,25241,3765,,,2,71,,25240,3765,,,2,25,,25236,3765,,,2,74,,25242,3765,,,2,25,,25232,3765,,,2,73,,25222,3765,0,5,2,30,,25229,3765,0,5,2,100,,25225,3765,0,5,2,100,,25226,3765,0,5,2,100,,25218,3765,0,5,2,100,,25223,3765,0,5,2,101,,25224,3765,0,5,2
3800,'DI',651,,25417,3801,,,1,100,,25423,3801,,,1,100,,25421,3801,,,1,101,,25415,3801,,,1,96,,25424,3801,,,1,100,,25412,3801,,,1,103,,25428,3801,,,1,100,,25416,3801,,,1,100,,25422,3801,,,1,101,,25425,3801,,,1,104,,25413,3801,,,1,101,,25418,3801,,,1,97,,25419,3801,,,1,100,,25414,3801,,,1,99,,25426,3801,,,1,101,,25420,3801,,,1,100,,25427,3801,,,1,100,,25429,3801,,,1
3800,'F1',551,,25446,3801,,,1,100,,25447,3801,,,1,100,,25430,3801,,,1,100,,25448,3801,,,1,100,,25432,3801,,,1,100,,25434,3801,,,1,100,,25433,3801,,,1,104,,25435,3801,,,1,100,,25439,3801,,,1,100,,25436,3801,,,1,102,,25440,3801,,,1,100,,25437,3801,,,1,100,,25441,3801,,,1,97,,25438,3801,,,1,100,,25431,3801,,,1,99,,25442,3801,,,1,100,,25444,3801,,,1,101,,25443,3801,,,1,99,,25445,3801,,,1
3800,'F2',551,,25454,3801,,,1,100,,25451,3801,,,1,100,,25461,3801,,,1,100,,25455,3801,,,1,100,,25462,3801,,,1,100,,25456,3801,,,1,100,,25463,3801,,,1,104,,25457,3801,,,1,100,,25464,3801,,,1,100,,25458,3801,,,1,102,,25452,3801,,,1,100,,25459,3801,,,1,100,,25453,3801,,,1,97,,25460,3801,,,1,100,,25449,3801,,,1,99,,25465,3801,,,1,100,,25450,3801,,,1,101,,25466,3801,,,1,99,,25467,3801,,,1
3800,'SA',551,,25473,3801,,,1,100,,25470,3801,,,1,100,,25480,3801,,,1,100,,25474,3801,,,1,100,,25481,3801,,,1,100,,25475,3801,,,1,100,,25482,3801,,,1,104,,25476,3801,,,1,100,,25483,3801,,,1,100,,25477,3801,,,1,102,,25471,3801,,,1,100,,25478,3801,,,1,100,,25472,3801,,,1,97,,25479,3801,,,1,100,,25468,3801,,,1,99,,25484,3801,,,1,100,,25469,3801,,,1,101,,25485,3801,,,1,99,,25486,3801,,,1
3800,'SE',607,,25508,3801,,,1,21,,25494,3801,,,1,18,,25503,3801,,,1,58,,25495,3801,,,1,24,,25505,3801,,,1,12,,25496,3801,,,1,60,,25515,3801,,,1,24,,25506,3801,,,1,29,,25488,3801,,,1,58,,25504,3801,,,1,17,,25510,3801,,,1,30,,25491,3801,,,1,84,,25511,3801,,,1,100,,25514,3801,,,1,100,,25498,3801,,,1,100,,25516,3801,,,1,95,,25499,3801,,,1,67,,25500,3801,,,1,33,,25487,3801,,,1,70,,25509,3801,,,1,30,,25512,3801,,,1,71,,25489,3801,,,1,26,,25497,3801,,,1,66,,25513,3801,,,1,54,,25493,3801,,,1,100,,25502,3801,,,1,100,,25507,3801,,,1,100,,25501,3801,,,1,100,,25490,3801,,,1,100,,25492,3801,,,1
53201,'SE',904,,32356,2672,,,2,1,,32357,2672,,,2
64000,'SE',1631,,32419,8489,,,2,1,,32420,8489,,,2,1,,32421,8489,,,2
64001,'SE',841,,32423,4195,,,2,1,,32424,4195,,,2,1,,32422,4195,,,2
69700,'SE',1627,,32509,5872,,,2,1,,32510,5872,,,2
