401,'DI',619,,20881,21121,,,1,30,,20888,21121,,,1,70,,20900,21121,,,1,30,,20896,21121,,,1,70,,20882,21121,,,1,30,,20889,21121,,,1,72,,20902,21121,,,1,30,,20904,21121,,,1,70,,20883,21121,,,1,30,,20890,21121,,,1,70,,20903,21121,,,1,30,,20905,21121,,,1,70,,20884,21121,,,1,30,,20910,21121,,,1,70,,20911,21121,,,1,30,,20906,21121,,,1,71,,20885,21121,,,1,29,,20891,21121,,,1,70,,20913,21121,,,1,30,,20894,21121,,,1,72,,20886,21121,,,1,29,,20892,21121,,,1,70,,20914,21121,,,1,34,,20895,21121,,,1,65,,20907,21121,,,1,30,,20912,21121,,,1,70,,20909,21121,,,1,30,,20887,21121,,,1,71,,20908,21121,,,1,29,,20897,21121,,,1,70,,20880,21121,,,1,30,,20893,21121,,,1,100,,20899,21121,,,1,100,,20901,21121,,,1,100,,20898,21121,,,1
401,'F1',619,,20915,21121,,,1,30,,20923,21121,,,1,70,,20926,21121,,,1,30,,20920,21121,,,1,70,,20916,21121,,,1,30,,20924,21121,,,1,72,,20945,21121,,,1,30,,20921,21121,,,1,70,,20917,21121,,,1,30,,20935,21121,,,1,70,,20946,21121,,,1,30,,1236,21121,,,1,70,,20943,21121,,,1,32,,20925,21121,,,1,70,,20947,21121,,,1,30,,20928,21121,,,1,70,,20936,21121,,,1,30,,20918,21121,,,1,70,,20927,21121,,,1,30,,20944,21121,,,1,70,,20937,21121,,,1,30,,20933,21121,,,1,70,,20938,21121,,,1,30,,20932,21121,,,1,70,,20941,21121,,,1,28,,20942,21121,,,1,70,,20919,21121,,,1,30,,20930,21121,,,1,70,,20940,21121,,,1,30,,20929,21121,,,1,70,,20934,21121,,,1,30,,20922,21121,,,1,100,,20939,21121,,,1,100,,1223,21121,,,1,100,,20931,21121,,,1
401,'F2',619,,20949,21121,,,1,30,,20956,21121,,,1,70,,20958,21121,,,1,30,,20953,21121,,,1,70,,20950,21121,,,1,30,,20957,21121,,,1,72,,20959,21121,,,1,30,,20954,21121,,,1,70,,20951,21121,,,1,30,,20977,21121,,,1,70,,20960,21121,,,1,30,,20971,21121,,,1,70,,20981,21121,,,1,32,,20969,21121,,,1,70,,20980,21121,,,1,30,,20964,21121,,,1,70,,20948,21121,,,1,30,,20961,21121,,,1,70,,20972,21121,,,1,30,,20982,21121,,,1,70,,20979,21121,,,1,30,,20968,21121,,,1,70,,20974,21121,,,1,30,,20967,21121,,,1,70,,20955,21121,,,1,28,,20973,21121,,,1,70,,20963,21121,,,1,30,,20952,21121,,,1,70,,20976,21121,,,1,30,,20962,21121,,,1,70,,20975,21121,,,1,30,,20978,21121,,,1,100,,20970,21121,,,1,100,,20966,21121,,,1,100,,20965,21121,,,1
401,'SA',619,,20983,21121,,,1,30,,1360,21121,,,1,70,,1362,21121,,,1,30,,1358,21121,,,1,70,,20984,21121,,,1,30,,1361,21121,,,1,72,,1363,21121,,,1,30,,1359,21121,,,1,70,,20985,21121,,,1,30,,21003,21121,,,1,70,,1364,21121,,,1,30,,20997,21121,,,1,70,,21007,21121,,,1,32,,20995,21121,,,1,70,,21006,21121,,,1,30,,20990,21121,,,1,70,,1356,21121,,,1,30,,1365,21121,,,1,70,,20998,21121,,,1,30,,21008,21121,,,1,70,,21005,21121,,,1,30,,20994,21121,,,1,70,,21000,21121,,,1,30,,20993,21121,,,1,70,,20987,21121,,,1,28,,20999,21121,,,1,70,,20989,21121,,,1,30,,20986,21121,,,1,70,,21002,21121,,,1,30,,20988,21121,,,1,70,,21001,21121,,,1,30,,21004,21121,,,1,100,,20996,21121,,,1,100,,20992,21121,,,1,100,,20991,21121,,,1
401,'SE',624,,21024,21121,,,1,22,,21022,21121,,,1,58,,21034,21121,,,1,21,,21011,21121,,,1,76,,21009,21121,,,1,34,,21012,21121,,,1,73,,21040,21121,,,1,30,,21020,21121,,,1,70,,21027,21121,,,1,30,,1417,21121,,,1,70,,21042,21121,,,1,30,,21036,21121,,,1,70,,21013,21121,,,1,30,,21031,21121,,,1,73,,1416,21121,,,1,32,,21032,21121,,,1,70,,21021,21121,,,1,30,,21030,21121,,,1,66,,21010,21121,,,1,34,,21038,21121,,,1,15,,1420,21121,,,1,63,,21014,21121,,,1,26,,21033,21121,,,1,59,,21016,21121,,,1,20,,21017,21121,,,1,23,,21035,21121,,,1,53,,21041,21121,,,1,20,,21037,21121,,,1,24,,21026,21121,,,1,13,,1421,21121,,,1,67,,21015,21121,,,1,30,,21039,21121,,,1,67,,21023,21121,,,1,27,,21018,21121,,,1,70,,21029,21121,,,1,30,,21043,21121,,,1,70,,21044,21121,,,1,100,,21019,21121,,,1,96,,21025,21121,,,1,100,,21028,21121,,,1
3201,'DI',551,,25245,10912,,,2,99,,25246,10912,,,2,101,,25247,10912,,,2,99,,25248,10912,,,2,102,,25249,10912,,,2,102,,25252,10912,,,2,102,,25254,10912,,,2,103,,25250,10912,,,2,143,,25256,10912,,,2,98,,25255,10912,,,2,103,,25258,10912,,,2,55,,25257,10912,,,2,98,,25260,10912,,,2,99,,25259,10912,,,2,99,,25253,10912,,,2,99,,25243,10912,,,2,100,,25261,10912,,,2,100,,25263,10912,,,2,100,,25251,10912,,,2,100,,25262,10912,,,2,99,,25244,10912,,,2
3201,'F1',551,,25264,10912,,,2,99,,25265,10912,,,2,101,,25266,10912,,,2,96,,25267,10912,,,2,103,,25268,10912,,,2,103,,25274,10912,,,2,103,,25282,10912,,,2,101,,25281,10912,,,2,146,,25284,10912,,,2,102,,25283,10912,,,2,96,,25269,10912,,,2,57,,25271,10912,,,2,98,,25275,10912,,,2,99,,25270,10912,,,2,99,,25272,10912,,,2,99,,25276,10912,,,2,100,,25277,10912,,,2,100,,25279,10912,,,2,100,,25280,10912,,,2,100,,25278,10912,,,2,99,,25273,10912,,,2
3201,'F2',551,,25286,10912,,,2,99,,25287,10912,,,2,101,,25288,10912,,,2,96,,25289,10912,,,2,103,,25290,10912,,,2,103,,25296,10912,,,2,103,,25291,10912,,,2,101,,25305,10912,,,2,146,,25297,10912,,,2,102,,25292,10912,,,2,96,,25293,10912,,,2,57,,25298,10912,,,2,98,,25299,10912,,,2,99,,25294,10912,,,2,99,,25301,10912,,,2,99,,25300,10912,,,2,100,,25302,10912,,,2,100,,25304,10912,,,2,100,,25303,10912,,,2,100,,25295,10912,,,2,99,,25285,10912,,,2
3201,'SA',551,,25307,10912,,,2,99,,25308,10912,,,2,101,,25309,10912,,,2,96,,25310,10912,,,2,103,,25311,10912,,,2,103,,25317,10912,,,2,103,,25312,10912,,,2,101,,25326,10912,,,2,146,,25318,10912,,,2,102,,25313,10912,,,2,96,,25314,10912,,,2,57,,25319,10912,,,2,98,,25320,10912,,,2,99,,25315,10912,,,2,99,,25322,10912,,,2,99,,25321,10912,,,2,100,,25323,10912,,,2,100,,25325,10912,,,2,100,,25324,10912,,,2,100,,25316,10912,,,2,99,,25306,10912,,,2
3201,'SE',528,,25342,15199,,,2,30,,25348,15199,,,2,70,,25346,15199,,,2,31,,25351,15199,,,2,77,,25349,15199,,,2,67,,25343,15199,,,2,24,,25340,15199,,,2,31,,25347,15199,,,2,75,,25338,15199,,,2,92,,25334,10912,,,2,101,,25335,10912,,,2,100,,25337,10912,,,2,100,,25329,10912,,,2,101,,7845,10912,,,2,103,,25330,10912,,,2,105,,25327,10912,,,2,20,,25341,15199,,,2,72,,25345,15199,,,2,30,,25352,15199,,,2,70,,25350,15199,,,2,23,,25344,15199,,,2,70,,25353,15199,,,2,25,,25339,15199,,,2,86,,25336,10912,,,2,100,,25332,10912,,,2,97,,25333,10912,,,2,100,,25328,10912,,,2,98,,25331,10912,,,2
13201,'DI',732,,30958,12334,,,2,100,,30956,12334,,,2,100,,30957,12334,,,2,100,,30962,12334,,,2,100,,30959,12334,,,2,100,,30960,12334,,,2,100,,30963,12334,,,2,100,,30966,12334,,,2,100,,30964,12334,,,2,105,,30968,12334,,,2,95,,30967,12334,,,2,100,,30965,12334,,,2,101,,30969,12334,,,2,97,,30970,12334,,,2,100,,30961,12334,,,2,100,,30955,12334,,,2,100,,30971,12334,,,2,100,,30972,12334,,,2
13201,'F1',732,,30973,12334,,,2,100,,30986,12334,,,2,100,,30977,12334,,,2,100,,30987,12334,,,2,103,,30974,12334,,,2,97,,30978,12334,,,2,104,,30988,12334,,,2,96,,30985,12334,,,2,104,,30989,12334,,,2,96,,30979,12334,,,2,100,,30975,12334,,,2,100,,30976,12334,,,2,101,,30980,12334,,,2,97,,30981,12334,,,2,100,,16454,12334,,,2,100,,30984,12334,,,2,100,,30982,12334,,,2,100,,30983,12334,,,2
13201,'F2',732,,30991,12334,,,2,100,,31007,12334,,,2,100,,30995,12334,,,2,100,,30990,12334,,,2,103,,30992,12334,,,2,97,,30996,12334,,,2,104,,30993,12334,,,2,96,,31006,12334,,,2,104,,30997,12334,,,2,96,,30999,12334,,,2,100,,30994,12334,,,2,100,,30998,12334,,,2,101,,31000,12334,,,2,97,,31002,12334,,,2,100,,31001,12334,,,2,100,,31004,12334,,,2,100,,31003,12334,,,2,100,,31005,12334,,,2
13201,'SA',732,,31009,12334,,,2,100,,31025,12334,,,2,100,,31013,12334,,,2,100,,31008,12334,,,2,103,,31010,12334,,,2,97,,31014,12334,,,2,104,,31011,12334,,,2,96,,31024,12334,,,2,104,,31015,12334,,,2,96,,31017,12334,,,2,100,,31012,12334,,,2,100,,31016,12334,,,2,101,,31018,12334,,,2,97,,31020,12334,,,2,100,,31019,12334,,,2,100,,31022,12334,,,2,100,,31021,12334,,,2,100,,31023,12334,,,2
13201,'SE',603,,31032,12334,,,2,30,,31029,12334,,,2,75,,31038,12334,,,2,20,,31031,12334,,,2,26,,31036,12334,,,2,50,,31042,12334,,,2,10,,31040,12334,,,2,22,,31039,12334,,,2,16,,31033,12334,,,2,55,,31037,12334,,,2,20,,31041,12334,,,2,19,,31051,12334,,,2,59,,16560,12334,,,2,97,,31052,12334,,,2,99,,16564,12334,,,2,56,,31050,12334,,,2,100,,31043,12334,,,2,152,,31044,12334,,,2,11,,31047,12334,,,2,3,,31026,12334,,,2,83,,31034,12334,,,2,25,,31045,12334,,,2,21,,31048,12334,,,2,58,,31030,12334,,,2,23,,31035,12334,,,2,19,,31028,12334,,,2,56,,31046,12334,,,2,19,,31027,12334,,,2,80,,31049,12334,,,2
69300,'SE',1634,,32493,8126,4,,2,1,,32494,8126,4,,2
