801,'DI',602,,21918,17110,,,1,30,,2745,17110,,,1,70,,2752,17110,,,1,30,,21925,17110,,,1,70,,21919,17110,,,1,33,,2746,17110,,,1,70,,2753,17110,,,1,30,,21926,17110,,,1,69,,21920,17110,,,1,30,,2747,17110,,,1,70,,2754,17110,,,1,29,,21927,17110,,,1,70,,21921,17110,,,1,30,,2748,17110,,,1,70,,2755,17110,,,1,30,,21928,17110,,,1,71,,2741,17110,,,1,30,,2749,17110,,,1,71,,2756,17110,,,1,30,,21929,17110,,,1,69,,21923,17110,,,1,30,,2750,17110,,,1,70,,21932,17110,,,1,30,,21930,17110,,,1,19,,21922,17110,,,1,53,,21924,17110,,,1,30,,2751,17110,,,1,68,,21933,17110,,,1,30,,21931,17110,,,1,85,,2742,17110,,,1,100,,21934,17110,,,1,100,,2743,17110,,,1,98,,21935,17110,,,1,100,,2744,17110,,,1,99,,21936,17110,,,1
801,'F1',602,,21941,17110,,,1,30,,21946,17110,,,1,70,,21956,17110,,,1,30,,21959,17110,,,1,70,,21942,17110,,,1,33,,21947,17110,,,1,70,,21957,17110,,,1,30,,21960,17110,,,1,67,,21943,17110,,,1,29,,21948,17110,,,1,70,,21958,17110,,,1,30,,21961,17110,,,1,71,,21944,17110,,,1,30,,21937,17110,,,1,71,,21966,17110,,,1,30,,21962,17110,,,1,71,,21945,17110,,,1,30,,21938,17110,,,1,70,,21967,17110,,,1,30,,21963,17110,,,1,70,,21970,17110,,,1,30,,21939,17110,,,1,70,,21968,17110,,,1,30,,21964,17110,,,1,25,,21949,17110,,,1,50,,21971,17110,,,1,20,,21940,17110,,,1,30,,21969,17110,,,1,70,,21965,17110,,,1,90,,21950,17110,,,1,100,,21953,17110,,,1,100,,21951,17110,,,1,95,,21954,17110,,,1,100,,21952,17110,,,1,100,,21955,17110,,,1
801,'F2',602,,21976,17110,,,1,30,,21988,17110,,,1,70,,21991,17110,,,1,30,,21994,17110,,,1,70,,21977,17110,,,1,33,,21989,17110,,,1,70,,21992,17110,,,1,30,,21995,17110,,,1,67,,21978,17110,,,1,29,,21990,17110,,,1,70,,21993,17110,,,1,30,,21996,17110,,,1,71,,21979,17110,,,1,30,,21984,17110,,,1,71,,22001,17110,,,1,30,,21997,17110,,,1,71,,21980,17110,,,1,30,,21985,17110,,,1,70,,22002,17110,,,1,30,,21998,17110,,,1,70,,22005,17110,,,1,30,,21986,17110,,,1,70,,22003,17110,,,1,30,,21999,17110,,,1,25,,21972,17110,,,1,50,,22006,17110,,,1,20,,21987,17110,,,1,30,,22004,17110,,,1,70,,22000,17110,,,1,90,,21973,17110,,,1,100,,21981,17110,,,1,100,,21974,17110,,,1,95,,21982,17110,,,1,100,,21975,17110,,,1,100,,21983,17110,,,1
801,'SA',602,,22011,17110,,,1,30,,22023,17110,,,1,70,,22026,17110,,,1,30,,22029,17110,,,1,70,,22012,17110,,,1,33,,22024,17110,,,1,70,,22027,17110,,,1,30,,22030,17110,,,1,67,,22013,17110,,,1,29,,22025,17110,,,1,70,,22028,17110,,,1,30,,22031,17110,,,1,71,,22014,17110,,,1,30,,22019,17110,,,1,71,,22036,17110,,,1,30,,22032,17110,,,1,71,,22015,17110,,,1,30,,22020,17110,,,1,70,,22037,17110,,,1,30,,22033,17110,,,1,70,,2977,17110,,,1,30,,22021,17110,,,1,70,,22038,17110,,,1,30,,22034,17110,,,1,25,,22007,17110,,,1,50,,2978,17110,,,1,20,,22022,17110,,,1,30,,22039,17110,,,1,70,,22035,17110,,,1,90,,22008,17110,,,1,100,,22016,17110,,,1,100,,22009,17110,,,1,95,,22017,17110,,,1,100,,22010,17110,,,1,100,,22018,17110,,,1
801,'SE',529,,22066,17110,,,1,73,,22040,17110,,,1,27,,22074,17110,,,1,21,,22076,17110,,,1,6,,22073,17110,,,1,55,,22108,17110,,,1,5,,22083,17110,,,1,11,,22086,17110,,,1,4,,22088,17110,,,1,5,,22045,17110,,,1,3,,22101,17110,,,1,5,,22049,17110,,,1,4,,22109,17110,,,1,3,,22107,17110,,,1,3,,22110,17110,,,1,4,,22056,17110,,,1,49,,22041,17110,,,1,6,,22113,17110,,,1,5,,22068,17110,,,1,7,,22058,17110,,,1,12,,22075,17110,,,1,18,,22077,17110,,,1,58,,22067,17110,,,1,13,,22044,17110,,,1,15,,22046,17110,,,1,15,,22050,17110,,,1,55,,22042,17110,,,1,17,,22059,17110,,,1,15,,22055,17110,,,1,14,,22078,17110,,,1,55,,22052,17110,,,1,16,,22103,17110,,,1,15,,22047,17110,,,1,15,,22051,17110,,,1,55,,22043,17110,,,1,15,,22057,17110,,,1,15,,22060,17110,,,1,16,,22087,17110,,,1,55,,22079,17110,,,1,15,,22089,17110,,,1,15,,22062,17110,,,1,15,,22106,17110,,,1,55,,22112,17110,,,1,15,,22104,17110,,,1,15,,22094,17110,,,1,59,,22092,17110,,,1,15,,22069,17110,,,1,13,,22111,17110,,,1,22,,22053,17110,,,1,51,,22090,17110,,,1,10,,22048,17110,,,1,14,,22105,17110,,,1,16,,22093,17110,,,1,58,,22102,17110,,,1,15,,22061,17110,,,1,12,,22097,17110,,,1,16,,22096,17110,,,1,55,,22080,17110,,,1,15,,22054,17110,,,1,12,,22091,17110,,,1,21,,22095,17110,,,1,61,,22072,17110,,,1,27,,22098,17110,,,1,68,,22084,17110,,,1,31,,22070,17110,,,1,67,,22099,17110,,,1,33,,22081,17110,,,1,67,,22085,17110,,,1,11,,22063,17110,,,1,20,,22071,17110,,,1,69,,22100,17110,,,1,20,,22082,17110,,,1,92,,22064,17110,,,1,100,,22065,17110,,,1
2801,'DI',950,,24777,10786,,,1,100,,24782,10786,,,1,100,,24780,10786,,,1,102,,24778,10786,,,1,100,,24779,10786,,,1,100,,24783,10786,,,1,97,,24786,10786,,,1,99,,24785,10786,,,1,96,,24784,10786,,,1,105,,24781,10786,,,1
2801,'F1',950,,24793,10786,,,1,100,,24791,10786,,,1,100,,24787,10786,,,1,102,,24794,10786,,,1,100,,24792,10786,,,1,100,,24796,10786,,,1,97,,24788,10786,,,1,96,,24790,10786,,,1,99,,24795,10786,,,1,105,,24789,10786,,,1
2801,'F2',950,,24804,10786,,,1,100,,24799,10786,,,1,100,,24797,10786,,,1,102,,24801,10786,,,1,100,,24800,10786,,,1,100,,24802,10786,,,1,97,,24798,10786,,,1,96,,24806,10786,,,1,99,,24805,10786,,,1,105,,24803,10786,,,1
2801,'SA',950,,24813,10786,,,1,100,,24809,10786,,,1,100,,24807,10786,,,1,102,,24810,10786,,,1,100,,7052,10786,,,1,100,,24811,10786,,,1,97,,24808,10786,,,1,96,,24815,10786,,,1,99,,24814,10786,,,1,105,,24812,10786,,,1
2801,'SE',701,,24831,10786,,,1,23,,24849,12496,,,1,18,,24838,10786,,,1,61,,24847,12496,,,1,27,,24850,12496,,,1,21,,24829,10786,,,1,60,,24848,12496,,,1,24,,24820,10786,,,1,69,,24832,10786,,,1,30,,24816,10786,,,1,70,,24830,10786,,,1,30,,24833,10786,,,1,70,,24817,10786,,,1,30,,24839,10786,,,1,70,,24834,10786,,,1,30,,24818,10786,,,1,70,,24840,10786,,,1,32,,24835,10786,,,1,70,,24819,10786,,,1,21,,24841,10786,,,1,12,,24821,10786,,,1,17,,24823,10786,,,1,50,,24851,12496,,,1,17,,24845,10786,,,1,13,,24843,10786,,,1,15,,24826,10786,,,1,58,,24853,12496,,,1,13,,24822,10786,,,1,16,,24824,10786,,,1,13,,24852,12496,,,1,58,,24844,10786,,,1,14,,24836,10786,,,1,20,,24842,10786,,,1,61,,24846,10786,,,1,23,,24828,10786,,,1,100,,24825,10786,,,1,100,,24837,10786,,,1,100,,24827,10786,,,1
7501,'DI',551,,28892,4924,,,2,100,,28880,4924,,,2,100,,28884,4924,,,2,100,,28878,4924,,,2,101,,28881,4924,,,2,100,,28885,4924,,,2,100,,28882,4924,,,2,100,,28883,4924,,,2,100,,28886,4924,,,2,100,,28893,4924,,,2,100,,28894,4924,,,2,100,,28887,4924,,,2,100,,28888,4924,,,2,100,,28889,4924,,,2,100,,28879,4924,,,2,99,,28895,4924,,,2,100,,28890,4924,,,2,100,,28896,4924,,,2,100,,28891,4924,,,2
7501,'F1',551,,13203,4924,,,2,100,,28906,4924,,,2,100,,28912,4924,,,2,100,,28907,4924,,,2,101,,28910,4924,,,2,100,,28911,4924,,,2,100,,28908,4924,,,2,100,,28902,4924,,,2,100,,28909,4924,,,2,100,,28903,4924,,,2,100,,28904,4924,,,2,100,,28913,4924,,,2,105,,28914,4924,,,2,95,,28915,4924,,,2,100,,28897,4924,,,2,99,,28899,4924,,,2,100,,28898,4924,,,2,100,,28905,4924,,,2,100,,28900,4924,,,2,100,,28901,4924,,,2
7501,'F2',551,,28927,4924,,,2,100,,28919,4924,,,2,100,,28930,4924,,,2,100,,28935,4924,,,2,101,,28920,4924,,,2,100,,28918,4924,,,2,100,,28931,4924,,,2,100,,28921,4924,,,2,100,,28924,4924,,,2,100,,28932,4924,,,2,100,,28922,4924,,,2,100,,28923,4924,,,2,105,,28933,4924,,,2,95,,28934,4924,,,2,100,,28925,4924,,,2,99,,28926,4924,,,2,100,,28929,4924,,,2,100,,28928,4924,,,2,100,,28917,4924,,,2,100,,28916,4924,,,2
7501,'SA',551,,28947,4924,,,2,100,,28939,4924,,,2,100,,28949,4924,,,2,100,,28954,4924,,,2,101,,28940,4924,,,2,100,,28938,4924,,,2,100,,28950,4924,,,2,100,,28941,4924,,,2,100,,28944,4924,,,2,100,,28951,4924,,,2,100,,28942,4924,,,2,100,,28943,4924,,,2,105,,28952,4924,,,2,95,,28953,4924,,,2,100,,28945,4924,,,2,99,,28946,4924,,,2,100,,13279,4924,,,2,100,,28948,4924,,,2,100,,28937,4924,,,2,100,,28936,4924,,,2
7501,'SE',553,,28957,4924,,,2,90,,28958,4924,,,2,72,,28976,4924,,,2,20,,28969,4924,,,2,20,,28966,4924,,,2,97,,28967,4924,,,2,100,,28955,4924,,,2,100,,28963,4924,,,2,100,,28956,4924,,,2,100,,28970,4924,,,2,100,,28968,4924,,,2,100,,28964,4924,,,2,101,,28959,4924,,,2,101,,28971,4924,,,2,99,,28972,4924,,,2,98,,28973,4924,,,2,100,,28960,4924,,,2,100,,28965,4924,,,2,100,,28961,4924,,,2,100,,28974,4924,,,2,100,,28962,4924,,,2,100,,28975,4924,,,2
8101,'DI',648,,29607,20778,,,1,100,,29604,20778,,,1,100,,29593,20778,,,1,103,,29600,20778,,,1,100,,29594,20778,,,1,100,,29602,20778,,,1,100,,29606,20778,,,1,100,,29608,20778,,,1,100,,29597,20778,,,1,100,,29601,20778,,,1,100,,29592,20778,,,1,96,,29605,20778,,,1,108,,29595,20778,,,1,96,,29603,20778,,,1,100,,29596,20778,,,1,100,,29609,20778,,,1,100,,29598,20778,,,1,100,,29611,20778,,,1,100,,29610,20778,,,1
8101,'F1',648,,29614,20778,,,1,100,,29612,20778,,,1,100,,29620,20778,,,1,103,,29628,20778,,,1,100,,29625,20778,,,1,100,,29613,20778,,,1,100,,29621,20778,,,1,100,,29618,20778,,,1,100,,29626,20778,,,1,100,,29632,20778,,,1,100,,29629,20778,,,1,100,,29627,20778,,,1,104,,29624,20778,,,1,96,,29623,20778,,,1,100,,29630,20778,,,1,100,,29616,20778,,,1,100,,29619,20778,,,1,100,,29622,20778,,,1,100,,29615,20778,,,1,100,,29617,20778,,,1
8101,'F2',648,,29638,20778,,,1,100,,29645,20778,,,1,100,,29651,20778,,,1,103,,29646,20778,,,1,100,,29647,20778,,,1,100,,29652,20778,,,1,100,,29633,20778,,,1,100,,29635,20778,,,1,100,,29641,20778,,,1,100,,29648,20778,,,1,100,,29653,20778,,,1,100,,29639,20778,,,1,104,,29642,20778,,,1,96,,29649,20778,,,1,100,,29634,20778,,,1,100,,29643,20778,,,1,100,,29637,20778,,,1,100,,29650,20778,,,1,100,,29644,20778,,,1,100,,29640,20778,,,1
8101,'SA',648,,29659,20778,,,1,100,,29666,20778,,,1,100,,29672,20778,,,1,103,,29667,20778,,,1,100,,29668,20778,,,1,100,,14421,20778,,,1,100,,29654,20778,,,1,100,,29656,20778,,,1,100,,29662,20778,,,1,100,,29669,20778,,,1,100,,29673,20778,,,1,100,,29660,20778,,,1,104,,29663,20778,,,1,96,,29670,20778,,,1,100,,29655,20778,,,1,100,,29664,20778,,,1,100,,29658,20778,,,1,100,,29671,20778,,,1,100,,29665,20778,,,1,100,,29661,20778,,,1
8101,'SE',619,,29691,20778,,,1,30,,29688,20778,,,1,62,,29677,20778,,,1,38,,29689,20778,,,1,70,,29684,20778,,,1,31,,29694,20778,,,1,69,,29690,20778,,,1,36,,29682,20778,,,1,98,,29674,20778,,,1,100,,29692,20778,,,1,100,,29683,20778,,,1,100,,29701,20778,,,1,100,,29699,20778,,,1,100,,29680,20778,,,1,71,,29697,20778,,,1,30,,29702,20778,,,1,70,,29693,20778,,,1,30,,29685,20778,,,1,70,,29676,20778,,,1,30,,29698,20778,,,1,70,,29686,20778,,,1,26,,29675,20778,,,1,100,,29681,20778,,,1,100,,29678,20778,,,1,100,,29695,20778,,,1,100,,29700,20778,,,1,100,,29679,20778,,,1,100,,29696,20778,,,1
8801,'DI',649,,30188,16382,,,1,70,,30193,16382,,,1,30,,30199,16382,,,1,70,,30209,16382,,,1,31,,30189,16382,,,1,70,,30194,16382,,,1,30,,30200,16382,,,1,69,,30210,16382,,,1,29,,30190,16382,,,1,70,,30195,16382,,,1,30,,30201,16382,,,1,70,,30211,16382,,,1,30,,30191,16382,,,1,70,,30196,16382,,,1,30,,30202,16382,,,1,71,,30212,16382,,,1,30,,30192,16382,,,1,71,,30197,16382,,,1,30,,30203,16382,,,1,69,,15257,16382,,,1,30,,30204,16382,,,1,70,,30198,16382,,,1,30,,30213,16382,,,1,72,,15258,16382,,,1,22,,30205,16382,,,1,106,,30214,16382,,,1,99,,30206,16382,,,1,100,,30215,16382,,,1,98,,30207,16382,,,1,100,,30216,16382,,,1,99,,30208,16382,,,1
8801,'F1',647,,30222,16382,,,1,70,,30221,16382,,,1,30,,30236,16382,,,1,70,,30227,16382,,,1,30,,30223,16382,,,1,70,,15317,16382,,,1,32,,30237,16382,,,1,67,,30228,16382,,,1,30,,30224,16382,,,1,69,,15318,16382,,,1,30,,30238,16382,,,1,71,,30229,16382,,,1,30,,15301,16382,,,1,71,,30233,16382,,,1,28,,30239,16382,,,1,71,,30230,16382,,,1,30,,15302,16382,,,1,70,,30234,16382,,,1,30,,30240,16382,,,1,70,,30219,16382,,,1,30,,15303,16382,,,1,71,,30235,16382,,,1,28,,30241,16382,,,1,72,,30220,16382,,,1,21,,30242,16382,,,1,109,,30231,16382,,,1,100,,30225,16382,,,1,100,,30232,16382,,,1,100,,30226,16382,,,1,94,,30218,16382,,,1,100,,30217,16382,,,1
8801,'F2',647,,30246,16382,,,1,70,,30245,16382,,,1,30,,30267,16382,,,1,70,,30258,16382,,,1,30,,30247,16382,,,1,70,,30271,16382,,,1,32,,30268,16382,,,1,67,,30259,16382,,,1,30,,30251,16382,,,1,69,,30272,16382,,,1,30,,30269,16382,,,1,71,,30260,16382,,,1,30,,30252,16382,,,1,71,,30264,16382,,,1,28,,30248,16382,,,1,71,,30261,16382,,,1,30,,30253,16382,,,1,70,,30265,16382,,,1,30,,30249,16382,,,1,70,,30243,16382,,,1,30,,30254,16382,,,1,71,,30266,16382,,,1,28,,30250,16382,,,1,72,,30244,16382,,,1,21,,30273,16382,,,1,109,,30262,16382,,,1,100,,30255,16382,,,1,100,,30263,16382,,,1,100,,30256,16382,,,1,94,,30270,16382,,,1,100,,30257,16382,,,1
8801,'SA',647,,30277,16382,,,1,70,,30276,16382,,,1,30,,30298,16382,,,1,70,,30289,16382,,,1,30,,30278,16382,,,1,70,,30301,16382,,,1,32,,30299,16382,,,1,67,,30290,16382,,,1,30,,30282,16382,,,1,69,,30302,16382,,,1,30,,30300,16382,,,1,71,,30291,16382,,,1,30,,30283,16382,,,1,71,,30295,16382,,,1,28,,30279,16382,,,1,71,,30292,16382,,,1,30,,30284,16382,,,1,70,,30296,16382,,,1,30,,30280,16382,,,1,70,,30274,16382,,,1,30,,30285,16382,,,1,71,,30297,16382,,,1,28,,30281,16382,,,1,72,,30275,16382,,,1,21,,30303,16382,,,1,109,,30293,16382,,,1,100,,30286,16382,,,1,100,,30294,16382,,,1,100,,30287,16382,,,1,94,,15458,16382,,,1,100,,30288,16382,,,1
8801,'SE',646,,30304,16382,,,1,60,,30316,16382,,,1,15,,30306,16382,,,1,12,,15479,16382,,,1,7,,30308,16382,,,1,62,,30318,16382,,,1,9,,30313,16382,,,1,12,,30320,16382,,,1,11,,30310,16382,,,1,10,,30315,16382,,,1,58,,30345,16382,,,1,18,,30346,16382,,,1,30,,30347,16382,,,1,70,,30319,16382,,,1,30,,30334,16382,,,1,70,,30317,16382,,,1,30,,30314,16382,,,1,70,,30332,16382,,,1,30,,30335,16382,,,1,70,,30309,16382,,,1,30,,30307,16382,,,1,70,,30336,16382,,,1,33,,30311,16382,,,1,69,,30333,16382,,,1,9,,15486,16382,,,1,2,,15491,16382,,,1,2,,30326,16382,,,1,7,,30305,16382,,,1,60,,30327,16382,,,1,18,,30339,16382,,,1,12,,30337,16382,,,1,15,,30340,16382,,,1,60,,30342,16382,,,1,12,,30312,16382,,,1,15,,30321,16382,,,1,14,,30348,16382,,,1,56,,30325,16382,,,1,13,,30328,16382,,,1,17,,30329,16382,,,1,16,,30322,16382,,,1,67,,30343,16382,,,1,32,,30341,16382,,,1,70,,15492,16382,,,1,27,,30323,16382,,,1,70,,30344,16382,,,1,30,,30338,16382,,,1,101,,30324,16382,,,1,98,,30331,16382,,,1,100,,30330,16382,,,1
60801,'SE',1527,,32407,11977,,,2,2,,32408,11977,,,2
