2300,'F1',643,,24556,1457,,,1,100,,24557,1457,,,1,100,,24553,1457,,,1,101,,24549,1457,,,1,99,,24551,1457,,,1,103,,24552,1457,,,1,97,,24558,1457,,,1,100,,24550,1457,,,1,100,,24554,1457,,,1,100,,24555,1457,,,1,100,,24559,1457,,,1,102,,24560,1457,,,1
2300,'F2',643,,24569,1457,,,1,100,,24570,1457,,,1,100,,24561,1457,,,1,101,,24562,1457,,,1,99,,24565,1457,,,1,103,,24566,1457,,,1,97,,24571,1457,,,1,100,,24572,1457,,,1,100,,24568,1457,,,1,100,,24567,1457,,,1,100,,24563,1457,,,1,102,,24564,1457,,,1
2300,'SA',643,,24581,1457,,,1,100,,24582,1457,,,1,100,,24573,1457,,,1,101,,24574,1457,,,1,99,,24577,1457,,,1,103,,24578,1457,,,1,97,,24583,1457,,,1,100,,24584,1457,,,1,100,,24580,1457,,,1,100,,24579,1457,,,1,100,,24575,1457,,,1,102,,24576,1457,,,1
2300,'SE',944,,24587,1457,,,1,100,,24585,1457,,,1,100,,24588,1457,,,1,100,,24589,1457,,,1,100,,24586,1457,,,1
7400,'DI',759,,28587,1457,,,1,100,,28588,1457,,,1,100,,28589,1457,,,1,100,,28590,1457,,,1,99,,28591,1457,,,1,145,,28592,1457,,,1,56,,28581,1457,,,1,100,,28582,1457,,,1,100,,28593,1457,,,1,100,,28594,1457,,,1,144,,28595,1457,,,1,56,,28596,1457,,,1,100,,28597,1457,,,1,100,,28584,1457,,,1,100,,28585,1457,,,1,100,,28586,1457,,,1,100,,28583,1457,,,1
7400,'F1',759,,28601,1457,,,1,100,,28602,1457,,,1,99,,28603,1457,,,1,100,,28615,1457,,,1,101,,28611,1457,,,1,100,,28612,1457,,,1,100,,28613,1457,,,1,99,,28598,1457,,,1,101,,28604,1457,,,1,100,,28605,1457,,,1,142,,28606,1457,,,1,58,,28614,1457,,,1,100,,28607,1457,,,1,100,,28608,1457,,,1,100,,28609,1457,,,1,100,,28610,1457,,,1,100,,28599,1457,,,1,100,,28600,1457,,,1
7400,'F2',759,,28619,1457,,,1,100,,28620,1457,,,1,99,,28621,1457,,,1,100,,28618,1457,,,1,101,,28622,1457,,,1,100,,28623,1457,,,1,100,,28624,1457,,,1,99,,28625,1457,,,1,101,,28626,1457,,,1,100,,28627,1457,,,1,142,,28616,1457,,,1,58,,28628,1457,,,1,100,,28629,1457,,,1,100,,28630,1457,,,1,100,,28631,1457,,,1,100,,28632,1457,,,1,100,,28633,1457,,,1,100,,28617,1457,,,1
7400,'SA',759,,28637,1457,,,1,100,,28638,1457,,,1,99,,28639,1457,,,1,100,,28636,1457,,,1,101,,28640,1457,,,1,100,,28641,1457,,,1,100,,28642,1457,,,1,99,,28643,1457,,,1,101,,28644,1457,,,1,100,,28645,1457,,,1,142,,28634,1457,,,1,58,,28646,1457,,,1,100,,28647,1457,,,1,100,,28648,1457,,,1,100,,28649,1457,,,1,100,,28650,1457,,,1,100,,28651,1457,,,1,100,,28635,1457,,,1
7400,'SE',628,,28653,1457,,,1,25,,28652,1457,,,1,78,,28665,1457,,,1,25,,28667,1457,,,1,69,,28666,1457,,,1,32,,28673,1457,,,1,101,,28660,1457,,,1,100,,28658,1457,,,1,100,,28674,1457,,,1,100,,28675,1457,,,1,101,,28661,1457,,,1,100,,28663,1457,,,1,70,,28668,1457,,,1,27,,28664,1457,,,1,74,,28657,1457,,,1,29,,28671,1457,,,1,70,,28659,1457,,,1,30,,28672,1457,,,1,70,,28655,1457,,,1,29,,28676,1457,,,1,100,,28677,1457,,,1,100,,28656,1457,,,1,100,,28669,1457,,,1,100,,28670,1457,,,1,100,,28662,1457,,,1,99,,28654,1457,,,1
12300,'DI',614,,30605,1457,0,46 47,1,100,,30615,1457,0,46 47,1,100,,30606,1457,0,46 47,1,100,,30616,1457,0,46 47,1,100,,30607,1457,0,46 47,1,100,,30617,1457,0,46 47,1,105,,30608,1457,0,46 47,1,95,,30618,1457,0,46 47,1,100,,30609,1457,0,46 47,1,100,,30619,1457,0,46 47,1,100,,30610,1457,0,46 47,1,100,,30620,1457,0,46 47,1,100,,30611,1457,0,46 47,1,100,,30621,1457,0,46 47,1,100,,30612,1457,0,46 47,1,100,,30622,1457,0,46 47,1,100,,30613,1457,0,46 47,1,100,,30623,1457,0,46 47,1,100,,30614,1457,0,46 47,1
12300,'F1',613,,30632,1457,0,46 47,1,100,,30636,1457,0,46 47,1,100,,30626,1457,0,46 47,1,105,,30637,1457,0,46 47,1,99,,30627,1457,0,46 47,1,100,,30624,1457,0,46 47,1,100,,30628,1457,0,46 47,1,96,,30625,1457,0,46 47,1,100,,30629,1457,0,46 47,1,100,,30630,1457,0,46 47,1,104,,30638,1457,0,46 47,1,101,,30631,1457,0,46 47,1,99,,30639,1457,0,46 47,1,96,,30633,1457,0,46 47,1,100,,30640,1457,0,46 47,1,100,,30634,1457,0,46 47,1,100,,30641,1457,0,46 47,1,100,,30635,1457,0,46 47,1,100,,30642,1457,0,46 47,1
12300,'F2',613,,30644,1457,0,46 47,1,100,,30643,1457,0,46 47,1,100,,30645,1457,0,46 47,1,105,,30654,1457,0,46 47,1,99,,30646,1457,0,46 47,1,100,,30655,1457,0,46 47,1,100,,30647,1457,0,46 47,1,96,,30656,1457,0,46 47,1,100,,30648,1457,0,46 47,1,100,,30657,1457,0,46 47,1,104,,30649,1457,0,46 47,1,101,,30658,1457,0,46 47,1,99,,30650,1457,0,46 47,1,96,,30659,1457,0,46 47,1,100,,30651,1457,0,46 47,1,100,,30660,1457,0,46 47,1,100,,30652,1457,0,46 47,1,100,,30661,1457,0,46 47,1,100,,30653,1457,0,46 47,1
12300,'SA',613,,30663,1457,0,46 47,1,100,,30662,1457,0,46 47,1,100,,30664,1457,0,46 47,1,105,,30673,1457,0,46 47,1,99,,30665,1457,0,46 47,1,100,,30674,1457,0,46 47,1,100,,30666,1457,0,46 47,1,96,,30675,1457,0,46 47,1,100,,30667,1457,0,46 47,1,100,,30676,1457,0,46 47,1,104,,30668,1457,0,46 47,1,101,,30677,1457,0,46 47,1,99,,30669,1457,0,46 47,1,96,,30678,1457,0,46 47,1,100,,30670,1457,0,46 47,1,100,,30679,1457,0,46 47,1,100,,30671,1457,0,46 47,1,100,,30680,1457,0,46 47,1,100,,30672,1457,0,46 47,1
12300,'SE',506,,30700,1457,0,46 47,1,33,,30681,1457,0,46 47,1,15,,30688,1457,0,46 47,1,50,,30682,1457,0,46 47,1,10,,30702,1457,0,46 47,1,10,,30693,1457,0,46 47,1,10,,30703,1457,0,46 47,1,8,,30683,1457,0,46 47,1,12,,30707,1457,0,46 47,1,50,,30684,1457,0,46 47,1,21,,30708,1457,0,46 47,1,17,,30704,1457,0,46 47,1,69,,30710,1457,0,46 47,1,29,,30709,1457,0,46 47,1,69,,30690,1457,0,46 47,1,102,,30685,1457,0,46 47,1,100,,30695,1457,0,46 47,1,99,,30705,1457,0,46 47,1,101,,30697,1457,0,46 47,1,5,,30694,1457,0,46 47,1,93,,30701,1457,0,46 47,1,30,,30711,1457,0,46 47,1,70,,30698,1457,0,46 47,1,26,,30696,1457,0,46 47,1,71,,30713,1457,0,46 47,1,31,,30715,1457,0,46 47,1,71,,30687,1457,0,46 47,1,31,,30699,1457,0,46 47,1,76,,30686,1457,0,46 47,1,28,,30712,1457,0,46 47,1,70,,30706,1457,0,46 47,1,30,,30689,1457,0,46 47,1,70,,30714,1457,0,46 47,1,100,,30691,1457,0,46 47,1,100,,30716,1457,0,46 47,1,100,,30692,1457,0,46 47,1,100,,30717,1457,0,46 47,1
17000,'SE',545,,31359,4085,0,48,2,70,,31363,4085,0,48,2,31,,31360,4085,0,48,2,70,,31364,4085,0,48,2,30,,31361,4085,0,48,2,73,,31365,4085,0,48,2,28,,31362,4085,0,48,2,689,,31366,4085,0,48,2,70,,31370,4085,0,48,2,30,,31367,4085,0,48,2,70,,31371,4085,0,48,2,30,,31368,4085,0,48,2,70,,31372,4085,0,48,2,30,,31369,4085,0,48,2
