6100,'DI',724,,27440,14750,,,2,89,,27444,14750,,,2,30,,27441,14750,,,2,70,,27447,14750,,,2,30,,27445,14750,,,2,70,,27442,14750,,,2,30,,27448,14750,,,2,70,,27450,14750,,,2,30,,27455,14750,,,2,70,,27460,14750,,,2,30,,27451,14750,,,2,70,,27456,14750,,,2,30,,27461,14750,,,2,70,,27452,14750,,,2,30,,27457,14750,,,2,70,,27463,14750,,,2,30,,27453,14750,,,2,74,,27458,14750,,,2,21,,27464,14750,,,2,75,,27467,14750,,,2,20,,27471,14750,,,2,80,,27465,14750,,,2,25,,27468,14750,,,2,70,,27472,14750,,,2,45,,27469,14750,,,2,100,,27473,14750,,,2,100,,27475,14750,,,2,100,,27477,14750,,,2,100,,27479,14750,,,2,100,,27480,14750,,,2
6100,'F1',724,,27481,14750,,,2,89,,27485,14750,,,2,30,,27482,14750,,,2,70,,27488,14750,,,2,30,,27486,14750,,,2,70,,27483,14750,,,2,30,,27489,14750,,,2,70,,27491,14750,,,2,30,,27496,14750,,,2,70,,27499,14750,,,2,30,,27492,14750,,,2,70,,27497,14750,,,2,30,,27500,14750,,,2,70,,27493,14750,,,2,30,,27502,14750,,,2,70,,27507,14750,,,2,30,,27494,14750,,,2,74,,27503,14750,,,2,21,,27508,14750,,,2,75,,27511,14750,,,2,20,,27504,14750,,,2,80,,27509,14750,,,2,25,,27512,14750,,,2,70,,27505,14750,,,2,45,,27514,14750,,,2,100,,27517,14750,,,2,100,,27515,14750,,,2,100,,27519,14750,,,2,100,,27518,14750,,,2,100,,27520,14750,,,2
6100,'F2',724,,27521,14750,,,2,89,,27525,14750,,,2,30,,27522,14750,,,2,70,,27528,14750,,,2,30,,27526,14750,,,2,70,,27523,14750,,,2,30,,27529,14750,,,2,70,,27531,14750,,,2,30,,27536,14750,,,2,70,,27539,14750,,,2,30,,27532,14750,,,2,70,,27537,14750,,,2,30,,27540,14750,,,2,70,,27533,14750,,,2,30,,27542,14750,,,2,70,,27547,14750,,,2,30,,27534,14750,,,2,74,,27543,14750,,,2,21,,27548,14750,,,2,75,,27551,14750,,,2,20,,27544,14750,,,2,80,,27549,14750,,,2,25,,27552,14750,,,2,70,,27545,14750,,,2,45,,27554,14750,,,2,100,,27557,14750,,,2,100,,27555,14750,,,2,100,,27559,14750,,,2,100,,27558,14750,,,2,100,,27560,14750,,,2
6100,'SA',724,,27561,14750,,,2,89,,27565,14750,,,2,30,,27562,14750,,,2,70,,27568,14750,,,2,30,,27566,14750,,,2,70,,27563,14750,,,2,30,,27569,14750,,,2,70,,27571,14750,,,2,30,,27576,14750,,,2,70,,27579,14750,,,2,30,,27572,14750,,,2,70,,27577,14750,,,2,30,,27580,14750,,,2,70,,27573,14750,,,2,30,,27582,14750,,,2,70,,27587,14750,,,2,30,,27574,14750,,,2,74,,27583,14750,,,2,21,,27588,14750,,,2,75,,27591,14750,,,2,20,,27584,14750,,,2,80,,27589,14750,,,2,25,,27592,14750,,,2,70,,27585,14750,,,2,45,,27594,14750,,,2,100,,27597,14750,,,2,100,,27595,14750,,,2,100,,27599,14750,,,2,100,,27598,14750,,,2,100,,27600,14750,,,2
6100,'SE',635,,27603,14750,,,2,68,,27601,14750,,,2,26,,27610,14750,,,2,9,,27615,14750,,,2,19,,27607,14750,,,2,65,,27604,14750,,,2,22,,27612,14750,,,2,15,,27617,14750,,,2,76,,27608,14750,,,2,70,,27605,14750,,,2,30,,27613,14750,,,2,72,,27657,14750,,,2,30,,27611,14750,,,2,70,,27618,14750,,,2,30,,27622,14750,,,2,70,,27619,14750,,,2,30,,27620,14750,,,2,73,,27624,14750,,,2,21,,27627,14750,,,2,27,,27632,14750,,,2,63,,27621,14750,,,2,20,,27623,14750,,,2,64,,27635,14750,,,2,4,,27638,14750,,,2,25,,27628,14750,,,2,7,,27630,14750,,,2,14,,27639,14750,,,2,53,,27640,14750,,,2,14,,27625,14750,,,2,15,,27644,14750,,,2,6,,27647,14750,,,2,16,,27636,14750,,,2,54,,27633,14750,,,2,24,,27649,14750,,,2,64,,27641,14750,,,2,28,,27652,14750,,,2,29,,27655,14750,,,2,70,,27645,14750,,,2,29,,27648,14750,,,2,70,,27656,14750,,,2,30,,27642,14750,,,2,68,,27653,14750,,,2,30,,27650,14750,,,2,69,,27646,14750,,,2,30,,27654,14750,,,2,70,,27651,14750,,,2
8000,'DI',628,,29290,10806,0,13,1,100,,29291,10806,0,13,1,100,,29292,10806,0,13,1,100,,29293,10806,0,13,1,100,,29294,10806,0,13,1,100,,29295,10806,0,13,1,100,,29296,10806,0,13,1,100,,29297,10806,0,13,1,100,,29298,10806,0,13,1,100,,29299,10806,0,13,1,100,,29300,10806,0,13,1,101,,29301,10806,0,13,1,100,,29302,10806,0,13,1,100,,29303,10806,0,13,1,100,,29304,10806,0,13,1,100,,29305,10806,0,13,1,100,,29306,10806,0,13,1,100,,29307,10806,0,13,1,100,,29308,10806,0,13,1
8000,'F1',629,,29315,10806,0,13,1,100,,29316,10806,0,13,1,100,,29317,10806,0,13,1,100,,29318,10806,0,13,1,100,,29319,10806,0,13,1,100,,13880,10806,0,13,1,100,,29320,10806,0,13,1,100,,29321,10806,0,13,1,100,,29322,10806,0,13,1,100,,29323,10806,0,13,1,100,,29324,10806,0,13,1,100,,29325,10806,0,13,1,100,,29326,10806,0,13,1,100,,29311,10806,0,13,1,100,,29312,10806,0,13,1,100,,29309,10806,0,13,1,100,,29313,10806,0,13,1,100,,29310,10806,0,13,1,100,,29314,10806,0,13,1
8000,'F2',629,,29327,10806,0,13,1,100,,29328,10806,0,13,1,100,,29329,10806,0,13,1,100,,29330,10806,0,13,1,100,,29331,10806,0,13,1,100,,29332,10806,0,13,1,100,,29333,10806,0,13,1,100,,29334,10806,0,13,1,100,,29335,10806,0,13,1,100,,29336,10806,0,13,1,100,,29337,10806,0,13,1,100,,29338,10806,0,13,1,100,,29339,10806,0,13,1,100,,29340,10806,0,13,1,100,,29341,10806,0,13,1,100,,29342,10806,0,13,1,100,,29343,10806,0,13,1,100,,29344,10806,0,13,1,100,,29345,10806,0,13,1
8000,'SA',629,,29346,10806,0,13,1,100,,29347,10806,0,13,1,100,,29348,10806,0,13,1,100,,29349,10806,0,13,1,100,,29350,10806,0,13,1,100,,29351,10806,0,13,1,100,,29352,10806,0,13,1,100,,29353,10806,0,13,1,100,,29354,10806,0,13,1,100,,29355,10806,0,13,1,100,,29356,10806,0,13,1,100,,29357,10806,0,13,1,100,,29358,10806,0,13,1,100,,29359,10806,0,13,1,100,,29360,10806,0,13,1,100,,29361,10806,0,13,1,100,,29362,10806,0,13,1,100,,29363,10806,0,13,1,100,,29364,10806,0,13,1
8000,'SE',550,,29370,10806,0,13,1,80,,29366,10806,0,13,1,29,,29369,10806,0,13,1,69,,29367,10806,0,13,1,30,,29365,10806,0,13,1,73,,29386,10806,0,13,1,97,,29371,10806,0,13,1,101,,29372,10806,0,13,1,100,,29373,10806,0,13,1,100,,29374,10806,0,13,1,100,,29375,10806,0,13,1,100,,29376,10806,0,13,1,100,,29377,10806,0,13,1,25,,29378,10806,0,13,1,75,,29387,10806,0,13,1,30,,29379,10806,0,13,1,64,,29368,10806,0,13,1,86,,29380,10806,0,13,1,100,,13983,10806,0,13,1,100,,29381,10806,0,13,1,99,,29382,10806,0,13,1,100,,29383,10806,0,13,1,100,,29384,10806,0,13,1,100,,29385,10806,0,13,1
8001,'DI',655,,29388,4987,,,1,100,,29389,4987,,,1,100,,29390,4987,,,1,100,,29391,4987,,,1,100,,29392,4987,,,1,100,,29393,4987,,,1,100,,29394,4987,,,1,100,,29395,4987,,,1,100,,29396,4987,,,1,100,,29397,4987,,,1,100,,29398,4987,,,1,102,,29399,4987,,,1,99,,29400,4987,,,1,100,,29401,4987,,,1,100,,29402,4987,,,1,100,,29403,4987,,,1,100,,29404,4987,,,1,100,,29405,4987,,,1
8001,'F1',656,,29413,4987,,,1,100,,29414,4987,,,1,100,,29415,4987,,,1,100,,29416,4987,,,1,100,,29417,4987,,,1,101,,14023,4987,,,1,100,,29418,4987,,,1,100,,29419,4987,,,1,100,,29420,4987,,,1,100,,29421,4987,,,1,100,,29422,4987,,,1,100,,29423,4987,,,1,98,,29424,4987,,,1,100,,29409,4987,,,1,100,,29410,4987,,,1,100,,29407,4987,,,1,100,,29411,4987,,,1,100,,29408,4987,,,1
8001,'F2',656,,29425,4987,,,1,100,,29426,4987,,,1,100,,29427,4987,,,1,100,,29428,4987,,,1,100,,29429,4987,,,1,101,,29430,4987,,,1,100,,29431,4987,,,1,100,,29432,4987,,,1,100,,29433,4987,,,1,100,,29434,4987,,,1,100,,29435,4987,,,1,100,,29436,4987,,,1,98,,29437,4987,,,1,100,,29438,4987,,,1,100,,29439,4987,,,1,100,,29440,4987,,,1,100,,29441,4987,,,1,100,,29442,4987,,,1
8001,'SA',656,,29444,4987,,,1,100,,29445,4987,,,1,100,,29446,4987,,,1,100,,29447,4987,,,1,100,,29448,4987,,,1,101,,29449,4987,,,1,100,,29450,4987,,,1,100,,29451,4987,,,1,100,,29452,4987,,,1,100,,29453,4987,,,1,100,,29454,4987,,,1,100,,29455,4987,,,1,98,,29456,4987,,,1,100,,29457,4987,,,1,100,,29458,4987,,,1,100,,29459,4987,,,1,100,,29460,4987,,,1,100,,29461,4987,,,1
8001,'SE',552,,29484,4987,,,1,70,,29468,4987,,,1,37,,29464,4987,,,1,71,,29467,4987,,,1,70,,29465,4987,,,1,30,,29463,4987,,,1,70,,29485,4987,,,1,57,,29469,4987,,,1,100,,29470,4987,,,1,100,,29471,4987,,,1,100,,29472,4987,,,1,100,,29473,4987,,,1,100,,29474,4987,,,1,102,,29475,4987,,,1,65,,29476,4987,,,1,35,,29486,4987,,,1,70,,29477,4987,,,1,24,,29466,4987,,,1,89,,29478,4987,,,1,91,,14127,4987,,,1,100,,29479,4987,,,1,99,,29480,4987,,,1,100,,29481,4987,,,1,100,,29482,4987,,,1
8200,'SE',634,,29708,10806,0,52,2,70,,29703,10806,0,52,2,30,,29705,10806,0,52,2,67,,29704,10806,0,52,2,26,,29706,10806,0,52,2,30,,29709,10806,0,52,2,60,,29707,10806,0,52,2,627,,29713,10806,0,52,2,70,,29716,10806,0,52,2,27,,29714,10806,0,52,2,64,,29710,10806,0,52,2,24,,29712,10806,0,52,2,30,,29711,10806,0,52,2,70,,14484,10806,0,52,2,25,,29715,10806,0,52,2
8500,'SE',1625,,30017,11715,,,2,24,,30014,11715,,,2,64,,30016,11715,,,2,28,,30015,11715,,,2
8501,'SE',646,,30020,7044,,,2,69,,30019,7044,,,2,27,,30021,7044,,,2,70,,30018,7044,,,2
16100,'DI',635,,31230,17896,,,2,1172,,31229,17896,,,2
16100,'F1',635,,31242,17896,,,2,1102,,31241,17896,,,2
16100,'F2',635,,31254,17896,,,2,1102,,31255,17896,,,2
16100,'SA',635,,31267,17896,,,2,1102,,31268,17896,,,2
16100,'SE',714,,31282,17785,,,2,26,,31283,17785,,,2,65,,31281,17785,,,2,420,,31285,17896,,,2,393,,31287,17896,,,2,41,,31288,17896,,,2,80,,31284,17896,,,2,100,,31286,17896,,,2
18000,'SE',1604,,31396,10806,0,13,2,31,,31397,10806,0,13,2,18,,31392,10806,0,13,2,64,,31394,10806,0,13,2,32,,31391,10806,0,13,2,70,,31393,10806,0,13,2,20,,31395,10806,0,13,2
18001,'SE',641,,31400,5807,,,2,64,,31404,5807,,,2,13,,31403,5807,,,2,18,,31405,5807,,,2,12,,31402,5807,,,2,58,,31401,5807,,,2,18,,31398,5807,,,2,814,,31407,5807,,,2,71,,31408,5807,,,2,30,,31399,5807,,,2,64,,31406,5807,,,2
28401,'SE',902,,31496,3630,0,52,2,100,,31497,3630,0,52,2,100,,31498,3630,0,52,2,100,,31499,3630,0,52,2,100,,31500,3630,0,52,2,100,,31501,3630,0,52,2,100,,31502,3630,0,52,2
