1401,'SE',551,,22651,928,,,1,70,,22653,928,,,1,20,,22656,928,,,1,14,,22655,928,,,1,56,,22658,928,,,1,12,,22652,928,,,1,15,,22649,928,,,1,14,,22654,928,,,1,54,,22657,928,,,1,16,,22660,928,,,1,16,,22650,928,,,1,21,,22659,928,,,1,63,,22668,928,,,1,100,,22669,928,,,1,100,,22673,928,,,1,100,,22674,928,,,1,100,,22661,928,,,1,100,,22665,928,,,1,100,,22663,928,,,1,85,,22672,928,,,1,17,,22667,928,,,1,19,,22662,928,,,1,64,,22676,928,,,1,19,,22675,928,,,1,21,,22670,928,,,1,60,,22664,928,,,1,18,,22666,928,,,1,29,,22671,928,,,1
3800,'DI',645,,25417,928,,,1,100,,25423,928,,,1,100,,25421,928,,,1,101,,25415,928,,,1,96,,25424,928,,,1,100,,25412,928,,,1,100,,25428,928,,,1,100,,25416,928,,,1,100,,25422,928,,,1,100,,25425,928,,,1,104,,25413,928,,,1,101,,25418,928,,,1,99,,25419,928,,,1,100,,25414,928,,,1,99,,25426,928,,,1,101,,25420,928,,,1,100,,25427,928,,,1,100,,25429,928,,,1
3800,'F1',545,,25446,928,,,1,100,,25447,928,,,1,100,,25430,928,,,1,100,,25448,928,,,1,100,,25432,928,,,1,100,,25434,928,,,1,100,,25433,928,,,1,101,,25435,928,,,1,100,,25439,928,,,1,100,,25436,928,,,1,101,,25440,928,,,1,100,,25437,928,,,1,100,,25441,928,,,1,99,,25438,928,,,1,100,,25431,928,,,1,99,,25442,928,,,1,100,,25444,928,,,1,101,,25443,928,,,1,99,,25445,928,,,1
3800,'F2',545,,25454,928,,,1,100,,25451,928,,,1,100,,25461,928,,,1,100,,25455,928,,,1,100,,25462,928,,,1,100,,25456,928,,,1,100,,25463,928,,,1,101,,25457,928,,,1,100,,25464,928,,,1,100,,25458,928,,,1,101,,25452,928,,,1,100,,25459,928,,,1,100,,25453,928,,,1,99,,25460,928,,,1,100,,25449,928,,,1,99,,25465,928,,,1,100,,25450,928,,,1,101,,25466,928,,,1,99,,25467,928,,,1
3800,'SA',545,,25473,928,,,1,100,,25470,928,,,1,100,,25480,928,,,1,100,,25474,928,,,1,100,,25481,928,,,1,100,,25475,928,,,1,100,,25482,928,,,1,101,,25476,928,,,1,100,,25483,928,,,1,100,,25477,928,,,1,101,,25471,928,,,1,100,,25478,928,,,1,100,,25472,928,,,1,99,,25479,928,,,1,100,,25468,928,,,1,99,,25484,928,,,1,100,,25469,928,,,1,101,,25485,928,,,1,99,,25486,928,,,1
3800,'SE',600,,25508,928,,,1,21,,25494,928,,,1,18,,25503,928,,,1,18,,25495,928,,,1,64,,25505,928,,,1,12,,25496,928,,,1,20,,25515,928,,,1,64,,25506,928,,,1,29,,25488,928,,,1,58,,25504,928,,,1,17,,25510,928,,,1,30,,25491,928,,,1,84,,25511,928,,,1,100,,25514,928,,,1,100,,25498,928,,,1,100,,25516,928,,,1,95,,25499,928,,,1,27,,25500,928,,,1,72,,25487,928,,,1,30,,25509,928,,,1,70,,25512,928,,,1,30,,25489,928,,,1,66,,25497,928,,,1,28,,25513,928,,,1,94,,25493,928,,,1,100,,25502,928,,,1,100,,25507,928,,,1,100,,25501,928,,,1,100,,25490,928,,,1,100,,25492,928,,,1
21400,'DI',901,,31429,928,,,1,100,,31430,928,,,1,100,,31431,928,,,1,100,,31432,928,,,1,100,,31433,928,,,1,100,,31434,928,,,1,100,,31435,928,,,1,100,,31436,928,,,1,100,,31437,928,,,1,100,,31438,928,,,1
21400,'F1',901,,31439,928,,,1,100,,31440,928,,,1,100,,17207,928,,,1,100,,17208,928,,,1,100,,17209,928,,,1,100,,31441,928,,,1,100,,17211,928,,,1,100,,17212,928,,,1,100,,17213,928,,,1,100,,17214,928,,,1
21400,'F2',901,,31442,928,,,1,100,,31443,928,,,1,100,,31444,928,,,1,100,,31445,928,,,1,100,,31446,928,,,1,100,,31447,928,,,1,100,,31448,928,,,1,100,,31449,928,,,1,100,,31450,928,,,1,100,,31451,928,,,1
21400,'SA',901,,31452,928,,,1,100,,31453,928,,,1,100,,31454,928,,,1,100,,31455,928,,,1,100,,31456,928,,,1,100,,31457,928,,,1,100,,31458,928,,,1,100,,31459,928,,,1,100,,31460,928,,,1,100,,31461,928,,,1
