3401,'SE',622,,25389,6649,,,2,30,,25388,6649,,,2,60,,25390,6649,,,2,20,,25391,6649,,,2,20,,25387,6649,,,2,69,,25392,6649,,,2,29,,25393,6649,,,2,803,,25394,2468,,,2,66,,25396,2468,,,2,20,,25395,2468,,,2,20,,25397,2468,,,2
3701,'SE',648,,25408,6718,,,2,70,,25406,6718,,,2,30,,25405,6718,,,2,70,,25409,6718,,,2,30,,25407,6718,,,2,781,,25410,1978,,,2,76,,25411,1978,,,2
5400,'DI',711,,27057,8496,,,1,100,,27050,8496,,,1,101,,27044,8496,,,1,103,,27051,8496,,,1,100,,27045,8496,,,1,100,,27032,8496,,,1,31,,27054,8496,,,1,70,,27055,8496,,,1,30,,27033,8496,,,1,70,,27046,8496,,,1,30,,27037,8496,,,1,70,,27056,8496,,,1,30,,27052,8496,,,1,70,,27043,8496,,,1,30,,27047,8496,,,1,70,,27048,8496,,,1,28,,27038,8496,,,1,73,,27053,8496,,,1,34,,27049,8496,,,1,63,,27034,8496,,,1,100,,27035,8496,,,1,100,,27036,8496,,,1,100,,27039,8496,,,1,100,,27040,8496,,,1,99,,27041,8496,,,1,100,,27042,8496,,,1
5400,'F1',711,,27079,8496,,,1,30,,27072,8496,,,1,70,,27082,8496,,,1,31,,27085,8496,,,1,70,,27063,8496,,,1,32,,27058,8496,,,1,71,,27080,8496,,,1,30,,27073,8496,,,1,70,,27059,8496,,,1,30,,27081,8496,,,1,70,,27076,8496,,,1,31,,27064,8496,,,1,70,,27074,8496,,,1,30,,27077,8496,,,1,70,,27068,8496,,,1,30,,27075,8496,,,1,70,,27083,8496,,,1,30,,27078,8496,,,1,70,,27060,8496,,,1,30,,27084,8496,,,1,70,,27066,8496,,,1,28,,27061,8496,,,1,73,,27062,8496,,,1,30,,27067,8496,,,1,67,,27065,8496,,,1,100,,27069,8496,,,1,100,,27070,8496,,,1,100,,27071,8496,,,1,100,,27086,8496,,,1,99,,27087,8496,,,1,100,,27088,8496,,,1
5400,'F2',711,,27102,8496,,,1,30,,27110,8496,,,1,70,,27105,8496,,,1,31,,27104,8496,,,1,70,,27103,8496,,,1,32,,27094,8496,,,1,71,,27092,8496,,,1,30,,27111,8496,,,1,70,,27100,8496,,,1,30,,27093,8496,,,1,70,,27095,8496,,,1,31,,27101,8496,,,1,70,,27112,8496,,,1,30,,27096,8496,,,1,70,,27106,8496,,,1,30,,27113,8496,,,1,70,,27089,8496,,,1,30,,27107,8496,,,1,70,,27097,8496,,,1,30,,27090,8496,,,1,70,,27108,8496,,,1,28,,27098,8496,,,1,73,,27091,8496,,,1,30,,27109,8496,,,1,67,,27099,8496,,,1,100,,27114,8496,,,1,100,,27115,8496,,,1,100,,27116,8496,,,1,100,,27117,8496,,,1,99,,27118,8496,,,1,100,,27119,8496,,,1
5400,'SA',711,,27133,8496,,,1,30,,27141,8496,,,1,70,,27136,8496,,,1,31,,27135,8496,,,1,70,,27134,8496,,,1,32,,27125,8496,,,1,71,,27123,8496,,,1,30,,10589,8496,,,1,70,,27131,8496,,,1,30,,27124,8496,,,1,70,,27126,8496,,,1,31,,27132,8496,,,1,70,,27142,8496,,,1,30,,27127,8496,,,1,70,,27137,8496,,,1,30,,10591,8496,,,1,70,,27120,8496,,,1,30,,27138,8496,,,1,70,,27128,8496,,,1,30,,27121,8496,,,1,70,,27139,8496,,,1,28,,27129,8496,,,1,73,,27122,8496,,,1,30,,27140,8496,,,1,67,,27130,8496,,,1,100,,27143,8496,,,1,100,,27144,8496,,,1,100,,27145,8496,,,1,100,,27146,8496,,,1,99,,27147,8496,,,1,100,,27148,8496,,,1
5400,'SE',705,,27162,8496,,,1,36,,27151,8496,,,1,71,,27161,8496,,,1,34,,27154,8496,,,1,72,,27177,8496,,,1,30,,27174,8496,,,1,70,,27178,8496,,,1,30,,27169,8496,,,1,70,,27166,8496,,,1,30,,27158,8496,,,1,70,,27176,8496,,,1,30,,27150,8496,,,1,71,,27179,8496,,,1,30,,27160,8496,,,1,70,,27153,8496,,,1,30,,27167,8496,,,1,66,,27155,8496,,,1,27,,27165,8496,,,1,70,,27156,8496,,,1,30,,27164,8496,,,1,74,,27168,8496,,,1,23,,27172,8496,,,1,75,,27157,8496,,,1,28,,27180,8496,,,1,75,,27175,8496,,,1,29,,27170,8496,,,1,68,,27149,8496,,,1,30,,27181,8496,,,1,70,,27173,8496,,,1,30,,27152,8496,,,1,68,,27182,8496,,,1,100,,27171,8496,,,1,99,,27159,8496,,,1,100,,27163,8496,,,1
5901,'SE',609,,27380,11016,,,2,30,,27382,11016,,,2,72,,27379,11016,,,2,20,,27383,11016,,,2,20,,27381,11016,,,2,69,,27384,11016,,,2
7700,'DI',725,,29073,10047,0,6 33 34,1,100,,29076,10047,0,6 33 34,1,100,,29074,10047,0,6 33 34,1,100,,29077,10047,0,6 33 34,1,100,,29075,10047,0,6 33 34,1,100,,29072,10047,0,6 33 34,1,100,,29078,10047,0,6 33 34,1,100,,29081,10047,0,6 33 34,1,100,,29071,10047,0,6 33 34,1,100,,29082,10047,0,6 33 34,1,100,,29083,10047,0,6 33 34,1,100,,29084,10047,0,6 33 34,1,99,,29079,10047,0,6 33 34,1,100,,29085,10047,0,6 33 34,1,100,,29080,10047,0,6 33 34,1
7700,'F1',725,,29089,10047,0,6 33 34,1,100,,29091,10047,0,6 33 34,1,100,,29090,10047,0,6 33 34,1,100,,29092,10047,0,6 33 34,1,100,,29086,10047,0,6 33 34,1,100,,29093,10047,0,6 33 34,1,100,,29094,10047,0,6 33 34,1,97,,29087,10047,0,6 33 34,1,103,,29095,10047,0,6 33 34,1,99,,29097,10047,0,6 33 34,1,101,,29096,10047,0,6 33 34,1,100,,29098,10047,0,6 33 34,1,99,,29099,10047,0,6 33 34,1,100,,29088,10047,0,6 33 34,1,100,,29100,10047,0,6 33 34,1
7700,'F2',725,,29115,10047,0,6 33 34,1,100,,29106,10047,0,6 33 34,1,100,,29102,10047,0,6 33 34,1,100,,29107,10047,0,6 33 34,1,100,,29103,10047,0,6 33 34,1,100,,29105,10047,0,6 33 34,1,100,,29108,10047,0,6 33 34,1,97,,29101,10047,0,6 33 34,1,103,,29109,10047,0,6 33 34,1,99,,29111,10047,0,6 33 34,1,101,,29110,10047,0,6 33 34,1,100,,29112,10047,0,6 33 34,1,99,,29113,10047,0,6 33 34,1,100,,29104,10047,0,6 33 34,1,100,,29114,10047,0,6 33 34,1
7700,'SA',725,,29129,10047,0,6 33 34,1,100,,29120,10047,0,6 33 34,1,100,,29117,10047,0,6 33 34,1,100,,29121,10047,0,6 33 34,1,100,,13602,10047,0,6 33 34,1,100,,29119,10047,0,6 33 34,1,100,,29122,10047,0,6 33 34,1,97,,29116,10047,0,6 33 34,1,103,,29123,10047,0,6 33 34,1,99,,29125,10047,0,6 33 34,1,101,,29124,10047,0,6 33 34,1,100,,29126,10047,0,6 33 34,1,99,,29127,10047,0,6 33 34,1,100,,29118,10047,0,6 33 34,1,100,,29128,10047,0,6 33 34,1
7700,'SE',614,,29133,10047,0,6 33 34,1,15,,29134,10047,0,6 33 34,1,20,,29139,10047,0,6 33 34,1,58,,29142,10047,0,6 33 34,1,30,,29145,10047,0,6 33 34,1,63,,29140,10047,0,6 33 34,1,22,,29144,10047,0,6 33 34,1,15,,29135,10047,0,6 33 34,1,71,,29143,10047,0,6 33 34,1,30,,29146,10047,0,6 33 34,1,70,,29141,10047,0,6 33 34,1,30,,29136,10047,0,6 33 34,1,70,,29148,10047,0,6 33 34,1,30,,29147,10047,0,6 33 34,1,70,,29150,10047,0,6 33 34,1,32,,29151,10047,0,6 33 34,1,73,,29149,10047,0,6 33 34,1,30,,29152,10047,0,6 33 34,1,70,,29156,10047,0,6 33 34,1,28,,29158,10047,0,6 33 34,1,60,,29161,10047,0,6 33 34,1,20,,29165,10047,0,6 33 34,1,20,,29153,10047,0,6 33 34,1,5,,29131,10047,0,6 33 34,1,55,,29157,10047,0,6 33 34,1,18,,29137,10047,0,6 33 34,1,18,,29159,10047,0,6 33 34,1,18,,29162,10047,0,6 33 34,1,57,,29166,10047,0,6 33 34,1,18,,13636,10047,0,6 33 34,1,18,,29154,10047,0,6 33 34,1,60,,29138,10047,0,6 33 34,1,18,,29160,10047,0,6 33 34,1,2,,29164,10047,0,6 33 34,1,18,,29163,10047,0,6 33 34,1,56,,29155,10047,0,6 33 34,1,30,,29167,10047,0,6 33 34,1,72,,29169,10047,0,6 33 34,1,31,,29132,10047,0,6 33 34,1,67,,29130,10047,0,6 33 34,1,30,,29168,10047,0,6 33 34,1
67000,'SE',1623,,32453,6539,,,2,1,,32454,6539,,,2,1,,32455,6539,,,2
