301,'DI',633,,698,9668,,,1,100,,20570,9668,,,1,100,,699,9668,,,1,100,,20571,9668,,,1,100,,700,9668,,,1,100,,20572,9668,,,1,100,,701,9668,,,1,100,,20573,9668,,,1,100,,702,9668,,,1,100,,703,9668,,,1,100,,704,9668,,,1,100,,705,9668,,,1,100,,706,9668,,,1,100,,20563,9668,,,1,100,,20564,9668,,,1,100,,20565,9668,,,1,100,,20566,9668,,,1,100,,20567,9668,,,1,100,,20568,9668,,,1
301,'F1',603,,20592,9668,,,1,30,,20574,9668,,,1,70,,20593,9668,,,1,30,,20598,9668,,,1,70,,20594,9668,,,1,30,,20607,9668,,,1,70,,20595,9668,,,1,30,,20599,9668,,,1,70,,20596,9668,,,1,30,,20600,9668,,,1,70,,20597,9668,,,1,30,,20601,9668,,,1,70,,20604,9668,,,1,30,,20602,9668,,,1,70,,20605,9668,,,1,30,,20581,9668,,,1,70,,20606,9668,,,1,30,,20603,9668,,,1,70,,20587,9668,,,1,30,,20575,9668,,,1,70,,20588,9668,,,1,30,,20576,9668,,,1,70,,20589,9668,,,1,30,,20577,9668,,,1,70,,20590,9668,,,1,30,,20578,9668,,,1,100,,20579,9668,,,1,100,,20580,9668,,,1,100,,20582,9668,,,1,100,,20583,9668,,,1,100,,20584,9668,,,1,100,,20585,9668,,,1
301,'F2',603,,20608,9668,,,1,30,,20616,9668,,,1,70,,20609,9668,,,1,30,,20626,9668,,,1,70,,20610,9668,,,1,30,,20617,9668,,,1,70,,20611,9668,,,1,30,,20627,9668,,,1,70,,20612,9668,,,1,30,,20628,9668,,,1,70,,20613,9668,,,1,30,,20618,9668,,,1,70,,20614,9668,,,1,30,,20619,9668,,,1,70,,20615,9668,,,1,30,,20635,9668,,,1,70,,20629,9668,,,1,30,,20620,9668,,,1,70,,20630,9668,,,1,30,,20636,9668,,,1,70,,20631,9668,,,1,30,,20637,9668,,,1,70,,20632,9668,,,1,30,,20638,9668,,,1,70,,20633,9668,,,1,30,,20639,9668,,,1,100,,20640,9668,,,1,100,,20621,9668,,,1,100,,20622,9668,,,1,100,,20623,9668,,,1,100,,20624,9668,,,1,100,,20641,9668,,,1
301,'SA',603,,20642,9668,,,1,30,,20650,9668,,,1,70,,20643,9668,,,1,30,,20660,9668,,,1,70,,20644,9668,,,1,30,,20651,9668,,,1,70,,20645,9668,,,1,30,,20661,9668,,,1,70,,20646,9668,,,1,30,,20662,9668,,,1,70,,20647,9668,,,1,30,,20652,9668,,,1,70,,20648,9668,,,1,30,,20653,9668,,,1,70,,20649,9668,,,1,30,,20663,9668,,,1,70,,847,9668,,,1,30,,20654,9668,,,1,70,,848,9668,,,1,30,,20664,9668,,,1,70,,849,9668,,,1,30,,20665,9668,,,1,70,,850,9668,,,1,30,,20666,9668,,,1,70,,851,9668,,,1,30,,20667,9668,,,1,100,,20668,9668,,,1,100,,20655,9668,,,1,100,,20656,9668,,,1,100,,20657,9668,,,1,100,,20658,9668,,,1,100,,20669,9668,,,1
301,'SE',520,,20680,9668,,,1,30,,20670,9668,,,1,387,,20686,9668,,,1,70,,20681,9668,,,1,30,,20687,9668,,,1,70,,20682,9668,,,1,30,,20671,9668,,,1,70,,20683,9668,,,1,30,,20672,9668,,,1,70,,20684,9668,,,1,30,,20673,9668,,,1,70,,20685,9668,,,1,30,,20674,9668,,,1,472,,20690,9668,,,1,27,,20692,9668,,,1,67,,20691,9668,,,1,30,,20693,9668,,,1,70,,20678,9668,,,1,30,,20677,9668,,,1,70,,20679,9668,,,1,30,,20688,9668,,,1,100,,20689,9668,,,1,100,,20675,9668,,,1
400,'DI',648,,20729,20631,,,1,69,,20715,20631,,,1,30,,20721,20631,,,1,70,,20733,20631,,,1,30,,20730,20631,,,1,72,,20716,20631,,,1,30,,20722,20631,,,1,72,,20736,20631,,,1,30,,20738,20631,,,1,70,,20717,20631,,,1,33,,20723,20631,,,1,70,,20737,20631,,,1,27,,20739,20631,,,1,71,,20718,20631,,,1,32,,20744,20631,,,1,70,,20745,20631,,,1,28,,20740,20631,,,1,71,,20719,20631,,,1,29,,20724,20631,,,1,70,,20747,20631,,,1,32,,20727,20631,,,1,70,,20720,20631,,,1,30,,20725,20631,,,1,70,,20748,20631,,,1,30,,20728,20631,,,1,68,,20741,20631,,,1,30,,20746,20631,,,1,70,,20743,20631,,,1,30,,20735,20631,,,1,70,,20742,20631,,,1,30,,20731,20631,,,1,70,,20714,20631,,,1,30,,20726,20631,,,1,100,,20732,20631,,,1,100,,20734,20631,,,1
400,'F1',648,,20754,20631,,,1,69,,20749,20631,,,1,30,,20758,20631,,,1,70,,20760,20631,,,1,30,,20755,20631,,,1,72,,20750,20631,,,1,30,,981,20631,,,1,72,,20778,20631,,,1,31,,20756,20631,,,1,70,,20751,20631,,,1,32,,20768,20631,,,1,70,,20779,20631,,,1,30,,976,20631,,,1,70,,20776,20631,,,1,30,,20759,20631,,,1,70,,20780,20631,,,1,30,,20762,20631,,,1,70,,20769,20631,,,1,30,,20752,20631,,,1,70,,20761,20631,,,1,30,,20777,20631,,,1,70,,20770,20631,,,1,30,,20766,20631,,,1,70,,20771,20631,,,1,28,,20765,20631,,,1,70,,20774,20631,,,1,30,,20775,20631,,,1,70,,20753,20631,,,1,30,,20764,20631,,,1,70,,20773,20631,,,1,30,,20763,20631,,,1,70,,20767,20631,,,1,30,,20757,20631,,,1,100,,20772,20631,,,1,100,,963,20631,,,1
400,'F2',648,,20786,20631,,,1,69,,20782,20631,,,1,30,,20790,20631,,,1,70,,20791,20631,,,1,30,,20787,20631,,,1,72,,20783,20631,,,1,30,,20809,20631,,,1,72,,20792,20631,,,1,31,,20788,20631,,,1,70,,20784,20631,,,1,32,,20810,20631,,,1,70,,20793,20631,,,1,30,,20803,20631,,,1,70,,20814,20631,,,1,30,,20801,20631,,,1,70,,20813,20631,,,1,30,,20797,20631,,,1,70,,20781,20631,,,1,30,,20794,20631,,,1,70,,20804,20631,,,1,30,,20815,20631,,,1,70,,20812,20631,,,1,30,,20800,20631,,,1,70,,20806,20631,,,1,28,,20799,20631,,,1,70,,20789,20631,,,1,30,,20805,20631,,,1,70,,20796,20631,,,1,30,,20785,20631,,,1,70,,20808,20631,,,1,30,,20795,20631,,,1,70,,20807,20631,,,1,30,,20811,20631,,,1,100,,20802,20631,,,1,100,,20798,20631,,,1
400,'SA',648,,1101,20631,,,1,69,,20816,20631,,,1,30,,1103,20631,,,1,70,,1104,20631,,,1,30,,1102,20631,,,1,72,,20817,20631,,,1,30,,20836,20631,,,1,72,,1105,20631,,,1,31,,20820,20631,,,1,70,,20818,20631,,,1,32,,20837,20631,,,1,70,,1106,20631,,,1,30,,20830,20631,,,1,70,,20841,20631,,,1,30,,20828,20631,,,1,70,,20840,20631,,,1,30,,20824,20631,,,1,70,,1099,20631,,,1,30,,1107,20631,,,1,70,,20831,20631,,,1,30,,20842,20631,,,1,70,,20839,20631,,,1,30,,20827,20631,,,1,70,,20833,20631,,,1,28,,20826,20631,,,1,70,,20821,20631,,,1,30,,20832,20631,,,1,70,,20823,20631,,,1,30,,20819,20631,,,1,70,,20835,20631,,,1,30,,20822,20631,,,1,70,,20834,20631,,,1,30,,20838,20631,,,1,100,,20829,20631,,,1,100,,20825,20631,,,1
400,'SE',945,,20852,20631,,,1,63,,20850,20631,,,1,30,,20843,20631,,,1,70,,20856,20631,,,1,30,,20854,20631,,,1,70,,20863,20631,,,1,30,,20853,20631,,,1,70,,1148,20631,,,1,30,,20862,20631,,,1,70,,20859,20631,,,1,29,,20851,20631,,,1,397,,20846,20631,,,1,20,,20858,20631,,,1,71,,20860,20631,,,1,34,,1151,20631,,,1,70,,20845,20631,,,1,30,,20861,20631,,,1,67,,20857,20631,,,1,30,,20847,20631,,,1,70,,20855,20631,,,1,27,,20864,20631,,,1,70,,20865,20631,,,1,100,,20849,20631,,,1
1901,'DI',602,,23684,14006,,,2,100,,23685,14006,,,2,100,,23686,14006,,,2,100,,23687,14006,,,2,104,,23688,14006,,,2,100,,23689,14006,,,2,100,,23690,14006,,,2,100,,23691,14006,,,2,100,,23692,14006,,,2,100,,23693,14006,,,2,100,,23694,14006,,,2,100,,23695,14006,,,2,100,,23696,14006,,,2,100,,23697,14006,,,2,100,,23698,14006,,,2,100,,23699,14006,,,2,100,,23700,14006,,,2,100,,23701,14006,,,2,100,,23702,14006,,,2,100,,23703,14006,,,2
1901,'F1',602,,23720,14006,,,2,30,,23716,14006,,,2,70,,23721,14006,,,2,30,,23717,14006,,,2,70,,23722,14006,,,2,30,,23718,14006,,,2,70,,23723,14006,,,2,30,,23719,14006,,,2,74,,23709,14006,,,2,30,,23704,14006,,,2,70,,23710,14006,,,2,30,,23705,14006,,,2,70,,23711,14006,,,2,30,,23706,14006,,,2,70,,23712,14006,,,2,30,,23707,14006,,,2,70,,23713,14006,,,2,30,,23714,14006,,,2,70,,5378,14006,,,2,30,,23715,14006,,,2,70,,5379,14006,,,2,30,,23724,14006,,,2,70,,5380,14006,,,2,30,,23725,14006,,,2,70,,5381,14006,,,2,30,,23726,14006,,,2,70,,5382,14006,,,2,100,,23727,14006,,,2,100,,23728,14006,,,2,100,,23729,14006,,,2,100,,23730,14006,,,2,100,,23731,14006,,,2,100,,23732,14006,,,2
1901,'F2',602,,23733,14006,,,2,30,,23743,14006,,,2,70,,23734,14006,,,2,30,,23744,14006,,,2,70,,23735,14006,,,2,30,,23745,14006,,,2,70,,23736,14006,,,2,30,,23746,14006,,,2,74,,23737,14006,,,2,30,,23747,14006,,,2,70,,23738,14006,,,2,30,,23748,14006,,,2,70,,23739,14006,,,2,30,,23760,14006,,,2,70,,23740,14006,,,2,30,,23761,14006,,,2,70,,23741,14006,,,2,30,,23762,14006,,,2,70,,23742,14006,,,2,30,,23763,14006,,,2,70,,23749,14006,,,2,30,,23764,14006,,,2,70,,23750,14006,,,2,30,,23765,14006,,,2,70,,23751,14006,,,2,30,,23766,14006,,,2,70,,23752,14006,,,2,100,,23753,14006,,,2,100,,23754,14006,,,2,100,,23755,14006,,,2,100,,23756,14006,,,2,100,,23757,14006,,,2,100,,23758,14006,,,2
1901,'SA',602,,23767,14006,,,2,30,,23777,14006,,,2,70,,23768,14006,,,2,30,,23778,14006,,,2,70,,23769,14006,,,2,30,,23779,14006,,,2,70,,23770,14006,,,2,30,,23780,14006,,,2,74,,23771,14006,,,2,30,,23781,14006,,,2,70,,23772,14006,,,2,30,,23782,14006,,,2,70,,23773,14006,,,2,30,,23794,14006,,,2,70,,23774,14006,,,2,30,,23795,14006,,,2,70,,23775,14006,,,2,30,,23796,14006,,,2,70,,23776,14006,,,2,30,,23797,14006,,,2,70,,23783,14006,,,2,30,,23798,14006,,,2,70,,23784,14006,,,2,30,,23799,14006,,,2,70,,23785,14006,,,2,30,,23800,14006,,,2,70,,23786,14006,,,2,100,,23787,14006,,,2,100,,23788,14006,,,2,100,,23789,14006,,,2,100,,23790,14006,,,2,100,,23791,14006,,,2,100,,23792,14006,,,2
1901,'SE',521,,23815,14006,,,2,35,,23814,14006,,,2,379,,23801,14006,,,2,74,,23823,14006,,,2,30,,23802,14006,,,2,70,,23803,14006,,,2,30,,23816,14006,,,2,70,,23804,14006,,,2,30,,23817,14006,,,2,70,,23820,14006,,,2,30,,23818,14006,,,2,70,,23821,14006,,,2,32,,23819,14006,,,2,408,,23809,14006,,,2,64,,23822,14006,,,2,25,,23805,14006,,,2,70,,23824,14006,,,2,30,,23806,14006,,,2,70,,23825,14006,,,2,30,,23807,14006,,,2,69,,23826,14006,,,2,100,,23810,14006,,,2,100,,23811,14006,,,2,100,,23812,14006,,,2
2101,'DI',619,,24327,15045,,,1,30,,24321,15045,,,1,70,,24343,15045,,,1,29,,24345,15045,,,1,70,,24347,15045,,,1,30,,24338,15045,,,1,71,,24339,15045,,,1,30,,24344,15045,,,1,70,,24328,15045,,,1,27,,24341,15045,,,1,73,,24354,15045,,,1,30,,24352,15045,,,1,72,,24342,15045,,,1,30,,24329,15045,,,1,71,,24348,15045,,,1,35,,24340,15045,,,1,70,,24346,15045,,,1,30,,24355,15045,,,1,70,,24353,15045,,,1,30,,24330,15045,,,1,70,,24332,15045,,,1,30,,24322,15045,,,1,70,,24335,15045,,,1,30,,24331,15045,,,1,70,,24316,15045,,,1,30,,24323,15045,,,1,64,,24336,15045,,,1,27,,24320,15045,,,1,70,,24317,15045,,,1,30,,24319,15045,,,1,70,,24350,15045,,,1,30,,24333,15045,,,1,70,,24324,15045,,,1,30,,24337,15045,,,1,70,,24325,15045,,,1,30,,24326,15045,,,1,70,,24349,15045,,,1,30,,24351,15045,,,1
2101,'F1',619,,24360,15045,,,1,30,,6334,15045,,,1,70,,24381,15045,,,1,30,,6356,15045,,,1,73,,24384,15045,,,1,30,,24366,15045,,,1,70,,24356,15045,,,1,30,,6346,15045,,,1,70,,24370,15045,,,1,25,,24375,15045,,,1,71,,24361,15045,,,1,34,,6357,15045,,,1,73,,24372,15045,,,1,26,,24363,15045,,,1,74,,24367,15045,,,1,32,,24362,15045,,,1,70,,24373,15045,,,1,30,,24385,15045,,,1,70,,24388,15045,,,1,30,,24380,15045,,,1,70,,24374,15045,,,1,30,,24382,15045,,,1,70,,24368,15045,,,1,30,,24364,15045,,,1,70,,24371,15045,,,1,30,,24383,15045,,,1,64,,24369,15045,,,1,27,,24365,15045,,,1,70,,6335,15045,,,1,30,,24359,15045,,,1,70,,24376,15045,,,1,30,,24379,15045,,,1,70,,24386,15045,,,1,30,,6336,15045,,,1,70,,24357,15045,,,1,30,,24377,15045,,,1,70,,24389,15045,,,1,30,,24387,15045,,,1,70,,24378,15045,,,1
2101,'F2',619,,24406,15045,,,1,30,,24397,15045,,,1,70,,24410,15045,,,1,30,,24419,15045,,,1,73,,24420,15045,,,1,30,,24408,15045,,,1,70,,24423,15045,,,1,30,,24411,15045,,,1,70,,24398,15045,,,1,25,,24393,15045,,,1,71,,24407,15045,,,1,34,,24412,15045,,,1,73,,24394,15045,,,1,26,,24399,15045,,,1,74,,24403,15045,,,1,32,,24416,15045,,,1,70,,24421,15045,,,1,30,,24413,15045,,,1,70,,24424,15045,,,1,30,,24417,15045,,,1,70,,24422,15045,,,1,30,,24414,15045,,,1,70,,24426,15045,,,1,30,,24400,15045,,,1,70,,24425,15045,,,1,30,,24415,15045,,,1,64,,24427,15045,,,1,27,,24390,15045,,,1,70,,24404,15045,,,1,30,,24418,15045,,,1,70,,24401,15045,,,1,30,,24409,15045,,,1,70,,24395,15045,,,1,30,,24405,15045,,,1,70,,24391,15045,,,1,30,,24402,15045,,,1,70,,24429,15045,,,1,30,,24396,15045,,,1,70,,24428,15045,,,1
2101,'SA',619,,24446,15045,,,1,30,,24437,15045,,,1,70,,24450,15045,,,1,30,,24459,15045,,,1,73,,24460,15045,,,1,30,,24448,15045,,,1,70,,24461,15045,,,1,30,,24451,15045,,,1,70,,24438,15045,,,1,25,,24433,15045,,,1,71,,24447,15045,,,1,34,,24452,15045,,,1,73,,24434,15045,,,1,26,,24439,15045,,,1,74,,24443,15045,,,1,32,,24456,15045,,,1,70,,6523,15045,,,1,30,,24453,15045,,,1,70,,24462,15045,,,1,30,,24457,15045,,,1,70,,6524,15045,,,1,30,,24454,15045,,,1,70,,24464,15045,,,1,30,,24440,15045,,,1,70,,24463,15045,,,1,30,,24455,15045,,,1,64,,24465,15045,,,1,27,,24430,15045,,,1,70,,24444,15045,,,1,30,,24458,15045,,,1,70,,24441,15045,,,1,30,,24449,15045,,,1,70,,24435,15045,,,1,30,,24445,15045,,,1,70,,24431,15045,,,1,30,,24442,15045,,,1,70,,24466,15045,,,1,30,,24436,15045,,,1,70,,6535,15045,,,1
2101,'SE',517,,24470,15045,,,1,486,,24484,15045,,,1,21,,24482,15045,,,1,27,,24483,15045,,,1,74,,24486,15045,,,1,30,,24485,15045,,,1,70,,24467,15045,,,1,32,,24477,15045,,,1,73,,24478,15045,,,1,70,,24471,15045,,,1,30,,24487,15045,,,1,418,,24472,15045,,,1,66,,24488,15045,,,1,26,,24475,15045,,,1,65,,24490,15045,,,1,30,,24473,15045,,,1,70,,24481,15045,,,1,29,,24468,15045,,,1,70,,24479,15045,,,1,30,,24476,15045,,,1,98,,24474,15045,,,1,97,,24491,15045,,,1
42101,'SE',2351,,31765,11243,,,1
