4401,'DI',627,,26197,1969,,,2,101,,26202,1969,,,2,103,,26192,1969,,,2,101,,26195,1969,,,2,96,,26189,1969,,,2,100,,26203,1969,,,2,100,,26190,1969,,,2,100,,26204,1969,,,2,100,,26198,1969,,,2,98,,26205,1969,,,2,104,,26199,1969,,,2,99,,26193,1969,,,2,102,,26191,1969,,,2,97,,26196,1969,,,2,100,,26194,1969,,,2,101,,26200,1969,,,2,99,,26206,1969,,,2,101,,26201,1969,,,2,100,,26207,1969,,,2
4401,'F1',627,,26224,1969,,,2,103,,26220,1969,,,2,98,,26208,1969,,,2,100,,26226,1969,,,2,100,,26210,1969,,,2,100,,26212,1969,,,2,100,,26211,1969,,,2,105,,26213,1969,,,2,100,,26215,1969,,,2,95,,26209,1969,,,2,105,,26225,1969,,,2,100,,26221,1969,,,2,101,,26223,1969,,,2,94,,26216,1969,,,2,100,,26218,1969,,,2,101,,26217,1969,,,2,100,,26219,1969,,,2,98,,26222,1969,,,2,103,,26214,1969,,,2
4401,'F2',627,,26227,1969,,,2,103,,26229,1969,,,2,98,,26234,1969,,,2,100,,26230,1969,,,2,100,,26235,1969,,,2,100,,26231,1969,,,2,100,,26236,1969,,,2,105,,26232,1969,,,2,100,,26237,1969,,,2,95,,26233,1969,,,2,105,,26238,1969,,,2,100,,26242,1969,,,2,101,,26241,1969,,,2,94,,26239,1969,,,2,100,,26228,1969,,,2,101,,26240,1969,,,2,100,,26245,1969,,,2,98,,26243,1969,,,2,103,,26244,1969,,,2
4401,'SA',627,,26246,1969,,,2,103,,26248,1969,,,2,98,,26253,1969,,,2,100,,26249,1969,,,2,100,,26254,1969,,,2,100,,26250,1969,,,2,100,,26255,1969,,,2,105,,26251,1969,,,2,100,,26256,1969,,,2,95,,26252,1969,,,2,105,,26257,1969,,,2,100,,26261,1969,,,2,101,,26260,1969,,,2,94,,26258,1969,,,2,100,,26247,1969,,,2,101,,26259,1969,,,2,100,,26264,1969,,,2,98,,26262,1969,,,2,103,,26263,1969,,,2
4401,'SE',607,,26296,1969,,,2,16,,26277,1969,,,2,15,,26297,1969,,,2,16,,26286,1969,,,2,54,,26280,1969,,,2,11,,26268,1969,,,2,15,,26282,1969,,,2,15,,26281,1969,,,2,10,,26298,1969,,,2,58,,26283,1969,,,2,16,,26299,1969,,,2,94,,26290,1969,,,2,100,,26295,1969,,,2,100,,26265,1969,,,2,101,,26271,1969,,,2,100,,26275,1969,,,2,100,,26272,1969,,,2,100,,26287,1969,,,2,21,,26269,1969,,,2,55,,26288,1969,,,2,18,,26291,1969,,,2,16,,26289,1969,,,2,14,,26284,1969,,,2,52,,26278,1969,,,2,15,,26270,1969,,,2,15,,26285,1969,,,2,16,,26266,1969,,,2,53,,26273,1969,,,2,16,,26279,1969,,,2,19,,26274,1969,,,2,89,,26301,1969,,,2,100,,26300,1969,,,2,100,,26267,1969,,,2,100,,26292,1969,,,2,100,,26276,1969,,,2,100,,26294,1969,,,2,100,,26293,1969,,,2
4701,'DI',653,,26479,3691,,,1,100,,26465,3691,,,1,100,,26467,3691,,,1,100,,26483,3691,,,1,100,,26466,3691,,,1,100,,26471,3691,,,1,100,,26480,3691,,,1,100,,26468,3691,,,1,104,,26469,3691,,,1,91,,26474,3691,,,1,108,,26475,3691,,,1,102,,26470,3691,,,1,95,,26476,3691,,,1,96,,26472,3691,,,1,100,,26477,3691,,,1,100,,26481,3691,,,1,100,,26473,3691,,,1,100,,26478,3691,,,1,100,,26482,3691,,,1
4701,'F1',653,,26496,3691,,,1,103,,26501,3691,,,1,101,,26486,3691,,,1,96,,26491,3691,,,1,96,,26499,3691,,,1,104,,26492,3691,,,1,100,,26484,3691,,,1,100,,26493,3691,,,1,95,,26485,3691,,,1,104,,26502,3691,,,1,100,,26497,3691,,,1,101,,26500,3691,,,1,100,,26498,3691,,,1,96,,26487,3691,,,1,100,,26503,3691,,,1,100,,26494,3691,,,1,100,,26495,3691,,,1,100,,26488,3691,,,1,100,,26489,3691,,,1,100,,26490,3691,,,1
4701,'F2',653,,26520,3691,,,1,103,,26507,3691,,,1,101,,26504,3691,,,1,96,,26511,3691,,,1,96,,26505,3691,,,1,104,,26512,3691,,,1,100,,26508,3691,,,1,100,,26513,3691,,,1,95,,26506,3691,,,1,104,,26509,3691,,,1,100,,26514,3691,,,1,101,,26510,3691,,,1,100,,26515,3691,,,1,96,,26518,3691,,,1,100,,26516,3691,,,1,100,,26517,3691,,,1,100,,26519,3691,,,1,100,,26521,3691,,,1,100,,26522,3691,,,1,100,,26523,3691,,,1
4701,'SA',653,,26540,3691,,,1,103,,26527,3691,,,1,101,,26524,3691,,,1,96,,26531,3691,,,1,96,,26525,3691,,,1,104,,26532,3691,,,1,100,,26528,3691,,,1,100,,26533,3691,,,1,95,,26526,3691,,,1,104,,26529,3691,,,1,100,,26534,3691,,,1,101,,26530,3691,,,1,100,,26535,3691,,,1,96,,26538,3691,,,1,100,,26536,3691,,,1,100,,26537,3691,,,1,100,,26539,3691,,,1,100,,26541,3691,,,1,100,,26542,3691,,,1,100,,26543,3691,,,1
4701,'SE',612,,26560,3691,,,1,30,,26558,3691,,,1,60,,26559,3691,,,1,15,,26580,3691,,,1,15,,26561,3691,,,1,15,,26564,3691,,,1,55,,26557,3691,,,1,15,,26553,3691,,,1,18,,26579,3691,,,1,20,,26578,3691,,,1,60,,26562,3691,,,1,20,,26581,3691,,,1,70,,26574,3691,,,1,30,,26555,3691,,,1,70,,26563,3691,,,1,30,,26547,3691,,,1,70,,26577,3691,,,1,30,,26548,3691,,,1,70,,26549,3691,,,1,30,,26565,3691,,,1,70,,26584,3691,,,1,30,,26575,3691,,,1,70,,26550,3691,,,1,31,,26556,3691,,,1,71,,26568,3691,,,1,33,,26544,3691,,,1,73,,26566,3691,,,1,18,,26569,3691,,,1,27,,26572,3691,,,1,69,,26567,3691,,,1,30,,26576,3691,,,1,72,,26570,3691,,,1,23,,26582,3691,,,1,70,,26551,3691,,,1,30,,26583,3691,,,1,69,,26546,3691,,,1,30,,26554,3691,,,1,70,,26571,3691,,,1,100,,26545,3691,,,1,100,,26573,3691,,,1,100,,26552,3691,,,1
64401,'SE',849,,32430,2197,,,2,1,,32429,2197,,,2,1,,32428,2197,,,2
69101,'SE',840,,32490,2197,,,2,1,,32489,2197,,,2,5,,32490,4229,,,2,1,,32489,4229,,,2
