6101,'DI',718,,27662,9536,,,2,30,,27659,9536,,,2,72,,27665,9536,,,2,17,,27663,9536,,,2,70,,27660,9536,,,2,30,,27666,9536,,,2,70,,27664,9536,,,2,30,,27661,9536,,,2,70,,27667,9536,,,2,30,,27668,9536,,,2,70,,27672,9536,,,2,30,,27676,9536,,,2,70,,27669,9536,,,2,30,,27673,9536,,,2,70,,27677,9536,,,2,30,,27670,9536,,,2,70,,27674,9536,,,2,30,,27678,9536,,,2,70,,27671,9536,,,2,34,,27675,9536,,,2,61,,27679,9536,,,2,35,,27681,9536,,,2,20,,27684,9536,,,2,80,,27680,9536,,,2,65,,27682,9536,,,2,30,,27685,9536,,,2,85,,27683,9536,,,2,100,,27686,9536,,,2,100,,27687,9536,,,2,100,,27688,9536,,,2
6101,'F1',718,,27694,9536,,,2,30,,27691,9536,,,2,72,,27697,9536,,,2,17,,27695,9536,,,2,70,,27692,9536,,,2,30,,27698,9536,,,2,70,,27696,9536,,,2,30,,27693,9536,,,2,70,,27699,9536,,,2,30,,27700,9536,,,2,70,,27704,9536,,,2,30,,27706,9536,,,2,70,,27701,9536,,,2,30,,27705,9536,,,2,70,,27707,9536,,,2,30,,27702,9536,,,2,70,,27708,9536,,,2,30,,27712,9536,,,2,70,,27703,9536,,,2,34,,27709,9536,,,2,61,,27713,9536,,,2,35,,27715,9536,,,2,20,,27710,9536,,,2,80,,27714,9536,,,2,65,,27716,9536,,,2,30,,27711,9536,,,2,85,,27717,9536,,,2,100,,27719,9536,,,2,100,,27718,9536,,,2,100,,27721,9536,,,2
6101,'F2',718,,27726,9536,,,2,30,,27723,9536,,,2,72,,27729,9536,,,2,17,,27727,9536,,,2,70,,27724,9536,,,2,30,,27730,9536,,,2,70,,27728,9536,,,2,30,,27725,9536,,,2,70,,27731,9536,,,2,30,,27732,9536,,,2,70,,27736,9536,,,2,30,,27738,9536,,,2,70,,27733,9536,,,2,30,,27737,9536,,,2,70,,27739,9536,,,2,30,,27734,9536,,,2,70,,27740,9536,,,2,30,,27744,9536,,,2,70,,27735,9536,,,2,34,,27741,9536,,,2,61,,27745,9536,,,2,35,,27747,9536,,,2,20,,27742,9536,,,2,80,,27746,9536,,,2,65,,27748,9536,,,2,30,,27743,9536,,,2,85,,27749,9536,,,2,100,,27751,9536,,,2,100,,27750,9536,,,2,100,,27753,9536,,,2
6101,'SA',718,,27758,9536,,,2,30,,27755,9536,,,2,72,,27761,9536,,,2,17,,27759,9536,,,2,70,,27756,9536,,,2,30,,27762,9536,,,2,70,,27760,9536,,,2,30,,27757,9536,,,2,70,,27763,9536,,,2,30,,27764,9536,,,2,70,,27768,9536,,,2,30,,27770,9536,,,2,70,,27765,9536,,,2,30,,27769,9536,,,2,70,,27771,9536,,,2,30,,27766,9536,,,2,70,,27772,9536,,,2,30,,27776,9536,,,2,70,,27767,9536,,,2,34,,27773,9536,,,2,61,,27777,9536,,,2,35,,27779,9536,,,2,20,,27774,9536,,,2,80,,27778,9536,,,2,65,,27780,9536,,,2,30,,27775,9536,,,2,85,,27781,9536,,,2,100,,27783,9536,,,2,100,,27782,9536,,,2,100,,27785,9536,,,2
6101,'SE',556,,27836,9536,,,2,70,,27838,9536,,,2,10,,27791,9536,,,2,16,,27794,9536,,,2,49,,27788,9536,,,2,14,,27797,9536,,,2,14,,27787,9536,,,2,7,,27801,9536,,,2,17,,27795,9536,,,2,49,,27800,9536,,,2,19,,27792,9536,,,2,24,,27789,9536,,,2,62,,27798,9536,,,2,15,,27802,9536,,,2,36,,27793,9536,,,2,70,,27790,9536,,,2,30,,27799,9536,,,2,72,,27837,9536,,,2,70,,27796,9536,,,2,30,,27803,9536,,,2,72,,27807,9536,,,2,30,,27804,9536,,,2,70,,27805,9536,,,2,33,,27809,9536,,,2,21,,27811,9536,,,2,67,,27814,9536,,,2,23,,27806,9536,,,2,60,,27808,9536,,,2,24,,27816,9536,,,2,4,,27818,9536,,,2,25,,27812,9536,,,2,47,,27813,9536,,,2,14,,27819,9536,,,2,13,,27820,9536,,,2,14,,27810,9536,,,2,54,,27823,9536,,,2,6,,27826,9536,,,2,15,,27817,9536,,,2,14,,27815,9536,,,2,64,,27828,9536,,,2,24,,27821,9536,,,2,28,,27831,9536,,,2,69,,27834,9536,,,2,30,,27824,9536,,,2,69,,27827,9536,,,2,29,,27835,9536,,,2,70,,27822,9536,,,2,29,,27832,9536,,,2,70,,27829,9536,,,2
8000,'DI',631,,29290,12223,0,13,1,100,,29291,12223,0,13,1,100,,29292,12223,0,13,1,100,,29293,12223,0,13,1,100,,29294,12223,0,13,1,100,,29295,12223,0,13,1,100,,29296,12223,0,13,1,100,,29297,12223,0,13,1,100,,29298,12223,0,13,1,100,,29299,12223,0,13,1,100,,29300,12223,0,13,1,101,,29301,12223,0,13,1,100,,29302,12223,0,13,1,100,,29303,12223,0,13,1,100,,29304,12223,0,13,1,100,,29305,12223,0,13,1,100,,29306,12223,0,13,1,100,,29307,12223,0,13,1,100,,29308,12223,0,13,1
8000,'F1',632,,29315,12223,0,13,1,100,,29316,12223,0,13,1,100,,29317,12223,0,13,1,100,,29318,12223,0,13,1,100,,29319,12223,0,13,1,100,,13880,12223,0,13,1,100,,29320,12223,0,13,1,100,,29321,12223,0,13,1,100,,29322,12223,0,13,1,100,,29323,12223,0,13,1,100,,29324,12223,0,13,1,100,,29325,12223,0,13,1,100,,29326,12223,0,13,1,100,,29311,12223,0,13,1,100,,29312,12223,0,13,1,100,,29309,12223,0,13,1,100,,29313,12223,0,13,1,100,,29310,12223,0,13,1,100,,29314,12223,0,13,1
8000,'F2',632,,29327,12223,0,13,1,100,,29328,12223,0,13,1,100,,29329,12223,0,13,1,100,,29330,12223,0,13,1,100,,29331,12223,0,13,1,100,,29332,12223,0,13,1,100,,29333,12223,0,13,1,100,,29334,12223,0,13,1,100,,29335,12223,0,13,1,100,,29336,12223,0,13,1,100,,29337,12223,0,13,1,100,,29338,12223,0,13,1,100,,29339,12223,0,13,1,100,,29340,12223,0,13,1,100,,29341,12223,0,13,1,100,,29342,12223,0,13,1,100,,29343,12223,0,13,1,100,,29344,12223,0,13,1,100,,29345,12223,0,13,1
8000,'SA',632,,29346,12223,0,13,1,100,,29347,12223,0,13,1,100,,29348,12223,0,13,1,100,,29349,12223,0,13,1,100,,29350,12223,0,13,1,100,,29351,12223,0,13,1,100,,29352,12223,0,13,1,100,,29353,12223,0,13,1,100,,29354,12223,0,13,1,100,,29355,12223,0,13,1,100,,29356,12223,0,13,1,100,,29357,12223,0,13,1,100,,29358,12223,0,13,1,100,,29359,12223,0,13,1,100,,29360,12223,0,13,1,100,,29361,12223,0,13,1,100,,29362,12223,0,13,1,100,,29363,12223,0,13,1,100,,29364,12223,0,13,1
8000,'SE',553,,29370,12223,0,13,1,80,,29366,12223,0,13,1,69,,29369,12223,0,13,1,29,,29367,12223,0,13,1,70,,29365,12223,0,13,1,33,,29386,12223,0,13,1,97,,29371,12223,0,13,1,101,,29372,12223,0,13,1,100,,29373,12223,0,13,1,100,,29374,12223,0,13,1,100,,29375,12223,0,13,1,100,,29376,12223,0,13,1,100,,29377,12223,0,13,1,25,,29378,12223,0,13,1,75,,29387,12223,0,13,1,70,,29379,12223,0,13,1,24,,29368,12223,0,13,1,86,,29380,12223,0,13,1,100,,13983,12223,0,13,1,100,,29381,12223,0,13,1,99,,29382,12223,0,13,1,100,,29383,12223,0,13,1,100,,29384,12223,0,13,1,100,,29385,12223,0,13,1
16101,'DI',552,,31301,1002,0,11 12,2,1172,,31300,1002,0,11 12,2
16101,'F1',552,,31312,1002,0,11 12,2,1172,,31313,1002,0,11 12,2
16101,'F2',552,,31325,1002,0,11 12,2,1172,,31326,1002,0,11 12,2
16101,'SA',552,,31337,1002,0,11 12,2,1172,,31338,1002,0,11 12,2
16101,'SE',627,,31355,1002,0,11 12,2,73,,31353,1002,0,11 12,2,32,,31356,1002,0,11 12,2,502,,31352,1002,0,11 12,2,372,,31358,1002,0,11 12,2,36,,31354,1002,0,11 12,2,78,,31357,1002,0,11 12,2
18000,'SE',1607,,31396,12223,0,13,2,31,,31397,12223,0,13,2,18,,31392,12223,0,13,2,64,,31394,12223,0,13,2,32,,31391,12223,0,13,2,70,,31393,12223,0,13,2,20,,31395,12223,0,13,2
28401,'SE',922,,31496,10227,,,2,100,,31497,10227,,,2,100,,31498,10227,,,2,100,,31499,10227,,,2,100,,31500,10227,,,2,100,,31501,10227,,,2,100,,31502,10227,,,2
