900,'SE',1630,,22119,11126,0,9 14,2,74,,22118,11126,0,9 14,2,26,,22120,11126,0,9 14,2,27,,3071,11126,0,9 14,2,69,,22117,11126,0,9 14,2
5001,'DI',640,,26942,495,,,2,102,,26927,495,,,2,100,,26935,495,,,2,100,,26933,495,,,2,103,,26934,495,,,2,94,,26936,495,,,2,103,,26937,495,,,2,103,,26938,495,,,2,97,,26926,495,,,2,96,,26939,495,,,2,103,,26924,495,,,2,106,,26923,495,,,2,95,,26932,495,,,2,100,,26925,495,,,2,100,,26928,495,,,2,100,,26930,495,,,2,100,,26940,495,,,2,100,,26929,495,,,2,100,,26931,495,,,2,100,,26941,495,,,2
5001,'F1',642,,26954,495,,,2,98,,26948,495,,,2,102,,26959,495,,,2,97,,26944,495,,,2,103,,26945,495,,,2,96,,26961,495,,,2,102,,26960,495,,,2,98,,26943,495,,,2,99,,26955,495,,,2,103,,26956,495,,,2,103,,26957,495,,,2,103,,26958,495,,,2,96,,26946,495,,,2,100,,26952,495,,,2,100,,26949,495,,,2,100,,26962,495,,,2,97,,26950,495,,,2,103,,26951,495,,,2,101,,26953,495,,,2,99,,26947,495,,,2
5001,'F2',642,,26969,495,,,2,98,,26968,495,,,2,102,,26973,495,,,2,97,,26977,495,,,2,103,,26978,495,,,2,96,,26982,495,,,2,102,,26979,495,,,2,98,,26963,495,,,2,99,,26964,495,,,2,103,,26965,495,,,2,103,,26966,495,,,2,103,,26967,495,,,2,96,,26970,495,,,2,100,,26981,495,,,2,100,,26980,495,,,2,100,,26971,495,,,2,97,,26974,495,,,2,103,,26975,495,,,2,101,,26976,495,,,2,99,,26972,495,,,2
5001,'SA',642,,26989,495,,,2,98,,26988,495,,,2,102,,26993,495,,,2,97,,26997,495,,,2,103,,26998,495,,,2,96,,27002,495,,,2,102,,26999,495,,,2,98,,26983,495,,,2,99,,26984,495,,,2,103,,26985,495,,,2,103,,26986,495,,,2,103,,26987,495,,,2,96,,26990,495,,,2,100,,27001,495,,,2,100,,27000,495,,,2,100,,26991,495,,,2,97,,26994,495,,,2,103,,26995,495,,,2,101,,26996,495,,,2,99,,26992,495,,,2
5001,'SE',532,,27008,495,,,2,70,,27012,495,,,2,30,,27014,495,,,2,70,,27017,495,,,2,30,,27013,495,,,2,70,,27009,495,,,2,30,,27015,495,,,2,73,,27018,495,,,2,27,,27026,495,,,2,100,,27029,495,,,2,100,,27016,495,,,2,100,,27011,495,,,2,100,,27019,495,,,2,99,,27003,495,,,2,102,,27020,495,,,2,68,,27030,495,,,2,33,,27007,495,,,2,74,,27031,495,,,2,26,,27021,495,,,2,70,,27004,495,,,2,30,,27027,495,,,2,68,,27010,495,,,2,30,,27028,495,,,2,100,,27005,495,,,2,100,,27022,495,,,2,100,,27006,495,,,2,100,,27023,495,,,2,100,,27024,495,,,2,100,,27025,495,,,2
8800,'DI',732,,30028,11796,,,1,70,,30033,11796,,,1,30,,30039,11796,,,1,70,,30048,11796,,,1,30,,30029,11796,,,1,70,,30034,11796,,,1,32,,30040,11796,,,1,70,,30049,11796,,,1,30,,30030,11796,,,1,70,,30035,11796,,,1,31,,30041,11796,,,1,70,,30050,11796,,,1,30,,30031,11796,,,1,70,,30036,11796,,,1,30,,30042,11796,,,1,70,,15002,11796,,,1,30,,30043,11796,,,1,70,,30037,11796,,,1,30,,30051,11796,,,1,70,,15003,11796,,,1,30,,30044,11796,,,1,68,,30038,11796,,,1,30,,30052,11796,,,1,100,,30045,11796,,,1,100,,30053,11796,,,1,100,,30046,11796,,,1,100,,30054,11796,,,1,97,,30047,11796,,,1,100,,30027,11796,,,1,100,,30032,11796,,,1
8800,'F1',732,,30061,11796,,,1,70,,15061,11796,,,1,31,,30074,11796,,,1,70,,30065,11796,,,1,31,,30062,11796,,,1,70,,15062,11796,,,1,32,,30075,11796,,,1,70,,30066,11796,,,1,30,,15046,11796,,,1,70,,30070,11796,,,1,30,,30076,11796,,,1,70,,30067,11796,,,1,30,,15047,11796,,,1,70,,30071,11796,,,1,30,,30077,11796,,,1,70,,30057,11796,,,1,30,,15048,11796,,,1,70,,30072,11796,,,1,30,,30078,11796,,,1,70,,30058,11796,,,1,31,,30079,11796,,,1,69,,30073,11796,,,1,31,,30068,11796,,,1,69,,30059,11796,,,1,30,,30063,11796,,,1,100,,30069,11796,,,1,98,,30064,11796,,,1,97,,30056,11796,,,1,100,,30055,11796,,,1,100,,30060,11796,,,1,100,,15032,11796,,,1
8800,'F2',732,,30083,11796,,,1,70,,30108,11796,,,1,31,,30104,11796,,,1,70,,30095,11796,,,1,31,,30088,11796,,,1,70,,30109,11796,,,1,32,,30105,11796,,,1,70,,30096,11796,,,1,30,,30089,11796,,,1,70,,30100,11796,,,1,30,,30085,11796,,,1,70,,30097,11796,,,1,30,,30090,11796,,,1,70,,30101,11796,,,1,30,,30086,11796,,,1,70,,30080,11796,,,1,30,,30091,11796,,,1,70,,30102,11796,,,1,30,,30087,11796,,,1,70,,30081,11796,,,1,31,,30110,11796,,,1,69,,30103,11796,,,1,31,,30098,11796,,,1,69,,30082,11796,,,1,30,,30092,11796,,,1,100,,30099,11796,,,1,98,,30093,11796,,,1,97,,30107,11796,,,1,100,,30094,11796,,,1,100,,30106,11796,,,1,100,,30084,11796,,,1
8800,'SA',732,,30114,11796,,,1,70,,30138,11796,,,1,31,,30135,11796,,,1,70,,30126,11796,,,1,31,,30119,11796,,,1,70,,30139,11796,,,1,32,,30136,11796,,,1,70,,30127,11796,,,1,30,,30120,11796,,,1,70,,30131,11796,,,1,30,,30116,11796,,,1,70,,30128,11796,,,1,30,,30121,11796,,,1,70,,30132,11796,,,1,30,,30117,11796,,,1,70,,30111,11796,,,1,30,,30122,11796,,,1,70,,30133,11796,,,1,30,,30118,11796,,,1,70,,30112,11796,,,1,31,,30140,11796,,,1,69,,30134,11796,,,1,31,,30129,11796,,,1,69,,30113,11796,,,1,30,,30123,11796,,,1,100,,30130,11796,,,1,98,,30124,11796,,,1,97,,15203,11796,,,1,100,,30125,11796,,,1,100,,30137,11796,,,1,100,,30115,11796,,,1
8800,'SE',739,,30151,11796,,,1,2,,30155,11796,,,1,59,,30183,11796,,,1,15,,30184,11796,,,1,14,,15219,11796,,,1,15,,30185,11796,,,1,15,,30153,11796,,,1,53,,30154,11796,,,1,29,,30173,11796,,,1,70,,30152,11796,,,1,30,,30150,11796,,,1,70,,30171,11796,,,1,33,,30174,11796,,,1,70,,30143,11796,,,1,30,,30141,11796,,,1,70,,30175,11796,,,1,30,,30144,11796,,,1,70,,30172,11796,,,1,33,,30187,11796,,,1,73,,30176,11796,,,1,17,,30178,11796,,,1,16,,30180,11796,,,1,55,,30145,11796,,,1,15,,30156,11796,,,1,15,,30186,11796,,,1,15,,30161,11796,,,1,53,,30165,11796,,,1,11,,30142,11796,,,1,12,,30166,11796,,,1,12,,30158,11796,,,1,11,,30163,11796,,,1,51,,30149,11796,,,1,11,,30181,11796,,,1,12,,30146,11796,,,1,12,,30157,11796,,,1,7,,30179,11796,,,1,59,,30162,11796,,,1,15,,15235,11796,,,1,22,,30159,11796,,,1,68,,30182,11796,,,1,30,,30177,11796,,,1,68,,15236,11796,,,1,30,,30160,11796,,,1,70,,30148,11796,,,1,30,,30169,11796,,,1,100,,30167,11796,,,1,99,,30170,11796,,,1,95,,30168,11796,,,1
50500,'SE',1626,,32342,4916,,,2
