800,'DI',550,,21738,1445,,,1,70,,21733,1445,,,1,30,,2441,1445,,,1,70,,2447,1445,,,1,30,,21739,1445,,,1,70,,21734,1445,,,1,31,,2442,1445,,,1,70,,2448,1445,,,1,30,,21740,1445,,,1,70,,21735,1445,,,1,30,,2443,1445,,,1,70,,2449,1445,,,1,30,,21741,1445,,,1,70,,2436,1445,,,1,30,,2444,1445,,,1,70,,2450,1445,,,1,30,,21742,1445,,,1,70,,21736,1445,,,1,30,,2445,1445,,,1,70,,21745,1445,,,1,30,,21743,1445,,,1,70,,21737,1445,,,1,30,,2446,1445,,,1,70,,21746,1445,,,1,32,,21744,1445,,,1,83,,2437,1445,,,1,100,,21747,1445,,,1,100,,2438,1445,,,1,99,,21748,1445,,,1,100,,2439,1445,,,1,100,,21749,1445,,,1,100,,2440,1445,,,1,100,,21732,1445,,,1
800,'F1',548,,21771,1445,,,1,70,,21755,1445,,,1,32,,21759,1445,,,1,70,,21769,1445,,,1,31,,21772,1445,,,1,70,,21756,1445,,,1,30,,21760,1445,,,1,70,,21770,1445,,,1,30,,21773,1445,,,1,70,,21757,1445,,,1,30,,21750,1445,,,1,70,,21778,1445,,,1,28,,21774,1445,,,1,72,,21758,1445,,,1,30,,21751,1445,,,1,70,,21779,1445,,,1,30,,21775,1445,,,1,70,,21782,1445,,,1,30,,21752,1445,,,1,70,,21780,1445,,,1,30,,21776,1445,,,1,70,,21783,1445,,,1,30,,21753,1445,,,1,70,,21781,1445,,,1,32,,21777,1445,,,1,68,,21761,1445,,,1,30,,21754,1445,,,1,86,,21765,1445,,,1,99,,21762,1445,,,1,100,,21766,1445,,,1,100,,21763,1445,,,1,100,,21767,1445,,,1,100,,21764,1445,,,1,100,,21768,1445,,,1
800,'F2',548,,21805,1445,,,1,70,,21788,1445,,,1,32,,21801,1445,,,1,70,,21803,1445,,,1,31,,21806,1445,,,1,70,,21789,1445,,,1,30,,21802,1445,,,1,70,,21804,1445,,,1,30,,21807,1445,,,1,70,,21790,1445,,,1,30,,21796,1445,,,1,70,,21812,1445,,,1,28,,21808,1445,,,1,72,,21791,1445,,,1,30,,21797,1445,,,1,70,,21813,1445,,,1,30,,21809,1445,,,1,70,,21816,1445,,,1,30,,21798,1445,,,1,70,,21814,1445,,,1,30,,21810,1445,,,1,70,,21817,1445,,,1,30,,21799,1445,,,1,70,,21815,1445,,,1,32,,21811,1445,,,1,68,,21784,1445,,,1,30,,21800,1445,,,1,86,,21792,1445,,,1,99,,21785,1445,,,1,100,,21793,1445,,,1,100,,21786,1445,,,1,100,,21794,1445,,,1,100,,21787,1445,,,1,100,,21795,1445,,,1
800,'SA',548,,21839,1445,,,1,70,,21822,1445,,,1,32,,21835,1445,,,1,70,,21837,1445,,,1,31,,21840,1445,,,1,70,,21823,1445,,,1,30,,21836,1445,,,1,70,,21838,1445,,,1,30,,21841,1445,,,1,70,,21824,1445,,,1,30,,21830,1445,,,1,70,,21846,1445,,,1,28,,21842,1445,,,1,72,,21825,1445,,,1,30,,21831,1445,,,1,70,,21847,1445,,,1,30,,21843,1445,,,1,70,,2660,1445,,,1,30,,21832,1445,,,1,70,,21848,1445,,,1,30,,21844,1445,,,1,70,,2661,1445,,,1,30,,21833,1445,,,1,70,,21849,1445,,,1,32,,21845,1445,,,1,68,,21818,1445,,,1,30,,21834,1445,,,1,86,,21826,1445,,,1,99,,21819,1445,,,1,100,,21827,1445,,,1,100,,21820,1445,,,1,100,,21828,1445,,,1,100,,21821,1445,,,1,100,,21829,1445,,,1
800,'SE',449,,21884,1445,,,1,68,,21886,1445,,,1,22,,21893,1445,,,1,81,,21850,1445,,,1,30,,21885,1445,,,1,61,,21887,1445,,,1,19,,21878,1445,,,1,13,,21853,1445,,,1,15,,21854,1445,,,1,55,,21857,1445,,,1,15,,21851,1445,,,1,17,,21867,1445,,,1,55,,21863,1445,,,1,15,,21888,1445,,,1,15,,21859,1445,,,1,15,,21912,1445,,,1,55,,21855,1445,,,1,15,,21858,1445,,,1,15,,21852,1445,,,1,15,,21864,1445,,,1,55,,21868,1445,,,1,15,,21896,1445,,,1,15,,21889,1445,,,1,15,,21897,1445,,,1,55,,21871,1445,,,1,15,,21915,1445,,,1,15,,21916,1445,,,1,15,,21913,1445,,,1,55,,21902,1445,,,1,15,,21900,1445,,,1,15,,21879,1445,,,1,15,,21860,1445,,,1,55,,21898,1445,,,1,15,,21856,1445,,,1,15,,21914,1445,,,1,14,,21901,1445,,,1,14,,21910,1445,,,1,44,,21872,1445,,,1,13,,21869,1445,,,1,15,,21905,1445,,,1,15,,21904,1445,,,1,55,,21890,1445,,,1,15,,21861,1445,,,1,12,,21899,1445,,,1,12,,21917,1445,,,1,13,,21903,1445,,,1,51,,21883,1445,,,1,12,,21882,1445,,,1,12,,21911,1445,,,1,12,,21870,1445,,,1,12,,21906,1445,,,1,52,,21876,1445,,,1,12,,21877,1445,,,1,10,,21894,1445,,,1,10,,21862,1445,,,1,20,,21880,1445,,,1,67,,21907,1445,,,1,30,,21891,1445,,,1,70,,21895,1445,,,1,29,,21881,1445,,,1,70,,21908,1445,,,1,30,,21892,1445,,,1,85,,21873,1445,,,1,100,,21909,1445,,,1,99,,21874,1445,,,1,100,,21875,1445,,,1
2800,'DI',844,,24697,1445,0,39 40,1,100,,24702,1445,0,39 40,1,100,,24700,1445,0,39 40,1,100,,24698,1445,0,39 40,1,100,,24699,1445,0,39 40,1,100,,24703,1445,0,39 40,1,100,,24706,1445,0,39 40,1,101,,24705,1445,0,39 40,1,99,,24704,1445,0,39 40,1,100,,24701,1445,0,39 40,1
2800,'F1',846,,24713,1445,0,39 40,1,98,,24711,1445,0,39 40,1,103,,24707,1445,0,39 40,1,97,,24714,1445,0,39 40,1,101,,24712,1445,0,39 40,1,100,,24716,1445,0,39 40,1,99,,24708,1445,0,39 40,1,103,,24710,1445,0,39 40,1,99,,24715,1445,0,39 40,1,98,,24709,1445,0,39 40,1
2800,'F2',846,,24724,1445,0,39 40,1,98,,24719,1445,0,39 40,1,103,,24717,1445,0,39 40,1,97,,24721,1445,0,39 40,1,101,,24720,1445,0,39 40,1,100,,24722,1445,0,39 40,1,99,,24718,1445,0,39 40,1,103,,24726,1445,0,39 40,1,99,,24725,1445,0,39 40,1,98,,24723,1445,0,39 40,1
2800,'SA',846,,24733,1445,0,39 40,1,98,,24729,1445,0,39 40,1,103,,24727,1445,0,39 40,1,97,,24730,1445,0,39 40,1,101,,6923,1445,0,39 40,1,100,,24731,1445,0,39 40,1,99,,24728,1445,0,39 40,1,103,,24735,1445,0,39 40,1,99,,24734,1445,0,39 40,1,98,,24732,1445,0,39 40,1
2800,'SE',608,,24771,1445,0,39 40,1,46,,24769,1445,0,39 40,1,62,,24772,1445,0,39 40,1,3,,24773,1445,0,39 40,1,16,,24737,1445,0,39 40,1,13,,24752,1445,0,39 40,1,55,,24770,1445,0,39 40,1,15,,24736,1445,0,39 40,1,14,,24742,1445,0,39 40,1,18,,24754,1445,0,39 40,1,70,,24738,1445,0,39 40,1,30,,24753,1445,0,39 40,1,70,,24755,1445,0,39 40,1,30,,24739,1445,0,39 40,1,70,,24760,1445,0,39 40,1,30,,24756,1445,0,39 40,1,70,,24740,1445,0,39 40,1,30,,24761,1445,0,39 40,1,70,,24757,1445,0,39 40,1,30,,24741,1445,0,39 40,1,69,,24762,1445,0,39 40,1,31,,24774,1445,0,39 40,1,56,,24766,1445,0,39 40,1,14,,24764,1445,0,39 40,1,15,,24748,1445,0,39 40,1,15,,24776,1445,0,39 40,1,55,,24743,1445,0,39 40,1,14,,24745,1445,0,39 40,1,12,,24775,1445,0,39 40,1,12,,24767,1445,0,39 40,1,12,,24765,1445,0,39 40,1,52,,24758,1445,0,39 40,1,12,,24749,1445,0,39 40,1,12,,24763,1445,0,39 40,1,12,,24744,1445,0,39 40,1,12,,24768,1445,0,39 40,1,52,,24747,1445,0,39 40,1,13,,24751,1445,0,39 40,1,95,,24746,1445,0,39 40,1,100,,24759,1445,0,39 40,1,99,,24750,1445,0,39 40,1
7500,'DI',624,,28782,1388,0,41,2,100,,28786,1388,0,41,2,100,,28780,1388,0,41,2,100,,28783,1388,0,41,2,100,,28787,1388,0,41,2,100,,28784,1388,0,41,2,100,,28785,1388,0,41,2,100,,28788,1388,0,41,2,100,,28794,1388,0,41,2,100,,28795,1388,0,41,2,100,,28789,1388,0,41,2,100,,28790,1388,0,41,2,100,,28791,1388,0,41,2,100,,28781,1388,0,41,2,100,,28796,1388,0,41,2,100,,28792,1388,0,41,2,100,,28797,1388,0,41,2,100,,28793,1388,0,41,2,100,,28798,1388,0,41,2
7500,'F1',624,,28808,1388,0,41,2,100,,28815,1388,0,41,2,100,,28810,1388,0,41,2,100,,28813,1388,0,41,2,100,,28814,1388,0,41,2,100,,28811,1388,0,41,2,100,,28804,1388,0,41,2,100,,28812,1388,0,41,2,100,,28805,1388,0,41,2,100,,28806,1388,0,41,2,100,,28816,1388,0,41,2,105,,28817,1388,0,41,2,95,,28818,1388,0,41,2,100,,28799,1388,0,41,2,100,,28801,1388,0,41,2,100,,28800,1388,0,41,2,100,,28807,1388,0,41,2,100,,28802,1388,0,41,2,100,,28803,1388,0,41,2,100,,28809,1388,0,41,2
7500,'F2',624,,28822,1388,0,41,2,100,,28832,1388,0,41,2,100,,28837,1388,0,41,2,100,,28823,1388,0,41,2,100,,28821,1388,0,41,2,100,,28833,1388,0,41,2,100,,28824,1388,0,41,2,100,,28827,1388,0,41,2,100,,28834,1388,0,41,2,100,,28825,1388,0,41,2,100,,28826,1388,0,41,2,105,,28835,1388,0,41,2,95,,28836,1388,0,41,2,100,,28828,1388,0,41,2,100,,28829,1388,0,41,2,100,,28831,1388,0,41,2,100,,28830,1388,0,41,2,100,,28820,1388,0,41,2,100,,28819,1388,0,41,2,100,,28838,1388,0,41,2
7500,'SA',624,,28842,1388,0,41,2,100,,28851,1388,0,41,2,100,,28856,1388,0,41,2,100,,28843,1388,0,41,2,100,,28841,1388,0,41,2,100,,28852,1388,0,41,2,100,,28844,1388,0,41,2,100,,28847,1388,0,41,2,100,,28853,1388,0,41,2,100,,28845,1388,0,41,2,100,,28846,1388,0,41,2,105,,28854,1388,0,41,2,95,,28855,1388,0,41,2,100,,28848,1388,0,41,2,100,,28849,1388,0,41,2,100,,13140,1388,0,41,2,100,,28850,1388,0,41,2,100,,28840,1388,0,41,2,100,,28839,1388,0,41,2,100,,28857,1388,0,41,2
7500,'SE',614,,28860,1388,0,41,2,110,,28868,1388,0,41,2,100,,28869,1388,0,41,2,100,,28858,1388,0,41,2,100,,28865,1388,0,41,2,100,,28859,1388,0,41,2,100,,28871,1388,0,41,2,100,,28870,1388,0,41,2,100,,28866,1388,0,41,2,101,,28861,1388,0,41,2,99,,28872,1388,0,41,2,100,,28873,1388,0,41,2,100,,28874,1388,0,41,2,100,,28862,1388,0,41,2,100,,28867,1388,0,41,2,100,,28863,1388,0,41,2,100,,28875,1388,0,41,2,100,,28864,1388,0,41,2,100,,28876,1388,0,41,2,100,,28877,1388,0,41,2
8100,'DI',651,,29499,1378,,,1,100,,29488,1378,,,1,103,,29495,1378,,,1,100,,29489,1378,,,1,100,,29497,1378,,,1,100,,29501,1378,,,1,100,,29502,1378,,,1,100,,29492,1378,,,1,100,,29496,1378,,,1,100,,29487,1378,,,1,96,,29500,1378,,,1,108,,29490,1378,,,1,96,,29498,1378,,,1,100,,29491,1378,,,1,100,,29503,1378,,,1,100,,29493,1378,,,1,100,,29505,1378,,,1,100,,29504,1378,,,1,100,,29494,1378,,,1
8100,'F1',651,,29506,1378,,,1,100,,29513,1378,,,1,103,,29521,1378,,,1,100,,29518,1378,,,1,100,,29507,1378,,,1,100,,29514,1378,,,1,100,,29511,1378,,,1,100,,29519,1378,,,1,100,,29525,1378,,,1,100,,29522,1378,,,1,100,,29520,1378,,,1,104,,29517,1378,,,1,96,,29516,1378,,,1,100,,29523,1378,,,1,100,,29509,1378,,,1,100,,29512,1378,,,1,100,,29515,1378,,,1,100,,29508,1378,,,1,100,,29510,1378,,,1,100,,29524,1378,,,1
8100,'F2',651,,29537,1378,,,1,100,,29543,1378,,,1,103,,29538,1378,,,1,100,,29539,1378,,,1,100,,29544,1378,,,1,100,,29526,1378,,,1,100,,29528,1378,,,1,100,,29533,1378,,,1,100,,29540,1378,,,1,100,,29545,1378,,,1,100,,29531,1378,,,1,104,,29534,1378,,,1,96,,29541,1378,,,1,100,,29527,1378,,,1,100,,29535,1378,,,1,100,,29530,1378,,,1,100,,29542,1378,,,1,100,,29536,1378,,,1,100,,29532,1378,,,1,100,,29529,1378,,,1
8100,'SA',651,,29557,1378,,,1,100,,29563,1378,,,1,103,,29558,1378,,,1,100,,29559,1378,,,1,100,,14262,1378,,,1,100,,29546,1378,,,1,100,,29548,1378,,,1,100,,29553,1378,,,1,100,,29560,1378,,,1,100,,29564,1378,,,1,100,,29551,1378,,,1,104,,29554,1378,,,1,96,,29561,1378,,,1,100,,29547,1378,,,1,100,,29555,1378,,,1,100,,29550,1378,,,1,100,,29562,1378,,,1,100,,29556,1378,,,1,100,,29552,1378,,,1,100,,29549,1378,,,1
8100,'SE',612,,29568,1378,,,1,38,,29579,1378,,,1,69,,29575,1378,,,1,31,,29583,1378,,,1,69,,29580,1378,,,1,36,,29573,1378,,,1,99,,29565,1378,,,1,100,,29581,1378,,,1,100,,29574,1378,,,1,100,,29590,1378,,,1,100,,29588,1378,,,1,100,,29571,1378,,,1,69,,29586,1378,,,1,32,,29591,1378,,,1,70,,29582,1378,,,1,30,,29576,1378,,,1,70,,29567,1378,,,1,30,,29587,1378,,,1,70,,29577,1378,,,1,29,,29566,1378,,,1,100,,29572,1378,,,1,100,,29569,1378,,,1,100,,29584,1378,,,1,100,,29589,1378,,,1,100,,29570,1378,,,1,100,,29585,1378,,,1,100,,29578,1378,,,1
8800,'DI',705,,30028,1445,,,1,30,,30033,1445,,,1,70,,30039,1445,,,1,30,,30048,1445,,,1,70,,30029,1445,,,1,30,,30034,1445,,,1,71,,30040,1445,,,1,30,,30049,1445,,,1,70,,30030,1445,,,1,30,,30035,1445,,,1,70,,30041,1445,,,1,30,,30050,1445,,,1,70,,30031,1445,,,1,30,,30036,1445,,,1,70,,30042,1445,,,1,30,,15002,1445,,,1,70,,30043,1445,,,1,30,,30037,1445,,,1,70,,30051,1445,,,1,30,,15003,1445,,,1,70,,30044,1445,,,1,30,,30038,1445,,,1,70,,30052,1445,,,1,100,,30045,1445,,,1,100,,30053,1445,,,1,100,,30046,1445,,,1,100,,30054,1445,,,1,99,,30047,1445,,,1,100,,30027,1445,,,1,100,,30032,1445,,,1
8800,'F1',705,,30061,1445,,,1,30,,15061,1445,,,1,71,,30074,1445,,,1,30,,30065,1445,,,1,70,,30062,1445,,,1,30,,15062,1445,,,1,70,,30075,1445,,,1,30,,30066,1445,,,1,70,,15046,1445,,,1,30,,30070,1445,,,1,70,,30076,1445,,,1,30,,30067,1445,,,1,70,,15047,1445,,,1,30,,30071,1445,,,1,70,,30077,1445,,,1,30,,30057,1445,,,1,70,,15048,1445,,,1,30,,30072,1445,,,1,70,,30078,1445,,,1,30,,30058,1445,,,1,71,,30079,1445,,,1,29,,30073,1445,,,1,71,,30068,1445,,,1,29,,30059,1445,,,1,70,,30063,1445,,,1,100,,30069,1445,,,1,100,,30064,1445,,,1,99,,30056,1445,,,1,100,,30055,1445,,,1,100,,30060,1445,,,1,100,,15032,1445,,,1
8800,'F2',705,,30083,1445,,,1,30,,30108,1445,,,1,71,,30104,1445,,,1,30,,30095,1445,,,1,70,,30088,1445,,,1,30,,30109,1445,,,1,70,,30105,1445,,,1,30,,30096,1445,,,1,70,,30089,1445,,,1,30,,30100,1445,,,1,70,,30085,1445,,,1,30,,30097,1445,,,1,70,,30090,1445,,,1,30,,30101,1445,,,1,70,,30086,1445,,,1,30,,30080,1445,,,1,70,,30091,1445,,,1,30,,30102,1445,,,1,70,,30087,1445,,,1,30,,30081,1445,,,1,71,,30110,1445,,,1,29,,30103,1445,,,1,71,,30098,1445,,,1,29,,30082,1445,,,1,70,,30092,1445,,,1,100,,30099,1445,,,1,100,,30093,1445,,,1,99,,30107,1445,,,1,100,,30094,1445,,,1,100,,30106,1445,,,1,100,,30084,1445,,,1
8800,'SA',705,,30114,1445,,,1,30,,30138,1445,,,1,71,,30135,1445,,,1,30,,30126,1445,,,1,70,,30119,1445,,,1,30,,30139,1445,,,1,70,,30136,1445,,,1,30,,30127,1445,,,1,70,,30120,1445,,,1,30,,30131,1445,,,1,70,,30116,1445,,,1,30,,30128,1445,,,1,70,,30121,1445,,,1,30,,30132,1445,,,1,70,,30117,1445,,,1,30,,30111,1445,,,1,70,,30122,1445,,,1,30,,30133,1445,,,1,70,,30118,1445,,,1,30,,30112,1445,,,1,71,,30140,1445,,,1,29,,30134,1445,,,1,71,,30129,1445,,,1,29,,30113,1445,,,1,70,,30123,1445,,,1,100,,30130,1445,,,1,100,,30124,1445,,,1,99,,15203,1445,,,1,100,,30125,1445,,,1,100,,30137,1445,,,1,100,,30115,1445,,,1
8800,'SE',703,,30151,1445,,,1,21,,30183,1445,,,1,15,,30184,1445,,,1,14,,15219,1445,,,1,55,,30185,1445,,,1,15,,30153,1445,,,1,15,,30154,1445,,,1,69,,30173,1445,,,1,30,,30152,1445,,,1,70,,30150,1445,,,1,30,,30171,1445,,,1,70,,30174,1445,,,1,30,,30143,1445,,,1,70,,30141,1445,,,1,30,,30175,1445,,,1,70,,30144,1445,,,1,30,,30172,1445,,,1,70,,30187,1445,,,1,30,,30176,1445,,,1,17,,30178,1445,,,1,56,,30180,1445,,,1,15,,30145,1445,,,1,15,,30156,1445,,,1,15,,30186,1445,,,1,55,,30161,1445,,,1,13,,30165,1445,,,1,12,,30142,1445,,,1,12,,30166,1445,,,1,12,,30158,1445,,,1,53,,30163,1445,,,1,11,,30149,1445,,,1,12,,30181,1445,,,1,12,,30146,1445,,,1,12,,30157,1445,,,1,52,,30179,1445,,,1,19,,30162,1445,,,1,15,,15235,1445,,,1,62,,30159,1445,,,1,30,,30182,1445,,,1,70,,30177,1445,,,1,29,,15236,1445,,,1,70,,30160,1445,,,1,30,,30148,1445,,,1,70,,30169,1445,,,1,100,,30167,1445,,,1,99,,30170,1445,,,1,100,,30168,1445,,,1
