2300,'F1',642,,24556,1202,,,1,100,,24557,1202,,,1,100,,24553,1202,,,1,101,,24549,1202,,,1,99,,24551,1202,,,1,103,,24552,1202,,,1,97,,24558,1202,,,1,100,,24550,1202,,,1,100,,24554,1202,,,1,100,,24555,1202,,,1,100,,24559,1202,,,1,102,,24560,1202,,,1
2300,'F2',642,,24569,1202,,,1,100,,24570,1202,,,1,100,,24561,1202,,,1,101,,24562,1202,,,1,99,,24565,1202,,,1,103,,24566,1202,,,1,97,,24571,1202,,,1,100,,24572,1202,,,1,100,,24568,1202,,,1,100,,24567,1202,,,1,100,,24563,1202,,,1,102,,24564,1202,,,1
2300,'SA',642,,24581,1202,,,1,100,,24582,1202,,,1,100,,24573,1202,,,1,101,,24574,1202,,,1,99,,24577,1202,,,1,103,,24578,1202,,,1,97,,24583,1202,,,1,100,,24584,1202,,,1,100,,24580,1202,,,1,100,,24579,1202,,,1,100,,24575,1202,,,1,102,,24576,1202,,,1
2300,'SE',943,,24587,1202,,,1,100,,24585,1202,,,1,100,,24588,1202,,,1,100,,24589,1202,,,1,100,,24586,1202,,,1
7400,'DI',758,,28587,1202,,,1,100,,28588,1202,,,1,100,,28589,1202,,,1,100,,28590,1202,,,1,99,,28591,1202,,,1,145,,28592,1202,,,1,56,,28581,1202,,,1,100,,28582,1202,,,1,100,,28593,1202,,,1,100,,28594,1202,,,1,144,,28595,1202,,,1,56,,28596,1202,,,1,100,,28597,1202,,,1,100,,28584,1202,,,1,100,,28585,1202,,,1,100,,28586,1202,,,1,100,,28583,1202,,,1
7400,'F1',758,,28601,1202,,,1,100,,28602,1202,,,1,99,,28603,1202,,,1,100,,28615,1202,,,1,101,,28611,1202,,,1,100,,28612,1202,,,1,100,,28613,1202,,,1,99,,28598,1202,,,1,101,,28604,1202,,,1,100,,28605,1202,,,1,142,,28606,1202,,,1,58,,28614,1202,,,1,100,,28607,1202,,,1,100,,28608,1202,,,1,100,,28609,1202,,,1,100,,28610,1202,,,1,100,,28599,1202,,,1,100,,28600,1202,,,1
7400,'F2',758,,28619,1202,,,1,100,,28620,1202,,,1,99,,28621,1202,,,1,100,,28618,1202,,,1,101,,28622,1202,,,1,100,,28623,1202,,,1,100,,28624,1202,,,1,99,,28625,1202,,,1,101,,28626,1202,,,1,100,,28627,1202,,,1,142,,28616,1202,,,1,58,,28628,1202,,,1,100,,28629,1202,,,1,100,,28630,1202,,,1,100,,28631,1202,,,1,100,,28632,1202,,,1,100,,28633,1202,,,1,100,,28617,1202,,,1
7400,'SA',758,,28637,1202,,,1,100,,28638,1202,,,1,99,,28639,1202,,,1,100,,28636,1202,,,1,101,,28640,1202,,,1,100,,28641,1202,,,1,100,,28642,1202,,,1,99,,28643,1202,,,1,101,,28644,1202,,,1,100,,28645,1202,,,1,142,,28634,1202,,,1,58,,28646,1202,,,1,100,,28647,1202,,,1,100,,28648,1202,,,1,100,,28649,1202,,,1,100,,28650,1202,,,1,100,,28651,1202,,,1,100,,28635,1202,,,1
7400,'SE',627,,28653,1202,,,1,25,,28652,1202,,,1,78,,28665,1202,,,1,25,,28667,1202,,,1,69,,28666,1202,,,1,32,,28673,1202,,,1,101,,28660,1202,,,1,100,,28658,1202,,,1,100,,28674,1202,,,1,100,,28675,1202,,,1,101,,28661,1202,,,1,100,,28663,1202,,,1,70,,28668,1202,,,1,27,,28664,1202,,,1,74,,28657,1202,,,1,29,,28671,1202,,,1,70,,28659,1202,,,1,30,,28672,1202,,,1,70,,28655,1202,,,1,29,,28676,1202,,,1,100,,28677,1202,,,1,100,,28656,1202,,,1,100,,28669,1202,,,1,100,,28670,1202,,,1,100,,28662,1202,,,1,100,,28654,1202,,,1
12300,'DI',613,,30605,1202,0,46 47,1,100,,30615,1202,0,46 47,1,100,,30606,1202,0,46 47,1,100,,30616,1202,0,46 47,1,100,,30607,1202,0,46 47,1,100,,30617,1202,0,46 47,1,105,,30608,1202,0,46 47,1,95,,30618,1202,0,46 47,1,100,,30609,1202,0,46 47,1,100,,30619,1202,0,46 47,1,100,,30610,1202,0,46 47,1,100,,30620,1202,0,46 47,1,100,,30611,1202,0,46 47,1,100,,30621,1202,0,46 47,1,100,,30612,1202,0,46 47,1,100,,30622,1202,0,46 47,1,100,,30613,1202,0,46 47,1,100,,30623,1202,0,46 47,1,100,,30614,1202,0,46 47,1
12300,'F1',612,,30632,1202,0,46 47,1,100,,30636,1202,0,46 47,1,100,,30626,1202,0,46 47,1,105,,30637,1202,0,46 47,1,99,,30627,1202,0,46 47,1,100,,30624,1202,0,46 47,1,100,,30628,1202,0,46 47,1,96,,30625,1202,0,46 47,1,100,,30629,1202,0,46 47,1,100,,30630,1202,0,46 47,1,104,,30638,1202,0,46 47,1,101,,30631,1202,0,46 47,1,99,,30639,1202,0,46 47,1,96,,30633,1202,0,46 47,1,100,,30640,1202,0,46 47,1,100,,30634,1202,0,46 47,1,100,,30641,1202,0,46 47,1,100,,30635,1202,0,46 47,1,100,,30642,1202,0,46 47,1
12300,'F2',612,,30644,1202,0,46 47,1,100,,30643,1202,0,46 47,1,100,,30645,1202,0,46 47,1,105,,30654,1202,0,46 47,1,99,,30646,1202,0,46 47,1,100,,30655,1202,0,46 47,1,100,,30647,1202,0,46 47,1,96,,30656,1202,0,46 47,1,100,,30648,1202,0,46 47,1,100,,30657,1202,0,46 47,1,104,,30649,1202,0,46 47,1,101,,30658,1202,0,46 47,1,99,,30650,1202,0,46 47,1,96,,30659,1202,0,46 47,1,100,,30651,1202,0,46 47,1,100,,30660,1202,0,46 47,1,100,,30652,1202,0,46 47,1,100,,30661,1202,0,46 47,1,100,,30653,1202,0,46 47,1
12300,'SA',612,,30663,1202,0,46 47,1,100,,30662,1202,0,46 47,1,100,,30664,1202,0,46 47,1,105,,30673,1202,0,46 47,1,99,,30665,1202,0,46 47,1,100,,30674,1202,0,46 47,1,100,,30666,1202,0,46 47,1,96,,30675,1202,0,46 47,1,100,,30667,1202,0,46 47,1,100,,30676,1202,0,46 47,1,104,,30668,1202,0,46 47,1,101,,30677,1202,0,46 47,1,99,,30669,1202,0,46 47,1,96,,30678,1202,0,46 47,1,100,,30670,1202,0,46 47,1,100,,30679,1202,0,46 47,1,100,,30671,1202,0,46 47,1,100,,30680,1202,0,46 47,1,100,,30672,1202,0,46 47,1
12300,'SE',505,,30700,1202,0,46 47,1,33,,30681,1202,0,46 47,1,15,,30688,1202,0,46 47,1,50,,30682,1202,0,46 47,1,10,,30702,1202,0,46 47,1,10,,30693,1202,0,46 47,1,10,,30703,1202,0,46 47,1,8,,30683,1202,0,46 47,1,12,,30707,1202,0,46 47,1,50,,30684,1202,0,46 47,1,21,,30708,1202,0,46 47,1,17,,30704,1202,0,46 47,1,69,,30710,1202,0,46 47,1,29,,30709,1202,0,46 47,1,69,,30690,1202,0,46 47,1,102,,30685,1202,0,46 47,1,100,,30695,1202,0,46 47,1,99,,30705,1202,0,46 47,1,101,,30697,1202,0,46 47,1,5,,30694,1202,0,46 47,1,93,,30701,1202,0,46 47,1,30,,30711,1202,0,46 47,1,70,,30698,1202,0,46 47,1,26,,30696,1202,0,46 47,1,71,,30713,1202,0,46 47,1,31,,30715,1202,0,46 47,1,71,,30687,1202,0,46 47,1,31,,30699,1202,0,46 47,1,76,,30686,1202,0,46 47,1,28,,30712,1202,0,46 47,1,70,,30706,1202,0,46 47,1,30,,30689,1202,0,46 47,1,70,,30714,1202,0,46 47,1,100,,30691,1202,0,46 47,1,100,,30716,1202,0,46 47,1,100,,30692,1202,0,46 47,1,100,,30717,1202,0,46 47,1
