601,'DI',621,,21580,7922,,,1,30,,21586,7922,,,1,70,,21598,7922,,,1,30,,21593,7922,,,1,70,,21589,7922,,,1,30,,21587,7922,,,1,70,,21572,7922,,,1,30,,21576,7922,,,1,74,,21590,7922,,,1,30,,21584,7922,,,1,70,,21573,7922,,,1,30,,2206,7922,,,1,70,,2212,7922,,,1,33,,21574,7922,,,1,70,,21577,7922,,,1,30,,21583,7922,,,1,70,,21575,7922,,,1,30,,21585,7922,,,1,70,,21581,7922,,,1,30,,21578,7922,,,1,70,,21591,7922,,,1,30,,21599,7922,,,1,70,,21594,7922,,,1,28,,21592,7922,,,1,70,,21600,7922,,,1,30,,21595,7922,,,1,100,,21582,7922,,,1,100,,21597,7922,,,1,100,,21588,7922,,,1,100,,21579,7922,,,1,100,,21571,7922,,,1,100,,21596,7922,,,1
601,'F1',621,,21614,7922,,,1,30,,21604,7922,,,1,70,,21625,7922,,,1,30,,21617,7922,,,1,70,,21615,7922,,,1,30,,21605,7922,,,1,74,,2242,7922,,,1,26,,21618,7922,,,1,76,,21601,7922,,,1,23,,2243,7922,,,1,75,,21627,7922,,,1,26,,21620,7922,,,1,70,,21628,7922,,,1,38,,21621,7922,,,1,70,,21626,7922,,,1,29,,21602,7922,,,1,70,,21622,7922,,,1,30,,21609,7922,,,1,70,,21603,7922,,,1,30,,21606,7922,,,1,70,,21610,7922,,,1,30,,21623,7922,,,1,70,,21607,7922,,,1,28,,21611,7922,,,1,70,,21624,7922,,,1,30,,21608,7922,,,1,100,,21616,7922,,,1,100,,21629,7922,,,1,100,,21612,7922,,,1,100,,21613,7922,,,1,100,,21630,7922,,,1,100,,21619,7922,,,1
601,'F2',621,,21646,7922,,,1,30,,21642,7922,,,1,70,,21662,7922,,,1,30,,21651,7922,,,1,70,,21647,7922,,,1,30,,21643,7922,,,1,74,,21648,7922,,,1,26,,21652,7922,,,1,76,,21661,7922,,,1,23,,21649,7922,,,1,75,,21658,7922,,,1,26,,21644,7922,,,1,70,,21637,7922,,,1,38,,21645,7922,,,1,70,,21638,7922,,,1,29,,21631,7922,,,1,70,,21653,7922,,,1,30,,21639,7922,,,1,70,,21632,7922,,,1,30,,21654,7922,,,1,70,,21640,7922,,,1,30,,21633,7922,,,1,70,,21655,7922,,,1,28,,21641,7922,,,1,70,,21634,7922,,,1,30,,21656,7922,,,1,100,,21659,7922,,,1,100,,21650,7922,,,1,100,,21635,7922,,,1,100,,21636,7922,,,1,100,,21660,7922,,,1,100,,21657,7922,,,1
601,'SA',621,,21678,7922,,,1,30,,21674,7922,,,1,70,,21694,7922,,,1,30,,21683,7922,,,1,70,,21679,7922,,,1,30,,21675,7922,,,1,74,,21680,7922,,,1,26,,21684,7922,,,1,76,,21693,7922,,,1,23,,21681,7922,,,1,75,,21690,7922,,,1,26,,21676,7922,,,1,70,,21669,7922,,,1,38,,21677,7922,,,1,70,,21670,7922,,,1,29,,21663,7922,,,1,70,,21685,7922,,,1,30,,21671,7922,,,1,70,,21664,7922,,,1,30,,21686,7922,,,1,70,,21672,7922,,,1,30,,21665,7922,,,1,70,,21687,7922,,,1,28,,21673,7922,,,1,70,,21666,7922,,,1,30,,21688,7922,,,1,100,,21691,7922,,,1,100,,21682,7922,,,1,100,,21667,7922,,,1,100,,21668,7922,,,1,100,,21692,7922,,,1,100,,21689,7922,,,1
601,'SE',536,,21712,7922,,,1,70,,21704,7922,,,1,32,,21713,7922,,,1,71,,21696,7922,,,1,25,,21716,7922,,,1,77,,21723,7922,,,1,29,,21719,7922,,,1,72,,21717,7922,,,1,28,,21718,7922,,,1,70,,21711,7922,,,1,30,,21697,7922,,,1,70,,21706,7922,,,1,30,,21730,7922,,,1,70,,21721,7922,,,1,30,,21722,7922,,,1,70,,21727,7922,,,1,30,,21725,7922,,,1,70,,21707,7922,,,1,30,,21705,7922,,,1,72,,21702,7922,,,1,30,,21700,7922,,,1,66,,21728,7922,,,1,38,,21726,7922,,,1,66,,21703,7922,,,1,31,,21720,7922,,,1,65,,21714,7922,,,1,31,,21698,7922,,,1,70,,21695,7922,,,1,28,,21701,7922,,,1,70,,21724,7922,,,1,30,,21715,7922,,,1,70,,21708,7922,,,1,30,,21729,7922,,,1,70,,21699,7922,,,1,98,,21709,7922,,,1,100,,21731,7922,,,1,100,,21710,7922,,,1
1301,'DI',640,,22510,8974,,,1,100,,3602,8974,,,1,100,,22511,8974,,,1,100,,3603,8974,,,1,100,,22512,8974,,,1,100,,3604,8974,,,1,100,,22513,8974,,,1,100,,3605,8974,,,1,100,,22515,8974,,,1,100,,22522,8974,,,1,100,,22507,8974,,,1,100,,22514,8974,,,1,100,,22509,8974,,,1,100,,22516,8974,,,1,100,,22520,8974,,,1,100,,22518,8974,,,1,100,,22517,8974,,,1,100,,22508,8974,,,1,100,,22521,8974,,,1,100,,22519,8974,,,1
1301,'F1',640,,22530,8974,,,1,100,,22523,8974,,,1,100,,22531,8974,,,1,100,,22525,8974,,,1,100,,22526,8974,,,1,100,,22536,8974,,,1,100,,22524,8974,,,1,100,,22532,8974,,,1,100,,22527,8974,,,1,100,,22533,8974,,,1,100,,22541,8974,,,1,100,,22529,8974,,,1,100,,22537,8974,,,1,100,,22534,8974,,,1,100,,22538,8974,,,1,100,,22528,8974,,,1,100,,22540,8974,,,1,100,,22535,8974,,,1,100,,22539,8974,,,1,100,,22542,8974,,,1
1301,'F2',640,,22551,8974,,,1,100,,22544,8974,,,1,100,,22552,8974,,,1,100,,22545,8974,,,1,100,,22546,8974,,,1,100,,22553,8974,,,1,100,,22555,8974,,,1,100,,22547,8974,,,1,100,,22556,8974,,,1,100,,22548,8974,,,1,100,,22543,8974,,,1,100,,22558,8974,,,1,100,,22561,8974,,,1,100,,22549,8974,,,1,100,,22557,8974,,,1,100,,22554,8974,,,1,100,,22562,8974,,,1,100,,22559,8974,,,1,100,,22550,8974,,,1,100,,22560,8974,,,1
1301,'SA',640,,22571,8974,,,1,100,,22564,8974,,,1,100,,22572,8974,,,1,100,,22565,8974,,,1,100,,22566,8974,,,1,100,,22573,8974,,,1,100,,22575,8974,,,1,100,,22567,8974,,,1,100,,22576,8974,,,1,100,,22568,8974,,,1,100,,22563,8974,,,1,100,,22578,8974,,,1,100,,22581,8974,,,1,100,,22569,8974,,,1,100,,22577,8974,,,1,100,,22574,8974,,,1,100,,22582,8974,,,1,100,,22579,8974,,,1,100,,22570,8974,,,1,100,,22580,8974,,,1
1301,'SE',548,,22597,8974,,,1,72,,22598,8974,,,1,31,,22596,8974,,,1,58,,22585,8974,,,1,14,,22621,8974,,,1,13,,22587,8974,,,1,14,,22614,8974,,,1,62,,22588,8974,,,1,12,,22586,8974,,,1,13,,22625,8974,,,1,15,,22607,8974,,,1,55,,22603,8974,,,1,20,,22606,8974,,,1,28,,22599,8974,,,1,70,,22584,8974,,,1,30,,22602,8974,,,1,70,,22616,8974,,,1,30,,22594,8974,,,1,70,,22608,8974,,,1,31,,22595,8974,,,1,70,,22600,8974,,,1,30,,22617,8974,,,1,70,,22604,8974,,,1,30,,22609,8974,,,1,69,,22622,8974,,,1,75,,22619,8974,,,1,29,,22583,8974,,,1,27,,22590,8974,,,1,55,,22605,8974,,,1,20,,22601,8974,,,1,22,,22626,8974,,,1,58,,22612,8974,,,1,19,,22610,8974,,,1,29,,22591,8974,,,1,68,,22624,8974,,,1,30,,22589,8974,,,1,70,,22618,8974,,,1,30,,22620,8974,,,1,70,,22611,8974,,,1,29,,22623,8974,,,1,100,,22613,8974,,,1,100,,22615,8974,,,1,100,,22592,8974,,,1,97,,22593,8974,,,1
1401,'SE',620,,22651,17616,,,1,32,,22653,17616,,,1,61,,22656,17616,,,1,16,,22655,17616,,,1,16,,22658,17616,,,1,55,,22652,17616,,,1,14,,22649,17616,,,1,14,,22654,17616,,,1,14,,22657,17616,,,1,16,,22660,17616,,,1,56,,22650,17616,,,1,20,,22659,17616,,,1,23,,22668,15483,,,1,100,,22669,15483,,,1,100,,22673,15483,,,1,100,,22674,15483,,,1,100,,22661,15483,,,1,100,,22665,15483,,,1,100,,22663,15483,,,1,85,,22672,15483,,,1,14,,22667,15483,,,1,59,,22662,15483,,,1,24,,22676,15483,,,1,18,,22675,15483,,,1,60,,22670,15483,,,1,20,,22664,15483,,,1,18,,22666,15483,,,1,68,,22671,15483,,,1
1501,'DI',709,,22796,10016,,,1,100,,22793,10016,,,1,100,,22790,10016,,,1,100,,22803,10016,,,1,101,,22808,10016,,,1,100,,22801,10016,,,1,100,,22797,10016,,,1,100,,22791,10016,,,1,100,,22805,10016,,,1,100,,22792,10016,,,1,100,,22800,10016,,,1,100,,22798,10016,,,1,100,,22802,10016,,,1,97,,22806,10016,,,1,100,,22804,10016,,,1,100,,22799,10016,,,1,100,,22794,10016,,,1,100,,22807,10016,,,1,100,,22795,10016,,,1
1501,'F1',708,,22810,10016,,,1,100,,22816,10016,,,1,100,,22825,10016,,,1,100,,22817,10016,,,1,100,,22819,10016,,,1,100,,22818,10016,,,1,100,,22826,10016,,,1,101,,22811,10016,,,1,100,,22820,10016,,,1,102,,22812,10016,,,1,98,,22809,10016,,,1,100,,22822,10016,,,1,100,,22827,10016,,,1,99,,22813,10016,,,1,100,,22814,10016,,,1,100,,22823,10016,,,1,100,,22815,10016,,,1,100,,22824,10016,,,1,100,,22821,10016,,,1
1501,'F2',708,,22843,10016,,,1,100,,22837,10016,,,1,100,,22831,10016,,,1,100,,22844,10016,,,1,100,,22829,10016,,,1,100,,22828,10016,,,1,100,,22840,10016,,,1,101,,22835,10016,,,1,100,,22839,10016,,,1,102,,22836,10016,,,1,98,,22832,10016,,,1,100,,22838,10016,,,1,100,,22841,10016,,,1,99,,22842,10016,,,1,100,,22830,10016,,,1,100,,22845,10016,,,1,100,,22833,10016,,,1,100,,22846,10016,,,1,100,,22834,10016,,,1
1501,'SA',708,,22862,10016,,,1,100,,22856,10016,,,1,100,,22850,10016,,,1,100,,22863,10016,,,1,100,,22848,10016,,,1,100,,22847,10016,,,1,100,,22859,10016,,,1,101,,22854,10016,,,1,100,,22858,10016,,,1,102,,22855,10016,,,1,98,,22851,10016,,,1,100,,22857,10016,,,1,100,,22860,10016,,,1,99,,22861,10016,,,1,100,,22849,10016,,,1,100,,22864,10016,,,1,100,,22852,10016,,,1,100,,22865,10016,,,1,100,,22853,10016,,,1
1501,'SE',533,,22878,10016,,,1,86,,22870,10016,,,1,31,,22876,10016,,,1,73,,22898,10016,,,1,21,,22886,10016,,,1,60,,22880,10016,,,1,20,,22871,10016,,,1,30,,22867,10016,,,1,73,,22904,10016,,,1,27,,22888,10016,,,1,68,,22877,10016,,,1,30,,22896,10016,,,1,70,,22890,10016,,,1,30,,22872,10016,,,1,71,,22874,10016,,,1,30,,22891,10016,,,1,70,,22893,10016,,,1,30,,22875,10016,,,1,70,,22873,10016,,,1,30,,22899,10016,,,1,72,,22881,10016,,,1,31,,22902,10016,,,1,63,,22897,10016,,,1,39,,22894,10016,,,1,67,,22883,10016,,,1,30,,22869,10016,,,1,71,,22903,10016,,,1,26,,22892,10016,,,1,70,,22882,10016,,,1,30,,22900,10016,,,1,68,,22895,10016,,,1,30,,22868,10016,,,1,70,,22889,10016,,,1,30,,22901,10016,,,1,70,,22885,10016,,,1,30,,22866,10016,,,1,98,,22879,10016,,,1,100,,22884,10016,,,1,99,,22887,10016,,,1
50601,'SE',1638,,32345,895,,,2
60001,'SE',909,,32396,5653,,,2
61301,'SE',908,,32412,7962,,,2
61801,'SE',858,,32416,8887,,,2
