2300,'F1',652,,24556,5017,,,1,100,,24557,5017,,,1,100,,24553,5017,,,1,101,,24549,5017,,,1,99,,24551,5017,,,1,103,,24552,5017,,,1,97,,24558,5017,,,1,100,,24550,5017,,,1,100,,24554,5017,,,1,100,,24555,5017,,,1,100,,24559,5017,,,1,102,,24560,5017,,,1
2300,'F2',652,,24569,5017,,,1,100,,24570,5017,,,1,100,,24561,5017,,,1,101,,24562,5017,,,1,99,,24565,5017,,,1,103,,24566,5017,,,1,97,,24571,5017,,,1,100,,24572,5017,,,1,100,,24568,5017,,,1,100,,24567,5017,,,1,100,,24563,5017,,,1,102,,24564,5017,,,1
2300,'SA',652,,24581,5017,,,1,100,,24582,5017,,,1,100,,24573,5017,,,1,101,,24574,5017,,,1,99,,24577,5017,,,1,103,,24578,5017,,,1,97,,24583,5017,,,1,100,,24584,5017,,,1,100,,24580,5017,,,1,100,,24579,5017,,,1,100,,24575,5017,,,1,102,,24576,5017,,,1
2300,'SE',953,,24587,5017,,,1,100,,24585,5017,,,1,100,,24588,5017,,,1,100,,24589,5017,,,1,100,,24586,5017,,,1
12300,'DI',622,,30605,5017,0,46 47,1,100,,30615,5017,0,46 47,1,100,,30606,5017,0,46 47,1,100,,30616,5017,0,46 47,1,100,,30607,5017,0,46 47,1,100,,30617,5017,0,46 47,1,105,,30608,5017,0,46 47,1,95,,30618,5017,0,46 47,1,100,,30609,5017,0,46 47,1,100,,30619,5017,0,46 47,1,100,,30610,5017,0,46 47,1,100,,30620,5017,0,46 47,1,100,,30611,5017,0,46 47,1,100,,30621,5017,0,46 47,1,100,,30612,5017,0,46 47,1,100,,30622,5017,0,46 47,1,100,,30613,5017,0,46 47,1,100,,30623,5017,0,46 47,1,100,,30614,5017,0,46 47,1
12300,'F1',622,,30632,5017,0,46 47,1,100,,30636,5017,0,46 47,1,100,,30626,5017,0,46 47,1,105,,30637,5017,0,46 47,1,99,,30627,5017,0,46 47,1,100,,30624,5017,0,46 47,1,100,,30628,5017,0,46 47,1,96,,30625,5017,0,46 47,1,100,,30629,5017,0,46 47,1,100,,30630,5017,0,46 47,1,104,,30638,5017,0,46 47,1,101,,30631,5017,0,46 47,1,99,,30639,5017,0,46 47,1,96,,30633,5017,0,46 47,1,100,,30640,5017,0,46 47,1,100,,30634,5017,0,46 47,1,100,,30641,5017,0,46 47,1,100,,30635,5017,0,46 47,1,100,,30642,5017,0,46 47,1
12300,'F2',622,,30644,5017,0,46 47,1,100,,30643,5017,0,46 47,1,100,,30645,5017,0,46 47,1,105,,30654,5017,0,46 47,1,99,,30646,5017,0,46 47,1,100,,30655,5017,0,46 47,1,100,,30647,5017,0,46 47,1,96,,30656,5017,0,46 47,1,100,,30648,5017,0,46 47,1,100,,30657,5017,0,46 47,1,104,,30649,5017,0,46 47,1,101,,30658,5017,0,46 47,1,99,,30650,5017,0,46 47,1,96,,30659,5017,0,46 47,1,100,,30651,5017,0,46 47,1,100,,30660,5017,0,46 47,1,100,,30652,5017,0,46 47,1,100,,30661,5017,0,46 47,1,100,,30653,5017,0,46 47,1
12300,'SA',622,,30663,5017,0,46 47,1,100,,30662,5017,0,46 47,1,100,,30664,5017,0,46 47,1,105,,30673,5017,0,46 47,1,99,,30665,5017,0,46 47,1,100,,30674,5017,0,46 47,1,100,,30666,5017,0,46 47,1,96,,30675,5017,0,46 47,1,100,,30667,5017,0,46 47,1,100,,30676,5017,0,46 47,1,104,,30668,5017,0,46 47,1,101,,30677,5017,0,46 47,1,99,,30669,5017,0,46 47,1,96,,30678,5017,0,46 47,1,100,,30670,5017,0,46 47,1,100,,30679,5017,0,46 47,1,100,,30671,5017,0,46 47,1,100,,30680,5017,0,46 47,1,100,,30672,5017,0,46 47,1
12300,'SE',514,,30700,5017,0,46 47,1,33,,30681,5017,0,46 47,1,55,,30688,5017,0,46 47,1,10,,30682,5017,0,46 47,1,10,,30702,5017,0,46 47,1,10,,30693,5017,0,46 47,1,12,,30703,5017,0,46 47,1,8,,30683,5017,0,46 47,1,52,,30707,5017,0,46 47,1,10,,30684,5017,0,46 47,1,21,,30708,5017,0,46 47,1,17,,30704,5017,0,46 47,1,69,,30710,5017,0,46 47,1,29,,30709,5017,0,46 47,1,69,,30690,5017,0,46 47,1,102,,30685,5017,0,46 47,1,100,,30695,5017,0,46 47,1,99,,30705,5017,0,46 47,1,101,,30697,5017,0,46 47,1,5,,30694,5017,0,46 47,1,93,,30701,5017,0,46 47,1,30,,30711,5017,0,46 47,1,71,,30698,5017,0,46 47,1,26,,30696,5017,0,46 47,1,71,,30713,5017,0,46 47,1,31,,30715,5017,0,46 47,1,71,,30687,5017,0,46 47,1,30,,30699,5017,0,46 47,1,76,,30686,5017,0,46 47,1,28,,30712,5017,0,46 47,1,70,,30706,5017,0,46 47,1,30,,30689,5017,0,46 47,1,70,,30714,5017,0,46 47,1,100,,30691,5017,0,46 47,1,100,,30716,5017,0,46 47,1,98,,30692,5017,0,46 47,1,100,,30717,5017,0,46 47,1
17000,'SE',554,,31359,7646,0,48,2,70,,31363,7646,0,48,2,31,,31360,7646,0,48,2,70,,31364,7646,0,48,2,30,,31361,7646,0,48,2,73,,31365,7646,0,48,2,28,,31362,7646,0,48,2,692,,31366,7646,0,48,2,70,,31370,7646,0,48,2,30,,31367,7646,0,48,2,70,,31371,7646,0,48,2,30,,31368,7646,0,48,2,70,,31372,7646,0,48,2,30,,31369,7646,0,48,2
57500,'SE',1559,,32393,3636,,,2
