3800,'DI',704,,25417,8111,,,1,100,,25423,8111,,,1,100,,25421,8111,,,1,101,,25415,8111,,,1,96,,25424,8111,,,1,100,,25412,8111,,,1,103,,25428,8111,,,1,100,,25416,8111,,,1,100,,25422,8111,,,1,101,,25425,8111,,,1,104,,25413,8111,,,1,101,,25418,8111,,,1,97,,25419,8111,,,1,100,,25414,8111,,,1,99,,25426,8111,,,1,101,,25420,8111,,,1,100,,25427,8111,,,1,100,,25429,8111,,,1
3800,'F1',604,,25446,8111,,,1,100,,25447,8111,,,1,100,,25430,8111,,,1,100,,25448,8111,,,1,100,,25432,8111,,,1,100,,25434,8111,,,1,100,,25433,8111,,,1,104,,25435,8111,,,1,100,,25439,8111,,,1,100,,25436,8111,,,1,102,,25440,8111,,,1,100,,25437,8111,,,1,100,,25441,8111,,,1,97,,25438,8111,,,1,100,,25431,8111,,,1,99,,25442,8111,,,1,100,,25444,8111,,,1,101,,25443,8111,,,1,99,,25445,8111,,,1
3800,'F2',604,,25454,8111,,,1,100,,25451,8111,,,1,100,,25461,8111,,,1,100,,25455,8111,,,1,100,,25462,8111,,,1,100,,25456,8111,,,1,100,,25463,8111,,,1,104,,25457,8111,,,1,100,,25464,8111,,,1,100,,25458,8111,,,1,102,,25452,8111,,,1,100,,25459,8111,,,1,100,,25453,8111,,,1,97,,25460,8111,,,1,100,,25449,8111,,,1,99,,25465,8111,,,1,100,,25450,8111,,,1,101,,25466,8111,,,1,99,,25467,8111,,,1
3800,'SA',604,,25473,8111,,,1,100,,25470,8111,,,1,100,,25480,8111,,,1,100,,25474,8111,,,1,100,,25481,8111,,,1,100,,25475,8111,,,1,100,,25482,8111,,,1,104,,25476,8111,,,1,100,,25483,8111,,,1,100,,25477,8111,,,1,102,,25471,8111,,,1,100,,25478,8111,,,1,100,,25472,8111,,,1,97,,25479,8111,,,1,100,,25468,8111,,,1,99,,25484,8111,,,1,100,,25469,8111,,,1,101,,25485,8111,,,1,99,,25486,8111,,,1
3800,'SE',619,,25508,8111,,,1,21,,25494,8111,,,1,18,,25503,8111,,,1,58,,25495,8111,,,1,24,,25505,8111,,,1,12,,25496,8111,,,1,60,,25515,8111,,,1,24,,25506,8111,,,1,69,,25488,8111,,,1,18,,25504,8111,,,1,17,,25510,8111,,,1,70,,25491,8111,,,1,44,,25511,8111,,,1,100,,25514,8111,,,1,100,,25498,8111,,,1,102,,25516,8111,,,1,94,,25499,8111,,,1,67,,25500,8111,,,1,33,,25487,8111,,,1,70,,25509,8111,,,1,30,,25512,8111,,,1,72,,25489,8111,,,1,26,,25497,8111,,,1,65,,25513,8111,,,1,94,,25493,8111,,,1,100,,25502,8111,,,1,99,,25507,8111,,,1,99,,25501,8111,,,1,100,,25490,8111,,,1,100,,25492,8111,,,1
4101,'DI',749,,25638,9706,,,1,100,,25642,9706,,,1,101,,25632,9706,,,1,100,,25628,9706,,,1,100,,25639,9706,,,1,100,,25629,9706,,,1,101,,25640,9706,,,1,100,,25633,9706,,,1,100,,25625,9706,,,1,102,,25630,9706,,,1,98,,25634,9706,,,1,100,,25626,9706,,,1,98,,25635,9706,,,1,100,,25627,9706,,,1,100,,25631,9706,,,1,99,,25636,9706,,,1,100,,25641,9706,,,1,100,,25637,9706,,,1,100,,25643,9706,,,1
4101,'F1',749,,25660,9706,,,1,100,,25662,9706,,,1,101,,25647,9706,,,1,101,,25656,9706,,,1,99,,25644,9706,,,1,100,,25657,9706,,,1,101,,25645,9706,,,1,100,,25658,9706,,,1,100,,25648,9706,,,1,100,,25653,9706,,,1,100,,25649,9706,,,1,100,,25654,9706,,,1,98,,25650,9706,,,1,100,,25659,9706,,,1,100,,25651,9706,,,1,99,,25661,9706,,,1,100,,25655,9706,,,1,100,,25646,9706,,,1,100,,25652,9706,,,1
4101,'F2',749,,25666,9706,,,1,100,,25679,9706,,,1,101,,25667,9706,,,1,101,,25672,9706,,,1,99,,25680,9706,,,1,100,,25673,9706,,,1,101,,25668,9706,,,1,100,,25674,9706,,,1,100,,25669,9706,,,1,100,,25665,9706,,,1,100,,25670,9706,,,1,100,,25663,9706,,,1,98,,25675,9706,,,1,100,,25664,9706,,,1,100,,25681,9706,,,1,99,,25676,9706,,,1,100,,25671,9706,,,1,100,,25677,9706,,,1,100,,25678,9706,,,1
4101,'SA',749,,25685,9706,,,1,100,,25698,9706,,,1,101,,25686,9706,,,1,101,,25691,9706,,,1,99,,25699,9706,,,1,100,,25692,9706,,,1,101,,25687,9706,,,1,100,,25693,9706,,,1,100,,25688,9706,,,1,100,,25684,9706,,,1,100,,25689,9706,,,1,100,,25682,9706,,,1,98,,25694,9706,,,1,100,,25683,9706,,,1,100,,25700,9706,,,1,99,,25695,9706,,,1,100,,25690,9706,,,1,100,,25696,9706,,,1,100,,25697,9706,,,1
4101,'SE',719,,25701,9706,,,1,30,,25718,9706,,,1,70,,25712,9706,,,1,36,,25713,9706,,,1,65,,25719,9706,,,1,30,,25720,9706,,,1,100,,25715,9706,,,1,100,,25721,9706,,,1,100,,25716,9706,,,1,100,,25705,9706,,,1,101,,25724,9706,,,1,75,,25725,9706,,,1,25,,25722,9706,,,1,69,,25708,9706,,,1,37,,25714,9706,,,1,66,,25703,9706,,,1,27,,25706,9706,,,1,71,,25726,9706,,,1,29,,25711,9706,,,1,100,,25702,9706,,,1,99,,25717,9706,,,1,100,,25704,9706,,,1,99,,25709,9706,,,1,100,,25723,9706,,,1,100,,25710,9706,,,1,100,,25707,9706,,,1
4201,'DI',557,,25850,8274,,,1,100,,25851,8274,,,1,100,,25852,8274,,,1,100,,25853,8274,,,1,100,,25854,8274,,,1,100,,25855,8274,,,1,100,,25856,8274,,,1,100,,25857,8274,,,1,100,,25858,8274,,,1,100,,25859,8274,,,1,100,,25860,8274,,,1,100,,25861,8274,,,1,100,,25862,8274,,,1,100,,25863,8274,,,1,99,,25864,8274,,,1,100,,25865,8274,,,1,100,,25866,8274,,,1,100,,25867,8274,,,1,100,,25868,8274,,,1,100,,25869,8274,,,1
4201,'F1',557,,25870,8274,,,1,100,,25871,8274,,,1,100,,25872,8274,,,1,100,,25873,8274,,,1,100,,25874,8274,,,1,100,,25875,8274,,,1,100,,25876,8274,,,1,100,,25877,8274,,,1,100,,25878,8274,,,1,100,,25879,8274,,,1,100,,25880,8274,,,1,100,,25881,8274,,,1,100,,25882,8274,,,1,100,,25883,8274,,,1,99,,25884,8274,,,1,100,,25885,8274,,,1,100,,25886,8274,,,1,100,,25887,8274,,,1,100,,25888,8274,,,1,100,,25889,8274,,,1
4201,'F2',557,,25906,8274,,,1,100,,25907,8274,,,1,100,,25908,8274,,,1,100,,25909,8274,,,1,100,,25890,8274,,,1,100,,25891,8274,,,1,100,,25892,8274,,,1,100,,25893,8274,,,1,100,,25894,8274,,,1,100,,25895,8274,,,1,100,,25896,8274,,,1,100,,25897,8274,,,1,100,,25898,8274,,,1,100,,25899,8274,,,1,99,,25900,8274,,,1,100,,25901,8274,,,1,100,,25902,8274,,,1,100,,25903,8274,,,1,100,,25904,8274,,,1,100,,25905,8274,,,1
4201,'SA',557,,25926,8274,,,1,100,,25927,8274,,,1,100,,25928,8274,,,1,100,,25929,8274,,,1,100,,25910,8274,,,1,100,,25911,8274,,,1,100,,25912,8274,,,1,100,,25913,8274,,,1,100,,25914,8274,,,1,100,,25915,8274,,,1,100,,25916,8274,,,1,100,,25917,8274,,,1,100,,25918,8274,,,1,100,,25919,8274,,,1,99,,25920,8274,,,1,100,,25921,8274,,,1,100,,25922,8274,,,1,100,,25923,8274,,,1,100,,25924,8274,,,1,100,,25925,8274,,,1
4201,'SE',527,,25934,8274,,,1,20,,25960,8274,,,1,70,,25939,8274,,,1,21,,25957,8274,,,1,14,,25958,8274,,,1,54,,25935,8274,,,1,14,,25940,8274,,,1,14,,25959,8274,,,1,14,,25942,8274,,,1,54,,25938,8274,,,1,23,,25936,8274,,,1,34,,25943,8274,,,1,77,,25974,8274,,,1,70,,25975,8274,,,1,30,,25937,8274,,,1,70,,25965,8274,,,1,30,,25941,8274,,,1,70,,25970,8274,,,1,30,,25944,8274,,,1,70,,25971,8274,,,1,30,,25930,8274,,,1,70,,25947,8274,,,1,30,,25945,8274,,,1,70,,25961,8274,,,1,4,,25962,8274,,,1,2,,25933,8274,,,1,2,,25964,8274,,,1,22,,25973,8274,,,1,70,,25948,8274,,,1,30,,25968,8274,,,1,68,,25966,8274,,,1,24,,25972,8274,,,1,17,,25969,8274,,,1,67,,25967,8274,,,1,29,,25963,8274,,,1,65,,25946,8274,,,1,35,,25949,8274,,,1,70,,25953,8274,,,1,30,,25950,8274,,,1,70,,25954,8274,,,1,29,,25951,8274,,,1,69,,25955,8274,,,1,30,,25952,8274,,,1,70,,25956,8274,,,1,50,,25931,8274,,,1,100,,25932,8274,,,1
5001,'DI',703,,26942,10301,,,2,102,,26927,10301,,,2,100,,26935,10301,,,2,100,,26933,10301,,,2,103,,26934,10301,,,2,94,,26936,10301,,,2,103,,26937,10301,,,2,103,,26938,10301,,,2,97,,26926,10301,,,2,96,,26939,10301,,,2,103,,26924,10301,,,2,106,,26923,10301,,,2,95,,26932,10301,,,2,100,,26925,10301,,,2,100,,26928,10301,,,2,100,,26930,10301,,,2,100,,26940,10301,,,2,100,,26929,10301,,,2,100,,26931,10301,,,2
5001,'F1',705,,26954,10301,,,2,98,,26948,10301,,,2,102,,26959,10301,,,2,97,,26944,10301,,,2,103,,26945,10301,,,2,96,,26961,10301,,,2,102,,26960,10301,,,2,98,,26943,10301,,,2,99,,26955,10301,,,2,103,,26956,10301,,,2,103,,26957,10301,,,2,103,,26958,10301,,,2,96,,26946,10301,,,2,100,,26952,10301,,,2,100,,26949,10301,,,2,100,,26962,10301,,,2,97,,26950,10301,,,2,103,,26951,10301,,,2,101,,26953,10301,,,2
5001,'F2',705,,26969,10301,,,2,98,,26968,10301,,,2,102,,26973,10301,,,2,97,,26977,10301,,,2,103,,26978,10301,,,2,96,,26982,10301,,,2,102,,26979,10301,,,2,98,,26963,10301,,,2,99,,26964,10301,,,2,103,,26965,10301,,,2,103,,26966,10301,,,2,103,,26967,10301,,,2,96,,26970,10301,,,2,100,,26981,10301,,,2,100,,26980,10301,,,2,100,,26971,10301,,,2,97,,26974,10301,,,2,103,,26975,10301,,,2,101,,26976,10301,,,2
5001,'SA',705,,26989,10301,,,2,98,,26988,10301,,,2,102,,26993,10301,,,2,97,,26997,10301,,,2,103,,26998,10301,,,2,96,,27002,10301,,,2,102,,26999,10301,,,2,98,,26983,10301,,,2,99,,26984,10301,,,2,103,,26985,10301,,,2,103,,26986,10301,,,2,103,,26987,10301,,,2,96,,26990,10301,,,2,100,,27001,10301,,,2,100,,27000,10301,,,2,100,,26991,10301,,,2,97,,26994,10301,,,2,103,,26995,10301,,,2,101,,26996,10301,,,2
5001,'SE',556,,27008,10301,,,2,70,,27012,10301,,,2,30,,27014,10301,,,2,72,,27017,10301,,,2,30,,27013,10301,,,2,70,,27009,10301,,,2,30,,27015,10301,,,2,70,,27018,10301,,,2,27,,27026,10301,,,2,100,,27029,10301,,,2,100,,27016,10301,,,2,100,,27011,10301,,,2,100,,27019,10301,,,2,99,,27003,10301,,,2,102,,27020,10301,,,2,68,,27030,10301,,,2,33,,27007,10301,,,2,74,,27031,10301,,,2,26,,27021,10301,,,2,70,,27004,10301,,,2,30,,27027,10301,,,2,98,,27028,10301,,,2,100,,27005,10301,,,2,100,,27022,10301,,,2,100,,27006,10301,,,2,100,,27023,10301,,,2,100,,27024,10301,,,2
6001,'SE',602,,27422,9646,,,1,22,,27419,9646,,,1,21,,27413,9646,,,1,68,,27423,9646,,,1,29,,27415,9646,,,1,68,,27424,9646,,,1,26,,27432,9646,,,1,13,,27433,9646,,,1,72,,27425,9646,,,1,100,,27431,9646,,,1,100,,27420,9646,,,1,100,,27426,9646,,,1,101,,27421,9646,,,1,100,,27439,9646,,,1,101,,27434,9646,,,1,99,,27435,9646,,,1,30,,27430,9646,,,1,67,,27427,9646,,,1,24,,27428,9646,,,1,67,,27417,9646,,,1,29,,27436,9646,,,1,69,,27429,9646,,,1,48,,27437,9646,,,1,100,,27416,9646,,,1,99,,27438,9646,,,1,100,,27414,9646,,,1,95,,27418,9646,,,1
16001,'DI',618,,31137,16040,,,1,99,,31132,16040,,,1,100,,31138,16040,,,1,100,,31141,16040,,,1,100,,31144,16040,,,1,100,,31139,16040,,,1,100,,31145,16040,,,1,100,,31136,16040,,,1,100,,31146,16040,,,1,100,,31134,16040,,,1,100,,31131,16040,,,1,100,,31142,16040,,,1,100,,31140,16040,,,1,100,,31147,16040,,,1,100,,31143,16040,,,1,103,,31135,16040,,,1,97,,31133,16040,,,1
16001,'F1',619,,31153,16040,,,1,99,,31152,16040,,,1,99,,31157,16040,,,1,100,,31150,16040,,,1,99,,31149,16040,,,1,101,,31154,16040,,,1,100,,31158,16040,,,1,100,,16717,16040,,,1,100,,31155,16040,,,1,100,,31148,16040,,,1,100,,16718,16040,,,1,100,,31151,16040,,,1,100,,31156,16040,,,1,101,,16719,16040,,,1,99,,31159,16040,,,1,103,,16720,16040,,,1,97,,31160,16040,,,1
16001,'F2',619,,31169,16040,,,1,99,,31167,16040,,,1,99,,31165,16040,,,1,100,,31170,16040,,,1,99,,31164,16040,,,1,101,,31161,16040,,,1,100,,31168,16040,,,1,100,,31174,16040,,,1,100,,31162,16040,,,1,100,,31166,16040,,,1,100,,31175,16040,,,1,100,,31171,16040,,,1,100,,31163,16040,,,1,101,,31176,16040,,,1,99,,31172,16040,,,1,103,,31177,16040,,,1,97,,31173,16040,,,1
16001,'SA',619,,31186,16040,,,1,99,,31184,16040,,,1,99,,31182,16040,,,1,100,,16801,16040,,,1,99,,31181,16040,,,1,101,,31178,16040,,,1,100,,31185,16040,,,1,100,,31189,16040,,,1,100,,31179,16040,,,1,100,,31183,16040,,,1,100,,31190,16040,,,1,100,,16802,16040,,,1,100,,31180,16040,,,1,101,,31191,16040,,,1,99,,31187,16040,,,1,103,,31192,16040,,,1,97,,31188,16040,,,1
16001,'SE',631,,31196,16040,,,1,28,,31197,16040,,,1,68,,31201,16040,,,1,29,,31203,16040,,,1,62,,31213,16040,,,1,23,,31215,16040,,,1,67,,31200,16040,,,1,43,,31214,16040,,,1,99,,31211,16040,,,1,93,,31199,16040,,,1,100,,31202,16040,,,1,100,,31204,16040,,,1,100,,31198,16040,,,1,99,,31216,16040,,,1,92,,31194,16040,,,1,97,,31205,16040,,,1,70,,31193,16040,,,1,27,,31206,16040,,,1,25,,31217,16040,,,1,65,,31195,16040,,,1,99,,31207,16040,,,1,100,,31210,16040,,,1,101,,31208,16040,,,1,100,,31212,16040,,,1,90,,31209,16040,,,1
54200,'SE',1640,,32372,7230,,,2
