6101,'DI',723,,27662,11948,,,2,30,,27659,11948,,,2,72,,27665,11948,,,2,17,,27663,11948,,,2,70,,27660,11948,,,2,30,,27666,11948,,,2,70,,27664,11948,,,2,30,,27661,11948,,,2,70,,27667,11948,,,2,30,,27668,11948,,,2,70,,27672,11948,,,2,30,,27676,11948,,,2,70,,27669,11948,,,2,30,,27673,11948,,,2,70,,27677,11948,,,2,30,,27670,11948,,,2,70,,27674,11948,,,2,30,,27678,11948,,,2,70,,27671,11948,,,2,34,,27675,11948,,,2,61,,27679,11948,,,2,35,,27681,11948,,,2,60,,27684,11948,,,2,40,,27680,11948,,,2,65,,27682,11948,,,2,30,,27685,11948,,,2,85,,27683,11948,,,2,100,,27686,11948,,,2,100,,27687,11948,,,2,100,,27688,11948,,,2
6101,'F1',723,,27694,11948,,,2,30,,27691,11948,,,2,72,,27697,11948,,,2,17,,27695,11948,,,2,70,,27692,11948,,,2,30,,27698,11948,,,2,70,,27696,11948,,,2,30,,27693,11948,,,2,70,,27699,11948,,,2,30,,27700,11948,,,2,70,,27704,11948,,,2,30,,27706,11948,,,2,70,,27701,11948,,,2,30,,27705,11948,,,2,70,,27707,11948,,,2,30,,27702,11948,,,2,70,,27708,11948,,,2,30,,27712,11948,,,2,70,,27703,11948,,,2,34,,27709,11948,,,2,61,,27713,11948,,,2,35,,27715,11948,,,2,60,,27710,11948,,,2,40,,27714,11948,,,2,65,,27716,11948,,,2,30,,27711,11948,,,2,85,,27717,11948,,,2,100,,27719,11948,,,2,100,,27718,11948,,,2,100,,27721,11948,,,2
6101,'F2',723,,27726,11948,,,2,30,,27723,11948,,,2,72,,27729,11948,,,2,17,,27727,11948,,,2,70,,27724,11948,,,2,30,,27730,11948,,,2,70,,27728,11948,,,2,30,,27725,11948,,,2,70,,27731,11948,,,2,30,,27732,11948,,,2,70,,27736,11948,,,2,30,,27738,11948,,,2,70,,27733,11948,,,2,30,,27737,11948,,,2,70,,27739,11948,,,2,30,,27734,11948,,,2,70,,27740,11948,,,2,30,,27744,11948,,,2,70,,27735,11948,,,2,34,,27741,11948,,,2,61,,27745,11948,,,2,35,,27747,11948,,,2,60,,27742,11948,,,2,40,,27746,11948,,,2,65,,27748,11948,,,2,30,,27743,11948,,,2,85,,27749,11948,,,2,100,,27751,11948,,,2,100,,27750,11948,,,2,100,,27753,11948,,,2
6101,'SA',723,,27758,11948,,,2,30,,27755,11948,,,2,72,,27761,11948,,,2,17,,27759,11948,,,2,70,,27756,11948,,,2,30,,27762,11948,,,2,70,,27760,11948,,,2,30,,27757,11948,,,2,70,,27763,11948,,,2,30,,27764,11948,,,2,70,,27768,11948,,,2,30,,27770,11948,,,2,70,,27765,11948,,,2,30,,27769,11948,,,2,70,,27771,11948,,,2,30,,27766,11948,,,2,70,,27772,11948,,,2,30,,27776,11948,,,2,70,,27767,11948,,,2,34,,27773,11948,,,2,61,,27777,11948,,,2,35,,27779,11948,,,2,60,,27774,11948,,,2,40,,27778,11948,,,2,65,,27780,11948,,,2,30,,27775,11948,,,2,85,,27781,11948,,,2,100,,27783,11948,,,2,100,,27782,11948,,,2,100,,27785,11948,,,2
6101,'SE',603,,27836,11948,,,2,30,,27838,11948,,,2,10,,27791,11948,,,2,16,,27794,11948,,,2,49,,27788,11948,,,2,14,,27797,11948,,,2,15,,27787,11948,,,2,7,,27801,11948,,,2,56,,27795,11948,,,2,9,,27800,11948,,,2,19,,27792,11948,,,2,24,,27789,11948,,,2,62,,27798,11948,,,2,15,,27802,11948,,,2,76,,27793,11948,,,2,30,,27790,11948,,,2,70,,27799,11948,,,2,32,,27837,11948,,,2,70,,27796,11948,,,2,30,,27803,11948,,,2,72,,27807,11948,,,2,30,,27804,11948,,,2,70,,27805,11948,,,2,33,,27809,11948,,,2,61,,27811,11948,,,2,27,,27814,11948,,,2,23,,27806,11948,,,2,60,,27808,11948,,,2,24,,27816,11948,,,2,4,,27818,11948,,,2,65,,27812,11948,,,2,7,,27813,11948,,,2,14,,27819,11948,,,2,13,,27820,11948,,,2,14,,27810,11948,,,2,54,,27823,11948,,,2,6,,27826,11948,,,2,14,,27817,11948,,,2,14,,27815,11948,,,2,64,,27828,11948,,,2,24,,27821,11948,,,2,28,,27831,11948,,,2,68,,27834,11948,,,2,30,,27824,11948,,,2,69,,27827,11948,,,2,29,,27835,11948,,,2,70,,27822,11948,,,2,29,,27832,11948,,,2,70,,27829,11948,,,2
16101,'DI',558,,31301,3415,0,11 12,2,1172,,31300,3415,0,11 12,2
16101,'F1',558,,31312,3415,0,11 12,2,1172,,31313,3415,0,11 12,2
16101,'F2',558,,31325,3415,0,11 12,2,1172,,31326,3415,0,11 12,2
16101,'SA',558,,31337,3415,0,11 12,2,1172,,31338,3415,0,11 12,2
16101,'SE',634,,31355,3415,0,11 12,2,73,,31353,3415,0,11 12,2,32,,31356,3415,0,11 12,2,502,,31352,3415,0,11 12,2,372,,31358,3415,0,11 12,2,36,,31354,3415,0,11 12,2,78,,31357,3415,0,11 12,2
68300,'SE',1700,,32473,20261,4,,2
