2000,'SE',704,,23970,4416,,,2,9,,23968,4416,,,2,8,,23972,4416,,,2,10,,23965,4416,,,2,11,,23967,4416,,,2,6,,23966,4416,,,2,54,,23971,4416,,,2,32,,23969,4416,,,2,71,,23973,4416,,,2
2500,'DI',701,,24631,4278,,,2
2500,'F1',701,,24632,4278,,,2
2500,'F2',701,,24633,4278,,,2
2500,'SA',701,,24634,4278,,,2
2500,'SE',523,,24636,4278,,,2,30,,24637,4278,,,2,69,,24656,4278,,,2,19,,24655,4278,,,2,61,,24651,4278,,,2,19,,24638,4278,,,2,29,,24640,4278,,,2,68,,24641,4278,,,2,36,,24639,4278,,,2,70,,24635,4278,,,2,430,,24642,4278,,,2,70,,24643,4278,,,2,29,,24659,4278,,,2,53,,24658,4278,,,2,18,,24657,4278,,,2,30,,24644,4278,,,2,72,,24647,4278,,,2,29,,24649,4278,,,2,70,,24652,4278,,,2,31,,24648,4278,,,2,68,,24650,4278,,,2,30,,24646,4278,,,2,375,,24654,4278,,,2,83,,24660,4278,,,2,15,,24653,4278,,,2,85,,24645,4278,,,2
7600,'SE',605,,28987,4202,,,1,21,,28983,4202,,,1,20,,29015,4202,,,1,63,,28984,4202,,,1,17,,29016,4202,,,1,20,,29001,4202,,,1,63,,28981,4202,,,1,27,,29017,4202,,,1,72,,28977,4202,,,1,30,,28988,4202,,,1,70,,28980,4202,,,1,30,,29021,4202,,,1,70,,28978,4202,,,1,30,,28982,4202,,,1,70,,28995,4202,,,1,30,,28997,4202,,,1,70,,28985,4202,,,1,30,,29006,4202,,,1,70,,29022,4202,,,1,34,,29007,4202,,,1,66,,28996,4202,,,1,32,,28992,4202,,,1,71,,29008,4202,,,1,24,,28986,4202,,,1,18,,28994,4202,,,1,60,,29024,4202,,,1,21,,29023,4202,,,1,18,,28999,4202,,,1,60,,29018,4202,,,1,28,,29014,4202,,,1,70,,28998,4202,,,1,30,,28990,4202,,,1,70,,29002,4202,,,1,30,,29009,4202,,,1,70,,29003,4202,,,1,30,,29010,4202,,,1,69,,29004,4202,,,1,30,,29011,4202,,,1,70,,28979,4202,,,1,30,,29012,4202,,,1,70,,29019,4202,,,1,30,,29013,4202,,,1,70,,29020,4202,,,1
8100,'DI',657,,29499,4078,,,1,100,,29488,4078,,,1,143,,29495,4078,,,1,100,,29489,4078,,,1,100,,29497,4078,,,1,100,,29501,4078,,,1,100,,29502,4078,,,1,100,,29492,4078,,,1,100,,29496,4078,,,1,100,,29487,4078,,,1,56,,29500,4078,,,1,148,,29490,4078,,,1,96,,29498,4078,,,1,100,,29491,4078,,,1,100,,29503,4078,,,1,100,,29493,4078,,,1,100,,29505,4078,,,1,100,,29504,4078,,,1,100,,29494,4078,,,1
8100,'F1',657,,29506,4078,,,1,100,,29513,4078,,,1,143,,29521,4078,,,1,100,,29518,4078,,,1,100,,29507,4078,,,1,100,,29514,4078,,,1,100,,29511,4078,,,1,100,,29519,4078,,,1,100,,29525,4078,,,1,100,,29522,4078,,,1,100,,29520,4078,,,1,104,,29517,4078,,,1,96,,29516,4078,,,1,100,,29523,4078,,,1,100,,29509,4078,,,1,100,,29512,4078,,,1,100,,29515,4078,,,1,100,,29508,4078,,,1,100,,29510,4078,,,1,100,,29524,4078,,,1
8100,'F2',657,,29537,4078,,,1,100,,29543,4078,,,1,143,,29538,4078,,,1,100,,29539,4078,,,1,100,,29544,4078,,,1,100,,29526,4078,,,1,100,,29528,4078,,,1,100,,29533,4078,,,1,100,,29540,4078,,,1,100,,29545,4078,,,1,100,,29531,4078,,,1,104,,29534,4078,,,1,96,,29541,4078,,,1,100,,29527,4078,,,1,100,,29535,4078,,,1,100,,29530,4078,,,1,100,,29542,4078,,,1,100,,29536,4078,,,1,100,,29532,4078,,,1,100,,29529,4078,,,1
8100,'SA',657,,29557,4078,,,1,100,,29563,4078,,,1,143,,29558,4078,,,1,100,,29559,4078,,,1,100,,14262,4078,,,1,100,,29546,4078,,,1,100,,29548,4078,,,1,100,,29553,4078,,,1,100,,29560,4078,,,1,100,,29564,4078,,,1,100,,29551,4078,,,1,104,,29554,4078,,,1,96,,29561,4078,,,1,100,,29547,4078,,,1,100,,29555,4078,,,1,100,,29550,4078,,,1,100,,29562,4078,,,1,100,,29556,4078,,,1,100,,29552,4078,,,1,100,,29549,4078,,,1
8100,'SE',618,,29568,4078,,,1,38,,29579,4078,,,1,70,,29575,4078,,,1,31,,29583,4078,,,1,69,,29580,4078,,,1,76,,29573,4078,,,1,98,,29565,4078,,,1,100,,29581,4078,,,1,100,,29574,4078,,,1,100,,29590,4078,,,1,100,,29588,4078,,,1,100,,29571,4078,,,1,30,,29586,4078,,,1,72,,29591,4078,,,1,30,,29582,4078,,,1,70,,29576,4078,,,1,30,,29567,4078,,,1,70,,29587,4078,,,1,30,,29577,4078,,,1,68,,29566,4078,,,1,100,,29572,4078,,,1,100,,29569,4078,,,1,100,,29584,4078,,,1,100,,29589,4078,,,1,100,,29570,4078,,,1,100,,29585,4078,,,1,100,,29578,4078,,,1
