2300,'F1',649,,24556,4214,,,1,100,,24557,4214,,,1,100,,24553,4214,,,1,101,,24549,4214,,,1,99,,24551,4214,,,1,103,,24552,4214,,,1,97,,24558,4214,,,1,100,,24550,4214,,,1,100,,24554,4214,,,1,100,,24555,4214,,,1,100,,24559,4214,,,1,102,,24560,4214,,,1
2300,'F2',649,,24569,4214,,,1,100,,24570,4214,,,1,100,,24561,4214,,,1,101,,24562,4214,,,1,99,,24565,4214,,,1,103,,24566,4214,,,1,97,,24571,4214,,,1,100,,24572,4214,,,1,100,,24568,4214,,,1,100,,24567,4214,,,1,100,,24563,4214,,,1,102,,24564,4214,,,1
2300,'SA',649,,24581,4214,,,1,100,,24582,4214,,,1,100,,24573,4214,,,1,101,,24574,4214,,,1,99,,24577,4214,,,1,103,,24578,4214,,,1,97,,24583,4214,,,1,100,,24584,4214,,,1,100,,24580,4214,,,1,100,,24579,4214,,,1,100,,24575,4214,,,1,102,,24576,4214,,,1
2300,'SE',950,,24587,4214,,,1,100,,24585,4214,,,1,100,,24588,4214,,,1,100,,24589,4214,,,1,100,,24586,4214,,,1
12300,'DI',620,,30605,4214,0,46 47,1,100,,30615,4214,0,46 47,1,100,,30606,4214,0,46 47,1,100,,30616,4214,0,46 47,1,100,,30607,4214,0,46 47,1,100,,30617,4214,0,46 47,1,105,,30608,4214,0,46 47,1,95,,30618,4214,0,46 47,1,100,,30609,4214,0,46 47,1,100,,30619,4214,0,46 47,1,100,,30610,4214,0,46 47,1,100,,30620,4214,0,46 47,1,100,,30611,4214,0,46 47,1,100,,30621,4214,0,46 47,1,100,,30612,4214,0,46 47,1,100,,30622,4214,0,46 47,1,100,,30613,4214,0,46 47,1,100,,30623,4214,0,46 47,1,100,,30614,4214,0,46 47,1
12300,'F1',619,,30632,4214,0,46 47,1,100,,30636,4214,0,46 47,1,100,,30626,4214,0,46 47,1,105,,30637,4214,0,46 47,1,99,,30627,4214,0,46 47,1,100,,30624,4214,0,46 47,1,100,,30628,4214,0,46 47,1,96,,30625,4214,0,46 47,1,100,,30629,4214,0,46 47,1,100,,30630,4214,0,46 47,1,104,,30638,4214,0,46 47,1,101,,30631,4214,0,46 47,1,99,,30639,4214,0,46 47,1,96,,30633,4214,0,46 47,1,100,,30640,4214,0,46 47,1,100,,30634,4214,0,46 47,1,100,,30641,4214,0,46 47,1,100,,30635,4214,0,46 47,1,100,,30642,4214,0,46 47,1
12300,'F2',619,,30644,4214,0,46 47,1,100,,30643,4214,0,46 47,1,100,,30645,4214,0,46 47,1,105,,30654,4214,0,46 47,1,99,,30646,4214,0,46 47,1,100,,30655,4214,0,46 47,1,100,,30647,4214,0,46 47,1,96,,30656,4214,0,46 47,1,100,,30648,4214,0,46 47,1,100,,30657,4214,0,46 47,1,104,,30649,4214,0,46 47,1,101,,30658,4214,0,46 47,1,99,,30650,4214,0,46 47,1,96,,30659,4214,0,46 47,1,100,,30651,4214,0,46 47,1,100,,30660,4214,0,46 47,1,100,,30652,4214,0,46 47,1,100,,30661,4214,0,46 47,1,100,,30653,4214,0,46 47,1
12300,'SA',619,,30663,4214,0,46 47,1,100,,30662,4214,0,46 47,1,100,,30664,4214,0,46 47,1,105,,30673,4214,0,46 47,1,99,,30665,4214,0,46 47,1,100,,30674,4214,0,46 47,1,100,,30666,4214,0,46 47,1,96,,30675,4214,0,46 47,1,100,,30667,4214,0,46 47,1,100,,30676,4214,0,46 47,1,104,,30668,4214,0,46 47,1,101,,30677,4214,0,46 47,1,99,,30669,4214,0,46 47,1,96,,30678,4214,0,46 47,1,100,,30670,4214,0,46 47,1,100,,30679,4214,0,46 47,1,100,,30671,4214,0,46 47,1,100,,30680,4214,0,46 47,1,100,,30672,4214,0,46 47,1
12300,'SE',512,,30700,4214,0,46 47,1,33,,30681,4214,0,46 47,1,55,,30688,4214,0,46 47,1,10,,30682,4214,0,46 47,1,10,,30702,4214,0,46 47,1,10,,30693,4214,0,46 47,1,11,,30703,4214,0,46 47,1,8,,30683,4214,0,46 47,1,52,,30707,4214,0,46 47,1,10,,30684,4214,0,46 47,1,21,,30708,4214,0,46 47,1,17,,30704,4214,0,46 47,1,69,,30710,4214,0,46 47,1,29,,30709,4214,0,46 47,1,69,,30690,4214,0,46 47,1,102,,30685,4214,0,46 47,1,100,,30695,4214,0,46 47,1,99,,30705,4214,0,46 47,1,101,,30697,4214,0,46 47,1,5,,30694,4214,0,46 47,1,93,,30701,4214,0,46 47,1,30,,30711,4214,0,46 47,1,71,,30698,4214,0,46 47,1,26,,30696,4214,0,46 47,1,71,,30713,4214,0,46 47,1,31,,30715,4214,0,46 47,1,71,,30687,4214,0,46 47,1,30,,30699,4214,0,46 47,1,76,,30686,4214,0,46 47,1,28,,30712,4214,0,46 47,1,70,,30706,4214,0,46 47,1,30,,30689,4214,0,46 47,1,70,,30714,4214,0,46 47,1,100,,30691,4214,0,46 47,1,100,,30716,4214,0,46 47,1,99,,30692,4214,0,46 47,1,100,,30717,4214,0,46 47,1
17000,'SE',551,,31359,6842,0,48,2,70,,31363,6842,0,48,2,31,,31360,6842,0,48,2,70,,31364,6842,0,48,2,30,,31361,6842,0,48,2,73,,31365,6842,0,48,2,28,,31362,6842,0,48,2,692,,31366,6842,0,48,2,70,,31370,6842,0,48,2,30,,31367,6842,0,48,2,70,,31371,6842,0,48,2,30,,31368,6842,0,48,2,70,,31372,6842,0,48,2,30,,31369,6842,0,48,2
