600,'DI',644,,21437,7290,,,1,70,,21429,7290,,,1,30,,21425,7290,,,1,71,,21436,7290,,,1,30,,21422,7290,,,1,70,,21414,7290,,,1,31,,21426,7290,,,1,70,,21433,7290,,,1,30,,21410,7290,,,1,69,,1973,7290,,,1,31,,21418,7290,,,1,70,,21411,7290,,,1,30,,21415,7290,,,1,74,,21421,7290,,,1,29,,21412,7290,,,1,70,,21423,7290,,,1,27,,21419,7290,,,1,73,,21416,7290,,,1,30,,21427,7290,,,1,69,,21438,7290,,,1,31,,21430,7290,,,1,67,,21428,7290,,,1,30,,21439,7290,,,1,70,,21431,7290,,,1,27,,21413,7290,,,1,71,,21420,7290,,,1,104,,21434,7290,,,1,100,,21424,7290,,,1,99,,21417,7290,,,1,100,,21409,7290,,,1,100,,21432,7290,,,1,100,,21435,7290,,,1
600,'F1',644,,21465,7290,,,1,71,,21457,7290,,,1,29,,21454,7290,,,1,70,,21443,7290,,,1,34,,21455,7290,,,1,66,,21458,7290,,,1,35,,21440,7290,,,1,63,,2011,7290,,,1,32,,21467,7290,,,1,69,,21460,7290,,,1,30,,21468,7290,,,1,78,,21461,7290,,,1,30,,21466,7290,,,1,67,,21441,7290,,,1,31,,21462,7290,,,1,67,,21447,7290,,,1,30,,21442,7290,,,1,70,,21444,7290,,,1,30,,21448,7290,,,1,70,,21463,7290,,,1,30,,21445,7290,,,1,70,,21449,7290,,,1,30,,21464,7290,,,1,70,,21446,7290,,,1,30,,21451,7290,,,1,70,,21456,7290,,,1,105,,21469,7290,,,1,100,,21450,7290,,,1,99,,21452,7290,,,1,100,,21470,7290,,,1,100,,21459,7290,,,1,100,,21453,7290,,,1
600,'F2',644,,21502,7290,,,1,71,,21491,7290,,,1,29,,21487,7290,,,1,70,,21484,7290,,,1,34,,21488,7290,,,1,66,,21492,7290,,,1,35,,21501,7290,,,1,63,,21489,7290,,,1,32,,21498,7290,,,1,69,,21485,7290,,,1,30,,21478,7290,,,1,78,,21486,7290,,,1,30,,21479,7290,,,1,67,,21471,7290,,,1,31,,21493,7290,,,1,67,,21480,7290,,,1,30,,21472,7290,,,1,70,,21494,7290,,,1,30,,21481,7290,,,1,70,,21473,7290,,,1,30,,21495,7290,,,1,70,,21482,7290,,,1,30,,21474,7290,,,1,70,,21496,7290,,,1,30,,21483,7290,,,1,70,,21499,7290,,,1,105,,21490,7290,,,1,100,,21475,7290,,,1,99,,21477,7290,,,1,100,,21500,7290,,,1,100,,21497,7290,,,1,100,,21476,7290,,,1
600,'SA',644,,21534,7290,,,1,71,,21523,7290,,,1,29,,21519,7290,,,1,70,,21516,7290,,,1,34,,21520,7290,,,1,66,,21524,7290,,,1,35,,21533,7290,,,1,63,,21521,7290,,,1,32,,21530,7290,,,1,69,,21517,7290,,,1,30,,21510,7290,,,1,78,,21518,7290,,,1,30,,21511,7290,,,1,67,,21503,7290,,,1,31,,21525,7290,,,1,67,,21512,7290,,,1,30,,21504,7290,,,1,70,,21526,7290,,,1,30,,21513,7290,,,1,70,,21505,7290,,,1,30,,21527,7290,,,1,70,,21514,7290,,,1,30,,21506,7290,,,1,70,,21528,7290,,,1,30,,21515,7290,,,1,70,,21531,7290,,,1,105,,21522,7290,,,1,100,,21507,7290,,,1,99,,21509,7290,,,1,100,,21532,7290,,,1,100,,21529,7290,,,1,100,,21508,7290,,,1
600,'SE',555,,21553,7290,,,1,70,,21536,7290,,,1,30,,21554,7290,,,1,73,,21560,7290,,,1,72,,21556,7290,,,1,27,,21567,7290,,,1,73,,21555,7290,,,1,28,,21539,7290,,,1,30,,21550,7290,,,1,70,,21549,7290,,,1,30,,21568,7290,,,1,70,,21558,7290,,,1,72,,21559,7290,,,1,30,,21565,7290,,,1,70,,21563,7290,,,1,30,,21547,7290,,,1,70,,21551,7290,,,1,31,,21546,7290,,,1,69,,21541,7290,,,1,32,,21557,7290,,,1,70,,21564,7290,,,1,29,,21562,7290,,,1,78,,21544,7290,,,1,25,,21548,7290,,,1,69,,21545,7290,,,1,28,,21535,7290,,,1,28,,21542,7290,,,1,70,,21561,7290,,,1,28,,21570,7290,,,1,70,,21538,7290,,,1,29,,21566,7290,,,1,70,,21543,7290,,,1,100,,21537,7290,,,1,100,,21569,7290,,,1,100,,21540,7290,,,1,100,,21552,7290,,,1
1500,'DI',744,,22683,9386,,,1,101,,22680,9386,,,1,100,,22677,9386,,,1,100,,22690,9386,,,1,100,,22695,9386,,,1,100,,22688,9386,,,1,100,,22684,9386,,,1,100,,22678,9386,,,1,100,,22692,9386,,,1,100,,22679,9386,,,1,100,,22687,9386,,,1,100,,22685,9386,,,1,98,,22689,9386,,,1,100,,22693,9386,,,1,100,,22691,9386,,,1,100,,22686,9386,,,1,100,,22681,9386,,,1,100,,22694,9386,,,1,100,,22682,9386,,,1
1500,'F1',745,,22697,9386,,,1,100,,22703,9386,,,1,100,,22712,9386,,,1,100,,22704,9386,,,1,107,,22706,9386,,,1,95,,22705,9386,,,1,100,,22713,9386,,,1,100,,22698,9386,,,1,100,,22707,9386,,,1,100,,22699,9386,,,1,100,,22696,9386,,,1,100,,22709,9386,,,1,100,,22714,9386,,,1,99,,22700,9386,,,1,100,,22701,9386,,,1,100,,22710,9386,,,1,100,,22702,9386,,,1,100,,22711,9386,,,1,100,,22708,9386,,,1
1500,'F2',745,,22730,9386,,,1,100,,22723,9386,,,1,100,,22717,9386,,,1,100,,22731,9386,,,1,107,,22725,9386,,,1,95,,22715,9386,,,1,100,,22727,9386,,,1,100,,22721,9386,,,1,100,,22726,9386,,,1,100,,22722,9386,,,1,100,,22718,9386,,,1,100,,22724,9386,,,1,100,,22728,9386,,,1,99,,22729,9386,,,1,100,,22716,9386,,,1,100,,22732,9386,,,1,100,,22719,9386,,,1,100,,22733,9386,,,1,100,,22720,9386,,,1
1500,'SA',745,,22749,9386,,,1,100,,22742,9386,,,1,100,,22736,9386,,,1,100,,22750,9386,,,1,107,,22744,9386,,,1,95,,22734,9386,,,1,100,,22746,9386,,,1,100,,22740,9386,,,1,100,,22745,9386,,,1,100,,22741,9386,,,1,100,,22737,9386,,,1,100,,22743,9386,,,1,100,,22747,9386,,,1,99,,22748,9386,,,1,100,,22735,9386,,,1,100,,22751,9386,,,1,100,,22738,9386,,,1,100,,22752,9386,,,1,100,,22739,9386,,,1
1500,'SE',607,,22789,9386,,,1,30,,22783,9386,,,1,71,,22754,9386,,,1,28,,22775,9386,,,1,74,,22781,9386,,,1,26,,22761,9386,,,1,74,,22777,9386,,,1,30,,22760,9386,,,1,68,,22782,9386,,,1,30,,22779,9386,,,1,70,,22755,9386,,,1,30,,22758,9386,,,1,70,,22780,9386,,,1,30,,22763,9386,,,1,70,,22759,9386,,,1,30,,22756,9386,,,1,70,,22785,9386,,,1,30,,22769,9386,,,1,72,,22784,9386,,,1,30,,22762,9386,,,1,66,,22764,9386,,,1,34,,22757,9386,,,1,82,,22773,9386,,,1,18,,22788,9386,,,1,70,,22770,9386,,,1,30,,22771,9386,,,1,70,,22786,9386,,,1,27,,22774,9386,,,1,70,,22767,9386,,,1,30,,22778,9386,,,1,70,,22787,9386,,,1,30,,22772,9386,,,1,70,,22753,9386,,,1,30,,22766,9386,,,1,100,,22768,9386,,,1,98,,22776,9386,,,1,100,,22765,9386,,,1
3701,'SE',645,,25408,5828,,,2,70,,25406,5828,,,2,30,,25405,5828,,,2,70,,25409,5828,,,2,30,,25407,5828,,,2,780,,25410,1088,,,2,76,,25411,1088,,,2
60600,'SE',1707,,32403,6887,,,2
65001,'SE',849,,32432,9681,,,2
