8100,'DI',709,,29499,9612,4,,1,100,,29488,9612,4,,1,103,,29495,9612,4,,1,100,,29489,9612,4,,1,100,,29497,9612,4,,1,100,,29501,9612,4,,1,100,,29502,9612,4,,1,100,,29492,9612,4,,1,100,,29496,9612,4,,1,100,,29487,9612,4,,1,96,,29500,9612,4,,1,108,,29490,9612,4,,1,96,,29498,9612,4,,1,100,,29491,9612,4,,1,100,,29503,9612,4,,1,100,,29493,9612,4,,1,100,,29505,9612,4,,1,100,,29504,9612,4,,1,100,,29494,9612,4,,1
8100,'F1',709,,29506,9612,4,,1,100,,29513,9612,4,,1,103,,29521,9612,4,,1,100,,29518,9612,4,,1,100,,29507,9612,4,,1,100,,29514,9612,4,,1,100,,29511,9612,4,,1,100,,29519,9612,4,,1,100,,29525,9612,4,,1,100,,29522,9612,4,,1,100,,29520,9612,4,,1,104,,29517,9612,4,,1,96,,29516,9612,4,,1,100,,29523,9612,4,,1,100,,29509,9612,4,,1,100,,29512,9612,4,,1,100,,29515,9612,4,,1,100,,29508,9612,4,,1,100,,29510,9612,4,,1,100,,29524,9612,4,,1
8100,'F2',709,,29537,9612,4,,1,100,,29543,9612,4,,1,103,,29538,9612,4,,1,100,,29539,9612,4,,1,100,,29544,9612,4,,1,100,,29526,9612,4,,1,100,,29528,9612,4,,1,100,,29533,9612,4,,1,100,,29540,9612,4,,1,100,,29545,9612,4,,1,100,,29531,9612,4,,1,104,,29534,9612,4,,1,96,,29541,9612,4,,1,100,,29527,9612,4,,1,100,,29535,9612,4,,1,100,,29530,9612,4,,1,100,,29542,9612,4,,1,100,,29536,9612,4,,1,100,,29532,9612,4,,1,100,,29529,9612,4,,1
8100,'SA',709,,29557,9612,4,,1,100,,29563,9612,4,,1,103,,29558,9612,4,,1,100,,29559,9612,4,,1,100,,14262,9612,4,,1,100,,29546,9612,4,,1,100,,29548,9612,4,,1,100,,29553,9612,4,,1,100,,29560,9612,4,,1,100,,29564,9612,4,,1,100,,29551,9612,4,,1,104,,29554,9612,4,,1,96,,29561,9612,4,,1,100,,29547,9612,4,,1,100,,29555,9612,4,,1,100,,29550,9612,4,,1,100,,29562,9612,4,,1,100,,29556,9612,4,,1,100,,29552,9612,4,,1,100,,29549,9612,4,,1
8100,'SE',631,,29568,9612,4,,1,78,,29579,9612,4,,1,30,,29575,9612,4,,1,71,,29583,9612,4,,1,29,,29580,9612,4,,1,76,,29573,9612,4,,1,98,,29565,9612,4,,1,100,,29581,9612,4,,1,100,,29574,9612,4,,1,100,,29590,9612,4,,1,100,,29588,9612,4,,1,100,,29571,9612,4,,1,31,,29586,9612,4,,1,72,,29591,9612,4,,1,30,,29582,9612,4,,1,70,,29576,9612,4,,1,30,,29567,9612,4,,1,70,,29587,9612,4,,1,30,,29577,9612,4,,1,66,,29566,9612,4,,1,100,,29572,9612,4,,1,100,,29569,9612,4,,1,100,,29584,9612,4,,1,100,,29589,9612,4,,1,100,,29570,9612,4,,1,100,,29585,9612,4,,1,100,,29578,9612,4,,1
8101,'DI',609,,29607,0,0,15,1,100,,29604,0,0,15,1,100,,29593,0,0,15,1,103,,29600,0,0,15,1,100,,29594,0,0,15,1,100,,29602,0,0,15,1,100,,29606,0,0,15,1,100,,29608,0,0,15,1,100,,29597,0,0,15,1,100,,29601,0,0,15,1,100,,29592,0,0,15,1,96,,29605,0,0,15,1,108,,29595,0,0,15,1,96,,29603,0,0,15,1,100,,29596,0,0,15,1,100,,29609,0,0,15,1,100,,29598,0,0,15,1,100,,29611,0,0,15,1,100,,29610,0,0,15,1,100,,29599,0,0,15,1
8101,'F1',609,,29614,0,0,15,1,100,,29612,0,0,15,1,100,,29620,0,0,15,1,103,,29628,0,0,15,1,100,,29625,0,0,15,1,100,,29613,0,0,15,1,100,,29621,0,0,15,1,100,,29618,0,0,15,1,100,,29626,0,0,15,1,100,,29632,0,0,15,1,100,,29629,0,0,15,1,100,,29627,0,0,15,1,104,,29624,0,0,15,1,96,,29623,0,0,15,1,100,,29630,0,0,15,1,100,,29616,0,0,15,1,100,,29619,0,0,15,1,100,,29622,0,0,15,1,100,,29615,0,0,15,1,100,,29617,0,0,15,1,100,,29631,0,0,15,1
8101,'F2',609,,29638,0,0,15,1,100,,29645,0,0,15,1,100,,29651,0,0,15,1,103,,29646,0,0,15,1,100,,29647,0,0,15,1,100,,29652,0,0,15,1,100,,29633,0,0,15,1,100,,29635,0,0,15,1,100,,29641,0,0,15,1,100,,29648,0,0,15,1,100,,29653,0,0,15,1,100,,29639,0,0,15,1,104,,29642,0,0,15,1,96,,29649,0,0,15,1,100,,29634,0,0,15,1,100,,29643,0,0,15,1,100,,29637,0,0,15,1,100,,29650,0,0,15,1,100,,29644,0,0,15,1,100,,29640,0,0,15,1,100,,29636,0,0,15,1
8101,'SA',609,,29659,0,0,15,1,100,,29666,0,0,15,1,100,,29672,0,0,15,1,103,,29667,0,0,15,1,100,,29668,0,0,15,1,100,,14421,0,0,15,1,100,,29654,0,0,15,1,100,,29656,0,0,15,1,100,,29662,0,0,15,1,100,,29669,0,0,15,1,100,,29673,0,0,15,1,100,,29660,0,0,15,1,104,,29663,0,0,15,1,96,,29670,0,0,15,1,100,,29655,0,0,15,1,100,,29664,0,0,15,1,100,,29658,0,0,15,1,100,,29671,0,0,15,1,100,,29665,0,0,15,1,100,,29661,0,0,15,1,100,,29657,0,0,15,1
8101,'SE',539,,29691,0,0,15,1,70,,29688,0,0,15,1,22,,29677,0,0,15,1,78,,29689,0,0,15,1,30,,29684,0,0,15,1,71,,29694,0,0,15,1,29,,29690,0,0,15,1,76,,29682,0,0,15,1,98,,29674,0,0,15,1,100,,29692,0,0,15,1,100,,29683,0,0,15,1,100,,29701,0,0,15,1,100,,29699,0,0,15,1,100,,29680,0,0,15,1,31,,29697,0,0,15,1,72,,29702,0,0,15,1,30,,29693,0,0,15,1,70,,29685,0,0,15,1,30,,29676,0,0,15,1,70,,29698,0,0,15,1,30,,29686,0,0,15,1,66,,29675,0,0,15,1,100,,29681,0,0,15,1,100,,29678,0,0,15,1,100,,29695,0,0,15,1,100,,29700,0,0,15,1,100,,29679,0,0,15,1,100,,29696,0,0,15,1,100,,29687,0,0,15,1
8300,'DI',711,,29731,9975,4,,1,100,,29732,9975,4,,1,108,,29733,9975,4,,1,100,,29734,9975,4,,1,100,,29735,9975,4,,1,100,,29736,9975,4,,1,100,,29737,9975,4,,1,100,,29738,9975,4,,1,100,,29739,9975,4,,1,100,,29740,9975,4,,1,100,,29741,9975,4,,1,100,,29742,9975,4,,1,100,,29743,9975,4,,1,100,,29744,9975,4,,1,100,,29745,9975,4,,1,100,,29746,9975,4,,1,100,,29747,9975,4,,1,100,,29748,9975,4,,1
8300,'F1',611,,14534,9975,4,,1,100,,14535,9975,4,,1,100,,29752,9975,4,,1,108,,29753,9975,4,,1,100,,29754,9975,4,,1,100,,29755,9975,4,,1,100,,29756,9975,4,,1,100,,29757,9975,4,,1,100,,29758,9975,4,,1,100,,29759,9975,4,,1,100,,29760,9975,4,,1,100,,29761,9975,4,,1,100,,29762,9975,4,,1,100,,29763,9975,4,,1,100,,29764,9975,4,,1,100,,29765,9975,4,,1,100,,29766,9975,4,,1,100,,29749,9975,4,,1,100,,29750,9975,4,,1,100,,29751,9975,4,,1
8300,'F2',611,,29783,9975,4,,1,100,,29784,9975,4,,1,100,,29785,9975,4,,1,108,,29786,9975,4,,1,100,,29767,9975,4,,1,100,,29768,9975,4,,1,100,,29769,9975,4,,1,100,,29770,9975,4,,1,100,,29771,9975,4,,1,100,,29772,9975,4,,1,100,,29773,9975,4,,1,100,,29774,9975,4,,1,100,,29775,9975,4,,1,100,,29776,9975,4,,1,100,,29777,9975,4,,1,100,,29778,9975,4,,1,100,,29779,9975,4,,1,100,,29780,9975,4,,1,100,,29781,9975,4,,1,100,,29782,9975,4,,1
8300,'SA',611,,29803,9975,4,,1,100,,29804,9975,4,,1,100,,29805,9975,4,,1,108,,29806,9975,4,,1,100,,29787,9975,4,,1,100,,29788,9975,4,,1,100,,29789,9975,4,,1,100,,29790,9975,4,,1,100,,29791,9975,4,,1,100,,29792,9975,4,,1,100,,29793,9975,4,,1,100,,29794,9975,4,,1,100,,29795,9975,4,,1,100,,29796,9975,4,,1,100,,29797,9975,4,,1,100,,29798,9975,4,,1,100,,29799,9975,4,,1,100,,29800,9975,4,,1,100,,29801,9975,4,,1,100,,29802,9975,4,,1
8300,'SE',604,,29828,9975,4,,1,19,,29820,9975,4,,1,16,,29825,9975,4,,1,65,,29830,9975,4,,1,20,,29826,9975,4,,1,22,,29816,9975,4,,1,58,,29829,9975,4,,1,20,,29822,9975,4,,1,23,,29818,9975,4,,1,71,,29837,9975,4,,1,20,,29827,9975,4,,1,80,,29813,9975,4,,1,100,,29814,9975,4,,1,100,,29821,9975,4,,1,100,,29808,9975,4,,1,100,,29809,9975,4,,1,101,,29810,9975,4,,1,15,,29831,9975,4,,1,25,,29811,9975,4,,1,60,,29838,9975,4,,1,22,,29807,9975,4,,1,60,,29817,9975,4,,1,18,,29839,9975,4,,1,20,,29840,9975,4,,1,20,,29819,9975,4,,1,60,,29832,9975,4,,1,20,,29815,9975,4,,1,80,,29833,9975,4,,1,100,,29834,9975,4,,1,100,,29835,9975,4,,1,100,,29836,9975,4,,1,100,,29812,9975,4,,1,100,,29823,9975,4,,1,100,,29824,9975,4,,1
8301,'DI',711,,29841,0,0,13,1,100,,29842,0,0,13,1,108,,29843,0,0,13,1,100,,29844,0,0,13,1,100,,29845,0,0,13,1,100,,29846,0,0,13,1,100,,29847,0,0,13,1,100,,29848,0,0,13,1,100,,29849,0,0,13,1,100,,29850,0,0,13,1,100,,29851,0,0,13,1,100,,29852,0,0,13,1,100,,29853,0,0,13,1,100,,29854,0,0,13,1,100,,29855,0,0,13,1,100,,29856,0,0,13,1,100,,29857,0,0,13,1,100,,29858,0,0,13,1
8301,'F1',611,,14698,0,0,13,1,100,,14699,0,0,13,1,100,,29862,0,0,13,1,108,,29863,0,0,13,1,100,,29864,0,0,13,1,100,,29865,0,0,13,1,100,,29866,0,0,13,1,100,,29867,0,0,13,1,100,,29868,0,0,13,1,100,,29869,0,0,13,1,100,,29870,0,0,13,1,100,,29871,0,0,13,1,100,,29872,0,0,13,1,100,,29873,0,0,13,1,100,,29874,0,0,13,1,100,,29875,0,0,13,1,100,,29876,0,0,13,1,100,,29859,0,0,13,1,100,,29860,0,0,13,1,100,,29861,0,0,13,1
8301,'F2',611,,29893,0,0,13,1,100,,29894,0,0,13,1,100,,29895,0,0,13,1,108,,29896,0,0,13,1,100,,29877,0,0,13,1,100,,29878,0,0,13,1,100,,29879,0,0,13,1,100,,29880,0,0,13,1,100,,29881,0,0,13,1,100,,29882,0,0,13,1,100,,29883,0,0,13,1,100,,29884,0,0,13,1,100,,29885,0,0,13,1,100,,29886,0,0,13,1,100,,29887,0,0,13,1,100,,29888,0,0,13,1,100,,29889,0,0,13,1,100,,29890,0,0,13,1,100,,29891,0,0,13,1,100,,29892,0,0,13,1
8301,'SA',611,,29913,0,0,13,1,100,,29914,0,0,13,1,100,,29915,0,0,13,1,108,,29916,0,0,13,1,100,,29897,0,0,13,1,100,,29898,0,0,13,1,100,,29899,0,0,13,1,100,,29900,0,0,13,1,100,,29901,0,0,13,1,100,,29902,0,0,13,1,100,,29903,0,0,13,1,100,,29904,0,0,13,1,100,,29905,0,0,13,1,100,,29906,0,0,13,1,100,,29907,0,0,13,1,100,,29908,0,0,13,1,100,,29909,0,0,13,1,100,,29910,0,0,13,1,100,,29911,0,0,13,1,100,,29912,0,0,13,1
8301,'SE',534,,29935,0,0,13,1,70,,29939,0,0,13,1,19,,29930,0,0,13,1,16,,29936,0,0,13,1,65,,29941,0,0,13,1,20,,29937,0,0,13,1,22,,29926,0,0,13,1,58,,29940,0,0,13,1,20,,29932,0,0,13,1,23,,29928,0,0,13,1,71,,29948,0,0,13,1,20,,29938,0,0,13,1,80,,29923,0,0,13,1,100,,29924,0,0,13,1,100,,29931,0,0,13,1,100,,29918,0,0,13,1,100,,29919,0,0,13,1,101,,29920,0,0,13,1,15,,29942,0,0,13,1,25,,29921,0,0,13,1,60,,29949,0,0,13,1,22,,29917,0,0,13,1,60,,29927,0,0,13,1,18,,29950,0,0,13,1,20,,29951,0,0,13,1,20,,29929,0,0,13,1,60,,29943,0,0,13,1,20,,29925,0,0,13,1,80,,29944,0,0,13,1,100,,29945,0,0,13,1,100,,29946,0,0,13,1,100,,29947,0,0,13,1,100,,29922,0,0,13,1,100,,29933,0,0,13,1,100,,29934,0,0,13,1
8400,'SE',718,,29956,9975,4,,2,24,,29965,9975,4,,2,16,,29967,9975,4,,2,60,,29968,9975,4,,2,20,,29964,9975,4,,2,66,,29966,9975,4,,2,47,,29952,9975,4,,2,100,,29953,9975,4,,2,100,,29978,9975,4,,2,100,,29957,9975,4,,2,100,,29961,9975,4,,2,100,,29962,9975,4,,2,78,,29980,9975,4,,2,19,,29954,9975,4,,2,60,,29963,9975,4,,2,21,,29971,9975,4,,2,21,,29979,9975,4,,2,59,,29970,9975,4,,2,20,,29969,9975,4,,2,20,,29959,9975,4,,2,61,,29960,9975,4,,2,19,,29958,9975,4,,2,20,,29955,9975,4,,2,100,,29972,9975,4,,2,100,,29973,9975,4,,2,100,,29974,9975,4,,2,100,,29975,9975,4,,2,100,,29976,9975,4,,2,100,,29977,9975,4,,2
8401,'SE',618,,29986,0,0,13,2,15,,29994,0,0,13,2,25,,29997,0,0,13,2,60,,29985,0,0,13,2,24,,29996,0,0,13,2,16,,29999,0,0,13,2,60,,30000,0,0,13,2,20,,29995,0,0,13,2,66,,29998,0,0,13,2,47,,29981,0,0,13,2,100,,29982,0,0,13,2,100,,30011,0,0,13,2,100,,29987,0,0,13,2,100,,29991,0,0,13,2,95,,30001,0,0,13,2,5,,29992,0,0,13,2,78,,30013,0,0,13,2,19,,29983,0,0,13,2,60,,29993,0,0,13,2,21,,30004,0,0,13,2,21,,30012,0,0,13,2,59,,30003,0,0,13,2,20,,30002,0,0,13,2,20,,29989,0,0,13,2,61,,29990,0,0,13,2,19,,29988,0,0,13,2,20,,29984,0,0,13,2,100,,30005,0,0,13,2,100,,30006,0,0,13,2,100,,30007,0,0,13,2,100,,30008,0,0,13,2,100,,30009,0,0,13,2,100,,30010,0,0,13,2
