1700,'DI',623,,23295,1951,,,1,100,,23280,1951,,,1,30,,23286,1951,,,1,70,,23293,1951,,,1,30,,23306,1951,,,1,70,,23296,1951,,,1,30,,23301,1951,,,1,70,,23281,1951,,,1,30,,23303,1951,,,1,70,,23291,1951,,,1,30,,23299,1951,,,1,70,,23307,1951,,,1,30,,23287,1951,,,1,70,,23302,1951,,,1,30,,23292,1951,,,1,70,,23290,1951,,,1,30,,23305,1951,,,1,69,,23297,1951,,,1,30,,23282,1951,,,1,71,,23289,1951,,,1,30,,23283,1951,,,1,70,,23278,1951,,,1,31,,23284,1951,,,1,70,,23277,1951,,,1,99,,23304,1951,,,1,100,,23298,1951,,,1,100,,23285,1951,,,1,100,,23300,1951,,,1,100,,23288,1951,,,1,100,,23279,1951,,,1,100,,23294,1951,,,1
1700,'F1',623,,23315,1951,,,1,100,,23328,1951,,,1,30,,23318,1951,,,1,70,,23331,1951,,,1,30,,23335,1951,,,1,70,,23326,1951,,,1,30,,23322,1951,,,1,70,,23336,1951,,,1,30,,23316,1951,,,1,70,,23329,1951,,,1,30,,23325,1951,,,1,70,,23337,1951,,,1,30,,23319,1951,,,1,70,,23330,1951,,,1,30,,23311,1951,,,1,70,,23332,1951,,,1,30,,23317,1951,,,1,70,,23338,1951,,,1,30,,23320,1951,,,1,69,,23308,1951,,,1,30,,23323,1951,,,1,71,,23309,1951,,,1,30,,23324,1951,,,1,71,,23310,1951,,,1,99,,23321,1951,,,1,100,,23312,1951,,,1,100,,23333,1951,,,1,100,,23313,1951,,,1,100,,23334,1951,,,1,100,,23314,1951,,,1,100,,23327,1951,,,1
1700,'F2',623,,23359,1951,,,1,100,,23368,1951,,,1,30,,23342,1951,,,1,70,,23354,1951,,,1,30,,23365,1951,,,1,70,,23352,1951,,,1,30,,23341,1951,,,1,70,,23360,1951,,,1,30,,23343,1951,,,1,70,,23347,1951,,,1,30,,23339,1951,,,1,70,,23349,1951,,,1,30,,23355,1951,,,1,70,,23361,1951,,,1,30,,23366,1951,,,1,70,,23348,1951,,,1,30,,23367,1951,,,1,70,,23356,1951,,,1,30,,23363,1951,,,1,69,,23362,1951,,,1,30,,23344,1951,,,1,71,,23346,1951,,,1,30,,23345,1951,,,1,71,,23350,1951,,,1,99,,23364,1951,,,1,100,,23357,1951,,,1,100,,23353,1951,,,1,100,,23351,1951,,,1,100,,23340,1951,,,1,100,,23369,1951,,,1,100,,23358,1951,,,1
1700,'SA',623,,23388,1951,,,1,100,,23397,1951,,,1,30,,23373,1951,,,1,70,,4923,1951,,,1,30,,23394,1951,,,1,70,,23383,1951,,,1,30,,23372,1951,,,1,70,,23389,1951,,,1,30,,23374,1951,,,1,70,,23378,1951,,,1,30,,23370,1951,,,1,70,,23380,1951,,,1,30,,23385,1951,,,1,70,,23390,1951,,,1,30,,23395,1951,,,1,70,,23379,1951,,,1,30,,23396,1951,,,1,70,,23386,1951,,,1,30,,23392,1951,,,1,69,,23391,1951,,,1,30,,23375,1951,,,1,71,,23377,1951,,,1,30,,23376,1951,,,1,71,,23381,1951,,,1,99,,23393,1951,,,1,100,,4934,1951,,,1,100,,23384,1951,,,1,100,,23382,1951,,,1,100,,23371,1951,,,1,100,,23398,1951,,,1,100,,23387,1951,,,1
2500,'DI',656,,24631,2028,,,2
2500,'F1',656,,24632,2028,,,2
2500,'F2',656,,24633,2028,,,2
2500,'SA',656,,24634,2028,,,2
2500,'SE',518,,24636,2028,,,2,30,,24637,2028,,,2,69,,24656,2028,,,2,19,,24655,2028,,,2,21,,24651,2028,,,2,59,,24638,2028,,,2,28,,24640,2028,,,2,68,,24641,2028,,,2,37,,24639,2028,,,2,70,,24635,2028,,,2,430,,24642,2028,,,2,70,,24643,2028,,,2,29,,24659,2028,,,2,53,,24658,2028,,,2,18,,24657,2028,,,2,30,,24644,2028,,,2,71,,24647,2028,,,2,29,,24649,2028,,,2,70,,24652,2028,,,2,31,,24648,2028,,,2,69,,24650,2028,,,2,30,,24646,2028,,,2,375,,24654,2028,,,2,84,,24660,2028,,,2,15,,24653,2028,,,2,85,,24645,2028,,,2
7600,'SE',600,,28987,1951,,,1,21,,28983,1951,,,1,20,,29015,1951,,,1,63,,28984,1951,,,1,17,,29016,1951,,,1,20,,29001,1951,,,1,63,,28981,1951,,,1,27,,29017,1951,,,1,71,,28977,1951,,,1,30,,28988,1951,,,1,70,,28980,1951,,,1,30,,29021,1951,,,1,70,,28978,1951,,,1,30,,28982,1951,,,1,70,,28995,1951,,,1,30,,28997,1951,,,1,70,,28985,1951,,,1,30,,29006,1951,,,1,71,,29022,1951,,,1,34,,29007,1951,,,1,66,,28996,1951,,,1,32,,28992,1951,,,1,70,,29008,1951,,,1,24,,28986,1951,,,1,18,,28994,1951,,,1,60,,29024,1951,,,1,21,,29023,1951,,,1,19,,28999,1951,,,1,60,,29018,1951,,,1,27,,29014,1951,,,1,70,,28998,1951,,,1,30,,28990,1951,,,1,70,,29002,1951,,,1,30,,29009,1951,,,1,70,,29003,1951,,,1,30,,29010,1951,,,1,70,,29004,1951,,,1,30,,29011,1951,,,1,70,,28979,1951,,,1,30,,29012,1951,,,1,70,,29019,1951,,,1,30,,29013,1951,,,1,70,,29020,1951,,,1
