3800,'DI',704,,25417,8263,,,1,100,,25423,8263,,,1,100,,25421,8263,,,1,101,,25415,8263,,,1,96,,25424,8263,,,1,100,,25412,8263,,,1,103,,25428,8263,,,1,100,,25416,8263,,,1,100,,25422,8263,,,1,101,,25425,8263,,,1,104,,25413,8263,,,1,101,,25418,8263,,,1,97,,25419,8263,,,1,100,,25414,8263,,,1,99,,25426,8263,,,1,101,,25420,8263,,,1,100,,25427,8263,,,1,100,,25429,8263,,,1
3800,'F1',604,,25446,8263,,,1,100,,25447,8263,,,1,100,,25430,8263,,,1,100,,25448,8263,,,1,100,,25432,8263,,,1,100,,25434,8263,,,1,100,,25433,8263,,,1,104,,25435,8263,,,1,100,,25439,8263,,,1,100,,25436,8263,,,1,102,,25440,8263,,,1,100,,25437,8263,,,1,100,,25441,8263,,,1,97,,25438,8263,,,1,100,,25431,8263,,,1,99,,25442,8263,,,1,100,,25444,8263,,,1,101,,25443,8263,,,1,99,,25445,8263,,,1
3800,'F2',604,,25454,8263,,,1,100,,25451,8263,,,1,100,,25461,8263,,,1,100,,25455,8263,,,1,100,,25462,8263,,,1,100,,25456,8263,,,1,100,,25463,8263,,,1,104,,25457,8263,,,1,100,,25464,8263,,,1,100,,25458,8263,,,1,102,,25452,8263,,,1,100,,25459,8263,,,1,100,,25453,8263,,,1,97,,25460,8263,,,1,100,,25449,8263,,,1,99,,25465,8263,,,1,100,,25450,8263,,,1,101,,25466,8263,,,1,99,,25467,8263,,,1
3800,'SA',604,,25473,8263,,,1,100,,25470,8263,,,1,100,,25480,8263,,,1,100,,25474,8263,,,1,100,,25481,8263,,,1,100,,25475,8263,,,1,100,,25482,8263,,,1,104,,25476,8263,,,1,100,,25483,8263,,,1,100,,25477,8263,,,1,102,,25471,8263,,,1,100,,25478,8263,,,1,100,,25472,8263,,,1,97,,25479,8263,,,1,100,,25468,8263,,,1,99,,25484,8263,,,1,100,,25469,8263,,,1,101,,25485,8263,,,1,99,,25486,8263,,,1
3800,'SE',620,,25508,8263,,,1,21,,25494,8263,,,1,18,,25503,8263,,,1,58,,25495,8263,,,1,24,,25505,8263,,,1,12,,25496,8263,,,1,60,,25515,8263,,,1,24,,25506,8263,,,1,69,,25488,8263,,,1,18,,25504,8263,,,1,17,,25510,8263,,,1,70,,25491,8263,,,1,44,,25511,8263,,,1,100,,25514,8263,,,1,100,,25498,8263,,,1,101,,25516,8263,,,1,95,,25499,8263,,,1,67,,25500,8263,,,1,32,,25487,8263,,,1,70,,25509,8263,,,1,30,,25512,8263,,,1,73,,25489,8263,,,1,26,,25497,8263,,,1,65,,25513,8263,,,1,94,,25493,8263,,,1,100,,25502,8263,,,1,99,,25507,8263,,,1,99,,25501,8263,,,1,100,,25490,8263,,,1,100,,25492,8263,,,1
4101,'DI',750,,25638,9858,,,1,100,,25642,9858,,,1,101,,25632,9858,,,1,100,,25628,9858,,,1,100,,25639,9858,,,1,100,,25629,9858,,,1,101,,25640,9858,,,1,100,,25633,9858,,,1,100,,25625,9858,,,1,102,,25630,9858,,,1,98,,25634,9858,,,1,100,,25626,9858,,,1,98,,25635,9858,,,1,99,,25627,9858,,,1,100,,25631,9858,,,1,99,,25636,9858,,,1,100,,25641,9858,,,1,100,,25637,9858,,,1,100,,25643,9858,,,1
4101,'F1',750,,25660,9858,,,1,100,,25662,9858,,,1,101,,25647,9858,,,1,101,,25656,9858,,,1,99,,25644,9858,,,1,100,,25657,9858,,,1,101,,25645,9858,,,1,100,,25658,9858,,,1,100,,25648,9858,,,1,100,,25653,9858,,,1,100,,25649,9858,,,1,100,,25654,9858,,,1,98,,25650,9858,,,1,99,,25659,9858,,,1,100,,25651,9858,,,1,99,,25661,9858,,,1,100,,25655,9858,,,1,100,,25646,9858,,,1,100,,25652,9858,,,1
4101,'F2',750,,25666,9858,,,1,100,,25679,9858,,,1,101,,25667,9858,,,1,101,,25672,9858,,,1,99,,25680,9858,,,1,100,,25673,9858,,,1,101,,25668,9858,,,1,100,,25674,9858,,,1,100,,25669,9858,,,1,100,,25665,9858,,,1,100,,25670,9858,,,1,100,,25663,9858,,,1,98,,25675,9858,,,1,99,,25664,9858,,,1,100,,25681,9858,,,1,99,,25676,9858,,,1,100,,25671,9858,,,1,100,,25677,9858,,,1,100,,25678,9858,,,1
4101,'SA',750,,25685,9858,,,1,100,,25698,9858,,,1,101,,25686,9858,,,1,101,,25691,9858,,,1,99,,25699,9858,,,1,100,,25692,9858,,,1,101,,25687,9858,,,1,100,,25693,9858,,,1,100,,25688,9858,,,1,100,,25684,9858,,,1,100,,25689,9858,,,1,100,,25682,9858,,,1,98,,25694,9858,,,1,99,,25683,9858,,,1,100,,25700,9858,,,1,99,,25695,9858,,,1,100,,25690,9858,,,1,100,,25696,9858,,,1,100,,25697,9858,,,1
4101,'SE',720,,25701,9858,,,1,30,,25718,9858,,,1,70,,25712,9858,,,1,36,,25713,9858,,,1,65,,25719,9858,,,1,30,,25720,9858,,,1,100,,25715,9858,,,1,100,,25721,9858,,,1,100,,25716,9858,,,1,100,,25705,9858,,,1,101,,25724,9858,,,1,75,,25725,9858,,,1,25,,25722,9858,,,1,69,,25708,9858,,,1,37,,25714,9858,,,1,66,,25703,9858,,,1,27,,25706,9858,,,1,71,,25726,9858,,,1,29,,25711,9858,,,1,100,,25702,9858,,,1,98,,25717,9858,,,1,100,,25704,9858,,,1,99,,25709,9858,,,1,100,,25723,9858,,,1,100,,25710,9858,,,1,100,,25707,9858,,,1
4201,'DI',558,,25850,8426,,,1,100,,25851,8426,,,1,100,,25852,8426,,,1,100,,25853,8426,,,1,100,,25854,8426,,,1,100,,25855,8426,,,1,100,,25856,8426,,,1,100,,25857,8426,,,1,100,,25858,8426,,,1,100,,25859,8426,,,1,100,,25860,8426,,,1,100,,25861,8426,,,1,100,,25862,8426,,,1,100,,25863,8426,,,1,99,,25864,8426,,,1,100,,25865,8426,,,1,100,,25866,8426,,,1,100,,25867,8426,,,1,100,,25868,8426,,,1,100,,25869,8426,,,1
4201,'F1',558,,25870,8426,,,1,100,,25871,8426,,,1,100,,25872,8426,,,1,100,,25873,8426,,,1,100,,25874,8426,,,1,100,,25875,8426,,,1,100,,25876,8426,,,1,100,,25877,8426,,,1,100,,25878,8426,,,1,100,,25879,8426,,,1,100,,25880,8426,,,1,100,,25881,8426,,,1,100,,25882,8426,,,1,100,,25883,8426,,,1,99,,25884,8426,,,1,100,,25885,8426,,,1,100,,25886,8426,,,1,100,,25887,8426,,,1,100,,25888,8426,,,1,100,,25889,8426,,,1
4201,'F2',558,,25906,8426,,,1,100,,25907,8426,,,1,100,,25908,8426,,,1,100,,25909,8426,,,1,100,,25890,8426,,,1,100,,25891,8426,,,1,100,,25892,8426,,,1,100,,25893,8426,,,1,100,,25894,8426,,,1,100,,25895,8426,,,1,100,,25896,8426,,,1,100,,25897,8426,,,1,100,,25898,8426,,,1,100,,25899,8426,,,1,99,,25900,8426,,,1,100,,25901,8426,,,1,100,,25902,8426,,,1,100,,25903,8426,,,1,100,,25904,8426,,,1,100,,25905,8426,,,1
4201,'SA',558,,25926,8426,,,1,100,,25927,8426,,,1,100,,25928,8426,,,1,100,,25929,8426,,,1,100,,25910,8426,,,1,100,,25911,8426,,,1,100,,25912,8426,,,1,100,,25913,8426,,,1,100,,25914,8426,,,1,100,,25915,8426,,,1,100,,25916,8426,,,1,100,,25917,8426,,,1,100,,25918,8426,,,1,100,,25919,8426,,,1,99,,25920,8426,,,1,100,,25921,8426,,,1,100,,25922,8426,,,1,100,,25923,8426,,,1,100,,25924,8426,,,1,100,,25925,8426,,,1
4201,'SE',528,,25934,8426,,,1,20,,25960,8426,,,1,70,,25939,8426,,,1,21,,25957,8426,,,1,14,,25958,8426,,,1,54,,25935,8426,,,1,14,,25940,8426,,,1,14,,25959,8426,,,1,14,,25942,8426,,,1,54,,25938,8426,,,1,23,,25936,8426,,,1,74,,25943,8426,,,1,37,,25974,8426,,,1,70,,25975,8426,,,1,30,,25937,8426,,,1,70,,25965,8426,,,1,30,,25941,8426,,,1,70,,25970,8426,,,1,30,,25944,8426,,,1,70,,25971,8426,,,1,30,,25930,8426,,,1,70,,25947,8426,,,1,30,,25945,8426,,,1,70,,25961,8426,,,1,4,,25962,8426,,,1,2,,25933,8426,,,1,2,,25964,8426,,,1,22,,25973,8426,,,1,70,,25948,8426,,,1,30,,25968,8426,,,1,68,,25966,8426,,,1,24,,25972,8426,,,1,17,,25969,8426,,,1,67,,25967,8426,,,1,29,,25963,8426,,,1,65,,25946,8426,,,1,35,,25949,8426,,,1,70,,25953,8426,,,1,30,,25950,8426,,,1,70,,25954,8426,,,1,29,,25951,8426,,,1,69,,25955,8426,,,1,30,,25952,8426,,,1,70,,25956,8426,,,1,90,,25931,8426,,,1,100,,25932,8426,,,1
5001,'DI',704,,26942,10452,,,2,102,,26927,10452,,,2,100,,26935,10452,,,2,100,,26933,10452,,,2,103,,26934,10452,,,2,94,,26936,10452,,,2,103,,26937,10452,,,2,103,,26938,10452,,,2,97,,26926,10452,,,2,96,,26939,10452,,,2,103,,26924,10452,,,2,106,,26923,10452,,,2,95,,26932,10452,,,2,100,,26925,10452,,,2,100,,26928,10452,,,2,100,,26930,10452,,,2,100,,26940,10452,,,2,100,,26929,10452,,,2,100,,26931,10452,,,2
5001,'F1',706,,26954,10452,,,2,98,,26948,10452,,,2,102,,26959,10452,,,2,97,,26944,10452,,,2,103,,26945,10452,,,2,96,,26961,10452,,,2,102,,26960,10452,,,2,98,,26943,10452,,,2,99,,26955,10452,,,2,103,,26956,10452,,,2,103,,26957,10452,,,2,103,,26958,10452,,,2,96,,26946,10452,,,2,100,,26952,10452,,,2,100,,26949,10452,,,2,100,,26962,10452,,,2,97,,26950,10452,,,2,103,,26951,10452,,,2,101,,26953,10452,,,2
5001,'F2',706,,26969,10452,,,2,98,,26968,10452,,,2,102,,26973,10452,,,2,97,,26977,10452,,,2,103,,26978,10452,,,2,96,,26982,10452,,,2,102,,26979,10452,,,2,98,,26963,10452,,,2,99,,26964,10452,,,2,103,,26965,10452,,,2,103,,26966,10452,,,2,103,,26967,10452,,,2,96,,26970,10452,,,2,100,,26981,10452,,,2,100,,26980,10452,,,2,100,,26971,10452,,,2,97,,26974,10452,,,2,103,,26975,10452,,,2,101,,26976,10452,,,2
5001,'SA',706,,26989,10452,,,2,98,,26988,10452,,,2,102,,26993,10452,,,2,97,,26997,10452,,,2,103,,26998,10452,,,2,96,,27002,10452,,,2,102,,26999,10452,,,2,98,,26983,10452,,,2,99,,26984,10452,,,2,103,,26985,10452,,,2,103,,26986,10452,,,2,103,,26987,10452,,,2,96,,26990,10452,,,2,100,,27001,10452,,,2,100,,27000,10452,,,2,100,,26991,10452,,,2,97,,26994,10452,,,2,103,,26995,10452,,,2,101,,26996,10452,,,2
5001,'SE',557,,27008,10452,,,2,70,,27012,10452,,,2,30,,27014,10452,,,2,72,,27017,10452,,,2,30,,27013,10452,,,2,70,,27009,10452,,,2,30,,27015,10452,,,2,70,,27018,10452,,,2,27,,27026,10452,,,2,100,,27029,10452,,,2,100,,27016,10452,,,2,100,,27011,10452,,,2,100,,27019,10452,,,2,99,,27003,10452,,,2,102,,27020,10452,,,2,68,,27030,10452,,,2,33,,27007,10452,,,2,74,,27031,10452,,,2,26,,27021,10452,,,2,70,,27004,10452,,,2,30,,27027,10452,,,2,98,,27028,10452,,,2,100,,27005,10452,,,2,100,,27022,10452,,,2,100,,27006,10452,,,2,100,,27023,10452,,,2,100,,27024,10452,,,2
6001,'SE',603,,27422,9798,,,1,22,,27419,9798,,,1,21,,27413,9798,,,1,68,,27423,9798,,,1,29,,27415,9798,,,1,68,,27424,9798,,,1,26,,27432,9798,,,1,13,,27433,9798,,,1,72,,27425,9798,,,1,100,,27431,9798,,,1,100,,27420,9798,,,1,100,,27426,9798,,,1,101,,27421,9798,,,1,100,,27439,9798,,,1,101,,27434,9798,,,1,99,,27435,9798,,,1,30,,27430,9798,,,1,67,,27427,9798,,,1,24,,27428,9798,,,1,67,,27417,9798,,,1,29,,27436,9798,,,1,69,,27429,9798,,,1,48,,27437,9798,,,1,100,,27416,9798,,,1,99,,27438,9798,,,1,100,,27414,9798,,,1,95,,27418,9798,,,1
16001,'DI',619,,31137,16192,,,1,99,,31132,16192,,,1,100,,31138,16192,,,1,100,,31141,16192,,,1,100,,31144,16192,,,1,100,,31139,16192,,,1,100,,31145,16192,,,1,100,,31136,16192,,,1,100,,31146,16192,,,1,100,,31134,16192,,,1,100,,31131,16192,,,1,100,,31142,16192,,,1,100,,31140,16192,,,1,100,,31147,16192,,,1,100,,31143,16192,,,1,103,,31135,16192,,,1,97,,31133,16192,,,1
16001,'F1',620,,31153,16192,,,1,99,,31152,16192,,,1,99,,31157,16192,,,1,100,,31150,16192,,,1,99,,31149,16192,,,1,101,,31154,16192,,,1,100,,31158,16192,,,1,100,,16717,16192,,,1,100,,31155,16192,,,1,100,,31148,16192,,,1,100,,16718,16192,,,1,100,,31151,16192,,,1,100,,31156,16192,,,1,101,,16719,16192,,,1,99,,31159,16192,,,1,103,,16720,16192,,,1,97,,31160,16192,,,1
16001,'F2',620,,31169,16192,,,1,99,,31167,16192,,,1,99,,31165,16192,,,1,100,,31170,16192,,,1,99,,31164,16192,,,1,101,,31161,16192,,,1,100,,31168,16192,,,1,100,,31174,16192,,,1,100,,31162,16192,,,1,100,,31166,16192,,,1,100,,31175,16192,,,1,100,,31171,16192,,,1,100,,31163,16192,,,1,101,,31176,16192,,,1,99,,31172,16192,,,1,103,,31177,16192,,,1,97,,31173,16192,,,1
16001,'SA',620,,31186,16192,,,1,99,,31184,16192,,,1,99,,31182,16192,,,1,100,,16801,16192,,,1,99,,31181,16192,,,1,101,,31178,16192,,,1,100,,31185,16192,,,1,100,,31189,16192,,,1,100,,31179,16192,,,1,100,,31183,16192,,,1,100,,31190,16192,,,1,100,,16802,16192,,,1,100,,31180,16192,,,1,101,,31191,16192,,,1,99,,31187,16192,,,1,103,,31192,16192,,,1,97,,31188,16192,,,1
16001,'SE',632,,31196,16192,,,1,68,,31197,16192,,,1,28,,31201,16192,,,1,29,,31203,16192,,,1,62,,31213,16192,,,1,23,,31215,16192,,,1,67,,31200,16192,,,1,43,,31214,16192,,,1,99,,31211,16192,,,1,93,,31199,16192,,,1,100,,31202,16192,,,1,100,,31204,16192,,,1,100,,31198,16192,,,1,99,,31216,16192,,,1,92,,31194,16192,,,1,97,,31205,16192,,,1,70,,31193,16192,,,1,27,,31206,16192,,,1,25,,31217,16192,,,1,65,,31195,16192,,,1,99,,31207,16192,,,1,100,,31210,16192,,,1,101,,31208,16192,,,1,100,,31212,16192,,,1,90,,31209,16192,,,1
54200,'SE',1641,,32372,7382,,,2
