2301,'F1',617,,24597,6281,,,1,103,,24598,6281,,,1,102,,24599,6281,,,1,100,,24594,6281,,,1,103,,24590,6281,,,1,99,,24592,6281,,,1,103,,24593,6281,,,1,97,,24600,6281,,,1,99,,24591,6281,,,1,100,,24595,6281,,,1,100,,24596,6281,,,1,100,,24601,6281,,,1
2301,'F2',617,,24609,6281,,,1,103,,24610,6281,,,1,102,,24611,6281,,,1,100,,24602,6281,,,1,103,,24603,6281,,,1,99,,24605,6281,,,1,103,,24606,6281,,,1,97,,24612,6281,,,1,99,,24613,6281,,,1,100,,24608,6281,,,1,100,,24607,6281,,,1,100,,24604,6281,,,1
2301,'SA',617,,24621,6281,,,1,103,,24622,6281,,,1,102,,24623,6281,,,1,100,,24614,6281,,,1,103,,24615,6281,,,1,99,,24617,6281,,,1,103,,24618,6281,,,1,97,,24624,6281,,,1,99,,24625,6281,,,1,100,,24620,6281,,,1,100,,24619,6281,,,1,100,,24616,6281,,,1
2301,'SE',1025,,24628,6281,,,1,101,,24626,6281,,,1,100,,24629,6281,,,1,101,,24630,6281,,,1,100,,24627,6281,,,1
12301,'DI',551,,30718,20578,,,1,100,,30728,20578,,,1,100,,30719,20578,,,1,100,,30729,20578,,,1,102,,30720,20578,,,1,100,,30730,20578,,,1,100,,30721,20578,,,1,100,,30731,20578,,,1,100,,30722,20578,,,1,100,,30732,20578,,,1,100,,30723,20578,,,1,100,,30733,20578,,,1,100,,30724,20578,,,1,100,,30734,20578,,,1,100,,30725,20578,,,1,98,,30735,20578,,,1,100,,30726,20578,,,1,100,,30736,20578,,,1,100,,30727,20578,,,1,100,,30737,20578,,,1
12301,'F1',550,,30746,20578,,,1,100,,30751,20578,,,1,100,,30747,20578,,,1,101,,30752,20578,,,1,100,,30740,20578,,,1,100,,30753,20578,,,1,100,,30741,20578,,,1,100,,30738,20578,,,1,100,,30742,20578,,,1,100,,30739,20578,,,1,100,,30743,20578,,,1,100,,30744,20578,,,1,100,,30754,20578,,,1,100,,30745,20578,,,1,100,,30755,20578,,,1,100,,30748,20578,,,1,100,,30756,20578,,,1,100,,30749,20578,,,1,100,,30757,20578,,,1,100,,30750,20578,,,1
12301,'F2',550,,30760,20578,,,1,100,,30758,20578,,,1,100,,30761,20578,,,1,101,,30759,20578,,,1,100,,30762,20578,,,1,100,,30770,20578,,,1,100,,30763,20578,,,1,100,,30771,20578,,,1,100,,30764,20578,,,1,100,,30772,20578,,,1,100,,30765,20578,,,1,100,,30773,20578,,,1,100,,30766,20578,,,1,100,,30774,20578,,,1,100,,30767,20578,,,1,100,,30775,20578,,,1,100,,30768,20578,,,1,100,,30776,20578,,,1,100,,30769,20578,,,1,100,,30777,20578,,,1
12301,'SA',550,,30780,20578,,,1,100,,30778,20578,,,1,100,,30781,20578,,,1,101,,30779,20578,,,1,100,,30782,20578,,,1,100,,30790,20578,,,1,100,,30783,20578,,,1,100,,30791,20578,,,1,100,,30784,20578,,,1,100,,30792,20578,,,1,100,,30785,20578,,,1,100,,30793,20578,,,1,100,,30786,20578,,,1,100,,30794,20578,,,1,100,,30787,20578,,,1,100,,30795,20578,,,1,100,,30788,20578,,,1,100,,30796,20578,,,1,100,,30789,20578,,,1,100,,30797,20578,,,1
12301,'SE',537,,30809,20578,,,1,70,,30819,20578,,,1,20,,30802,20578,,,1,26,,30801,20578,,,1,55,,30803,20578,,,1,27,,30804,20578,,,1,70,,30798,20578,,,1,28,,30799,20578,,,1,70,,30800,20578,,,1,27,,30820,20578,,,1,70,,30823,20578,,,1,56,,30810,20578,,,1,102,,30806,20578,,,1,100,,30816,20578,,,1,100,,30821,20578,,,1,100,,30826,20578,,,1,51,,30814,20578,,,1,27,,30827,20578,,,1,20,,30829,20578,,,1,55,,30815,20578,,,1,19,,30813,20578,,,1,6,,30824,20578,,,1,16,,30830,20578,,,1,50,,30832,20578,,,1,6,,30818,20578,,,1,24,,30817,20578,,,1,26,,30828,20578,,,1,67,,30833,20578,,,1,31,,30808,20578,,,1,66,,30805,20578,,,1,34,,30807,20578,,,1,68,,30825,20578,,,1,30,,30822,20578,,,1,98,,30831,20578,,,1,97,,30811,20578,,,1,100,,30834,20578,,,1,157,,30812,20578,,,1
17001,'SE',517,,31389,3278,0,50 51,2,30,,31390,3278,0,50 51,2,62,,31373,3278,0,50 51,2,30,,31377,3278,0,50 51,2,70,,31374,3278,0,50 51,2,31,,31378,3278,0,50 51,2,69,,31375,3278,0,50 51,2,35,,31379,3278,0,50 51,2,70,,31376,3278,0,50 51,2,616,,31385,3278,0,50 51,2,70,,31380,3278,0,50 51,2,30,,31386,3278,0,50 51,2,70,,31381,3278,0,50 51,2,30,,31387,3278,0,50 51,2,70,,31382,3278,0,50 51,2,30,,31388,3278,0,50 51,2,70,,31383,3278,0,50 51,2
