2000,'DI',631,,23850,11488,,,2,100,,23853,11488,,,2,100,,23856,11488,,,2,100,,23848,11488,,,2,100,,23854,11488,,,2,97,,23857,11488,,,2,103,,23858,11488,,,2,100,,23855,11488,,,2,100,,23859,11488,,,2,100,,23851,11488,,,2,97,,23862,11488,,,2,103,,23863,11488,,,2,100,,23852,11488,,,2,100,,23860,11488,,,2,100,,23849,11488,,,2,100,,23864,11488,,,2,100,,23861,11488,,,2,100,,23865,11488,,,2,100,,23866,11488,,,2
2000,'F1',632,,23883,11488,,,2,100,,23879,11488,,,2,100,,23881,11488,,,2,100,,23880,11488,,,2,100,,5595,11488,,,2,100,,23882,11488,,,2,100,,5597,11488,,,2,100,,23871,11488,,,2,100,,23872,11488,,,2,100,,23869,11488,,,2,96,,23873,11488,,,2,104,,23874,11488,,,2,104,,23875,11488,,,2,96,,23867,11488,,,2,100,,23876,11488,,,2,100,,23877,11488,,,2,100,,23868,11488,,,2,100,,23870,11488,,,2,100,,23878,11488,,,2,100,,23884,11488,,,2
2000,'F2',632,,23903,11488,,,2,100,,23897,11488,,,2,100,,23894,11488,,,2,100,,23888,11488,,,2,100,,23890,11488,,,2,100,,23889,11488,,,2,100,,23898,11488,,,2,100,,23891,11488,,,2,100,,23892,11488,,,2,100,,23902,11488,,,2,96,,23899,11488,,,2,104,,23900,11488,,,2,104,,23901,11488,,,2,96,,23886,11488,,,2,100,,23895,11488,,,2,100,,23893,11488,,,2,100,,23885,11488,,,2,100,,23904,11488,,,2,100,,23896,11488,,,2,100,,23887,11488,,,2
2000,'SA',632,,23922,11488,,,2,100,,5701,11488,,,2,100,,23914,11488,,,2,100,,23908,11488,,,2,100,,23910,11488,,,2,100,,23909,11488,,,2,100,,23917,11488,,,2,100,,23911,11488,,,2,100,,23912,11488,,,2,100,,23921,11488,,,2,96,,23918,11488,,,2,104,,23919,11488,,,2,104,,23920,11488,,,2,96,,23906,11488,,,2,100,,23915,11488,,,2,100,,23913,11488,,,2,100,,23905,11488,,,2,100,,23923,11488,,,2,100,,23916,11488,,,2,100,,23907,11488,,,2
2000,'SE',553,,23938,11488,,,2,60,,23964,11488,,,2,24,,23947,11488,,,2,71,,23939,11488,,,2,14,,23970,10897,,,2,9,,23968,10897,,,2,8,,23972,10897,,,2,10,,23965,10897,,,2,51,,23967,10897,,,2,6,,23966,10897,,,2,14,,23971,10897,,,2,32,,23969,10897,,,2,71,,23973,10897,,,2,29,,23925,11488,,,2,71,,23955,11488,,,2,30,,23931,11488,,,2,70,,23958,11488,,,2,30,,23928,11488,,,2,70,,23952,11488,,,2,30,,23932,11488,,,2,70,,23960,11488,,,2,30,,23929,11488,,,2,70,,23951,11488,,,2,30,,23933,11488,,,2,71,,23940,11488,,,2,21,,23942,11488,,,2,57,,23935,11488,,,2,15,,23927,11488,,,2,15,,23936,11488,,,2,15,,23953,11488,,,2,57,,23943,11488,,,2,11,,23959,11488,,,2,13,,23944,11488,,,2,9,,23946,11488,,,2,12,,23941,11488,,,2,53,,23954,11488,,,2,11,,23934,11488,,,2,14,,23962,11488,,,2,13,,23945,11488,,,2,15,,23957,11488,,,2,68,,23924,11488,,,2,30,,23956,11488,,,2,70,,23963,11488,,,2,30,,23937,11488,,,2,70,,23961,11488,,,2,30,,23948,11488,,,2,100,,23930,11488,,,2,100,,23949,11488,,,2,100,,23926,11488,,,2,100,,23950,11488,,,2
2201,'F1',541,,24534,3947,,,2,92,,24536,3947,,,2,25,,24535,3947,,,2,70,,24538,3947,,,2,30,,24537,3947,,,2,948,,24539,3947,,,2,40,,24540,3947,,,2,60,,24533,3947,,,2
2201,'SE',541,,24542,3947,,,2,92,,24544,3947,,,2,25,,24543,3947,,,2,70,,24541,3947,,,2,30,,24545,3947,,,2,948,,24547,3947,,,2,40,,24546,3947,,,2,60,,24548,3947,,,2
16101,'DI',610,,31301,8670,,,2,30,,31292,3947,,,2,70,,31289,3947,,,2,30,,31299,3947,,,2,70,,31293,3947,,,2,30,,31294,3947,,,2,70,,31296,3947,,,2,702,,31290,3947,,,2,28,,31295,3947,,,2,72,,31291,3947,,,2,30,,31300,8670,,,2,70,,31298,3947,,,2,32,,31297,3947,,,2
16101,'F1',610,,31312,8670,,,2,30,,31310,3947,,,2,70,,31303,3947,,,2,30,,31307,3947,,,2,70,,31302,3947,,,2,30,,16953,3947,,,2,70,,31305,3947,,,2,700,,31309,3947,,,2,31,,31311,3947,,,2,71,,31306,3947,,,2,30,,31313,8670,,,2,71,,31308,3947,,,2,31,,31304,3947,,,2
16101,'F2',610,,31325,8670,,,2,30,,31321,3947,,,2,70,,31318,3947,,,2,30,,31319,3947,,,2,70,,31316,3947,,,2,30,,31322,3947,,,2,70,,31320,3947,,,2,700,,31317,3947,,,2,31,,31314,3947,,,2,71,,31323,3947,,,2,30,,31326,8670,,,2,71,,31315,3947,,,2,31,,31324,3947,,,2
16101,'SA',610,,31337,8670,,,2,30,,17011,3947,,,2,70,,31331,3947,,,2,30,,31332,3947,,,2,70,,31329,3947,,,2,30,,31334,3947,,,2,70,,31333,3947,,,2,700,,31330,3947,,,2,31,,31327,3947,,,2,71,,31335,3947,,,2,30,,31338,8670,,,2,71,,31328,3947,,,2,31,,31336,3947,,,2
16101,'SE',604,,31346,3947,,,2,20,,31341,3947,,,2,23,,31355,8670,,,2,60,,31344,3947,,,2,13,,31353,8670,,,2,17,,31348,3947,,,2,16,,31356,8670,,,2,57,,31343,3947,,,2,23,,31347,3947,,,2,20,,31351,3947,,,2,57,,31340,3947,,,2,20,,31339,3947,,,2,325,,31352,8670,,,2,372,,31358,8670,,,2,15,,31349,3947,,,2,61,,31354,8670,,,2,20,,31342,3947,,,2,18,,31357,8670,,,2,61,,31350,3947,,,2,20,,31345,3947,,,2
57001,'SE',827,,32390,5230,,,2
67301,'SE',735,,32464,3338,,,2
