50300,'SE',1615,,32340,0,,,2
50301,'SE',925,,32341,8042,4,,2
50500,'SE',1615,,32342,0,,,2
50501,'SE',925,,32343,11778,4,,2
52100,'SE',1615,,32346,0,,,2
52101,'SE',925,,32347,7052,4,,2
52600,'SE',1615,,32349,0,,,2,1,,32348,0,,,2
52601,'SE',924,,32350,9530,4,,2,1,,32351,9530,4,,2
53000,'SE',1615,,32352,0,,,2
53001,'SE',925,,32353,6351,4,,2
53200,'SE',1615,,32354,0,,,2,1,,32355,0,,,2
53201,'SE',924,,32356,11107,4,,2,1,,32357,11107,4,,2
53300,'SE',1615,,32358,0,,,2
53301,'SE',925,,32359,9965,4,,2
53400,'SE',1615,,32360,0,,,2
53401,'SE',925,,32361,10748,4,,2
53500,'SE',1615,,32362,0,,,2
53501,'SE',925,,32363,7408,4,,2
53600,'SE',1615,,32364,0,,,2
53601,'SE',925,,32365,6060,4,,2
54400,'SE',1615,,18803,0,,,2
54401,'SE',925,,32374,8375,4,,2
54601,'SE',925,,32376,12411,4,,2
54701,'SE',925,,32378,10854,4,,2
54900,'SE',1615,,32379,0,,,2
54901,'SE',925,,32380,10889,4,,2
55000,'SE',1615,,32381,0,,,2
55001,'SE',925,,32382,9542,4,,2
55100,'SE',1615,,32383,0,,,2
55101,'SE',925,,32384,10006,4,,2
