600,'DI',629,,21437,1497,,,1,30,,21429,1497,,,1,70,,21425,1497,,,1,71,,21436,1497,,,1,30,,21422,1497,,,1,70,,21414,1497,,,1,31,,21426,1497,,,1,70,,21433,1497,,,1,30,,21410,1497,,,1,69,,1973,1497,,,1,31,,21418,1497,,,1,28,,21411,1497,,,1,70,,21415,1497,,,1,74,,21421,1497,,,1,29,,21412,1497,,,1,70,,21423,1497,,,1,27,,21419,1497,,,1,73,,21416,1497,,,1,30,,21427,1497,,,1,69,,21438,1497,,,1,31,,21430,1497,,,1,27,,21428,1497,,,1,70,,21439,1497,,,1,30,,21431,1497,,,1,70,,21413,1497,,,1,71,,21420,1497,,,1,104,,21434,1497,,,1,100,,21424,1497,,,1,100,,21417,1497,,,1,100,,21409,1497,,,1,100,,21432,1497,,,1,100,,21435,1497,,,1
600,'F1',629,,21465,1497,,,1,71,,21457,1497,,,1,29,,21454,1497,,,1,30,,21443,1497,,,1,74,,21455,1497,,,1,26,,21458,1497,,,1,75,,21440,1497,,,1,23,,2011,1497,,,1,72,,21467,1497,,,1,29,,21460,1497,,,1,70,,21468,1497,,,1,76,,21461,1497,,,1,30,,21466,1497,,,1,67,,21441,1497,,,1,31,,21462,1497,,,1,27,,21447,1497,,,1,70,,21442,1497,,,1,30,,21444,1497,,,1,70,,21448,1497,,,1,30,,21463,1497,,,1,70,,21445,1497,,,1,30,,21449,1497,,,1,70,,21464,1497,,,1,30,,21446,1497,,,1,70,,21451,1497,,,1,30,,21456,1497,,,1,145,,21469,1497,,,1,100,,21450,1497,,,1,100,,21452,1497,,,1,100,,21470,1497,,,1,100,,21459,1497,,,1,100,,21453,1497,,,1
600,'F2',629,,21502,1497,,,1,71,,21491,1497,,,1,29,,21487,1497,,,1,30,,21484,1497,,,1,74,,21488,1497,,,1,26,,21492,1497,,,1,75,,21501,1497,,,1,23,,21489,1497,,,1,72,,21498,1497,,,1,29,,21485,1497,,,1,70,,21478,1497,,,1,76,,21486,1497,,,1,30,,21479,1497,,,1,67,,21471,1497,,,1,31,,21493,1497,,,1,27,,21480,1497,,,1,70,,21472,1497,,,1,30,,21494,1497,,,1,70,,21481,1497,,,1,30,,21473,1497,,,1,70,,21495,1497,,,1,30,,21482,1497,,,1,70,,21474,1497,,,1,30,,21496,1497,,,1,70,,21483,1497,,,1,30,,21499,1497,,,1,145,,21490,1497,,,1,100,,21475,1497,,,1,100,,21477,1497,,,1,100,,21500,1497,,,1,100,,21497,1497,,,1,100,,21476,1497,,,1
600,'SA',629,,21534,1497,,,1,71,,21523,1497,,,1,29,,21519,1497,,,1,30,,21516,1497,,,1,74,,21520,1497,,,1,26,,21524,1497,,,1,75,,21533,1497,,,1,23,,21521,1497,,,1,72,,21530,1497,,,1,29,,21517,1497,,,1,70,,21510,1497,,,1,76,,21518,1497,,,1,30,,21511,1497,,,1,67,,21503,1497,,,1,31,,21525,1497,,,1,27,,21512,1497,,,1,70,,21504,1497,,,1,30,,21526,1497,,,1,70,,21513,1497,,,1,30,,21505,1497,,,1,70,,21527,1497,,,1,30,,21514,1497,,,1,70,,21506,1497,,,1,30,,21528,1497,,,1,70,,21515,1497,,,1,30,,21531,1497,,,1,145,,21522,1497,,,1,100,,21507,1497,,,1,100,,21509,1497,,,1,100,,21532,1497,,,1,100,,21529,1497,,,1,100,,21508,1497,,,1
600,'SE',541,,21553,1497,,,1,70,,21536,1497,,,1,30,,21554,1497,,,1,70,,21560,1497,,,1,30,,21556,1497,,,1,67,,21567,1497,,,1,33,,21555,1497,,,1,70,,21539,1497,,,1,30,,21550,1497,,,1,70,,21549,1497,,,1,30,,21568,1497,,,1,70,,21558,1497,,,1,30,,21559,1497,,,1,70,,21565,1497,,,1,30,,21563,1497,,,1,70,,21547,1497,,,1,30,,21551,1497,,,1,70,,21546,1497,,,1,28,,21541,1497,,,1,72,,21557,1497,,,1,30,,21564,1497,,,1,69,,21562,1497,,,1,37,,21544,1497,,,1,65,,21548,1497,,,1,30,,21545,1497,,,1,69,,21535,1497,,,1,30,,21542,1497,,,1,70,,21561,1497,,,1,30,,21570,1497,,,1,70,,21538,1497,,,1,30,,21566,1497,,,1,70,,21543,1497,,,1,100,,21537,1497,,,1,100,,21569,1497,,,1,100,,21540,1497,,,1,100,,21552,1497,,,1
1300,'DI',652,,3422,1497,,,1,100,,22394,1497,,,1,100,,3423,1497,,,1,100,,22395,1497,,,1,100,,3424,1497,,,1,100,,22396,1497,,,1,100,,3425,1497,,,1,95,,22397,1497,,,1,105,,22405,1497,,,1,100,,22391,1497,,,1,100,,22398,1497,,,1,100,,22393,1497,,,1,100,,22399,1497,,,1,100,,22403,1497,,,1,100,,22401,1497,,,1,100,,22400,1497,,,1,100,,22392,1497,,,1,100,,22404,1497,,,1,100,,22402,1497,,,1
1300,'F1',652,,22406,1497,,,1,100,,22414,1497,,,1,100,,22408,1497,,,1,101,,22409,1497,,,1,99,,22419,1497,,,1,100,,22407,1497,,,1,100,,22415,1497,,,1,100,,22410,1497,,,1,100,,22416,1497,,,1,100,,22424,1497,,,1,100,,22412,1497,,,1,100,,22420,1497,,,1,100,,22417,1497,,,1,100,,22421,1497,,,1,100,,22411,1497,,,1,100,,22423,1497,,,1,100,,22418,1497,,,1,100,,22422,1497,,,1,100,,22425,1497,,,1,100,,22413,1497,,,1
1300,'F2',652,,22427,1497,,,1,100,,22434,1497,,,1,100,,22428,1497,,,1,101,,22429,1497,,,1,99,,22435,1497,,,1,100,,22437,1497,,,1,100,,22430,1497,,,1,100,,22438,1497,,,1,100,,22431,1497,,,1,100,,22426,1497,,,1,100,,22441,1497,,,1,100,,22444,1497,,,1,100,,22432,1497,,,1,100,,22439,1497,,,1,100,,22436,1497,,,1,100,,22445,1497,,,1,100,,22442,1497,,,1,100,,22433,1497,,,1,100,,22443,1497,,,1,100,,22440,1497,,,1
1300,'SA',652,,22447,1497,,,1,100,,22454,1497,,,1,100,,22448,1497,,,1,101,,22449,1497,,,1,99,,22455,1497,,,1,100,,22457,1497,,,1,100,,22450,1497,,,1,100,,22458,1497,,,1,100,,22451,1497,,,1,100,,22446,1497,,,1,100,,22461,1497,,,1,100,,22464,1497,,,1,100,,22452,1497,,,1,100,,22459,1497,,,1,100,,22456,1497,,,1,100,,22465,1497,,,1,100,,22462,1497,,,1,100,,22453,1497,,,1,100,,22463,1497,,,1,100,,22460,1497,,,1
1300,'SE',557,,22480,1497,,,1,73,,22502,1497,,,1,26,,22496,1497,,,1,71,,22470,1497,,,1,15,,22488,1497,,,1,15,,22471,1497,,,1,55,,22483,1497,,,1,25,,22474,1497,,,1,65,,22466,1497,,,1,30,,22468,1497,,,1,70,,22478,1497,,,1,30,,22477,1497,,,1,70,,22472,1497,,,1,30,,22490,1497,,,1,70,,22469,1497,,,1,30,,22479,1497,,,1,70,,22498,1497,,,1,30,,22485,1497,,,1,70,,22491,1497,,,1,30,,22503,1497,,,1,70,,22500,1497,,,1,30,,22467,1497,,,1,20,,22493,1497,,,1,60,,22486,1497,,,1,15,,22487,1497,,,1,12,,22489,1497,,,1,10,,22506,1497,,,1,58,,22494,1497,,,1,20,,22484,1497,,,1,20,,22482,1497,,,1,60,,22481,1497,,,1,27,,22505,1497,,,1,70,,22473,1497,,,1,32,,22499,1497,,,1,70,,22501,1497,,,1,30,,22492,1497,,,1,70,,22504,1497,,,1,100,,22495,1497,,,1,100,,22497,1497,,,1,100,,22475,1497,,,1,103,,22476,1497,,,1
1400,'SE',937,,22642,1282,,,1,100,,22645,1282,,,1,100,,22646,1282,,,1,100,,22635,1282,,,1,100,,22638,1282,,,1,100,,22637,1282,,,1,109,,22641,1282,,,1,13,,3826,1282,,,1,58,,22648,1282,,,1,15,,22647,1282,,,1,18,,22643,1282,,,1,60,,22640,1282,,,1,21,,22636,1282,,,1,19,,22644,1282,,,1,69,,22639,1282,,,1
1500,'DI',724,,22683,1282,,,1,100,,22680,1282,,,1,100,,22677,1282,,,1,100,,22690,1282,,,1,100,,22695,1282,,,1,100,,22688,1282,,,1,100,,22684,1282,,,1,100,,22678,1282,,,1,100,,22692,1282,,,1,100,,22679,1282,,,1,100,,22687,1282,,,1,100,,22685,1282,,,1,100,,22689,1282,,,1,100,,22693,1282,,,1,100,,22691,1282,,,1,100,,22686,1282,,,1,100,,22681,1282,,,1,100,,22694,1282,,,1,100,,22682,1282,,,1
1500,'F1',724,,22697,1282,,,1,100,,22703,1282,,,1,100,,22712,1282,,,1,100,,22704,1282,,,1,105,,22706,1282,,,1,95,,22705,1282,,,1,100,,22713,1282,,,1,100,,22698,1282,,,1,100,,22707,1282,,,1,100,,22699,1282,,,1,100,,22696,1282,,,1,100,,22709,1282,,,1,100,,22714,1282,,,1,100,,22700,1282,,,1,100,,22701,1282,,,1,100,,22710,1282,,,1,100,,22702,1282,,,1,100,,22711,1282,,,1,100,,22708,1282,,,1
1500,'F2',724,,22730,1282,,,1,100,,22723,1282,,,1,100,,22717,1282,,,1,100,,22731,1282,,,1,105,,22725,1282,,,1,95,,22715,1282,,,1,100,,22727,1282,,,1,100,,22721,1282,,,1,100,,22726,1282,,,1,100,,22722,1282,,,1,100,,22718,1282,,,1,100,,22724,1282,,,1,100,,22728,1282,,,1,100,,22729,1282,,,1,100,,22716,1282,,,1,100,,22732,1282,,,1,100,,22719,1282,,,1,100,,22733,1282,,,1,100,,22720,1282,,,1
1500,'SA',724,,22749,1282,,,1,100,,22742,1282,,,1,100,,22736,1282,,,1,100,,22750,1282,,,1,105,,22744,1282,,,1,95,,22734,1282,,,1,100,,22746,1282,,,1,100,,22740,1282,,,1,100,,22745,1282,,,1,100,,22741,1282,,,1,100,,22737,1282,,,1,100,,22743,1282,,,1,100,,22747,1282,,,1,100,,22748,1282,,,1,100,,22735,1282,,,1,100,,22751,1282,,,1,100,,22738,1282,,,1,100,,22752,1282,,,1,100,,22739,1282,,,1
1500,'SE',547,,22789,1282,,,1,70,,22783,1282,,,1,30,,22754,1282,,,1,68,,22775,1282,,,1,32,,22781,1282,,,1,66,,22761,1282,,,1,34,,22777,1282,,,1,70,,22760,1282,,,1,30,,22782,1282,,,1,70,,22779,1282,,,1,30,,22755,1282,,,1,70,,22758,1282,,,1,30,,22780,1282,,,1,70,,22763,1282,,,1,30,,22759,1282,,,1,70,,22756,1282,,,1,30,,22785,1282,,,1,70,,22769,1282,,,1,30,,22784,1282,,,1,70,,22762,1282,,,1,24,,22764,1282,,,1,74,,22757,1282,,,1,38,,22773,1282,,,1,64,,22788,1282,,,1,30,,22770,1282,,,1,70,,22771,1282,,,1,30,,22786,1282,,,1,70,,22774,1282,,,1,30,,22767,1282,,,1,70,,22778,1282,,,1,30,,22787,1282,,,1,70,,22772,1282,,,1,30,,22753,1282,,,1,70,,22766,1282,,,1,100,,22768,1282,,,1,100,,22776,1282,,,1,100,,22765,1282,,,1
50600,'SE',915,,32344,2171,,,2
60600,'SE',1644,,32403,1093,,,2
61300,'SE',1647,,32411,920,,,2
61400,'SE',1645,,32413,1267,,,2
