1700,'DI',623,,23295,1686,,,1,100,,23280,1686,,,1,30,,23286,1686,,,1,70,,23293,1686,,,1,30,,23306,1686,,,1,70,,23296,1686,,,1,30,,23301,1686,,,1,70,,23281,1686,,,1,30,,23303,1686,,,1,70,,23291,1686,,,1,30,,23299,1686,,,1,70,,23307,1686,,,1,30,,23287,1686,,,1,70,,23302,1686,,,1,30,,23292,1686,,,1,70,,23290,1686,,,1,30,,23305,1686,,,1,69,,23297,1686,,,1,30,,23282,1686,,,1,71,,23289,1686,,,1,30,,23283,1686,,,1,70,,23278,1686,,,1,31,,23284,1686,,,1,70,,23277,1686,,,1,99,,23304,1686,,,1,100,,23298,1686,,,1,100,,23285,1686,,,1,100,,23300,1686,,,1,100,,23288,1686,,,1,100,,23279,1686,,,1,100,,23294,1686,,,1
1700,'F1',623,,23315,1686,,,1,100,,23328,1686,,,1,30,,23318,1686,,,1,70,,23331,1686,,,1,30,,23335,1686,,,1,70,,23326,1686,,,1,30,,23322,1686,,,1,70,,23336,1686,,,1,30,,23316,1686,,,1,70,,23329,1686,,,1,30,,23325,1686,,,1,70,,23337,1686,,,1,30,,23319,1686,,,1,70,,23330,1686,,,1,30,,23311,1686,,,1,70,,23332,1686,,,1,30,,23317,1686,,,1,70,,23338,1686,,,1,30,,23320,1686,,,1,69,,23308,1686,,,1,30,,23323,1686,,,1,71,,23309,1686,,,1,30,,23324,1686,,,1,71,,23310,1686,,,1,99,,23321,1686,,,1,100,,23312,1686,,,1,100,,23333,1686,,,1,100,,23313,1686,,,1,100,,23334,1686,,,1,100,,23314,1686,,,1,100,,23327,1686,,,1
1700,'F2',623,,23359,1686,,,1,100,,23368,1686,,,1,30,,23342,1686,,,1,70,,23354,1686,,,1,30,,23365,1686,,,1,70,,23352,1686,,,1,30,,23341,1686,,,1,70,,23360,1686,,,1,30,,23343,1686,,,1,70,,23347,1686,,,1,30,,23339,1686,,,1,70,,23349,1686,,,1,30,,23355,1686,,,1,70,,23361,1686,,,1,30,,23366,1686,,,1,70,,23348,1686,,,1,30,,23367,1686,,,1,70,,23356,1686,,,1,30,,23363,1686,,,1,69,,23362,1686,,,1,30,,23344,1686,,,1,71,,23346,1686,,,1,30,,23345,1686,,,1,71,,23350,1686,,,1,99,,23364,1686,,,1,100,,23357,1686,,,1,100,,23353,1686,,,1,100,,23351,1686,,,1,100,,23340,1686,,,1,100,,23369,1686,,,1,100,,23358,1686,,,1
1700,'SA',623,,23388,1686,,,1,100,,23397,1686,,,1,30,,23373,1686,,,1,70,,4923,1686,,,1,30,,23394,1686,,,1,70,,23383,1686,,,1,30,,23372,1686,,,1,70,,23389,1686,,,1,30,,23374,1686,,,1,70,,23378,1686,,,1,30,,23370,1686,,,1,70,,23380,1686,,,1,30,,23385,1686,,,1,70,,23390,1686,,,1,30,,23395,1686,,,1,70,,23379,1686,,,1,30,,23396,1686,,,1,70,,23386,1686,,,1,30,,23392,1686,,,1,69,,23391,1686,,,1,30,,23375,1686,,,1,71,,23377,1686,,,1,30,,23376,1686,,,1,71,,23381,1686,,,1,99,,23393,1686,,,1,100,,4934,1686,,,1,100,,23384,1686,,,1,100,,23382,1686,,,1,100,,23371,1686,,,1,100,,23398,1686,,,1,100,,23387,1686,,,1
2500,'DI',655,,24631,1763,,,2
2500,'F1',655,,24632,1763,,,2
2500,'F2',655,,24633,1763,,,2
2500,'SA',655,,24634,1763,,,2
2500,'SE',517,,24636,1763,,,2,30,,24637,1763,,,2,69,,24656,1763,,,2,19,,24655,1763,,,2,21,,24651,1763,,,2,59,,24638,1763,,,2,29,,24640,1763,,,2,68,,24641,1763,,,2,36,,24639,1763,,,2,70,,24635,1763,,,2,430,,24642,1763,,,2,70,,24643,1763,,,2,29,,24659,1763,,,2,53,,24658,1763,,,2,18,,24657,1763,,,2,30,,24644,1763,,,2,71,,24647,1763,,,2,30,,24649,1763,,,2,70,,24652,1763,,,2,31,,24648,1763,,,2,68,,24650,1763,,,2,30,,24646,1763,,,2,375,,24654,1763,,,2,84,,24660,1763,,,2,15,,24653,1763,,,2,85,,24645,1763,,,2
7600,'SE',559,,28987,1686,,,1,61,,28983,1686,,,1,20,,29015,1686,,,1,63,,28984,1686,,,1,17,,29016,1686,,,1,20,,29001,1686,,,1,63,,28981,1686,,,1,27,,29017,1686,,,1,72,,28977,1686,,,1,30,,28988,1686,,,1,70,,28980,1686,,,1,30,,29021,1686,,,1,70,,28978,1686,,,1,30,,28982,1686,,,1,70,,28995,1686,,,1,30,,28997,1686,,,1,70,,28985,1686,,,1,30,,29006,1686,,,1,70,,29022,1686,,,1,34,,29007,1686,,,1,66,,28996,1686,,,1,32,,28992,1686,,,1,70,,29008,1686,,,1,24,,28986,1686,,,1,18,,28994,1686,,,1,60,,29024,1686,,,1,21,,29023,1686,,,1,19,,28999,1686,,,1,60,,29018,1686,,,1,28,,29014,1686,,,1,70,,28998,1686,,,1,30,,28990,1686,,,1,70,,29002,1686,,,1,30,,29009,1686,,,1,70,,29003,1686,,,1,30,,29010,1686,,,1,69,,29004,1686,,,1,30,,29011,1686,,,1,70,,28979,1686,,,1,30,,29012,1686,,,1,70,,29019,1686,,,1,30,,29013,1686,,,1,70,,29020,1686,,,1
