2901,'DI',658,,24956,780,,,1,100,,24957,780,,,1,100,,24958,780,,,1,100,,24959,780,,,1,100,,24960,780,,,1,100,,24961,780,,,1,100,,24962,780,,,1,100,,24963,780,,,1,100,,24964,780,,,1,100,,24965,780,,,1,100,,24966,780,,,1,100,,24967,780,,,1,100,,24968,780,,,1,100,,24969,780,,,1,100,,24970,780,,,1,100,,24971,780,,,1,100,,24972,780,,,1,160,,24973,780,,,1,100,,24974,780,,,1
2901,'F1',658,,24975,780,,,1,100,,24976,780,,,1,100,,24977,780,,,1,100,,24978,780,,,1,100,,24979,780,,,1,100,,24980,780,,,1,100,,24981,780,,,1,100,,24982,780,,,1,99,,24983,780,,,1,99,,24984,780,,,1,99,,24985,780,,,1,148,,24986,780,,,1,99,,24987,780,,,1,57,,24988,780,,,1,99,,24989,780,,,1,100,,24990,780,,,1,100,,24991,780,,,1,160,,24992,780,,,1,100,,24993,780,,,1
2901,'F2',658,,25007,780,,,1,100,,25008,780,,,1,100,,25009,780,,,1,100,,25010,780,,,1,100,,25011,780,,,1,100,,25012,780,,,1,100,,24994,780,,,1,100,,24995,780,,,1,99,,24996,780,,,1,99,,24997,780,,,1,99,,24998,780,,,1,148,,24999,780,,,1,99,,25000,780,,,1,57,,25001,780,,,1,99,,25002,780,,,1,100,,25003,780,,,1,100,,25004,780,,,1,160,,25005,780,,,1,100,,25006,780,,,1
2901,'SA',658,,25026,780,,,1,100,,25027,780,,,1,100,,25028,780,,,1,100,,25029,780,,,1,100,,25030,780,,,1,100,,25031,780,,,1,100,,25013,780,,,1,100,,25014,780,,,1,99,,25015,780,,,1,99,,25016,780,,,1,99,,25017,780,,,1,148,,25018,780,,,1,99,,25019,780,,,1,57,,25020,780,,,1,99,,25021,780,,,1,100,,25022,780,,,1,100,,25023,780,,,1,160,,25024,780,,,1,100,,25025,780,,,1
2901,'SE',628,,25045,780,,,1,26,,7376,780,,,1,72,,25056,780,,,1,5,,25047,780,,,1,27,,25041,780,,,1,70,,25044,780,,,1,30,,25046,780,,,1,143,,25040,780,,,1,100,,25058,780,,,1,101,,25039,780,,,1,100,,25034,780,,,1,100,,25037,780,,,1,99,,25035,780,,,1,35,,25048,780,,,1,66,,25049,780,,,1,34,,25036,780,,,1,20,,25038,780,,,1,69,,25043,780,,,1,14,,25057,780,,,1,68,,25042,780,,,1,28,,25050,780,,,1,67,,25033,780,,,1,99,,25032,780,,,1,99,,25051,780,,,1,59,,25052,780,,,1,98,,25053,780,,,1,161,,25054,780,,,1,96,,25055,780,,,1
12301,'DI',513,,30718,780,,,1,100,,30728,780,,,1,100,,30719,780,,,1,100,,30729,780,,,1,100,,30720,780,,,1,100,,30730,780,,,1,100,,30721,780,,,1,100,,30731,780,,,1,100,,30722,780,,,1,100,,30732,780,,,1,100,,30723,780,,,1,100,,30733,780,,,1,100,,30724,780,,,1,100,,30734,780,,,1,100,,30725,780,,,1,100,,30735,780,,,1,100,,30726,780,,,1,100,,30736,780,,,1,100,,30727,780,,,1,100,,30737,780,,,1
12301,'F1',513,,30746,780,,,1,100,,30751,780,,,1,100,,30747,780,,,1,100,,30752,780,,,1,100,,30740,780,,,1,100,,30753,780,,,1,100,,30741,780,,,1,100,,30738,780,,,1,100,,30742,780,,,1,100,,30739,780,,,1,100,,30743,780,,,1,100,,30744,780,,,1,100,,30754,780,,,1,100,,30745,780,,,1,100,,30755,780,,,1,100,,30748,780,,,1,100,,30756,780,,,1,100,,30749,780,,,1,100,,30757,780,,,1,100,,30750,780,,,1
12301,'F2',513,,30760,780,,,1,100,,30758,780,,,1,100,,30761,780,,,1,100,,30759,780,,,1,100,,30762,780,,,1,100,,30770,780,,,1,100,,30763,780,,,1,100,,30771,780,,,1,100,,30764,780,,,1,100,,30772,780,,,1,100,,30765,780,,,1,100,,30773,780,,,1,100,,30766,780,,,1,100,,30774,780,,,1,100,,30767,780,,,1,100,,30775,780,,,1,100,,30768,780,,,1,100,,30776,780,,,1,100,,30769,780,,,1,100,,30777,780,,,1
12301,'SA',513,,30780,780,,,1,100,,30778,780,,,1,100,,30781,780,,,1,100,,30779,780,,,1,100,,30782,780,,,1,100,,30790,780,,,1,100,,30783,780,,,1,100,,30791,780,,,1,100,,30784,780,,,1,100,,30792,780,,,1,100,,30785,780,,,1,100,,30793,780,,,1,100,,30786,780,,,1,100,,30794,780,,,1,100,,30787,780,,,1,100,,30795,780,,,1,100,,30788,780,,,1,100,,30796,780,,,1,100,,30789,780,,,1,100,,30797,780,,,1
12301,'SE',458,,30809,780,,,1,70,,30819,780,,,1,20,,30802,780,,,1,60,,30801,780,,,1,15,,30803,780,,,1,25,,30804,780,,,1,70,,30798,780,,,1,30,,30799,780,,,1,70,,30800,780,,,1,30,,30820,780,,,1,70,,30823,780,,,1,96,,30810,780,,,1,100,,30806,780,,,1,100,,30816,780,,,1,100,,30821,780,,,1,100,,30826,780,,,1,11,,30814,780,,,1,23,,30827,780,,,1,60,,30829,780,,,1,15,,30815,780,,,1,19,,30813,780,,,1,6,,30824,780,,,1,55,,30830,780,,,1,10,,30832,780,,,1,6,,30818,780,,,1,24,,30817,780,,,1,70,,30828,780,,,1,31,,30833,780,,,1,71,,30808,780,,,1,26,,30805,780,,,1,74,,30807,780,,,1,28,,30825,780,,,1,70,,30822,780,,,1,98,,30831,780,,,1,100,,30811,780,,,1,100,,30834,780,,,1,120,,30812,780,,,1
