2901,'DI',657,,24956,328,,,1,100,,24957,328,,,1,100,,24958,328,,,1,100,,24959,328,,,1,100,,24960,328,,,1,100,,24961,328,,,1,100,,24962,328,,,1,100,,24963,328,,,1,100,,24964,328,,,1,100,,24965,328,,,1,100,,24966,328,,,1,100,,24967,328,,,1,100,,24968,328,,,1,100,,24969,328,,,1,100,,24970,328,,,1,100,,24971,328,,,1,100,,24972,328,,,1,160,,24973,328,,,1,100,,24974,328,,,1
2901,'F1',657,,24975,328,,,1,100,,24976,328,,,1,100,,24977,328,,,1,100,,24978,328,,,1,100,,24979,328,,,1,100,,24980,328,,,1,100,,24981,328,,,1,100,,24982,328,,,1,99,,24983,328,,,1,99,,24984,328,,,1,99,,24985,328,,,1,148,,24986,328,,,1,99,,24987,328,,,1,57,,24988,328,,,1,99,,24989,328,,,1,100,,24990,328,,,1,100,,24991,328,,,1,160,,24992,328,,,1,100,,24993,328,,,1
2901,'F2',657,,25007,328,,,1,100,,25008,328,,,1,100,,25009,328,,,1,100,,25010,328,,,1,100,,25011,328,,,1,100,,25012,328,,,1,100,,24994,328,,,1,100,,24995,328,,,1,99,,24996,328,,,1,99,,24997,328,,,1,99,,24998,328,,,1,148,,24999,328,,,1,99,,25000,328,,,1,57,,25001,328,,,1,99,,25002,328,,,1,100,,25003,328,,,1,100,,25004,328,,,1,160,,25005,328,,,1,100,,25006,328,,,1
2901,'SA',657,,25026,328,,,1,100,,25027,328,,,1,100,,25028,328,,,1,100,,25029,328,,,1,100,,25030,328,,,1,100,,25031,328,,,1,100,,25013,328,,,1,100,,25014,328,,,1,99,,25015,328,,,1,99,,25016,328,,,1,99,,25017,328,,,1,148,,25018,328,,,1,99,,25019,328,,,1,57,,25020,328,,,1,99,,25021,328,,,1,100,,25022,328,,,1,100,,25023,328,,,1,160,,25024,328,,,1,100,,25025,328,,,1
2901,'SE',627,,25045,328,,,1,26,,7376,328,,,1,72,,25056,328,,,1,5,,25047,328,,,1,27,,25041,328,,,1,70,,25044,328,,,1,30,,25046,328,,,1,143,,25040,328,,,1,100,,25058,328,,,1,101,,25039,328,,,1,100,,25034,328,,,1,100,,25037,328,,,1,99,,25035,328,,,1,35,,25048,328,,,1,66,,25049,328,,,1,34,,25036,328,,,1,20,,25038,328,,,1,69,,25043,328,,,1,14,,25057,328,,,1,68,,25042,328,,,1,28,,25050,328,,,1,67,,25033,328,,,1,99,,25032,328,,,1,59,,25051,328,,,1,99,,25052,328,,,1,98,,25053,328,,,1,161,,25054,328,,,1,96,,25055,328,,,1
12301,'DI',512,,30718,328,,,1,100,,30728,328,,,1,100,,30719,328,,,1,100,,30729,328,,,1,100,,30720,328,,,1,100,,30730,328,,,1,100,,30721,328,,,1,100,,30731,328,,,1,100,,30722,328,,,1,100,,30732,328,,,1,100,,30723,328,,,1,100,,30733,328,,,1,100,,30724,328,,,1,100,,30734,328,,,1,100,,30725,328,,,1,100,,30735,328,,,1,100,,30726,328,,,1,100,,30736,328,,,1,100,,30727,328,,,1,100,,30737,328,,,1
12301,'F1',512,,30746,328,,,1,100,,30751,328,,,1,100,,30747,328,,,1,100,,30752,328,,,1,100,,30740,328,,,1,100,,30753,328,,,1,100,,30741,328,,,1,100,,30738,328,,,1,100,,30742,328,,,1,100,,30739,328,,,1,100,,30743,328,,,1,100,,30744,328,,,1,100,,30754,328,,,1,100,,30745,328,,,1,100,,30755,328,,,1,100,,30748,328,,,1,100,,30756,328,,,1,100,,30749,328,,,1,100,,30757,328,,,1,100,,30750,328,,,1
12301,'F2',512,,30760,328,,,1,100,,30758,328,,,1,100,,30761,328,,,1,100,,30759,328,,,1,100,,30762,328,,,1,100,,30770,328,,,1,100,,30763,328,,,1,100,,30771,328,,,1,100,,30764,328,,,1,100,,30772,328,,,1,100,,30765,328,,,1,100,,30773,328,,,1,100,,30766,328,,,1,100,,30774,328,,,1,100,,30767,328,,,1,100,,30775,328,,,1,100,,30768,328,,,1,100,,30776,328,,,1,100,,30769,328,,,1,100,,30777,328,,,1
12301,'SA',512,,30780,328,,,1,100,,30778,328,,,1,100,,30781,328,,,1,100,,30779,328,,,1,100,,30782,328,,,1,100,,30790,328,,,1,100,,30783,328,,,1,100,,30791,328,,,1,100,,30784,328,,,1,100,,30792,328,,,1,100,,30785,328,,,1,100,,30793,328,,,1,100,,30786,328,,,1,100,,30794,328,,,1,100,,30787,328,,,1,100,,30795,328,,,1,100,,30788,328,,,1,100,,30796,328,,,1,100,,30789,328,,,1,100,,30797,328,,,1
12301,'SE',457,,30809,328,,,1,70,,30819,328,,,1,20,,30802,328,,,1,60,,30801,328,,,1,15,,30803,328,,,1,25,,30804,328,,,1,70,,30798,328,,,1,30,,30799,328,,,1,70,,30800,328,,,1,30,,30820,328,,,1,70,,30823,328,,,1,96,,30810,328,,,1,100,,30806,328,,,1,100,,30816,328,,,1,100,,30821,328,,,1,100,,30826,328,,,1,11,,30814,328,,,1,23,,30827,328,,,1,60,,30829,328,,,1,15,,30815,328,,,1,19,,30813,328,,,1,6,,30824,328,,,1,55,,30830,328,,,1,10,,30832,328,,,1,6,,30818,328,,,1,24,,30817,328,,,1,70,,30828,328,,,1,31,,30833,328,,,1,71,,30808,328,,,1,26,,30805,328,,,1,74,,30807,328,,,1,28,,30825,328,,,1,70,,30822,328,,,1,98,,30831,328,,,1,100,,30811,328,,,1,100,,30834,328,,,1,120,,30812,328,,,1
