1301,'DI',630,,22510,4437,,,1,100,,3602,4437,,,1,100,,22511,4437,,,1,100,,3603,4437,,,1,100,,22512,4437,,,1,100,,3604,4437,,,1,100,,22513,4437,,,1,100,,3605,4437,,,1,100,,22515,4437,,,1,100,,22522,4437,,,1,100,,22507,4437,,,1,100,,22514,4437,,,1,100,,22509,4437,,,1,100,,22516,4437,,,1,100,,22520,4437,,,1,100,,22518,4437,,,1,100,,22517,4437,,,1,100,,22508,4437,,,1,100,,22521,4437,,,1,100,,22519,4437,,,1
1301,'F1',630,,22530,4437,,,1,100,,22523,4437,,,1,100,,22531,4437,,,1,100,,22525,4437,,,1,100,,22526,4437,,,1,100,,22536,4437,,,1,100,,22524,4437,,,1,100,,22532,4437,,,1,100,,22527,4437,,,1,100,,22533,4437,,,1,100,,22541,4437,,,1,100,,22529,4437,,,1,100,,22537,4437,,,1,100,,22534,4437,,,1,100,,22538,4437,,,1,100,,22528,4437,,,1,100,,22540,4437,,,1,100,,22535,4437,,,1,100,,22539,4437,,,1,100,,22542,4437,,,1
1301,'F2',630,,22551,4437,,,1,100,,22544,4437,,,1,100,,22552,4437,,,1,100,,22545,4437,,,1,100,,22546,4437,,,1,100,,22553,4437,,,1,100,,22555,4437,,,1,100,,22547,4437,,,1,100,,22556,4437,,,1,100,,22548,4437,,,1,100,,22543,4437,,,1,100,,22558,4437,,,1,100,,22561,4437,,,1,100,,22549,4437,,,1,100,,22557,4437,,,1,100,,22554,4437,,,1,100,,22562,4437,,,1,100,,22559,4437,,,1,100,,22550,4437,,,1,100,,22560,4437,,,1
1301,'SA',630,,22571,4437,,,1,100,,22564,4437,,,1,100,,22572,4437,,,1,100,,22565,4437,,,1,100,,22566,4437,,,1,100,,22573,4437,,,1,100,,22575,4437,,,1,100,,22567,4437,,,1,100,,22576,4437,,,1,100,,22568,4437,,,1,100,,22563,4437,,,1,100,,22578,4437,,,1,100,,22581,4437,,,1,100,,22569,4437,,,1,100,,22577,4437,,,1,100,,22574,4437,,,1,100,,22582,4437,,,1,100,,22579,4437,,,1,100,,22570,4437,,,1,100,,22580,4437,,,1
1301,'SE',537,,22597,4437,,,1,72,,22598,4437,,,1,30,,22596,4437,,,1,17,,22585,4437,,,1,54,,22621,4437,,,1,13,,22587,4437,,,1,14,,22614,4437,,,1,20,,22588,4437,,,1,54,,22586,4437,,,1,13,,22625,4437,,,1,15,,22607,4437,,,1,15,,22603,4437,,,1,60,,22606,4437,,,1,29,,22599,4437,,,1,70,,22584,4437,,,1,30,,22602,4437,,,1,70,,22616,4437,,,1,30,,22594,4437,,,1,70,,22608,4437,,,1,31,,22595,4437,,,1,70,,22600,4437,,,1,30,,22617,4437,,,1,70,,22604,4437,,,1,30,,22609,4437,,,1,69,,22622,4437,,,1,34,,22619,4437,,,1,69,,22583,4437,,,1,27,,22590,4437,,,1,15,,22605,4437,,,1,60,,22601,4437,,,1,22,,22626,4437,,,1,18,,22612,4437,,,1,60,,22610,4437,,,1,29,,22591,4437,,,1,69,,22624,4437,,,1,30,,22589,4437,,,1,70,,22618,4437,,,1,30,,22620,4437,,,1,70,,22611,4437,,,1,29,,22623,4437,,,1,100,,22613,4437,,,1,100,,22615,4437,,,1,100,,22592,4437,,,1,98,,22593,4437,,,1
3701,'SE',634,,25408,2077,,,2,70,,25406,2077,,,2,30,,25405,2077,,,2,70,,25409,2077,,,2,30,,25407,2077,,,2
52600,'SE',1644,,32349,9046,,,2,1,,32348,9046,,,2
61301,'SE',853,,32412,3425,,,2
61801,'SE',845,,32416,4350,,,2
69501,'SE',838,,32503,1318,,,2,1,,32504,1318,,,2
