3201,'DI',536,,25245,4615,,,2,99,,25246,4615,,,2,101,,25247,4615,,,2,99,,25248,4615,,,2,102,,25249,4615,,,2,100,,25252,4615,,,2,101,,25254,4615,,,2,101,,25250,4615,,,2,103,,25256,4615,,,2,98,,25255,4615,,,2,104,,25258,4615,,,2,96,,25257,4615,,,2,100,,25260,4615,,,2,100,,25259,4615,,,2,99,,25253,4615,,,2,100,,25243,4615,,,2,100,,25261,4615,,,2,100,,25263,4615,,,2,100,,25251,4615,,,2,100,,25262,4615,,,2,99,,25244,4615,,,2
3201,'F1',536,,25264,4615,,,2,99,,25265,4615,,,2,101,,25266,4615,,,2,96,,25267,4615,,,2,103,,25268,4615,,,2,101,,25274,4615,,,2,102,,25282,4615,,,2,99,,25281,4615,,,2,106,,25284,4615,,,2,102,,25283,4615,,,2,97,,25269,4615,,,2,98,,25271,4615,,,2,100,,25275,4615,,,2,100,,25270,4615,,,2,99,,25272,4615,,,2,100,,25276,4615,,,2,100,,25277,4615,,,2,100,,25279,4615,,,2,100,,25280,4615,,,2,100,,25278,4615,,,2,99,,25273,4615,,,2
3201,'F2',536,,25286,4615,,,2,99,,25287,4615,,,2,101,,25288,4615,,,2,96,,25289,4615,,,2,103,,25290,4615,,,2,101,,25296,4615,,,2,102,,25291,4615,,,2,99,,25305,4615,,,2,106,,25297,4615,,,2,102,,25292,4615,,,2,97,,25293,4615,,,2,98,,25298,4615,,,2,100,,25299,4615,,,2,100,,25294,4615,,,2,99,,25301,4615,,,2,100,,25300,4615,,,2,100,,25302,4615,,,2,100,,25304,4615,,,2,100,,25303,4615,,,2,100,,25295,4615,,,2,99,,25285,4615,,,2
3201,'SA',536,,25307,4615,,,2,99,,25308,4615,,,2,101,,25309,4615,,,2,96,,25310,4615,,,2,103,,25311,4615,,,2,101,,25317,4615,,,2,102,,25312,4615,,,2,99,,25326,4615,,,2,106,,25318,4615,,,2,102,,25313,4615,,,2,97,,25314,4615,,,2,98,,25319,4615,,,2,100,,25320,4615,,,2,100,,25315,4615,,,2,99,,25322,4615,,,2,100,,25321,4615,,,2,100,,25323,4615,,,2,100,,25325,4615,,,2,100,,25324,4615,,,2,100,,25316,4615,,,2,99,,25306,4615,,,2
3201,'SE',511,,25342,8902,,,2,30,,25348,8902,,,2,70,,25346,8902,,,2,29,,25351,8902,,,2,75,,25349,8902,,,2,27,,25343,8902,,,2,64,,25340,8902,,,2,30,,25347,8902,,,2,75,,25338,8902,,,2,96,,25334,4615,,,2,101,,25335,4615,,,2,100,,25337,4615,,,2,100,,25329,4615,,,2,100,,7845,4615,,,2,103,,25330,4615,,,2,105,,25327,4615,,,2,20,,25341,8902,,,2,70,,25345,8902,,,2,30,,25352,8902,,,2,70,,25350,8902,,,2,23,,25344,8902,,,2,73,,25353,8902,,,2,25,,25339,8902,,,2,87,,25336,4615,,,2,100,,25332,4615,,,2,98,,25333,4615,,,2,100,,25328,4615,,,2,98,,25331,4615,,,2
13201,'DI',717,,30958,7365,,,2,100,,30956,7365,,,2,100,,30957,7365,,,2,100,,30962,7365,,,2,100,,30959,7365,,,2,100,,30960,7365,,,2,100,,30963,7365,,,2,100,,30966,7365,,,2,100,,30964,7365,,,2,105,,30968,7365,,,2,95,,30967,7365,,,2,100,,30965,7365,,,2,101,,30969,7365,,,2,97,,30970,7365,,,2,100,,30961,7365,,,2,100,,30955,7365,,,2,100,,30971,7365,,,2,100,,30972,7365,,,2
13201,'F1',717,,30973,7365,,,2,100,,30986,7365,,,2,100,,30977,7365,,,2,100,,30987,7365,,,2,103,,30974,7365,,,2,97,,30978,7365,,,2,104,,30988,7365,,,2,96,,30985,7365,,,2,104,,30989,7365,,,2,96,,30979,7365,,,2,100,,30975,7365,,,2,100,,30976,7365,,,2,101,,30980,7365,,,2,97,,30981,7365,,,2,100,,16454,7365,,,2,100,,30984,7365,,,2,100,,30982,7365,,,2,100,,30983,7365,,,2
13201,'F2',717,,30991,7365,,,2,100,,31007,7365,,,2,100,,30995,7365,,,2,100,,30990,7365,,,2,103,,30992,7365,,,2,97,,30996,7365,,,2,104,,30993,7365,,,2,96,,31006,7365,,,2,104,,30997,7365,,,2,96,,30999,7365,,,2,100,,30994,7365,,,2,100,,30998,7365,,,2,101,,31000,7365,,,2,97,,31002,7365,,,2,100,,31001,7365,,,2,100,,31004,7365,,,2,100,,31003,7365,,,2,100,,31005,7365,,,2
13201,'SA',717,,31009,7365,,,2,100,,31025,7365,,,2,100,,31013,7365,,,2,100,,31008,7365,,,2,103,,31010,7365,,,2,97,,31014,7365,,,2,104,,31011,7365,,,2,96,,31024,7365,,,2,104,,31015,7365,,,2,96,,31017,7365,,,2,100,,31012,7365,,,2,100,,31016,7365,,,2,101,,31018,7365,,,2,97,,31020,7365,,,2,100,,31019,7365,,,2,100,,31022,7365,,,2,100,,31021,7365,,,2,100,,31023,7365,,,2
13201,'SE',550,,31032,7365,,,2,70,,31029,7365,,,2,32,,31038,7365,,,2,60,,31031,7365,,,2,24,,31036,7365,,,2,10,,31042,7365,,,2,10,,31040,7365,,,2,62,,31039,7365,,,2,18,,31033,7365,,,2,16,,31037,7365,,,2,60,,31041,7365,,,2,20,,31051,7365,,,2,19,,16560,7365,,,2,97,,31052,7365,,,2,99,,16564,7365,,,2,96,,31050,7365,,,2,100,,31043,7365,,,2,110,,31044,7365,,,2,51,,31047,7365,,,2,3,,31026,7365,,,2,43,,31034,7365,,,2,65,,31045,7365,,,2,19,,31048,7365,,,2,19,,31030,7365,,,2,63,,31035,7365,,,2,19,,31028,7365,,,2,19,,31046,7365,,,2,59,,31027,7365,,,2,40,,31049,7365,,,2
52101,'SE',906,,32347,0,,,2
54000,'SE',1632,,32370,4956,,,2
