4200,'DI',615,,25727,2025,,,1,100,,25728,2025,,,1,100,,25729,2025,,,1,100,,25730,2025,,,1,100,,25731,2025,,,1,100,,25732,2025,,,1,100,,25733,2025,,,1,100,,25734,2025,,,1,100,,25735,2025,,,1,100,,25736,2025,,,1,100,,25737,2025,,,1,100,,25738,2025,,,1,100,,25739,2025,,,1,100,,25740,2025,,,1,100,,25741,2025,,,1,100,,25742,2025,,,1,100,,25743,2025,,,1,100,,25744,2025,,,1,100,,25745,2025,,,1,100,,25746,2025,,,1
4200,'F1',615,,25747,2025,,,1,100,,25748,2025,,,1,100,,25749,2025,,,1,100,,25750,2025,,,1,100,,25751,2025,,,1,100,,25752,2025,,,1,100,,25753,2025,,,1,100,,25754,2025,,,1,100,,25755,2025,,,1,100,,25756,2025,,,1,100,,25757,2025,,,1,100,,25758,2025,,,1,100,,25759,2025,,,1,100,,25760,2025,,,1,100,,25761,2025,,,1,100,,25762,2025,,,1,100,,25763,2025,,,1,100,,25764,2025,,,1,100,,25765,2025,,,1,100,,25766,2025,,,1
4200,'F2',615,,25784,2025,,,1,100,,25785,2025,,,1,100,,25786,2025,,,1,100,,25767,2025,,,1,100,,25768,2025,,,1,100,,25769,2025,,,1,100,,25770,2025,,,1,100,,25771,2025,,,1,100,,25772,2025,,,1,100,,25773,2025,,,1,100,,25774,2025,,,1,100,,25775,2025,,,1,100,,25776,2025,,,1,100,,25777,2025,,,1,100,,25778,2025,,,1,100,,25779,2025,,,1,100,,25780,2025,,,1,100,,25781,2025,,,1,100,,25782,2025,,,1,100,,25783,2025,,,1
4200,'SA',615,,25804,2025,,,1,100,,25805,2025,,,1,100,,25806,2025,,,1,100,,25787,2025,,,1,100,,25788,2025,,,1,100,,25789,2025,,,1,100,,25790,2025,,,1,100,,25791,2025,,,1,100,,25792,2025,,,1,100,,25793,2025,,,1,100,,25794,2025,,,1,100,,25795,2025,,,1,100,,25796,2025,,,1,100,,25797,2025,,,1,100,,25798,2025,,,1,100,,25799,2025,,,1,100,,25800,2025,,,1,100,,25801,2025,,,1,100,,25802,2025,,,1,100,,25803,2025,,,1
4200,'SE',557,,25835,2025,,,1,76,,25817,2025,,,1,68,,25820,2025,,,1,12,,25816,2025,,,1,6,,25818,2025,,,1,6,,25813,2025,,,1,6,,25814,2025,,,1,22,,25812,2025,,,1,62,,25821,2025,,,1,34,,25848,2025,,,1,70,,25849,2025,,,1,30,,25815,2025,,,1,70,,25839,2025,,,1,30,,25819,2025,,,1,70,,25844,2025,,,1,30,,25822,2025,,,1,70,,25845,2025,,,1,30,,25808,2025,,,1,70,,25825,2025,,,1,30,,25823,2025,,,1,70,,25837,2025,,,1,30,,25847,2025,,,1,71,,25826,2025,,,1,30,,25842,2025,,,1,67,,25840,2025,,,1,24,,25846,2025,,,1,15,,25843,2025,,,1,54,,25807,2025,,,1,14,,25841,2025,,,1,14,,25836,2025,,,1,15,,25838,2025,,,1,67,,25824,2025,,,1,30,,25827,2025,,,1,73,,25831,2025,,,1,34,,25828,2025,,,1,70,,25832,2025,,,1,30,,25829,2025,,,1,70,,25833,2025,,,1,30,,25830,2025,,,1,70,,25834,2025,,,1,91,,25809,2025,,,1,100,,25810,2025,,,1,100,,25811,2025,,,1
4301,'DI',802,,25991,2046,0,58 45,1,100,,25984,2046,0,58 45,1,100,,25985,2046,0,58 45,1,100,,25986,2046,0,58 45,1,101,,25987,2046,0,58 45,1,99,,25976,2046,0,58 45,1,100,,25977,2046,0,58 45,1,100,,25982,2046,0,58 45,1,100,,25983,2046,0,58 45,1,100,,25988,2046,0,58 45,1,100,,25978,2046,0,58 45,1,100,,25979,2046,0,58 45,1,100,,25980,2046,0,58 45,1,100,,25989,2046,0,58 45,1,100,,25981,2046,0,58 45,1,100,,25992,2046,0,58 45,1,100,,25990,2046,0,58 45,1,100,,25993,2046,0,58 45,1
4301,'F1',702,,26003,2046,0,58 45,1,100,,25994,2046,0,58 45,1,100,,26004,2046,0,58 45,1,100,,26011,2046,0,58 45,1,100,,26005,2046,0,58 45,1,100,,26009,2046,0,58 45,1,100,,25996,2046,0,58 45,1,100,,26008,2046,0,58 45,1,100,,26006,2046,0,58 45,1,100,,26010,2046,0,58 45,1,100,,26012,2046,0,58 45,1,100,,25995,2046,0,58 45,1,100,,25998,2046,0,58 45,1,100,,25999,2046,0,58 45,1,100,,26007,2046,0,58 45,1,100,,26000,2046,0,58 45,1,100,,25997,2046,0,58 45,1,100,,26001,2046,0,58 45,1,100,,26002,2046,0,58 45,1
4301,'F2',702,,26021,2046,0,58 45,1,100,,26015,2046,0,58 45,1,100,,26030,2046,0,58 45,1,100,,26026,2046,0,58 45,1,100,,26031,2046,0,58 45,1,100,,26013,2046,0,58 45,1,100,,26020,2046,0,58 45,1,100,,26023,2046,0,58 45,1,100,,26029,2046,0,58 45,1,100,,26014,2046,0,58 45,1,100,,26022,2046,0,58 45,1,100,,26018,2046,0,58 45,1,100,,26024,2046,0,58 45,1,100,,26016,2046,0,58 45,1,100,,26027,2046,0,58 45,1,100,,26019,2046,0,58 45,1,100,,26017,2046,0,58 45,1,100,,26025,2046,0,58 45,1,100,,26028,2046,0,58 45,1
4301,'SA',702,,26040,2046,0,58 45,1,100,,26034,2046,0,58 45,1,100,,26048,2046,0,58 45,1,100,,26045,2046,0,58 45,1,100,,26049,2046,0,58 45,1,100,,26032,2046,0,58 45,1,100,,26039,2046,0,58 45,1,100,,26042,2046,0,58 45,1,100,,8946,2046,0,58 45,1,100,,26033,2046,0,58 45,1,100,,26041,2046,0,58 45,1,100,,26037,2046,0,58 45,1,100,,26043,2046,0,58 45,1,100,,26035,2046,0,58 45,1,100,,26046,2046,0,58 45,1,100,,26038,2046,0,58 45,1,100,,26036,2046,0,58 45,1,100,,26044,2046,0,58 45,1,100,,26047,2046,0,58 45,1
4301,'SE',649,,26067,2046,0,58 45,1,73,,26070,2046,0,58 45,1,33,,26051,2046,0,58 45,1,62,,26061,2046,0,58 45,1,40,,26071,2046,0,58 45,1,65,,26050,2046,0,58 45,1,30,,26068,2046,0,58 45,1,100,,26072,2046,0,58 45,1,100,,26052,2046,0,58 45,1,100,,26060,2046,0,58 45,1,100,,26053,2046,0,58 45,1,96,,26069,2046,0,58 45,1,74,,26065,2046,0,58 45,1,27,,26054,2046,0,58 45,1,81,,26055,2046,0,58 45,1,26,,26057,2046,0,58 45,1,68,,26066,2046,0,58 45,1,31,,26063,2046,0,58 45,1,70,,26059,2046,0,58 45,1,30,,26062,2046,0,58 45,1,100,,26075,2046,0,58 45,1,100,,26056,2046,0,58 45,1,100,,26058,2046,0,58 45,1,99,,26073,2046,0,58 45,1,100,,26064,2046,0,58 45,1,100,,26074,2046,0,58 45,1
5000,'DI',718,,26819,2046,,,2,100,,26827,2046,,,2,100,,26825,2046,,,2,103,,26826,2046,,,2,94,,26828,2046,,,2,103,,26829,2046,,,2,103,,26830,2046,,,2,97,,26818,2046,,,2,96,,26831,2046,,,2,103,,26816,2046,,,2,106,,26815,2046,,,2,95,,26824,2046,,,2,100,,26817,2046,,,2,100,,26820,2046,,,2,100,,26822,2046,,,2,100,,26832,2046,,,2,100,,26821,2046,,,2,100,,26823,2046,,,2,100,,26833,2046,,,2
5000,'F1',618,,26846,2046,,,2,98,,26840,2046,,,2,102,,26851,2046,,,2,97,,26836,2046,,,2,103,,26837,2046,,,2,96,,26853,2046,,,2,102,,26852,2046,,,2,98,,26835,2046,,,2,99,,26847,2046,,,2,103,,26848,2046,,,2,103,,26849,2046,,,2,103,,26850,2046,,,2,96,,26838,2046,,,2,100,,26844,2046,,,2,100,,26841,2046,,,2,100,,26854,2046,,,2,97,,26842,2046,,,2,103,,26843,2046,,,2,101,,26845,2046,,,2,99,,26839,2046,,,2
5000,'F2',618,,26861,2046,,,2,98,,26860,2046,,,2,102,,26865,2046,,,2,97,,26869,2046,,,2,103,,26870,2046,,,2,96,,26874,2046,,,2,102,,26871,2046,,,2,98,,26855,2046,,,2,99,,26856,2046,,,2,103,,26857,2046,,,2,103,,26858,2046,,,2,103,,26859,2046,,,2,96,,26862,2046,,,2,100,,26873,2046,,,2,100,,26872,2046,,,2,100,,26863,2046,,,2,97,,26866,2046,,,2,103,,26867,2046,,,2,101,,26868,2046,,,2,99,,26864,2046,,,2
5000,'SA',618,,26881,2046,,,2,98,,26880,2046,,,2,102,,26885,2046,,,2,97,,26889,2046,,,2,103,,26890,2046,,,2,96,,26894,2046,,,2,102,,26891,2046,,,2,98,,26875,2046,,,2,99,,26876,2046,,,2,103,,26877,2046,,,2,103,,26878,2046,,,2,103,,26879,2046,,,2,96,,26882,2046,,,2,100,,26893,2046,,,2,100,,26892,2046,,,2,100,,26883,2046,,,2,97,,26886,2046,,,2,103,,26887,2046,,,2,101,,26888,2046,,,2,99,,26884,2046,,,2
5000,'SE',708,,26904,2046,,,2,30,,26900,2046,,,2,70,,26906,2046,,,2,33,,26909,2046,,,2,67,,26917,2046,,,2,100,,26920,2046,,,2,100,,26907,2046,,,2,100,,26902,2046,,,2,100,,26910,2046,,,2,99,,26895,2046,,,2,102,,26911,2046,,,2,28,,26921,2046,,,2,70,,26899,2046,,,2,34,,26922,2046,,,2,66,,26912,2046,,,2,30,,26896,2046,,,2,70,,26918,2046,,,2,31,,26901,2046,,,2,70,,26919,2046,,,2,100,,26897,2046,,,2,100,,26913,2046,,,2,100,,26898,2046,,,2,100,,26914,2046,,,2,100,,26915,2046,,,2,100,,26916,2046,,,2
6000,'SE',626,,27396,2025,,,1,83,,27397,2025,,,1,37,,27405,2025,,,1,87,,27398,2025,,,1,101,,27404,2025,,,1,100,,27394,2025,,,1,100,,27399,2025,,,1,100,,27395,2025,,,1,100,,27412,2025,,,1,100,,27407,2025,,,1,96,,27408,2025,,,1,70,,27403,2025,,,1,25,,27400,2025,,,1,24,,27401,2025,,,1,68,,27392,2025,,,1,28,,27409,2025,,,1,65,,27402,2025,,,1,30,,27406,2025,,,1,69,,27410,2025,,,1,99,,27391,2025,,,1,100,,27411,2025,,,1,100,,27389,2025,,,1,50,,27393,2025,,,1,100,,27390,2025,,,1
16000,'DI',656,,31058,2025,0,31 32,1,100,,31061,2025,0,31 32,1,100,,31064,2025,0,31 32,1,100,,31059,2025,0,31 32,1,100,,31065,2025,0,31 32,1,100,,31057,2025,0,31 32,1,100,,31066,2025,0,31 32,1,100,,31055,2025,0,31 32,1,100,,31053,2025,0,31 32,1,100,,31062,2025,0,31 32,1,100,,31060,2025,0,31 32,1,100,,31067,2025,0,31 32,1,100,,31063,2025,0,31 32,1,102,,31056,2025,0,31 32,1,98,,31054,2025,0,31 32,1
16000,'F1',656,,31075,2025,0,31 32,1,99,,31070,2025,0,31 32,1,101,,31069,2025,0,31 32,1,100,,31072,2025,0,31 32,1,100,,31076,2025,0,31 32,1,99,,16591,2025,0,31 32,1,101,,31073,2025,0,31 32,1,100,,31068,2025,0,31 32,1,100,,16592,2025,0,31 32,1,100,,31071,2025,0,31 32,1,100,,31074,2025,0,31 32,1,100,,16593,2025,0,31 32,1,100,,31077,2025,0,31 32,1,101,,16594,2025,0,31 32,1,99,,31078,2025,0,31 32,1
16000,'F2',656,,31083,2025,0,31 32,1,99,,31086,2025,0,31 32,1,101,,31082,2025,0,31 32,1,100,,31079,2025,0,31 32,1,100,,31085,2025,0,31 32,1,99,,31090,2025,0,31 32,1,101,,31080,2025,0,31 32,1,100,,31084,2025,0,31 32,1,100,,31091,2025,0,31 32,1,100,,31087,2025,0,31 32,1,100,,31081,2025,0,31 32,1,100,,31092,2025,0,31 32,1,100,,31088,2025,0,31 32,1,101,,31093,2025,0,31 32,1,99,,31089,2025,0,31 32,1
16000,'SA',656,,31098,2025,0,31 32,1,99,,16667,2025,0,31 32,1,101,,31097,2025,0,31 32,1,100,,31094,2025,0,31 32,1,100,,31100,2025,0,31 32,1,99,,31103,2025,0,31 32,1,101,,31095,2025,0,31 32,1,100,,31099,2025,0,31 32,1,100,,31104,2025,0,31 32,1,100,,16668,2025,0,31 32,1,100,,31096,2025,0,31 32,1,100,,31105,2025,0,31 32,1,100,,31101,2025,0,31 32,1,101,,31106,2025,0,31 32,1,99,,31102,2025,0,31 32,1
16000,'SE',610,,31113,2025,0,31 32,1,95,,31127,2025,0,31 32,1,38,,31112,2025,0,31 32,1,95,,31128,2025,0,31 32,1,89,,31124,2025,0,31 32,1,86,,31111,2025,0,31 32,1,100,,31114,2025,0,31 32,1,100,,31115,2025,0,31 32,1,100,,31110,2025,0,31 32,1,100,,31129,2025,0,31 32,1,98,,31108,2025,0,31 32,1,30,,31123,2025,0,31 32,1,68,,31116,2025,0,31 32,1,24,,31107,2025,0,31 32,1,70,,31117,2025,0,31 32,1,28,,31130,2025,0,31 32,1,70,,31109,2025,0,31 32,1,30,,31122,2025,0,31 32,1,70,,31118,2025,0,31 32,1,47,,31121,2025,0,31 32,1,100,,31119,2025,0,31 32,1,100,,31125,2025,0,31 32,1,92,,31120,2025,0,31 32,1,100,,31126,2025,0,31 32,1
54201,'SE',901,,32373,2112,,,2
