1901,'DI',539,,23684,689,,,2,100,,23685,689,,,2,100,,23686,689,,,2,100,,23687,689,,,2,104,,23688,689,,,2,100,,23689,689,,,2,100,,23690,689,,,2,100,,23691,689,,,2,100,,23692,689,,,2,100,,23693,689,,,2,100,,23694,689,,,2,100,,23695,689,,,2,100,,23696,689,,,2,100,,23697,689,,,2,100,,23698,689,,,2,100,,23699,689,,,2,100,,23700,689,,,2,100,,23701,689,,,2,100,,23702,689,,,2,100,,23703,689,,,2,100,,23683,689,,,2
1901,'F1',539,,23720,689,,,2,70,,23716,689,,,2,30,,23721,689,,,2,70,,23717,689,,,2,30,,23722,689,,,2,70,,23718,689,,,2,30,,23723,689,,,2,70,,23719,689,,,2,34,,23709,689,,,2,70,,23704,689,,,2,30,,23710,689,,,2,70,,23705,689,,,2,30,,23711,689,,,2,70,,23706,689,,,2,30,,23712,689,,,2,70,,23707,689,,,2,30,,23713,689,,,2,70,,23714,689,,,2,30,,5378,689,,,2,70,,23715,689,,,2,30,,5379,689,,,2,70,,23724,689,,,2,30,,5380,689,,,2,70,,23725,689,,,2,30,,5381,689,,,2,70,,23726,689,,,2,30,,5382,689,,,2,100,,23727,689,,,2,100,,23728,689,,,2,100,,23729,689,,,2,100,,23730,689,,,2,100,,23731,689,,,2,100,,23732,689,,,2,100,,23708,689,,,2
1901,'F2',539,,23733,689,,,2,70,,23743,689,,,2,30,,23734,689,,,2,70,,23744,689,,,2,30,,23735,689,,,2,70,,23745,689,,,2,30,,23736,689,,,2,70,,23746,689,,,2,34,,23737,689,,,2,70,,23747,689,,,2,30,,23738,689,,,2,70,,23748,689,,,2,30,,23739,689,,,2,70,,23760,689,,,2,30,,23740,689,,,2,70,,23761,689,,,2,30,,23741,689,,,2,70,,23762,689,,,2,30,,23742,689,,,2,70,,23763,689,,,2,30,,23749,689,,,2,70,,23764,689,,,2,30,,23750,689,,,2,70,,23765,689,,,2,30,,23751,689,,,2,70,,23766,689,,,2,30,,23752,689,,,2,100,,23753,689,,,2,100,,23754,689,,,2,100,,23755,689,,,2,100,,23756,689,,,2,100,,23757,689,,,2,100,,23758,689,,,2,100,,23759,689,,,2
1901,'SA',539,,23767,689,,,2,70,,23777,689,,,2,30,,23768,689,,,2,70,,23778,689,,,2,30,,23769,689,,,2,70,,23779,689,,,2,30,,23770,689,,,2,70,,23780,689,,,2,34,,23771,689,,,2,70,,23781,689,,,2,30,,23772,689,,,2,70,,23782,689,,,2,30,,23773,689,,,2,70,,23794,689,,,2,30,,23774,689,,,2,70,,23795,689,,,2,30,,23775,689,,,2,70,,23796,689,,,2,30,,23776,689,,,2,70,,23797,689,,,2,30,,23783,689,,,2,70,,23798,689,,,2,30,,23784,689,,,2,70,,23799,689,,,2,30,,23785,689,,,2,70,,23800,689,,,2,30,,23786,689,,,2,100,,23787,689,,,2,100,,23788,689,,,2,100,,23789,689,,,2,100,,23790,689,,,2,100,,23791,689,,,2,100,,23792,689,,,2,100,,23793,689,,,2
1901,'SE',457,,23815,689,,,2,75,,23814,689,,,2,70,,23838,689,,,2,23,,23830,689,,,2,14,,23836,689,,,2,15,,23831,689,,,2,52,,23834,689,,,2,12,,23835,689,,,2,12,,23828,689,,,2,12,,23833,689,,,2,15,,23827,689,,,2,61,,23832,689,,,2,20,,23829,689,,,2,72,,23801,689,,,2,34,,23823,689,,,2,70,,23802,689,,,2,30,,23803,689,,,2,70,,23816,689,,,2,30,,23804,689,,,2,70,,23817,689,,,2,30,,23820,689,,,2,70,,23818,689,,,2,30,,23821,689,,,2,72,,23819,689,,,2,30,,23839,689,,,2,70,,23837,689,,,2,29,,23846,689,,,2,61,,23845,689,,,2,23,,23843,689,,,2,20,,23842,689,,,2,61,,23844,689,,,2,18,,23840,689,,,2,17,,23841,689,,,2,61,,23847,689,,,2,19,,23809,689,,,2,24,,23822,689,,,2,65,,23805,689,,,2,30,,23824,689,,,2,70,,23806,689,,,2,30,,23825,689,,,2,70,,23807,689,,,2,29,,23826,689,,,2,70,,23808,689,,,2,30,,23810,689,,,2,100,,23811,689,,,2,100,,23812,689,,,2,100,,23813,689,,,2
5000,'DI',637,,26834,10986,,,2,102,,26819,10986,,,2,100,,26827,10986,,,2,100,,26825,10986,,,2,103,,26826,10986,,,2,94,,26828,10986,,,2,103,,26829,10986,,,2,103,,26830,10986,,,2,97,,26818,10986,,,2,96,,26831,10986,,,2,103,,26816,10986,,,2,106,,26815,10986,,,2,95,,26824,10986,,,2,100,,26817,10986,,,2,100,,26820,10986,,,2,100,,26822,10986,,,2,100,,26832,10986,,,2,100,,26821,10986,,,2,100,,26823,10986,,,2,100,,26833,10986,,,2
5000,'F1',639,,26846,10986,,,2,98,,26840,10986,,,2,102,,26851,10986,,,2,97,,26836,10986,,,2,103,,26837,10986,,,2,96,,26853,10986,,,2,102,,26852,10986,,,2,98,,26835,10986,,,2,99,,26847,10986,,,2,103,,26848,10986,,,2,103,,26849,10986,,,2,103,,26850,10986,,,2,96,,26838,10986,,,2,100,,26844,10986,,,2,100,,26841,10986,,,2,100,,26854,10986,,,2,97,,26842,10986,,,2,103,,26843,10986,,,2,101,,26845,10986,,,2,99,,26839,10986,,,2
5000,'F2',639,,26861,10986,,,2,98,,26860,10986,,,2,102,,26865,10986,,,2,97,,26869,10986,,,2,103,,26870,10986,,,2,96,,26874,10986,,,2,102,,26871,10986,,,2,98,,26855,10986,,,2,99,,26856,10986,,,2,103,,26857,10986,,,2,103,,26858,10986,,,2,103,,26859,10986,,,2,96,,26862,10986,,,2,100,,26873,10986,,,2,100,,26872,10986,,,2,100,,26863,10986,,,2,97,,26866,10986,,,2,103,,26867,10986,,,2,101,,26868,10986,,,2,99,,26864,10986,,,2
5000,'SA',639,,26881,10986,,,2,98,,26880,10986,,,2,102,,26885,10986,,,2,97,,26889,10986,,,2,103,,26890,10986,,,2,96,,26894,10986,,,2,102,,26891,10986,,,2,98,,26875,10986,,,2,99,,26876,10986,,,2,103,,26877,10986,,,2,103,,26878,10986,,,2,103,,26879,10986,,,2,96,,26882,10986,,,2,100,,26893,10986,,,2,100,,26892,10986,,,2,100,,26883,10986,,,2,97,,26886,10986,,,2,103,,26887,10986,,,2,101,,26888,10986,,,2,99,,26884,10986,,,2
5000,'SE',559,,26903,10986,,,2,70,,26905,10986,,,2,30,,26908,10986,,,2,70,,26904,10986,,,2,30,,26900,10986,,,2,70,,26906,10986,,,2,73,,26909,10986,,,2,27,,26917,10986,,,2,100,,26920,10986,,,2,100,,26907,10986,,,2,100,,26902,10986,,,2,100,,26910,10986,,,2,99,,26895,10986,,,2,102,,26911,10986,,,2,28,,26921,10986,,,2,73,,26899,10986,,,2,74,,26922,10986,,,2,26,,26912,10986,,,2,70,,26896,10986,,,2,30,,26918,10986,,,2,28,,26901,10986,,,2,70,,26919,10986,,,2,100,,26897,10986,,,2,100,,26913,10986,,,2,100,,26898,10986,,,2,100,,26914,10986,,,2,100,,26915,10986,,,2,100,,26916,10986,,,2
50500,'SE',1624,,32342,4021,,,2
53901,'SE',912,,32369,7517,,,2
