2501,'DI',1553,,24661,4250,,,2
2501,'F1',1553,,24662,4250,,,2
2501,'F2',1553,,24663,4250,,,2
2501,'SA',1553,,24664,4250,,,2
2501,'SE',630,,24670,2613,,,2,74,,24691,4250,,,2,30,,24690,4250,,,2,66,,24672,2613,,,2,30,,24674,2613,,,2,28,,24675,2613,,,2,545,,24686,2613,,,2,30,,24676,2613,,,2,70,,24677,2613,,,2,31,,24694,4250,,,2,19,,24693,4250,,,2,52,,24692,4250,,,2,9,,24667,2613,,,2,19,,24679,2613,,,2,14,,24678,2613,,,2,59,,24682,2613,,,2,28,,24684,2613,,,2,69,,24687,2613,,,2,29,,24683,2613,,,2,99,,24681,2613,,,2,385,,24689,2613,,,2,86,,24696,4250,,,2,13,,24688,2613,,,2,35,,24680,2613,,,2
12301,'DI',532,,30718,12041,,,1,100,,30728,12041,,,1,100,,30719,12041,,,1,100,,30729,12041,,,1,100,,30720,12041,,,1,100,,30730,12041,,,1,100,,30721,12041,,,1,100,,30731,12041,,,1,100,,30722,12041,,,1,100,,30732,12041,,,1,100,,30723,12041,,,1,100,,30733,12041,,,1,100,,30724,12041,,,1,100,,30734,12041,,,1,100,,30725,12041,,,1,100,,30735,12041,,,1,100,,30726,12041,,,1,100,,30736,12041,,,1,100,,30727,12041,,,1,100,,30737,12041,,,1
12301,'F1',533,,30746,12041,,,1,100,,30751,12041,,,1,100,,30747,12041,,,1,99,,30752,12041,,,1,100,,30740,12041,,,1,100,,30753,12041,,,1,100,,30741,12041,,,1,100,,30738,12041,,,1,100,,30742,12041,,,1,100,,30739,12041,,,1,100,,30743,12041,,,1,100,,30744,12041,,,1,100,,30754,12041,,,1,100,,30745,12041,,,1,100,,30755,12041,,,1,100,,30748,12041,,,1,100,,30756,12041,,,1,100,,30749,12041,,,1,100,,30757,12041,,,1,100,,30750,12041,,,1
12301,'F2',533,,30760,12041,,,1,100,,30758,12041,,,1,100,,30761,12041,,,1,99,,30759,12041,,,1,100,,30762,12041,,,1,100,,30770,12041,,,1,100,,30763,12041,,,1,100,,30771,12041,,,1,100,,30764,12041,,,1,100,,30772,12041,,,1,100,,30765,12041,,,1,100,,30773,12041,,,1,100,,30766,12041,,,1,100,,30774,12041,,,1,100,,30767,12041,,,1,100,,30775,12041,,,1,100,,30768,12041,,,1,100,,30776,12041,,,1,100,,30769,12041,,,1,100,,30777,12041,,,1
12301,'SA',533,,30780,12041,,,1,100,,30778,12041,,,1,100,,30781,12041,,,1,99,,30779,12041,,,1,100,,30782,12041,,,1,100,,30790,12041,,,1,100,,30783,12041,,,1,100,,30791,12041,,,1,100,,30784,12041,,,1,100,,30792,12041,,,1,100,,30785,12041,,,1,100,,30793,12041,,,1,100,,30786,12041,,,1,100,,30794,12041,,,1,100,,30787,12041,,,1,100,,30795,12041,,,1,100,,30788,12041,,,1,100,,30796,12041,,,1,100,,30789,12041,,,1,100,,30797,12041,,,1
12301,'SE',518,,30809,12041,,,1,30,,30819,12041,,,1,60,,30802,12041,,,1,22,,30801,12041,,,1,15,,30803,12041,,,1,66,,30804,12041,,,1,30,,30798,12041,,,1,69,,30799,12041,,,1,30,,30800,12041,,,1,69,,30820,12041,,,1,30,,30823,12041,,,1,96,,30810,12041,,,1,100,,30806,12041,,,1,100,,30816,12041,,,1,100,,30821,12041,,,1,100,,30826,12041,,,1,11,,30814,12041,,,1,65,,30827,12041,,,1,20,,30829,12041,,,1,15,,30815,12041,,,1,59,,30813,12041,,,1,6,,30824,12041,,,1,16,,30830,12041,,,1,10,,30832,12041,,,1,6,,30818,12041,,,1,64,,30817,12041,,,1,29,,30828,12041,,,1,69,,30833,12041,,,1,31,,30808,12041,,,1,66,,30805,12041,,,1,34,,30807,12041,,,1,68,,30825,12041,,,1,30,,30822,12041,,,1,98,,30831,12041,,,1,99,,30811,12041,,,1,100,,30834,12041,,,1,119,,30812,12041,,,1
