3800,'DI',659,,25417,6332,,,1,100,,25423,6332,,,1,100,,25421,6332,,,1,141,,25415,6332,,,1,56,,25424,6332,,,1,100,,25412,6332,,,1,103,,25428,6332,,,1,100,,25416,6332,,,1,100,,25422,6332,,,1,141,,25425,6332,,,1,104,,25413,6332,,,1,101,,25418,6332,,,1,97,,25419,6332,,,1,100,,25414,6332,,,1,99,,25426,6332,,,1,101,,25420,6332,,,1,100,,25427,6332,,,1,100,,25429,6332,,,1
3800,'F1',559,,25446,6332,,,1,100,,25447,6332,,,1,100,,25430,6332,,,1,100,,25448,6332,,,1,100,,25432,6332,,,1,100,,25434,6332,,,1,100,,25433,6332,,,1,144,,25435,6332,,,1,100,,25439,6332,,,1,100,,25436,6332,,,1,102,,25440,6332,,,1,100,,25437,6332,,,1,100,,25441,6332,,,1,97,,25438,6332,,,1,100,,25431,6332,,,1,99,,25442,6332,,,1,100,,25444,6332,,,1,101,,25443,6332,,,1,99,,25445,6332,,,1
3800,'F2',559,,25454,6332,,,1,100,,25451,6332,,,1,100,,25461,6332,,,1,100,,25455,6332,,,1,100,,25462,6332,,,1,100,,25456,6332,,,1,100,,25463,6332,,,1,144,,25457,6332,,,1,100,,25464,6332,,,1,100,,25458,6332,,,1,102,,25452,6332,,,1,100,,25459,6332,,,1,100,,25453,6332,,,1,97,,25460,6332,,,1,100,,25449,6332,,,1,99,,25465,6332,,,1,100,,25450,6332,,,1,101,,25466,6332,,,1,99,,25467,6332,,,1
3800,'SA',559,,25473,6332,,,1,100,,25470,6332,,,1,100,,25480,6332,,,1,100,,25474,6332,,,1,100,,25481,6332,,,1,100,,25475,6332,,,1,100,,25482,6332,,,1,144,,25476,6332,,,1,100,,25483,6332,,,1,100,,25477,6332,,,1,102,,25471,6332,,,1,100,,25478,6332,,,1,100,,25472,6332,,,1,97,,25479,6332,,,1,100,,25468,6332,,,1,99,,25484,6332,,,1,100,,25469,6332,,,1,101,,25485,6332,,,1,99,,25486,6332,,,1
3800,'SE',614,,25508,6332,,,1,21,,25494,6332,,,1,18,,25503,6332,,,1,58,,25495,6332,,,1,24,,25505,6332,,,1,12,,25496,6332,,,1,60,,25515,6332,,,1,24,,25506,6332,,,1,69,,25488,6332,,,1,18,,25504,6332,,,1,17,,25510,6332,,,1,70,,25491,6332,,,1,44,,25511,6332,,,1,100,,25514,6332,,,1,100,,25498,6332,,,1,101,,25516,6332,,,1,94,,25499,6332,,,1,67,,25500,6332,,,1,33,,25487,6332,,,1,70,,25509,6332,,,1,30,,25512,6332,,,1,72,,25489,6332,,,1,26,,25497,6332,,,1,65,,25513,6332,,,1,94,,25493,6332,,,1,100,,25502,6332,,,1,100,,25507,6332,,,1,99,,25501,6332,,,1,100,,25490,6332,,,1,100,,25492,6332,,,1
52101,'SE',914,,32347,3275,,,2
53201,'SE',910,,32356,5203,,,2,1,,32357,5203,,,2
53601,'SE',915,,32365,2283,,,2
65600,'SE',1616,,32436,4614,,,2,1,,32435,4614,,,2
65601,'SE',850,,32438,2267,,,2,1,,32437,2267,,,2
