1700,'DI',624,,23295,2185,,,1,100,,23280,2185,,,1,30,,23286,2185,,,1,70,,23293,2185,,,1,30,,23306,2185,,,1,70,,23296,2185,,,1,30,,23301,2185,,,1,70,,23281,2185,,,1,30,,23303,2185,,,1,70,,23291,2185,,,1,30,,23299,2185,,,1,70,,23307,2185,,,1,30,,23287,2185,,,1,70,,23302,2185,,,1,30,,23292,2185,,,1,70,,23290,2185,,,1,30,,23305,2185,,,1,69,,23297,2185,,,1,30,,23282,2185,,,1,71,,23289,2185,,,1,30,,23283,2185,,,1,70,,23278,2185,,,1,31,,23284,2185,,,1,70,,23277,2185,,,1,99,,23304,2185,,,1,100,,23298,2185,,,1,100,,23285,2185,,,1,100,,23300,2185,,,1,100,,23288,2185,,,1,100,,23279,2185,,,1,100,,23294,2185,,,1
1700,'F1',624,,23315,2185,,,1,100,,23328,2185,,,1,30,,23318,2185,,,1,70,,23331,2185,,,1,30,,23335,2185,,,1,70,,23326,2185,,,1,30,,23322,2185,,,1,70,,23336,2185,,,1,30,,23316,2185,,,1,70,,23329,2185,,,1,30,,23325,2185,,,1,70,,23337,2185,,,1,30,,23319,2185,,,1,70,,23330,2185,,,1,30,,23311,2185,,,1,70,,23332,2185,,,1,30,,23317,2185,,,1,70,,23338,2185,,,1,30,,23320,2185,,,1,69,,23308,2185,,,1,30,,23323,2185,,,1,71,,23309,2185,,,1,30,,23324,2185,,,1,71,,23310,2185,,,1,99,,23321,2185,,,1,100,,23312,2185,,,1,100,,23333,2185,,,1,100,,23313,2185,,,1,100,,23334,2185,,,1,100,,23314,2185,,,1,100,,23327,2185,,,1
1700,'F2',624,,23359,2185,,,1,100,,23368,2185,,,1,30,,23342,2185,,,1,70,,23354,2185,,,1,30,,23365,2185,,,1,70,,23352,2185,,,1,30,,23341,2185,,,1,70,,23360,2185,,,1,30,,23343,2185,,,1,70,,23347,2185,,,1,30,,23339,2185,,,1,70,,23349,2185,,,1,30,,23355,2185,,,1,70,,23361,2185,,,1,30,,23366,2185,,,1,70,,23348,2185,,,1,30,,23367,2185,,,1,70,,23356,2185,,,1,30,,23363,2185,,,1,69,,23362,2185,,,1,30,,23344,2185,,,1,71,,23346,2185,,,1,30,,23345,2185,,,1,71,,23350,2185,,,1,99,,23364,2185,,,1,100,,23357,2185,,,1,100,,23353,2185,,,1,100,,23351,2185,,,1,100,,23340,2185,,,1,100,,23369,2185,,,1,100,,23358,2185,,,1
1700,'SA',624,,23388,2185,,,1,100,,23397,2185,,,1,30,,23373,2185,,,1,70,,4923,2185,,,1,30,,23394,2185,,,1,70,,23383,2185,,,1,30,,23372,2185,,,1,70,,23389,2185,,,1,30,,23374,2185,,,1,70,,23378,2185,,,1,30,,23370,2185,,,1,70,,23380,2185,,,1,30,,23385,2185,,,1,70,,23390,2185,,,1,30,,23395,2185,,,1,70,,23379,2185,,,1,30,,23396,2185,,,1,70,,23386,2185,,,1,30,,23392,2185,,,1,69,,23391,2185,,,1,30,,23375,2185,,,1,71,,23377,2185,,,1,30,,23376,2185,,,1,71,,23381,2185,,,1,99,,23393,2185,,,1,100,,4934,2185,,,1,100,,23384,2185,,,1,100,,23382,2185,,,1,100,,23371,2185,,,1,100,,23398,2185,,,1,100,,23387,2185,,,1
2500,'DI',656,,24631,2261,,,2
2500,'F1',656,,24632,2261,,,2
2500,'F2',656,,24633,2261,,,2
2500,'SA',656,,24634,2261,,,2
2500,'SE',518,,24636,2261,,,2,30,,24637,2261,,,2,69,,24656,2261,,,2,19,,24655,2261,,,2,21,,24651,2261,,,2,59,,24638,2261,,,2,29,,24640,2261,,,2,68,,24641,2261,,,2,36,,24639,2261,,,2,70,,24635,2261,,,2,430,,24642,2261,,,2,70,,24643,2261,,,2,29,,24659,2261,,,2,53,,24658,2261,,,2,18,,24657,2261,,,2,30,,24644,2261,,,2,72,,24647,2261,,,2,29,,24649,2261,,,2,70,,24652,2261,,,2,31,,24648,2261,,,2,68,,24650,2261,,,2,30,,24646,2261,,,2,375,,24654,2261,,,2,84,,24660,2261,,,2,15,,24653,2261,,,2,85,,24645,2261,,,2
7600,'SE',600,,28987,2185,,,1,21,,28983,2185,,,1,20,,29015,2185,,,1,63,,28984,2185,,,1,17,,29016,2185,,,1,20,,29001,2185,,,1,63,,28981,2185,,,1,27,,29017,2185,,,1,72,,28977,2185,,,1,30,,28988,2185,,,1,70,,28980,2185,,,1,30,,29021,2185,,,1,70,,28978,2185,,,1,30,,28982,2185,,,1,70,,28995,2185,,,1,30,,28997,2185,,,1,70,,28985,2185,,,1,30,,29006,2185,,,1,70,,29022,2185,,,1,34,,29007,2185,,,1,66,,28996,2185,,,1,32,,28992,2185,,,1,71,,29008,2185,,,1,24,,28986,2185,,,1,18,,28994,2185,,,1,60,,29024,2185,,,1,21,,29023,2185,,,1,18,,28999,2185,,,1,60,,29018,2185,,,1,28,,29014,2185,,,1,70,,28998,2185,,,1,30,,28990,2185,,,1,70,,29002,2185,,,1,30,,29009,2185,,,1,70,,29003,2185,,,1,30,,29010,2185,,,1,69,,29004,2185,,,1,30,,29011,2185,,,1,70,,28979,2185,,,1,30,,29012,2185,,,1,70,,29019,2185,,,1,30,,29013,2185,,,1,70,,29020,2185,,,1
