1000,'DI',640,,22129,6126,,,1,70,,22156,6126,,,1,30,,22154,6126,,,1,70,,22147,6126,,,1,38,,22130,6126,,,1,70,,22148,6126,,,1,30,,22131,6126,,,1,70,,22149,6126,,,1,30,,22132,6126,,,1,70,,22150,6126,,,1,30,,22133,6126,,,1,70,,22151,6126,,,1,30,,22134,6126,,,1,70,,22152,6126,,,1,30,,22135,6126,,,1,70,,22153,6126,,,1,30,,22136,6126,,,1,70,,22157,6126,,,1,30,,22137,6126,,,1,70,,22158,6126,,,1,30,,22138,6126,,,1,70,,22159,6126,,,1,30,,22139,6126,,,1,70,,22160,6126,,,1,41,,22140,6126,,,1,100,,22141,6126,,,1,100,,22142,6126,,,1,100,,22143,6126,,,1,100,,22144,6126,,,1,100,,22145,6126,,,1,100,,22146,6126,,,1
1000,'F1',610,,22174,6126,,,1,30,,22172,6126,,,1,70,,22161,6126,,,1,30,,22176,6126,,,1,70,,22175,6126,,,1,38,,22162,6126,,,1,70,,22189,6126,,,1,30,,22163,6126,,,1,70,,22190,6126,,,1,30,,22164,6126,,,1,70,,22191,6126,,,1,30,,22165,6126,,,1,71,,22192,6126,,,1,30,,22166,6126,,,1,70,,22193,6126,,,1,30,,22177,6126,,,1,70,,22168,6126,,,1,30,,22178,6126,,,1,70,,22169,6126,,,1,30,,22179,6126,,,1,70,,22170,6126,,,1,29,,22180,6126,,,1,71,,22171,6126,,,1,30,,22181,6126,,,1,70,,22167,6126,,,1,81,,22182,6126,,,1,100,,22183,6126,,,1,100,,22184,6126,,,1,100,,22185,6126,,,1,100,,22186,6126,,,1,100,,22187,6126,,,1,100,,22188,6126,,,1
1000,'F2',610,,22205,6126,,,1,30,,22200,6126,,,1,70,,22194,6126,,,1,30,,22207,6126,,,1,70,,22206,6126,,,1,38,,22216,6126,,,1,70,,22215,6126,,,1,30,,22217,6126,,,1,70,,22223,6126,,,1,30,,22218,6126,,,1,70,,22224,6126,,,1,30,,22208,6126,,,1,71,,22225,6126,,,1,30,,22209,6126,,,1,70,,22226,6126,,,1,30,,22210,6126,,,1,70,,22195,6126,,,1,30,,22211,6126,,,1,70,,22196,6126,,,1,30,,22212,6126,,,1,70,,22197,6126,,,1,29,,22213,6126,,,1,71,,22198,6126,,,1,30,,22214,6126,,,1,70,,22199,6126,,,1,81,,22219,6126,,,1,100,,22220,6126,,,1,100,,22221,6126,,,1,100,,22222,6126,,,1,100,,22201,6126,,,1,100,,22202,6126,,,1,100,,22203,6126,,,1
1000,'SA',610,,22238,6126,,,1,30,,22233,6126,,,1,70,,22227,6126,,,1,30,,22240,6126,,,1,70,,22239,6126,,,1,38,,22249,6126,,,1,70,,22248,6126,,,1,30,,22250,6126,,,1,70,,22256,6126,,,1,30,,22251,6126,,,1,70,,22257,6126,,,1,30,,22241,6126,,,1,71,,22258,6126,,,1,30,,22242,6126,,,1,70,,22259,6126,,,1,30,,22243,6126,,,1,70,,22228,6126,,,1,30,,22244,6126,,,1,70,,22229,6126,,,1,30,,22245,6126,,,1,70,,22230,6126,,,1,29,,22246,6126,,,1,71,,22231,6126,,,1,30,,22247,6126,,,1,70,,22232,6126,,,1,81,,22252,6126,,,1,100,,22253,6126,,,1,100,,22254,6126,,,1,100,,22255,6126,,,1,100,,22234,6126,,,1,100,,22235,6126,,,1,100,,22236,6126,,,1
1700,'DI',632,,23295,6015,,,1,100,,23280,6015,,,1,70,,23286,6015,,,1,30,,23293,6015,,,1,70,,23306,6015,,,1,30,,23296,6015,,,1,70,,23301,6015,,,1,30,,23281,6015,,,1,70,,23303,6015,,,1,30,,23291,6015,,,1,70,,23299,6015,,,1,30,,23307,6015,,,1,70,,23287,6015,,,1,30,,23302,6015,,,1,70,,23292,6015,,,1,30,,23290,6015,,,1,70,,23305,6015,,,1,29,,23297,6015,,,1,70,,23282,6015,,,1,31,,23289,6015,,,1,70,,23283,6015,,,1,30,,23278,6015,,,1,71,,23284,6015,,,1,30,,23277,6015,,,1,99,,23304,6015,,,1,100,,23298,6015,,,1,100,,23285,6015,,,1,100,,23300,6015,,,1,100,,23288,6015,,,1,100,,23279,6015,,,1,100,,23294,6015,,,1
1700,'F1',632,,23315,6015,,,1,100,,23328,6015,,,1,70,,23318,6015,,,1,30,,23331,6015,,,1,70,,23335,6015,,,1,30,,23326,6015,,,1,70,,23322,6015,,,1,30,,23336,6015,,,1,70,,23316,6015,,,1,30,,23329,6015,,,1,70,,23325,6015,,,1,30,,23337,6015,,,1,70,,23319,6015,,,1,30,,23330,6015,,,1,70,,23311,6015,,,1,30,,23332,6015,,,1,70,,23317,6015,,,1,30,,23338,6015,,,1,70,,23320,6015,,,1,29,,23308,6015,,,1,70,,23323,6015,,,1,31,,23309,6015,,,1,70,,23324,6015,,,1,31,,23310,6015,,,1,99,,23321,6015,,,1,100,,23312,6015,,,1,100,,23333,6015,,,1,100,,23313,6015,,,1,100,,23334,6015,,,1,100,,23314,6015,,,1,100,,23327,6015,,,1
1700,'F2',632,,23359,6015,,,1,100,,23368,6015,,,1,70,,23342,6015,,,1,30,,23354,6015,,,1,70,,23365,6015,,,1,30,,23352,6015,,,1,70,,23341,6015,,,1,30,,23360,6015,,,1,70,,23343,6015,,,1,30,,23347,6015,,,1,70,,23339,6015,,,1,30,,23349,6015,,,1,70,,23355,6015,,,1,30,,23361,6015,,,1,70,,23366,6015,,,1,30,,23348,6015,,,1,70,,23367,6015,,,1,30,,23356,6015,,,1,70,,23363,6015,,,1,29,,23362,6015,,,1,70,,23344,6015,,,1,31,,23346,6015,,,1,70,,23345,6015,,,1,31,,23350,6015,,,1,99,,23364,6015,,,1,100,,23357,6015,,,1,100,,23353,6015,,,1,100,,23351,6015,,,1,100,,23340,6015,,,1,100,,23369,6015,,,1,100,,23358,6015,,,1
1700,'SA',632,,23388,6015,,,1,100,,23397,6015,,,1,70,,23373,6015,,,1,30,,4923,6015,,,1,70,,23394,6015,,,1,30,,23383,6015,,,1,70,,23372,6015,,,1,30,,23389,6015,,,1,70,,23374,6015,,,1,30,,23378,6015,,,1,70,,23370,6015,,,1,30,,23380,6015,,,1,70,,23385,6015,,,1,30,,23390,6015,,,1,70,,23395,6015,,,1,30,,23379,6015,,,1,70,,23396,6015,,,1,30,,23386,6015,,,1,70,,23392,6015,,,1,29,,23391,6015,,,1,70,,23375,6015,,,1,31,,23377,6015,,,1,70,,23376,6015,,,1,31,,23381,6015,,,1,99,,23393,6015,,,1,100,,4934,6015,,,1,100,,23384,6015,,,1,100,,23382,6015,,,1,100,,23371,6015,,,1,100,,23398,6015,,,1,100,,23387,6015,,,1
7600,'SE',610,,28987,6480,,,1,21,,28983,6480,,,1,20,,29015,6480,,,1,64,,28984,6480,,,1,17,,29016,6480,,,1,21,,29001,6480,,,1,63,,28981,6480,,,1,27,,29017,6480,,,1,70,,28977,6480,,,1,30,,28988,6480,,,1,70,,28980,6480,,,1,30,,29021,6480,,,1,70,,28978,6480,,,1,30,,28982,6480,,,1,70,,28995,6480,,,1,30,,28997,6480,,,1,70,,28985,6480,,,1,30,,29006,6480,,,1,71,,29022,6480,,,1,34,,29007,6480,,,1,66,,28996,6480,,,1,32,,28992,6480,,,1,71,,29008,6480,,,1,24,,28986,6480,,,1,18,,28994,6480,,,1,60,,29024,6480,,,1,21,,29023,6480,,,1,18,,28999,6480,,,1,60,,29018,6480,,,1,27,,29014,6480,,,1,70,,28998,6480,,,1,30,,28990,6480,,,1,70,,29002,6480,,,1,30,,29009,6480,,,1,70,,29003,6480,,,1,30,,29010,6480,,,1,69,,29004,6480,,,1,30,,29011,6480,,,1,70,,28979,6480,,,1,30,,29012,6480,,,1,70,,29019,6480,,,1,30,,29013,6480,,,1,70,,29020,6480,,,1
56501,'SE',832,,32388,1866,,,2
