8800,'DI',746,,30028,17468,,,1,70,,30033,17468,,,1,30,,30039,17468,,,1,70,,30048,17468,,,1,30,,30029,17468,,,1,70,,30034,17468,,,1,32,,30040,17468,,,1,70,,30049,17468,,,1,30,,30030,17468,,,1,70,,30035,17468,,,1,31,,30041,17468,,,1,70,,30050,17468,,,1,30,,30031,17468,,,1,70,,30036,17468,,,1,30,,30042,17468,,,1,70,,15002,17468,,,1,30,,30043,17468,,,1,70,,30037,17468,,,1,30,,30051,17468,,,1,70,,15003,17468,,,1,30,,30044,17468,,,1,67,,30038,17468,,,1,30,,30052,17468,,,1,100,,30045,17468,,,1,100,,30053,17468,,,1,100,,30046,17468,,,1,100,,30054,17468,,,1,96,,30047,17468,,,1,100,,30027,17468,,,1,100,,30032,17468,,,1
8800,'F1',745,,30061,17468,,,1,70,,15061,17468,,,1,31,,30074,17468,,,1,70,,30065,17468,,,1,31,,30062,17468,,,1,70,,15062,17468,,,1,32,,30075,17468,,,1,70,,30066,17468,,,1,30,,15046,17468,,,1,70,,30070,17468,,,1,31,,30076,17468,,,1,70,,30067,17468,,,1,30,,15047,17468,,,1,70,,30071,17468,,,1,30,,30077,17468,,,1,70,,30057,17468,,,1,30,,15048,17468,,,1,70,,30072,17468,,,1,30,,30078,17468,,,1,69,,30058,17468,,,1,31,,30079,17468,,,1,69,,30073,17468,,,1,31,,30068,17468,,,1,69,,30059,17468,,,1,30,,30063,17468,,,1,100,,30069,17468,,,1,98,,30064,17468,,,1,97,,30056,17468,,,1,100,,30055,17468,,,1,100,,30060,17468,,,1,100,,15032,17468,,,1
8800,'F2',745,,30083,17468,,,1,70,,30108,17468,,,1,31,,30104,17468,,,1,70,,30095,17468,,,1,31,,30088,17468,,,1,70,,30109,17468,,,1,32,,30105,17468,,,1,70,,30096,17468,,,1,30,,30089,17468,,,1,70,,30100,17468,,,1,31,,30085,17468,,,1,70,,30097,17468,,,1,30,,30090,17468,,,1,70,,30101,17468,,,1,30,,30086,17468,,,1,70,,30080,17468,,,1,30,,30091,17468,,,1,70,,30102,17468,,,1,30,,30087,17468,,,1,69,,30081,17468,,,1,31,,30110,17468,,,1,69,,30103,17468,,,1,31,,30098,17468,,,1,69,,30082,17468,,,1,30,,30092,17468,,,1,100,,30099,17468,,,1,98,,30093,17468,,,1,97,,30107,17468,,,1,100,,30094,17468,,,1,100,,30106,17468,,,1,100,,30084,17468,,,1
8800,'SA',745,,30114,17468,,,1,70,,30138,17468,,,1,31,,30135,17468,,,1,70,,30126,17468,,,1,31,,30119,17468,,,1,70,,30139,17468,,,1,32,,30136,17468,,,1,70,,30127,17468,,,1,30,,30120,17468,,,1,70,,30131,17468,,,1,31,,30116,17468,,,1,70,,30128,17468,,,1,30,,30121,17468,,,1,70,,30132,17468,,,1,30,,30117,17468,,,1,70,,30111,17468,,,1,30,,30122,17468,,,1,70,,30133,17468,,,1,30,,30118,17468,,,1,69,,30112,17468,,,1,31,,30140,17468,,,1,69,,30134,17468,,,1,31,,30129,17468,,,1,69,,30113,17468,,,1,30,,30123,17468,,,1,100,,30130,17468,,,1,98,,30124,17468,,,1,97,,15203,17468,,,1,100,,30125,17468,,,1,100,,30137,17468,,,1,100,,30115,17468,,,1
8800,'SE',710,,30147,17468,,,1,41,,30151,17468,,,1,2,,30155,17468,,,1,59,,30183,17468,,,1,15,,30184,17468,,,1,14,,15219,17468,,,1,15,,30185,17468,,,1,55,,30153,17468,,,1,12,,30154,17468,,,1,29,,30173,17468,,,1,70,,30152,17468,,,1,30,,30150,17468,,,1,70,,30171,17468,,,1,33,,30174,17468,,,1,70,,30143,17468,,,1,30,,30141,17468,,,1,70,,30175,17468,,,1,30,,30144,17468,,,1,70,,30172,17468,,,1,75,,30187,17468,,,1,4,,30164,17468,,,1,30,,30176,17468,,,1,17,,30178,17468,,,1,56,,30180,17468,,,1,15,,30145,17468,,,1,15,,30156,17468,,,1,15,,30186,17468,,,1,55,,30161,17468,,,1,13,,30165,17468,,,1,9,,30142,17468,,,1,12,,30166,17468,,,1,12,,30158,17468,,,1,51,,30163,17468,,,1,11,,30149,17468,,,1,11,,30181,17468,,,1,12,,30146,17468,,,1,12,,30157,17468,,,1,7,,30179,17468,,,1,59,,30162,17468,,,1,15,,15235,17468,,,1,22,,30159,17468,,,1,68,,30182,17468,,,1,30,,30177,17468,,,1,68,,15236,17468,,,1,30,,30160,17468,,,1,70,,30148,17468,,,1,30,,30169,17468,,,1,100,,30167,17468,,,1,99,,30170,17468,,,1,94,,30168,17468,,,1
13200,'DI',858,,30858,12767,,,2,100,,30863,12767,,,2,100,,30859,12767,,,2,100,,30861,12767,,,2,100,,30864,12767,,,2,100,,30867,12767,,,2,100,,30865,12767,,,2,145,,30869,12767,,,2,55,,30868,12767,,,2,100,,30866,12767,,,2,101,,30870,12767,,,2,98,,30871,12767,,,2,100,,30862,12767,,,2,100,,30857,12767,,,2,100,,30872,12767,,,2,100,,30874,12767,,,2,100,,30860,12767,,,2,100,,30873,12767,,,2
13200,'F1',758,,30889,12767,,,2,100,,30878,12767,,,2,100,,30890,12767,,,2,143,,30875,12767,,,2,57,,30879,12767,,,2,144,,30891,12767,,,2,56,,30888,12767,,,2,144,,30892,12767,,,2,56,,30880,12767,,,2,100,,30876,12767,,,2,100,,30877,12767,,,2,101,,30881,12767,,,2,98,,30882,12767,,,2,100,,16308,12767,,,2,100,,30886,12767,,,2,100,,30883,12767,,,2,100,,30885,12767,,,2,100,,30887,12767,,,2,100,,30884,12767,,,2
13200,'F2',758,,30911,12767,,,2,100,,30898,12767,,,2,100,,30893,12767,,,2,143,,30894,12767,,,2,57,,30899,12767,,,2,144,,30895,12767,,,2,56,,30910,12767,,,2,144,,30900,12767,,,2,56,,30902,12767,,,2,100,,30896,12767,,,2,100,,30901,12767,,,2,101,,30903,12767,,,2,98,,30905,12767,,,2,100,,30904,12767,,,2,100,,30907,12767,,,2,100,,30906,12767,,,2,100,,30909,12767,,,2,100,,30908,12767,,,2,100,,30897,12767,,,2
13200,'SA',758,,30930,12767,,,2,100,,30917,12767,,,2,100,,30912,12767,,,2,143,,30913,12767,,,2,57,,30918,12767,,,2,144,,30914,12767,,,2,56,,30929,12767,,,2,144,,30919,12767,,,2,56,,30921,12767,,,2,100,,30915,12767,,,2,100,,30920,12767,,,2,101,,30922,12767,,,2,98,,30924,12767,,,2,100,,30923,12767,,,2,100,,30926,12767,,,2,100,,30925,12767,,,2,100,,30928,12767,,,2,100,,30927,12767,,,2,100,,30916,12767,,,2
13200,'SE',708,,30940,12767,,,2,21,,30943,12767,,,2,11,,30932,12767,,,2,9,,30942,12767,,,2,4,,30936,12767,,,2,62,,30937,12767,,,2,18,,30941,12767,,,2,20,,30944,12767,,,2,79,,16412,12767,,,2,97,,30954,12767,,,2,99,,16418,12767,,,2,96,,30953,12767,,,2,100,,30945,12767,,,2,108,,30946,12767,,,2,97,,30938,12767,,,2,24,,30947,12767,,,2,60,,30950,12767,,,2,20,,30934,12767,,,2,23,,30939,12767,,,2,59,,30933,12767,,,2,20,,30948,12767,,,2,19,,30931,12767,,,2,61,,30935,12767,,,2,19,,30952,12767,,,2,18,,30949,12767,,,2,59,,30951,12767,,,2
50500,'SE',1640,,32342,10588,,,2
