600,'DI',631,,21437,2378,,,1,70,,21429,2378,,,1,30,,21425,2378,,,1,71,,21436,2378,,,1,30,,21422,2378,,,1,70,,21414,2378,,,1,31,,21426,2378,,,1,70,,21433,2378,,,1,30,,21410,2378,,,1,69,,1973,2378,,,1,31,,21418,2378,,,1,69,,21411,2378,,,1,30,,21415,2378,,,1,74,,21421,2378,,,1,29,,21412,2378,,,1,70,,21423,2378,,,1,27,,21419,2378,,,1,73,,21416,2378,,,1,30,,21427,2378,,,1,69,,21438,2378,,,1,31,,21430,2378,,,1,67,,21428,2378,,,1,30,,21439,2378,,,1,70,,21431,2378,,,1,29,,21413,2378,,,1,71,,21420,2378,,,1,104,,21434,2378,,,1,100,,21424,2378,,,1,100,,21417,2378,,,1,100,,21409,2378,,,1,100,,21432,2378,,,1,100,,21435,2378,,,1
600,'F1',631,,21465,2378,,,1,71,,21457,2378,,,1,29,,21454,2378,,,1,70,,21443,2378,,,1,34,,21455,2378,,,1,66,,21458,2378,,,1,35,,21440,2378,,,1,23,,2011,2378,,,1,72,,21467,2378,,,1,69,,21460,2378,,,1,30,,21468,2378,,,1,77,,21461,2378,,,1,30,,21466,2378,,,1,67,,21441,2378,,,1,31,,21462,2378,,,1,67,,21447,2378,,,1,30,,21442,2378,,,1,70,,21444,2378,,,1,30,,21448,2378,,,1,70,,21463,2378,,,1,30,,21445,2378,,,1,70,,21449,2378,,,1,30,,21464,2378,,,1,70,,21446,2378,,,1,30,,21451,2378,,,1,70,,21456,2378,,,1,105,,21469,2378,,,1,100,,21450,2378,,,1,100,,21452,2378,,,1,100,,21470,2378,,,1,100,,21459,2378,,,1,100,,21453,2378,,,1
600,'F2',631,,21502,2378,,,1,71,,21491,2378,,,1,29,,21487,2378,,,1,70,,21484,2378,,,1,34,,21488,2378,,,1,66,,21492,2378,,,1,35,,21501,2378,,,1,23,,21489,2378,,,1,72,,21498,2378,,,1,69,,21485,2378,,,1,30,,21478,2378,,,1,77,,21486,2378,,,1,30,,21479,2378,,,1,67,,21471,2378,,,1,31,,21493,2378,,,1,67,,21480,2378,,,1,30,,21472,2378,,,1,70,,21494,2378,,,1,30,,21481,2378,,,1,70,,21473,2378,,,1,30,,21495,2378,,,1,70,,21482,2378,,,1,30,,21474,2378,,,1,70,,21496,2378,,,1,30,,21483,2378,,,1,70,,21499,2378,,,1,105,,21490,2378,,,1,100,,21475,2378,,,1,100,,21477,2378,,,1,100,,21500,2378,,,1,100,,21497,2378,,,1,100,,21476,2378,,,1
600,'SA',631,,21534,2378,,,1,71,,21523,2378,,,1,29,,21519,2378,,,1,70,,21516,2378,,,1,34,,21520,2378,,,1,66,,21524,2378,,,1,35,,21533,2378,,,1,23,,21521,2378,,,1,72,,21530,2378,,,1,69,,21517,2378,,,1,30,,21510,2378,,,1,77,,21518,2378,,,1,30,,21511,2378,,,1,67,,21503,2378,,,1,31,,21525,2378,,,1,67,,21512,2378,,,1,30,,21504,2378,,,1,70,,21526,2378,,,1,30,,21513,2378,,,1,70,,21505,2378,,,1,30,,21527,2378,,,1,70,,21514,2378,,,1,30,,21506,2378,,,1,70,,21528,2378,,,1,30,,21515,2378,,,1,70,,21531,2378,,,1,105,,21522,2378,,,1,100,,21507,2378,,,1,100,,21509,2378,,,1,100,,21532,2378,,,1,100,,21529,2378,,,1,100,,21508,2378,,,1
600,'SE',543,,21553,2378,,,1,70,,21536,2378,,,1,30,,21554,2378,,,1,70,,21560,2378,,,1,31,,21556,2378,,,1,67,,21567,2378,,,1,33,,21555,2378,,,1,69,,21539,2378,,,1,30,,21550,2378,,,1,70,,21549,2378,,,1,30,,21568,2378,,,1,70,,21558,2378,,,1,30,,21559,2378,,,1,70,,21565,2378,,,1,30,,21563,2378,,,1,70,,21547,2378,,,1,30,,21551,2378,,,1,71,,21546,2378,,,1,28,,21541,2378,,,1,72,,21557,2378,,,1,30,,21564,2378,,,1,69,,21562,2378,,,1,37,,21544,2378,,,1,65,,21548,2378,,,1,30,,21545,2378,,,1,69,,21535,2378,,,1,30,,21542,2378,,,1,70,,21561,2378,,,1,29,,21570,2378,,,1,70,,21538,2378,,,1,30,,21566,2378,,,1,70,,21543,2378,,,1,100,,21537,2378,,,1,100,,21569,2378,,,1,100,,21540,2378,,,1,100,,21552,2378,,,1
1300,'DI',655,,3422,2378,,,1,100,,22394,2378,,,1,100,,3423,2378,,,1,100,,22395,2378,,,1,100,,3424,2378,,,1,100,,22396,2378,,,1,100,,3425,2378,,,1,95,,22397,2378,,,1,105,,22405,2378,,,1,100,,22391,2378,,,1,100,,22398,2378,,,1,100,,22393,2378,,,1,100,,22399,2378,,,1,100,,22403,2378,,,1,100,,22401,2378,,,1,100,,22400,2378,,,1,100,,22392,2378,,,1,100,,22404,2378,,,1,100,,22402,2378,,,1
1300,'F1',655,,22406,2378,,,1,100,,22414,2378,,,1,100,,22408,2378,,,1,101,,22409,2378,,,1,99,,22419,2378,,,1,100,,22407,2378,,,1,100,,22415,2378,,,1,100,,22410,2378,,,1,100,,22416,2378,,,1,100,,22424,2378,,,1,100,,22412,2378,,,1,100,,22420,2378,,,1,100,,22417,2378,,,1,100,,22421,2378,,,1,100,,22411,2378,,,1,100,,22423,2378,,,1,100,,22418,2378,,,1,100,,22422,2378,,,1,100,,22425,2378,,,1,100,,22413,2378,,,1
1300,'F2',655,,22427,2378,,,1,100,,22434,2378,,,1,100,,22428,2378,,,1,101,,22429,2378,,,1,99,,22435,2378,,,1,100,,22437,2378,,,1,100,,22430,2378,,,1,100,,22438,2378,,,1,100,,22431,2378,,,1,100,,22426,2378,,,1,100,,22441,2378,,,1,100,,22444,2378,,,1,100,,22432,2378,,,1,100,,22439,2378,,,1,100,,22436,2378,,,1,100,,22445,2378,,,1,100,,22442,2378,,,1,100,,22433,2378,,,1,100,,22443,2378,,,1,100,,22440,2378,,,1
1300,'SA',655,,22447,2378,,,1,100,,22454,2378,,,1,100,,22448,2378,,,1,101,,22449,2378,,,1,99,,22455,2378,,,1,100,,22457,2378,,,1,100,,22450,2378,,,1,100,,22458,2378,,,1,100,,22451,2378,,,1,100,,22446,2378,,,1,100,,22461,2378,,,1,100,,22464,2378,,,1,100,,22452,2378,,,1,100,,22459,2378,,,1,100,,22456,2378,,,1,100,,22465,2378,,,1,100,,22462,2378,,,1,100,,22453,2378,,,1,100,,22463,2378,,,1,100,,22460,2378,,,1
1300,'SE',559,,22480,2378,,,1,73,,22502,2378,,,1,26,,22496,2378,,,1,72,,22470,2378,,,1,15,,22488,2378,,,1,55,,22471,2378,,,1,15,,22483,2378,,,1,25,,22474,2378,,,1,65,,22466,2378,,,1,29,,22468,2378,,,1,70,,22478,2378,,,1,30,,22477,2378,,,1,70,,22472,2378,,,1,30,,22490,2378,,,1,70,,22469,2378,,,1,30,,22479,2378,,,1,70,,22498,2378,,,1,30,,22485,2378,,,1,70,,22491,2378,,,1,30,,22503,2378,,,1,71,,22500,2378,,,1,30,,22467,2378,,,1,20,,22493,2378,,,1,60,,22486,2378,,,1,15,,22487,2378,,,1,13,,22489,2378,,,1,10,,22506,2378,,,1,57,,22494,2378,,,1,20,,22484,2378,,,1,20,,22482,2378,,,1,60,,22481,2378,,,1,26,,22505,2378,,,1,70,,22473,2378,,,1,32,,22499,2378,,,1,70,,22501,2378,,,1,30,,22492,2378,,,1,70,,22504,2378,,,1,100,,22495,2378,,,1,100,,22497,2378,,,1,100,,22475,2378,,,1,103,,22476,2378,,,1
1400,'SE',940,,22642,2164,,,1,100,,22645,2164,,,1,100,,22646,2164,,,1,100,,22635,2164,,,1,100,,22638,2164,,,1,100,,22637,2164,,,1,109,,22641,2164,,,1,53,,3826,2164,,,1,18,,22648,2164,,,1,15,,22647,2164,,,1,19,,22643,2164,,,1,59,,22640,2164,,,1,21,,22636,2164,,,1,19,,22644,2164,,,1,69,,22639,2164,,,1
1500,'DI',726,,22683,2164,,,1,100,,22680,2164,,,1,100,,22677,2164,,,1,100,,22690,2164,,,1,100,,22695,2164,,,1,100,,22688,2164,,,1,100,,22684,2164,,,1,100,,22678,2164,,,1,100,,22692,2164,,,1,100,,22679,2164,,,1,100,,22687,2164,,,1,100,,22685,2164,,,1,100,,22689,2164,,,1,100,,22693,2164,,,1,100,,22691,2164,,,1,100,,22686,2164,,,1,100,,22681,2164,,,1,100,,22694,2164,,,1,100,,22682,2164,,,1
1500,'F1',727,,22697,2164,,,1,100,,22703,2164,,,1,100,,22712,2164,,,1,100,,22704,2164,,,1,105,,22706,2164,,,1,95,,22705,2164,,,1,100,,22713,2164,,,1,100,,22698,2164,,,1,100,,22707,2164,,,1,100,,22699,2164,,,1,100,,22696,2164,,,1,100,,22709,2164,,,1,100,,22714,2164,,,1,100,,22700,2164,,,1,100,,22701,2164,,,1,100,,22710,2164,,,1,100,,22702,2164,,,1,100,,22711,2164,,,1,100,,22708,2164,,,1
1500,'F2',727,,22730,2164,,,1,100,,22723,2164,,,1,100,,22717,2164,,,1,100,,22731,2164,,,1,105,,22725,2164,,,1,95,,22715,2164,,,1,100,,22727,2164,,,1,100,,22721,2164,,,1,100,,22726,2164,,,1,100,,22722,2164,,,1,100,,22718,2164,,,1,100,,22724,2164,,,1,100,,22728,2164,,,1,100,,22729,2164,,,1,100,,22716,2164,,,1,100,,22732,2164,,,1,100,,22719,2164,,,1,100,,22733,2164,,,1,100,,22720,2164,,,1
1500,'SA',727,,22749,2164,,,1,100,,22742,2164,,,1,100,,22736,2164,,,1,100,,22750,2164,,,1,105,,22744,2164,,,1,95,,22734,2164,,,1,100,,22746,2164,,,1,100,,22740,2164,,,1,100,,22745,2164,,,1,100,,22741,2164,,,1,100,,22737,2164,,,1,100,,22743,2164,,,1,100,,22747,2164,,,1,100,,22748,2164,,,1,100,,22735,2164,,,1,100,,22751,2164,,,1,100,,22738,2164,,,1,100,,22752,2164,,,1,100,,22739,2164,,,1
1500,'SE',549,,22789,2164,,,1,70,,22783,2164,,,1,30,,22754,2164,,,1,68,,22775,2164,,,1,33,,22781,2164,,,1,66,,22761,2164,,,1,34,,22777,2164,,,1,70,,22760,2164,,,1,29,,22782,2164,,,1,70,,22779,2164,,,1,30,,22755,2164,,,1,70,,22758,2164,,,1,30,,22780,2164,,,1,70,,22763,2164,,,1,30,,22759,2164,,,1,70,,22756,2164,,,1,30,,22785,2164,,,1,70,,22769,2164,,,1,31,,22784,2164,,,1,70,,22762,2164,,,1,24,,22764,2164,,,1,74,,22757,2164,,,1,40,,22773,2164,,,1,62,,22788,2164,,,1,30,,22770,2164,,,1,70,,22771,2164,,,1,30,,22786,2164,,,1,69,,22774,2164,,,1,30,,22767,2164,,,1,70,,22778,2164,,,1,30,,22787,2164,,,1,70,,22772,2164,,,1,30,,22753,2164,,,1,70,,22766,2164,,,1,100,,22768,2164,,,1,100,,22776,2164,,,1,100,,22765,2164,,,1
50600,'SE',920,,32344,3052,4,,2
60600,'SE',1648,,32403,1975,,,2
61300,'SE',1637,,18881,1801,,,2,13,,32411,1801,,,2
61400,'SE',1649,,32413,2149,,,2
