3100,'SE',633,,25102,4711,4,,1,70,,25086,4711,4,,1,30,,25085,4711,4,,1,71,,25093,4711,4,,1,29,,25095,4711,4,,1,69,,25089,4711,4,,1,30,,25094,4711,4,,1,70,,25090,4711,4,,1,30,,25101,4711,4,,1,70,,25092,4711,4,,1,31,,25077,4711,4,,1,70,,25087,4711,4,,1,30,,25099,4711,4,,1,70,,25079,4711,4,,1,30,,25070,4711,4,,1,70,,25083,4711,4,,1,31,,25091,4711,4,,1,70,,25080,4711,4,,1,30,,25096,4711,4,,1,70,,25073,4711,4,,1,30,,25088,4711,4,,1,70,,25071,4711,4,,1,30,,25074,4711,4,,1,70,,25100,4711,4,,1,30,,25072,4711,4,,1,71,,25075,4711,4,,1,30,,25081,4711,4,,1,70,,25097,4711,4,,1,29,,25084,4711,4,,1,70,,25078,4711,4,,1,29,,25098,4711,4,,1,100,,25082,4711,4,,1,99,,25076,4711,4,,1
3101,'SE',535,,25123,0,,,1,70,,25110,0,,,1,30,,25137,0,,,1,70,,25120,0,,,1,30,,25119,0,,,1,71,,25128,0,,,1,29,,25130,0,,,1,69,,25124,0,,,1,30,,25129,0,,,1,70,,25125,0,,,1,30,,25136,0,,,1,70,,25127,0,,,1,31,,25111,0,,,1,70,,25121,0,,,1,30,,25134,0,,,1,70,,25113,0,,,1,30,,25103,0,,,1,70,,25117,0,,,1,31,,25126,0,,,1,70,,25114,0,,,1,30,,25131,0,,,1,70,,25106,0,,,1,30,,25122,0,,,1,70,,25104,0,,,1,30,,25107,0,,,1,70,,25135,0,,,1,30,,25105,0,,,1,71,,25108,0,,,1,30,,25115,0,,,1,70,,25132,0,,,1,29,,25118,0,,,1,70,,25112,0,,,1,29,,25133,0,,,1,100,,25116,0,,,1,99,,25109,0,,,1
21400,'DI',922,,31429,7943,4,,1,100,,31430,7943,4,,1,100,,31431,7943,4,,1,100,,31432,7943,4,,1,100,,31433,7943,4,,1,100,,31434,7943,4,,1,100,,31435,7943,4,,1,100,,31436,7943,4,,1,100,,31437,7943,4,,1,100,,31438,7943,4,,1
21400,'F1',922,,31439,7943,4,,1,100,,31440,7943,4,,1,100,,17207,7943,4,,1,100,,17208,7943,4,,1,100,,17209,7943,4,,1,100,,31441,7943,4,,1,100,,17211,7943,4,,1,100,,17212,7943,4,,1,100,,17213,7943,4,,1,100,,17214,7943,4,,1
21400,'F2',922,,31442,7943,4,,1,100,,31443,7943,4,,1,100,,31444,7943,4,,1,100,,31445,7943,4,,1,100,,31446,7943,4,,1,100,,31447,7943,4,,1,100,,31448,7943,4,,1,100,,31449,7943,4,,1,100,,31450,7943,4,,1,100,,31451,7943,4,,1
21400,'SA',922,,31452,7943,4,,1,100,,31453,7943,4,,1,100,,31454,7943,4,,1,100,,31455,7943,4,,1,100,,31456,7943,4,,1,100,,31457,7943,4,,1,100,,31458,7943,4,,1,100,,31459,7943,4,,1,100,,31460,7943,4,,1,100,,31461,7943,4,,1
21401,'DI',825,,31462,0,,,1,100,,31463,0,,,1,100,,31464,0,,,1,100,,31465,0,,,1,100,,31466,0,,,1,100,,31467,0,,,1,100,,31468,0,,,1,100,,31469,0,,,1,100,,31470,0,,,1,100,,31471,0,,,1
21401,'F1',825,,31475,0,,,1,100,,31472,0,,,1,100,,31473,0,,,1,100,,17257,0,,,1,100,,17258,0,,,1,100,,17259,0,,,1,100,,31474,0,,,1,100,,17261,0,,,1,100,,17262,0,,,1,100,,17263,0,,,1
21401,'F2',825,,31476,0,,,1,100,,31477,0,,,1,100,,31478,0,,,1,100,,31479,0,,,1,100,,31480,0,,,1,100,,31481,0,,,1,100,,31482,0,,,1,100,,31483,0,,,1,100,,31484,0,,,1,100,,31485,0,,,1
21401,'SA',825,,31486,0,,,1,100,,31487,0,,,1,100,,31488,0,,,1,100,,31489,0,,,1,100,,31490,0,,,1,100,,31491,0,,,1,100,,31492,0,,,1,100,,31493,0,,,1,100,,31494,0,,,1,100,,31495,0,,,1
84801,'DI',642,,19943,1095,,,2,70,,19944,1095,,,2,30,,19945,1095,,,2,70,,19946,1095,,,2,30,,19947,1095,,,2,70,,19948,1095,,,2,30,,19949,1095,,,2,70,,19950,1095,,,2,30,,19951,1095,,,2,70,,19952,1095,,,2,30,,19953,1095,,,2,70,,19954,1095,,,2,30,,19955,1095,,,2,70,,19956,1095,,,2,30,,19957,1095,,,2,70,,19958,1095,,,2,30,,19959,1095,,,2,70,,19960,1095,,,2,30,,19961,1095,,,2,70,,19962,1095,,,2,30,,19963,1095,,,2,70,,19964,1095,,,2,30,,19965,1095,,,2,70,,19966,1095,,,2,30,,19967,1095,,,2,70,,19968,1095,,,2,30,,19969,1095,,,2,70,,19970,1095,,,2,30,,19971,1095,,,2,70,,19972,1095,,,2,30,,19973,1095,,,2,70,,19974,1095,,,2,30,,19975,1095,,,2,70,,19976,1095,,,2,30,,19977,1095,,,2,70,,19978,1095,,,2,30,,19979,1095,,,2
84801,'F1',642,,19980,1095,,,2,70,,19981,1095,,,2,30,,19982,1095,,,2,70,,19983,1095,,,2,30,,19984,1095,,,2,70,,19985,1095,,,2,30,,19986,1095,,,2,70,,19987,1095,,,2,30,,19988,1095,,,2,70,,19989,1095,,,2,30,,19990,1095,,,2,70,,19991,1095,,,2,30,,19992,1095,,,2,70,,19993,1095,,,2,30,,19994,1095,,,2,70,,19995,1095,,,2,30,,19996,1095,,,2,70,,19997,1095,,,2,30,,19998,1095,,,2,70,,19999,1095,,,2,30,,20000,1095,,,2,70,,20001,1095,,,2,30,,20002,1095,,,2,70,,20003,1095,,,2,30,,20004,1095,,,2,70,,20005,1095,,,2,30,,20006,1095,,,2,70,,20007,1095,,,2,30,,20008,1095,,,2,70,,20009,1095,,,2,30,,20010,1095,,,2,70,,20011,1095,,,2,30,,20012,1095,,,2,70,,20013,1095,,,2,30,,20014,1095,,,2,70,,20015,1095,,,2,30,,20016,1095,,,2
84801,'F2',642,,32550,1095,,,2,70,,32551,1095,,,2,30,,32552,1095,,,2,70,,32553,1095,,,2,30,,32554,1095,,,2,70,,32555,1095,,,2,30,,32556,1095,,,2,70,,32557,1095,,,2,30,,32558,1095,,,2,70,,32559,1095,,,2,30,,32560,1095,,,2,70,,32561,1095,,,2,30,,32562,1095,,,2,70,,32563,1095,,,2,30,,32564,1095,,,2,70,,32565,1095,,,2,30,,32566,1095,,,2,70,,32567,1095,,,2,30,,32568,1095,,,2,70,,32569,1095,,,2,30,,32570,1095,,,2,70,,32571,1095,,,2,30,,32572,1095,,,2,70,,32573,1095,,,2,30,,32574,1095,,,2,70,,32575,1095,,,2,30,,32576,1095,,,2,70,,32577,1095,,,2,30,,32578,1095,,,2,70,,32579,1095,,,2,30,,32580,1095,,,2,70,,32581,1095,,,2,30,,32582,1095,,,2,70,,32583,1095,,,2,30,,32584,1095,,,2,70,,32585,1095,,,2,30,,32586,1095,,,2
84801,'SA',642,,20091,1095,,,2,70,,20092,1095,,,2,30,,20093,1095,,,2,70,,20094,1095,,,2,30,,20095,1095,,,2,70,,20096,1095,,,2,30,,20097,1095,,,2,70,,20098,1095,,,2,30,,20099,1095,,,2,70,,20100,1095,,,2,30,,20101,1095,,,2,70,,20102,1095,,,2,30,,20103,1095,,,2,70,,20104,1095,,,2,30,,20105,1095,,,2,70,,20106,1095,,,2,30,,20107,1095,,,2,70,,20108,1095,,,2,30,,20109,1095,,,2,70,,20110,1095,,,2,30,,20111,1095,,,2,70,,20112,1095,,,2,30,,20113,1095,,,2,70,,20114,1095,,,2,30,,20115,1095,,,2,70,,20116,1095,,,2,30,,20117,1095,,,2,70,,20118,1095,,,2,30,,20119,1095,,,2,70,,20120,1095,,,2,30,,20121,1095,,,2,70,,20122,1095,,,2,30,,20123,1095,,,2,70,,20124,1095,,,2,30,,20125,1095,,,2,70,,20126,1095,,,2,30,,20127,1095,,,2
