1301,'DI',636,,22510,7387,,,1,100,,3602,7387,,,1,100,,22511,7387,,,1,100,,3603,7387,,,1,100,,22512,7387,,,1,100,,3604,7387,,,1,100,,22513,7387,,,1,100,,3605,7387,,,1,100,,22515,7387,,,1,100,,22522,7387,,,1,100,,22507,7387,,,1,100,,22514,7387,,,1,100,,22509,7387,,,1,100,,22516,7387,,,1,100,,22520,7387,,,1,100,,22518,7387,,,1,100,,22517,7387,,,1,100,,22508,7387,,,1,100,,22521,7387,,,1,100,,22519,7387,,,1
1301,'F1',636,,22530,7387,,,1,100,,22523,7387,,,1,100,,22531,7387,,,1,100,,22525,7387,,,1,100,,22526,7387,,,1,100,,22536,7387,,,1,100,,22524,7387,,,1,100,,22532,7387,,,1,100,,22527,7387,,,1,100,,22533,7387,,,1,100,,22541,7387,,,1,100,,22529,7387,,,1,100,,22537,7387,,,1,100,,22534,7387,,,1,100,,22538,7387,,,1,100,,22528,7387,,,1,100,,22540,7387,,,1,100,,22535,7387,,,1,100,,22539,7387,,,1,100,,22542,7387,,,1
1301,'F2',636,,22551,7387,,,1,100,,22544,7387,,,1,100,,22552,7387,,,1,100,,22545,7387,,,1,100,,22546,7387,,,1,100,,22553,7387,,,1,100,,22555,7387,,,1,100,,22547,7387,,,1,100,,22556,7387,,,1,100,,22548,7387,,,1,100,,22543,7387,,,1,100,,22558,7387,,,1,100,,22561,7387,,,1,100,,22549,7387,,,1,100,,22557,7387,,,1,100,,22554,7387,,,1,100,,22562,7387,,,1,100,,22559,7387,,,1,100,,22550,7387,,,1,100,,22560,7387,,,1
1301,'SA',636,,22571,7387,,,1,100,,22564,7387,,,1,100,,22572,7387,,,1,100,,22565,7387,,,1,100,,22566,7387,,,1,100,,22573,7387,,,1,100,,22575,7387,,,1,100,,22567,7387,,,1,100,,22576,7387,,,1,100,,22568,7387,,,1,100,,22563,7387,,,1,100,,22578,7387,,,1,100,,22581,7387,,,1,100,,22569,7387,,,1,100,,22577,7387,,,1,100,,22574,7387,,,1,100,,22582,7387,,,1,100,,22579,7387,,,1,100,,22570,7387,,,1,100,,22580,7387,,,1
1301,'SE',543,,22597,7387,,,1,72,,22598,7387,,,1,31,,22596,7387,,,1,57,,22585,7387,,,1,14,,22621,7387,,,1,13,,22587,7387,,,1,14,,22614,7387,,,1,61,,22588,7387,,,1,13,,22586,7387,,,1,13,,22625,7387,,,1,15,,22607,7387,,,1,55,,22603,7387,,,1,20,,22606,7387,,,1,29,,22599,7387,,,1,70,,22584,7387,,,1,30,,22602,7387,,,1,70,,22616,7387,,,1,30,,22594,7387,,,1,70,,22608,7387,,,1,31,,22595,7387,,,1,70,,22600,7387,,,1,30,,22617,7387,,,1,70,,22604,7387,,,1,30,,22609,7387,,,1,69,,22622,7387,,,1,35,,22619,7387,,,1,69,,22583,7387,,,1,27,,22590,7387,,,1,55,,22605,7387,,,1,20,,22601,7387,,,1,22,,22626,7387,,,1,58,,22612,7387,,,1,19,,22610,7387,,,1,29,,22591,7387,,,1,68,,22624,7387,,,1,30,,22589,7387,,,1,70,,22618,7387,,,1,30,,22620,7387,,,1,70,,22611,7387,,,1,29,,22623,7387,,,1,100,,22613,7387,,,1,100,,22615,7387,,,1,100,,22592,7387,,,1,98,,22593,7387,,,1
1501,'DI',705,,22796,8428,,,1,100,,22793,8428,,,1,100,,22790,8428,,,1,100,,22803,8428,,,1,101,,22808,8428,,,1,100,,22801,8428,,,1,100,,22797,8428,,,1,100,,22791,8428,,,1,100,,22805,8428,,,1,100,,22792,8428,,,1,100,,22800,8428,,,1,100,,22798,8428,,,1,100,,22802,8428,,,1,97,,22806,8428,,,1,100,,22804,8428,,,1,100,,22799,8428,,,1,100,,22794,8428,,,1,100,,22807,8428,,,1,100,,22795,8428,,,1
1501,'F1',704,,22810,8428,,,1,100,,22816,8428,,,1,100,,22825,8428,,,1,100,,22817,8428,,,1,100,,22819,8428,,,1,100,,22818,8428,,,1,100,,22826,8428,,,1,101,,22811,8428,,,1,100,,22820,8428,,,1,102,,22812,8428,,,1,98,,22809,8428,,,1,100,,22822,8428,,,1,100,,22827,8428,,,1,99,,22813,8428,,,1,100,,22814,8428,,,1,100,,22823,8428,,,1,100,,22815,8428,,,1,100,,22824,8428,,,1,100,,22821,8428,,,1
1501,'F2',704,,22843,8428,,,1,100,,22837,8428,,,1,100,,22831,8428,,,1,100,,22844,8428,,,1,100,,22829,8428,,,1,100,,22828,8428,,,1,100,,22840,8428,,,1,101,,22835,8428,,,1,100,,22839,8428,,,1,102,,22836,8428,,,1,98,,22832,8428,,,1,100,,22838,8428,,,1,100,,22841,8428,,,1,99,,22842,8428,,,1,100,,22830,8428,,,1,100,,22845,8428,,,1,100,,22833,8428,,,1,100,,22846,8428,,,1,100,,22834,8428,,,1
1501,'SA',704,,22862,8428,,,1,100,,22856,8428,,,1,100,,22850,8428,,,1,100,,22863,8428,,,1,100,,22848,8428,,,1,100,,22847,8428,,,1,100,,22859,8428,,,1,101,,22854,8428,,,1,100,,22858,8428,,,1,102,,22855,8428,,,1,98,,22851,8428,,,1,100,,22857,8428,,,1,100,,22860,8428,,,1,99,,22861,8428,,,1,100,,22849,8428,,,1,100,,22864,8428,,,1,100,,22852,8428,,,1,100,,22865,8428,,,1,100,,22853,8428,,,1
1501,'SE',528,,22878,8428,,,1,86,,22870,8428,,,1,31,,22876,8428,,,1,73,,22898,8428,,,1,21,,22886,8428,,,1,20,,22880,8428,,,1,60,,22871,8428,,,1,30,,22867,8428,,,1,71,,22904,8428,,,1,29,,22888,8428,,,1,68,,22877,8428,,,1,30,,22896,8428,,,1,70,,22890,8428,,,1,30,,22872,8428,,,1,71,,22874,8428,,,1,30,,22891,8428,,,1,70,,22893,8428,,,1,30,,22875,8428,,,1,70,,22873,8428,,,1,30,,22899,8428,,,1,72,,22881,8428,,,1,31,,22902,8428,,,1,63,,22897,8428,,,1,39,,22894,8428,,,1,67,,22883,8428,,,1,30,,22869,8428,,,1,71,,22903,8428,,,1,26,,22892,8428,,,1,70,,22882,8428,,,1,30,,22900,8428,,,1,68,,22895,8428,,,1,30,,22868,8428,,,1,70,,22889,8428,,,1,30,,22901,8428,,,1,70,,22885,8428,,,1,30,,22866,8428,,,1,98,,22879,8428,,,1,100,,22884,8428,,,1,99,,22887,8428,,,1
5500,'SE',1612,,27352,7971,0,28,2,18,,27350,7971,0,28,2,15,,27354,7971,0,28,2,56,,27348,7971,0,28,2,14,,27346,7971,0,28,2,15,,27353,7971,0,28,2,15,,27351,7971,0,28,2,56,,27355,7971,0,28,2,20,,27349,7971,0,28,2,20,,27347,7971,0,28,2
61301,'SE',902,,32412,6375,,,2
61801,'SE',854,,32416,7300,,,2
