4200,'DI',623,,25727,6058,,,1,100,,25728,6058,,,1,100,,25729,6058,,,1,100,,25730,6058,,,1,100,,25731,6058,,,1,101,,25732,6058,,,1,100,,25733,6058,,,1,100,,25734,6058,,,1,100,,25735,6058,,,1,100,,25736,6058,,,1,100,,25737,6058,,,1,100,,25738,6058,,,1,100,,25739,6058,,,1,100,,25740,6058,,,1,99,,25741,6058,,,1,100,,25742,6058,,,1,100,,25743,6058,,,1,100,,25744,6058,,,1,100,,25745,6058,,,1,100,,25746,6058,,,1
4200,'F1',623,,25747,6058,,,1,100,,25748,6058,,,1,100,,25749,6058,,,1,100,,25750,6058,,,1,100,,25751,6058,,,1,101,,25752,6058,,,1,100,,25753,6058,,,1,100,,25754,6058,,,1,100,,25755,6058,,,1,100,,25756,6058,,,1,100,,25757,6058,,,1,100,,25758,6058,,,1,100,,25759,6058,,,1,100,,25760,6058,,,1,99,,25761,6058,,,1,100,,25762,6058,,,1,100,,25763,6058,,,1,100,,25764,6058,,,1,100,,25765,6058,,,1,100,,25766,6058,,,1
4200,'F2',623,,25784,6058,,,1,100,,25785,6058,,,1,100,,25786,6058,,,1,100,,25767,6058,,,1,100,,25768,6058,,,1,101,,25769,6058,,,1,100,,25770,6058,,,1,100,,25771,6058,,,1,100,,25772,6058,,,1,100,,25773,6058,,,1,100,,25774,6058,,,1,100,,25775,6058,,,1,100,,25776,6058,,,1,100,,25777,6058,,,1,99,,25778,6058,,,1,100,,25779,6058,,,1,100,,25780,6058,,,1,100,,25781,6058,,,1,100,,25782,6058,,,1,100,,25783,6058,,,1
4200,'SA',623,,25804,6058,,,1,100,,25805,6058,,,1,100,,25806,6058,,,1,100,,25787,6058,,,1,100,,25788,6058,,,1,101,,25789,6058,,,1,100,,25790,6058,,,1,100,,25791,6058,,,1,100,,25792,6058,,,1,100,,25793,6058,,,1,100,,25794,6058,,,1,100,,25795,6058,,,1,100,,25796,6058,,,1,100,,25797,6058,,,1,99,,25798,6058,,,1,100,,25799,6058,,,1,100,,25800,6058,,,1,100,,25801,6058,,,1,100,,25802,6058,,,1,100,,25803,6058,,,1
4200,'SE',605,,25835,6058,,,1,36,,25817,6058,,,1,70,,25820,6058,,,1,12,,25816,6058,,,1,6,,25818,6058,,,1,6,,25813,6058,,,1,6,,25814,6058,,,1,62,,25812,6058,,,1,21,,25821,6058,,,1,34,,25848,6058,,,1,70,,25849,6058,,,1,30,,25815,6058,,,1,70,,25839,6058,,,1,30,,25819,6058,,,1,70,,25844,6058,,,1,30,,25822,6058,,,1,70,,25845,6058,,,1,30,,25808,6058,,,1,70,,25825,6058,,,1,30,,25823,6058,,,1,70,,25837,6058,,,1,30,,25847,6058,,,1,73,,25826,6058,,,1,70,,25842,6058,,,1,27,,25840,6058,,,1,24,,25846,6058,,,1,55,,25843,6058,,,1,14,,25807,6058,,,1,14,,25841,6058,,,1,13,,25836,6058,,,1,55,,25838,6058,,,1,27,,25824,6058,,,1,70,,25827,6058,,,1,31,,25831,6058,,,1,74,,25828,6058,,,1,30,,25832,6058,,,1,69,,25829,6058,,,1,30,,25833,6058,,,1,70,,25830,6058,,,1,30,,25834,6058,,,1,91,,25809,6058,,,1,100,,25810,6058,,,1,100,,25811,6058,,,1
6000,'SE',634,,27396,6058,,,1,85,,27397,6058,,,1,37,,27405,6058,,,1,86,,27398,6058,,,1,101,,27404,6058,,,1,100,,27394,6058,,,1,100,,27399,6058,,,1,100,,27395,6058,,,1,100,,27412,6058,,,1,100,,27407,6058,,,1,97,,27408,6058,,,1,70,,27403,6058,,,1,26,,27400,6058,,,1,64,,27401,6058,,,1,27,,27392,6058,,,1,28,,27409,6058,,,1,65,,27402,6058,,,1,30,,27406,6058,,,1,67,,27410,6058,,,1,99,,27391,6058,,,1,99,,27411,6058,,,1,100,,27389,6058,,,1,90,,27393,6058,,,1,100,,27390,6058,,,1
16000,'DI',704,,31058,6058,0,31 32,1,100,,31061,6058,0,31 32,1,100,,31064,6058,0,31 32,1,100,,31059,6058,0,31 32,1,100,,31065,6058,0,31 32,1,100,,31057,6058,0,31 32,1,100,,31066,6058,0,31 32,1,100,,31055,6058,0,31 32,1,100,,31053,6058,0,31 32,1,100,,31062,6058,0,31 32,1,100,,31060,6058,0,31 32,1,100,,31067,6058,0,31 32,1,100,,31063,6058,0,31 32,1,102,,31056,6058,0,31 32,1,98,,31054,6058,0,31 32,1
16000,'F1',704,,31075,6058,0,31 32,1,99,,31070,6058,0,31 32,1,101,,31069,6058,0,31 32,1,100,,31072,6058,0,31 32,1,100,,31076,6058,0,31 32,1,99,,16591,6058,0,31 32,1,101,,31073,6058,0,31 32,1,100,,31068,6058,0,31 32,1,100,,16592,6058,0,31 32,1,100,,31071,6058,0,31 32,1,100,,31074,6058,0,31 32,1,100,,16593,6058,0,31 32,1,100,,31077,6058,0,31 32,1,101,,16594,6058,0,31 32,1,99,,31078,6058,0,31 32,1
16000,'F2',704,,31083,6058,0,31 32,1,99,,31086,6058,0,31 32,1,101,,31082,6058,0,31 32,1,100,,31079,6058,0,31 32,1,100,,31085,6058,0,31 32,1,99,,31090,6058,0,31 32,1,101,,31080,6058,0,31 32,1,100,,31084,6058,0,31 32,1,100,,31091,6058,0,31 32,1,100,,31087,6058,0,31 32,1,100,,31081,6058,0,31 32,1,100,,31092,6058,0,31 32,1,100,,31088,6058,0,31 32,1,101,,31093,6058,0,31 32,1,99,,31089,6058,0,31 32,1
16000,'SA',704,,31098,6058,0,31 32,1,99,,16667,6058,0,31 32,1,101,,31097,6058,0,31 32,1,100,,31094,6058,0,31 32,1,100,,31100,6058,0,31 32,1,99,,31103,6058,0,31 32,1,101,,31095,6058,0,31 32,1,100,,31099,6058,0,31 32,1,100,,31104,6058,0,31 32,1,100,,16668,6058,0,31 32,1,100,,31096,6058,0,31 32,1,100,,31105,6058,0,31 32,1,100,,31101,6058,0,31 32,1,101,,31106,6058,0,31 32,1,99,,31102,6058,0,31 32,1
16000,'SE',618,,31113,6058,0,31 32,1,95,,31127,6058,0,31 32,1,40,,31112,6058,0,31 32,1,93,,31128,6058,0,31 32,1,89,,31124,6058,0,31 32,1,86,,31111,6058,0,31 32,1,101,,31114,6058,0,31 32,1,100,,31115,6058,0,31 32,1,100,,31110,6058,0,31 32,1,100,,31129,6058,0,31 32,1,99,,31108,6058,0,31 32,1,30,,31123,6058,0,31 32,1,68,,31116,6058,0,31 32,1,24,,31107,6058,0,31 32,1,71,,31117,6058,0,31 32,1,27,,31130,6058,0,31 32,1,69,,31109,6058,0,31 32,1,30,,31122,6058,0,31 32,1,70,,31118,6058,0,31 32,1,47,,31121,6058,0,31 32,1,99,,31119,6058,0,31 32,1,100,,31125,6058,0,31 32,1,92,,31120,6058,0,31 32,1,100,,31126,6058,0,31 32,1
54201,'SE',911,,32373,6144,,,2
