4200,'DI',620,,25727,4074,,,1,100,,25728,4074,,,1,100,,25729,4074,,,1,100,,25730,4074,,,1,100,,25731,4074,,,1,100,,25732,4074,,,1,100,,25733,4074,,,1,100,,25734,4074,,,1,100,,25735,4074,,,1,100,,25736,4074,,,1,100,,25737,4074,,,1,100,,25738,4074,,,1,100,,25739,4074,,,1,100,,25740,4074,,,1,100,,25741,4074,,,1,100,,25742,4074,,,1,100,,25743,4074,,,1,100,,25744,4074,,,1,100,,25745,4074,,,1,100,,25746,4074,,,1
4200,'F1',620,,25747,4074,,,1,100,,25748,4074,,,1,100,,25749,4074,,,1,100,,25750,4074,,,1,100,,25751,4074,,,1,100,,25752,4074,,,1,100,,25753,4074,,,1,100,,25754,4074,,,1,100,,25755,4074,,,1,100,,25756,4074,,,1,100,,25757,4074,,,1,100,,25758,4074,,,1,100,,25759,4074,,,1,100,,25760,4074,,,1,100,,25761,4074,,,1,100,,25762,4074,,,1,100,,25763,4074,,,1,100,,25764,4074,,,1,100,,25765,4074,,,1,100,,25766,4074,,,1
4200,'F2',620,,25784,4074,,,1,100,,25785,4074,,,1,100,,25786,4074,,,1,100,,25767,4074,,,1,100,,25768,4074,,,1,100,,25769,4074,,,1,100,,25770,4074,,,1,100,,25771,4074,,,1,100,,25772,4074,,,1,100,,25773,4074,,,1,100,,25774,4074,,,1,100,,25775,4074,,,1,100,,25776,4074,,,1,100,,25777,4074,,,1,100,,25778,4074,,,1,100,,25779,4074,,,1,100,,25780,4074,,,1,100,,25781,4074,,,1,100,,25782,4074,,,1,100,,25783,4074,,,1
4200,'SA',620,,25804,4074,,,1,100,,25805,4074,,,1,100,,25806,4074,,,1,100,,25787,4074,,,1,100,,25788,4074,,,1,100,,25789,4074,,,1,100,,25790,4074,,,1,100,,25791,4074,,,1,100,,25792,4074,,,1,100,,25793,4074,,,1,100,,25794,4074,,,1,100,,25795,4074,,,1,100,,25796,4074,,,1,100,,25797,4074,,,1,100,,25798,4074,,,1,100,,25799,4074,,,1,100,,25800,4074,,,1,100,,25801,4074,,,1,100,,25802,4074,,,1,100,,25803,4074,,,1
4200,'SE',602,,25835,4074,,,1,36,,25817,4074,,,1,69,,25820,4074,,,1,12,,25816,4074,,,1,6,,25818,4074,,,1,6,,25813,4074,,,1,6,,25814,4074,,,1,22,,25812,4074,,,1,61,,25821,4074,,,1,34,,25848,4074,,,1,70,,25849,4074,,,1,30,,25815,4074,,,1,70,,25839,4074,,,1,30,,25819,4074,,,1,70,,25844,4074,,,1,30,,25822,4074,,,1,70,,25845,4074,,,1,30,,25808,4074,,,1,70,,25825,4074,,,1,30,,25823,4074,,,1,70,,25837,4074,,,1,30,,25847,4074,,,1,72,,25826,4074,,,1,30,,25842,4074,,,1,67,,25840,4074,,,1,24,,25846,4074,,,1,55,,25843,4074,,,1,14,,25807,4074,,,1,14,,25841,4074,,,1,14,,25836,4074,,,1,15,,25838,4074,,,1,67,,25824,4074,,,1,30,,25827,4074,,,1,72,,25831,4074,,,1,74,,25828,4074,,,1,30,,25832,4074,,,1,69,,25829,4074,,,1,30,,25833,4074,,,1,70,,25830,4074,,,1,30,,25834,4074,,,1,91,,25809,4074,,,1,100,,25810,4074,,,1,100,,25811,4074,,,1
6000,'SE',631,,27396,4074,,,1,84,,27397,4074,,,1,37,,27405,4074,,,1,86,,27398,4074,,,1,101,,27404,4074,,,1,100,,27394,4074,,,1,100,,27399,4074,,,1,100,,27395,4074,,,1,100,,27412,4074,,,1,100,,27407,4074,,,1,97,,27408,4074,,,1,70,,27403,4074,,,1,25,,27400,4074,,,1,24,,27401,4074,,,1,68,,27392,4074,,,1,28,,27409,4074,,,1,65,,27402,4074,,,1,30,,27406,4074,,,1,68,,27410,4074,,,1,99,,27391,4074,,,1,99,,27411,4074,,,1,100,,27389,4074,,,1,90,,27393,4074,,,1,100,,27390,4074,,,1
16000,'DI',701,,31058,4074,0,31 32,1,100,,31061,4074,0,31 32,1,100,,31064,4074,0,31 32,1,100,,31059,4074,0,31 32,1,100,,31065,4074,0,31 32,1,100,,31057,4074,0,31 32,1,100,,31066,4074,0,31 32,1,100,,31055,4074,0,31 32,1,100,,31053,4074,0,31 32,1,100,,31062,4074,0,31 32,1,100,,31060,4074,0,31 32,1,100,,31067,4074,0,31 32,1,100,,31063,4074,0,31 32,1,102,,31056,4074,0,31 32,1,98,,31054,4074,0,31 32,1
16000,'F1',701,,31075,4074,0,31 32,1,99,,31070,4074,0,31 32,1,101,,31069,4074,0,31 32,1,100,,31072,4074,0,31 32,1,100,,31076,4074,0,31 32,1,99,,16591,4074,0,31 32,1,101,,31073,4074,0,31 32,1,100,,31068,4074,0,31 32,1,100,,16592,4074,0,31 32,1,100,,31071,4074,0,31 32,1,100,,31074,4074,0,31 32,1,100,,16593,4074,0,31 32,1,100,,31077,4074,0,31 32,1,101,,16594,4074,0,31 32,1,99,,31078,4074,0,31 32,1
16000,'F2',701,,31083,4074,0,31 32,1,99,,31086,4074,0,31 32,1,101,,31082,4074,0,31 32,1,100,,31079,4074,0,31 32,1,100,,31085,4074,0,31 32,1,99,,31090,4074,0,31 32,1,101,,31080,4074,0,31 32,1,100,,31084,4074,0,31 32,1,100,,31091,4074,0,31 32,1,100,,31087,4074,0,31 32,1,100,,31081,4074,0,31 32,1,100,,31092,4074,0,31 32,1,100,,31088,4074,0,31 32,1,101,,31093,4074,0,31 32,1,99,,31089,4074,0,31 32,1
16000,'SA',701,,31098,4074,0,31 32,1,99,,16667,4074,0,31 32,1,101,,31097,4074,0,31 32,1,100,,31094,4074,0,31 32,1,100,,31100,4074,0,31 32,1,99,,31103,4074,0,31 32,1,101,,31095,4074,0,31 32,1,100,,31099,4074,0,31 32,1,100,,31104,4074,0,31 32,1,100,,16668,4074,0,31 32,1,100,,31096,4074,0,31 32,1,100,,31105,4074,0,31 32,1,100,,31101,4074,0,31 32,1,101,,31106,4074,0,31 32,1,99,,31102,4074,0,31 32,1
16000,'SE',615,,31113,4074,0,31 32,1,95,,31127,4074,0,31 32,1,38,,31112,4074,0,31 32,1,95,,31128,4074,0,31 32,1,89,,31124,4074,0,31 32,1,86,,31111,4074,0,31 32,1,100,,31114,4074,0,31 32,1,100,,31115,4074,0,31 32,1,100,,31110,4074,0,31 32,1,100,,31129,4074,0,31 32,1,98,,31108,4074,0,31 32,1,30,,31123,4074,0,31 32,1,68,,31116,4074,0,31 32,1,24,,31107,4074,0,31 32,1,70,,31117,4074,0,31 32,1,28,,31130,4074,0,31 32,1,70,,31109,4074,0,31 32,1,30,,31122,4074,0,31 32,1,70,,31118,4074,0,31 32,1,47,,31121,4074,0,31 32,1,100,,31119,4074,0,31 32,1,100,,31125,4074,0,31 32,1,92,,31120,4074,0,31 32,1,100,,31126,4074,0,31 32,1
53201,'SE',917,,32356,8255,,,2,1,,32357,8255,,,2
54201,'SE',906,,32373,4161,,,2
