1400,'SE',640,,22632,14214,,,1,17,,22627,14214,,,1,66,,22628,14214,,,1,13,,22631,14214,,,1,17,,22634,14214,,,1,58,,22633,14214,,,1,30,,22629,14214,,,1,60,,22630,14214,,,1,52,,22642,11967,,,1,100,,22645,11967,,,1,100,,22646,11967,,,1,100,,22635,11967,,,1,100,,22638,11967,,,1,100,,22637,11967,,,1,150,,22641,11967,,,1,13,,3826,11967,,,1,18,,22648,11967,,,1,15,,22647,11967,,,1,61,,22643,11967,,,1,18,,22640,11967,,,1,21,,22636,11967,,,1,58,,22644,11967,,,1,29,,22639,11967,,,1
4101,'DI',729,,25638,1835,0,45,1,100,,25642,1835,0,45,1,101,,25632,1835,0,45,1,100,,25628,1835,0,45,1,100,,25639,1835,0,45,1,100,,25629,1835,0,45,1,100,,25640,1835,0,45,1,100,,25633,1835,0,45,1,100,,25625,1835,0,45,1,102,,25630,1835,0,45,1,98,,25634,1835,0,45,1,100,,25626,1835,0,45,1,100,,25635,1835,0,45,1,100,,25627,1835,0,45,1,100,,25631,1835,0,45,1,99,,25636,1835,0,45,1,100,,25641,1835,0,45,1,100,,25637,1835,0,45,1,100,,25643,1835,0,45,1
4101,'F1',729,,25660,1835,0,45,1,100,,25662,1835,0,45,1,101,,25647,1835,0,45,1,101,,25656,1835,0,45,1,99,,25644,1835,0,45,1,100,,25657,1835,0,45,1,100,,25645,1835,0,45,1,100,,25658,1835,0,45,1,100,,25648,1835,0,45,1,100,,25653,1835,0,45,1,100,,25649,1835,0,45,1,100,,25654,1835,0,45,1,100,,25650,1835,0,45,1,100,,25659,1835,0,45,1,100,,25651,1835,0,45,1,99,,25661,1835,0,45,1,100,,25655,1835,0,45,1,100,,25646,1835,0,45,1,100,,25652,1835,0,45,1
4101,'F2',729,,25666,1835,0,45,1,100,,25679,1835,0,45,1,101,,25667,1835,0,45,1,101,,25672,1835,0,45,1,99,,25680,1835,0,45,1,100,,25673,1835,0,45,1,100,,25668,1835,0,45,1,100,,25674,1835,0,45,1,100,,25669,1835,0,45,1,100,,25665,1835,0,45,1,100,,25670,1835,0,45,1,100,,25663,1835,0,45,1,100,,25675,1835,0,45,1,100,,25664,1835,0,45,1,100,,25681,1835,0,45,1,99,,25676,1835,0,45,1,100,,25671,1835,0,45,1,100,,25677,1835,0,45,1,100,,25678,1835,0,45,1
4101,'SA',729,,25685,1835,0,45,1,100,,25698,1835,0,45,1,101,,25686,1835,0,45,1,101,,25691,1835,0,45,1,99,,25699,1835,0,45,1,100,,25692,1835,0,45,1,100,,25687,1835,0,45,1,100,,25693,1835,0,45,1,100,,25688,1835,0,45,1,100,,25684,1835,0,45,1,100,,25689,1835,0,45,1,100,,25682,1835,0,45,1,100,,25694,1835,0,45,1,100,,25683,1835,0,45,1,100,,25700,1835,0,45,1,99,,25695,1835,0,45,1,100,,25690,1835,0,45,1,100,,25696,1835,0,45,1,100,,25697,1835,0,45,1
4101,'SE',700,,25701,1835,0,45,1,30,,25718,1835,0,45,1,70,,25712,1835,0,45,1,35,,25713,1835,0,45,1,65,,25719,1835,0,45,1,30,,25720,1835,0,45,1,100,,25715,1835,0,45,1,100,,25721,1835,0,45,1,100,,25716,1835,0,45,1,100,,25705,1835,0,45,1,101,,25724,1835,0,45,1,74,,25725,1835,0,45,1,25,,25722,1835,0,45,1,27,,25708,1835,0,45,1,78,,25714,1835,0,45,1,66,,25703,1835,0,45,1,29,,25706,1835,0,45,1,71,,25726,1835,0,45,1,29,,25711,1835,0,45,1,100,,25702,1835,0,45,1,100,,25717,1835,0,45,1,100,,25704,1835,0,45,1,100,,25709,1835,0,45,1,100,,25723,1835,0,45,1,100,,25710,1835,0,45,1,100,,25707,1835,0,45,1
55000,'SE',1633,,32381,6414,,,2
61400,'SE',1711,,32413,10025,,,2
68400,'SE',1616,,32476,3320,,,2,1,,32475,3320,,,2
69201,'SE',845,,32492,5070,,,2
