2300,'F1',659,,24556,7697,,,1,100,,24557,7697,,,1,100,,24553,7697,,,1,141,,24549,7697,,,1,59,,24551,7697,,,1,143,,24552,7697,,,1,57,,24558,7697,,,1,100,,24550,7697,,,1,100,,24554,7697,,,1,100,,24555,7697,,,1,100,,24559,7697,,,1,142,,24560,7697,,,1
2300,'F2',659,,24569,7697,,,1,100,,24570,7697,,,1,100,,24561,7697,,,1,141,,24562,7697,,,1,59,,24565,7697,,,1,143,,24566,7697,,,1,57,,24571,7697,,,1,100,,24572,7697,,,1,100,,24568,7697,,,1,100,,24567,7697,,,1,100,,24563,7697,,,1,142,,24564,7697,,,1
2300,'SA',659,,24581,7697,,,1,100,,24582,7697,,,1,100,,24573,7697,,,1,141,,24574,7697,,,1,59,,24577,7697,,,1,143,,24578,7697,,,1,57,,24583,7697,,,1,100,,24584,7697,,,1,100,,24580,7697,,,1,100,,24579,7697,,,1,100,,24575,7697,,,1,142,,24576,7697,,,1
2300,'SE',1001,,24587,7697,,,1,100,,24585,7697,,,1,100,,24588,7697,,,1,100,,24589,7697,,,1,100,,24586,7697,,,1
12300,'DI',629,,30605,7697,0,46 47,1,100,,30615,7697,0,46 47,1,100,,30606,7697,0,46 47,1,100,,30616,7697,0,46 47,1,100,,30607,7697,0,46 47,1,100,,30617,7697,0,46 47,1,105,,30608,7697,0,46 47,1,95,,30618,7697,0,46 47,1,100,,30609,7697,0,46 47,1,100,,30619,7697,0,46 47,1,100,,30610,7697,0,46 47,1,100,,30620,7697,0,46 47,1,100,,30611,7697,0,46 47,1,100,,30621,7697,0,46 47,1,100,,30612,7697,0,46 47,1,100,,30622,7697,0,46 47,1,100,,30613,7697,0,46 47,1,100,,30623,7697,0,46 47,1,100,,30614,7697,0,46 47,1
12300,'F1',629,,30632,7697,0,46 47,1,100,,30636,7697,0,46 47,1,100,,30626,7697,0,46 47,1,105,,30637,7697,0,46 47,1,99,,30627,7697,0,46 47,1,100,,30624,7697,0,46 47,1,100,,30628,7697,0,46 47,1,96,,30625,7697,0,46 47,1,100,,30629,7697,0,46 47,1,100,,30630,7697,0,46 47,1,104,,30638,7697,0,46 47,1,101,,30631,7697,0,46 47,1,99,,30639,7697,0,46 47,1,96,,30633,7697,0,46 47,1,100,,30640,7697,0,46 47,1,100,,30634,7697,0,46 47,1,100,,30641,7697,0,46 47,1,100,,30635,7697,0,46 47,1,100,,30642,7697,0,46 47,1
12300,'F2',629,,30644,7697,0,46 47,1,100,,30643,7697,0,46 47,1,100,,30645,7697,0,46 47,1,105,,30654,7697,0,46 47,1,99,,30646,7697,0,46 47,1,100,,30655,7697,0,46 47,1,100,,30647,7697,0,46 47,1,96,,30656,7697,0,46 47,1,100,,30648,7697,0,46 47,1,100,,30657,7697,0,46 47,1,104,,30649,7697,0,46 47,1,101,,30658,7697,0,46 47,1,99,,30650,7697,0,46 47,1,96,,30659,7697,0,46 47,1,100,,30651,7697,0,46 47,1,100,,30660,7697,0,46 47,1,100,,30652,7697,0,46 47,1,100,,30661,7697,0,46 47,1,100,,30653,7697,0,46 47,1
12300,'SA',629,,30663,7697,0,46 47,1,100,,30662,7697,0,46 47,1,100,,30664,7697,0,46 47,1,105,,30673,7697,0,46 47,1,99,,30665,7697,0,46 47,1,100,,30674,7697,0,46 47,1,100,,30666,7697,0,46 47,1,96,,30675,7697,0,46 47,1,100,,30667,7697,0,46 47,1,100,,30676,7697,0,46 47,1,104,,30668,7697,0,46 47,1,101,,30677,7697,0,46 47,1,99,,30669,7697,0,46 47,1,96,,30678,7697,0,46 47,1,100,,30670,7697,0,46 47,1,100,,30679,7697,0,46 47,1,100,,30671,7697,0,46 47,1,100,,30680,7697,0,46 47,1,100,,30672,7697,0,46 47,1
12300,'SE',522,,30700,7697,0,46 47,1,33,,30681,7697,0,46 47,1,55,,30688,7697,0,46 47,1,10,,30682,7697,0,46 47,1,10,,30702,7697,0,46 47,1,10,,30693,7697,0,46 47,1,12,,30703,7697,0,46 47,1,48,,30683,7697,0,46 47,1,12,,30707,7697,0,46 47,1,10,,30684,7697,0,46 47,1,21,,30708,7697,0,46 47,1,57,,30704,7697,0,46 47,1,30,,30710,7697,0,46 47,1,27,,30709,7697,0,46 47,1,69,,30690,7697,0,46 47,1,102,,30685,7697,0,46 47,1,100,,30695,7697,0,46 47,1,99,,30705,7697,0,46 47,1,103,,30697,7697,0,46 47,1,5,,30694,7697,0,46 47,1,93,,30701,7697,0,46 47,1,30,,30711,7697,0,46 47,1,72,,30698,7697,0,46 47,1,26,,30696,7697,0,46 47,1,71,,30713,7697,0,46 47,1,31,,30715,7697,0,46 47,1,71,,30687,7697,0,46 47,1,29,,30699,7697,0,46 47,1,75,,30686,7697,0,46 47,1,68,,30712,7697,0,46 47,1,30,,30706,7697,0,46 47,1,69,,30689,7697,0,46 47,1,30,,30714,7697,0,46 47,1,100,,30691,7697,0,46 47,1,100,,30716,7697,0,46 47,1,97,,30692,7697,0,46 47,1,100,,30717,7697,0,46 47,1
57201,'SE',839,,32392,466,,,2
