2200,'F1',638,,24518,10191,4,,2,92,,24520,10191,4,,2,25,,24519,10191,4,,2,893,,24521,10191,4,,2,80,,24523,10191,4,,2,20,,24517,10191,4,,2,70,,24522,10191,4,,2,40,,24524,10191,4,,2
2200,'SE',638,,24525,10191,4,,2,92,,24527,10191,4,,2,25,,24526,10191,4,,2,893,,24530,10191,4,,2,80,,24528,10191,4,,2,20,,24532,10191,4,,2,70,,24531,10191,4,,2,40,,24529,10191,4,,2
2201,'F1',528,,24534,0,,,2,92,,24536,0,,,2,25,,24535,0,,,2,70,,24538,0,,,2,30,,24537,0,,,2,908,,24539,0,,,2,80,,24540,0,,,2,20,,24533,0,,,2
2201,'SE',528,,24542,0,,,2,92,,24544,0,,,2,25,,24543,0,,,2,70,,24541,0,,,2,30,,24545,0,,,2,908,,24547,0,,,2,80,,24546,0,,,2,20,,24548,0,,,2
6100,'DI',714,,27440,10746,,,2,89,,27444,10746,,,2,30,,27441,10746,,,2,70,,27447,10746,,,2,30,,27445,10746,,,2,70,,27442,10746,,,2,30,,27448,10746,,,2,70,,27450,10746,,,2,30,,27455,10746,,,2,70,,27460,10746,,,2,30,,27451,10746,,,2,70,,27456,10746,,,2,30,,27461,10746,,,2,70,,27452,10746,,,2,30,,27457,10746,,,2,70,,27463,10746,,,2,30,,27453,10746,,,2,74,,27458,10746,,,2,21,,27464,10746,,,2,75,,27467,10746,,,2,20,,27471,10746,,,2,80,,27465,10746,,,2,25,,27468,10746,,,2,30,,27472,10746,,,2,85,,27469,10746,,,2,100,,27473,10746,,,2,100,,27475,10746,,,2,100,,27477,10746,,,2,100,,27479,10746,,,2,100,,27480,10746,,,2
6100,'F1',714,,27481,10746,,,2,89,,27485,10746,,,2,30,,27482,10746,,,2,70,,27488,10746,,,2,30,,27486,10746,,,2,70,,27483,10746,,,2,30,,27489,10746,,,2,70,,27491,10746,,,2,30,,27496,10746,,,2,70,,27499,10746,,,2,30,,27492,10746,,,2,70,,27497,10746,,,2,30,,27500,10746,,,2,70,,27493,10746,,,2,30,,27502,10746,,,2,70,,27507,10746,,,2,30,,27494,10746,,,2,74,,27503,10746,,,2,21,,27508,10746,,,2,75,,27511,10746,,,2,20,,27504,10746,,,2,80,,27509,10746,,,2,25,,27512,10746,,,2,30,,27505,10746,,,2,85,,27514,10746,,,2,100,,27517,10746,,,2,100,,27515,10746,,,2,100,,27519,10746,,,2,100,,27518,10746,,,2,100,,27520,10746,,,2
6100,'F2',714,,27521,10746,,,2,89,,27525,10746,,,2,30,,27522,10746,,,2,70,,27528,10746,,,2,30,,27526,10746,,,2,70,,27523,10746,,,2,30,,27529,10746,,,2,70,,27531,10746,,,2,30,,27536,10746,,,2,70,,27539,10746,,,2,30,,27532,10746,,,2,70,,27537,10746,,,2,30,,27540,10746,,,2,70,,27533,10746,,,2,30,,27542,10746,,,2,70,,27547,10746,,,2,30,,27534,10746,,,2,74,,27543,10746,,,2,21,,27548,10746,,,2,75,,27551,10746,,,2,20,,27544,10746,,,2,80,,27549,10746,,,2,25,,27552,10746,,,2,30,,27545,10746,,,2,85,,27554,10746,,,2,100,,27557,10746,,,2,100,,27555,10746,,,2,100,,27559,10746,,,2,100,,27558,10746,,,2,100,,27560,10746,,,2
6100,'SA',714,,27561,10746,,,2,89,,27565,10746,,,2,30,,27562,10746,,,2,70,,27568,10746,,,2,30,,27566,10746,,,2,70,,27563,10746,,,2,30,,27569,10746,,,2,70,,27571,10746,,,2,30,,27576,10746,,,2,70,,27579,10746,,,2,30,,27572,10746,,,2,70,,27577,10746,,,2,30,,27580,10746,,,2,70,,27573,10746,,,2,30,,27582,10746,,,2,70,,27587,10746,,,2,30,,27574,10746,,,2,74,,27583,10746,,,2,21,,27588,10746,,,2,75,,27591,10746,,,2,20,,27584,10746,,,2,80,,27589,10746,,,2,25,,27592,10746,,,2,30,,27585,10746,,,2,85,,27594,10746,,,2,100,,27597,10746,,,2,100,,27595,10746,,,2,100,,27599,10746,,,2,100,,27598,10746,,,2,100,,27600,10746,,,2
6100,'SE',623,,27603,10746,,,2,28,,27601,10746,,,2,66,,27610,10746,,,2,9,,27615,10746,,,2,19,,27607,10746,,,2,66,,27604,10746,,,2,23,,27612,10746,,,2,15,,27617,10746,,,2,76,,27608,10746,,,2,30,,27605,10746,,,2,70,,27613,10746,,,2,31,,27657,10746,,,2,70,,27611,10746,,,2,30,,27618,10746,,,2,70,,27622,10746,,,2,30,,27619,10746,,,2,70,,27620,10746,,,2,33,,27624,10746,,,2,61,,27627,10746,,,2,27,,27632,10746,,,2,63,,27621,10746,,,2,20,,27623,10746,,,2,23,,27635,10746,,,2,4,,27638,10746,,,2,65,,27628,10746,,,2,7,,27630,10746,,,2,14,,27639,10746,,,2,13,,27640,10746,,,2,54,,27625,10746,,,2,15,,27644,10746,,,2,6,,27647,10746,,,2,18,,27636,10746,,,2,54,,27633,10746,,,2,24,,27649,10746,,,2,24,,27641,10746,,,2,68,,27652,10746,,,2,30,,27655,10746,,,2,70,,27645,10746,,,2,30,,27648,10746,,,2,70,,27656,10746,,,2,30,,27642,10746,,,2,68,,27653,10746,,,2,30,,27650,10746,,,2,69,,27646,10746,,,2,30,,27654,10746,,,2,70,,27651,10746,,,2
6101,'DI',727,,27662,13255,,,2,30,,27659,13255,,,2,72,,27665,13255,,,2,17,,27663,13255,,,2,70,,27660,13255,,,2,30,,27666,13255,,,2,70,,27664,13255,,,2,30,,27661,13255,,,2,70,,27667,13255,,,2,30,,27668,13255,,,2,70,,27672,13255,,,2,30,,27676,13255,,,2,70,,27669,13255,,,2,30,,27673,13255,,,2,70,,27677,13255,,,2,30,,27670,13255,,,2,70,,27674,13255,,,2,30,,27678,13255,,,2,70,,27671,13255,,,2,34,,27675,13255,,,2,61,,27679,13255,,,2,35,,27681,13255,,,2,60,,27684,13255,,,2,40,,27680,13255,,,2,65,,27682,13255,,,2,30,,27685,13255,,,2,85,,27683,13255,,,2,100,,27686,13255,,,2,100,,27687,13255,,,2,100,,27688,13255,,,2
6101,'F1',727,,27694,13255,,,2,30,,27691,13255,,,2,72,,27697,13255,,,2,17,,27695,13255,,,2,70,,27692,13255,,,2,30,,27698,13255,,,2,70,,27696,13255,,,2,30,,27693,13255,,,2,70,,27699,13255,,,2,30,,27700,13255,,,2,70,,27704,13255,,,2,30,,27706,13255,,,2,70,,27701,13255,,,2,30,,27705,13255,,,2,70,,27707,13255,,,2,30,,27702,13255,,,2,70,,27708,13255,,,2,30,,27712,13255,,,2,70,,27703,13255,,,2,34,,27709,13255,,,2,61,,27713,13255,,,2,35,,27715,13255,,,2,60,,27710,13255,,,2,40,,27714,13255,,,2,65,,27716,13255,,,2,30,,27711,13255,,,2,85,,27717,13255,,,2,100,,27719,13255,,,2,100,,27718,13255,,,2,100,,27721,13255,,,2
6101,'F2',727,,27726,13255,,,2,30,,27723,13255,,,2,72,,27729,13255,,,2,17,,27727,13255,,,2,70,,27724,13255,,,2,30,,27730,13255,,,2,70,,27728,13255,,,2,30,,27725,13255,,,2,70,,27731,13255,,,2,30,,27732,13255,,,2,70,,27736,13255,,,2,30,,27738,13255,,,2,70,,27733,13255,,,2,30,,27737,13255,,,2,70,,27739,13255,,,2,30,,27734,13255,,,2,70,,27740,13255,,,2,30,,27744,13255,,,2,70,,27735,13255,,,2,34,,27741,13255,,,2,61,,27745,13255,,,2,35,,27747,13255,,,2,60,,27742,13255,,,2,40,,27746,13255,,,2,65,,27748,13255,,,2,30,,27743,13255,,,2,85,,27749,13255,,,2,100,,27751,13255,,,2,100,,27750,13255,,,2,100,,27753,13255,,,2
6101,'SA',727,,27758,13255,,,2,30,,27755,13255,,,2,72,,27761,13255,,,2,17,,27759,13255,,,2,70,,27756,13255,,,2,30,,27762,13255,,,2,70,,27760,13255,,,2,30,,27757,13255,,,2,70,,27763,13255,,,2,30,,27764,13255,,,2,70,,27768,13255,,,2,30,,27770,13255,,,2,70,,27765,13255,,,2,30,,27769,13255,,,2,70,,27771,13255,,,2,30,,27766,13255,,,2,70,,27772,13255,,,2,30,,27776,13255,,,2,70,,27767,13255,,,2,34,,27773,13255,,,2,61,,27777,13255,,,2,35,,27779,13255,,,2,60,,27774,13255,,,2,40,,27778,13255,,,2,65,,27780,13255,,,2,30,,27775,13255,,,2,85,,27781,13255,,,2,100,,27783,13255,,,2,100,,27782,13255,,,2,100,,27785,13255,,,2
6101,'SE',607,,27836,13255,,,2,30,,27838,13255,,,2,10,,27791,13255,,,2,57,,27794,13255,,,2,9,,27788,13255,,,2,14,,27797,13255,,,2,14,,27787,13255,,,2,7,,27801,13255,,,2,56,,27795,13255,,,2,9,,27800,13255,,,2,19,,27792,13255,,,2,24,,27789,13255,,,2,62,,27798,13255,,,2,15,,27802,13255,,,2,76,,27793,13255,,,2,30,,27790,13255,,,2,70,,27799,13255,,,2,32,,27837,13255,,,2,70,,27796,13255,,,2,30,,27803,13255,,,2,72,,27807,13255,,,2,30,,27804,13255,,,2,70,,27805,13255,,,2,33,,27809,13255,,,2,61,,27811,13255,,,2,27,,27814,13255,,,2,23,,27806,13255,,,2,60,,27808,13255,,,2,24,,27816,13255,,,2,4,,27818,13255,,,2,65,,27812,13255,,,2,7,,27813,13255,,,2,14,,27819,13255,,,2,13,,27820,13255,,,2,14,,27810,13255,,,2,54,,27823,13255,,,2,6,,27826,13255,,,2,14,,27817,13255,,,2,14,,27815,13255,,,2,64,,27828,13255,,,2,24,,27821,13255,,,2,68,,27831,13255,,,2,28,,27834,13255,,,2,70,,27824,13255,,,2,29,,27827,13255,,,2,29,,27835,13255,,,2,70,,27822,13255,,,2,29,,27832,13255,,,2,70,,27829,13255,,,2
12000,'SE',625,,30586,10912,4,,2,26,,30583,10912,4,,2,77,,30587,10912,4,,2,29,,30584,10912,4,,2,72,,30585,10912,4,,2,795,,30588,10670,4,,2,32,,30589,10670,4,,2,76,,30593,10670,4,,2,22,,30592,10670,4,,2,69,,30591,10670,4,,2,28,,30590,10670,4,,2
12001,'SE',559,,30596,0,,,2,71,,30602,0,,,2,26,,30594,0,,,2,77,,30603,0,,,2,69,,30595,0,,,2,32,,30597,0,,,2,795,,30598,0,,,2,72,,30599,0,,,2,36,,30604,0,,,2,22,,30601,0,,,2,69,,30600,0,,,2
16100,'DI',623,,31230,13892,,,2,33,,31218,13892,4,,2,70,,31228,13892,4,,2,30,,31221,13892,4,,2,70,,31222,13892,4,,2,30,,31224,13892,4,,2,702,,31219,13892,4,,2,68,,31223,13892,4,,2,32,,31220,13892,4,,2,70,,31226,13892,4,,2,27,,31229,13892,,,2,75,,31225,13892,4,,2,70,,31227,13892,4,,2
16100,'F1',623,,31242,13892,,,2,33,,31232,13892,4,,2,70,,31237,13892,4,,2,30,,31231,13892,4,,2,70,,16848,13892,4,,2,30,,31234,13892,4,,2,700,,31239,13892,4,,2,71,,31240,13892,4,,2,31,,31236,13892,4,,2,67,,31241,13892,,,2,34,,31238,13892,4,,2,71,,31233,13892,4,,2,29,,31235,13892,4,,2
16100,'F2',623,,31254,13892,,,2,33,,31247,13892,4,,2,70,,31248,13892,4,,2,30,,31245,13892,4,,2,70,,31251,13892,4,,2,30,,31249,13892,4,,2,700,,31246,13892,4,,2,71,,31243,13892,4,,2,31,,31252,13892,4,,2,67,,31255,13892,,,2,34,,31244,13892,4,,2,71,,31253,13892,4,,2,29,,31250,13892,4,,2
16100,'SA',623,,31267,13892,,,2,33,,31260,13892,4,,2,70,,31261,13892,4,,2,30,,31258,13892,4,,2,70,,31264,13892,4,,2,30,,31262,13892,4,,2,700,,31259,13892,4,,2,71,,31256,13892,4,,2,31,,31265,13892,4,,2,67,,31268,13892,,,2,34,,31257,13892,4,,2,71,,31266,13892,4,,2,29,,31263,13892,4,,2
16100,'SE',703,,31282,13781,,,2,25,,31283,13781,,,2,25,,31281,13781,,,2,65,,31270,13781,4,,2,21,,31271,13781,4,,2,17,,31269,13781,4,,2,359,,31285,13892,,,2,301,,31274,13892,4,,2,30,,31279,13892,4,,2,58,,31287,13892,,,2,23,,31276,13892,4,,2,18,,31288,13892,,,2,63,,31272,13892,4,,2,17,,31284,13892,,,2,23,,31277,13892,4,,2,60,,31275,13892,4,,2,17,,31286,13892,,,2,23,,31280,13892,4,,2,57,,31278,13892,4,,2,20,,31273,13892,4,,2
16101,'DI',601,,31301,4722,,,2,30,,31292,0,,,2,70,,31289,0,,,2,30,,31299,0,,,2,70,,31293,0,,,2,30,,31294,0,,,2,70,,31296,0,,,2,702,,31290,0,,,2,28,,31295,0,,,2,72,,31291,0,,,2,30,,31300,4722,,,2,70,,31298,0,,,2,32,,31297,0,,,2
16101,'F1',601,,31312,4722,,,2,30,,31310,0,,,2,70,,31303,0,,,2,30,,31307,0,,,2,70,,31302,0,,,2,30,,16953,0,,,2,70,,31305,0,,,2,700,,31309,0,,,2,31,,31311,0,,,2,71,,31306,0,,,2,30,,31313,4722,,,2,71,,31308,0,,,2,31,,31304,0,,,2
16101,'F2',601,,31325,4722,,,2,30,,31321,0,,,2,70,,31318,0,,,2,30,,31319,0,,,2,70,,31316,0,,,2,30,,31322,0,,,2,70,,31320,0,,,2,700,,31317,0,,,2,31,,31314,0,,,2,71,,31323,0,,,2,30,,31326,4722,,,2,71,,31315,0,,,2,31,,31324,0,,,2
16101,'SA',601,,31337,4722,,,2,30,,17011,0,,,2,70,,31331,0,,,2,30,,31332,0,,,2,70,,31329,0,,,2,30,,31334,0,,,2,70,,31333,0,,,2,700,,31330,0,,,2,31,,31327,0,,,2,71,,31335,0,,,2,30,,31338,4722,,,2,71,,31328,0,,,2,31,,31336,0,,,2
16101,'SE',556,,31346,0,,,2,60,,31341,0,,,2,22,,31355,4722,,,2,20,,31344,0,,,2,53,,31353,4722,,,2,17,,31348,0,,,2,15,,31356,4722,,,2,57,,31343,0,,,2,23,,31347,0,,,2,21,,31351,0,,,2,57,,31340,0,,,2,20,,31339,0,,,2,324,,31352,4722,,,2,372,,31358,4722,,,2,15,,31349,0,,,2,21,,31354,4722,,,2,60,,31342,0,,,2,18,,31357,4722,,,2,22,,31350,0,,,2,60,,31345,0,,,2
46100,'DI',636,,31959,10746,,,2,75,,31962,10746,,,2,108,,31963,10746,,,2,97,,31964,10746,,,2,30,,31960,10746,,,2,69,,31965,10746,,,2,30,,31967,10746,,,2,70,,31972,10746,,,2,30,,31968,10746,,,2,70,,31973,10746,,,2,30,,31969,10746,,,2,70,,31974,10746,,,2,30,,31970,10746,,,2,70,,31989,10746,,,2,30,,31976,10746,,,2,100,,31977,10746,,,2,96,,31978,10746,,,2,100,,31979,10746,,,2,74,,31981,10746,,,2,30,,31980,10746,,,2,70,,31982,10746,,,2,100,,31984,10746,,,2,100,,31985,10746,,,2,100,,31986,10746,,,2,100,,31987,10746,,,2,100,,31988,10746,,,2
46100,'F1',636,,31996,10746,,,2,75,,31999,10746,,,2,108,,32000,10746,,,2,97,,32001,10746,,,2,30,,31997,10746,,,2,69,,32002,10746,,,2,30,,32004,10746,,,2,70,,32009,10746,,,2,30,,32005,10746,,,2,70,,32010,10746,,,2,30,,32006,10746,,,2,70,,32011,10746,,,2,30,,32007,10746,,,2,70,,32021,10746,,,2,30,,32013,10746,,,2,100,,32014,10746,,,2,96,,32015,10746,,,2,100,,32016,10746,,,2,74,,32018,10746,,,2,30,,32017,10746,,,2,70,,32019,10746,,,2,100,,31992,10746,,,2,100,,31990,10746,,,2,100,,31993,10746,,,2,100,,31995,10746,,,2,100,,31994,10746,,,2
46100,'F2',636,,32028,10746,,,2,75,,32031,10746,,,2,108,,32032,10746,,,2,97,,32033,10746,,,2,30,,32029,10746,,,2,69,,32034,10746,,,2,30,,32036,10746,,,2,70,,32041,10746,,,2,30,,32037,10746,,,2,70,,32042,10746,,,2,30,,32038,10746,,,2,70,,32043,10746,,,2,30,,32039,10746,,,2,70,,32053,10746,,,2,30,,32045,10746,,,2,100,,32046,10746,,,2,96,,32047,10746,,,2,100,,32048,10746,,,2,74,,32050,10746,,,2,30,,32049,10746,,,2,70,,32051,10746,,,2,100,,32024,10746,,,2,100,,32022,10746,,,2,100,,32025,10746,,,2,100,,32027,10746,,,2,100,,32026,10746,,,2
46100,'SA',636,,32060,10746,,,2,75,,32063,10746,,,2,108,,32064,10746,,,2,97,,32065,10746,,,2,30,,32061,10746,,,2,69,,32066,10746,,,2,30,,32068,10746,,,2,70,,32073,10746,,,2,30,,32069,10746,,,2,70,,32074,10746,,,2,30,,32070,10746,,,2,70,,32075,10746,,,2,30,,32071,10746,,,2,70,,32085,10746,,,2,30,,32077,10746,,,2,100,,32078,10746,,,2,96,,32079,10746,,,2,100,,32080,10746,,,2,74,,32082,10746,,,2,30,,32081,10746,,,2,70,,32083,10746,,,2,100,,32056,10746,,,2,100,,32054,10746,,,2,100,,32057,10746,,,2,100,,32059,10746,,,2,100,,32058,10746,,,2
46100,'SE',520,,32087,10746,,,2,19,,32086,10746,,,2,16,,32128,10746,,,2,58,,32127,10746,,,2,23,,32123,10746,,,2,71,,32120,10746,,,2,33,,32129,10746,,,2,84,,32121,10746,,,2,28,,32090,10746,,,2,157,,32091,10746,,,2,30,,32093,10746,,,2,70,,32088,10746,,,2,30,,32095,10746,,,2,70,,32097,10746,,,2,30,,32102,10746,,,2,70,,32092,10746,,,2,30,,32094,10746,,,2,69,,32099,10746,,,2,22,,32096,10746,,,2,75,,32104,10746,,,2,36,,32103,10746,,,2,70,,32125,10746,,,2,26,,32105,10746,,,2,14,,32098,10746,,,2,67,,32100,10746,,,2,21,,32126,10746,,,2,16,,32106,10746,,,2,61,,32107,10746,,,2,86,,32110,10746,,,2,30,,32112,10746,,,2,70,,32115,10746,,,2,30,,32109,10746,,,2,70,,32117,10746,,,2,30,,32116,10746,,,2,70,,32111,10746,,,2,31,,32113,10746,,,2,69,,32118,10746,,,2,30,,32114,10746,,,2,69,,32119,10746,,,2
46101,'DI',559,,32130,3397,,,2,80,,32133,3397,,,2,103,,32134,3397,,,2,97,,32135,3397,,,2,70,,32131,3397,,,2,30,,32136,3397,,,2,70,,32132,3397,,,2,30,,32137,3397,,,2,70,,32138,3397,,,2,30,,32142,3397,,,2,70,,32139,3397,,,2,30,,32143,3397,,,2,70,,32140,3397,,,2,30,,32144,3397,,,2,70,,32141,3397,,,2,100,,32145,3397,,,2,100,,32146,3397,,,2,91,,32147,3397,,,2,39,,32149,3397,,,2,74,,32148,3397,,,2,26,,32150,3397,,,2,95,,32151,3397,,,2,105,,32152,3397,,,2,100,,32153,3397,,,2,100,,32154,3397,,,2,100,,32155,3397,,,2
46101,'F1',559,,32160,3397,,,2,80,,32163,3397,,,2,103,,32164,3397,,,2,97,,32165,3397,,,2,70,,32161,3397,,,2,30,,32166,3397,,,2,70,,32162,3397,,,2,30,,32167,3397,,,2,70,,32168,3397,,,2,30,,32172,3397,,,2,70,,32169,3397,,,2,30,,32173,3397,,,2,70,,32170,3397,,,2,30,,32174,3397,,,2,70,,32171,3397,,,2,100,,32175,3397,,,2,100,,32176,3397,,,2,91,,32177,3397,,,2,39,,32179,3397,,,2,74,,32178,3397,,,2,26,,32180,3397,,,2,95,,32181,3397,,,2,105,,32157,3397,,,2,100,,32156,3397,,,2,100,,32158,3397,,,2,100,,32159,3397,,,2
46101,'F2',559,,32186,3397,,,2,80,,32189,3397,,,2,103,,32190,3397,,,2,97,,32191,3397,,,2,70,,32187,3397,,,2,30,,32192,3397,,,2,70,,32188,3397,,,2,30,,32193,3397,,,2,70,,32194,3397,,,2,30,,32198,3397,,,2,70,,32195,3397,,,2,30,,32199,3397,,,2,70,,32196,3397,,,2,30,,32200,3397,,,2,70,,32197,3397,,,2,100,,32201,3397,,,2,100,,32202,3397,,,2,91,,32203,3397,,,2,39,,32205,3397,,,2,74,,32204,3397,,,2,26,,32206,3397,,,2,95,,32207,3397,,,2,105,,32183,3397,,,2,100,,32182,3397,,,2,100,,32184,3397,,,2,100,,32185,3397,,,2
46101,'SA',559,,32212,3397,,,2,80,,32215,3397,,,2,103,,32216,3397,,,2,97,,32217,3397,,,2,70,,32213,3397,,,2,30,,32218,3397,,,2,70,,32214,3397,,,2,30,,32219,3397,,,2,70,,32220,3397,,,2,30,,32224,3397,,,2,70,,32221,3397,,,2,30,,32225,3397,,,2,70,,32222,3397,,,2,30,,32226,3397,,,2,70,,32223,3397,,,2,100,,32227,3397,,,2,100,,32228,3397,,,2,91,,32229,3397,,,2,39,,32231,3397,,,2,74,,32230,3397,,,2,26,,32232,3397,,,2,95,,32233,3397,,,2,105,,32209,3397,,,2,100,,32208,3397,,,2,100,,32210,3397,,,2,100,,32211,3397,,,2
46101,'SE',445,,32234,3397,,,2,68,,32266,3397,,,2,24,,32236,3397,,,2,20,,32235,3397,,,2,100,,32264,3397,,,2,77,,32262,3397,,,2,108,,32263,3397,,,2,67,,32238,3397,,,2,39,,32267,3397,,,2,77,,32239,3397,,,2,30,,32240,3397,,,2,70,,32237,3397,,,2,30,,32241,3397,,,2,70,,32242,3397,,,2,30,,32245,3397,,,2,70,,32247,3397,,,2,30,,32248,3397,,,2,71,,32243,3397,,,2,97,,32249,3397,,,2,84,,32246,3397,,,2,24,,32265,3397,,,2,27,,32250,3397,,,2,77,,32244,3397,,,2,69,,32259,3397,,,2,36,,32251,3397,,,2,80,,32253,3397,,,2,30,,32255,3397,,,2,70,,32257,3397,,,2,29,,32252,3397,,,2,70,,32260,3397,,,2,30,,32258,3397,,,2,70,,32254,3397,,,2,30,,32256,3397,,,2,69,,32261,3397,,,2
46200,'DI',729,,32270,16079,,,2,104,,32268,16079,,,2,100,,32271,16079,,,2,626,,32272,16079,,,2,100,,32269,16079,,,2,100,,32273,16079,,,2
46200,'F1',729,,32276,16079,,,2,104,,32274,16079,,,2,100,,32277,16079,,,2,626,,32278,16079,,,2,100,,32275,16079,,,2,100,,32279,16079,,,2
46200,'F2',729,,32282,16079,,,2,104,,32280,16079,,,2,100,,32283,16079,,,2,626,,32284,16079,,,2,100,,32281,16079,,,2,100,,32285,16079,,,2
46200,'SA',729,,32288,16079,,,2,104,,32286,16079,,,2,100,,32289,16079,,,2,626,,32290,16079,,,2,100,,32287,16079,,,2,100,,32291,16079,,,2
46200,'SE',732,,32293,16079,,,2,81,,32292,16079,,,2,34,,32296,16079,,,2,74,,32294,16079,,,2,23,,32295,16079,,,2,663,,32297,16079,,,2,101,,32299,16079,,,2,37,,32300,16079,,,2,56,,32298,16079,,,2
46201,'DI',629,,32303,3397,0,9 57,2,93,,32301,3397,0,9 57,2,102,,32304,3397,0,9 57,2,626,,32305,3397,0,9 57,2,99,,32302,3397,0,9 57,2,100,,32306,3397,0,9 57,2
46201,'F1',629,,32309,3397,0,9 57,2,93,,32307,3397,0,9 57,2,102,,32310,3397,0,9 57,2,626,,32311,3397,0,9 57,2,99,,32308,3397,0,9 57,2,100,,32312,3397,0,9 57,2
46201,'F2',629,,32315,3397,0,9 57,2,93,,32313,3397,0,9 57,2,102,,32316,3397,0,9 57,2,626,,32317,3397,0,9 57,2,99,,32314,3397,0,9 57,2,100,,32318,3397,0,9 57,2
46201,'SA',629,,32321,3397,0,9 57,2,93,,32319,3397,0,9 57,2,102,,32322,3397,0,9 57,2,626,,32323,3397,0,9 57,2,99,,32320,3397,0,9 57,2,100,,32324,3397,0,9 57,2
46201,'SE',617,,32326,3397,0,9 57,2,33,,32325,3397,0,9 57,2,70,,32329,3397,0,9 57,2,36,,32327,3397,0,9 57,2,66,,32328,3397,0,9 57,2,619,,32330,3397,0,9 57,2,96,,32332,3397,0,9 57,2,84,,32333,3397,0,9 57,2,16,,32331,3397,0,9 57,2
