6100,'DI',715,,27440,11292,,,2,89,,27444,11292,,,2,30,,27441,11292,,,2,70,,27447,11292,,,2,30,,27445,11292,,,2,70,,27442,11292,,,2,30,,27448,11292,,,2,70,,27450,11292,,,2,30,,27455,11292,,,2,70,,27460,11292,,,2,30,,27451,11292,,,2,70,,27456,11292,,,2,30,,27461,11292,,,2,70,,27452,11292,,,2,30,,27457,11292,,,2,70,,27463,11292,,,2,30,,27453,11292,,,2,74,,27458,11292,,,2,21,,27464,11292,,,2,75,,27467,11292,,,2,20,,27471,11292,,,2,80,,27465,11292,,,2,25,,27468,11292,,,2,30,,27472,11292,,,2,85,,27469,11292,,,2,100,,27473,11292,,,2,100,,27475,11292,,,2,100,,27477,11292,,,2,100,,27479,11292,,,2,100,,27480,11292,,,2
6100,'F1',715,,27481,11292,,,2,89,,27485,11292,,,2,30,,27482,11292,,,2,70,,27488,11292,,,2,30,,27486,11292,,,2,70,,27483,11292,,,2,30,,27489,11292,,,2,70,,27491,11292,,,2,30,,27496,11292,,,2,70,,27499,11292,,,2,30,,27492,11292,,,2,70,,27497,11292,,,2,30,,27500,11292,,,2,70,,27493,11292,,,2,30,,27502,11292,,,2,70,,27507,11292,,,2,30,,27494,11292,,,2,74,,27503,11292,,,2,21,,27508,11292,,,2,75,,27511,11292,,,2,20,,27504,11292,,,2,80,,27509,11292,,,2,25,,27512,11292,,,2,30,,27505,11292,,,2,85,,27514,11292,,,2,100,,27517,11292,,,2,100,,27515,11292,,,2,100,,27519,11292,,,2,100,,27518,11292,,,2,100,,27520,11292,,,2
6100,'F2',715,,27521,11292,,,2,89,,27525,11292,,,2,30,,27522,11292,,,2,70,,27528,11292,,,2,30,,27526,11292,,,2,70,,27523,11292,,,2,30,,27529,11292,,,2,70,,27531,11292,,,2,30,,27536,11292,,,2,70,,27539,11292,,,2,30,,27532,11292,,,2,70,,27537,11292,,,2,30,,27540,11292,,,2,70,,27533,11292,,,2,30,,27542,11292,,,2,70,,27547,11292,,,2,30,,27534,11292,,,2,74,,27543,11292,,,2,21,,27548,11292,,,2,75,,27551,11292,,,2,20,,27544,11292,,,2,80,,27549,11292,,,2,25,,27552,11292,,,2,30,,27545,11292,,,2,85,,27554,11292,,,2,100,,27557,11292,,,2,100,,27555,11292,,,2,100,,27559,11292,,,2,100,,27558,11292,,,2,100,,27560,11292,,,2
6100,'SA',715,,27561,11292,,,2,89,,27565,11292,,,2,30,,27562,11292,,,2,70,,27568,11292,,,2,30,,27566,11292,,,2,70,,27563,11292,,,2,30,,27569,11292,,,2,70,,27571,11292,,,2,30,,27576,11292,,,2,70,,27579,11292,,,2,30,,27572,11292,,,2,70,,27577,11292,,,2,30,,27580,11292,,,2,70,,27573,11292,,,2,30,,27582,11292,,,2,70,,27587,11292,,,2,30,,27574,11292,,,2,74,,27583,11292,,,2,21,,27588,11292,,,2,75,,27591,11292,,,2,20,,27584,11292,,,2,80,,27589,11292,,,2,25,,27592,11292,,,2,30,,27585,11292,,,2,85,,27594,11292,,,2,100,,27597,11292,,,2,100,,27595,11292,,,2,100,,27599,11292,,,2,100,,27598,11292,,,2,100,,27600,11292,,,2
6100,'SE',624,,27603,11292,,,2,28,,27601,11292,,,2,66,,27610,11292,,,2,9,,27615,11292,,,2,19,,27607,11292,,,2,66,,27604,11292,,,2,23,,27612,11292,,,2,15,,27617,11292,,,2,76,,27608,11292,,,2,30,,27605,11292,,,2,70,,27613,11292,,,2,31,,27657,11292,,,2,70,,27611,11292,,,2,30,,27618,11292,,,2,70,,27622,11292,,,2,30,,27619,11292,,,2,70,,27620,11292,,,2,73,,27624,11292,,,2,21,,27627,11292,,,2,27,,27632,11292,,,2,63,,27621,11292,,,2,20,,27623,11292,,,2,23,,27635,11292,,,2,4,,27638,11292,,,2,65,,27628,11292,,,2,7,,27630,11292,,,2,14,,27639,11292,,,2,13,,27640,11292,,,2,54,,27625,11292,,,2,15,,27644,11292,,,2,6,,27647,11292,,,2,18,,27636,11292,,,2,54,,27633,11292,,,2,24,,27649,11292,,,2,24,,27641,11292,,,2,68,,27652,11292,,,2,30,,27655,11292,,,2,70,,27645,11292,,,2,30,,27648,11292,,,2,70,,27656,11292,,,2,30,,27642,11292,,,2,68,,27653,11292,,,2,30,,27650,11292,,,2,69,,27646,11292,,,2,30,,27654,11292,,,2,70,,27651,11292,,,2
16100,'DI',624,,31230,14438,,,2,1132,,31229,14438,,,2
16100,'F1',624,,31242,14438,,,2,1102,,31241,14438,,,2
16100,'F2',624,,31254,14438,,,2,1102,,31255,14438,,,2
16100,'SA',624,,31267,14438,,,2,1102,,31268,14438,,,2
16100,'SE',704,,31282,14327,,,2,25,,31283,14327,,,2,25,,31281,14327,,,2,462,,31285,14438,,,2,389,,31287,14438,,,2,41,,31288,14438,,,2,80,,31284,14438,,,2,100,,31286,14438,,,2
