2301,'F1',620,,24597,7604,,,1,103,,24598,7604,,,1,103,,24599,7604,,,1,100,,24594,7604,,,1,103,,24590,7604,,,1,99,,24592,7604,,,1,103,,24593,7604,,,1,97,,24600,7604,,,1,99,,24591,7604,,,1,100,,24595,7604,,,1,100,,24596,7604,,,1,100,,24601,7604,,,1
2301,'F2',620,,24609,7604,,,1,103,,24610,7604,,,1,103,,24611,7604,,,1,100,,24602,7604,,,1,103,,24603,7604,,,1,99,,24605,7604,,,1,103,,24606,7604,,,1,97,,24612,7604,,,1,99,,24613,7604,,,1,100,,24608,7604,,,1,100,,24607,7604,,,1,100,,24604,7604,,,1
2301,'SA',620,,24621,7604,,,1,103,,24622,7604,,,1,103,,24623,7604,,,1,100,,24614,7604,,,1,103,,24615,7604,,,1,99,,24617,7604,,,1,103,,24618,7604,,,1,97,,24624,7604,,,1,99,,24625,7604,,,1,100,,24620,7604,,,1,100,,24619,7604,,,1,100,,24616,7604,,,1
2301,'SE',1029,,24628,7604,,,1,101,,24626,7604,,,1,100,,24629,7604,,,1,101,,24630,7604,,,1,99,,24627,7604,,,1
12301,'DI',554,,30718,21900,,,1,100,,30728,21900,,,1,100,,30719,21900,,,1,100,,30729,21900,,,1,102,,30720,21900,,,1,100,,30730,21900,,,1,100,,30721,21900,,,1,100,,30731,21900,,,1,100,,30722,21900,,,1,100,,30732,21900,,,1,100,,30723,21900,,,1,100,,30733,21900,,,1,100,,30724,21900,,,1,100,,30734,21900,,,1,100,,30725,21900,,,1,98,,30735,21900,,,1,100,,30726,21900,,,1,100,,30736,21900,,,1,100,,30727,21900,,,1,100,,30737,21900,,,1
12301,'F1',553,,30746,21900,,,1,100,,30751,21900,,,1,100,,30747,21900,,,1,101,,30752,21900,,,1,100,,30740,21900,,,1,100,,30753,21900,,,1,100,,30741,21900,,,1,100,,30738,21900,,,1,100,,30742,21900,,,1,100,,30739,21900,,,1,100,,30743,21900,,,1,100,,30744,21900,,,1,100,,30754,21900,,,1,100,,30745,21900,,,1,100,,30755,21900,,,1,100,,30748,21900,,,1,100,,30756,21900,,,1,100,,30749,21900,,,1,100,,30757,21900,,,1,100,,30750,21900,,,1
12301,'F2',553,,30760,21900,,,1,100,,30758,21900,,,1,100,,30761,21900,,,1,101,,30759,21900,,,1,100,,30762,21900,,,1,100,,30770,21900,,,1,100,,30763,21900,,,1,100,,30771,21900,,,1,100,,30764,21900,,,1,100,,30772,21900,,,1,100,,30765,21900,,,1,100,,30773,21900,,,1,100,,30766,21900,,,1,100,,30774,21900,,,1,100,,30767,21900,,,1,100,,30775,21900,,,1,100,,30768,21900,,,1,100,,30776,21900,,,1,100,,30769,21900,,,1,100,,30777,21900,,,1
12301,'SA',553,,30780,21900,,,1,100,,30778,21900,,,1,100,,30781,21900,,,1,101,,30779,21900,,,1,100,,30782,21900,,,1,100,,30790,21900,,,1,100,,30783,21900,,,1,100,,30791,21900,,,1,100,,30784,21900,,,1,100,,30792,21900,,,1,100,,30785,21900,,,1,100,,30793,21900,,,1,100,,30786,21900,,,1,100,,30794,21900,,,1,100,,30787,21900,,,1,100,,30795,21900,,,1,100,,30788,21900,,,1,100,,30796,21900,,,1,100,,30789,21900,,,1,100,,30797,21900,,,1
12301,'SE',540,,30809,21900,,,1,70,,30819,21900,,,1,21,,30802,21900,,,1,26,,30801,21900,,,1,55,,30803,21900,,,1,28,,30804,21900,,,1,70,,30798,21900,,,1,28,,30799,21900,,,1,70,,30800,21900,,,1,25,,30820,21900,,,1,70,,30823,21900,,,1,56,,30810,21900,,,1,142,,30806,21900,,,1,100,,30816,21900,,,1,100,,30821,21900,,,1,100,,30826,21900,,,1,11,,30814,21900,,,1,28,,30827,21900,,,1,60,,30829,21900,,,1,15,,30815,21900,,,1,19,,30813,21900,,,1,6,,30824,21900,,,1,16,,30830,21900,,,1,50,,30832,21900,,,1,6,,30818,21900,,,1,24,,30817,21900,,,1,66,,30828,21900,,,1,26,,30833,21900,,,1,31,,30808,21900,,,1,66,,30805,21900,,,1,34,,30807,21900,,,1,68,,30825,21900,,,1,30,,30822,21900,,,1,98,,30831,21900,,,1,97,,30811,21900,,,1,100,,30834,21900,,,1,157,,30812,21900,,,1
17001,'SE',521,,31389,4600,0,50 51,2,30,,31390,4600,0,50 51,2,62,,31373,4600,0,50 51,2,30,,31377,4600,0,50 51,2,70,,31374,4600,0,50 51,2,31,,31378,4600,0,50 51,2,69,,31375,4600,0,50 51,2,35,,31379,4600,0,50 51,2,70,,31376,4600,0,50 51,2,615,,31385,4600,0,50 51,2,70,,31380,4600,0,50 51,2,30,,31386,4600,0,50 51,2,70,,31381,4600,0,50 51,2,30,,31387,4600,0,50 51,2,70,,31382,4600,0,50 51,2,30,,31388,4600,0,50 51,2,70,,31383,4600,0,50 51,2
