4200,'DI',622,,25727,5373,,,1,100,,25728,5373,,,1,100,,25729,5373,,,1,100,,25730,5373,,,1,100,,25731,5373,,,1,101,,25732,5373,,,1,100,,25733,5373,,,1,100,,25734,5373,,,1,100,,25735,5373,,,1,100,,25736,5373,,,1,100,,25737,5373,,,1,100,,25738,5373,,,1,100,,25739,5373,,,1,100,,25740,5373,,,1,99,,25741,5373,,,1,100,,25742,5373,,,1,100,,25743,5373,,,1,100,,25744,5373,,,1,100,,25745,5373,,,1,100,,25746,5373,,,1
4200,'F1',622,,25747,5373,,,1,100,,25748,5373,,,1,100,,25749,5373,,,1,100,,25750,5373,,,1,100,,25751,5373,,,1,101,,25752,5373,,,1,100,,25753,5373,,,1,100,,25754,5373,,,1,100,,25755,5373,,,1,100,,25756,5373,,,1,100,,25757,5373,,,1,100,,25758,5373,,,1,100,,25759,5373,,,1,100,,25760,5373,,,1,99,,25761,5373,,,1,100,,25762,5373,,,1,100,,25763,5373,,,1,100,,25764,5373,,,1,100,,25765,5373,,,1,100,,25766,5373,,,1
4200,'F2',622,,25784,5373,,,1,100,,25785,5373,,,1,100,,25786,5373,,,1,100,,25767,5373,,,1,100,,25768,5373,,,1,101,,25769,5373,,,1,100,,25770,5373,,,1,100,,25771,5373,,,1,100,,25772,5373,,,1,100,,25773,5373,,,1,100,,25774,5373,,,1,100,,25775,5373,,,1,100,,25776,5373,,,1,100,,25777,5373,,,1,99,,25778,5373,,,1,100,,25779,5373,,,1,100,,25780,5373,,,1,100,,25781,5373,,,1,100,,25782,5373,,,1,100,,25783,5373,,,1
4200,'SA',622,,25804,5373,,,1,100,,25805,5373,,,1,100,,25806,5373,,,1,100,,25787,5373,,,1,100,,25788,5373,,,1,101,,25789,5373,,,1,100,,25790,5373,,,1,100,,25791,5373,,,1,100,,25792,5373,,,1,100,,25793,5373,,,1,100,,25794,5373,,,1,100,,25795,5373,,,1,100,,25796,5373,,,1,100,,25797,5373,,,1,99,,25798,5373,,,1,100,,25799,5373,,,1,100,,25800,5373,,,1,100,,25801,5373,,,1,100,,25802,5373,,,1,100,,25803,5373,,,1
4200,'SE',604,,25835,5373,,,1,36,,25817,5373,,,1,70,,25820,5373,,,1,12,,25816,5373,,,1,6,,25818,5373,,,1,6,,25813,5373,,,1,6,,25814,5373,,,1,62,,25812,5373,,,1,21,,25821,5373,,,1,34,,25848,5373,,,1,70,,25849,5373,,,1,30,,25815,5373,,,1,70,,25839,5373,,,1,30,,25819,5373,,,1,70,,25844,5373,,,1,30,,25822,5373,,,1,70,,25845,5373,,,1,30,,25808,5373,,,1,70,,25825,5373,,,1,30,,25823,5373,,,1,70,,25837,5373,,,1,30,,25847,5373,,,1,72,,25826,5373,,,1,30,,25842,5373,,,1,67,,25840,5373,,,1,24,,25846,5373,,,1,55,,25843,5373,,,1,14,,25807,5373,,,1,14,,25841,5373,,,1,14,,25836,5373,,,1,55,,25838,5373,,,1,27,,25824,5373,,,1,30,,25827,5373,,,1,71,,25831,5373,,,1,74,,25828,5373,,,1,30,,25832,5373,,,1,69,,25829,5373,,,1,30,,25833,5373,,,1,70,,25830,5373,,,1,30,,25834,5373,,,1,91,,25809,5373,,,1,100,,25810,5373,,,1,100,,25811,5373,,,1
6000,'SE',633,,27396,5373,,,1,84,,27397,5373,,,1,37,,27405,5373,,,1,86,,27398,5373,,,1,101,,27404,5373,,,1,100,,27394,5373,,,1,100,,27399,5373,,,1,100,,27395,5373,,,1,100,,27412,5373,,,1,100,,27407,5373,,,1,98,,27408,5373,,,1,70,,27403,5373,,,1,25,,27400,5373,,,1,24,,27401,5373,,,1,68,,27392,5373,,,1,27,,27409,5373,,,1,65,,27402,5373,,,1,30,,27406,5373,,,1,68,,27410,5373,,,1,99,,27391,5373,,,1,99,,27411,5373,,,1,100,,27389,5373,,,1,90,,27393,5373,,,1,100,,27390,5373,,,1
16000,'DI',703,,31058,5373,0,31 32,1,100,,31061,5373,0,31 32,1,100,,31064,5373,0,31 32,1,100,,31059,5373,0,31 32,1,100,,31065,5373,0,31 32,1,100,,31057,5373,0,31 32,1,100,,31066,5373,0,31 32,1,100,,31055,5373,0,31 32,1,100,,31053,5373,0,31 32,1,100,,31062,5373,0,31 32,1,100,,31060,5373,0,31 32,1,100,,31067,5373,0,31 32,1,100,,31063,5373,0,31 32,1,102,,31056,5373,0,31 32,1,98,,31054,5373,0,31 32,1
16000,'F1',703,,31075,5373,0,31 32,1,99,,31070,5373,0,31 32,1,101,,31069,5373,0,31 32,1,100,,31072,5373,0,31 32,1,100,,31076,5373,0,31 32,1,99,,16591,5373,0,31 32,1,101,,31073,5373,0,31 32,1,100,,31068,5373,0,31 32,1,100,,16592,5373,0,31 32,1,100,,31071,5373,0,31 32,1,100,,31074,5373,0,31 32,1,100,,16593,5373,0,31 32,1,100,,31077,5373,0,31 32,1,101,,16594,5373,0,31 32,1,99,,31078,5373,0,31 32,1
16000,'F2',703,,31083,5373,0,31 32,1,99,,31086,5373,0,31 32,1,101,,31082,5373,0,31 32,1,100,,31079,5373,0,31 32,1,100,,31085,5373,0,31 32,1,99,,31090,5373,0,31 32,1,101,,31080,5373,0,31 32,1,100,,31084,5373,0,31 32,1,100,,31091,5373,0,31 32,1,100,,31087,5373,0,31 32,1,100,,31081,5373,0,31 32,1,100,,31092,5373,0,31 32,1,100,,31088,5373,0,31 32,1,101,,31093,5373,0,31 32,1,99,,31089,5373,0,31 32,1
16000,'SA',703,,31098,5373,0,31 32,1,99,,16667,5373,0,31 32,1,101,,31097,5373,0,31 32,1,100,,31094,5373,0,31 32,1,100,,31100,5373,0,31 32,1,99,,31103,5373,0,31 32,1,101,,31095,5373,0,31 32,1,100,,31099,5373,0,31 32,1,100,,31104,5373,0,31 32,1,100,,16668,5373,0,31 32,1,100,,31096,5373,0,31 32,1,100,,31105,5373,0,31 32,1,100,,31101,5373,0,31 32,1,101,,31106,5373,0,31 32,1,99,,31102,5373,0,31 32,1
16000,'SE',617,,31113,5373,0,31 32,1,95,,31127,5373,0,31 32,1,39,,31112,5373,0,31 32,1,94,,31128,5373,0,31 32,1,89,,31124,5373,0,31 32,1,86,,31111,5373,0,31 32,1,101,,31114,5373,0,31 32,1,100,,31115,5373,0,31 32,1,100,,31110,5373,0,31 32,1,100,,31129,5373,0,31 32,1,98,,31108,5373,0,31 32,1,30,,31123,5373,0,31 32,1,68,,31116,5373,0,31 32,1,24,,31107,5373,0,31 32,1,71,,31117,5373,0,31 32,1,27,,31130,5373,0,31 32,1,70,,31109,5373,0,31 32,1,30,,31122,5373,0,31 32,1,70,,31118,5373,0,31 32,1,47,,31121,5373,0,31 32,1,99,,31119,5373,0,31 32,1,100,,31125,5373,0,31 32,1,92,,31120,5373,0,31 32,1,100,,31126,5373,0,31 32,1
54201,'SE',909,,32373,5459,,,2
