42800,'DI',632,,31779,16339,4,,1,113,,31780,16339,4,,1,111,,31781,16339,4,,1,146,,31782,16339,4,,1,110,,31783,16339,4,,1,35,,31789,16339,4,,1,75,,31784,16339,4,,1,35,,31790,16339,4,,1,75,,31785,16339,4,,1,75,,31791,16339,4,,1,35,,31786,16339,4,,1,77,,31792,16339,4,,1,34,,31787,16339,4,,1,84,,31793,16339,4,,1,74,,31788,16339,4,,1,108,,31794,16339,4,,1,106,,31795,16339,4,,1,108,,31796,16339,4,,1,110,,31797,16339,4,,1,110,,31798,16339,4,,1
42800,'F1',632,,17882,16339,4,,1,113,,17883,16339,4,,1,111,,17884,16339,4,,1,146,,17885,16339,4,,1,110,,17886,16339,4,,1,35,,17892,16339,4,,1,75,,17887,16339,4,,1,35,,17893,16339,4,,1,75,,17888,16339,4,,1,75,,17894,16339,4,,1,35,,17889,16339,4,,1,77,,17895,16339,4,,1,34,,17890,16339,4,,1,84,,17896,16339,4,,1,74,,17891,16339,4,,1,108,,17897,16339,4,,1,106,,17898,16339,4,,1,108,,17899,16339,4,,1,110,,17900,16339,4,,1,110,,17901,16339,4,,1
42800,'F2',632,,31799,16339,4,,1,113,,31800,16339,4,,1,111,,31801,16339,4,,1,146,,31802,16339,4,,1,110,,31803,16339,4,,1,35,,31809,16339,4,,1,75,,31804,16339,4,,1,35,,31810,16339,4,,1,75,,31805,16339,4,,1,75,,31811,16339,4,,1,35,,31806,16339,4,,1,77,,31812,16339,4,,1,34,,31807,16339,4,,1,84,,31813,16339,4,,1,74,,31808,16339,4,,1,108,,31814,16339,4,,1,106,,31815,16339,4,,1,108,,31816,16339,4,,1,110,,31817,16339,4,,1,110,,31818,16339,4,,1
42800,'SA',632,,31819,16339,4,,1,113,,31820,16339,4,,1,111,,31821,16339,4,,1,146,,31822,16339,4,,1,110,,31823,16339,4,,1,35,,31829,16339,4,,1,75,,31824,16339,4,,1,35,,31830,16339,4,,1,75,,31825,16339,4,,1,75,,31831,16339,4,,1,35,,31826,16339,4,,1,77,,31832,16339,4,,1,34,,31827,16339,4,,1,84,,31833,16339,4,,1,74,,31828,16339,4,,1,108,,31834,16339,4,,1,106,,31835,16339,4,,1,108,,31836,16339,4,,1,110,,31837,16339,4,,1,110,,31838,16339,4,,1
42800,'SE',547,,31839,16339,4,,1,75,,31849,16339,4,,1,33,,31840,16339,4,,1,88,,31850,16339,4,,1,78,,31841,16339,4,,1,35,,31851,16339,4,,1,74,,31842,16339,4,,1,72,,31852,16339,4,,1,35,,31843,16339,4,,1,75,,31853,16339,4,,1,35,,31844,16339,4,,1,75,,31854,16339,4,,1,33,,31845,16339,4,,1,73,,31855,16339,4,,1,75,,31846,16339,4,,1,35,,31856,16339,4,,1,76,,31847,16339,4,,1,37,,31857,16339,4,,1,76,,31848,16339,4,,1,84,,31858,16339,4,,1,31,,31865,16339,4,,1,79,,31859,16339,4,,1,32,,31866,16339,4,,1,75,,31860,16339,4,,1,107,,31861,16339,4,,1,108,,31862,16339,4,,1,110,,31863,16339,4,,1,150,,31864,16339,4,,1
42801,'DI',639,,31867,0,,,1,113,,31868,0,,,1,151,,31869,0,,,1,106,,31870,0,,,1,110,,31871,0,,,1,35,,31877,0,,,1,75,,31872,0,,,1,75,,31878,0,,,1,35,,31873,0,,,1,76,,31879,0,,,1,34,,31874,0,,,1,76,,31880,0,,,1,75,,31875,0,,,1,44,,31881,0,,,1,74,,31876,0,,,1,108,,31882,0,,,1,106,,31883,0,,,1,108,,31884,0,,,1,110,,31885,0,,,1,155,,31886,0,,,1
42801,'F1',639,,18038,0,,,1,113,,18039,0,,,1,151,,18040,0,,,1,106,,18041,0,,,1,110,,18042,0,,,1,35,,18048,0,,,1,75,,18043,0,,,1,75,,18049,0,,,1,35,,18044,0,,,1,76,,18050,0,,,1,34,,18045,0,,,1,76,,18051,0,,,1,75,,18046,0,,,1,44,,18052,0,,,1,74,,18047,0,,,1,108,,18053,0,,,1,106,,18054,0,,,1,108,,18055,0,,,1,110,,18056,0,,,1,155,,18057,0,,,1
42801,'F2',639,,31887,0,,,1,113,,31888,0,,,1,151,,31889,0,,,1,106,,31890,0,,,1,110,,31891,0,,,1,35,,31897,0,,,1,75,,31892,0,,,1,75,,31898,0,,,1,35,,31893,0,,,1,76,,31899,0,,,1,34,,31894,0,,,1,76,,31900,0,,,1,75,,31895,0,,,1,44,,31901,0,,,1,74,,31896,0,,,1,108,,31902,0,,,1,106,,31903,0,,,1,108,,31904,0,,,1,110,,31905,0,,,1,155,,31906,0,,,1
42801,'SA',639,,31907,0,,,1,113,,31908,0,,,1,151,,31909,0,,,1,106,,31910,0,,,1,110,,31911,0,,,1,35,,31917,0,,,1,75,,31912,0,,,1,75,,31918,0,,,1,35,,31913,0,,,1,76,,31919,0,,,1,34,,31914,0,,,1,76,,31920,0,,,1,75,,31915,0,,,1,44,,31921,0,,,1,74,,31916,0,,,1,108,,31922,0,,,1,106,,31923,0,,,1,108,,31924,0,,,1,110,,31925,0,,,1,155,,31926,0,,,1
42801,'SE',554,,31927,0,,,1,80,,31937,0,,,1,78,,31928,0,,,1,38,,31938,0,,,1,78,,31929,0,,,1,75,,31939,0,,,1,34,,31930,0,,,1,72,,31940,0,,,1,35,,31931,0,,,1,75,,31941,0,,,1,35,,31932,0,,,1,75,,31942,0,,,1,73,,31933,0,,,1,33,,31943,0,,,1,75,,31934,0,,,1,35,,31944,0,,,1,76,,31935,0,,,1,37,,31945,0,,,1,80,,31936,0,,,1,80,,31946,0,,,1,31,,31953,0,,,1,79,,31947,0,,,1,72,,31954,0,,,1,35,,31948,0,,,1,107,,31949,0,,,1,108,,31950,0,,,1,155,,31951,0,,,1,105,,31952,0,,,1
