4201,'DI',555,,25850,7649,,,1,100,,25851,7649,,,1,100,,25852,7649,,,1,100,,25853,7649,,,1,100,,25854,7649,,,1,100,,25855,7649,,,1,100,,25856,7649,,,1,100,,25857,7649,,,1,100,,25858,7649,,,1,100,,25859,7649,,,1,100,,25860,7649,,,1,100,,25861,7649,,,1,100,,25862,7649,,,1,100,,25863,7649,,,1,99,,25864,7649,,,1,100,,25865,7649,,,1,100,,25866,7649,,,1,100,,25867,7649,,,1,100,,25868,7649,,,1,100,,25869,7649,,,1
4201,'F1',555,,25870,7649,,,1,100,,25871,7649,,,1,100,,25872,7649,,,1,100,,25873,7649,,,1,100,,25874,7649,,,1,100,,25875,7649,,,1,100,,25876,7649,,,1,100,,25877,7649,,,1,100,,25878,7649,,,1,100,,25879,7649,,,1,100,,25880,7649,,,1,100,,25881,7649,,,1,100,,25882,7649,,,1,100,,25883,7649,,,1,99,,25884,7649,,,1,100,,25885,7649,,,1,100,,25886,7649,,,1,100,,25887,7649,,,1,100,,25888,7649,,,1,100,,25889,7649,,,1
4201,'F2',555,,25906,7649,,,1,100,,25907,7649,,,1,100,,25908,7649,,,1,100,,25909,7649,,,1,100,,25890,7649,,,1,100,,25891,7649,,,1,100,,25892,7649,,,1,100,,25893,7649,,,1,100,,25894,7649,,,1,100,,25895,7649,,,1,100,,25896,7649,,,1,100,,25897,7649,,,1,100,,25898,7649,,,1,100,,25899,7649,,,1,99,,25900,7649,,,1,100,,25901,7649,,,1,100,,25902,7649,,,1,100,,25903,7649,,,1,100,,25904,7649,,,1,100,,25905,7649,,,1
4201,'SA',555,,25926,7649,,,1,100,,25927,7649,,,1,100,,25928,7649,,,1,100,,25929,7649,,,1,100,,25910,7649,,,1,100,,25911,7649,,,1,100,,25912,7649,,,1,100,,25913,7649,,,1,100,,25914,7649,,,1,100,,25915,7649,,,1,100,,25916,7649,,,1,100,,25917,7649,,,1,100,,25918,7649,,,1,100,,25919,7649,,,1,99,,25920,7649,,,1,100,,25921,7649,,,1,100,,25922,7649,,,1,100,,25923,7649,,,1,100,,25924,7649,,,1,100,,25925,7649,,,1
4201,'SE',525,,25934,7649,,,1,20,,25960,7649,,,1,70,,25939,7649,,,1,21,,25957,7649,,,1,14,,25958,7649,,,1,54,,25935,7649,,,1,14,,25940,7649,,,1,14,,25959,7649,,,1,14,,25942,7649,,,1,54,,25938,7649,,,1,23,,25936,7649,,,1,34,,25943,7649,,,1,77,,25974,7649,,,1,70,,25975,7649,,,1,30,,25937,7649,,,1,70,,25965,7649,,,1,30,,25941,7649,,,1,70,,25970,7649,,,1,30,,25944,7649,,,1,70,,25971,7649,,,1,30,,25930,7649,,,1,70,,25947,7649,,,1,30,,25945,7649,,,1,70,,25961,7649,,,1,4,,25962,7649,,,1,2,,25933,7649,,,1,2,,25964,7649,,,1,22,,25973,7649,,,1,70,,25948,7649,,,1,29,,25968,7649,,,1,68,,25966,7649,,,1,24,,25972,7649,,,1,17,,25969,7649,,,1,67,,25967,7649,,,1,29,,25963,7649,,,1,66,,25946,7649,,,1,35,,25949,7649,,,1,70,,25953,7649,,,1,30,,25950,7649,,,1,70,,25954,7649,,,1,29,,25951,7649,,,1,69,,25955,7649,,,1,30,,25952,7649,,,1,70,,25956,7649,,,1,50,,25931,7649,,,1,100,,25932,7649,,,1
5001,'DI',701,,26942,9676,,,2,102,,26927,9676,,,2,100,,26935,9676,,,2,100,,26933,9676,,,2,103,,26934,9676,,,2,94,,26936,9676,,,2,103,,26937,9676,,,2,103,,26938,9676,,,2,97,,26926,9676,,,2,56,,26939,9676,,,2,143,,26924,9676,,,2,106,,26923,9676,,,2,95,,26932,9676,,,2,100,,26925,9676,,,2,100,,26928,9676,,,2,100,,26930,9676,,,2,100,,26940,9676,,,2,100,,26929,9676,,,2,100,,26931,9676,,,2
5001,'F1',703,,26954,9676,,,2,98,,26948,9676,,,2,102,,26959,9676,,,2,97,,26944,9676,,,2,103,,26945,9676,,,2,56,,26961,9676,,,2,142,,26960,9676,,,2,58,,26943,9676,,,2,99,,26955,9676,,,2,143,,26956,9676,,,2,103,,26957,9676,,,2,103,,26958,9676,,,2,96,,26946,9676,,,2,100,,26952,9676,,,2,100,,26949,9676,,,2,100,,26962,9676,,,2,97,,26950,9676,,,2,103,,26951,9676,,,2,101,,26953,9676,,,2
5001,'F2',703,,26969,9676,,,2,98,,26968,9676,,,2,102,,26973,9676,,,2,97,,26977,9676,,,2,103,,26978,9676,,,2,56,,26982,9676,,,2,142,,26979,9676,,,2,58,,26963,9676,,,2,99,,26964,9676,,,2,143,,26965,9676,,,2,103,,26966,9676,,,2,103,,26967,9676,,,2,96,,26970,9676,,,2,100,,26981,9676,,,2,100,,26980,9676,,,2,100,,26971,9676,,,2,97,,26974,9676,,,2,103,,26975,9676,,,2,101,,26976,9676,,,2
5001,'SA',703,,26989,9676,,,2,98,,26988,9676,,,2,102,,26993,9676,,,2,97,,26997,9676,,,2,103,,26998,9676,,,2,56,,27002,9676,,,2,142,,26999,9676,,,2,58,,26983,9676,,,2,99,,26984,9676,,,2,143,,26985,9676,,,2,103,,26986,9676,,,2,103,,26987,9676,,,2,96,,26990,9676,,,2,100,,27001,9676,,,2,100,,27000,9676,,,2,100,,26991,9676,,,2,97,,26994,9676,,,2,103,,26995,9676,,,2,101,,26996,9676,,,2
5001,'SE',554,,27008,9676,,,2,70,,27012,9676,,,2,30,,27014,9676,,,2,71,,27017,9676,,,2,30,,27013,9676,,,2,70,,27009,9676,,,2,30,,27015,9676,,,2,71,,27018,9676,,,2,27,,27026,9676,,,2,100,,27029,9676,,,2,100,,27016,9676,,,2,100,,27011,9676,,,2,100,,27019,9676,,,2,99,,27003,9676,,,2,102,,27020,9676,,,2,68,,27030,9676,,,2,33,,27007,9676,,,2,74,,27031,9676,,,2,26,,27021,9676,,,2,70,,27004,9676,,,2,30,,27027,9676,,,2,98,,27028,9676,,,2,100,,27005,9676,,,2,100,,27022,9676,,,2,100,,27006,9676,,,2,100,,27023,9676,,,2,100,,27024,9676,,,2
6001,'SE',600,,27422,9022,,,1,22,,27419,9022,,,1,21,,27413,9022,,,1,68,,27423,9022,,,1,28,,27415,9022,,,1,68,,27424,9022,,,1,26,,27432,9022,,,1,14,,27433,9022,,,1,72,,27425,9022,,,1,100,,27431,9022,,,1,100,,27420,9022,,,1,100,,27426,9022,,,1,101,,27421,9022,,,1,100,,27439,9022,,,1,101,,27434,9022,,,1,98,,27435,9022,,,1,30,,27430,9022,,,1,67,,27427,9022,,,1,24,,27428,9022,,,1,67,,27417,9022,,,1,29,,27436,9022,,,1,70,,27429,9022,,,1,48,,27437,9022,,,1,100,,27416,9022,,,1,99,,27438,9022,,,1,100,,27414,9022,,,1,95,,27418,9022,,,1
16001,'DI',616,,31137,15416,,,1,99,,31132,15416,,,1,100,,31138,15416,,,1,100,,31141,15416,,,1,100,,31144,15416,,,1,100,,31139,15416,,,1,100,,31145,15416,,,1,100,,31136,15416,,,1,100,,31146,15416,,,1,100,,31134,15416,,,1,100,,31131,15416,,,1,100,,31142,15416,,,1,100,,31140,15416,,,1,100,,31147,15416,,,1,100,,31143,15416,,,1,103,,31135,15416,,,1,97,,31133,15416,,,1
16001,'F1',617,,31153,15416,,,1,99,,31152,15416,,,1,99,,31157,15416,,,1,100,,31150,15416,,,1,99,,31149,15416,,,1,101,,31154,15416,,,1,100,,31158,15416,,,1,100,,16717,15416,,,1,100,,31155,15416,,,1,100,,31148,15416,,,1,100,,16718,15416,,,1,100,,31151,15416,,,1,100,,31156,15416,,,1,101,,16719,15416,,,1,99,,31159,15416,,,1,103,,16720,15416,,,1,97,,31160,15416,,,1
16001,'F2',617,,31169,15416,,,1,99,,31167,15416,,,1,99,,31165,15416,,,1,100,,31170,15416,,,1,99,,31164,15416,,,1,101,,31161,15416,,,1,100,,31168,15416,,,1,100,,31174,15416,,,1,100,,31162,15416,,,1,100,,31166,15416,,,1,100,,31175,15416,,,1,100,,31171,15416,,,1,100,,31163,15416,,,1,101,,31176,15416,,,1,99,,31172,15416,,,1,103,,31177,15416,,,1,97,,31173,15416,,,1
16001,'SA',617,,31186,15416,,,1,99,,31184,15416,,,1,99,,31182,15416,,,1,100,,16801,15416,,,1,99,,31181,15416,,,1,101,,31178,15416,,,1,100,,31185,15416,,,1,100,,31189,15416,,,1,100,,31179,15416,,,1,100,,31183,15416,,,1,100,,31190,15416,,,1,100,,16802,15416,,,1,100,,31180,15416,,,1,101,,31191,15416,,,1,99,,31187,15416,,,1,103,,31192,15416,,,1,97,,31188,15416,,,1
16001,'SE',628,,31196,15416,,,1,28,,31197,15416,,,1,68,,31201,15416,,,1,28,,31203,15416,,,1,63,,31213,15416,,,1,23,,31215,15416,,,1,68,,31200,15416,,,1,43,,31214,15416,,,1,98,,31211,15416,,,1,93,,31199,15416,,,1,100,,31202,15416,,,1,100,,31204,15416,,,1,100,,31198,15416,,,1,99,,31216,15416,,,1,92,,31194,15416,,,1,97,,31205,15416,,,1,30,,31193,15416,,,1,67,,31206,15416,,,1,25,,31217,15416,,,1,66,,31195,15416,,,1,99,,31207,15416,,,1,100,,31210,15416,,,1,101,,31208,15416,,,1,100,,31212,15416,,,1,90,,31209,15416,,,1
54200,'SE',1638,,32372,6606,,,2
65601,'SE',853,,32438,3290,,,2,1,,32437,3290,,,2
66501,'SE',853,,32452,1993,,,2
67001,'SE',852,,32458,4530,,,2,1,,32457,4530,,,2,1,,32456,4530,,,2
69600,'SE',1633,,32505,8898,,,2,1,,32506,8898,,,2
