4201,'DI',548,,25850,4926,,,1,100,,25851,4926,,,1,100,,25852,4926,,,1,100,,25853,4926,,,1,100,,25854,4926,,,1,100,,25855,4926,,,1,100,,25856,4926,,,1,100,,25857,4926,,,1,100,,25858,4926,,,1,100,,25859,4926,,,1,100,,25860,4926,,,1,100,,25861,4926,,,1,100,,25862,4926,,,1,100,,25863,4926,,,1,100,,25864,4926,,,1,100,,25865,4926,,,1,100,,25866,4926,,,1,100,,25867,4926,,,1,100,,25868,4926,,,1,100,,25869,4926,,,1
4201,'F1',548,,25870,4926,,,1,100,,25871,4926,,,1,100,,25872,4926,,,1,100,,25873,4926,,,1,100,,25874,4926,,,1,100,,25875,4926,,,1,100,,25876,4926,,,1,100,,25877,4926,,,1,100,,25878,4926,,,1,100,,25879,4926,,,1,100,,25880,4926,,,1,100,,25881,4926,,,1,100,,25882,4926,,,1,100,,25883,4926,,,1,100,,25884,4926,,,1,100,,25885,4926,,,1,100,,25886,4926,,,1,100,,25887,4926,,,1,100,,25888,4926,,,1,100,,25889,4926,,,1
4201,'F2',548,,25906,4926,,,1,100,,25907,4926,,,1,100,,25908,4926,,,1,100,,25909,4926,,,1,100,,25890,4926,,,1,100,,25891,4926,,,1,100,,25892,4926,,,1,100,,25893,4926,,,1,100,,25894,4926,,,1,100,,25895,4926,,,1,100,,25896,4926,,,1,100,,25897,4926,,,1,100,,25898,4926,,,1,100,,25899,4926,,,1,100,,25900,4926,,,1,100,,25901,4926,,,1,100,,25902,4926,,,1,100,,25903,4926,,,1,100,,25904,4926,,,1,100,,25905,4926,,,1
4201,'SA',548,,25926,4926,,,1,100,,25927,4926,,,1,100,,25928,4926,,,1,100,,25929,4926,,,1,100,,25910,4926,,,1,100,,25911,4926,,,1,100,,25912,4926,,,1,100,,25913,4926,,,1,100,,25914,4926,,,1,100,,25915,4926,,,1,100,,25916,4926,,,1,100,,25917,4926,,,1,100,,25918,4926,,,1,100,,25919,4926,,,1,100,,25920,4926,,,1,100,,25921,4926,,,1,100,,25922,4926,,,1,100,,25923,4926,,,1,100,,25924,4926,,,1,100,,25925,4926,,,1
4201,'SE',518,,25934,4926,,,1,20,,25960,4926,,,1,70,,25939,4926,,,1,21,,25957,4926,,,1,14,,25958,4926,,,1,14,,25935,4926,,,1,54,,25940,4926,,,1,14,,25959,4926,,,1,14,,25942,4926,,,1,14,,25938,4926,,,1,63,,25936,4926,,,1,34,,25943,4926,,,1,77,,25974,4926,,,1,30,,25975,4926,,,1,70,,25937,4926,,,1,30,,25965,4926,,,1,70,,25941,4926,,,1,30,,25970,4926,,,1,70,,25944,4926,,,1,30,,25971,4926,,,1,70,,25930,4926,,,1,30,,25947,4926,,,1,70,,25945,4926,,,1,30,,25961,4926,,,1,44,,25962,4926,,,1,2,,25933,4926,,,1,2,,25964,4926,,,1,22,,25973,4926,,,1,30,,25948,4926,,,1,70,,25968,4926,,,1,28,,25966,4926,,,1,64,,25972,4926,,,1,17,,25969,4926,,,1,67,,25967,4926,,,1,29,,25963,4926,,,1,26,,25946,4926,,,1,75,,25949,4926,,,1,70,,25953,4926,,,1,30,,25950,4926,,,1,70,,25954,4926,,,1,29,,25951,4926,,,1,70,,25955,4926,,,1,30,,25952,4926,,,1,70,,25956,4926,,,1,50,,25931,4926,,,1,100,,25932,4926,,,1
6001,'SE',553,,27422,6298,,,1,62,,27419,6298,,,1,21,,27413,6298,,,1,68,,27423,6298,,,1,28,,27415,6298,,,1,68,,27424,6298,,,1,26,,27432,6298,,,1,14,,27433,6298,,,1,72,,27425,6298,,,1,100,,27431,6298,,,1,100,,27420,6298,,,1,100,,27426,6298,,,1,101,,27421,6298,,,1,100,,27439,6298,,,1,101,,27434,6298,,,1,99,,27435,6298,,,1,30,,27430,6298,,,1,67,,27427,6298,,,1,24,,27428,6298,,,1,67,,27417,6298,,,1,29,,27436,6298,,,1,70,,27429,6298,,,1,48,,27437,6298,,,1,100,,27416,6298,,,1,100,,27438,6298,,,1,100,,27414,6298,,,1,95,,27418,6298,,,1
16001,'DI',610,,31137,12692,,,1,99,,31132,12692,,,1,100,,31138,12692,,,1,100,,31141,12692,,,1,100,,31144,12692,,,1,100,,31139,12692,,,1,100,,31145,12692,,,1,100,,31136,12692,,,1,100,,31146,12692,,,1,100,,31134,12692,,,1,100,,31131,12692,,,1,100,,31142,12692,,,1,100,,31140,12692,,,1,100,,31147,12692,,,1,100,,31143,12692,,,1,103,,31135,12692,,,1,97,,31133,12692,,,1
16001,'F1',611,,31153,12692,,,1,99,,31152,12692,,,1,99,,31157,12692,,,1,100,,31150,12692,,,1,99,,31149,12692,,,1,101,,31154,12692,,,1,100,,31158,12692,,,1,100,,16717,12692,,,1,100,,31155,12692,,,1,100,,31148,12692,,,1,100,,16718,12692,,,1,100,,31151,12692,,,1,100,,31156,12692,,,1,101,,16719,12692,,,1,99,,31159,12692,,,1,103,,16720,12692,,,1,97,,31160,12692,,,1
16001,'F2',611,,31169,12692,,,1,99,,31167,12692,,,1,99,,31165,12692,,,1,100,,31170,12692,,,1,99,,31164,12692,,,1,101,,31161,12692,,,1,100,,31168,12692,,,1,100,,31174,12692,,,1,100,,31162,12692,,,1,100,,31166,12692,,,1,100,,31175,12692,,,1,100,,31171,12692,,,1,100,,31163,12692,,,1,101,,31176,12692,,,1,99,,31172,12692,,,1,103,,31177,12692,,,1,97,,31173,12692,,,1
16001,'SA',611,,31186,12692,,,1,99,,31184,12692,,,1,99,,31182,12692,,,1,100,,16801,12692,,,1,99,,31181,12692,,,1,101,,31178,12692,,,1,100,,31185,12692,,,1,100,,31189,12692,,,1,100,,31179,12692,,,1,100,,31183,12692,,,1,100,,31190,12692,,,1,100,,16802,12692,,,1,100,,31180,12692,,,1,101,,31191,12692,,,1,99,,31187,12692,,,1,103,,31192,12692,,,1,97,,31188,12692,,,1
16001,'SE',622,,31196,12692,,,1,28,,31197,12692,,,1,68,,31201,12692,,,1,28,,31203,12692,,,1,63,,31213,12692,,,1,23,,31215,12692,,,1,68,,31200,12692,,,1,43,,31214,12692,,,1,98,,31211,12692,,,1,93,,31199,12692,,,1,100,,31202,12692,,,1,100,,31204,12692,,,1,100,,31198,12692,,,1,99,,31216,12692,,,1,93,,31194,12692,,,1,97,,31205,12692,,,1,30,,31193,12692,,,1,67,,31206,12692,,,1,25,,31217,12692,,,1,66,,31195,12692,,,1,99,,31207,12692,,,1,100,,31210,12692,,,1,101,,31208,12692,,,1,100,,31212,12692,,,1,90,,31209,12692,,,1
54200,'SE',1631,,32372,3882,,,2
