4200,'DI',624,,25727,6266,,,1,100,,25728,6266,,,1,100,,25729,6266,,,1,100,,25730,6266,,,1,100,,25731,6266,,,1,100,,25732,6266,,,1,100,,25733,6266,,,1,100,,25734,6266,,,1,100,,25735,6266,,,1,100,,25736,6266,,,1,100,,25737,6266,,,1,100,,25738,6266,,,1,100,,25739,6266,,,1,100,,25740,6266,,,1,100,,25741,6266,,,1,100,,25742,6266,,,1,100,,25743,6266,,,1,100,,25744,6266,,,1,100,,25745,6266,,,1,100,,25746,6266,,,1
4200,'F1',624,,25747,6266,,,1,100,,25748,6266,,,1,100,,25749,6266,,,1,100,,25750,6266,,,1,100,,25751,6266,,,1,100,,25752,6266,,,1,100,,25753,6266,,,1,100,,25754,6266,,,1,100,,25755,6266,,,1,100,,25756,6266,,,1,100,,25757,6266,,,1,100,,25758,6266,,,1,100,,25759,6266,,,1,100,,25760,6266,,,1,100,,25761,6266,,,1,100,,25762,6266,,,1,100,,25763,6266,,,1,100,,25764,6266,,,1,100,,25765,6266,,,1,100,,25766,6266,,,1
4200,'F2',624,,25784,6266,,,1,100,,25785,6266,,,1,100,,25786,6266,,,1,100,,25767,6266,,,1,100,,25768,6266,,,1,100,,25769,6266,,,1,100,,25770,6266,,,1,100,,25771,6266,,,1,100,,25772,6266,,,1,100,,25773,6266,,,1,100,,25774,6266,,,1,100,,25775,6266,,,1,100,,25776,6266,,,1,100,,25777,6266,,,1,100,,25778,6266,,,1,100,,25779,6266,,,1,100,,25780,6266,,,1,100,,25781,6266,,,1,100,,25782,6266,,,1,100,,25783,6266,,,1
4200,'SA',624,,25804,6266,,,1,100,,25805,6266,,,1,100,,25806,6266,,,1,100,,25787,6266,,,1,100,,25788,6266,,,1,100,,25789,6266,,,1,100,,25790,6266,,,1,100,,25791,6266,,,1,100,,25792,6266,,,1,100,,25793,6266,,,1,100,,25794,6266,,,1,100,,25795,6266,,,1,100,,25796,6266,,,1,100,,25797,6266,,,1,100,,25798,6266,,,1,100,,25799,6266,,,1,100,,25800,6266,,,1,100,,25801,6266,,,1,100,,25802,6266,,,1,100,,25803,6266,,,1
4200,'SE',606,,25835,6266,,,1,36,,25817,6266,,,1,69,,25820,6266,,,1,12,,25816,6266,,,1,6,,25818,6266,,,1,6,,25813,6266,,,1,6,,25814,6266,,,1,62,,25812,6266,,,1,21,,25821,6266,,,1,34,,25848,6266,,,1,70,,25849,6266,,,1,30,,25815,6266,,,1,70,,25839,6266,,,1,30,,25819,6266,,,1,70,,25844,6266,,,1,30,,25822,6266,,,1,70,,25845,6266,,,1,30,,25808,6266,,,1,70,,25825,6266,,,1,30,,25823,6266,,,1,70,,25837,6266,,,1,30,,25847,6266,,,1,73,,25826,6266,,,1,70,,25842,6266,,,1,28,,25840,6266,,,1,24,,25846,6266,,,1,55,,25843,6266,,,1,13,,25807,6266,,,1,14,,25841,6266,,,1,13,,25836,6266,,,1,55,,25838,6266,,,1,27,,25824,6266,,,1,70,,25827,6266,,,1,32,,25831,6266,,,1,74,,25828,6266,,,1,30,,25832,6266,,,1,69,,25829,6266,,,1,30,,25833,6266,,,1,70,,25830,6266,,,1,30,,25834,6266,,,1,91,,25809,6266,,,1,100,,25810,6266,,,1,100,,25811,6266,,,1
6000,'SE',634,,27396,6266,,,1,85,,27397,6266,,,1,37,,27405,6266,,,1,86,,27398,6266,,,1,101,,27404,6266,,,1,100,,27394,6266,,,1,100,,27399,6266,,,1,100,,27395,6266,,,1,100,,27412,6266,,,1,100,,27407,6266,,,1,98,,27408,6266,,,1,70,,27403,6266,,,1,25,,27400,6266,,,1,64,,27401,6266,,,1,28,,27392,6266,,,1,27,,27409,6266,,,1,65,,27402,6266,,,1,30,,27406,6266,,,1,67,,27410,6266,,,1,99,,27391,6266,,,1,99,,27411,6266,,,1,100,,27389,6266,,,1,90,,27393,6266,,,1,100,,27390,6266,,,1
16000,'DI',705,,31058,6266,0,31 32,1,100,,31061,6266,0,31 32,1,100,,31064,6266,0,31 32,1,100,,31059,6266,0,31 32,1,100,,31065,6266,0,31 32,1,100,,31057,6266,0,31 32,1,100,,31066,6266,0,31 32,1,100,,31055,6266,0,31 32,1,100,,31053,6266,0,31 32,1,100,,31062,6266,0,31 32,1,100,,31060,6266,0,31 32,1,100,,31067,6266,0,31 32,1,100,,31063,6266,0,31 32,1,102,,31056,6266,0,31 32,1,98,,31054,6266,0,31 32,1
16000,'F1',705,,31075,6266,0,31 32,1,99,,31070,6266,0,31 32,1,101,,31069,6266,0,31 32,1,100,,31072,6266,0,31 32,1,100,,31076,6266,0,31 32,1,99,,16591,6266,0,31 32,1,101,,31073,6266,0,31 32,1,100,,31068,6266,0,31 32,1,100,,16592,6266,0,31 32,1,100,,31071,6266,0,31 32,1,100,,31074,6266,0,31 32,1,100,,16593,6266,0,31 32,1,100,,31077,6266,0,31 32,1,101,,16594,6266,0,31 32,1,99,,31078,6266,0,31 32,1
16000,'F2',705,,31083,6266,0,31 32,1,99,,31086,6266,0,31 32,1,101,,31082,6266,0,31 32,1,100,,31079,6266,0,31 32,1,100,,31085,6266,0,31 32,1,99,,31090,6266,0,31 32,1,101,,31080,6266,0,31 32,1,100,,31084,6266,0,31 32,1,100,,31091,6266,0,31 32,1,100,,31087,6266,0,31 32,1,100,,31081,6266,0,31 32,1,100,,31092,6266,0,31 32,1,100,,31088,6266,0,31 32,1,101,,31093,6266,0,31 32,1,99,,31089,6266,0,31 32,1
16000,'SA',705,,31098,6266,0,31 32,1,99,,16667,6266,0,31 32,1,101,,31097,6266,0,31 32,1,100,,31094,6266,0,31 32,1,100,,31100,6266,0,31 32,1,99,,31103,6266,0,31 32,1,101,,31095,6266,0,31 32,1,100,,31099,6266,0,31 32,1,100,,31104,6266,0,31 32,1,100,,16668,6266,0,31 32,1,100,,31096,6266,0,31 32,1,100,,31105,6266,0,31 32,1,100,,31101,6266,0,31 32,1,101,,31106,6266,0,31 32,1,99,,31102,6266,0,31 32,1
16000,'SE',619,,31113,6266,0,31 32,1,95,,31127,6266,0,31 32,1,39,,31112,6266,0,31 32,1,94,,31128,6266,0,31 32,1,89,,31124,6266,0,31 32,1,86,,31111,6266,0,31 32,1,100,,31114,6266,0,31 32,1,100,,31115,6266,0,31 32,1,100,,31110,6266,0,31 32,1,100,,31129,6266,0,31 32,1,100,,31108,6266,0,31 32,1,30,,31123,6266,0,31 32,1,68,,31116,6266,0,31 32,1,24,,31107,6266,0,31 32,1,71,,31117,6266,0,31 32,1,27,,31130,6266,0,31 32,1,68,,31109,6266,0,31 32,1,30,,31122,6266,0,31 32,1,70,,31118,6266,0,31 32,1,47,,31121,6266,0,31 32,1,100,,31119,6266,0,31 32,1,99,,31125,6266,0,31 32,1,92,,31120,6266,0,31 32,1,100,,31126,6266,0,31 32,1
54201,'SE',911,,32373,6353,,,2
