1600,'DI',626,,4261,6292,0,19,2,30,,4231,6292,0,19,2,70,,4262,6292,0,19,2,30,,4232,6292,0,19,2,70,,4237,6292,0,19,2,30,,4233,6292,0,19,2,70,,4238,6292,0,19,2,30,,4234,6292,0,19,2,70,,4239,6292,0,19,2,30,,4235,6292,0,19,2,70,,4240,6292,0,19,2,28,,4236,6292,0,19,2,72,,4241,6292,0,19,2,33,,4230,6292,0,19,2,67,,4242,6292,0,19,2,30,,4255,6292,0,19,2,70,,4243,6292,0,19,2,30,,4256,6292,0,19,2,70,,4244,6292,0,19,2,30,,4257,6292,0,19,2,70,,4245,6292,0,19,2,30,,4258,6292,0,19,2,70,,4246,6292,0,19,2,31,,4259,6292,0,19,2,69,,4247,6292,0,19,2,100,,4248,6292,0,19,2,100,,4249,6292,0,19,2,100,,4250,6292,0,19,2,100,,4251,6292,0,19,2,100,,4252,6292,0,19,2,100,,4253,6292,0,19,2,100,,4254,6292,0,19,2
1600,'F1',626,,4264,6292,0,19,2,28,,4282,6292,0,19,2,72,,4265,6292,0,19,2,30,,4283,6292,0,19,2,70,,4266,6292,0,19,2,30,,4284,6292,0,19,2,70,,4267,6292,0,19,2,30,,4285,6292,0,19,2,70,,4268,6292,0,19,2,30,,4286,6292,0,19,2,70,,4269,6292,0,19,2,30,,4287,6292,0,19,2,70,,4270,6292,0,19,2,30,,4288,6292,0,19,2,70,,4271,6292,0,19,2,30,,4289,6292,0,19,2,70,,4272,6292,0,19,2,30,,4290,6292,0,19,2,70,,4273,6292,0,19,2,30,,4291,6292,0,19,2,70,,4275,6292,0,19,2,27,,4292,6292,0,19,2,73,,4276,6292,0,19,2,75,,4274,6292,0,19,2,25,,4277,6292,0,19,2,100,,4278,6292,0,19,2,100,,4279,6292,0,19,2,100,,4280,6292,0,19,2,100,,4281,6292,0,19,2,100,,4293,6292,0,19,2,100,,4294,6292,0,19,2,100,,4295,6292,0,19,2
1600,'F7',626,,4327,6292,0,19,2,30,,4297,6292,0,19,2,70,,4328,6292,0,19,2,30,,4298,6292,0,19,2,70,,4303,6292,0,19,2,30,,4299,6292,0,19,2,70,,4304,6292,0,19,2,30,,4300,6292,0,19,2,70,,4305,6292,0,19,2,30,,4301,6292,0,19,2,70,,4306,6292,0,19,2,28,,4302,6292,0,19,2,72,,4307,6292,0,19,2,33,,4296,6292,0,19,2,67,,4308,6292,0,19,2,30,,4321,6292,0,19,2,70,,4309,6292,0,19,2,30,,4322,6292,0,19,2,70,,4310,6292,0,19,2,30,,4323,6292,0,19,2,70,,4311,6292,0,19,2,30,,4324,6292,0,19,2,70,,4312,6292,0,19,2,31,,4325,6292,0,19,2,69,,4313,6292,0,19,2,100,,4314,6292,0,19,2,100,,4315,6292,0,19,2,100,,4316,6292,0,19,2,100,,4317,6292,0,19,2,100,,4318,6292,0,19,2,100,,4319,6292,0,19,2,100,,4320,6292,0,19,2
1600,'F8',557,,4342,6292,0,19,2,68,,4349,6292,0,19,2,12,,4332,6292,0,19,2,15,,4345,6292,0,19,2,59,,4351,6292,0,19,2,12,,4331,6292,0,19,2,11,,4334,6292,0,19,2,10,,4333,6292,0,19,2,8,,4350,6292,0,19,2,49,,4346,6292,0,19,2,15,,4382,6292,0,19,2,14,,4386,6292,0,19,2,27,,4330,6292,0,19,2,70,,4370,6292,0,19,2,30,,4375,6292,0,19,2,70,,4344,6292,0,19,2,30,,4341,6292,0,19,2,70,,4384,6292,0,19,2,30,,4347,6292,0,19,2,70,,4383,6292,0,19,2,30,,4376,6292,0,19,2,70,,4329,6292,0,19,2,30,,4377,6292,0,19,2,70,,4336,6292,0,19,2,19,,4371,6292,0,19,2,59,,4337,6292,0,19,2,15,,4360,6292,0,19,2,15,,4364,6292,0,19,2,15,,4379,6292,0,19,2,55,,4362,6292,0,19,2,12,,4390,6292,0,19,2,12,,4385,6292,0,19,2,12,,4366,6292,0,19,2,12,,4367,6292,0,19,2,52,,4339,6292,0,19,2,12,,4363,6292,0,19,2,12,,4368,6292,0,19,2,12,,4361,6292,0,19,2,11,,4338,6292,0,19,2,53,,4378,6292,0,19,2,14,,4365,6292,0,19,2,20,,4369,6292,0,19,2,20,,4335,6292,0,19,2,69,,4353,6292,0,19,2,30,,4387,6292,0,19,2,69,,4354,6292,0,19,2,30,,4388,6292,0,19,2,70,,4355,6292,0,19,2,30,,4389,6292,0,19,2,70,,4356,6292,0,19,2,100,,4357,6292,0,19,2,100,,4358,6292,0,19,2,98,,4359,6292,0,19,2
1600,'F9',626,,4392,6292,0,19,2,28,,4410,6292,0,19,2,72,,4393,6292,0,19,2,30,,4411,6292,0,19,2,70,,4394,6292,0,19,2,30,,4412,6292,0,19,2,70,,4395,6292,0,19,2,30,,4413,6292,0,19,2,70,,4396,6292,0,19,2,30,,4414,6292,0,19,2,70,,4397,6292,0,19,2,30,,4415,6292,0,19,2,70,,4398,6292,0,19,2,30,,4416,6292,0,19,2,70,,4399,6292,0,19,2,30,,4417,6292,0,19,2,70,,4400,6292,0,19,2,30,,4418,6292,0,19,2,70,,4401,6292,0,19,2,30,,4419,6292,0,19,2,70,,4403,6292,0,19,2,27,,4420,6292,0,19,2,73,,4404,6292,0,19,2,75,,4402,6292,0,19,2,25,,4405,6292,0,19,2,100,,4406,6292,0,19,2,100,,4407,6292,0,19,2,100,,4408,6292,0,19,2,100,,4409,6292,0,19,2,100,,4421,6292,0,19,2,100,,4422,6292,0,19,2,100,,4423,6292,0,19,2
1600,'SA',626,,4425,6292,0,19,2,28,,4443,6292,0,19,2,72,,4426,6292,0,19,2,30,,4444,6292,0,19,2,70,,4427,6292,0,19,2,30,,4445,6292,0,19,2,70,,4428,6292,0,19,2,30,,4446,6292,0,19,2,70,,4429,6292,0,19,2,30,,4447,6292,0,19,2,70,,4430,6292,0,19,2,30,,4448,6292,0,19,2,70,,4431,6292,0,19,2,30,,4449,6292,0,19,2,70,,4432,6292,0,19,2,30,,4450,6292,0,19,2,70,,4433,6292,0,19,2,30,,4451,6292,0,19,2,70,,4434,6292,0,19,2,30,,4452,6292,0,19,2,70,,4436,6292,0,19,2,27,,4453,6292,0,19,2,73,,4437,6292,0,19,2,75,,4435,6292,0,19,2,25,,4438,6292,0,19,2,100,,4439,6292,0,19,2,100,,4440,6292,0,19,2,100,,4441,6292,0,19,2,100,,4442,6292,0,19,2,100,,4454,6292,0,19,2,100,,4455,6292,0,19,2,100,,4456,6292,0,19,2
1600,'SE',557,,4470,6292,0,19,2,68,,4477,6292,0,19,2,12,,4460,6292,0,19,2,15,,4473,6292,0,19,2,59,,4479,6292,0,19,2,12,,4459,6292,0,19,2,11,,4462,6292,0,19,2,10,,4461,6292,0,19,2,8,,4478,6292,0,19,2,49,,4474,6292,0,19,2,15,,4510,6292,0,19,2,14,,4514,6292,0,19,2,27,,4458,6292,0,19,2,70,,4498,6292,0,19,2,30,,4503,6292,0,19,2,70,,4472,6292,0,19,2,30,,4469,6292,0,19,2,70,,4512,6292,0,19,2,30,,4475,6292,0,19,2,70,,4511,6292,0,19,2,30,,4504,6292,0,19,2,70,,4457,6292,0,19,2,30,,4505,6292,0,19,2,70,,4464,6292,0,19,2,19,,4499,6292,0,19,2,59,,4465,6292,0,19,2,15,,4488,6292,0,19,2,15,,4492,6292,0,19,2,15,,4507,6292,0,19,2,55,,4490,6292,0,19,2,12,,4518,6292,0,19,2,12,,4513,6292,0,19,2,12,,4494,6292,0,19,2,12,,4495,6292,0,19,2,52,,4467,6292,0,19,2,12,,4491,6292,0,19,2,12,,4496,6292,0,19,2,12,,4489,6292,0,19,2,11,,4466,6292,0,19,2,53,,4506,6292,0,19,2,14,,4493,6292,0,19,2,20,,4497,6292,0,19,2,20,,4463,6292,0,19,2,69,,4481,6292,0,19,2,30,,4515,6292,0,19,2,69,,4482,6292,0,19,2,30,,4516,6292,0,19,2,70,,4483,6292,0,19,2,30,,4517,6292,0,19,2,70,,4484,6292,0,19,2,100,,4485,6292,0,19,2,100,,4486,6292,0,19,2,98,,4487,6292,0,19,2
57200,'F8',1602,,18838,4265,,,2
57200,'SE',1602,,18839,4265,,,2
61600,'F8',1501,,18886,2276,,,2,1,,18887,2276,,,2
61600,'SE',1501,,18888,2276,,,2,1,,18889,2276,,,2
