5000,'DI',639,,10105,11385,4,,2,102,,10103,11385,4,,2,100,,10111,11385,4,,2,100,,10106,11385,4,,2,103,,10107,11385,4,,2,94,,10112,11385,4,,2,103,,10113,11385,4,,2,103,,10114,11385,4,,2,97,,10104,11385,4,,2,96,,10116,11385,4,,2,103,,10117,11385,4,,2,106,,10115,11385,4,,2,95,,10110,11385,4,,2,100,,10120,11385,4,,2,100,,10108,11385,4,,2,100,,10121,11385,4,,2,100,,10118,11385,4,,2,100,,10109,11385,4,,2,100,,10122,11385,4,,2,100,,10119,11385,4,,2
5000,'F1',641,,10141,11385,4,,2,98,,10136,11385,4,,2,102,,10132,11385,4,,2,97,,10133,11385,4,,2,103,,10134,11385,4,,2,96,,10128,11385,4,,2,102,,10124,11385,4,,2,98,,10142,11385,4,,2,99,,10137,11385,4,,2,103,,10138,11385,4,,2,103,,10139,11385,4,,2,103,,10140,11385,4,,2,96,,10125,11385,4,,2,100,,10126,11385,4,,2,100,,10129,11385,4,,2,100,,10135,11385,4,,2,97,,10130,11385,4,,2,103,,10131,11385,4,,2,101,,10123,11385,4,,2,99,,10127,11385,4,,2
5000,'F7',639,,10145,11385,4,,2,102,,10143,11385,4,,2,100,,10151,11385,4,,2,100,,10146,11385,4,,2,103,,10147,11385,4,,2,94,,10152,11385,4,,2,103,,10153,11385,4,,2,103,,10154,11385,4,,2,97,,10144,11385,4,,2,96,,10156,11385,4,,2,103,,10157,11385,4,,2,106,,10155,11385,4,,2,95,,10150,11385,4,,2,100,,10160,11385,4,,2,100,,10148,11385,4,,2,100,,10161,11385,4,,2,100,,10158,11385,4,,2,100,,10149,11385,4,,2,100,,10162,11385,4,,2,100,,10159,11385,4,,2
5000,'F8',601,,10172,11385,4,,2,30,,10174,11385,4,,2,70,,10176,11385,4,,2,30,,10163,11385,4,,2,70,,10165,11385,4,,2,30,,10175,11385,4,,2,73,,10173,11385,4,,2,27,,10186,11385,4,,2,100,,10188,11385,4,,2,100,,10187,11385,4,,2,100,,10177,11385,4,,2,100,,10178,11385,4,,2,99,,10166,11385,4,,2,102,,10170,11385,4,,2,68,,10189,11385,4,,2,33,,10171,11385,4,,2,74,,10190,11385,4,,2,26,,10185,11385,4,,2,70,,10180,11385,4,,2,30,,10179,11385,4,,2,68,,10167,11385,4,,2,30,,10181,11385,4,,2,100,,10164,11385,4,,2,100,,10169,11385,4,,2,100,,10182,11385,4,,2,100,,10184,11385,4,,2,100,,10168,11385,4,,2,100,,10183,11385,4,,2
5000,'F9',641,,10209,11385,4,,2,98,,10204,11385,4,,2,102,,10200,11385,4,,2,97,,10201,11385,4,,2,103,,10202,11385,4,,2,96,,10196,11385,4,,2,102,,10192,11385,4,,2,98,,10210,11385,4,,2,99,,10205,11385,4,,2,103,,10206,11385,4,,2,103,,10207,11385,4,,2,103,,10208,11385,4,,2,96,,10193,11385,4,,2,100,,10194,11385,4,,2,100,,10197,11385,4,,2,100,,10203,11385,4,,2,97,,10198,11385,4,,2,103,,10199,11385,4,,2,101,,10191,11385,4,,2,99,,10195,11385,4,,2
5000,'SA',641,,10229,11385,4,,2,98,,10224,11385,4,,2,102,,10220,11385,4,,2,97,,10221,11385,4,,2,103,,10222,11385,4,,2,96,,10216,11385,4,,2,102,,10212,11385,4,,2,98,,10230,11385,4,,2,99,,10225,11385,4,,2,103,,10226,11385,4,,2,103,,10227,11385,4,,2,103,,10228,11385,4,,2,96,,10213,11385,4,,2,100,,10214,11385,4,,2,100,,10217,11385,4,,2,100,,10223,11385,4,,2,97,,10218,11385,4,,2,103,,10219,11385,4,,2,101,,10211,11385,4,,2,99,,10215,11385,4,,2
5000,'SE',601,,10240,11385,4,,2,30,,10242,11385,4,,2,70,,10244,11385,4,,2,30,,10231,11385,4,,2,70,,10233,11385,4,,2,30,,10243,11385,4,,2,73,,10241,11385,4,,2,27,,10254,11385,4,,2,100,,10256,11385,4,,2,100,,10255,11385,4,,2,100,,10245,11385,4,,2,100,,10246,11385,4,,2,99,,10234,11385,4,,2,102,,10238,11385,4,,2,68,,10257,11385,4,,2,33,,10239,11385,4,,2,74,,10258,11385,4,,2,26,,10253,11385,4,,2,70,,10248,11385,4,,2,30,,10247,11385,4,,2,68,,10235,11385,4,,2,30,,10249,11385,4,,2,100,,10232,11385,4,,2,100,,10237,11385,4,,2,100,,10250,11385,4,,2,100,,10252,11385,4,,2,100,,10236,11385,4,,2,100,,10251,11385,4,,2
5001,'DI',639,,10261,0,,,2,102,,10259,0,,,2,100,,10267,0,,,2,100,,10262,0,,,2,103,,10263,0,,,2,94,,10268,0,,,2,103,,10269,0,,,2,103,,10270,0,,,2,97,,10260,0,,,2,96,,10272,0,,,2,103,,10273,0,,,2,106,,10271,0,,,2,95,,10266,0,,,2,100,,10276,0,,,2,100,,10264,0,,,2,100,,10277,0,,,2,100,,10274,0,,,2,100,,10265,0,,,2,100,,10278,0,,,2,100,,10275,0,,,2
5001,'F1',641,,10297,0,,,2,98,,10292,0,,,2,102,,10288,0,,,2,97,,10289,0,,,2,103,,10290,0,,,2,96,,10284,0,,,2,102,,10280,0,,,2,98,,10298,0,,,2,99,,10293,0,,,2,103,,10294,0,,,2,103,,10295,0,,,2,103,,10296,0,,,2,96,,10281,0,,,2,100,,10282,0,,,2,100,,10285,0,,,2,100,,10291,0,,,2,97,,10286,0,,,2,103,,10287,0,,,2,101,,10279,0,,,2,99,,10283,0,,,2
5001,'F7',639,,10301,0,,,2,102,,10299,0,,,2,100,,10307,0,,,2,100,,10302,0,,,2,103,,10303,0,,,2,94,,10308,0,,,2,103,,10309,0,,,2,103,,10310,0,,,2,97,,10300,0,,,2,96,,10312,0,,,2,103,,10313,0,,,2,106,,10311,0,,,2,95,,10306,0,,,2,100,,10316,0,,,2,100,,10304,0,,,2,100,,10317,0,,,2,100,,10314,0,,,2,100,,10305,0,,,2,100,,10318,0,,,2,100,,10315,0,,,2
5001,'F8',531,,10326,0,,,2,70,,10329,0,,,2,30,,10331,0,,,2,70,,10333,0,,,2,30,,10319,0,,,2,70,,10321,0,,,2,30,,10332,0,,,2,73,,10330,0,,,2,27,,10343,0,,,2,100,,10345,0,,,2,100,,10344,0,,,2,100,,10334,0,,,2,100,,10335,0,,,2,99,,10322,0,,,2,102,,10327,0,,,2,68,,10346,0,,,2,33,,10328,0,,,2,74,,10347,0,,,2,26,,10342,0,,,2,70,,10337,0,,,2,30,,10336,0,,,2,68,,10323,0,,,2,30,,10338,0,,,2,100,,10320,0,,,2,100,,10325,0,,,2,100,,10339,0,,,2,100,,10341,0,,,2,100,,10324,0,,,2,100,,10340,0,,,2
5001,'F9',641,,10366,0,,,2,98,,10361,0,,,2,102,,10357,0,,,2,97,,10358,0,,,2,103,,10359,0,,,2,96,,10353,0,,,2,102,,10349,0,,,2,98,,10367,0,,,2,99,,10362,0,,,2,103,,10363,0,,,2,103,,10364,0,,,2,103,,10365,0,,,2,96,,10350,0,,,2,100,,10351,0,,,2,100,,10354,0,,,2,100,,10360,0,,,2,97,,10355,0,,,2,103,,10356,0,,,2,101,,10348,0,,,2,99,,10352,0,,,2
5001,'SA',641,,10386,0,,,2,98,,10381,0,,,2,102,,10377,0,,,2,97,,10378,0,,,2,103,,10379,0,,,2,96,,10373,0,,,2,102,,10369,0,,,2,98,,10387,0,,,2,99,,10382,0,,,2,103,,10383,0,,,2,103,,10384,0,,,2,103,,10385,0,,,2,96,,10370,0,,,2,100,,10371,0,,,2,100,,10374,0,,,2,100,,10380,0,,,2,97,,10375,0,,,2,103,,10376,0,,,2,101,,10368,0,,,2,99,,10372,0,,,2
5001,'SE',531,,10395,0,,,2,70,,10398,0,,,2,30,,10400,0,,,2,70,,10402,0,,,2,30,,10388,0,,,2,70,,10390,0,,,2,30,,10401,0,,,2,73,,10399,0,,,2,27,,10412,0,,,2,100,,10414,0,,,2,100,,10413,0,,,2,100,,10403,0,,,2,100,,10404,0,,,2,99,,10391,0,,,2,102,,10396,0,,,2,68,,10415,0,,,2,33,,10397,0,,,2,74,,10416,0,,,2,26,,10411,0,,,2,70,,10406,0,,,2,30,,10405,0,,,2,68,,10392,0,,,2,30,,10407,0,,,2,100,,10389,0,,,2,100,,10394,0,,,2,100,,10408,0,,,2,100,,10410,0,,,2,100,,10393,0,,,2,100,,10409,0,,,2
50500,'F8',1625,,18738,4420,,,2
50500,'SE',1625,,18739,4420,,,2
53801,'F8',905,,18788,0,,,2
53801,'SE',905,,18789,0,,,2
