401,'DI',720,,21399,10098,,,1,30,,21385,10098,,,1,70,,21392,10098,,,1,32,,21405,10098,,,1,70,,21407,10098,,,1,30,,21386,10098,,,1,70,,21393,10098,,,1,30,,21406,10098,,,1,70,,21408,10098,,,1,30,,21387,10098,,,1,70,,21413,10098,,,1,30,,21414,10098,,,1,70,,21409,10098,,,1,31,,21388,10098,,,1,69,,21394,10098,,,1,30,,21416,10098,,,1,70,,21397,10098,,,1,32,,21389,10098,,,1,69,,21395,10098,,,1,30,,21417,10098,,,1,74,,21398,10098,,,1,25,,21410,10098,,,1,70,,21415,10098,,,1,30,,21412,10098,,,1,70,,21390,10098,,,1,31,,21411,10098,,,1,69,,21400,10098,,,1,30,,21383,10098,,,1,70,,21396,10098,,,1,100,,21402,10098,,,1,100,,21404,10098,,,1,100,,21401,10098,,,1
401,'F1',720,,21423,10098,,,1,30,,21419,10098,,,1,70,,21427,10098,,,1,32,,21448,10098,,,1,70,,21424,10098,,,1,30,,21420,10098,,,1,70,,21438,10098,,,1,30,,21449,10098,,,1,70,,1236,10098,,,1,30,,21446,10098,,,1,72,,21428,10098,,,1,30,,21450,10098,,,1,70,,21431,10098,,,1,30,,21439,10098,,,1,70,,21421,10098,,,1,30,,21430,10098,,,1,70,,21447,10098,,,1,30,,21440,10098,,,1,70,,21436,10098,,,1,30,,21441,10098,,,1,70,,21435,10098,,,1,30,,21444,10098,,,1,68,,21445,10098,,,1,30,,21422,10098,,,1,70,,21433,10098,,,1,30,,21443,10098,,,1,70,,21432,10098,,,1,30,,21437,10098,,,1,70,,21425,10098,,,1,100,,21442,10098,,,1,100,,1223,10098,,,1,100,,21434,10098,,,1
401,'F2',720,,21456,10098,,,1,30,,21453,10098,,,1,70,,21460,10098,,,1,32,,21462,10098,,,1,70,,21457,10098,,,1,30,,21454,10098,,,1,70,,21480,10098,,,1,30,,21463,10098,,,1,70,,21474,10098,,,1,30,,21484,10098,,,1,72,,21472,10098,,,1,30,,21483,10098,,,1,70,,21467,10098,,,1,30,,21451,10098,,,1,70,,21464,10098,,,1,30,,21475,10098,,,1,70,,21485,10098,,,1,30,,21482,10098,,,1,70,,21471,10098,,,1,30,,21477,10098,,,1,70,,21470,10098,,,1,30,,21458,10098,,,1,68,,21476,10098,,,1,30,,21466,10098,,,1,70,,21455,10098,,,1,30,,21479,10098,,,1,70,,21465,10098,,,1,30,,21478,10098,,,1,70,,21481,10098,,,1,100,,21473,10098,,,1,100,,21469,10098,,,1,100,,21468,10098,,,1
401,'F7',636,,21512,10098,,,1,21,,21488,10098,,,1,71,,21486,10098,,,1,74,,21489,10098,,,1,33,,21521,10098,,,1,70,,21497,10098,,,1,32,,21504,10098,,,1,70,,21513,10098,,,1,30,,21523,10098,,,1,70,,21515,10098,,,1,30,,21490,10098,,,1,70,,21508,10098,,,1,32,,21511,10098,,,1,72,,21509,10098,,,1,30,,21498,10098,,,1,70,,21507,10098,,,1,26,,21487,10098,,,1,74,,21519,10098,,,1,15,,21516,10098,,,1,23,,21491,10098,,,1,61,,21510,10098,,,1,19,,21493,10098,,,1,20,,21494,10098,,,1,64,,21514,10098,,,1,16,,21522,10098,,,1,20,,21518,10098,,,1,64,,21503,10098,,,1,16,,21517,10098,,,1,27,,21492,10098,,,1,70,,21520,10098,,,1,27,,21500,10098,,,1,68,,21495,10098,,,1,30,,21506,10098,,,1,70,,21524,10098,,,1,30,,21525,10098,,,1,100,,21496,10098,,,1,98,,21502,10098,,,1,100,,21505,10098,,,1
401,'F8',720,,21531,10098,,,1,30,,21528,10098,,,1,70,,21535,10098,,,1,32,,21537,10098,,,1,70,,21532,10098,,,1,30,,21529,10098,,,1,70,,21555,10098,,,1,30,,21538,10098,,,1,70,,21549,10098,,,1,30,,21559,10098,,,1,72,,21547,10098,,,1,30,,21558,10098,,,1,70,,21542,10098,,,1,30,,21526,10098,,,1,70,,21539,10098,,,1,30,,21550,10098,,,1,70,,21560,10098,,,1,30,,21557,10098,,,1,70,,21546,10098,,,1,30,,21552,10098,,,1,70,,21545,10098,,,1,30,,21533,10098,,,1,68,,21551,10098,,,1,30,,21541,10098,,,1,70,,21530,10098,,,1,30,,21554,10098,,,1,70,,21540,10098,,,1,30,,21553,10098,,,1,70,,21556,10098,,,1,100,,21548,10098,,,1,100,,21544,10098,,,1,100,,21543,10098,,,1
401,'F9',720,,21577,10098,,,1,30,,21563,10098,,,1,70,,21570,10098,,,1,32,,21583,10098,,,1,70,,21585,10098,,,1,30,,21564,10098,,,1,70,,21571,10098,,,1,30,,21584,10098,,,1,70,,21586,10098,,,1,30,,21565,10098,,,1,70,,21591,10098,,,1,30,,21592,10098,,,1,70,,21587,10098,,,1,31,,21566,10098,,,1,69,,21572,10098,,,1,30,,21594,10098,,,1,70,,21575,10098,,,1,32,,21567,10098,,,1,69,,21573,10098,,,1,30,,21595,10098,,,1,74,,21576,10098,,,1,25,,21588,10098,,,1,70,,21593,10098,,,1,30,,21590,10098,,,1,70,,21568,10098,,,1,31,,21589,10098,,,1,69,,21578,10098,,,1,30,,21561,10098,,,1,70,,21574,10098,,,1,100,,21580,10098,,,1,100,,21582,10098,,,1,100,,21579,10098,,,1
401,'SA',720,,1358,10098,,,1,30,,21597,10098,,,1,70,,1361,10098,,,1,32,,1363,10098,,,1,70,,1359,10098,,,1,30,,21598,10098,,,1,70,,21616,10098,,,1,30,,1364,10098,,,1,70,,21610,10098,,,1,30,,21620,10098,,,1,72,,21608,10098,,,1,30,,21619,10098,,,1,70,,21603,10098,,,1,30,,1356,10098,,,1,70,,1365,10098,,,1,30,,21611,10098,,,1,70,,21621,10098,,,1,30,,21618,10098,,,1,70,,21607,10098,,,1,30,,21613,10098,,,1,70,,21606,10098,,,1,30,,21600,10098,,,1,68,,21612,10098,,,1,30,,21602,10098,,,1,70,,21599,10098,,,1,30,,21615,10098,,,1,70,,21601,10098,,,1,30,,21614,10098,,,1,70,,21617,10098,,,1,100,,21609,10098,,,1,100,,21605,10098,,,1,100,,21604,10098,,,1
401,'SE',636,,21647,10098,,,1,21,,21624,10098,,,1,71,,21622,10098,,,1,74,,21625,10098,,,1,33,,21653,10098,,,1,70,,21633,10098,,,1,32,,21640,10098,,,1,70,,1417,10098,,,1,30,,21655,10098,,,1,70,,21649,10098,,,1,30,,21626,10098,,,1,70,,21644,10098,,,1,32,,1416,10098,,,1,72,,21645,10098,,,1,30,,21634,10098,,,1,70,,21643,10098,,,1,26,,21623,10098,,,1,74,,21651,10098,,,1,15,,1420,10098,,,1,23,,21627,10098,,,1,61,,21646,10098,,,1,19,,21629,10098,,,1,20,,21630,10098,,,1,64,,21648,10098,,,1,16,,21654,10098,,,1,20,,21650,10098,,,1,64,,21639,10098,,,1,16,,1421,10098,,,1,27,,21628,10098,,,1,70,,21652,10098,,,1,27,,21636,10098,,,1,68,,21631,10098,,,1,30,,21642,10098,,,1,70,,21656,10098,,,1,30,,21657,10098,,,1,100,,21632,10098,,,1,98,,21638,10098,,,1,100,,21641,10098,,,1
3400,'F7',1635,,28841,4817,0,28 29,2,66,,28844,4817,0,28 29,2,20,,28842,4817,0,28 29,2,20,,28845,4817,0,28 29,2,70,,28843,4817,0,28 29,2,35,,28846,4817,0,28 29,2
3400,'SE',1635,,28851,4817,0,28 29,2,66,,28854,4817,0,28 29,2,20,,28852,4817,0,28 29,2,20,,28855,4817,0,28 29,2,70,,28853,4817,0,28 29,2,35,,28856,4817,0,28 29,2
