1500,'DI',739,,24371,7662,,,1,101,,24368,7662,,,1,100,,24365,7662,,,1,100,,24378,7662,,,1,100,,24383,7662,,,1,100,,24376,7662,,,1,100,,24372,7662,,,1,100,,24366,7662,,,1,100,,24380,7662,,,1,100,,24367,7662,,,1,100,,24375,7662,,,1,100,,24373,7662,,,1,98,,24377,7662,,,1,100,,24381,7662,,,1,100,,24379,7662,,,1,100,,24374,7662,,,1,100,,24369,7662,,,1,100,,24382,7662,,,1,100,,24370,7662,,,1
1500,'F1',740,,24385,7662,,,1,100,,24391,7662,,,1,100,,24400,7662,,,1,100,,24392,7662,,,1,107,,24394,7662,,,1,95,,24393,7662,,,1,100,,24401,7662,,,1,100,,24386,7662,,,1,100,,24395,7662,,,1,100,,24387,7662,,,1,100,,24384,7662,,,1,100,,24397,7662,,,1,100,,24402,7662,,,1,99,,24388,7662,,,1,100,,24389,7662,,,1,100,,24398,7662,,,1,100,,24390,7662,,,1,100,,24399,7662,,,1,100,,24396,7662,,,1
1500,'F2',740,,24418,7662,,,1,100,,24411,7662,,,1,100,,24405,7662,,,1,100,,24419,7662,,,1,107,,24413,7662,,,1,95,,24403,7662,,,1,100,,24415,7662,,,1,100,,24409,7662,,,1,100,,24414,7662,,,1,100,,24410,7662,,,1,100,,24406,7662,,,1,100,,24412,7662,,,1,100,,24416,7662,,,1,99,,24417,7662,,,1,100,,24404,7662,,,1,100,,24420,7662,,,1,100,,24407,7662,,,1,100,,24421,7662,,,1,100,,24408,7662,,,1
1500,'F7',602,,24458,7662,,,1,30,,24452,7662,,,1,71,,24423,7662,,,1,28,,24444,7662,,,1,74,,24450,7662,,,1,26,,24430,7662,,,1,74,,24446,7662,,,1,30,,24429,7662,,,1,68,,24451,7662,,,1,30,,24448,7662,,,1,70,,24424,7662,,,1,30,,24427,7662,,,1,70,,24449,7662,,,1,30,,24432,7662,,,1,70,,24428,7662,,,1,30,,24425,7662,,,1,70,,24454,7662,,,1,30,,24438,7662,,,1,72,,24453,7662,,,1,30,,24431,7662,,,1,65,,24433,7662,,,1,34,,24426,7662,,,1,81,,24442,7662,,,1,20,,24457,7662,,,1,70,,24439,7662,,,1,30,,24440,7662,,,1,70,,24455,7662,,,1,27,,24443,7662,,,1,70,,24436,7662,,,1,30,,24447,7662,,,1,70,,24456,7662,,,1,30,,24441,7662,,,1,70,,24422,7662,,,1,30,,24435,7662,,,1,100,,24437,7662,,,1,98,,24445,7662,,,1,100,,24434,7662,,,1
1500,'F8',740,,24474,7662,,,1,100,,24467,7662,,,1,100,,24461,7662,,,1,100,,24475,7662,,,1,107,,24469,7662,,,1,95,,24459,7662,,,1,100,,24471,7662,,,1,100,,24465,7662,,,1,100,,24470,7662,,,1,100,,24466,7662,,,1,100,,24462,7662,,,1,100,,24468,7662,,,1,100,,24472,7662,,,1,99,,24473,7662,,,1,100,,24460,7662,,,1,100,,24476,7662,,,1,100,,24463,7662,,,1,100,,24477,7662,,,1,100,,24464,7662,,,1
1500,'F9',739,,24484,7662,,,1,101,,24481,7662,,,1,100,,24478,7662,,,1,100,,24491,7662,,,1,100,,24496,7662,,,1,100,,24489,7662,,,1,100,,24485,7662,,,1,100,,24479,7662,,,1,100,,24493,7662,,,1,100,,24480,7662,,,1,100,,24488,7662,,,1,100,,24486,7662,,,1,98,,24490,7662,,,1,100,,24494,7662,,,1,100,,24492,7662,,,1,100,,24487,7662,,,1,100,,24482,7662,,,1,100,,24495,7662,,,1,100,,24483,7662,,,1
1500,'SA',740,,24512,7662,,,1,100,,24505,7662,,,1,100,,24499,7662,,,1,100,,24513,7662,,,1,107,,24507,7662,,,1,95,,24497,7662,,,1,100,,24509,7662,,,1,100,,24503,7662,,,1,100,,24508,7662,,,1,100,,24504,7662,,,1,100,,24500,7662,,,1,100,,24506,7662,,,1,100,,24510,7662,,,1,99,,24511,7662,,,1,100,,24498,7662,,,1,100,,24514,7662,,,1,100,,24501,7662,,,1,100,,24515,7662,,,1,100,,24502,7662,,,1
1500,'SE',602,,24552,7662,,,1,30,,24546,7662,,,1,71,,24517,7662,,,1,28,,24538,7662,,,1,74,,24544,7662,,,1,26,,24524,7662,,,1,74,,24540,7662,,,1,30,,24523,7662,,,1,68,,24545,7662,,,1,30,,24542,7662,,,1,70,,24518,7662,,,1,30,,24521,7662,,,1,70,,24543,7662,,,1,30,,24526,7662,,,1,70,,24522,7662,,,1,30,,24519,7662,,,1,70,,24548,7662,,,1,30,,24532,7662,,,1,72,,24547,7662,,,1,30,,24525,7662,,,1,65,,24527,7662,,,1,34,,24520,7662,,,1,81,,24536,7662,,,1,20,,24551,7662,,,1,70,,24533,7662,,,1,30,,24534,7662,,,1,70,,24549,7662,,,1,27,,24537,7662,,,1,70,,24530,7662,,,1,30,,24541,7662,,,1,70,,24550,7662,,,1,30,,24535,7662,,,1,70,,24516,7662,,,1,30,,24529,7662,,,1,100,,24531,7662,,,1,98,,24539,7662,,,1,100,,24528,7662,,,1
53501,'F7',915,,40672,3849,,,2
53501,'SE',915,,40673,3849,,,2
