301,'DI',620,,698,4410,,,1,100,,687,4410,,,1,100,,699,4410,,,1,100,,688,4410,,,1,100,,700,4410,,,1,100,,689,4410,,,1,100,,701,4410,,,1,100,,690,4410,,,1,100,,702,4410,,,1,100,,703,4410,,,1,100,,704,4410,,,1,100,,705,4410,,,1,100,,706,4410,,,1,100,,691,4410,,,1,100,,692,4410,,,1,100,,693,4410,,,1,100,,694,4410,,,1,100,,695,4410,,,1,100,,696,4410,,,1
301,'F1',550,,707,4410,,,1,70,,727,4410,,,1,30,,708,4410,,,1,70,,732,4410,,,1,30,,709,4410,,,1,70,,734,4410,,,1,30,,710,4410,,,1,70,,733,4410,,,1,30,,711,4410,,,1,70,,728,4410,,,1,30,,712,4410,,,1,70,,729,4410,,,1,30,,713,4410,,,1,70,,737,4410,,,1,30,,714,4410,,,1,70,,735,4410,,,1,30,,715,4410,,,1,70,,738,4410,,,1,30,,716,4410,,,1,70,,736,4410,,,1,30,,717,4410,,,1,70,,730,4410,,,1,30,,718,4410,,,1,70,,731,4410,,,1,30,,719,4410,,,1,70,,740,4410,,,1,100,,721,4410,,,1,100,,722,4410,,,1,100,,723,4410,,,1,100,,724,4410,,,1,100,,725,4410,,,1,100,,739,4410,,,1
301,'F7',620,,752,4410,,,1,100,,741,4410,,,1,100,,753,4410,,,1,100,,742,4410,,,1,100,,754,4410,,,1,100,,743,4410,,,1,100,,755,4410,,,1,100,,744,4410,,,1,100,,756,4410,,,1,100,,757,4410,,,1,100,,758,4410,,,1,100,,759,4410,,,1,100,,760,4410,,,1,100,,745,4410,,,1,100,,746,4410,,,1,100,,747,4410,,,1,100,,748,4410,,,1,100,,749,4410,,,1,100,,750,4410,,,1
301,'F8',508,,776,4410,,,1,30,,777,4410,,,1,71,,799,4410,,,1,24,,793,4410,,,1,20,,788,4410,,,1,60,,800,4410,,,1,20,,797,4410,,,1,17,,789,4410,,,1,63,,791,4410,,,1,21,,798,4410,,,1,20,,790,4410,,,1,69,,771,4410,,,1,30,,774,4410,,,1,70,,770,4410,,,1,30,,775,4410,,,1,70,,761,4410,,,1,30,,765,4410,,,1,70,,762,4410,,,1,30,,766,4410,,,1,70,,763,4410,,,1,30,,767,4410,,,1,70,,764,4410,,,1,30,,792,4410,,,1,72,,786,4410,,,1,79,,804,4410,,,1,44,,796,4410,,,1,81,,802,4410,,,1,78,,803,4410,,,1,49,,783,4410,,,1,67,,778,4410,,,1,28,,768,4410,,,1,70,,779,4410,,,1,30,,769,4410,,,1,70,,780,4410,,,1,30,,784,4410,,,1,70,,781,4410,,,1,100,,782,4410,,,1,100,,772,4410,,,1
301,'F9',550,,805,4410,,,1,70,,825,4410,,,1,30,,806,4410,,,1,70,,830,4410,,,1,30,,807,4410,,,1,70,,832,4410,,,1,30,,808,4410,,,1,70,,831,4410,,,1,30,,809,4410,,,1,70,,826,4410,,,1,30,,810,4410,,,1,70,,827,4410,,,1,30,,811,4410,,,1,70,,835,4410,,,1,30,,812,4410,,,1,70,,833,4410,,,1,30,,813,4410,,,1,70,,836,4410,,,1,30,,814,4410,,,1,70,,834,4410,,,1,30,,815,4410,,,1,70,,828,4410,,,1,30,,816,4410,,,1,70,,829,4410,,,1,30,,817,4410,,,1,70,,838,4410,,,1,100,,819,4410,,,1,100,,820,4410,,,1,100,,821,4410,,,1,100,,822,4410,,,1,100,,823,4410,,,1,100,,837,4410,,,1
301,'SA',550,,839,4410,,,1,70,,859,4410,,,1,30,,840,4410,,,1,70,,864,4410,,,1,30,,841,4410,,,1,70,,866,4410,,,1,30,,842,4410,,,1,70,,865,4410,,,1,30,,843,4410,,,1,70,,860,4410,,,1,30,,844,4410,,,1,70,,861,4410,,,1,30,,845,4410,,,1,70,,869,4410,,,1,30,,846,4410,,,1,70,,867,4410,,,1,30,,847,4410,,,1,70,,870,4410,,,1,30,,848,4410,,,1,70,,868,4410,,,1,30,,849,4410,,,1,70,,862,4410,,,1,30,,850,4410,,,1,70,,863,4410,,,1,30,,851,4410,,,1,70,,872,4410,,,1,100,,853,4410,,,1,100,,854,4410,,,1,100,,855,4410,,,1,100,,856,4410,,,1,100,,857,4410,,,1,100,,871,4410,,,1
301,'SE',508,,888,4410,,,1,30,,889,4410,,,1,71,,911,4410,,,1,24,,905,4410,,,1,20,,900,4410,,,1,60,,912,4410,,,1,20,,909,4410,,,1,17,,901,4410,,,1,63,,903,4410,,,1,21,,910,4410,,,1,20,,902,4410,,,1,69,,883,4410,,,1,30,,886,4410,,,1,70,,882,4410,,,1,30,,887,4410,,,1,70,,873,4410,,,1,30,,877,4410,,,1,70,,874,4410,,,1,30,,878,4410,,,1,70,,875,4410,,,1,30,,879,4410,,,1,70,,876,4410,,,1,30,,904,4410,,,1,72,,898,4410,,,1,79,,916,4410,,,1,44,,908,4410,,,1,81,,914,4410,,,1,78,,915,4410,,,1,49,,895,4410,,,1,67,,890,4410,,,1,28,,880,4410,,,1,70,,891,4410,,,1,30,,881,4410,,,1,70,,892,4410,,,1,30,,896,4410,,,1,70,,893,4410,,,1,100,,894,4410,,,1,100,,884,4410,,,1
50300,'F8',1634,,18734,6503,,,2
50300,'SE',1634,,18735,6503,,,2
60101,'F8',846,,18852,5145,,,2
60101,'SE',846,,18853,5145,,,2
