601,'DI',609,,2204,3297,,,1,30,,2217,3297,,,1,70,,2222,3297,,,1,30,,2221,3297,,,1,70,,2205,3297,,,1,30,,2230,3297,,,1,70,,2201,3297,,,1,30,,2199,3297,,,1,73,,2226,3297,,,1,30,,2208,3297,,,1,70,,2229,3297,,,1,30,,2206,3297,,,1,70,,2212,3297,,,1,33,,2223,3297,,,1,70,,2202,3297,,,1,30,,2209,3297,,,1,70,,2224,3297,,,1,30,,2203,3297,,,1,70,,2207,3297,,,1,30,,2225,3297,,,1,70,,2214,3297,,,1,30,,2218,3297,,,1,70,,2210,3297,,,1,29,,2215,3297,,,1,70,,2219,3297,,,1,30,,2216,3297,,,1,100,,2228,3297,,,1,100,,2213,3297,,,1,100,,2220,3297,,,1,100,,2211,3297,,,1,100,,2200,3297,,,1,100,,2227,3297,,,1
601,'F1',609,,2233,3297,,,1,30,,2236,3297,,,1,70,,2252,3297,,,1,30,,2262,3297,,,1,70,,2241,3297,,,1,30,,2237,3297,,,1,74,,2242,3297,,,1,26,,2259,3297,,,1,75,,2246,3297,,,1,23,,2243,3297,,,1,75,,2257,3297,,,1,26,,2231,3297,,,1,70,,2255,3297,,,1,38,,2232,3297,,,1,70,,2256,3297,,,1,29,,2247,3297,,,1,70,,2234,3297,,,1,30,,2238,3297,,,1,70,,2248,3297,,,1,30,,2260,3297,,,1,70,,2253,3297,,,1,30,,2249,3297,,,1,70,,2261,3297,,,1,29,,2254,3297,,,1,70,,2250,3297,,,1,30,,2244,3297,,,1,100,,2239,3297,,,1,100,,2258,3297,,,1,100,,2245,3297,,,1,100,,2235,3297,,,1,100,,2240,3297,,,1,100,,2251,3297,,,1
601,'F7',609,,2268,3297,,,1,30,,2281,3297,,,1,70,,2286,3297,,,1,30,,2285,3297,,,1,70,,2269,3297,,,1,30,,2294,3297,,,1,70,,2265,3297,,,1,30,,2263,3297,,,1,73,,2290,3297,,,1,30,,2272,3297,,,1,70,,2293,3297,,,1,30,,2270,3297,,,1,70,,2276,3297,,,1,33,,2287,3297,,,1,70,,2266,3297,,,1,30,,2273,3297,,,1,70,,2288,3297,,,1,30,,2267,3297,,,1,70,,2271,3297,,,1,30,,2289,3297,,,1,70,,2278,3297,,,1,30,,2282,3297,,,1,70,,2274,3297,,,1,29,,2279,3297,,,1,70,,2283,3297,,,1,30,,2280,3297,,,1,100,,2292,3297,,,1,100,,2277,3297,,,1,100,,2284,3297,,,1,100,,2275,3297,,,1,100,,2264,3297,,,1,100,,2291,3297,,,1
601,'F8',523,,2308,3297,,,1,30,,2310,3297,,,1,71,,2311,3297,,,1,30,,2316,3297,,,1,64,,2301,3297,,,1,37,,2322,3297,,,1,70,,2295,3297,,,1,32,,2302,3297,,,1,68,,2309,3297,,,1,30,,2318,3297,,,1,70,,2300,3297,,,1,30,,2312,3297,,,1,70,,2305,3297,,,1,30,,2313,3297,,,1,70,,2319,3297,,,1,30,,2317,3297,,,1,70,,2314,3297,,,1,30,,2328,3297,,,1,70,,2303,3297,,,1,30,,2320,3297,,,1,70,,2296,3297,,,1,26,,2306,3297,,,1,78,,2323,3297,,,1,27,,2329,3297,,,1,72,,2325,3297,,,1,25,,2324,3297,,,1,72,,2331,3297,,,1,30,,2315,3297,,,1,69,,2297,3297,,,1,30,,2326,3297,,,1,70,,2330,3297,,,1,30,,2327,3297,,,1,70,,2321,3297,,,1,30,,2307,3297,,,1,98,,2298,3297,,,1,100,,2299,3297,,,1,100,,2304,3297,,,1
601,'F9',609,,2334,3297,,,1,30,,2337,3297,,,1,70,,2353,3297,,,1,30,,2363,3297,,,1,70,,2342,3297,,,1,30,,2338,3297,,,1,74,,2343,3297,,,1,26,,2360,3297,,,1,75,,2347,3297,,,1,23,,2344,3297,,,1,75,,2358,3297,,,1,26,,2332,3297,,,1,70,,2356,3297,,,1,38,,2333,3297,,,1,70,,2357,3297,,,1,29,,2348,3297,,,1,70,,2335,3297,,,1,30,,2339,3297,,,1,70,,2349,3297,,,1,30,,2361,3297,,,1,70,,2354,3297,,,1,30,,2350,3297,,,1,70,,2362,3297,,,1,29,,2355,3297,,,1,70,,2351,3297,,,1,30,,2345,3297,,,1,100,,2340,3297,,,1,100,,2359,3297,,,1,100,,2346,3297,,,1,100,,2336,3297,,,1,100,,2341,3297,,,1,100,,2352,3297,,,1
601,'SA',609,,2366,3297,,,1,30,,2369,3297,,,1,70,,2385,3297,,,1,30,,2395,3297,,,1,70,,2374,3297,,,1,30,,2370,3297,,,1,74,,2375,3297,,,1,26,,2392,3297,,,1,75,,2379,3297,,,1,23,,2376,3297,,,1,75,,2390,3297,,,1,26,,2364,3297,,,1,70,,2388,3297,,,1,38,,2365,3297,,,1,70,,2389,3297,,,1,29,,2380,3297,,,1,70,,2367,3297,,,1,30,,2371,3297,,,1,70,,2381,3297,,,1,30,,2393,3297,,,1,70,,2386,3297,,,1,30,,2382,3297,,,1,70,,2394,3297,,,1,29,,2387,3297,,,1,70,,2383,3297,,,1,30,,2377,3297,,,1,100,,2372,3297,,,1,100,,2391,3297,,,1,100,,2378,3297,,,1,100,,2368,3297,,,1,100,,2373,3297,,,1,100,,2384,3297,,,1
601,'SE',523,,2409,3297,,,1,30,,2411,3297,,,1,71,,2412,3297,,,1,30,,2417,3297,,,1,64,,2402,3297,,,1,37,,2423,3297,,,1,70,,2396,3297,,,1,32,,2403,3297,,,1,68,,2410,3297,,,1,30,,2419,3297,,,1,70,,2401,3297,,,1,30,,2413,3297,,,1,70,,2406,3297,,,1,30,,2414,3297,,,1,70,,2420,3297,,,1,30,,2418,3297,,,1,70,,2415,3297,,,1,30,,2429,3297,,,1,70,,2404,3297,,,1,30,,2421,3297,,,1,70,,2397,3297,,,1,26,,2407,3297,,,1,78,,2424,3297,,,1,27,,2430,3297,,,1,72,,2426,3297,,,1,25,,2425,3297,,,1,72,,2432,3297,,,1,30,,2416,3297,,,1,69,,2398,3297,,,1,30,,2427,3297,,,1,70,,2431,3297,,,1,30,,2428,3297,,,1,70,,2422,3297,,,1,30,,2408,3297,,,1,98,,2399,3297,,,1,100,,2400,3297,,,1,100,,2405,3297,,,1
53000,'F8',1628,,18758,4550,,,2
53000,'SE',1628,,18759,4550,,,2
65000,'F8',1637,,18920,9113,,,2
65000,'SE',1637,,18921,9113,,,2
