2301,'F1',611,,6669,3746,,,2,103,,6670,3746,,,2,101,,6671,3746,,,2,100,,6667,3746,,,2,103,,6668,3746,,,2,99,,6672,3746,,,2,103,,6673,3746,,,2,97,,6664,3746,,,2,99,,6665,3746,,,2,100,,6666,3746,,,2,100,,6675,3746,,,2,100,,6674,3746,,,2
2301,'F8',1019,,6678,3746,,,2,100,,6676,3746,,,2,100,,6679,3746,,,2,101,,6677,3746,,,2,101,,6680,3746,,,2
2301,'F9',611,,6686,3746,,,2,103,,6687,3746,,,2,101,,6688,3746,,,2,100,,6684,3746,,,2,103,,6685,3746,,,2,99,,6689,3746,,,2,103,,6690,3746,,,2,97,,6681,3746,,,2,99,,6682,3746,,,2,100,,6683,3746,,,2,100,,6692,3746,,,2,100,,6691,3746,,,2
2301,'SA',611,,6698,3746,,,2,103,,6699,3746,,,2,101,,6700,3746,,,2,100,,6696,3746,,,2,103,,6697,3746,,,2,99,,6701,3746,,,2,103,,6702,3746,,,2,97,,6693,3746,,,2,99,,6694,3746,,,2,100,,6695,3746,,,2,100,,6704,3746,,,2,100,,6703,3746,,,2
2301,'SE',1019,,6707,3746,,,2,100,,6705,3746,,,2,100,,6708,3746,,,2,101,,6706,3746,,,2,101,,6709,3746,,,2
12301,'DI',545,,16064,18043,,,2,100,,16071,18043,,,2,100,,16065,18043,,,2,100,,16072,18043,,,2,101,,16066,18043,,,2,100,,16073,18043,,,2,100,,16067,18043,,,2,100,,16074,18043,,,2,100,,16068,18043,,,2,100,,16075,18043,,,2,100,,16069,18043,,,2,100,,16076,18043,,,2,100,,16070,18043,,,2,100,,16077,18043,,,2,100,,16078,18043,,,2,99,,16061,18043,,,2,100,,16079,18043,,,2,100,,16062,18043,,,2,100,,16080,18043,,,2,100,,16063,18043,,,2
12301,'F1',544,,16081,18043,,,2,100,,16094,18043,,,2,100,,16082,18043,,,2,100,,16095,18043,,,2,100,,16083,18043,,,2,100,,16096,18043,,,2,100,,16084,18043,,,2,100,,16097,18043,,,2,100,,16085,18043,,,2,100,,16098,18043,,,2,100,,16086,18043,,,2,100,,16099,18043,,,2,100,,16087,18043,,,2,100,,16100,18043,,,2,100,,16088,18043,,,2,100,,16091,18043,,,2,100,,16089,18043,,,2,100,,16092,18043,,,2,100,,16090,18043,,,2,100,,16093,18043,,,2
12301,'F7',545,,16104,18043,,,2,100,,16111,18043,,,2,100,,16105,18043,,,2,100,,16112,18043,,,2,101,,16106,18043,,,2,100,,16113,18043,,,2,100,,16107,18043,,,2,100,,16114,18043,,,2,100,,16108,18043,,,2,100,,16115,18043,,,2,100,,16109,18043,,,2,100,,16116,18043,,,2,100,,16110,18043,,,2,100,,16117,18043,,,2,100,,16118,18043,,,2,99,,16101,18043,,,2,100,,16119,18043,,,2,100,,16102,18043,,,2,100,,16120,18043,,,2,100,,16103,18043,,,2
12301,'F8',531,,16140,18043,,,2,70,,16141,18043,,,2,20,,16126,18043,,,2,25,,16124,18043,,,2,55,,16123,18043,,,2,26,,16127,18043,,,2,30,,16122,18043,,,2,69,,16121,18043,,,2,30,,16125,18043,,,2,68,,16144,18043,,,2,30,,16145,18043,,,2,96,,16130,18043,,,2,101,,16138,18043,,,2,100,,16128,18043,,,2,100,,16147,18043,,,2,100,,16149,18043,,,2,51,,16156,18043,,,2,26,,16151,18043,,,2,20,,16133,18043,,,2,55,,16132,18043,,,2,19,,16135,18043,,,2,6,,16146,18043,,,2,16,,16154,18043,,,2,10,,16155,18043,,,2,46,,16131,18043,,,2,24,,16153,18043,,,2,26,,16152,18043,,,2,68,,16150,18043,,,2,31,,16136,18043,,,2,66,,16129,18043,,,2,34,,16134,18043,,,2,68,,16137,18043,,,2,30,,16157,18043,,,2,98,,16148,18043,,,2,98,,16142,18043,,,2,100,,16139,18043,,,2,158,,16143,18043,,,2
12301,'F9',544,,16158,18043,,,2,100,,16171,18043,,,2,100,,16159,18043,,,2,100,,16172,18043,,,2,100,,16160,18043,,,2,100,,16173,18043,,,2,100,,16161,18043,,,2,100,,16174,18043,,,2,100,,16162,18043,,,2,100,,16175,18043,,,2,100,,16163,18043,,,2,100,,16176,18043,,,2,100,,16164,18043,,,2,100,,16177,18043,,,2,100,,16165,18043,,,2,100,,16168,18043,,,2,100,,16166,18043,,,2,100,,16169,18043,,,2,100,,16167,18043,,,2,100,,16170,18043,,,2
12301,'SA',544,,16178,18043,,,2,100,,16191,18043,,,2,100,,16179,18043,,,2,100,,16192,18043,,,2,100,,16180,18043,,,2,100,,16193,18043,,,2,100,,16181,18043,,,2,100,,16194,18043,,,2,100,,16182,18043,,,2,100,,16195,18043,,,2,100,,16183,18043,,,2,100,,16196,18043,,,2,100,,16184,18043,,,2,100,,16197,18043,,,2,100,,16185,18043,,,2,100,,16188,18043,,,2,100,,16186,18043,,,2,100,,16189,18043,,,2,100,,16187,18043,,,2,100,,16190,18043,,,2
12301,'SE',531,,16217,18043,,,2,70,,16218,18043,,,2,20,,16203,18043,,,2,25,,16201,18043,,,2,55,,16200,18043,,,2,26,,16204,18043,,,2,30,,16199,18043,,,2,69,,16198,18043,,,2,30,,16202,18043,,,2,68,,16221,18043,,,2,30,,16222,18043,,,2,96,,16207,18043,,,2,101,,16215,18043,,,2,100,,16205,18043,,,2,100,,16224,18043,,,2,100,,16226,18043,,,2,51,,16233,18043,,,2,26,,16228,18043,,,2,20,,16210,18043,,,2,55,,16209,18043,,,2,19,,16212,18043,,,2,6,,16223,18043,,,2,16,,16231,18043,,,2,10,,16232,18043,,,2,46,,16208,18043,,,2,24,,16230,18043,,,2,26,,16229,18043,,,2,68,,16227,18043,,,2,31,,16213,18043,,,2,66,,16206,18043,,,2,34,,16211,18043,,,2,68,,16214,18043,,,2,30,,16234,18043,,,2,98,,16225,18043,,,2,98,,16219,18043,,,2,100,,16216,18043,,,2,158,,16220,18043,,,2
17001,'F8',512,,17082,742,0,48 49,2,29,,17083,742,0,48 49,2,62,,17066,742,0,48 49,2,30,,17070,742,0,48 49,2,70,,17067,742,0,48 49,2,30,,17071,742,0,48 49,2,70,,17068,742,0,48 49,2,35,,17072,742,0,48 49,2,70,,17069,742,0,48 49,2,616,,17078,742,0,48 49,2,30,,17073,742,0,48 49,2,70,,17079,742,0,48 49,2,30,,17074,742,0,48 49,2,70,,17080,742,0,48 49,2,30,,17075,742,0,48 49,2,70,,17081,742,0,48 49,2,30,,17076,742,0,48 49,2
17001,'SE',512,,17100,742,0,48 49,2,29,,17101,742,0,48 49,2,62,,17084,742,0,48 49,2,30,,17088,742,0,48 49,2,70,,17085,742,0,48 49,2,30,,17089,742,0,48 49,2,70,,17086,742,0,48 49,2,35,,17090,742,0,48 49,2,70,,17087,742,0,48 49,2,616,,17096,742,0,48 49,2,30,,17091,742,0,48 49,2,70,,17097,742,0,48 49,2,30,,17092,742,0,48 49,2,70,,17098,742,0,48 49,2,30,,17093,742,0,48 49,2,70,,17099,742,0,48 49,2,30,,17094,742,0,48 49,2
