901,'F8',617,,3077,5200,,,2,30,,3076,5200,,,2,71,,3079,5200,,,2,30,,3078,5200,,,2,70,,3080,5200,,,2
901,'SE',617,,3085,5200,,,2,30,,3084,5200,,,2,71,,3087,5200,,,2,30,,3086,5200,,,2,70,,3088,5200,,,2
8801,'DI',622,,15259,6435,,,1,30,,15272,6435,,,1,70,,15278,6435,,,1,30,,15264,6435,,,1,69,,15260,6435,,,1,30,,15273,6435,,,1,70,,15279,6435,,,1,28,,15265,6435,,,1,69,,15261,6435,,,1,30,,15274,6435,,,1,69,,15280,6435,,,1,30,,15266,6435,,,1,70,,15262,6435,,,1,30,,15275,6435,,,1,70,,15285,6435,,,1,31,,15267,6435,,,1,70,,15263,6435,,,1,31,,15276,6435,,,1,71,,15286,6435,,,1,29,,15257,6435,,,1,70,,15281,6435,,,1,30,,15277,6435,,,1,70,,15268,6435,,,1,34,,15258,6435,,,1,62,,15282,6435,,,1,106,,15269,6435,,,1,101,,15283,6435,,,1,100,,15270,6435,,,1,100,,15284,6435,,,1,100,,15271,6435,,,1,99,,15287,6435,,,1
8801,'F1',620,,15288,6435,,,1,30,,15300,6435,,,1,70,,15305,6435,,,1,29,,15294,6435,,,1,70,,15289,6435,,,1,30,,15317,6435,,,1,70,,15306,6435,,,1,27,,15295,6435,,,1,70,,15290,6435,,,1,29,,15318,6435,,,1,70,,15307,6435,,,1,31,,15296,6435,,,1,70,,15301,6435,,,1,31,,15291,6435,,,1,68,,15308,6435,,,1,31,,15297,6435,,,1,70,,15302,6435,,,1,30,,15292,6435,,,1,70,,15309,6435,,,1,30,,15298,6435,,,1,70,,15303,6435,,,1,31,,15293,6435,,,1,68,,15310,6435,,,1,32,,15299,6435,,,1,62,,15313,6435,,,1,109,,15311,6435,,,1,100,,15314,6435,,,1,100,,15312,6435,,,1,100,,15315,6435,,,1,98,,15316,6435,,,1,100,,15304,6435,,,1
8801,'F7',622,,15321,6435,,,1,30,,15334,6435,,,1,70,,15340,6435,,,1,30,,15326,6435,,,1,69,,15322,6435,,,1,30,,15335,6435,,,1,70,,15341,6435,,,1,28,,15327,6435,,,1,69,,15323,6435,,,1,30,,15336,6435,,,1,69,,15342,6435,,,1,30,,15328,6435,,,1,70,,15324,6435,,,1,30,,15337,6435,,,1,70,,15347,6435,,,1,31,,15329,6435,,,1,70,,15325,6435,,,1,31,,15338,6435,,,1,71,,15348,6435,,,1,29,,15319,6435,,,1,70,,15343,6435,,,1,30,,15339,6435,,,1,70,,15330,6435,,,1,34,,15320,6435,,,1,62,,15344,6435,,,1,106,,15331,6435,,,1,101,,15345,6435,,,1,100,,15332,6435,,,1,100,,15346,6435,,,1,100,,15333,6435,,,1,99,,15349,6435,,,1
8801,'F8',617,,15351,6435,,,1,20,,15353,6435,,,1,15,,15354,6435,,,1,52,,15368,6435,,,1,7,,15355,6435,,,1,17,,15370,6435,,,1,9,,15369,6435,,,1,12,,15359,6435,,,1,52,,15364,6435,,,1,10,,15365,6435,,,1,20,,15389,6435,,,1,18,,15390,6435,,,1,70,,15391,6435,,,1,30,,15384,6435,,,1,70,,15367,6435,,,1,30,,15383,6435,,,1,70,,15387,6435,,,1,30,,15386,6435,,,1,70,,15357,6435,,,1,30,,15356,6435,,,1,70,,15374,6435,,,1,30,,15350,6435,,,1,72,,15360,6435,,,1,29,,15352,6435,,,1,9,,15375,6435,,,1,42,,15380,6435,,,1,2,,15362,6435,,,1,7,,15366,6435,,,1,17,,15392,6435,,,1,18,,15398,6435,,,1,12,,15385,6435,,,1,55,,15388,6435,,,1,16,,15371,6435,,,1,15,,15358,6435,,,1,15,,15361,6435,,,1,54,,15376,6435,,,1,16,,15363,6435,,,1,17,,15393,6435,,,1,57,,15396,6435,,,1,20,,15395,6435,,,1,27,,15394,6435,,,1,72,,15377,6435,,,1,30,,15381,6435,,,1,70,,15397,6435,,,1,30,,15382,6435,,,1,70,,15378,6435,,,1,102,,15372,6435,,,1,98,,15379,6435,,,1,100,,15373,6435,,,1
8801,'F9',620,,15399,6435,,,1,30,,15411,6435,,,1,70,,15416,6435,,,1,29,,15405,6435,,,1,70,,15400,6435,,,1,30,,15428,6435,,,1,70,,15417,6435,,,1,27,,15406,6435,,,1,70,,15401,6435,,,1,29,,15429,6435,,,1,70,,15418,6435,,,1,31,,15407,6435,,,1,70,,15412,6435,,,1,31,,15402,6435,,,1,68,,15419,6435,,,1,31,,15408,6435,,,1,70,,15413,6435,,,1,30,,15403,6435,,,1,70,,15420,6435,,,1,30,,15409,6435,,,1,70,,15414,6435,,,1,31,,15404,6435,,,1,68,,15421,6435,,,1,32,,15410,6435,,,1,62,,15424,6435,,,1,109,,15422,6435,,,1,100,,15425,6435,,,1,100,,15423,6435,,,1,100,,15426,6435,,,1,98,,15427,6435,,,1,100,,15415,6435,,,1
8801,'SA',620,,15430,6435,,,1,30,,15442,6435,,,1,70,,15447,6435,,,1,29,,15436,6435,,,1,70,,15431,6435,,,1,30,,15459,6435,,,1,70,,15448,6435,,,1,27,,15437,6435,,,1,70,,15432,6435,,,1,29,,15460,6435,,,1,70,,15449,6435,,,1,31,,15438,6435,,,1,70,,15443,6435,,,1,31,,15433,6435,,,1,68,,15450,6435,,,1,31,,15439,6435,,,1,70,,15444,6435,,,1,30,,15434,6435,,,1,70,,15451,6435,,,1,30,,15440,6435,,,1,70,,15445,6435,,,1,31,,15435,6435,,,1,68,,15452,6435,,,1,32,,15441,6435,,,1,62,,15455,6435,,,1,109,,15453,6435,,,1,100,,15456,6435,,,1,100,,15454,6435,,,1,100,,15457,6435,,,1,98,,15458,6435,,,1,100,,15446,6435,,,1
8801,'SE',617,,15462,6435,,,1,20,,15464,6435,,,1,15,,15465,6435,,,1,52,,15479,6435,,,1,7,,15466,6435,,,1,17,,15481,6435,,,1,9,,15480,6435,,,1,12,,15470,6435,,,1,52,,15475,6435,,,1,10,,15476,6435,,,1,20,,15500,6435,,,1,18,,15501,6435,,,1,70,,15502,6435,,,1,30,,15495,6435,,,1,70,,15478,6435,,,1,30,,15494,6435,,,1,70,,15498,6435,,,1,30,,15497,6435,,,1,70,,15468,6435,,,1,30,,15467,6435,,,1,70,,15485,6435,,,1,30,,15461,6435,,,1,72,,15471,6435,,,1,29,,15463,6435,,,1,9,,15486,6435,,,1,42,,15491,6435,,,1,2,,15473,6435,,,1,7,,15477,6435,,,1,17,,15503,6435,,,1,18,,15509,6435,,,1,12,,15496,6435,,,1,55,,15499,6435,,,1,16,,15482,6435,,,1,15,,15469,6435,,,1,15,,15472,6435,,,1,54,,15487,6435,,,1,16,,15474,6435,,,1,17,,15504,6435,,,1,57,,15507,6435,,,1,20,,15506,6435,,,1,27,,15505,6435,,,1,72,,15488,6435,,,1,30,,15492,6435,,,1,70,,15508,6435,,,1,30,,15493,6435,,,1,70,,15489,6435,,,1,102,,15483,6435,,,1,98,,15490,6435,,,1,100,,15484,6435,,,1
50501,'F8',915,,18740,7104,,,2
50501,'SE',915,,18741,7104,,,2
