12800,'F7',614,,38024,13883,,,2,100,,38025,13883,,,2,895,,38026,13883,,,2
12800,'SE',614,,38027,13883,,,2,100,,38028,13883,,,2,895,,38029,13883,,,2
42800,'DI',624,,39684,13883,,,1,111,,39685,13883,,,1,111,,39686,13883,,,1,108,,39687,13883,,,1,150,,39688,13883,,,1,35,,39694,13883,,,1,75,,39689,13883,,,1,35,,39695,13883,,,1,75,,39690,13883,,,1,35,,39696,13883,,,1,75,,39691,13883,,,1,77,,39697,13883,,,1,34,,39692,13883,,,1,82,,39698,13883,,,1,74,,39693,13883,,,1,109,,39699,13883,,,1,106,,39700,13883,,,1,108,,39701,13883,,,1,110,,39702,13883,,,1,110,,39703,13883,,,1
42800,'F1',624,,17882,13883,,,1,111,,17883,13883,,,1,111,,17884,13883,,,1,108,,17885,13883,,,1,150,,17886,13883,,,1,35,,17892,13883,,,1,75,,17887,13883,,,1,35,,17893,13883,,,1,75,,17888,13883,,,1,35,,17894,13883,,,1,75,,17889,13883,,,1,77,,17895,13883,,,1,34,,17890,13883,,,1,82,,17896,13883,,,1,74,,17891,13883,,,1,109,,17897,13883,,,1,106,,17898,13883,,,1,108,,17899,13883,,,1,110,,17900,13883,,,1,110,,17901,13883,,,1
42800,'F2',624,,39704,13883,,,1,111,,39705,13883,,,1,111,,39706,13883,,,1,108,,39707,13883,,,1,150,,39708,13883,,,1,35,,39714,13883,,,1,75,,39709,13883,,,1,35,,39715,13883,,,1,75,,39710,13883,,,1,35,,39716,13883,,,1,75,,39711,13883,,,1,77,,39717,13883,,,1,34,,39712,13883,,,1,82,,39718,13883,,,1,74,,39713,13883,,,1,109,,39719,13883,,,1,106,,39720,13883,,,1,108,,39721,13883,,,1,110,,39722,13883,,,1,110,,39723,13883,,,1
42800,'F7',539,,39724,13883,,,1,75,,39734,13883,,,1,33,,39725,13883,,,1,86,,39735,13883,,,1,78,,39726,13883,,,1,35,,39736,13883,,,1,76,,39727,13883,,,1,32,,39737,13883,,,1,75,,39728,13883,,,1,75,,39738,13883,,,1,35,,39729,13883,,,1,75,,39739,13883,,,1,33,,39730,13883,,,1,73,,39740,13883,,,1,35,,39731,13883,,,1,75,,39741,13883,,,1,76,,39732,13883,,,1,37,,39742,13883,,,1,76,,39733,13883,,,1,82,,39743,13883,,,1,32,,39750,13883,,,1,79,,39744,13883,,,1,32,,39751,13883,,,1,75,,39745,13883,,,1,107,,39746,13883,,,1,108,,39747,13883,,,1,110,,39748,13883,,,1,110,,39749,13883,,,1
42800,'F8',624,,39752,13883,,,1,111,,39753,13883,,,1,111,,39754,13883,,,1,108,,39755,13883,,,1,150,,39756,13883,,,1,35,,39762,13883,,,1,75,,39757,13883,,,1,35,,39763,13883,,,1,75,,39758,13883,,,1,35,,39764,13883,,,1,75,,39759,13883,,,1,77,,39765,13883,,,1,34,,39760,13883,,,1,82,,39766,13883,,,1,74,,39761,13883,,,1,109,,39767,13883,,,1,106,,39768,13883,,,1,108,,39769,13883,,,1,110,,39770,13883,,,1,110,,39771,13883,,,1
42800,'F9',624,,39772,13883,,,1,111,,39773,13883,,,1,111,,39774,13883,,,1,108,,39775,13883,,,1,150,,39776,13883,,,1,35,,39782,13883,,,1,75,,39777,13883,,,1,35,,39783,13883,,,1,75,,39778,13883,,,1,35,,39784,13883,,,1,75,,39779,13883,,,1,77,,39785,13883,,,1,34,,39780,13883,,,1,82,,39786,13883,,,1,74,,39781,13883,,,1,109,,39787,13883,,,1,106,,39788,13883,,,1,108,,39789,13883,,,1,110,,39790,13883,,,1,110,,39791,13883,,,1
42800,'SA',624,,39792,13883,,,1,111,,39793,13883,,,1,111,,39794,13883,,,1,108,,39795,13883,,,1,150,,39796,13883,,,1,35,,39802,13883,,,1,75,,39797,13883,,,1,35,,39803,13883,,,1,75,,39798,13883,,,1,35,,39804,13883,,,1,75,,39799,13883,,,1,77,,39805,13883,,,1,34,,39800,13883,,,1,82,,39806,13883,,,1,74,,39801,13883,,,1,109,,39807,13883,,,1,106,,39808,13883,,,1,108,,39809,13883,,,1,110,,39810,13883,,,1,110,,39811,13883,,,1
42800,'SE',539,,39812,13883,,,1,75,,39822,13883,,,1,33,,39813,13883,,,1,86,,39823,13883,,,1,78,,39814,13883,,,1,35,,39824,13883,,,1,76,,39815,13883,,,1,32,,39825,13883,,,1,75,,39816,13883,,,1,75,,39826,13883,,,1,35,,39817,13883,,,1,75,,39827,13883,,,1,33,,39818,13883,,,1,73,,39828,13883,,,1,35,,39819,13883,,,1,75,,39829,13883,,,1,76,,39820,13883,,,1,37,,39830,13883,,,1,76,,39821,13883,,,1,82,,39831,13883,,,1,32,,39838,13883,,,1,79,,39832,13883,,,1,32,,39839,13883,,,1,75,,39833,13883,,,1,107,,39834,13883,,,1,108,,39835,13883,,,1,110,,39836,13883,,,1,110,,39837,13883,,,1
