2200,'F1',627,,27378,6811,,,2,92,,27380,6811,,,2,25,,27379,6811,,,2,893,,27381,6811,,,2,80,,27383,6811,,,2,20,,27377,6811,,,2,70,,27382,6811,,,2,40,,27384,6811,,,2
2200,'F7',627,,27385,6811,,,2,92,,27387,6811,,,2,25,,27386,6811,,,2,893,,27390,6811,,,2,80,,27388,6811,,,2,20,,27392,6811,,,2,70,,27391,6811,,,2,40,,27389,6811,,,2
2200,'SE',627,,27393,6811,,,2,92,,27395,6811,,,2,25,,27394,6811,,,2,893,,27398,6811,,,2,80,,27396,6811,,,2,20,,27400,6811,,,2,70,,27399,6811,,,2,40,,27397,6811,,,2
16100,'DI',616,,38650,10512,,,2,30,,38638,10512,0,35 36,2,70,,38648,10512,0,35 36,2,30,,38641,10512,0,35 36,2,70,,38642,10512,0,35 36,2,30,,38644,10512,0,35 36,2,702,,38639,10512,0,35 36,2,68,,38643,10512,0,35 36,2,32,,38640,10512,0,35 36,2,70,,38646,10512,0,35 36,2,30,,38649,10512,,,2,72,,38645,10512,0,35 36,2,30,,38647,10512,0,35 36,2
16100,'F1',616,,38662,10512,,,2,30,,38652,10512,0,35 36,2,70,,38657,10512,0,35 36,2,30,,38651,10512,0,35 36,2,70,,16848,10512,0,35 36,2,30,,38654,10512,0,35 36,2,700,,38659,10512,0,35 36,2,71,,38660,10512,0,35 36,2,31,,38656,10512,0,35 36,2,70,,38661,10512,,,2,31,,38658,10512,0,35 36,2,71,,38653,10512,0,35 36,2,29,,38655,10512,0,35 36,2
16100,'F2',616,,38674,10512,,,2,30,,38667,10512,0,35 36,2,70,,38668,10512,0,35 36,2,30,,38665,10512,0,35 36,2,70,,38671,10512,0,35 36,2,30,,38669,10512,0,35 36,2,700,,38666,10512,0,35 36,2,71,,38663,10512,0,35 36,2,31,,38672,10512,0,35 36,2,70,,38675,10512,,,2,31,,38664,10512,0,35 36,2,71,,38673,10512,0,35 36,2,29,,38670,10512,0,35 36,2
16100,'F7',655,,38689,10401,,,2,64,,38690,10401,,,2,25,,38688,10401,,,2,61,,38677,10401,0,35 36,2,21,,38678,10401,0,35 36,2,17,,38676,10401,0,35 36,2,363,,38692,10512,,,2,298,,38681,10512,0,35 36,2,30,,38686,10512,0,35 36,2,21,,38694,10512,,,2,60,,38683,10512,0,35 36,2,21,,38695,10512,,,2,20,,38679,10512,0,35 36,2,60,,38691,10512,,,2,20,,38684,10512,0,35 36,2,19,,38682,10512,0,35 36,2,60,,38693,10512,,,2,20,,38687,10512,0,35 36,2,20,,38685,10512,0,35 36,2,60,,38680,10512,0,35 36,2
16100,'F8',616,,38707,10512,,,2,30,,38700,10512,0,35 36,2,70,,38701,10512,0,35 36,2,30,,38698,10512,0,35 36,2,70,,38704,10512,0,35 36,2,30,,38702,10512,0,35 36,2,700,,38699,10512,0,35 36,2,71,,38696,10512,0,35 36,2,31,,38705,10512,0,35 36,2,70,,38708,10512,,,2,31,,38697,10512,0,35 36,2,71,,38706,10512,0,35 36,2,29,,38703,10512,0,35 36,2
16100,'F9',616,,38721,10512,,,2,30,,38709,10512,0,35 36,2,70,,38719,10512,0,35 36,2,30,,38712,10512,0,35 36,2,70,,38713,10512,0,35 36,2,30,,38715,10512,0,35 36,2,702,,38710,10512,0,35 36,2,68,,38714,10512,0,35 36,2,32,,38711,10512,0,35 36,2,70,,38717,10512,0,35 36,2,30,,38720,10512,,,2,72,,38716,10512,0,35 36,2,30,,38718,10512,0,35 36,2
16100,'SA',616,,38733,10512,,,2,30,,38726,10512,0,35 36,2,70,,38727,10512,0,35 36,2,30,,38724,10512,0,35 36,2,70,,38730,10512,0,35 36,2,30,,38728,10512,0,35 36,2,700,,38725,10512,0,35 36,2,71,,38722,10512,0,35 36,2,31,,38731,10512,0,35 36,2,70,,38734,10512,,,2,31,,38723,10512,0,35 36,2,71,,38732,10512,0,35 36,2,29,,38729,10512,0,35 36,2
16100,'SE',655,,38748,10401,,,2,64,,38749,10401,,,2,25,,38747,10401,,,2,61,,38736,10401,0,35 36,2,21,,38737,10401,0,35 36,2,17,,38735,10401,0,35 36,2,363,,38751,10512,,,2,298,,38740,10512,0,35 36,2,30,,38745,10512,0,35 36,2,21,,38753,10512,,,2,60,,38742,10512,0,35 36,2,21,,38754,10512,,,2,20,,38738,10512,0,35 36,2,60,,38750,10512,,,2,20,,38743,10512,0,35 36,2,19,,38741,10512,0,35 36,2,60,,38752,10512,,,2,20,,38746,10512,0,35 36,2,20,,38744,10512,0,35 36,2,60,,38739,10512,0,35 36,2
