1001,'DI',634,,3282,3993,,,1,67,,3256,3993,,,1,30,,3283,3993,,,1,70,,3255,3993,,,1,30,,3266,3993,,,1,78,,3257,3993,,,1,30,,3267,3993,,,1,70,,3258,3993,,,1,30,,3268,3993,,,1,70,,3284,3993,,,1,30,,3269,3993,,,1,70,,3285,3993,,,1,30,,3275,3993,,,1,70,,3286,3993,,,1,30,,3276,3993,,,1,70,,3270,3993,,,1,30,,3277,3993,,,1,70,,3271,3993,,,1,30,,3278,3993,,,1,70,,3272,3993,,,1,30,,3279,3993,,,1,70,,3273,3993,,,1,30,,3280,3993,,,1,70,,3274,3993,,,1,30,,3281,3993,,,1,81,,3259,3993,,,1,100,,3260,3993,,,1,100,,3261,3993,,,1,100,,3262,3993,,,1,100,,3263,3993,,,1,100,,3264,3993,,,1
1001,'F1',533,,3318,3993,,,1,96,,3319,3993,,,1,30,,3302,3993,,,1,70,,3295,3993,,,1,30,,3303,3993,,,1,70,,3316,3993,,,1,78,,3301,3993,,,1,31,,3287,3993,,,1,70,,3304,3993,,,1,30,,3288,3993,,,1,70,,3296,3993,,,1,30,,3289,3993,,,1,70,,3309,3993,,,1,32,,3317,3993,,,1,70,,3310,3993,,,1,30,,3290,3993,,,1,70,,3311,3993,,,1,30,,3291,3993,,,1,70,,3312,3993,,,1,30,,3292,3993,,,1,70,,3313,3993,,,1,30,,3293,3993,,,1,69,,3314,3993,,,1,31,,3294,3993,,,1,70,,3315,3993,,,1,30,,3305,3993,,,1,81,,3297,3993,,,1,100,,3298,3993,,,1,100,,3299,3993,,,1,100,,3300,3993,,,1,100,,3306,3993,,,1,100,,3307,3993,,,1
1001,'F7',634,,3347,3993,,,1,67,,3321,3993,,,1,30,,3348,3993,,,1,70,,3320,3993,,,1,30,,3331,3993,,,1,78,,3322,3993,,,1,30,,3332,3993,,,1,70,,3323,3993,,,1,30,,3333,3993,,,1,70,,3349,3993,,,1,30,,3334,3993,,,1,70,,3350,3993,,,1,30,,3340,3993,,,1,70,,3351,3993,,,1,30,,3341,3993,,,1,70,,3335,3993,,,1,30,,3342,3993,,,1,70,,3336,3993,,,1,30,,3343,3993,,,1,70,,3337,3993,,,1,30,,3344,3993,,,1,70,,3338,3993,,,1,30,,3345,3993,,,1,70,,3339,3993,,,1,30,,3346,3993,,,1,81,,3324,3993,,,1,100,,3325,3993,,,1,100,,3326,3993,,,1,100,,3327,3993,,,1,100,,3328,3993,,,1,100,,3329,3993,,,1
1001,'F9',533,,3383,3993,,,1,96,,3384,3993,,,1,30,,3367,3993,,,1,70,,3360,3993,,,1,30,,3368,3993,,,1,70,,3381,3993,,,1,78,,3366,3993,,,1,31,,3352,3993,,,1,70,,3369,3993,,,1,30,,3353,3993,,,1,70,,3361,3993,,,1,30,,3354,3993,,,1,70,,3374,3993,,,1,32,,3382,3993,,,1,70,,3375,3993,,,1,30,,3355,3993,,,1,70,,3376,3993,,,1,30,,3356,3993,,,1,70,,3377,3993,,,1,30,,3357,3993,,,1,70,,3378,3993,,,1,30,,3358,3993,,,1,69,,3379,3993,,,1,31,,3359,3993,,,1,70,,3380,3993,,,1,30,,3370,3993,,,1,81,,3362,3993,,,1,100,,3363,3993,,,1,100,,3364,3993,,,1,100,,3365,3993,,,1,100,,3371,3993,,,1,100,,3372,3993,,,1
1001,'SA',533,,3416,3993,,,1,96,,3417,3993,,,1,30,,3400,3993,,,1,70,,3393,3993,,,1,30,,3401,3993,,,1,70,,3414,3993,,,1,78,,3399,3993,,,1,31,,3385,3993,,,1,70,,3402,3993,,,1,30,,3386,3993,,,1,70,,3394,3993,,,1,30,,3387,3993,,,1,70,,3407,3993,,,1,32,,3415,3993,,,1,70,,3408,3993,,,1,30,,3388,3993,,,1,70,,3409,3993,,,1,30,,3389,3993,,,1,70,,3410,3993,,,1,30,,3390,3993,,,1,70,,3411,3993,,,1,30,,3391,3993,,,1,69,,3412,3993,,,1,31,,3392,3993,,,1,70,,3413,3993,,,1,30,,3403,3993,,,1,81,,3395,3993,,,1,100,,3396,3993,,,1,100,,3397,3993,,,1,100,,3398,3993,,,1,100,,3404,3993,,,1,100,,3405,3993,,,1
1701,'DI',551,,4963,4128,,,1,100,,4961,4128,,,1,70,,4953,4128,,,1,30,,4969,4128,,,1,70,,4948,4128,,,1,30,,4964,4128,,,1,70,,4954,4128,,,1,30,,4962,4128,,,1,70,,4958,4128,,,1,30,,4970,4128,,,1,70,,4944,4128,,,1,30,,4965,4128,,,1,70,,4973,4128,,,1,30,,4971,4128,,,1,70,,4950,4128,,,1,30,,4959,4128,,,1,70,,4955,4128,,,1,30,,4966,4128,,,1,70,,4951,4128,,,1,29,,4945,4128,,,1,70,,4941,4128,,,1,31,,4946,4128,,,1,70,,4942,4128,,,1,30,,4956,4128,,,1,71,,4943,4128,,,1,30,,4957,4128,,,1,99,,4967,4128,,,1,100,,4952,4128,,,1,100,,4972,4128,,,1,100,,4968,4128,,,1,100,,4949,4128,,,1,100,,4947,4128,,,1
1701,'F1',552,,5003,4128,,,1,100,,4993,4128,,,1,70,,4985,4128,,,1,30,,4978,4128,,,1,70,,4994,4128,,,1,30,,4988,4128,,,1,70,,5000,4128,,,1,30,,5001,4128,,,1,70,,4987,4128,,,1,30,,4989,4128,,,1,70,,4979,4128,,,1,30,,5004,4128,,,1,70,,4986,4128,,,1,30,,4990,4128,,,1,70,,4981,4128,,,1,30,,5005,4128,,,1,70,,4995,4128,,,1,30,,5002,4128,,,1,70,,4984,4128,,,1,30,,4991,4128,,,1,70,,4974,4128,,,1,29,,4982,4128,,,1,70,,4996,4128,,,1,31,,4977,4128,,,1,70,,4997,4128,,,1,31,,4992,4128,,,1,99,,4980,4128,,,1,100,,4999,4128,,,1,100,,4983,4128,,,1,100,,4975,4128,,,1,100,,5006,4128,,,1,100,,4976,4128,,,1
1701,'F7',551,,5029,4128,,,1,100,,5027,4128,,,1,70,,5019,4128,,,1,30,,5035,4128,,,1,70,,5014,4128,,,1,30,,5030,4128,,,1,70,,5020,4128,,,1,30,,5028,4128,,,1,70,,5024,4128,,,1,30,,5036,4128,,,1,70,,5010,4128,,,1,30,,5031,4128,,,1,70,,5039,4128,,,1,30,,5037,4128,,,1,70,,5016,4128,,,1,30,,5025,4128,,,1,70,,5021,4128,,,1,30,,5032,4128,,,1,70,,5017,4128,,,1,29,,5011,4128,,,1,70,,5007,4128,,,1,31,,5012,4128,,,1,70,,5008,4128,,,1,30,,5022,4128,,,1,71,,5009,4128,,,1,30,,5023,4128,,,1,99,,5033,4128,,,1,100,,5018,4128,,,1,100,,5038,4128,,,1,100,,5034,4128,,,1,100,,5015,4128,,,1,100,,5013,4128,,,1
1701,'F9',552,,5069,4128,,,1,100,,5059,4128,,,1,70,,5051,4128,,,1,30,,5044,4128,,,1,70,,5060,4128,,,1,30,,5054,4128,,,1,70,,5066,4128,,,1,30,,5067,4128,,,1,70,,5053,4128,,,1,30,,5055,4128,,,1,70,,5045,4128,,,1,30,,5070,4128,,,1,70,,5052,4128,,,1,30,,5056,4128,,,1,70,,5047,4128,,,1,30,,5071,4128,,,1,70,,5061,4128,,,1,30,,5068,4128,,,1,70,,5050,4128,,,1,30,,5057,4128,,,1,70,,5040,4128,,,1,29,,5048,4128,,,1,70,,5062,4128,,,1,31,,5043,4128,,,1,70,,5063,4128,,,1,31,,5058,4128,,,1,99,,5046,4128,,,1,100,,5065,4128,,,1,100,,5049,4128,,,1,100,,5041,4128,,,1,100,,5072,4128,,,1,100,,5042,4128,,,1
1701,'SA',552,,5102,4128,,,1,100,,5092,4128,,,1,70,,5084,4128,,,1,30,,5077,4128,,,1,70,,5093,4128,,,1,30,,5087,4128,,,1,70,,5099,4128,,,1,30,,5100,4128,,,1,70,,5086,4128,,,1,30,,5088,4128,,,1,70,,5078,4128,,,1,30,,5103,4128,,,1,70,,5085,4128,,,1,30,,5089,4128,,,1,70,,5080,4128,,,1,30,,5104,4128,,,1,70,,5094,4128,,,1,30,,5101,4128,,,1,70,,5083,4128,,,1,30,,5090,4128,,,1,70,,5073,4128,,,1,29,,5081,4128,,,1,70,,5095,4128,,,1,31,,5076,4128,,,1,70,,5096,4128,,,1,31,,5091,4128,,,1,99,,5079,4128,,,1,100,,5098,4128,,,1,100,,5082,4128,,,1,100,,5074,4128,,,1,100,,5105,4128,,,1,100,,5075,4128,,,1
7601,'F8',504,,13446,1246,,,1,30,,13425,1246,,,1,70,,13441,1246,,,1,24,,13449,1246,,,1,21,,13450,1246,,,1,60,,13442,1246,,,1,18,,13447,1246,,,1,4,,13432,1246,,,1,5,,13427,1246,,,1,16,,13421,1246,,,1,61,,13416,1246,,,1,23,,13422,1246,,,1,66,,13410,1246,,,1,30,,13420,1246,,,1,70,,13411,1246,,,1,30,,13451,1246,,,1,70,,13407,1246,,,1,30,,13415,1246,,,1,70,,13452,1246,,,1,30,,13428,1246,,,1,70,,13448,1246,,,1,30,,13409,1246,,,1,70,,13413,1246,,,1,32,,13418,1246,,,1,74,,13414,1246,,,1,26,,13424,1246,,,1,72,,13440,1246,,,1,33,,13417,1246,,,1,64,,13433,1246,,,1,17,,13419,1246,,,1,20,,13408,1246,,,1,61,,13423,1246,,,1,17,,13429,1246,,,1,20,,13426,1246,,,1,66,,13443,1246,,,1,30,,13412,1246,,,1,70,,13438,1246,,,1,30,,13430,1246,,,1,70,,13434,1246,,,1,30,,13431,1246,,,1,70,,13435,1246,,,1,29,,13444,1246,,,1,70,,13436,1246,,,1,30,,13445,1246,,,1,70,,13437,1246,,,1,30,,13439,1246,,,1
7601,'SE',504,,13492,1246,,,1,30,,13471,1246,,,1,70,,13487,1246,,,1,24,,13495,1246,,,1,21,,13496,1246,,,1,60,,13488,1246,,,1,18,,13493,1246,,,1,4,,13478,1246,,,1,5,,13473,1246,,,1,16,,13467,1246,,,1,61,,13462,1246,,,1,23,,13468,1246,,,1,66,,13456,1246,,,1,30,,13466,1246,,,1,70,,13457,1246,,,1,30,,13497,1246,,,1,70,,13453,1246,,,1,30,,13461,1246,,,1,70,,13498,1246,,,1,30,,13474,1246,,,1,70,,13494,1246,,,1,30,,13455,1246,,,1,70,,13459,1246,,,1,32,,13464,1246,,,1,74,,13460,1246,,,1,26,,13470,1246,,,1,72,,13486,1246,,,1,33,,13463,1246,,,1,64,,13479,1246,,,1,17,,13465,1246,,,1,20,,13454,1246,,,1,61,,13469,1246,,,1,17,,13475,1246,,,1,20,,13472,1246,,,1,66,,13489,1246,,,1,30,,13458,1246,,,1,70,,13484,1246,,,1,30,,13476,1246,,,1,70,,13480,1246,,,1,30,,13477,1246,,,1,70,,13481,1246,,,1,29,,13490,1246,,,1,70,,13482,1246,,,1,30,,13491,1246,,,1,70,,13483,1246,,,1,30,,13485,1246,,,1
41001,'F8',502,,17462,3993,,,2,30,,17469,3993,,,2,20,,17476,3993,,,2,60,,17447,3993,,,2,20,,17439,3993,,,2,13,,17478,3993,,,2,10,,17440,3993,,,2,48,,17455,3993,,,2,7,,17461,3993,,,2,10,,17441,3993,,,2,6,,17465,3993,,,2,2,,17443,3993,,,2,8,,17460,3993,,,2,3,,17481,3993,,,2,5,,17449,3993,,,2,10,,17479,3993,,,2,53,,17480,3993,,,2,11,,17472,3993,,,2,14,,17452,3993,,,2,16,,17448,3993,,,2,58,,17475,3993,,,2,30,,17453,3993,,,2,70,,17477,3993,,,2,30,,17463,3993,,,2,70,,17466,3993,,,2,30,,17464,3993,,,2,70,,17456,3993,,,2,30,,17436,3993,,,2,69,,17467,3993,,,2,30,,17482,3993,,,2,70,,17457,3993,,,2,31,,17483,3993,,,2,78,,17468,3993,,,2,26,,17484,3993,,,2,69,,17450,3993,,,2,15,,17495,3993,,,2,15,,17489,3993,,,2,15,,17470,3993,,,2,53,,17492,3993,,,2,10,,17437,3993,,,2,9,,17496,3993,,,2,10,,17442,3993,,,2,10,,17490,3993,,,2,55,,17471,3993,,,2,29,,17451,3993,,,2,78,,17444,3993,,,2,29,,17446,3993,,,2,69,,17438,3993,,,2,30,,17497,3993,,,2,70,,17458,3993,,,2,30,,17454,3993,,,2,70,,17474,3993,,,2,30,,17485,3993,,,2,70,,17459,3993,,,2,30,,17486,3993,,,2,100,,17487,3993,,,2
41001,'SE',502,,17525,3993,,,2,30,,17532,3993,,,2,20,,17539,3993,,,2,60,,17510,3993,,,2,20,,17502,3993,,,2,13,,17541,3993,,,2,10,,17503,3993,,,2,48,,17518,3993,,,2,7,,17524,3993,,,2,10,,17504,3993,,,2,6,,17528,3993,,,2,2,,17506,3993,,,2,8,,17523,3993,,,2,3,,17544,3993,,,2,5,,17512,3993,,,2,10,,17542,3993,,,2,53,,17543,3993,,,2,11,,17535,3993,,,2,14,,17515,3993,,,2,16,,17511,3993,,,2,58,,17538,3993,,,2,30,,17516,3993,,,2,70,,17540,3993,,,2,30,,17526,3993,,,2,70,,17529,3993,,,2,30,,17527,3993,,,2,70,,17519,3993,,,2,30,,17499,3993,,,2,69,,17530,3993,,,2,30,,17545,3993,,,2,70,,17520,3993,,,2,31,,17546,3993,,,2,78,,17531,3993,,,2,26,,17547,3993,,,2,69,,17513,3993,,,2,15,,17558,3993,,,2,15,,17552,3993,,,2,15,,17533,3993,,,2,53,,17555,3993,,,2,10,,17500,3993,,,2,9,,17559,3993,,,2,10,,17505,3993,,,2,10,,17553,3993,,,2,55,,17534,3993,,,2,29,,17514,3993,,,2,78,,17507,3993,,,2,29,,17509,3993,,,2,69,,17501,3993,,,2,30,,17560,3993,,,2,70,,17521,3993,,,2,30,,17517,3993,,,2,70,,17537,3993,,,2,30,,17548,3993,,,2,70,,17522,3993,,,2,30,,17549,3993,,,2,100,,17550,3993,,,2
41701,'F8',522,,17705,4128,,,2,20,,17707,4128,,,2,60,,17693,4128,,,2,21,,17692,4128,,,2,18,,17708,4128,,,2,13,,17686,4128,,,2,48,,17702,4128,,,2,7,,17682,4128,,,2,8,,17681,4128,,,2,8,,17701,4128,,,2,6,,17706,4128,,,2,4,,17679,4128,,,2,3,,17716,4128,,,2,3,,17709,4128,,,2,8,,17714,4128,,,2,10,,17699,4128,,,2,54,,17680,4128,,,2,12,,17715,4128,,,2,16,,17717,4128,,,2,16,,17703,4128,,,2,64,,17683,4128,,,2,29,,17710,4128,,,2,70,,17684,4128,,,2,30,,17711,4128,,,2,70,,17685,4128,,,2,30,,17712,4128,,,2,70,,17678,4128,,,2,30,,17713,4128,,,2,70,,17718,4128,,,2,30,,17694,4128,,,2,70,,17719,4128,,,2,30,,17695,4128,,,2,69,,17722,4128,,,2,3,,17688,4128,,,2,5,,17720,4128,,,2,29,,17698,4128,,,2,62,,17724,4128,,,2,14,,17721,4128,,,2,15,,17687,4128,,,2,12,,17696,4128,,,2,51,,17689,4128,,,2,9,,17725,4128,,,2,10,,17700,4128,,,2,10,,17697,4128,,,2,12,,17704,4128,,,2,53,,17728,4128,,,2,15,,17726,4128,,,2,20,,17723,4128,,,2,20,,17729,4128,,,2,64,,17735,4128,,,2,28,,17730,4128,,,2,70,,17736,4128,,,2,30,,17731,4128,,,2,70,,17737,4128,,,2,30,,17732,4128,,,2,69,,17738,4128,,,2,30,,17733,4128,,,2,69,,17739,4128,,,2,30,,17734,4128,,,2,69,,17740,4128,,,2,30,,17742,4128,,,2
41701,'SE',522,,17770,4128,,,2,20,,17772,4128,,,2,60,,17758,4128,,,2,21,,17757,4128,,,2,18,,17773,4128,,,2,13,,17751,4128,,,2,48,,17767,4128,,,2,7,,17747,4128,,,2,8,,17746,4128,,,2,8,,17766,4128,,,2,6,,17771,4128,,,2,4,,17744,4128,,,2,3,,17781,4128,,,2,3,,17774,4128,,,2,8,,17779,4128,,,2,10,,17764,4128,,,2,54,,17745,4128,,,2,12,,17780,4128,,,2,16,,17782,4128,,,2,16,,17768,4128,,,2,64,,17748,4128,,,2,29,,17775,4128,,,2,70,,17749,4128,,,2,30,,17776,4128,,,2,70,,17750,4128,,,2,30,,17777,4128,,,2,70,,17743,4128,,,2,30,,17778,4128,,,2,70,,17783,4128,,,2,30,,17759,4128,,,2,70,,17784,4128,,,2,30,,17760,4128,,,2,69,,17787,4128,,,2,3,,17753,4128,,,2,5,,17785,4128,,,2,29,,17763,4128,,,2,62,,17789,4128,,,2,14,,17786,4128,,,2,15,,17752,4128,,,2,12,,17761,4128,,,2,51,,17754,4128,,,2,9,,17790,4128,,,2,10,,17765,4128,,,2,10,,17762,4128,,,2,12,,17769,4128,,,2,53,,17793,4128,,,2,15,,17791,4128,,,2,20,,17788,4128,,,2,20,,17794,4128,,,2,64,,17800,4128,,,2,28,,17795,4128,,,2,70,,17801,4128,,,2,30,,17796,4128,,,2,70,,17802,4128,,,2,30,,17797,4128,,,2,69,,17803,4128,,,2,30,,17798,4128,,,2,69,,17804,4128,,,2,30,,17799,4128,,,2,69,,17805,4128,,,2,30,,17807,4128,,,2
67601,'F8',737,,18998,2491,,,2
67601,'SE',737,,18999,2491,,,2
