8001,'DI',646,,35550,973,,,1,100,,35551,973,,,1,100,,35552,973,,,1,100,,35553,973,,,1,100,,35554,973,,,1,100,,35555,973,,,1,100,,35556,973,,,1,100,,35557,973,,,1,100,,35558,973,,,1,100,,35559,973,,,1,100,,35560,973,,,1,102,,35561,973,,,1,100,,35562,973,,,1,100,,35563,973,,,1,100,,35564,973,,,1,100,,35565,973,,,1,100,,35566,973,,,1,100,,35567,973,,,1
8001,'F1',647,,35575,973,,,1,100,,35576,973,,,1,100,,35577,973,,,1,100,,35578,973,,,1,100,,35579,973,,,1,101,,14023,973,,,1,100,,35580,973,,,1,100,,35581,973,,,1,100,,35582,973,,,1,100,,35583,973,,,1,100,,35584,973,,,1,100,,35585,973,,,1,99,,35586,973,,,1,100,,35571,973,,,1,100,,35572,973,,,1,100,,35569,973,,,1,100,,35573,973,,,1,100,,35570,973,,,1
8001,'F2',647,,35587,973,,,1,100,,35588,973,,,1,100,,35589,973,,,1,100,,35590,973,,,1,100,,35591,973,,,1,101,,35592,973,,,1,100,,35593,973,,,1,100,,35594,973,,,1,100,,35595,973,,,1,100,,35596,973,,,1,100,,35597,973,,,1,100,,35598,973,,,1,99,,35599,973,,,1,100,,35600,973,,,1,100,,35601,973,,,1,100,,35602,973,,,1,100,,35603,973,,,1,100,,35604,973,,,1
8001,'F7',542,,35628,973,,,1,70,,35611,973,,,1,36,,35607,973,,,1,70,,35610,973,,,1,30,,35608,973,,,1,70,,35606,973,,,1,33,,35629,973,,,1,97,,35612,973,,,1,100,,35613,973,,,1,100,,35614,973,,,1,100,,35615,973,,,1,100,,35616,973,,,1,100,,35617,973,,,1,102,,35618,973,,,1,65,,35619,973,,,1,35,,35630,973,,,1,70,,35620,973,,,1,24,,35609,973,,,1,89,,35621,973,,,1,93,,35622,973,,,1,100,,35623,973,,,1,99,,35624,973,,,1,100,,35625,973,,,1,100,,35626,973,,,1
8001,'F8',647,,35631,973,,,1,100,,35632,973,,,1,100,,35633,973,,,1,100,,35634,973,,,1,100,,35635,973,,,1,101,,35636,973,,,1,100,,35637,973,,,1,100,,35638,973,,,1,100,,35639,973,,,1,100,,35640,973,,,1,100,,35641,973,,,1,100,,35642,973,,,1,99,,35643,973,,,1,100,,35644,973,,,1,100,,35645,973,,,1,100,,35646,973,,,1,100,,35647,973,,,1,100,,35648,973,,,1
8001,'F9',646,,35650,973,,,1,100,,35651,973,,,1,100,,35652,973,,,1,100,,35653,973,,,1,100,,35654,973,,,1,100,,35655,973,,,1,100,,35656,973,,,1,100,,35657,973,,,1,100,,35658,973,,,1,100,,35659,973,,,1,100,,35660,973,,,1,102,,35661,973,,,1,100,,35662,973,,,1,100,,35663,973,,,1,100,,35664,973,,,1,100,,35665,973,,,1,100,,35666,973,,,1,100,,35667,973,,,1
8001,'SA',647,,35669,973,,,1,100,,35670,973,,,1,100,,35671,973,,,1,100,,35672,973,,,1,100,,35673,973,,,1,101,,35674,973,,,1,100,,35675,973,,,1,100,,35676,973,,,1,100,,35677,973,,,1,100,,35678,973,,,1,100,,35679,973,,,1,100,,35680,973,,,1,99,,35681,973,,,1,100,,35682,973,,,1,100,,35683,973,,,1,100,,35684,973,,,1,100,,35685,973,,,1,100,,35686,973,,,1
8001,'SE',542,,35709,973,,,1,70,,35693,973,,,1,36,,35689,973,,,1,70,,35692,973,,,1,30,,35690,973,,,1,70,,35688,973,,,1,33,,35710,973,,,1,97,,35694,973,,,1,100,,35695,973,,,1,100,,35696,973,,,1,100,,35697,973,,,1,100,,35698,973,,,1,100,,35699,973,,,1,102,,35700,973,,,1,65,,35701,973,,,1,35,,35711,973,,,1,70,,35702,973,,,1,24,,35691,973,,,1,89,,35703,973,,,1,93,,14127,973,,,1,100,,35704,973,,,1,99,,35705,973,,,1,100,,35706,973,,,1,100,,35707,973,,,1
18001,'F7',630,,38951,1794,,,2,24,,38955,1794,,,2,53,,38954,1794,,,2,17,,38956,1794,,,2,12,,38953,1794,,,2,18,,38952,1794,,,2,58,,38949,1794,,,2,817,,38958,1794,,,2,71,,38959,1794,,,2,30,,38950,1794,,,2,24,,38957,1794,,,2
18001,'SE',630,,38962,1794,,,2,24,,38966,1794,,,2,53,,38965,1794,,,2,17,,38967,1794,,,2,12,,38964,1794,,,2,18,,38963,1794,,,2,58,,38960,1794,,,2,817,,38969,1794,,,2,71,,38970,1794,,,2,30,,38961,1794,,,2,24,,38968,1794,,,2
