1400,'F7',638,,24269,13244,,,1,17,,24264,13244,,,1,66,,24265,13244,,,1,13,,24268,13244,,,1,17,,24271,13244,,,1,58,,24270,13244,,,1,30,,24266,13244,,,1,20,,24267,13244,,,1,92,,24279,10996,,,1,100,,24283,10996,,,1,100,,24284,10996,,,1,100,,24272,10996,,,1,100,,24275,10996,,,1,100,,24274,10996,,,1,150,,24278,10996,,,1,13,,24280,10996,,,1,18,,24286,10996,,,1,15,,24285,10996,,,1,61,,24281,10996,,,1,18,,24277,10996,,,1,21,,24273,10996,,,1,58,,24282,10996,,,1,29,,24276,10996,,,1
1400,'SE',638,,24292,13244,,,1,17,,24287,13244,,,1,66,,24288,13244,,,1,13,,24291,13244,,,1,17,,24294,13244,,,1,58,,24293,13244,,,1,30,,24289,13244,,,1,20,,24290,13244,,,1,92,,24302,10996,,,1,100,,24305,10996,,,1,100,,24306,10996,,,1,100,,24295,10996,,,1,100,,24298,10996,,,1,100,,24297,10996,,,1,150,,24301,10996,,,1,13,,3826,10996,,,1,18,,24308,10996,,,1,15,,24307,10996,,,1,61,,24303,10996,,,1,18,,24300,10996,,,1,21,,24296,10996,,,1,58,,24304,10996,,,1,29,,24299,10996,,,1
3101,'F7',539,,28389,1859,,,1,70,,28376,1859,,,1,31,,28403,1859,,,1,70,,28386,1859,,,1,30,,28385,1859,,,1,71,,28394,1859,,,1,29,,28396,1859,,,1,68,,28390,1859,,,1,30,,28395,1859,,,1,70,,28391,1859,,,1,30,,28402,1859,,,1,70,,28393,1859,,,1,31,,28377,1859,,,1,70,,28387,1859,,,1,30,,28400,1859,,,1,70,,28379,1859,,,1,30,,28369,1859,,,1,70,,28383,1859,,,1,31,,28392,1859,,,1,70,,28380,1859,,,1,30,,28397,1859,,,1,70,,28372,1859,,,1,30,,28388,1859,,,1,70,,28370,1859,,,1,30,,28373,1859,,,1,70,,28401,1859,,,1,30,,28371,1859,,,1,71,,28374,1859,,,1,30,,28381,1859,,,1,70,,28398,1859,,,1,29,,28384,1859,,,1,70,,28378,1859,,,1,29,,28399,1859,,,1,100,,28382,1859,,,1,98,,28375,1859,,,1
3101,'SE',539,,28424,1859,,,1,70,,28411,1859,,,1,31,,28438,1859,,,1,70,,28421,1859,,,1,30,,28420,1859,,,1,71,,28429,1859,,,1,29,,28431,1859,,,1,68,,28425,1859,,,1,30,,28430,1859,,,1,70,,28426,1859,,,1,30,,28437,1859,,,1,70,,28428,1859,,,1,31,,28412,1859,,,1,70,,28422,1859,,,1,30,,28435,1859,,,1,70,,28414,1859,,,1,30,,28404,1859,,,1,70,,28418,1859,,,1,31,,28427,1859,,,1,70,,28415,1859,,,1,30,,28432,1859,,,1,70,,28407,1859,,,1,30,,28423,1859,,,1,70,,28405,1859,,,1,30,,28408,1859,,,1,70,,28436,1859,,,1,30,,28406,1859,,,1,71,,28409,1859,,,1,30,,28416,1859,,,1,70,,28433,1859,,,1,29,,28419,1859,,,1,70,,28413,1859,,,1,29,,28434,1859,,,1,100,,28417,1859,,,1,98,,28410,1859,,,1
4101,'DI',733,,29270,3910,,,1,100,,29274,3910,,,1,101,,29264,3910,,,1,100,,29260,3910,,,1,100,,29271,3910,,,1,100,,29261,3910,,,1,101,,29272,3910,,,1,100,,29265,3910,,,1,100,,29257,3910,,,1,102,,29262,3910,,,1,98,,29266,3910,,,1,100,,29258,3910,,,1,99,,29267,3910,,,1,100,,29259,3910,,,1,100,,29263,3910,,,1,99,,29268,3910,,,1,100,,29273,3910,,,1,100,,29269,3910,,,1,100,,29275,3910,,,1
4101,'F1',733,,29292,3910,,,1,100,,29294,3910,,,1,101,,29279,3910,,,1,101,,29288,3910,,,1,99,,29276,3910,,,1,100,,29289,3910,,,1,101,,29277,3910,,,1,100,,29290,3910,,,1,100,,29280,3910,,,1,100,,29285,3910,,,1,100,,29281,3910,,,1,100,,29286,3910,,,1,99,,29282,3910,,,1,100,,29291,3910,,,1,100,,29283,3910,,,1,99,,29293,3910,,,1,100,,29287,3910,,,1,100,,29278,3910,,,1,100,,29284,3910,,,1
4101,'F2',733,,29298,3910,,,1,100,,29311,3910,,,1,101,,29299,3910,,,1,101,,29304,3910,,,1,99,,29312,3910,,,1,100,,29305,3910,,,1,101,,29300,3910,,,1,100,,29306,3910,,,1,100,,29301,3910,,,1,100,,29297,3910,,,1,100,,29302,3910,,,1,100,,29295,3910,,,1,99,,29307,3910,,,1,100,,29296,3910,,,1,100,,29313,3910,,,1,99,,29308,3910,,,1,100,,29303,3910,,,1,100,,29309,3910,,,1,100,,29310,3910,,,1
4101,'F7',704,,29314,3910,,,1,30,,29331,3910,,,1,70,,29325,3910,,,1,35,,29326,3910,,,1,65,,29332,3910,,,1,30,,29333,3910,,,1,100,,29328,3910,,,1,100,,29334,3910,,,1,100,,29329,3910,,,1,100,,29318,3910,,,1,101,,29337,3910,,,1,74,,29338,3910,,,1,25,,29335,3910,,,1,67,,29321,3910,,,1,39,,29327,3910,,,1,66,,29316,3910,,,1,28,,29319,3910,,,1,71,,29339,3910,,,1,29,,29324,3910,,,1,100,,29315,3910,,,1,99,,29330,3910,,,1,100,,29317,3910,,,1,100,,29322,3910,,,1,100,,29336,3910,,,1,100,,29323,3910,,,1,100,,29320,3910,,,1
4101,'F8',733,,29343,3910,,,1,100,,29356,3910,,,1,101,,29344,3910,,,1,101,,29349,3910,,,1,99,,29357,3910,,,1,100,,29350,3910,,,1,101,,29345,3910,,,1,100,,29351,3910,,,1,100,,29346,3910,,,1,100,,29342,3910,,,1,100,,29347,3910,,,1,100,,29340,3910,,,1,99,,29352,3910,,,1,100,,29341,3910,,,1,100,,29358,3910,,,1,99,,29353,3910,,,1,100,,29348,3910,,,1,100,,29354,3910,,,1,100,,29355,3910,,,1
4101,'F9',733,,29372,3910,,,1,100,,29376,3910,,,1,101,,29366,3910,,,1,100,,29362,3910,,,1,100,,29373,3910,,,1,100,,29363,3910,,,1,101,,29374,3910,,,1,100,,29367,3910,,,1,100,,29359,3910,,,1,102,,29364,3910,,,1,98,,29368,3910,,,1,100,,29360,3910,,,1,99,,29369,3910,,,1,100,,29361,3910,,,1,100,,29365,3910,,,1,99,,29370,3910,,,1,100,,29375,3910,,,1,100,,29371,3910,,,1,100,,29377,3910,,,1
4101,'SA',733,,29381,3910,,,1,100,,29394,3910,,,1,101,,29382,3910,,,1,101,,29387,3910,,,1,99,,29395,3910,,,1,100,,29388,3910,,,1,101,,29383,3910,,,1,100,,29389,3910,,,1,100,,29384,3910,,,1,100,,29380,3910,,,1,100,,29385,3910,,,1,100,,29378,3910,,,1,99,,29390,3910,,,1,100,,29379,3910,,,1,100,,29396,3910,,,1,99,,29391,3910,,,1,100,,29386,3910,,,1,100,,29392,3910,,,1,100,,29393,3910,,,1
4101,'SE',704,,29397,3910,,,1,30,,29414,3910,,,1,70,,29408,3910,,,1,35,,29409,3910,,,1,65,,29415,3910,,,1,30,,29416,3910,,,1,100,,29411,3910,,,1,100,,29417,3910,,,1,100,,29412,3910,,,1,100,,29401,3910,,,1,101,,29420,3910,,,1,74,,29421,3910,,,1,25,,29418,3910,,,1,67,,29404,3910,,,1,39,,29410,3910,,,1,66,,29399,3910,,,1,28,,29402,3910,,,1,71,,29422,3910,,,1,29,,29407,3910,,,1,100,,29398,3910,,,1,99,,29413,3910,,,1,100,,29400,3910,,,1,100,,29405,3910,,,1,100,,29419,3910,,,1,100,,29406,3910,,,1,100,,29403,3910,,,1
21401,'DI',830,,39064,1859,,,1,100,,39065,1859,,,1,100,,39066,1859,,,1,100,,39067,1859,,,1,100,,39068,1859,,,1,100,,39069,1859,,,1,100,,39070,1859,,,1,100,,39071,1859,,,1,100,,39072,1859,,,1,100,,39073,1859,,,1
21401,'F1',830,,39077,1859,,,1,100,,39074,1859,,,1,100,,39075,1859,,,1,100,,17257,1859,,,1,100,,17258,1859,,,1,100,,17259,1859,,,1,100,,39076,1859,,,1,100,,17261,1859,,,1,100,,17262,1859,,,1,100,,17263,1859,,,1
21401,'F2',830,,39078,1859,,,1,100,,39079,1859,,,1,100,,39080,1859,,,1,100,,39081,1859,,,1,100,,39082,1859,,,1,100,,39083,1859,,,1,100,,39084,1859,,,1,100,,39085,1859,,,1,100,,39086,1859,,,1,100,,39087,1859,,,1
21401,'F8',830,,39088,1859,,,1,100,,39089,1859,,,1,100,,39090,1859,,,1,100,,39091,1859,,,1,100,,39092,1859,,,1,100,,39093,1859,,,1,100,,39094,1859,,,1,100,,39095,1859,,,1,100,,39096,1859,,,1,100,,39097,1859,,,1
21401,'F9',830,,39098,1859,,,1,100,,39099,1859,,,1,100,,39100,1859,,,1,100,,39101,1859,,,1,100,,39102,1859,,,1,100,,39103,1859,,,1,100,,39104,1859,,,1,100,,39105,1859,,,1,100,,39106,1859,,,1,100,,39107,1859,,,1
21401,'SA',830,,39108,1859,,,1,100,,39109,1859,,,1,100,,39110,1859,,,1,100,,39111,1859,,,1,100,,39112,1859,,,1,100,,39113,1859,,,1,100,,39114,1859,,,1,100,,39115,1859,,,1,100,,39116,1859,,,1,100,,39117,1859,,,1
54601,'F7',903,,40699,4432,,,2
54601,'SE',903,,40700,4432,,,2
61400,'F7',1708,,40774,9054,,,2
61400,'SE',1708,,40775,9054,,,2
68901,'F7',850,,40910,1617,,,2,1,,40911,1617,,,2
68901,'SE',850,,40912,1617,,,2,1,,40913,1617,,,2
