9301,'F1',545,,37197,3047,0,39 20,2,89,,37198,3047,0,39 20,2,25,,37199,3047,0,39 20,2,70,,37200,3047,0,39 20,2,29,,37201,3047,0,39 20,2
9301,'F7',545,,37206,3047,0,39 20,2,89,,37203,3047,0,39 20,2,25,,37204,3047,0,39 20,2,70,,37205,3047,0,39 20,2,29,,37202,3047,0,39 20,2
9301,'SE',545,,37211,3047,0,39 20,2,89,,37208,3047,0,39 20,2,25,,37209,3047,0,39 20,2,70,,37210,3047,0,39 20,2,29,,37207,3047,0,39 20,2
9901,'DI',900,,37415,9530,0,19 20,2,100,,37411,9530,0,19 20,2,100,,37403,9530,0,19 20,2,101,,37408,9530,0,19 20,2,100,,37401,9530,0,19 20,2,100,,37404,9530,0,19 20,2,100,,37416,9530,0,19 20,2,100,,37413,9530,0,19 20,2,100,,37410,9530,0,19 20,2,99,,37412,9530,0,19 20,2,104,,37407,9530,0,19 20,2,96,,37405,9530,0,19 20,2,100,,37406,9530,0,19 20,2,100,,37414,9530,0,19 20,2,100,,37417,9530,0,19 20,2,100,,37409,9530,0,19 20,2,100,,37402,9530,0,19 20,2
9901,'F1',755,,37430,9530,0,19 20,2,145,,37422,9530,0,19 20,2,58,,37419,9530,0,19 20,2,142,,15726,9530,0,19 20,2,101,,37427,9530,0,19 20,2,100,,37418,9530,0,19 20,2,100,,37429,9530,0,19 20,2,100,,37433,9530,0,19 20,2,58,,37428,9530,0,19 20,2,142,,37420,9530,0,19 20,2,99,,37434,9530,0,19 20,2,100,,37431,9530,0,19 20,2,100,,37426,9530,0,19 20,2,100,,37424,9530,0,19 20,2,100,,37432,9530,0,19 20,2,100,,37423,9530,0,19 20,2,100,,37435,9530,0,19 20,2,100,,37425,9530,0,19 20,2,100,,37421,9530,0,19 20,2
9901,'F2',755,,37440,9530,0,19 20,2,145,,37439,9530,0,19 20,2,58,,37451,9530,0,19 20,2,142,,37441,9530,0,19 20,2,101,,37447,9530,0,19 20,2,100,,37452,9530,0,19 20,2,100,,37442,9530,0,19 20,2,100,,37446,9530,0,19 20,2,58,,37443,9530,0,19 20,2,142,,37448,9530,0,19 20,2,99,,37453,9530,0,19 20,2,100,,37437,9530,0,19 20,2,100,,37444,9530,0,19 20,2,100,,37449,9530,0,19 20,2,100,,37438,9530,0,19 20,2,100,,37445,9530,0,19 20,2,100,,37436,9530,0,19 20,2,100,,37450,9530,0,19 20,2,100,,37454,9530,0,19 20,2
9901,'F7',552,,37456,9530,,,2,70,,37458,9530,,,2,20,,37460,9530,,,2,58,,37461,9530,,,2,24,,37455,9530,,,2,29,,37459,9530,,,2,76,,37457,9530,,,2,30,,37477,9530,0,19 20,2,100,,37470,9530,0,19 20,2,100,,37463,9530,0,19 20,2,100,,37462,9530,0,19 20,2,100,,37464,9530,0,19 20,2,100,,37466,9530,0,19 20,2,98,,37471,9530,0,19 20,2,97,,37480,9530,0,19 20,2,69,,37478,9530,0,19 20,2,26,,37482,9530,0,19 20,2,78,,37476,9530,0,19 20,2,29,,37479,9530,0,19 20,2,67,,37481,9530,0,19 20,2,77,,37465,9530,0,19 20,2,58,,37468,9530,0,19 20,2,100,,37467,9530,0,19 20,2,100,,37472,9530,0,19 20,2,100,,37474,9530,0,19 20,2,100,,37469,9530,0,19 20,2,100,,37473,9530,0,19 20,2,100,,37475,9530,0,19 20,2
9901,'F8',755,,37487,9530,0,19 20,2,145,,37486,9530,0,19 20,2,58,,37498,9530,0,19 20,2,142,,37488,9530,0,19 20,2,101,,37494,9530,0,19 20,2,100,,37499,9530,0,19 20,2,100,,37489,9530,0,19 20,2,100,,37493,9530,0,19 20,2,58,,37490,9530,0,19 20,2,142,,37495,9530,0,19 20,2,99,,37500,9530,0,19 20,2,100,,37484,9530,0,19 20,2,100,,37491,9530,0,19 20,2,100,,37496,9530,0,19 20,2,100,,37485,9530,0,19 20,2,100,,37492,9530,0,19 20,2,100,,37483,9530,0,19 20,2,100,,37497,9530,0,19 20,2,100,,37501,9530,0,19 20,2
9901,'F9',900,,37516,9530,0,19 20,2,100,,37512,9530,0,19 20,2,100,,37504,9530,0,19 20,2,101,,37509,9530,0,19 20,2,100,,37502,9530,0,19 20,2,100,,37505,9530,0,19 20,2,100,,37517,9530,0,19 20,2,100,,37514,9530,0,19 20,2,100,,37511,9530,0,19 20,2,99,,37513,9530,0,19 20,2,104,,37508,9530,0,19 20,2,96,,37506,9530,0,19 20,2,100,,37507,9530,0,19 20,2,100,,37515,9530,0,19 20,2,100,,37518,9530,0,19 20,2,100,,37510,9530,0,19 20,2,100,,37503,9530,0,19 20,2
9901,'SA',755,,37523,9530,0,19 20,2,145,,37522,9530,0,19 20,2,58,,37534,9530,0,19 20,2,142,,37524,9530,0,19 20,2,101,,37530,9530,0,19 20,2,100,,37535,9530,0,19 20,2,100,,37525,9530,0,19 20,2,100,,37529,9530,0,19 20,2,58,,37526,9530,0,19 20,2,142,,37531,9530,0,19 20,2,99,,37536,9530,0,19 20,2,100,,37520,9530,0,19 20,2,100,,37527,9530,0,19 20,2,100,,37532,9530,0,19 20,2,100,,37521,9530,0,19 20,2,100,,37528,9530,0,19 20,2,100,,37519,9530,0,19 20,2,100,,37533,9530,0,19 20,2,100,,37537,9530,0,19 20,2
9901,'SE',552,,37539,9530,,,2,70,,37541,9530,,,2,20,,37543,9530,,,2,58,,37544,9530,,,2,24,,37538,9530,,,2,29,,37542,9530,,,2,76,,37540,9530,,,2,30,,37560,9530,0,19 20,2,100,,37553,9530,0,19 20,2,100,,37546,9530,0,19 20,2,100,,37545,9530,0,19 20,2,100,,37547,9530,0,19 20,2,100,,37549,9530,0,19 20,2,98,,37554,9530,0,19 20,2,97,,37563,9530,0,19 20,2,69,,37561,9530,0,19 20,2,26,,37565,9530,0,19 20,2,78,,37559,9530,0,19 20,2,29,,37562,9530,0,19 20,2,67,,37564,9530,0,19 20,2,77,,37548,9530,0,19 20,2,58,,37551,9530,0,19 20,2,100,,37550,9530,0,19 20,2,100,,37555,9530,0,19 20,2,100,,37557,9530,0,19 20,2,100,,37552,9530,0,19 20,2,100,,37556,9530,0,19 20,2,100,,37558,9530,0,19 20,2
