8301,'DI',741,,14680,14865,,,1,100,,14681,14865,,,1,108,,14682,14865,,,1,100,,14683,14865,,,1,100,,14684,14865,,,1,100,,14685,14865,,,1,100,,14686,14865,,,1,100,,14687,14865,,,1,100,,14688,14865,,,1,100,,14689,14865,,,1,100,,14690,14865,,,1,100,,14691,14865,,,1,100,,14692,14865,,,1,100,,14693,14865,,,1,100,,14694,14865,,,1,100,,14695,14865,,,1,100,,14696,14865,,,1
8301,'F1',641,,14698,14865,,,1,100,,14699,14865,,,1,100,,14700,14865,,,1,108,,14701,14865,,,1,100,,14702,14865,,,1,100,,14703,14865,,,1,100,,14704,14865,,,1,100,,14705,14865,,,1,100,,14706,14865,,,1,100,,14707,14865,,,1,100,,14708,14865,,,1,100,,14709,14865,,,1,100,,14710,14865,,,1,100,,14711,14865,,,1,100,,14712,14865,,,1,100,,14713,14865,,,1,100,,14714,14865,,,1,100,,14715,14865,,,1,100,,14716,14865,,,1
8301,'F7',741,,14718,14865,,,1,100,,14719,14865,,,1,108,,14720,14865,,,1,100,,14721,14865,,,1,100,,14722,14865,,,1,100,,14723,14865,,,1,100,,14724,14865,,,1,100,,14725,14865,,,1,100,,14726,14865,,,1,100,,14727,14865,,,1,100,,14728,14865,,,1,100,,14729,14865,,,1,100,,14730,14865,,,1,100,,14731,14865,,,1,100,,14732,14865,,,1,100,,14733,14865,,,1,100,,14734,14865,,,1
8301,'F8',608,,14757,14865,,,1,30,,14754,14865,,,1,21,,14748,14865,,,1,56,,14758,14865,,,1,25,,14743,14865,,,1,60,,14760,14865,,,1,22,,14759,14865,,,1,18,,14736,14865,,,1,60,,14744,14865,,,1,20,,14755,14865,,,1,31,,14737,14865,,,1,60,,14769,14865,,,1,40,,14738,14865,,,1,100,,14742,14865,,,1,100,,14750,14865,,,1,100,,14739,14865,,,1,100,,14740,14865,,,1,101,,14741,14865,,,1,55,,14756,14865,,,1,25,,14761,14865,,,1,21,,14770,14865,,,1,62,,14751,14865,,,1,20,,14745,14865,,,1,18,,14746,14865,,,1,60,,14753,14865,,,1,17,,14749,14865,,,1,20,,14752,14865,,,1,60,,14747,14865,,,1,40,,14762,14865,,,1,100,,14763,14865,,,1,100,,14764,14865,,,1,100,,14765,14865,,,1,100,,14766,14865,,,1,100,,14767,14865,,,1
8301,'F9',641,,14771,14865,,,1,100,,14772,14865,,,1,100,,14773,14865,,,1,108,,14774,14865,,,1,100,,14775,14865,,,1,100,,14776,14865,,,1,100,,14777,14865,,,1,100,,14778,14865,,,1,100,,14779,14865,,,1,100,,14780,14865,,,1,100,,14781,14865,,,1,100,,14782,14865,,,1,100,,14783,14865,,,1,100,,14784,14865,,,1,100,,14785,14865,,,1,100,,14786,14865,,,1,100,,14787,14865,,,1,100,,14788,14865,,,1,100,,14789,14865,,,1
8301,'SA',641,,14791,14865,,,1,100,,14792,14865,,,1,100,,14793,14865,,,1,108,,14794,14865,,,1,100,,14795,14865,,,1,100,,14796,14865,,,1,100,,14797,14865,,,1,100,,14798,14865,,,1,100,,14799,14865,,,1,100,,14800,14865,,,1,100,,14801,14865,,,1,100,,14802,14865,,,1,100,,14803,14865,,,1,100,,14804,14865,,,1,100,,14805,14865,,,1,100,,14806,14865,,,1,100,,14807,14865,,,1,100,,14808,14865,,,1,100,,14809,14865,,,1
8301,'SE',608,,14832,14865,,,1,30,,14829,14865,,,1,21,,14823,14865,,,1,56,,14833,14865,,,1,25,,14818,14865,,,1,60,,14835,14865,,,1,22,,14834,14865,,,1,18,,14811,14865,,,1,60,,14819,14865,,,1,20,,14830,14865,,,1,31,,14812,14865,,,1,60,,14844,14865,,,1,40,,14813,14865,,,1,100,,14817,14865,,,1,100,,14825,14865,,,1,100,,14814,14865,,,1,100,,14815,14865,,,1,101,,14816,14865,,,1,55,,14831,14865,,,1,25,,14836,14865,,,1,21,,14845,14865,,,1,62,,14826,14865,,,1,20,,14820,14865,,,1,18,,14821,14865,,,1,60,,14828,14865,,,1,17,,14824,14865,,,1,20,,14827,14865,,,1,60,,14822,14865,,,1,40,,14837,14865,,,1,100,,14838,14865,,,1,100,,14839,14865,,,1,100,,14840,14865,,,1,100,,14841,14865,,,1,100,,14842,14865,,,1
8401,'F8',648,,14911,14853,,,2,55,,14924,14853,,,2,25,,14913,14853,,,2,21,,14915,14853,,,2,64,,14935,14853,,,2,16,,14905,14853,,,2,20,,14909,14853,,,2,59,,14925,14853,,,2,26,,14904,14853,,,2,87,,14920,14853,,,2,101,,14921,14853,,,2,100,,14910,14853,,,2,100,,14912,14853,,,2,100,,14926,14853,,,2,97,,14930,14853,,,2,5,,14922,14853,,,2,78,,14919,14853,,,2,19,,14914,14853,,,2,20,,14923,14853,,,2,61,,14927,14853,,,2,20,,14906,14853,,,2,19,,14936,14853,,,2,60,,14931,14853,,,2,18,,14916,14853,,,2,21,,14918,14853,,,2,19,,14917,14853,,,2,60,,14932,14853,,,2,100,,14933,14853,,,2,99,,14934,14853,,,2,100,,14907,14853,,,2,100,,14908,14853,,,2,100,,14928,14853,,,2
8401,'SE',648,,14944,14853,,,2,55,,14957,14853,,,2,25,,14946,14853,,,2,21,,14948,14853,,,2,64,,14968,14853,,,2,16,,14938,14853,,,2,20,,14942,14853,,,2,59,,14958,14853,,,2,26,,14937,14853,,,2,87,,14953,14853,,,2,101,,14954,14853,,,2,100,,14943,14853,,,2,100,,14945,14853,,,2,100,,14959,14853,,,2,97,,14963,14853,,,2,5,,14955,14853,,,2,78,,14952,14853,,,2,19,,14947,14853,,,2,20,,14956,14853,,,2,61,,14960,14853,,,2,20,,14939,14853,,,2,19,,14969,14853,,,2,60,,14964,14853,,,2,18,,14949,14853,,,2,21,,14951,14853,,,2,19,,14950,14853,,,2,60,,14965,14853,,,2,100,,14966,14853,,,2,99,,14967,14853,,,2,100,,14940,14853,,,2,100,,14941,14853,,,2,100,,14961,14853,,,2
8600,'F8',1643,,14986,26470,,,2,100,,14987,26470,,,2
8600,'SE',1643,,14988,26470,,,2,100,,14989,26470,,,2
