600,'DI',643,,1989,7012,,,1,70,,1988,7012,,,1,30,,1972,7012,,,1,71,,1998,7012,,,1,30,,1969,7012,,,1,70,,1967,7012,,,1,31,,1993,7012,,,1,70,,1997,7012,,,1,30,,1979,7012,,,1,69,,1973,7012,,,1,31,,1996,7012,,,1,70,,1990,7012,,,1,30,,1970,7012,,,1,74,,1975,7012,,,1,29,,1991,7012,,,1,70,,1971,7012,,,1,27,,1974,7012,,,1,73,,1992,7012,,,1,30,,1981,7012,,,1,69,,1984,7012,,,1,31,,1976,7012,,,1,67,,1982,7012,,,1,30,,1985,7012,,,1,70,,1977,7012,,,1,27,,1983,7012,,,1,71,,1995,7012,,,1,104,,1980,7012,,,1,100,,1986,7012,,,1,99,,1978,7012,,,1,100,,1968,7012,,,1,100,,1994,7012,,,1,100,,1987,7012,,,1
600,'F1',643,,2021,7012,,,1,71,,2030,7012,,,1,29,,2009,7012,,,1,70,,2004,7012,,,1,34,,2010,7012,,,1,66,,2027,7012,,,1,35,,2014,7012,,,1,63,,2011,7012,,,1,32,,2026,7012,,,1,69,,2015,7012,,,1,30,,2024,7012,,,1,78,,1999,7012,,,1,30,,2025,7012,,,1,67,,2016,7012,,,1,31,,2001,7012,,,1,67,,2005,7012,,,1,30,,2017,7012,,,1,70,,2028,7012,,,1,30,,2022,7012,,,1,70,,2018,7012,,,1,30,,2029,7012,,,1,70,,2023,7012,,,1,30,,2019,7012,,,1,70,,2012,7012,,,1,30,,2000,7012,,,1,70,,2006,7012,,,1,105,,2008,7012,,,1,100,,2013,7012,,,1,99,,2002,7012,,,1,100,,2007,7012,,,1,100,,2020,7012,,,1,100,,2003,7012,,,1
600,'F7',643,,2053,7012,,,1,70,,2052,7012,,,1,30,,2036,7012,,,1,71,,2062,7012,,,1,30,,2033,7012,,,1,70,,2031,7012,,,1,31,,2057,7012,,,1,70,,2061,7012,,,1,30,,2043,7012,,,1,69,,2037,7012,,,1,31,,2060,7012,,,1,70,,2054,7012,,,1,30,,2034,7012,,,1,74,,2039,7012,,,1,29,,2055,7012,,,1,70,,2035,7012,,,1,27,,2038,7012,,,1,73,,2056,7012,,,1,30,,2045,7012,,,1,69,,2048,7012,,,1,31,,2040,7012,,,1,67,,2046,7012,,,1,30,,2049,7012,,,1,70,,2041,7012,,,1,27,,2047,7012,,,1,71,,2059,7012,,,1,104,,2044,7012,,,1,100,,2050,7012,,,1,99,,2042,7012,,,1,100,,2032,7012,,,1,100,,2058,7012,,,1,100,,2051,7012,,,1
600,'F8',554,,2080,7012,,,1,70,,2084,7012,,,1,30,,2070,7012,,,1,72,,2090,7012,,,1,32,,2063,7012,,,1,67,,2091,7012,,,1,33,,2075,7012,,,1,69,,2085,7012,,,1,30,,2068,7012,,,1,70,,2076,7012,,,1,30,,2071,7012,,,1,70,,2079,7012,,,1,31,,2086,7012,,,1,70,,2082,7012,,,1,30,,2069,7012,,,1,70,,2096,7012,,,1,30,,2072,7012,,,1,71,,2087,7012,,,1,29,,2064,7012,,,1,72,,2098,7012,,,1,70,,2092,7012,,,1,29,,2089,7012,,,1,78,,2093,7012,,,1,25,,2074,7012,,,1,69,,2081,7012,,,1,28,,2077,7012,,,1,29,,2065,7012,,,1,70,,2094,7012,,,1,28,,2097,7012,,,1,70,,2095,7012,,,1,29,,2088,7012,,,1,70,,2073,7012,,,1,100,,2066,7012,,,1,100,,2067,7012,,,1,100,,2078,7012,,,1,100,,2083,7012,,,1
600,'F9',643,,2121,7012,,,1,71,,2130,7012,,,1,29,,2109,7012,,,1,70,,2104,7012,,,1,34,,2110,7012,,,1,66,,2127,7012,,,1,35,,2114,7012,,,1,63,,2111,7012,,,1,32,,2126,7012,,,1,69,,2115,7012,,,1,30,,2124,7012,,,1,78,,2099,7012,,,1,30,,2125,7012,,,1,67,,2116,7012,,,1,31,,2101,7012,,,1,67,,2105,7012,,,1,30,,2117,7012,,,1,70,,2128,7012,,,1,30,,2122,7012,,,1,70,,2118,7012,,,1,30,,2129,7012,,,1,70,,2123,7012,,,1,30,,2119,7012,,,1,70,,2112,7012,,,1,30,,2100,7012,,,1,70,,2106,7012,,,1,105,,2108,7012,,,1,100,,2113,7012,,,1,99,,2102,7012,,,1,100,,2107,7012,,,1,100,,2120,7012,,,1,100,,2103,7012,,,1
600,'SA',643,,2153,7012,,,1,71,,2162,7012,,,1,29,,2141,7012,,,1,70,,2136,7012,,,1,34,,2142,7012,,,1,66,,2159,7012,,,1,35,,2146,7012,,,1,63,,2143,7012,,,1,32,,2158,7012,,,1,69,,2147,7012,,,1,30,,2156,7012,,,1,78,,2131,7012,,,1,30,,2157,7012,,,1,67,,2148,7012,,,1,31,,2133,7012,,,1,67,,2137,7012,,,1,30,,2149,7012,,,1,70,,2160,7012,,,1,30,,2154,7012,,,1,70,,2150,7012,,,1,30,,2161,7012,,,1,70,,2155,7012,,,1,30,,2151,7012,,,1,70,,2144,7012,,,1,30,,2132,7012,,,1,70,,2138,7012,,,1,105,,2140,7012,,,1,100,,2145,7012,,,1,99,,2134,7012,,,1,100,,2139,7012,,,1,100,,2152,7012,,,1,100,,2135,7012,,,1
600,'SE',554,,2180,7012,,,1,70,,2184,7012,,,1,30,,2170,7012,,,1,72,,2190,7012,,,1,32,,2163,7012,,,1,67,,2191,7012,,,1,33,,2175,7012,,,1,69,,2185,7012,,,1,30,,2168,7012,,,1,70,,2176,7012,,,1,30,,2171,7012,,,1,70,,2179,7012,,,1,31,,2186,7012,,,1,70,,2182,7012,,,1,30,,2169,7012,,,1,70,,2196,7012,,,1,30,,2172,7012,,,1,71,,2187,7012,,,1,29,,2164,7012,,,1,72,,2198,7012,,,1,70,,2192,7012,,,1,29,,2189,7012,,,1,78,,2193,7012,,,1,25,,2174,7012,,,1,69,,2181,7012,,,1,28,,2177,7012,,,1,29,,2165,7012,,,1,70,,2194,7012,,,1,28,,2197,7012,,,1,70,,2195,7012,,,1,29,,2188,7012,,,1,70,,2173,7012,,,1,100,,2166,7012,,,1,100,,2167,7012,,,1,100,,2178,7012,,,1,100,,2183,7012,,,1
3701,'F8',644,,7971,5550,,,2,70,,7968,5550,,,2,30,,7967,5550,,,2,70,,7970,5550,,,2,30,,7969,5550,,,2,781,,7972,810,,,2,76,,7973,810,,,2
3701,'SE',644,,7978,5550,,,2,70,,7975,5550,,,2,30,,7974,5550,,,2,70,,7977,5550,,,2,30,,7976,5550,,,2,781,,7979,810,,,2,76,,7980,810,,,2
50000,'F8',1619,,18722,9329,4,,2
50000,'SE',1619,,18723,9329,4,,2
60600,'F8',1706,,18862,6608,,,2
60600,'SE',1706,,18863,6608,,,2
65000,'F8',1628,,18920,6706,,,2
65000,'SE',1628,,18921,6706,,,2
65001,'F8',848,,18922,9403,,,2
65001,'SE',848,,18923,9403,,,2
