4200,'DI',617,,29423,2641,,,1,100,,29424,2641,,,1,100,,29425,2641,,,1,100,,29426,2641,,,1,100,,29427,2641,,,1,100,,29428,2641,,,1,100,,29429,2641,,,1,100,,29430,2641,,,1,100,,29431,2641,,,1,100,,29432,2641,,,1,100,,29433,2641,,,1,100,,29434,2641,,,1,100,,29435,2641,,,1,100,,29436,2641,,,1,100,,29437,2641,,,1,100,,29438,2641,,,1,100,,29439,2641,,,1,100,,29440,2641,,,1,100,,29441,2641,,,1,100,,29442,2641,,,1
4200,'F1',617,,29443,2641,,,1,100,,29444,2641,,,1,100,,29445,2641,,,1,100,,29446,2641,,,1,100,,29447,2641,,,1,100,,29448,2641,,,1,100,,29449,2641,,,1,100,,29450,2641,,,1,100,,29451,2641,,,1,100,,29452,2641,,,1,100,,29453,2641,,,1,100,,29454,2641,,,1,100,,29455,2641,,,1,100,,29456,2641,,,1,100,,29457,2641,,,1,100,,29458,2641,,,1,100,,29459,2641,,,1,100,,29460,2641,,,1,100,,29461,2641,,,1,100,,29462,2641,,,1
4200,'F2',617,,29480,2641,,,1,100,,29481,2641,,,1,100,,29482,2641,,,1,100,,29463,2641,,,1,100,,29464,2641,,,1,100,,29465,2641,,,1,100,,29466,2641,,,1,100,,29467,2641,,,1,100,,29468,2641,,,1,100,,29469,2641,,,1,100,,29470,2641,,,1,100,,29471,2641,,,1,100,,29472,2641,,,1,100,,29473,2641,,,1,100,,29474,2641,,,1,100,,29475,2641,,,1,100,,29476,2641,,,1,100,,29477,2641,,,1,100,,29478,2641,,,1,100,,29479,2641,,,1
4200,'F7',558,,29511,2641,,,1,76,,29493,2641,,,1,69,,29496,2641,,,1,12,,29492,2641,,,1,6,,29494,2641,,,1,6,,29489,2641,,,1,6,,29490,2641,,,1,22,,29488,2641,,,1,62,,29497,2641,,,1,34,,29524,2641,,,1,70,,29525,2641,,,1,30,,29491,2641,,,1,70,,29515,2641,,,1,30,,29495,2641,,,1,70,,29520,2641,,,1,30,,29498,2641,,,1,70,,29521,2641,,,1,30,,29484,2641,,,1,70,,29501,2641,,,1,30,,29499,2641,,,1,70,,29513,2641,,,1,30,,29523,2641,,,1,71,,29502,2641,,,1,30,,29518,2641,,,1,67,,29516,2641,,,1,24,,29522,2641,,,1,15,,29519,2641,,,1,54,,29483,2641,,,1,14,,29517,2641,,,1,14,,29512,2641,,,1,15,,29514,2641,,,1,67,,29500,2641,,,1,30,,29503,2641,,,1,73,,29507,2641,,,1,34,,29504,2641,,,1,70,,29508,2641,,,1,29,,29505,2641,,,1,70,,29509,2641,,,1,30,,29506,2641,,,1,70,,29510,2641,,,1,91,,29485,2641,,,1,100,,29486,2641,,,1,100,,29487,2641,,,1
4200,'F8',617,,29543,2641,,,1,100,,29544,2641,,,1,100,,29545,2641,,,1,100,,29526,2641,,,1,100,,29527,2641,,,1,100,,29528,2641,,,1,100,,29529,2641,,,1,100,,29530,2641,,,1,100,,29531,2641,,,1,100,,29532,2641,,,1,100,,29533,2641,,,1,100,,29534,2641,,,1,100,,29535,2641,,,1,100,,29536,2641,,,1,100,,29537,2641,,,1,100,,29538,2641,,,1,100,,29539,2641,,,1,100,,29540,2641,,,1,100,,29541,2641,,,1,100,,29542,2641,,,1
4200,'F9',617,,29546,2641,,,1,100,,29547,2641,,,1,100,,29548,2641,,,1,100,,29549,2641,,,1,100,,29550,2641,,,1,100,,29551,2641,,,1,100,,29552,2641,,,1,100,,29553,2641,,,1,100,,29554,2641,,,1,100,,29555,2641,,,1,100,,29556,2641,,,1,100,,29557,2641,,,1,100,,29558,2641,,,1,100,,29559,2641,,,1,100,,29560,2641,,,1,100,,29561,2641,,,1,100,,29562,2641,,,1,100,,29563,2641,,,1,100,,29564,2641,,,1,100,,29565,2641,,,1
4200,'SA',617,,29583,2641,,,1,100,,29584,2641,,,1,100,,29585,2641,,,1,100,,29566,2641,,,1,100,,29567,2641,,,1,100,,29568,2641,,,1,100,,29569,2641,,,1,100,,29570,2641,,,1,100,,29571,2641,,,1,100,,29572,2641,,,1,100,,29573,2641,,,1,100,,29574,2641,,,1,100,,29575,2641,,,1,100,,29576,2641,,,1,100,,29577,2641,,,1,100,,29578,2641,,,1,100,,29579,2641,,,1,100,,29580,2641,,,1,100,,29581,2641,,,1,100,,29582,2641,,,1
4200,'SE',558,,29614,2641,,,1,76,,29596,2641,,,1,69,,29599,2641,,,1,12,,29595,2641,,,1,6,,29597,2641,,,1,6,,29592,2641,,,1,6,,29593,2641,,,1,22,,29591,2641,,,1,62,,29600,2641,,,1,34,,29627,2641,,,1,70,,29628,2641,,,1,30,,29594,2641,,,1,70,,29618,2641,,,1,30,,29598,2641,,,1,70,,29623,2641,,,1,30,,29601,2641,,,1,70,,29624,2641,,,1,30,,29587,2641,,,1,70,,29604,2641,,,1,30,,29602,2641,,,1,70,,29616,2641,,,1,30,,29626,2641,,,1,71,,29605,2641,,,1,30,,29621,2641,,,1,67,,29619,2641,,,1,24,,29625,2641,,,1,15,,29622,2641,,,1,54,,29586,2641,,,1,14,,29620,2641,,,1,14,,29615,2641,,,1,15,,29617,2641,,,1,67,,29603,2641,,,1,30,,29606,2641,,,1,73,,29610,2641,,,1,34,,29607,2641,,,1,70,,29611,2641,,,1,29,,29608,2641,,,1,70,,29612,2641,,,1,30,,29609,2641,,,1,70,,29613,2641,,,1,91,,29588,2641,,,1,100,,29589,2641,,,1,100,,29590,2641,,,1
5000,'DI',720,,31252,2662,,,2,100,,31260,2662,,,2,100,,31258,2662,,,2,103,,31259,2662,,,2,94,,31261,2662,,,2,103,,31262,2662,,,2,103,,31263,2662,,,2,97,,31251,2662,,,2,96,,31264,2662,,,2,103,,31249,2662,,,2,106,,31248,2662,,,2,95,,31257,2662,,,2,100,,31250,2662,,,2,100,,31253,2662,,,2,100,,31255,2662,,,2,100,,31265,2662,,,2,100,,31254,2662,,,2,100,,31256,2662,,,2,100,,31266,2662,,,2
5000,'F1',620,,31279,2662,,,2,98,,31273,2662,,,2,102,,31284,2662,,,2,97,,31269,2662,,,2,103,,31270,2662,,,2,96,,31286,2662,,,2,102,,31285,2662,,,2,98,,31268,2662,,,2,99,,31280,2662,,,2,103,,31281,2662,,,2,103,,31282,2662,,,2,103,,31283,2662,,,2,96,,31271,2662,,,2,100,,31277,2662,,,2,100,,31274,2662,,,2,100,,31287,2662,,,2,97,,31275,2662,,,2,103,,31276,2662,,,2,101,,31278,2662,,,2,99,,31272,2662,,,2
5000,'F2',620,,31294,2662,,,2,98,,31293,2662,,,2,102,,31298,2662,,,2,97,,31302,2662,,,2,103,,31303,2662,,,2,96,,31307,2662,,,2,102,,31304,2662,,,2,98,,31288,2662,,,2,99,,31289,2662,,,2,103,,31290,2662,,,2,103,,31291,2662,,,2,103,,31292,2662,,,2,96,,31295,2662,,,2,100,,31306,2662,,,2,100,,31305,2662,,,2,100,,31296,2662,,,2,97,,31299,2662,,,2,103,,31300,2662,,,2,101,,31301,2662,,,2,99,,31297,2662,,,2
5000,'F7',710,,31317,2662,,,2,30,,31313,2662,,,2,70,,31319,2662,,,2,33,,31322,2662,,,2,67,,31330,2662,,,2,100,,31333,2662,,,2,100,,31320,2662,,,2,100,,31315,2662,,,2,100,,31323,2662,,,2,99,,31308,2662,,,2,102,,31324,2662,,,2,28,,31334,2662,,,2,70,,31312,2662,,,2,34,,31335,2662,,,2,66,,31325,2662,,,2,30,,31309,2662,,,2,70,,31331,2662,,,2,31,,31314,2662,,,2,70,,31332,2662,,,2,100,,31310,2662,,,2,100,,31326,2662,,,2,100,,31311,2662,,,2,100,,31327,2662,,,2,100,,31328,2662,,,2,100,,31329,2662,,,2
5000,'F8',620,,31342,2662,,,2,98,,31341,2662,,,2,102,,31346,2662,,,2,97,,31350,2662,,,2,103,,31351,2662,,,2,96,,31355,2662,,,2,102,,31352,2662,,,2,98,,31336,2662,,,2,99,,31337,2662,,,2,103,,31338,2662,,,2,103,,31339,2662,,,2,103,,31340,2662,,,2,96,,31343,2662,,,2,100,,31354,2662,,,2,100,,31353,2662,,,2,100,,31344,2662,,,2,97,,31347,2662,,,2,103,,31348,2662,,,2,101,,31349,2662,,,2,99,,31345,2662,,,2
5000,'F9',720,,31360,2662,,,2,100,,31368,2662,,,2,100,,31366,2662,,,2,103,,31367,2662,,,2,94,,31369,2662,,,2,103,,31370,2662,,,2,103,,31371,2662,,,2,97,,31359,2662,,,2,96,,31372,2662,,,2,103,,31357,2662,,,2,106,,31356,2662,,,2,95,,31365,2662,,,2,100,,31358,2662,,,2,100,,31361,2662,,,2,100,,31363,2662,,,2,100,,31373,2662,,,2,100,,31362,2662,,,2,100,,31364,2662,,,2,100,,31374,2662,,,2
5000,'SA',620,,31382,2662,,,2,98,,31381,2662,,,2,102,,31386,2662,,,2,97,,31390,2662,,,2,103,,31391,2662,,,2,96,,31395,2662,,,2,102,,31392,2662,,,2,98,,31376,2662,,,2,99,,31377,2662,,,2,103,,31378,2662,,,2,103,,31379,2662,,,2,103,,31380,2662,,,2,96,,31383,2662,,,2,100,,31394,2662,,,2,100,,31393,2662,,,2,100,,31384,2662,,,2,97,,31387,2662,,,2,103,,31388,2662,,,2,101,,31389,2662,,,2,99,,31385,2662,,,2
5000,'SE',710,,31405,2662,,,2,30,,31401,2662,,,2,70,,31407,2662,,,2,33,,31410,2662,,,2,67,,31418,2662,,,2,100,,31421,2662,,,2,100,,31408,2662,,,2,100,,31403,2662,,,2,100,,31411,2662,,,2,99,,31396,2662,,,2,102,,31412,2662,,,2,28,,31422,2662,,,2,70,,31400,2662,,,2,34,,31423,2662,,,2,66,,31413,2662,,,2,30,,31397,2662,,,2,70,,31419,2662,,,2,31,,31402,2662,,,2,70,,31420,2662,,,2,100,,31398,2662,,,2,100,,31414,2662,,,2,100,,31399,2662,,,2,100,,31415,2662,,,2,100,,31416,2662,,,2,100,,31417,2662,,,2
6000,'F7',627,,32199,2641,,,1,84,,32200,2641,,,1,37,,32208,2641,,,1,87,,32201,2641,,,1,101,,32207,2641,,,1,100,,32197,2641,,,1,100,,32202,2641,,,1,100,,32198,2641,,,1,100,,32215,2641,,,1,100,,32210,2641,,,1,96,,32211,2641,,,1,70,,32206,2641,,,1,25,,32203,2641,,,1,24,,32204,2641,,,1,68,,32195,2641,,,1,28,,32212,2641,,,1,65,,32205,2641,,,1,30,,32209,2641,,,1,69,,32213,2641,,,1,99,,32194,2641,,,1,99,,32214,2641,,,1,100,,32192,2641,,,1,50,,32196,2641,,,1,100,,32193,2641,,,1
6000,'SE',627,,32223,2641,,,1,84,,32224,2641,,,1,37,,32232,2641,,,1,87,,32225,2641,,,1,101,,32231,2641,,,1,100,,32221,2641,,,1,100,,32226,2641,,,1,100,,32222,2641,,,1,100,,32239,2641,,,1,100,,32234,2641,,,1,96,,32235,2641,,,1,70,,32230,2641,,,1,25,,32227,2641,,,1,24,,32228,2641,,,1,68,,32219,2641,,,1,28,,32236,2641,,,1,65,,32229,2641,,,1,30,,32233,2641,,,1,69,,32237,2641,,,1,99,,32218,2641,,,1,99,,32238,2641,,,1,100,,32216,2641,,,1,50,,32220,2641,,,1,100,,32217,2641,,,1
16000,'DI',658,,38365,2641,0,19 20,1,100,,38368,2641,0,19 20,1,100,,38371,2641,0,19 20,1,100,,38366,2641,0,19 20,1,100,,38372,2641,0,19 20,1,100,,38364,2641,0,19 20,1,100,,38373,2641,0,19 20,1,100,,38362,2641,0,19 20,1,100,,38360,2641,0,19 20,1,100,,38369,2641,0,19 20,1,100,,38367,2641,0,19 20,1,100,,38374,2641,0,19 20,1,100,,38370,2641,0,19 20,1,142,,38363,2641,0,19 20,1,58,,38361,2641,0,19 20,1
16000,'F1',658,,38382,2641,0,19 20,1,99,,38377,2641,0,19 20,1,101,,38376,2641,0,19 20,1,100,,38379,2641,0,19 20,1,100,,38383,2641,0,19 20,1,99,,16591,2641,0,19 20,1,101,,38380,2641,0,19 20,1,100,,38375,2641,0,19 20,1,100,,16592,2641,0,19 20,1,100,,38378,2641,0,19 20,1,100,,38381,2641,0,19 20,1,100,,16593,2641,0,19 20,1,100,,38384,2641,0,19 20,1,101,,16594,2641,0,19 20,1,99,,38385,2641,0,19 20,1
16000,'F2',658,,38390,2641,0,19 20,1,99,,38393,2641,0,19 20,1,101,,38389,2641,0,19 20,1,100,,38386,2641,0,19 20,1,100,,38392,2641,0,19 20,1,99,,38397,2641,0,19 20,1,101,,38387,2641,0,19 20,1,100,,38391,2641,0,19 20,1,100,,38398,2641,0,19 20,1,100,,38394,2641,0,19 20,1,100,,38388,2641,0,19 20,1,100,,38399,2641,0,19 20,1,100,,38395,2641,0,19 20,1,101,,38400,2641,0,19 20,1,99,,38396,2641,0,19 20,1
16000,'F7',612,,38407,2641,0,19 20,1,95,,38421,2641,0,19 20,1,38,,38406,2641,0,19 20,1,95,,38422,2641,0,19 20,1,89,,38418,2641,0,19 20,1,86,,38405,2641,0,19 20,1,100,,38408,2641,0,19 20,1,100,,38409,2641,0,19 20,1,100,,38404,2641,0,19 20,1,100,,38423,2641,0,19 20,1,98,,38402,2641,0,19 20,1,30,,38417,2641,0,19 20,1,68,,38410,2641,0,19 20,1,24,,38401,2641,0,19 20,1,70,,38411,2641,0,19 20,1,28,,38424,2641,0,19 20,1,70,,38403,2641,0,19 20,1,30,,38416,2641,0,19 20,1,70,,38412,2641,0,19 20,1,47,,38415,2641,0,19 20,1,100,,38413,2641,0,19 20,1,100,,38419,2641,0,19 20,1,92,,38414,2641,0,19 20,1,100,,38420,2641,0,19 20,1
16000,'F8',658,,38429,2641,0,19 20,1,99,,38432,2641,0,19 20,1,101,,38428,2641,0,19 20,1,100,,38425,2641,0,19 20,1,100,,38431,2641,0,19 20,1,99,,38436,2641,0,19 20,1,101,,38426,2641,0,19 20,1,100,,38430,2641,0,19 20,1,100,,38437,2641,0,19 20,1,100,,38433,2641,0,19 20,1,100,,38427,2641,0,19 20,1,100,,38438,2641,0,19 20,1,100,,38434,2641,0,19 20,1,101,,38439,2641,0,19 20,1,99,,38435,2641,0,19 20,1
16000,'F9',658,,38445,2641,0,19 20,1,100,,38448,2641,0,19 20,1,100,,38451,2641,0,19 20,1,100,,38446,2641,0,19 20,1,100,,38452,2641,0,19 20,1,100,,38444,2641,0,19 20,1,100,,38453,2641,0,19 20,1,100,,38442,2641,0,19 20,1,100,,38440,2641,0,19 20,1,100,,38449,2641,0,19 20,1,100,,38447,2641,0,19 20,1,100,,38454,2641,0,19 20,1,100,,38450,2641,0,19 20,1,142,,38443,2641,0,19 20,1,58,,38441,2641,0,19 20,1
16000,'SA',658,,38459,2641,0,19 20,1,99,,16667,2641,0,19 20,1,101,,38458,2641,0,19 20,1,100,,38455,2641,0,19 20,1,100,,38461,2641,0,19 20,1,99,,38464,2641,0,19 20,1,101,,38456,2641,0,19 20,1,100,,38460,2641,0,19 20,1,100,,38465,2641,0,19 20,1,100,,16668,2641,0,19 20,1,100,,38457,2641,0,19 20,1,100,,38466,2641,0,19 20,1,100,,38462,2641,0,19 20,1,101,,38467,2641,0,19 20,1,99,,38463,2641,0,19 20,1
16000,'SE',612,,38474,2641,0,19 20,1,95,,38488,2641,0,19 20,1,38,,38473,2641,0,19 20,1,95,,38489,2641,0,19 20,1,89,,38485,2641,0,19 20,1,86,,38472,2641,0,19 20,1,100,,38475,2641,0,19 20,1,100,,38476,2641,0,19 20,1,100,,38471,2641,0,19 20,1,100,,38490,2641,0,19 20,1,98,,38469,2641,0,19 20,1,30,,38484,2641,0,19 20,1,68,,38477,2641,0,19 20,1,24,,38468,2641,0,19 20,1,70,,38478,2641,0,19 20,1,28,,38491,2641,0,19 20,1,70,,38470,2641,0,19 20,1,30,,38483,2641,0,19 20,1,70,,38479,2641,0,19 20,1,47,,38482,2641,0,19 20,1,100,,38480,2641,0,19 20,1,100,,38486,2641,0,19 20,1,92,,38481,2641,0,19 20,1,100,,38487,2641,0,19 20,1
54201,'F7',902,,40692,2727,,,2
54201,'SE',902,,40693,2727,,,2
66500,'F7',1612,,40850,2184,,,2
66500,'SE',1612,,40851,2184,,,2
67000,'F7',1611,,40854,2184,,,2,1,,40855,2184,,,2,1,,40856,2184,,,2
67000,'SE',1611,,40857,2184,,,2,1,,40858,2184,,,2,1,,40859,2184,,,2
69601,'F7',831,,40962,193,,,2,1,,40963,193,,,2
69601,'SE',831,,40964,193,,,2,1,,40965,193,,,2
