3100,'F7',629,,28335,3931,,,1,30,,28319,3931,,,1,70,,28318,3931,,,1,30,,28326,3931,,,1,70,,28328,3931,,,1,29,,28322,3931,,,1,70,,28327,3931,,,1,30,,28323,3931,,,1,70,,28334,3931,,,1,30,,28325,3931,,,1,71,,28310,3931,,,1,30,,28320,3931,,,1,70,,28332,3931,,,1,30,,28312,3931,,,1,70,,28303,3931,,,1,30,,28316,3931,,,1,71,,28324,3931,,,1,70,,28313,3931,,,1,30,,28329,3931,,,1,70,,28306,3931,,,1,30,,28321,3931,,,1,70,,28304,3931,,,1,30,,28307,3931,,,1,70,,28333,3931,,,1,30,,28305,3931,,,1,71,,28308,3931,,,1,30,,28314,3931,,,1,70,,28330,3931,,,1,29,,28317,3931,,,1,70,,28311,3931,,,1,29,,28331,3931,,,1,100,,28315,3931,,,1,99,,28309,3931,,,1
3100,'SE',629,,28368,3931,,,1,30,,28352,3931,,,1,70,,28351,3931,,,1,30,,28359,3931,,,1,70,,28361,3931,,,1,29,,28355,3931,,,1,70,,28360,3931,,,1,30,,28356,3931,,,1,70,,28367,3931,,,1,30,,28358,3931,,,1,71,,28343,3931,,,1,30,,28353,3931,,,1,70,,28365,3931,,,1,30,,28345,3931,,,1,70,,28336,3931,,,1,30,,28349,3931,,,1,71,,28357,3931,,,1,70,,28346,3931,,,1,30,,28362,3931,,,1,70,,28339,3931,,,1,30,,28354,3931,,,1,70,,28337,3931,,,1,30,,28340,3931,,,1,70,,28366,3931,,,1,30,,28338,3931,,,1,71,,28341,3931,,,1,30,,28347,3931,,,1,70,,28363,3931,,,1,29,,28350,3931,,,1,70,,28344,3931,,,1,29,,28364,3931,,,1,100,,28348,3931,,,1,99,,28342,3931,,,1
21400,'DI',919,,39011,7163,,,1,100,,39012,7163,,,1,100,,39013,7163,,,1,100,,39014,7163,,,1,100,,39015,7163,,,1,100,,39016,7163,,,1,100,,39017,7163,,,1,100,,39018,7163,,,1,100,,39019,7163,,,1,100,,39020,7163,,,1
21400,'F1',919,,39021,7163,,,1,100,,39022,7163,,,1,100,,17207,7163,,,1,100,,17208,7163,,,1,100,,17209,7163,,,1,100,,39023,7163,,,1,100,,17211,7163,,,1,100,,17212,7163,,,1,100,,17213,7163,,,1,100,,17214,7163,,,1
21400,'F2',919,,39024,7163,,,1,100,,39025,7163,,,1,100,,39026,7163,,,1,100,,39027,7163,,,1,100,,39028,7163,,,1,100,,39029,7163,,,1,100,,39030,7163,,,1,100,,39031,7163,,,1,100,,39032,7163,,,1,100,,39033,7163,,,1
21400,'F8',919,,39034,7163,,,1,100,,39035,7163,,,1,100,,39036,7163,,,1,100,,39037,7163,,,1,100,,39038,7163,,,1,100,,39039,7163,,,1,100,,39040,7163,,,1,100,,39041,7163,,,1,100,,39042,7163,,,1,100,,39043,7163,,,1
21400,'F9',919,,39044,7163,,,1,100,,39045,7163,,,1,100,,39046,7163,,,1,100,,39047,7163,,,1,100,,39048,7163,,,1,100,,39049,7163,,,1,100,,39050,7163,,,1,100,,39051,7163,,,1,100,,39052,7163,,,1,100,,39053,7163,,,1
21400,'SA',919,,39054,7163,,,1,100,,39055,7163,,,1,100,,39056,7163,,,1,100,,39057,7163,,,1,100,,39058,7163,,,1,100,,39059,7163,,,1,100,,39060,7163,,,1,100,,39061,7163,,,1,100,,39062,7163,,,1,100,,39063,7163,,,1
84801,'DI',641,,19943,315,,,2,70,,19944,315,,,2,30,,19945,315,,,2,70,,19946,315,,,2,30,,19947,315,,,2,70,,19948,315,,,2,30,,19949,315,,,2,70,,19950,315,,,2,30,,19951,315,,,2,70,,19952,315,,,2,30,,19953,315,,,2,70,,19954,315,,,2,30,,19955,315,,,2,70,,19956,315,,,2,30,,19957,315,,,2,70,,19958,315,,,2,30,,19959,315,,,2,70,,19960,315,,,2,30,,19961,315,,,2,70,,19962,315,,,2,30,,19963,315,,,2,70,,19964,315,,,2,30,,19965,315,,,2,70,,19966,315,,,2,30,,19967,315,,,2,70,,19968,315,,,2,30,,19969,315,,,2,70,,19970,315,,,2,30,,19971,315,,,2,70,,19972,315,,,2,30,,19973,315,,,2,70,,19974,315,,,2,30,,19975,315,,,2,70,,19976,315,,,2,30,,19977,315,,,2,70,,19978,315,,,2,30,,19979,315,,,2
84801,'F1',641,,19980,315,,,2,70,,19981,315,,,2,30,,19982,315,,,2,70,,19983,315,,,2,30,,19984,315,,,2,70,,19985,315,,,2,30,,19986,315,,,2,70,,19987,315,,,2,30,,19988,315,,,2,70,,19989,315,,,2,30,,19990,315,,,2,70,,19991,315,,,2,30,,19992,315,,,2,70,,19993,315,,,2,30,,19994,315,,,2,70,,19995,315,,,2,30,,19996,315,,,2,70,,19997,315,,,2,30,,19998,315,,,2,70,,19999,315,,,2,30,,20000,315,,,2,70,,20001,315,,,2,30,,20002,315,,,2,70,,20003,315,,,2,30,,20004,315,,,2,70,,20005,315,,,2,30,,20006,315,,,2,70,,20007,315,,,2,30,,20008,315,,,2,70,,20009,315,,,2,30,,20010,315,,,2,70,,20011,315,,,2,30,,20012,315,,,2,70,,20013,315,,,2,30,,20014,315,,,2,70,,20015,315,,,2,30,,20016,315,,,2
84801,'F2',641,,42125,315,,,2,70,,42126,315,,,2,30,,42127,315,,,2,70,,42128,315,,,2,30,,42129,315,,,2,70,,42130,315,,,2,30,,42131,315,,,2,70,,42132,315,,,2,30,,42133,315,,,2,70,,42134,315,,,2,30,,42135,315,,,2,70,,42136,315,,,2,30,,42137,315,,,2,70,,42138,315,,,2,30,,42139,315,,,2,70,,42140,315,,,2,30,,42141,315,,,2,70,,42142,315,,,2,30,,42143,315,,,2,70,,42144,315,,,2,30,,42145,315,,,2,70,,42146,315,,,2,30,,42147,315,,,2,70,,42148,315,,,2,30,,42149,315,,,2,70,,42150,315,,,2,30,,42151,315,,,2,70,,42152,315,,,2,30,,42153,315,,,2,70,,42154,315,,,2,30,,42155,315,,,2,70,,42156,315,,,2,30,,42157,315,,,2,70,,42158,315,,,2,30,,42159,315,,,2,70,,42160,315,,,2,30,,42161,315,,,2
84801,'F8',641,,42162,315,,,2,70,,42163,315,,,2,30,,42164,315,,,2,70,,42165,315,,,2,30,,42166,315,,,2,70,,42167,315,,,2,30,,42168,315,,,2,70,,42169,315,,,2,30,,42170,315,,,2,70,,42171,315,,,2,30,,42172,315,,,2,70,,42173,315,,,2,30,,42174,315,,,2,70,,42175,315,,,2,30,,42176,315,,,2,70,,42177,315,,,2,30,,42178,315,,,2,70,,42179,315,,,2,30,,42180,315,,,2,70,,42181,315,,,2,30,,42182,315,,,2,70,,42183,315,,,2,30,,42184,315,,,2,70,,42185,315,,,2,30,,42186,315,,,2,70,,42187,315,,,2,30,,42188,315,,,2,70,,42189,315,,,2,30,,42190,315,,,2,70,,42191,315,,,2,30,,42192,315,,,2,70,,42193,315,,,2,30,,42194,315,,,2,70,,42195,315,,,2,30,,42196,315,,,2,70,,42197,315,,,2,30,,42198,315,,,2
84801,'F9',641,,42199,315,,,2,70,,42200,315,,,2,30,,42201,315,,,2,70,,42202,315,,,2,30,,42203,315,,,2,70,,42204,315,,,2,30,,42205,315,,,2,70,,42206,315,,,2,30,,42207,315,,,2,70,,42208,315,,,2,30,,42209,315,,,2,70,,42210,315,,,2,30,,42211,315,,,2,70,,42212,315,,,2,30,,42213,315,,,2,70,,42214,315,,,2,30,,42215,315,,,2,70,,42216,315,,,2,30,,42217,315,,,2,70,,42218,315,,,2,30,,42219,315,,,2,70,,42220,315,,,2,30,,42221,315,,,2,70,,42222,315,,,2,30,,42223,315,,,2,70,,42224,315,,,2,30,,42225,315,,,2,70,,42226,315,,,2,30,,42227,315,,,2,70,,42228,315,,,2,30,,42229,315,,,2,70,,42230,315,,,2,30,,42231,315,,,2,70,,42232,315,,,2,30,,42233,315,,,2,70,,42234,315,,,2,30,,42235,315,,,2
84801,'SA',641,,20091,315,,,2,70,,20092,315,,,2,30,,20093,315,,,2,70,,20094,315,,,2,30,,20095,315,,,2,70,,20096,315,,,2,30,,20097,315,,,2,70,,20098,315,,,2,30,,20099,315,,,2,70,,20100,315,,,2,30,,20101,315,,,2,70,,20102,315,,,2,30,,20103,315,,,2,70,,20104,315,,,2,30,,20105,315,,,2,70,,20106,315,,,2,30,,20107,315,,,2,70,,20108,315,,,2,30,,20109,315,,,2,70,,20110,315,,,2,30,,20111,315,,,2,70,,20112,315,,,2,30,,20113,315,,,2,70,,20114,315,,,2,30,,20115,315,,,2,70,,20116,315,,,2,30,,20117,315,,,2,70,,20118,315,,,2,30,,20119,315,,,2,70,,20120,315,,,2,30,,20121,315,,,2,70,,20122,315,,,2,30,,20123,315,,,2,70,,20124,315,,,2,30,,20125,315,,,2,70,,20126,315,,,2,30,,20127,315,,,2
