6100,'DI',720,,32294,13008,,,2,89,,32298,13008,,,2,30,,32295,13008,,,2,70,,32301,13008,,,2,30,,32299,13008,,,2,70,,32296,13008,,,2,30,,32302,13008,,,2,70,,32304,13008,,,2,30,,32309,13008,,,2,70,,32314,13008,,,2,30,,32305,13008,,,2,70,,32310,13008,,,2,30,,32315,13008,,,2,70,,32306,13008,,,2,30,,32311,13008,,,2,70,,32317,13008,,,2,30,,32307,13008,,,2,74,,32312,13008,,,2,21,,32318,13008,,,2,75,,32321,13008,,,2,20,,32325,13008,,,2,80,,32319,13008,,,2,25,,32322,13008,,,2,70,,32326,13008,,,2,45,,32323,13008,,,2,100,,32327,13008,,,2,100,,32329,13008,,,2,100,,32331,13008,,,2,100,,32333,13008,,,2,100,,32334,13008,,,2
6100,'F1',720,,32335,13008,,,2,89,,32339,13008,,,2,30,,32336,13008,,,2,70,,32342,13008,,,2,30,,32340,13008,,,2,70,,32337,13008,,,2,30,,32343,13008,,,2,70,,32345,13008,,,2,30,,32350,13008,,,2,70,,32353,13008,,,2,30,,32346,13008,,,2,70,,32351,13008,,,2,30,,32354,13008,,,2,70,,32347,13008,,,2,30,,32356,13008,,,2,70,,32361,13008,,,2,30,,32348,13008,,,2,74,,32357,13008,,,2,21,,32362,13008,,,2,75,,32365,13008,,,2,20,,32358,13008,,,2,80,,32363,13008,,,2,25,,32366,13008,,,2,70,,32359,13008,,,2,45,,32368,13008,,,2,100,,32371,13008,,,2,100,,32369,13008,,,2,100,,32373,13008,,,2,100,,32372,13008,,,2,100,,32374,13008,,,2
6100,'F2',720,,32375,13008,,,2,89,,32379,13008,,,2,30,,32376,13008,,,2,70,,32382,13008,,,2,30,,32380,13008,,,2,70,,32377,13008,,,2,30,,32383,13008,,,2,70,,32385,13008,,,2,30,,32390,13008,,,2,70,,32393,13008,,,2,30,,32386,13008,,,2,70,,32391,13008,,,2,30,,32394,13008,,,2,70,,32387,13008,,,2,30,,32396,13008,,,2,70,,32401,13008,,,2,30,,32388,13008,,,2,74,,32397,13008,,,2,21,,32402,13008,,,2,75,,32405,13008,,,2,20,,32398,13008,,,2,80,,32403,13008,,,2,25,,32406,13008,,,2,70,,32399,13008,,,2,45,,32408,13008,,,2,100,,32411,13008,,,2,100,,32409,13008,,,2,100,,32413,13008,,,2,100,,32412,13008,,,2,100,,32414,13008,,,2
6100,'F7',629,,32417,13008,,,2,28,,32415,13008,,,2,66,,32424,13008,,,2,9,,32429,13008,,,2,19,,32421,13008,,,2,66,,32418,13008,,,2,22,,32426,13008,,,2,15,,32431,13008,,,2,76,,32422,13008,,,2,70,,32419,13008,,,2,30,,32427,13008,,,2,71,,32471,13008,,,2,30,,32425,13008,,,2,70,,32432,13008,,,2,30,,32436,13008,,,2,70,,32433,13008,,,2,30,,32434,13008,,,2,73,,32438,13008,,,2,21,,32441,13008,,,2,27,,32446,13008,,,2,63,,32435,13008,,,2,20,,32437,13008,,,2,24,,32449,13008,,,2,44,,32452,13008,,,2,25,,32442,13008,,,2,7,,32444,13008,,,2,14,,32453,13008,,,2,53,,32454,13008,,,2,14,,32439,13008,,,2,15,,32458,13008,,,2,6,,32461,13008,,,2,18,,32450,13008,,,2,54,,32447,13008,,,2,24,,32463,13008,,,2,24,,32455,13008,,,2,68,,32466,13008,,,2,29,,32469,13008,,,2,70,,32459,13008,,,2,29,,32462,13008,,,2,70,,32470,13008,,,2,30,,32456,13008,,,2,68,,32467,13008,,,2,30,,32464,13008,,,2,69,,32460,13008,,,2,30,,32468,13008,,,2,70,,32465,13008,,,2
6100,'F8',720,,32473,13008,,,2,89,,32477,13008,,,2,30,,32474,13008,,,2,70,,32480,13008,,,2,30,,32478,13008,,,2,70,,32475,13008,,,2,30,,32481,13008,,,2,70,,32483,13008,,,2,30,,32488,13008,,,2,70,,32491,13008,,,2,30,,32484,13008,,,2,70,,32489,13008,,,2,30,,32492,13008,,,2,70,,32485,13008,,,2,30,,32494,13008,,,2,70,,32499,13008,,,2,30,,32486,13008,,,2,74,,32495,13008,,,2,21,,32500,13008,,,2,75,,32503,13008,,,2,20,,32496,13008,,,2,80,,32501,13008,,,2,25,,32504,13008,,,2,70,,32497,13008,,,2,45,,32506,13008,,,2,100,,32509,13008,,,2,100,,32507,13008,,,2,100,,32511,13008,,,2,100,,32510,13008,,,2,100,,32512,13008,,,2
6100,'F9',720,,32513,13008,,,2,89,,32517,13008,,,2,30,,32514,13008,,,2,70,,32520,13008,,,2,30,,32518,13008,,,2,70,,32515,13008,,,2,30,,32521,13008,,,2,70,,32523,13008,,,2,30,,32528,13008,,,2,70,,32533,13008,,,2,30,,32524,13008,,,2,70,,32529,13008,,,2,30,,32534,13008,,,2,70,,32525,13008,,,2,30,,32530,13008,,,2,70,,32536,13008,,,2,30,,32526,13008,,,2,74,,32531,13008,,,2,21,,32537,13008,,,2,75,,32540,13008,,,2,20,,32544,13008,,,2,80,,32538,13008,,,2,25,,32541,13008,,,2,70,,32545,13008,,,2,45,,32542,13008,,,2,100,,32546,13008,,,2,100,,32548,13008,,,2,100,,32550,13008,,,2,100,,32552,13008,,,2,100,,32553,13008,,,2
6100,'SA',720,,32554,13008,,,2,89,,32558,13008,,,2,30,,32555,13008,,,2,70,,32561,13008,,,2,30,,32559,13008,,,2,70,,32556,13008,,,2,30,,32562,13008,,,2,70,,32564,13008,,,2,30,,32569,13008,,,2,70,,32572,13008,,,2,30,,32565,13008,,,2,70,,32570,13008,,,2,30,,32573,13008,,,2,70,,32566,13008,,,2,30,,32575,13008,,,2,70,,32580,13008,,,2,30,,32567,13008,,,2,74,,32576,13008,,,2,21,,32581,13008,,,2,75,,32584,13008,,,2,20,,32577,13008,,,2,80,,32582,13008,,,2,25,,32585,13008,,,2,70,,32578,13008,,,2,45,,32587,13008,,,2,100,,32590,13008,,,2,100,,32588,13008,,,2,100,,32592,13008,,,2,100,,32591,13008,,,2,100,,32593,13008,,,2
6100,'SE',629,,32596,13008,,,2,28,,32594,13008,,,2,66,,32603,13008,,,2,9,,32608,13008,,,2,19,,32600,13008,,,2,66,,32597,13008,,,2,22,,32605,13008,,,2,15,,32610,13008,,,2,76,,32601,13008,,,2,70,,32598,13008,,,2,30,,32606,13008,,,2,71,,32650,13008,,,2,30,,32604,13008,,,2,70,,32611,13008,,,2,30,,32615,13008,,,2,70,,32612,13008,,,2,30,,32613,13008,,,2,73,,32617,13008,,,2,21,,32620,13008,,,2,27,,32625,13008,,,2,63,,32614,13008,,,2,20,,32616,13008,,,2,24,,32628,13008,,,2,44,,32631,13008,,,2,25,,32621,13008,,,2,7,,32623,13008,,,2,14,,32632,13008,,,2,53,,32633,13008,,,2,14,,32618,13008,,,2,15,,32637,13008,,,2,6,,32640,13008,,,2,18,,32629,13008,,,2,54,,32626,13008,,,2,24,,32642,13008,,,2,24,,32634,13008,,,2,68,,32645,13008,,,2,29,,32648,13008,,,2,70,,32638,13008,,,2,29,,32641,13008,,,2,70,,32649,13008,,,2,30,,32635,13008,,,2,68,,32646,13008,,,2,30,,32643,13008,,,2,69,,32639,13008,,,2,30,,32647,13008,,,2,70,,32644,13008,,,2
8500,'F7',1635,,36615,16297,,,2,24,,36612,16297,,,2,64,,36614,16297,,,2,28,,36613,16297,,,2
8500,'SE',1635,,36619,16297,,,2,24,,36616,16297,,,2,64,,36618,16297,,,2,28,,36617,16297,,,2
16100,'DI',630,,38650,16153,,,2,1172,,38649,16153,,,2
16100,'F1',630,,38662,16153,,,2,1102,,38661,16153,,,2
16100,'F2',630,,38674,16153,,,2,1102,,38675,16153,,,2
16100,'F7',708,,38689,16043,,,2,25,,38690,16043,,,2,25,,38688,16043,,,2,462,,38692,16153,,,2,389,,38694,16153,,,2,41,,38695,16153,,,2,80,,38691,16153,,,2,100,,38693,16153,,,2
16100,'F8',630,,38707,16153,,,2,1102,,38708,16153,,,2
16100,'F9',630,,38721,16153,,,2,1172,,38720,16153,,,2
16100,'SA',630,,38733,16153,,,2,1102,,38734,16153,,,2
16100,'SE',708,,38748,16043,,,2,25,,38749,16043,,,2,25,,38747,16043,,,2,462,,38751,16153,,,2,389,,38753,16153,,,2,41,,38754,16153,,,2,80,,38750,16153,,,2,100,,38752,16153,,,2
