601,'DI',621,,22527,7922,,,1,30,,22533,7922,,,1,70,,22545,7922,,,1,30,,22540,7922,,,1,70,,22536,7922,,,1,30,,22534,7922,,,1,70,,22519,7922,,,1,30,,22523,7922,,,1,74,,22537,7922,,,1,30,,22531,7922,,,1,70,,22520,7922,,,1,30,,2206,7922,,,1,70,,2212,7922,,,1,33,,22521,7922,,,1,70,,22524,7922,,,1,30,,22530,7922,,,1,70,,22522,7922,,,1,30,,22532,7922,,,1,70,,22528,7922,,,1,30,,22525,7922,,,1,70,,22538,7922,,,1,30,,22546,7922,,,1,70,,22541,7922,,,1,28,,22539,7922,,,1,70,,22547,7922,,,1,30,,22542,7922,,,1,100,,22529,7922,,,1,100,,22544,7922,,,1,100,,22535,7922,,,1,100,,22526,7922,,,1,100,,22518,7922,,,1,100,,22543,7922,,,1
601,'F1',621,,22561,7922,,,1,30,,22551,7922,,,1,70,,22572,7922,,,1,30,,22564,7922,,,1,70,,22562,7922,,,1,30,,22552,7922,,,1,74,,2242,7922,,,1,26,,22565,7922,,,1,76,,22548,7922,,,1,23,,2243,7922,,,1,75,,22574,7922,,,1,26,,22567,7922,,,1,70,,22575,7922,,,1,38,,22568,7922,,,1,70,,22573,7922,,,1,29,,22549,7922,,,1,70,,22569,7922,,,1,30,,22556,7922,,,1,70,,22550,7922,,,1,30,,22553,7922,,,1,70,,22557,7922,,,1,30,,22570,7922,,,1,70,,22554,7922,,,1,28,,22558,7922,,,1,70,,22571,7922,,,1,30,,22555,7922,,,1,100,,22563,7922,,,1,100,,22576,7922,,,1,100,,22559,7922,,,1,100,,22560,7922,,,1,100,,22577,7922,,,1,100,,22566,7922,,,1
601,'F2',621,,22593,7922,,,1,30,,22589,7922,,,1,70,,22609,7922,,,1,30,,22598,7922,,,1,70,,22594,7922,,,1,30,,22590,7922,,,1,74,,22595,7922,,,1,26,,22599,7922,,,1,76,,22608,7922,,,1,23,,22596,7922,,,1,75,,22605,7922,,,1,26,,22591,7922,,,1,70,,22584,7922,,,1,38,,22592,7922,,,1,70,,22585,7922,,,1,29,,22578,7922,,,1,70,,22600,7922,,,1,30,,22586,7922,,,1,70,,22579,7922,,,1,30,,22601,7922,,,1,70,,22587,7922,,,1,30,,22580,7922,,,1,70,,22602,7922,,,1,28,,22588,7922,,,1,70,,22581,7922,,,1,30,,22603,7922,,,1,100,,22606,7922,,,1,100,,22597,7922,,,1,100,,22582,7922,,,1,100,,22583,7922,,,1,100,,22607,7922,,,1,100,,22604,7922,,,1
601,'F7',536,,22627,7922,,,1,70,,22619,7922,,,1,32,,22628,7922,,,1,71,,22611,7922,,,1,25,,22631,7922,,,1,77,,22638,7922,,,1,29,,22634,7922,,,1,72,,22632,7922,,,1,28,,22633,7922,,,1,70,,22626,7922,,,1,30,,22612,7922,,,1,70,,22621,7922,,,1,30,,22645,7922,,,1,70,,22636,7922,,,1,30,,22637,7922,,,1,70,,22642,7922,,,1,30,,22640,7922,,,1,70,,22622,7922,,,1,30,,22620,7922,,,1,72,,22617,7922,,,1,30,,22615,7922,,,1,66,,22643,7922,,,1,38,,22641,7922,,,1,66,,22618,7922,,,1,31,,22635,7922,,,1,65,,22629,7922,,,1,31,,22613,7922,,,1,70,,22610,7922,,,1,28,,22616,7922,,,1,70,,22639,7922,,,1,30,,22630,7922,,,1,70,,22623,7922,,,1,30,,22644,7922,,,1,70,,22614,7922,,,1,98,,22624,7922,,,1,100,,22646,7922,,,1,100,,22625,7922,,,1
601,'F8',621,,22662,7922,,,1,30,,22658,7922,,,1,70,,22678,7922,,,1,30,,22667,7922,,,1,70,,22663,7922,,,1,30,,22659,7922,,,1,74,,22664,7922,,,1,26,,22668,7922,,,1,76,,22677,7922,,,1,23,,22665,7922,,,1,75,,22674,7922,,,1,26,,22660,7922,,,1,70,,22653,7922,,,1,38,,22661,7922,,,1,70,,22654,7922,,,1,29,,22647,7922,,,1,70,,22669,7922,,,1,30,,22655,7922,,,1,70,,22648,7922,,,1,30,,22670,7922,,,1,70,,22656,7922,,,1,30,,22649,7922,,,1,70,,22671,7922,,,1,28,,22657,7922,,,1,70,,22650,7922,,,1,30,,22672,7922,,,1,100,,22675,7922,,,1,100,,22666,7922,,,1,100,,22651,7922,,,1,100,,22652,7922,,,1,100,,22676,7922,,,1,100,,22673,7922,,,1
601,'F9',621,,22689,7922,,,1,30,,22696,7922,,,1,70,,22708,7922,,,1,30,,22703,7922,,,1,70,,22699,7922,,,1,30,,22697,7922,,,1,70,,22680,7922,,,1,30,,22684,7922,,,1,74,,22700,7922,,,1,30,,22694,7922,,,1,70,,22681,7922,,,1,30,,22685,7922,,,1,70,,22690,7922,,,1,33,,22682,7922,,,1,70,,22686,7922,,,1,30,,22693,7922,,,1,70,,22683,7922,,,1,30,,22695,7922,,,1,70,,22691,7922,,,1,30,,22687,7922,,,1,70,,22701,7922,,,1,30,,22709,7922,,,1,70,,22704,7922,,,1,28,,22702,7922,,,1,70,,22710,7922,,,1,30,,22705,7922,,,1,100,,22692,7922,,,1,100,,22707,7922,,,1,100,,22698,7922,,,1,100,,22688,7922,,,1,100,,22679,7922,,,1,100,,22706,7922,,,1
601,'SA',621,,22726,7922,,,1,30,,22722,7922,,,1,70,,22742,7922,,,1,30,,22731,7922,,,1,70,,22727,7922,,,1,30,,22723,7922,,,1,74,,22728,7922,,,1,26,,22732,7922,,,1,76,,22741,7922,,,1,23,,22729,7922,,,1,75,,22738,7922,,,1,26,,22724,7922,,,1,70,,22717,7922,,,1,38,,22725,7922,,,1,70,,22718,7922,,,1,29,,22711,7922,,,1,70,,22733,7922,,,1,30,,22719,7922,,,1,70,,22712,7922,,,1,30,,22734,7922,,,1,70,,22720,7922,,,1,30,,22713,7922,,,1,70,,22735,7922,,,1,28,,22721,7922,,,1,70,,22714,7922,,,1,30,,22736,7922,,,1,100,,22739,7922,,,1,100,,22730,7922,,,1,100,,22715,7922,,,1,100,,22716,7922,,,1,100,,22740,7922,,,1,100,,22737,7922,,,1
601,'SE',536,,22760,7922,,,1,70,,22752,7922,,,1,32,,22761,7922,,,1,71,,22744,7922,,,1,25,,22764,7922,,,1,77,,22771,7922,,,1,29,,22767,7922,,,1,72,,22765,7922,,,1,28,,22766,7922,,,1,70,,22759,7922,,,1,30,,22745,7922,,,1,70,,22754,7922,,,1,30,,22778,7922,,,1,70,,22769,7922,,,1,30,,22770,7922,,,1,70,,22775,7922,,,1,30,,22773,7922,,,1,70,,22755,7922,,,1,30,,22753,7922,,,1,72,,22750,7922,,,1,30,,22748,7922,,,1,66,,22776,7922,,,1,38,,22774,7922,,,1,66,,22751,7922,,,1,31,,22768,7922,,,1,65,,22762,7922,,,1,31,,22746,7922,,,1,70,,22743,7922,,,1,28,,22749,7922,,,1,70,,22772,7922,,,1,30,,22763,7922,,,1,70,,22756,7922,,,1,30,,22777,7922,,,1,70,,22747,7922,,,1,98,,22757,7922,,,1,100,,22779,7922,,,1,100,,22758,7922,,,1
1301,'DI',640,,24063,8974,,,1,100,,3602,8974,,,1,100,,24064,8974,,,1,100,,3603,8974,,,1,100,,24065,8974,,,1,100,,3604,8974,,,1,100,,24066,8974,,,1,100,,3605,8974,,,1,100,,24068,8974,,,1,100,,24075,8974,,,1,100,,24060,8974,,,1,100,,24067,8974,,,1,100,,24062,8974,,,1,100,,24069,8974,,,1,100,,24073,8974,,,1,100,,24071,8974,,,1,100,,24070,8974,,,1,100,,24061,8974,,,1,100,,24074,8974,,,1,100,,24072,8974,,,1
1301,'F1',640,,24083,8974,,,1,100,,24076,8974,,,1,100,,24084,8974,,,1,100,,24078,8974,,,1,100,,24079,8974,,,1,100,,24089,8974,,,1,100,,24077,8974,,,1,100,,24085,8974,,,1,100,,24080,8974,,,1,100,,24086,8974,,,1,100,,24094,8974,,,1,100,,24082,8974,,,1,100,,24090,8974,,,1,100,,24087,8974,,,1,100,,24091,8974,,,1,100,,24081,8974,,,1,100,,24093,8974,,,1,100,,24088,8974,,,1,100,,24092,8974,,,1,100,,24095,8974,,,1
1301,'F2',640,,24104,8974,,,1,100,,24097,8974,,,1,100,,24105,8974,,,1,100,,24098,8974,,,1,100,,24099,8974,,,1,100,,24106,8974,,,1,100,,24108,8974,,,1,100,,24100,8974,,,1,100,,24109,8974,,,1,100,,24101,8974,,,1,100,,24096,8974,,,1,100,,24111,8974,,,1,100,,24114,8974,,,1,100,,24102,8974,,,1,100,,24110,8974,,,1,100,,24107,8974,,,1,100,,24115,8974,,,1,100,,24112,8974,,,1,100,,24103,8974,,,1,100,,24113,8974,,,1
1301,'F7',548,,24130,8974,,,1,72,,24131,8974,,,1,31,,24129,8974,,,1,58,,24118,8974,,,1,14,,24154,8974,,,1,13,,24120,8974,,,1,14,,24147,8974,,,1,62,,24121,8974,,,1,12,,24119,8974,,,1,13,,24158,8974,,,1,15,,24140,8974,,,1,55,,24136,8974,,,1,20,,24139,8974,,,1,28,,24132,8974,,,1,70,,24117,8974,,,1,30,,24135,8974,,,1,70,,24149,8974,,,1,30,,24127,8974,,,1,70,,24141,8974,,,1,31,,24128,8974,,,1,70,,24133,8974,,,1,30,,24150,8974,,,1,70,,24137,8974,,,1,30,,24142,8974,,,1,69,,24155,8974,,,1,75,,24152,8974,,,1,29,,24116,8974,,,1,27,,24123,8974,,,1,55,,24138,8974,,,1,20,,24134,8974,,,1,22,,24159,8974,,,1,58,,24145,8974,,,1,19,,24143,8974,,,1,29,,24124,8974,,,1,68,,24157,8974,,,1,30,,24122,8974,,,1,70,,24151,8974,,,1,30,,24153,8974,,,1,70,,24144,8974,,,1,29,,24156,8974,,,1,100,,24146,8974,,,1,100,,24148,8974,,,1,100,,24125,8974,,,1,97,,24126,8974,,,1
1301,'F8',640,,24168,8974,,,1,100,,24161,8974,,,1,100,,24169,8974,,,1,100,,24162,8974,,,1,100,,24163,8974,,,1,100,,24170,8974,,,1,100,,24172,8974,,,1,100,,24164,8974,,,1,100,,24173,8974,,,1,100,,24165,8974,,,1,100,,24160,8974,,,1,100,,24175,8974,,,1,100,,24178,8974,,,1,100,,24166,8974,,,1,100,,24174,8974,,,1,100,,24171,8974,,,1,100,,24179,8974,,,1,100,,24176,8974,,,1,100,,24167,8974,,,1,100,,24177,8974,,,1
1301,'F9',640,,24187,8974,,,1,100,,24182,8974,,,1,100,,24188,8974,,,1,100,,24183,8974,,,1,100,,24189,8974,,,1,100,,24184,8974,,,1,100,,24190,8974,,,1,100,,24185,8974,,,1,100,,24192,8974,,,1,100,,24199,8974,,,1,100,,24180,8974,,,1,100,,24191,8974,,,1,100,,24186,8974,,,1,100,,24193,8974,,,1,100,,24197,8974,,,1,100,,24195,8974,,,1,100,,24194,8974,,,1,100,,24181,8974,,,1,100,,24198,8974,,,1,100,,24196,8974,,,1
1301,'SA',640,,24208,8974,,,1,100,,24201,8974,,,1,100,,24209,8974,,,1,100,,24202,8974,,,1,100,,24203,8974,,,1,100,,24210,8974,,,1,100,,24212,8974,,,1,100,,24204,8974,,,1,100,,24213,8974,,,1,100,,24205,8974,,,1,100,,24200,8974,,,1,100,,24215,8974,,,1,100,,24218,8974,,,1,100,,24206,8974,,,1,100,,24214,8974,,,1,100,,24211,8974,,,1,100,,24219,8974,,,1,100,,24216,8974,,,1,100,,24207,8974,,,1,100,,24217,8974,,,1
1301,'SE',548,,24234,8974,,,1,72,,24235,8974,,,1,31,,24233,8974,,,1,58,,24222,8974,,,1,14,,24258,8974,,,1,13,,24224,8974,,,1,14,,24251,8974,,,1,62,,24225,8974,,,1,12,,24223,8974,,,1,13,,24262,8974,,,1,15,,24244,8974,,,1,55,,24240,8974,,,1,20,,24243,8974,,,1,28,,24236,8974,,,1,70,,24221,8974,,,1,30,,24239,8974,,,1,70,,24253,8974,,,1,30,,24231,8974,,,1,70,,24245,8974,,,1,31,,24232,8974,,,1,70,,24237,8974,,,1,30,,24254,8974,,,1,70,,24241,8974,,,1,30,,24246,8974,,,1,69,,24259,8974,,,1,75,,24256,8974,,,1,29,,24220,8974,,,1,27,,24227,8974,,,1,55,,24242,8974,,,1,20,,24238,8974,,,1,22,,24263,8974,,,1,58,,24249,8974,,,1,19,,24247,8974,,,1,29,,24228,8974,,,1,68,,24261,8974,,,1,30,,24226,8974,,,1,70,,24255,8974,,,1,30,,24257,8974,,,1,70,,24248,8974,,,1,29,,24260,8974,,,1,100,,24250,8974,,,1,100,,24252,8974,,,1,100,,24229,8974,,,1,97,,24230,8974,,,1
1401,'F7',620,,24311,17616,,,1,32,,24313,17616,,,1,61,,24316,17616,,,1,16,,24315,17616,,,1,16,,24318,17616,,,1,55,,24312,17616,,,1,14,,24309,17616,,,1,14,,24314,17616,,,1,14,,24317,17616,,,1,16,,24320,17616,,,1,56,,24310,17616,,,1,20,,24319,17616,,,1,23,,24328,15483,,,1,100,,24329,15483,,,1,100,,24333,15483,,,1,100,,24334,15483,,,1,100,,24321,15483,,,1,100,,24325,15483,,,1,100,,24323,15483,,,1,85,,24332,15483,,,1,14,,24327,15483,,,1,59,,24322,15483,,,1,24,,24336,15483,,,1,18,,24335,15483,,,1,60,,24330,15483,,,1,20,,24324,15483,,,1,18,,24326,15483,,,1,68,,24331,15483,,,1
1401,'SE',620,,24339,17616,,,1,32,,24341,17616,,,1,61,,24344,17616,,,1,16,,24343,17616,,,1,16,,24346,17616,,,1,55,,24340,17616,,,1,14,,24337,17616,,,1,14,,24342,17616,,,1,14,,24345,17616,,,1,16,,24348,17616,,,1,56,,24338,17616,,,1,20,,24347,17616,,,1,23,,24356,15483,,,1,100,,24357,15483,,,1,100,,24361,15483,,,1,100,,24362,15483,,,1,100,,24349,15483,,,1,100,,24353,15483,,,1,100,,24351,15483,,,1,85,,24360,15483,,,1,14,,24355,15483,,,1,59,,24350,15483,,,1,24,,24364,15483,,,1,18,,24363,15483,,,1,60,,24358,15483,,,1,20,,24352,15483,,,1,18,,24354,15483,,,1,68,,24359,15483,,,1
1501,'DI',709,,24559,10016,,,1,100,,24556,10016,,,1,100,,24553,10016,,,1,100,,24566,10016,,,1,101,,24571,10016,,,1,100,,24564,10016,,,1,100,,24560,10016,,,1,100,,24554,10016,,,1,100,,24568,10016,,,1,100,,24555,10016,,,1,100,,24563,10016,,,1,100,,24561,10016,,,1,100,,24565,10016,,,1,97,,24569,10016,,,1,100,,24567,10016,,,1,100,,24562,10016,,,1,100,,24557,10016,,,1,100,,24570,10016,,,1,100,,24558,10016,,,1
1501,'F1',708,,24573,10016,,,1,100,,24579,10016,,,1,100,,24588,10016,,,1,100,,24580,10016,,,1,100,,24582,10016,,,1,100,,24581,10016,,,1,100,,24589,10016,,,1,101,,24574,10016,,,1,100,,24583,10016,,,1,102,,24575,10016,,,1,98,,24572,10016,,,1,100,,24585,10016,,,1,100,,24590,10016,,,1,99,,24576,10016,,,1,100,,24577,10016,,,1,100,,24586,10016,,,1,100,,24578,10016,,,1,100,,24587,10016,,,1,100,,24584,10016,,,1
1501,'F2',708,,24606,10016,,,1,100,,24600,10016,,,1,100,,24594,10016,,,1,100,,24607,10016,,,1,100,,24592,10016,,,1,100,,24591,10016,,,1,100,,24603,10016,,,1,101,,24598,10016,,,1,100,,24602,10016,,,1,102,,24599,10016,,,1,98,,24595,10016,,,1,100,,24601,10016,,,1,100,,24604,10016,,,1,99,,24605,10016,,,1,100,,24593,10016,,,1,100,,24608,10016,,,1,100,,24596,10016,,,1,100,,24609,10016,,,1,100,,24597,10016,,,1
1501,'F7',533,,24622,10016,,,1,86,,24614,10016,,,1,31,,24620,10016,,,1,73,,24642,10016,,,1,21,,24630,10016,,,1,60,,24624,10016,,,1,20,,24615,10016,,,1,30,,24611,10016,,,1,73,,24648,10016,,,1,27,,24632,10016,,,1,68,,24621,10016,,,1,30,,24640,10016,,,1,70,,24634,10016,,,1,30,,24616,10016,,,1,71,,24618,10016,,,1,30,,24635,10016,,,1,70,,24637,10016,,,1,30,,24619,10016,,,1,70,,24617,10016,,,1,30,,24643,10016,,,1,72,,24625,10016,,,1,31,,24646,10016,,,1,63,,24641,10016,,,1,39,,24638,10016,,,1,67,,24627,10016,,,1,30,,24613,10016,,,1,71,,24647,10016,,,1,26,,24636,10016,,,1,70,,24626,10016,,,1,30,,24644,10016,,,1,68,,24639,10016,,,1,30,,24612,10016,,,1,70,,24633,10016,,,1,30,,24645,10016,,,1,70,,24629,10016,,,1,30,,24610,10016,,,1,98,,24623,10016,,,1,100,,24628,10016,,,1,99,,24631,10016,,,1
1501,'F8',708,,24664,10016,,,1,100,,24658,10016,,,1,100,,24652,10016,,,1,100,,24665,10016,,,1,100,,24650,10016,,,1,100,,24649,10016,,,1,100,,24661,10016,,,1,101,,24656,10016,,,1,100,,24660,10016,,,1,102,,24657,10016,,,1,98,,24653,10016,,,1,100,,24659,10016,,,1,100,,24662,10016,,,1,99,,24663,10016,,,1,100,,24651,10016,,,1,100,,24666,10016,,,1,100,,24654,10016,,,1,100,,24667,10016,,,1,100,,24655,10016,,,1
1501,'F9',709,,24674,10016,,,1,100,,24671,10016,,,1,100,,24668,10016,,,1,100,,24681,10016,,,1,101,,24686,10016,,,1,100,,24679,10016,,,1,100,,24675,10016,,,1,100,,24669,10016,,,1,100,,24683,10016,,,1,100,,24670,10016,,,1,100,,24678,10016,,,1,100,,24676,10016,,,1,100,,24680,10016,,,1,97,,24684,10016,,,1,100,,24682,10016,,,1,100,,24677,10016,,,1,100,,24672,10016,,,1,100,,24685,10016,,,1,100,,24673,10016,,,1
1501,'SA',708,,24702,10016,,,1,100,,24696,10016,,,1,100,,24690,10016,,,1,100,,24703,10016,,,1,100,,24688,10016,,,1,100,,24687,10016,,,1,100,,24699,10016,,,1,101,,24694,10016,,,1,100,,24698,10016,,,1,102,,24695,10016,,,1,98,,24691,10016,,,1,100,,24697,10016,,,1,100,,24700,10016,,,1,99,,24701,10016,,,1,100,,24689,10016,,,1,100,,24704,10016,,,1,100,,24692,10016,,,1,100,,24705,10016,,,1,100,,24693,10016,,,1
1501,'SE',533,,24718,10016,,,1,86,,24710,10016,,,1,31,,24716,10016,,,1,73,,24738,10016,,,1,21,,24726,10016,,,1,60,,24720,10016,,,1,20,,24711,10016,,,1,30,,24707,10016,,,1,73,,24744,10016,,,1,27,,24728,10016,,,1,68,,24717,10016,,,1,30,,24736,10016,,,1,70,,24730,10016,,,1,30,,24712,10016,,,1,71,,24714,10016,,,1,30,,24731,10016,,,1,70,,24733,10016,,,1,30,,24715,10016,,,1,70,,24713,10016,,,1,30,,24739,10016,,,1,72,,24721,10016,,,1,31,,24742,10016,,,1,63,,24737,10016,,,1,39,,24734,10016,,,1,67,,24723,10016,,,1,30,,24709,10016,,,1,71,,24743,10016,,,1,26,,24732,10016,,,1,70,,24722,10016,,,1,30,,24740,10016,,,1,68,,24735,10016,,,1,30,,24708,10016,,,1,70,,24729,10016,,,1,30,,24741,10016,,,1,70,,24725,10016,,,1,30,,24706,10016,,,1,98,,24719,10016,,,1,100,,24724,10016,,,1,99,,24727,10016,,,1
50601,'F7',1638,,40636,895,,,2
50601,'SE',1638,,40637,895,,,2
60001,'F7',909,,40739,5653,,,2
60001,'SE',909,,40740,5653,,,2
61301,'F7',908,,40772,7962,,,2
61301,'SE',908,,40773,7962,,,2
61801,'F7',858,,40780,8887,,,2
61801,'SE',858,,40781,8887,,,2
