1901,'DI',538,,25993,334,,,2,100,,25994,334,,,2,100,,25995,334,,,2,100,,25996,334,,,2,104,,25997,334,,,2,100,,25998,334,,,2,100,,25999,334,,,2,100,,26000,334,,,2,100,,26001,334,,,2,100,,26002,334,,,2,100,,26003,334,,,2,100,,26004,334,,,2,100,,26005,334,,,2,100,,26006,334,,,2,100,,26007,334,,,2,100,,26008,334,,,2,100,,26009,334,,,2,100,,26010,334,,,2,100,,26011,334,,,2,100,,26012,334,,,2,100,,25992,334,,,2
1901,'F1',538,,26029,334,,,2,70,,26025,334,,,2,30,,26030,334,,,2,70,,26026,334,,,2,30,,26031,334,,,2,70,,26027,334,,,2,30,,26032,334,,,2,70,,26028,334,,,2,34,,26018,334,,,2,70,,26013,334,,,2,30,,26019,334,,,2,70,,26014,334,,,2,30,,26020,334,,,2,70,,26015,334,,,2,30,,26021,334,,,2,70,,26016,334,,,2,30,,26022,334,,,2,70,,26023,334,,,2,30,,5378,334,,,2,70,,26024,334,,,2,30,,5379,334,,,2,70,,26033,334,,,2,30,,5380,334,,,2,70,,26034,334,,,2,30,,5381,334,,,2,70,,26035,334,,,2,30,,5382,334,,,2,100,,26036,334,,,2,100,,26037,334,,,2,100,,26038,334,,,2,100,,26039,334,,,2,100,,26040,334,,,2,100,,26041,334,,,2,100,,26017,334,,,2
1901,'F2',538,,26042,334,,,2,70,,26052,334,,,2,30,,26043,334,,,2,70,,26053,334,,,2,30,,26044,334,,,2,70,,26054,334,,,2,30,,26045,334,,,2,70,,26055,334,,,2,34,,26046,334,,,2,70,,26056,334,,,2,30,,26047,334,,,2,70,,26057,334,,,2,30,,26048,334,,,2,70,,26069,334,,,2,30,,26049,334,,,2,70,,26070,334,,,2,30,,26050,334,,,2,70,,26071,334,,,2,30,,26051,334,,,2,70,,26072,334,,,2,30,,26058,334,,,2,70,,26073,334,,,2,30,,26059,334,,,2,70,,26074,334,,,2,30,,26060,334,,,2,70,,26075,334,,,2,30,,26061,334,,,2,100,,26062,334,,,2,100,,26063,334,,,2,100,,26064,334,,,2,100,,26065,334,,,2,100,,26066,334,,,2,100,,26067,334,,,2,100,,26068,334,,,2
1901,'F7',457,,26090,334,,,2,75,,26089,334,,,2,70,,26113,334,,,2,22,,26105,334,,,2,14,,26111,334,,,2,15,,26106,334,,,2,52,,26109,334,,,2,12,,26110,334,,,2,12,,26103,334,,,2,12,,26108,334,,,2,15,,26102,334,,,2,61,,26107,334,,,2,20,,26104,334,,,2,72,,26076,334,,,2,34,,26098,334,,,2,70,,26077,334,,,2,30,,26078,334,,,2,70,,26091,334,,,2,30,,26079,334,,,2,70,,26092,334,,,2,30,,26095,334,,,2,70,,26093,334,,,2,30,,26096,334,,,2,72,,26094,334,,,2,30,,26114,334,,,2,70,,26112,334,,,2,29,,26121,334,,,2,61,,26120,334,,,2,23,,26118,334,,,2,20,,26117,334,,,2,61,,26119,334,,,2,18,,26115,334,,,2,17,,26116,334,,,2,61,,26122,334,,,2,19,,26084,334,,,2,24,,26097,334,,,2,65,,26080,334,,,2,30,,26099,334,,,2,70,,26081,334,,,2,30,,26100,334,,,2,70,,26082,334,,,2,30,,26101,334,,,2,70,,26083,334,,,2,30,,26085,334,,,2,100,,26086,334,,,2,100,,26087,334,,,2,100,,26088,334,,,2
1901,'F8',538,,26123,334,,,2,70,,26133,334,,,2,30,,26124,334,,,2,70,,26134,334,,,2,30,,26125,334,,,2,70,,26135,334,,,2,30,,26126,334,,,2,70,,26136,334,,,2,34,,26127,334,,,2,70,,26137,334,,,2,30,,26128,334,,,2,70,,26138,334,,,2,30,,26129,334,,,2,70,,26150,334,,,2,30,,26130,334,,,2,70,,26151,334,,,2,30,,26131,334,,,2,70,,26152,334,,,2,30,,26132,334,,,2,70,,26153,334,,,2,30,,26139,334,,,2,70,,26154,334,,,2,30,,26140,334,,,2,70,,26155,334,,,2,30,,26141,334,,,2,70,,26156,334,,,2,30,,26142,334,,,2,100,,26143,334,,,2,100,,26144,334,,,2,100,,26145,334,,,2,100,,26146,334,,,2,100,,26147,334,,,2,100,,26148,334,,,2,100,,26149,334,,,2
1901,'F9',538,,26158,334,,,2,100,,26159,334,,,2,100,,26160,334,,,2,100,,26161,334,,,2,104,,26162,334,,,2,100,,26163,334,,,2,100,,26164,334,,,2,100,,26165,334,,,2,100,,26166,334,,,2,100,,26167,334,,,2,100,,26168,334,,,2,100,,26169,334,,,2,100,,26170,334,,,2,100,,26171,334,,,2,100,,26172,334,,,2,100,,26173,334,,,2,100,,26174,334,,,2,100,,26175,334,,,2,100,,26176,334,,,2,100,,26177,334,,,2,100,,26157,334,,,2
1901,'SA',538,,26178,334,,,2,70,,26188,334,,,2,30,,26179,334,,,2,70,,26189,334,,,2,30,,26180,334,,,2,70,,26190,334,,,2,30,,26181,334,,,2,70,,26191,334,,,2,34,,26182,334,,,2,70,,26192,334,,,2,30,,26183,334,,,2,70,,26193,334,,,2,30,,26184,334,,,2,70,,26205,334,,,2,30,,26185,334,,,2,70,,26206,334,,,2,30,,26186,334,,,2,70,,26207,334,,,2,30,,26187,334,,,2,70,,26208,334,,,2,30,,26194,334,,,2,70,,26209,334,,,2,30,,26195,334,,,2,70,,26210,334,,,2,30,,26196,334,,,2,70,,26211,334,,,2,30,,26197,334,,,2,100,,26198,334,,,2,100,,26199,334,,,2,100,,26200,334,,,2,100,,26201,334,,,2,100,,26202,334,,,2,100,,26203,334,,,2,100,,26204,334,,,2
1901,'SE',457,,26226,334,,,2,75,,26225,334,,,2,70,,26249,334,,,2,22,,26241,334,,,2,14,,26247,334,,,2,15,,26242,334,,,2,52,,26245,334,,,2,12,,26246,334,,,2,12,,26239,334,,,2,12,,26244,334,,,2,15,,26238,334,,,2,61,,26243,334,,,2,20,,26240,334,,,2,72,,26212,334,,,2,34,,26234,334,,,2,70,,26213,334,,,2,30,,26214,334,,,2,70,,26227,334,,,2,30,,26215,334,,,2,70,,26228,334,,,2,30,,26231,334,,,2,70,,26229,334,,,2,30,,26232,334,,,2,72,,26230,334,,,2,30,,26250,334,,,2,70,,26248,334,,,2,29,,26257,334,,,2,61,,26256,334,,,2,23,,26254,334,,,2,20,,26253,334,,,2,61,,26255,334,,,2,18,,26251,334,,,2,17,,26252,334,,,2,61,,26258,334,,,2,19,,26220,334,,,2,24,,26233,334,,,2,65,,26216,334,,,2,30,,26235,334,,,2,70,,26217,334,,,2,30,,26236,334,,,2,70,,26218,334,,,2,30,,26237,334,,,2,70,,26219,334,,,2,30,,26221,334,,,2,100,,26222,334,,,2,100,,26223,334,,,2,100,,26224,334,,,2
5000,'DI',636,,31267,10631,,,2,102,,31252,10631,,,2,100,,31260,10631,,,2,100,,31258,10631,,,2,103,,31259,10631,,,2,94,,31261,10631,,,2,103,,31262,10631,,,2,103,,31263,10631,,,2,97,,31251,10631,,,2,96,,31264,10631,,,2,103,,31249,10631,,,2,106,,31248,10631,,,2,95,,31257,10631,,,2,100,,31250,10631,,,2,100,,31253,10631,,,2,100,,31255,10631,,,2,100,,31265,10631,,,2,100,,31254,10631,,,2,100,,31256,10631,,,2,100,,31266,10631,,,2
5000,'F1',638,,31279,10631,,,2,98,,31273,10631,,,2,102,,31284,10631,,,2,97,,31269,10631,,,2,103,,31270,10631,,,2,96,,31286,10631,,,2,102,,31285,10631,,,2,98,,31268,10631,,,2,99,,31280,10631,,,2,103,,31281,10631,,,2,103,,31282,10631,,,2,103,,31283,10631,,,2,96,,31271,10631,,,2,100,,31277,10631,,,2,100,,31274,10631,,,2,100,,31287,10631,,,2,97,,31275,10631,,,2,103,,31276,10631,,,2,101,,31278,10631,,,2,99,,31272,10631,,,2
5000,'F2',638,,31294,10631,,,2,98,,31293,10631,,,2,102,,31298,10631,,,2,97,,31302,10631,,,2,103,,31303,10631,,,2,96,,31307,10631,,,2,102,,31304,10631,,,2,98,,31288,10631,,,2,99,,31289,10631,,,2,103,,31290,10631,,,2,103,,31291,10631,,,2,103,,31292,10631,,,2,96,,31295,10631,,,2,100,,31306,10631,,,2,100,,31305,10631,,,2,100,,31296,10631,,,2,97,,31299,10631,,,2,103,,31300,10631,,,2,101,,31301,10631,,,2,99,,31297,10631,,,2
5000,'F7',558,,31316,10631,,,2,70,,31318,10631,,,2,30,,31321,10631,,,2,70,,31317,10631,,,2,30,,31313,10631,,,2,70,,31319,10631,,,2,73,,31322,10631,,,2,27,,31330,10631,,,2,100,,31333,10631,,,2,100,,31320,10631,,,2,100,,31315,10631,,,2,100,,31323,10631,,,2,99,,31308,10631,,,2,102,,31324,10631,,,2,28,,31334,10631,,,2,72,,31312,10631,,,2,74,,31335,10631,,,2,26,,31325,10631,,,2,30,,31309,10631,,,2,70,,31331,10631,,,2,29,,31314,10631,,,2,70,,31332,10631,,,2,100,,31310,10631,,,2,100,,31326,10631,,,2,100,,31311,10631,,,2,100,,31327,10631,,,2,100,,31328,10631,,,2,100,,31329,10631,,,2
5000,'F8',638,,31342,10631,,,2,98,,31341,10631,,,2,102,,31346,10631,,,2,97,,31350,10631,,,2,103,,31351,10631,,,2,96,,31355,10631,,,2,102,,31352,10631,,,2,98,,31336,10631,,,2,99,,31337,10631,,,2,103,,31338,10631,,,2,103,,31339,10631,,,2,103,,31340,10631,,,2,96,,31343,10631,,,2,100,,31354,10631,,,2,100,,31353,10631,,,2,100,,31344,10631,,,2,97,,31347,10631,,,2,103,,31348,10631,,,2,101,,31349,10631,,,2,99,,31345,10631,,,2
5000,'F9',636,,31375,10631,,,2,102,,31360,10631,,,2,100,,31368,10631,,,2,100,,31366,10631,,,2,103,,31367,10631,,,2,94,,31369,10631,,,2,103,,31370,10631,,,2,103,,31371,10631,,,2,97,,31359,10631,,,2,96,,31372,10631,,,2,103,,31357,10631,,,2,106,,31356,10631,,,2,95,,31365,10631,,,2,100,,31358,10631,,,2,100,,31361,10631,,,2,100,,31363,10631,,,2,100,,31373,10631,,,2,100,,31362,10631,,,2,100,,31364,10631,,,2,100,,31374,10631,,,2
5000,'SA',638,,31382,10631,,,2,98,,31381,10631,,,2,102,,31386,10631,,,2,97,,31390,10631,,,2,103,,31391,10631,,,2,96,,31395,10631,,,2,102,,31392,10631,,,2,98,,31376,10631,,,2,99,,31377,10631,,,2,103,,31378,10631,,,2,103,,31379,10631,,,2,103,,31380,10631,,,2,96,,31383,10631,,,2,100,,31394,10631,,,2,100,,31393,10631,,,2,100,,31384,10631,,,2,97,,31387,10631,,,2,103,,31388,10631,,,2,101,,31389,10631,,,2,99,,31385,10631,,,2
5000,'SE',558,,31404,10631,,,2,70,,31406,10631,,,2,30,,31409,10631,,,2,70,,31405,10631,,,2,30,,31401,10631,,,2,70,,31407,10631,,,2,73,,31410,10631,,,2,27,,31418,10631,,,2,100,,31421,10631,,,2,100,,31408,10631,,,2,100,,31403,10631,,,2,100,,31411,10631,,,2,99,,31396,10631,,,2,102,,31412,10631,,,2,28,,31422,10631,,,2,72,,31400,10631,,,2,74,,31423,10631,,,2,26,,31413,10631,,,2,30,,31397,10631,,,2,70,,31419,10631,,,2,29,,31402,10631,,,2,70,,31420,10631,,,2,100,,31398,10631,,,2,100,,31414,10631,,,2,100,,31399,10631,,,2,100,,31415,10631,,,2,100,,31416,10631,,,2,100,,31417,10631,,,2
50500,'F7',1623,,40630,3665,,,2
50500,'SE',1623,,40631,3665,,,2
53901,'F7',911,,40684,7162,,,2
53901,'SE',911,,40685,7162,,,2
