4601,'F7',617,,30431,3541,,,2,20,,30436,3541,,,2,20,,30432,3541,,,2,60,,30437,3541,,,2,16,,30433,3541,,,2,14,,30428,3541,,,2,58,,30438,3541,,,2,22,,30434,3541,,,2,20,,30439,3541,,,2,100,,30435,3541,,,2,100,,30425,3541,,,2,100,,30447,3541,,,2,100,,30429,3541,,,2,100,,30427,3541,,,2,100,,30445,3541,,,2,100,,30444,3541,,,2,73,,30426,3541,,,2,18,,30442,3541,,,2,62,,30440,3541,,,2,20,,30430,3541,,,2,15,,30443,3541,,,2,75,,30424,3541,,,2
4601,'SE',617,,30455,3541,,,2,20,,30460,3541,,,2,20,,30456,3541,,,2,60,,30461,3541,,,2,16,,30457,3541,,,2,14,,30452,3541,,,2,58,,30462,3541,,,2,22,,30458,3541,,,2,20,,30463,3541,,,2,100,,30459,3541,,,2,100,,30449,3541,,,2,100,,30471,3541,,,2,100,,30453,3541,,,2,100,,30451,3541,,,2,100,,30469,3541,,,2,100,,30468,3541,,,2,73,,30450,3541,,,2,18,,30466,3541,,,2,62,,30464,3541,,,2,20,,30454,3541,,,2,15,,30467,3541,,,2,75,,30448,3541,,,2
54601,'F7',857,,40699,2046,,,2
54601,'SE',857,,40700,2046,,,2
68901,'F7',847,,40910,762,,,2,1,,40911,762,,,2
68901,'SE',847,,40912,762,,,2,1,,40913,762,,,2
69200,'F7',1616,,40930,2249,,,2
69200,'SE',1616,,40931,2249,,,2
84801,'DI',650,,19943,5567,,,2,70,,19944,5567,,,2,30,,19945,5567,,,2,70,,19946,5567,,,2,30,,19947,5567,,,2,70,,19948,5567,,,2,30,,19949,5567,,,2,70,,19950,5567,,,2,30,,19951,5567,,,2,70,,19952,5567,,,2,30,,19953,5567,,,2,70,,19954,5567,,,2,30,,19955,5567,,,2,70,,19956,5567,,,2,30,,19957,5567,,,2,70,,19958,5567,,,2,30,,19959,5567,,,2,70,,19960,5567,,,2,30,,19961,5567,,,2,70,,19962,5567,,,2,30,,19963,5567,,,2,70,,19964,5567,,,2,30,,19965,5567,,,2,70,,19966,5567,,,2,30,,19967,5567,,,2,70,,19968,5567,,,2,30,,19969,5567,,,2,70,,19970,5567,,,2,30,,19971,5567,,,2,70,,19972,5567,,,2,30,,19973,5567,,,2,70,,19974,5567,,,2,30,,19975,5567,,,2,70,,19976,5567,,,2,30,,19977,5567,,,2,70,,19978,5567,,,2,30,,19979,5567,,,2
84801,'F1',650,,19980,5567,,,2,70,,19981,5567,,,2,30,,19982,5567,,,2,70,,19983,5567,,,2,30,,19984,5567,,,2,70,,19985,5567,,,2,30,,19986,5567,,,2,70,,19987,5567,,,2,30,,19988,5567,,,2,70,,19989,5567,,,2,30,,19990,5567,,,2,70,,19991,5567,,,2,30,,19992,5567,,,2,70,,19993,5567,,,2,30,,19994,5567,,,2,70,,19995,5567,,,2,30,,19996,5567,,,2,70,,19997,5567,,,2,30,,19998,5567,,,2,70,,19999,5567,,,2,30,,20000,5567,,,2,70,,20001,5567,,,2,30,,20002,5567,,,2,70,,20003,5567,,,2,30,,20004,5567,,,2,70,,20005,5567,,,2,30,,20006,5567,,,2,70,,20007,5567,,,2,30,,20008,5567,,,2,70,,20009,5567,,,2,30,,20010,5567,,,2,70,,20011,5567,,,2,30,,20012,5567,,,2,70,,20013,5567,,,2,30,,20014,5567,,,2,70,,20015,5567,,,2,30,,20016,5567,,,2
84801,'F2',650,,42125,5567,,,2,70,,42126,5567,,,2,30,,42127,5567,,,2,70,,42128,5567,,,2,30,,42129,5567,,,2,70,,42130,5567,,,2,30,,42131,5567,,,2,70,,42132,5567,,,2,30,,42133,5567,,,2,70,,42134,5567,,,2,30,,42135,5567,,,2,70,,42136,5567,,,2,30,,42137,5567,,,2,70,,42138,5567,,,2,30,,42139,5567,,,2,70,,42140,5567,,,2,30,,42141,5567,,,2,70,,42142,5567,,,2,30,,42143,5567,,,2,70,,42144,5567,,,2,30,,42145,5567,,,2,70,,42146,5567,,,2,30,,42147,5567,,,2,70,,42148,5567,,,2,30,,42149,5567,,,2,70,,42150,5567,,,2,30,,42151,5567,,,2,70,,42152,5567,,,2,30,,42153,5567,,,2,70,,42154,5567,,,2,30,,42155,5567,,,2,70,,42156,5567,,,2,30,,42157,5567,,,2,70,,42158,5567,,,2,30,,42159,5567,,,2,70,,42160,5567,,,2,30,,42161,5567,,,2
84801,'F8',650,,42162,5567,,,2,70,,42163,5567,,,2,30,,42164,5567,,,2,70,,42165,5567,,,2,30,,42166,5567,,,2,70,,42167,5567,,,2,30,,42168,5567,,,2,70,,42169,5567,,,2,30,,42170,5567,,,2,70,,42171,5567,,,2,30,,42172,5567,,,2,70,,42173,5567,,,2,30,,42174,5567,,,2,70,,42175,5567,,,2,30,,42176,5567,,,2,70,,42177,5567,,,2,30,,42178,5567,,,2,70,,42179,5567,,,2,30,,42180,5567,,,2,70,,42181,5567,,,2,30,,42182,5567,,,2,70,,42183,5567,,,2,30,,42184,5567,,,2,70,,42185,5567,,,2,30,,42186,5567,,,2,70,,42187,5567,,,2,30,,42188,5567,,,2,70,,42189,5567,,,2,30,,42190,5567,,,2,70,,42191,5567,,,2,30,,42192,5567,,,2,70,,42193,5567,,,2,30,,42194,5567,,,2,70,,42195,5567,,,2,30,,42196,5567,,,2,70,,42197,5567,,,2,30,,42198,5567,,,2
84801,'F9',650,,42199,5567,,,2,70,,42200,5567,,,2,30,,42201,5567,,,2,70,,42202,5567,,,2,30,,42203,5567,,,2,70,,42204,5567,,,2,30,,42205,5567,,,2,70,,42206,5567,,,2,30,,42207,5567,,,2,70,,42208,5567,,,2,30,,42209,5567,,,2,70,,42210,5567,,,2,30,,42211,5567,,,2,70,,42212,5567,,,2,30,,42213,5567,,,2,70,,42214,5567,,,2,30,,42215,5567,,,2,70,,42216,5567,,,2,30,,42217,5567,,,2,70,,42218,5567,,,2,30,,42219,5567,,,2,70,,42220,5567,,,2,30,,42221,5567,,,2,70,,42222,5567,,,2,30,,42223,5567,,,2,70,,42224,5567,,,2,30,,42225,5567,,,2,70,,42226,5567,,,2,30,,42227,5567,,,2,70,,42228,5567,,,2,30,,42229,5567,,,2,70,,42230,5567,,,2,30,,42231,5567,,,2,70,,42232,5567,,,2,30,,42233,5567,,,2,70,,42234,5567,,,2,30,,42235,5567,,,2
84801,'SA',650,,20091,5567,,,2,70,,20092,5567,,,2,30,,20093,5567,,,2,70,,20094,5567,,,2,30,,20095,5567,,,2,70,,20096,5567,,,2,30,,20097,5567,,,2,70,,20098,5567,,,2,30,,20099,5567,,,2,70,,20100,5567,,,2,30,,20101,5567,,,2,70,,20102,5567,,,2,30,,20103,5567,,,2,70,,20104,5567,,,2,30,,20105,5567,,,2,70,,20106,5567,,,2,30,,20107,5567,,,2,70,,20108,5567,,,2,30,,20109,5567,,,2,70,,20110,5567,,,2,30,,20111,5567,,,2,70,,20112,5567,,,2,30,,20113,5567,,,2,70,,20114,5567,,,2,30,,20115,5567,,,2,70,,20116,5567,,,2,30,,20117,5567,,,2,70,,20118,5567,,,2,30,,20119,5567,,,2,70,,20120,5567,,,2,30,,20121,5567,,,2,70,,20122,5567,,,2,30,,20123,5567,,,2,70,,20124,5567,,,2,30,,20125,5567,,,2,70,,20126,5567,,,2,30,,20127,5567,,,2
