8000,'DI',633,,35390,13145,0,50,1,100,,35391,13145,0,50,1,100,,35392,13145,0,50,1,100,,35393,13145,0,50,1,100,,35394,13145,0,50,1,100,,35395,13145,0,50,1,100,,35396,13145,0,50,1,100,,35397,13145,0,50,1,100,,35398,13145,0,50,1,100,,35399,13145,0,50,1,100,,35400,13145,0,50,1,101,,35401,13145,0,50,1,100,,35402,13145,0,50,1,100,,35403,13145,0,50,1,100,,35404,13145,0,50,1,100,,35405,13145,0,50,1,100,,35406,13145,0,50,1,100,,35407,13145,0,50,1,100,,35408,13145,0,50,1
8000,'F1',634,,35415,13145,0,50,1,100,,35416,13145,0,50,1,100,,35417,13145,0,50,1,100,,35418,13145,0,50,1,100,,35419,13145,0,50,1,100,,13880,13145,0,50,1,100,,35420,13145,0,50,1,100,,35421,13145,0,50,1,100,,35422,13145,0,50,1,100,,35423,13145,0,50,1,100,,35424,13145,0,50,1,100,,35425,13145,0,50,1,100,,35426,13145,0,50,1,100,,35411,13145,0,50,1,100,,35412,13145,0,50,1,100,,35409,13145,0,50,1,100,,35413,13145,0,50,1,100,,35410,13145,0,50,1,100,,35414,13145,0,50,1
8000,'F2',634,,35427,13145,0,50,1,100,,35428,13145,0,50,1,100,,35429,13145,0,50,1,100,,35430,13145,0,50,1,100,,35431,13145,0,50,1,100,,35432,13145,0,50,1,100,,35433,13145,0,50,1,100,,35434,13145,0,50,1,100,,35435,13145,0,50,1,100,,35436,13145,0,50,1,100,,35437,13145,0,50,1,100,,35438,13145,0,50,1,100,,35439,13145,0,50,1,100,,35440,13145,0,50,1,100,,35441,13145,0,50,1,100,,35442,13145,0,50,1,100,,35443,13145,0,50,1,100,,35444,13145,0,50,1,100,,35445,13145,0,50,1
8000,'F7',555,,35451,13145,0,50,1,80,,35447,13145,0,50,1,69,,35450,13145,0,50,1,29,,35448,13145,0,50,1,70,,35446,13145,0,50,1,33,,35468,13145,0,50,1,97,,35452,13145,0,50,1,101,,35453,13145,0,50,1,100,,35454,13145,0,50,1,100,,35455,13145,0,50,1,100,,35456,13145,0,50,1,100,,35457,13145,0,50,1,101,,35458,13145,0,50,1,65,,35459,13145,0,50,1,35,,35469,13145,0,50,1,70,,35460,13145,0,50,1,24,,35449,13145,0,50,1,86,,35461,13145,0,50,1,99,,35462,13145,0,50,1,100,,35463,13145,0,50,1,99,,35464,13145,0,50,1,100,,35465,13145,0,50,1,100,,35466,13145,0,50,1,100,,35467,13145,0,50,1
8000,'F8',634,,35470,13145,0,50,1,100,,35471,13145,0,50,1,100,,35472,13145,0,50,1,100,,35473,13145,0,50,1,100,,35474,13145,0,50,1,100,,35475,13145,0,50,1,100,,35476,13145,0,50,1,100,,35477,13145,0,50,1,100,,35478,13145,0,50,1,100,,35479,13145,0,50,1,100,,35480,13145,0,50,1,100,,35481,13145,0,50,1,100,,35482,13145,0,50,1,100,,35483,13145,0,50,1,100,,35484,13145,0,50,1,100,,35485,13145,0,50,1,100,,35486,13145,0,50,1,100,,35487,13145,0,50,1,100,,35488,13145,0,50,1
8000,'F9',633,,35489,13145,0,50,1,100,,35490,13145,0,50,1,100,,35491,13145,0,50,1,100,,35492,13145,0,50,1,100,,35493,13145,0,50,1,100,,35494,13145,0,50,1,100,,35495,13145,0,50,1,100,,35496,13145,0,50,1,100,,35497,13145,0,50,1,100,,35498,13145,0,50,1,100,,35499,13145,0,50,1,101,,35500,13145,0,50,1,100,,35501,13145,0,50,1,100,,35502,13145,0,50,1,100,,35503,13145,0,50,1,100,,35504,13145,0,50,1,100,,35505,13145,0,50,1,100,,35506,13145,0,50,1,100,,35507,13145,0,50,1
8000,'SA',634,,35508,13145,0,50,1,100,,35509,13145,0,50,1,100,,35510,13145,0,50,1,100,,35511,13145,0,50,1,100,,35512,13145,0,50,1,100,,35513,13145,0,50,1,100,,35514,13145,0,50,1,100,,35515,13145,0,50,1,100,,35516,13145,0,50,1,100,,35517,13145,0,50,1,100,,35518,13145,0,50,1,100,,35519,13145,0,50,1,100,,35520,13145,0,50,1,100,,35521,13145,0,50,1,100,,35522,13145,0,50,1,100,,35523,13145,0,50,1,100,,35524,13145,0,50,1,100,,35525,13145,0,50,1,100,,35526,13145,0,50,1
8000,'SE',555,,35532,13145,0,50,1,80,,35528,13145,0,50,1,69,,35531,13145,0,50,1,29,,35529,13145,0,50,1,70,,35527,13145,0,50,1,33,,35548,13145,0,50,1,97,,35533,13145,0,50,1,101,,35534,13145,0,50,1,100,,35535,13145,0,50,1,100,,35536,13145,0,50,1,100,,35537,13145,0,50,1,100,,35538,13145,0,50,1,101,,35539,13145,0,50,1,65,,35540,13145,0,50,1,35,,35549,13145,0,50,1,70,,35541,13145,0,50,1,24,,35530,13145,0,50,1,86,,35542,13145,0,50,1,99,,13983,13145,0,50,1,100,,35543,13145,0,50,1,99,,35544,13145,0,50,1,100,,35545,13145,0,50,1,100,,35546,13145,0,50,1,100,,35547,13145,0,50,1
8601,'F7',615,,36632,0,,,2,85,,36633,0,,,2,30,,36634,0,,,2
8601,'SE',615,,36635,0,,,2,85,,36636,0,,,2,30,,36637,0,,,2
18000,'F7',1610,,38940,13145,0,50,2,31,,38941,13145,0,50,2,18,,38936,13145,0,50,2,64,,38938,13145,0,50,2,32,,38935,13145,0,50,2,70,,38937,13145,0,50,2,20,,38939,13145,0,50,2
18000,'SE',1610,,38947,13145,0,50,2,31,,38948,13145,0,50,2,18,,38943,13145,0,50,2,64,,38945,13145,0,50,2,32,,38942,13145,0,50,2,70,,38944,13145,0,50,2,20,,38946,13145,0,50,2
