1001,'DI',644,,3282,7538,,,1,67,,3256,7538,,,1,30,,3283,7538,,,1,70,,3255,7538,,,1,30,,3266,7538,,,1,78,,3257,7538,,,1,30,,3267,7538,,,1,70,,3258,7538,,,1,30,,3268,7538,,,1,70,,3284,7538,,,1,30,,3269,7538,,,1,70,,3285,7538,,,1,30,,3275,7538,,,1,70,,3286,7538,,,1,30,,3276,7538,,,1,70,,3270,7538,,,1,30,,3277,7538,,,1,70,,3271,7538,,,1,30,,3278,7538,,,1,70,,3272,7538,,,1,30,,3279,7538,,,1,70,,3273,7538,,,1,30,,3280,7538,,,1,70,,3274,7538,,,1,30,,3281,7538,,,1,81,,3259,7538,,,1,100,,3260,7538,,,1,100,,3261,7538,,,1,100,,3262,7538,,,1,100,,3263,7538,,,1,100,,3264,7538,,,1
1001,'F1',542,,3318,7538,,,1,96,,3319,7538,,,1,70,,3302,7538,,,1,30,,3295,7538,,,1,70,,3303,7538,,,1,30,,3316,7538,,,1,78,,3301,7538,,,1,32,,3287,7538,,,1,70,,3304,7538,,,1,30,,3288,7538,,,1,70,,3296,7538,,,1,30,,3289,7538,,,1,70,,3309,7538,,,1,32,,3317,7538,,,1,70,,3310,7538,,,1,29,,3290,7538,,,1,70,,3311,7538,,,1,30,,3291,7538,,,1,70,,3312,7538,,,1,30,,3292,7538,,,1,70,,3313,7538,,,1,30,,3293,7538,,,1,69,,3314,7538,,,1,31,,3294,7538,,,1,70,,3315,7538,,,1,30,,3305,7538,,,1,81,,3297,7538,,,1,100,,3298,7538,,,1,100,,3299,7538,,,1,100,,3300,7538,,,1,100,,3306,7538,,,1,100,,3307,7538,,,1
1001,'F7',644,,3347,7538,,,1,67,,3321,7538,,,1,30,,3348,7538,,,1,70,,3320,7538,,,1,30,,3331,7538,,,1,78,,3322,7538,,,1,30,,3332,7538,,,1,70,,3323,7538,,,1,30,,3333,7538,,,1,70,,3349,7538,,,1,30,,3334,7538,,,1,70,,3350,7538,,,1,30,,3340,7538,,,1,70,,3351,7538,,,1,30,,3341,7538,,,1,70,,3335,7538,,,1,30,,3342,7538,,,1,70,,3336,7538,,,1,30,,3343,7538,,,1,70,,3337,7538,,,1,30,,3344,7538,,,1,70,,3338,7538,,,1,30,,3345,7538,,,1,70,,3339,7538,,,1,30,,3346,7538,,,1,81,,3324,7538,,,1,100,,3325,7538,,,1,100,,3326,7538,,,1,100,,3327,7538,,,1,100,,3328,7538,,,1,100,,3329,7538,,,1
1001,'F9',542,,3383,7538,,,1,96,,3384,7538,,,1,70,,3367,7538,,,1,30,,3360,7538,,,1,70,,3368,7538,,,1,30,,3381,7538,,,1,78,,3366,7538,,,1,32,,3352,7538,,,1,70,,3369,7538,,,1,30,,3353,7538,,,1,70,,3361,7538,,,1,30,,3354,7538,,,1,70,,3374,7538,,,1,32,,3382,7538,,,1,70,,3375,7538,,,1,29,,3355,7538,,,1,70,,3376,7538,,,1,30,,3356,7538,,,1,70,,3377,7538,,,1,30,,3357,7538,,,1,70,,3378,7538,,,1,30,,3358,7538,,,1,69,,3379,7538,,,1,31,,3359,7538,,,1,70,,3380,7538,,,1,30,,3370,7538,,,1,81,,3362,7538,,,1,100,,3363,7538,,,1,100,,3364,7538,,,1,100,,3365,7538,,,1,100,,3371,7538,,,1,100,,3372,7538,,,1
1001,'SA',542,,3416,7538,,,1,96,,3417,7538,,,1,70,,3400,7538,,,1,30,,3393,7538,,,1,70,,3401,7538,,,1,30,,3414,7538,,,1,78,,3399,7538,,,1,32,,3385,7538,,,1,70,,3402,7538,,,1,30,,3386,7538,,,1,70,,3394,7538,,,1,30,,3387,7538,,,1,70,,3407,7538,,,1,32,,3415,7538,,,1,70,,3408,7538,,,1,29,,3388,7538,,,1,70,,3409,7538,,,1,30,,3389,7538,,,1,70,,3410,7538,,,1,30,,3390,7538,,,1,70,,3411,7538,,,1,30,,3391,7538,,,1,69,,3412,7538,,,1,31,,3392,7538,,,1,70,,3413,7538,,,1,30,,3403,7538,,,1,81,,3395,7538,,,1,100,,3396,7538,,,1,100,,3397,7538,,,1,100,,3398,7538,,,1,100,,3404,7538,,,1,100,,3405,7538,,,1
1701,'DI',601,,4963,7673,,,1,100,,4961,7673,,,1,30,,4953,7673,,,1,70,,4969,7673,,,1,30,,4948,7673,,,1,70,,4964,7673,,,1,30,,4954,7673,,,1,70,,4962,7673,,,1,30,,4958,7673,,,1,70,,4970,7673,,,1,30,,4944,7673,,,1,70,,4965,7673,,,1,30,,4973,7673,,,1,70,,4971,7673,,,1,30,,4950,7673,,,1,70,,4959,7673,,,1,30,,4955,7673,,,1,70,,4966,7673,,,1,30,,4951,7673,,,1,69,,4945,7673,,,1,30,,4941,7673,,,1,71,,4946,7673,,,1,30,,4942,7673,,,1,70,,4956,7673,,,1,31,,4943,7673,,,1,70,,4957,7673,,,1,99,,4967,7673,,,1,100,,4952,7673,,,1,100,,4972,7673,,,1,100,,4968,7673,,,1,100,,4949,7673,,,1,100,,4947,7673,,,1
1701,'F1',602,,5003,7673,,,1,100,,4993,7673,,,1,30,,4985,7673,,,1,70,,4978,7673,,,1,30,,4994,7673,,,1,70,,4988,7673,,,1,30,,5000,7673,,,1,70,,5001,7673,,,1,30,,4987,7673,,,1,70,,4989,7673,,,1,30,,4979,7673,,,1,70,,5004,7673,,,1,30,,4986,7673,,,1,70,,4990,7673,,,1,30,,4981,7673,,,1,70,,5005,7673,,,1,30,,4995,7673,,,1,70,,5002,7673,,,1,30,,4984,7673,,,1,70,,4991,7673,,,1,30,,4974,7673,,,1,69,,4982,7673,,,1,30,,4996,7673,,,1,71,,4977,7673,,,1,30,,4997,7673,,,1,71,,4992,7673,,,1,99,,4980,7673,,,1,100,,4999,7673,,,1,100,,4983,7673,,,1,100,,4975,7673,,,1,100,,5006,7673,,,1,100,,4976,7673,,,1
1701,'F7',601,,5029,7673,,,1,100,,5027,7673,,,1,30,,5019,7673,,,1,70,,5035,7673,,,1,30,,5014,7673,,,1,70,,5030,7673,,,1,30,,5020,7673,,,1,70,,5028,7673,,,1,30,,5024,7673,,,1,70,,5036,7673,,,1,30,,5010,7673,,,1,70,,5031,7673,,,1,30,,5039,7673,,,1,70,,5037,7673,,,1,30,,5016,7673,,,1,70,,5025,7673,,,1,30,,5021,7673,,,1,70,,5032,7673,,,1,30,,5017,7673,,,1,69,,5011,7673,,,1,30,,5007,7673,,,1,71,,5012,7673,,,1,30,,5008,7673,,,1,70,,5022,7673,,,1,31,,5009,7673,,,1,70,,5023,7673,,,1,99,,5033,7673,,,1,100,,5018,7673,,,1,100,,5038,7673,,,1,100,,5034,7673,,,1,100,,5015,7673,,,1,100,,5013,7673,,,1
1701,'F9',602,,5069,7673,,,1,100,,5059,7673,,,1,30,,5051,7673,,,1,70,,5044,7673,,,1,30,,5060,7673,,,1,70,,5054,7673,,,1,30,,5066,7673,,,1,70,,5067,7673,,,1,30,,5053,7673,,,1,70,,5055,7673,,,1,30,,5045,7673,,,1,70,,5070,7673,,,1,30,,5052,7673,,,1,70,,5056,7673,,,1,30,,5047,7673,,,1,70,,5071,7673,,,1,30,,5061,7673,,,1,70,,5068,7673,,,1,30,,5050,7673,,,1,70,,5057,7673,,,1,30,,5040,7673,,,1,69,,5048,7673,,,1,30,,5062,7673,,,1,71,,5043,7673,,,1,30,,5063,7673,,,1,71,,5058,7673,,,1,99,,5046,7673,,,1,100,,5065,7673,,,1,100,,5049,7673,,,1,100,,5041,7673,,,1,100,,5072,7673,,,1,100,,5042,7673,,,1
1701,'SA',602,,5102,7673,,,1,100,,5092,7673,,,1,30,,5084,7673,,,1,70,,5077,7673,,,1,30,,5093,7673,,,1,70,,5087,7673,,,1,30,,5099,7673,,,1,70,,5100,7673,,,1,30,,5086,7673,,,1,70,,5088,7673,,,1,30,,5078,7673,,,1,70,,5103,7673,,,1,30,,5085,7673,,,1,70,,5089,7673,,,1,30,,5080,7673,,,1,70,,5104,7673,,,1,30,,5094,7673,,,1,70,,5101,7673,,,1,30,,5083,7673,,,1,70,,5090,7673,,,1,30,,5073,7673,,,1,69,,5081,7673,,,1,30,,5095,7673,,,1,71,,5076,7673,,,1,30,,5096,7673,,,1,71,,5091,7673,,,1,99,,5079,7673,,,1,100,,5098,7673,,,1,100,,5082,7673,,,1,100,,5074,7673,,,1,100,,5105,7673,,,1,100,,5075,7673,,,1
7601,'F8',514,,13446,4791,,,1,30,,13425,4791,,,1,70,,13441,4791,,,1,25,,13449,4791,,,1,61,,13450,4791,,,1,20,,13442,4791,,,1,20,,13447,4791,,,1,4,,13432,4791,,,1,5,,13427,4791,,,1,55,,13421,4791,,,1,21,,13416,4791,,,1,23,,13422,4791,,,1,66,,13410,4791,,,1,30,,13420,4791,,,1,70,,13411,4791,,,1,30,,13451,4791,,,1,70,,13407,4791,,,1,30,,13415,4791,,,1,70,,13452,4791,,,1,30,,13428,4791,,,1,70,,13448,4791,,,1,30,,13409,4791,,,1,70,,13413,4791,,,1,32,,13418,4791,,,1,75,,13414,4791,,,1,26,,13424,4791,,,1,72,,13440,4791,,,1,33,,13417,4791,,,1,64,,13433,4791,,,1,16,,13419,4791,,,1,20,,13408,4791,,,1,61,,13423,4791,,,1,17,,13429,4791,,,1,18,,13426,4791,,,1,66,,13443,4791,,,1,30,,13412,4791,,,1,70,,13438,4791,,,1,30,,13430,4791,,,1,70,,13434,4791,,,1,30,,13431,4791,,,1,70,,13435,4791,,,1,29,,13444,4791,,,1,70,,13436,4791,,,1,30,,13445,4791,,,1,70,,13437,4791,,,1,30,,13439,4791,,,1
7601,'SE',514,,13492,4791,,,1,30,,13471,4791,,,1,70,,13487,4791,,,1,25,,13495,4791,,,1,61,,13496,4791,,,1,20,,13488,4791,,,1,20,,13493,4791,,,1,4,,13478,4791,,,1,5,,13473,4791,,,1,55,,13467,4791,,,1,21,,13462,4791,,,1,23,,13468,4791,,,1,66,,13456,4791,,,1,30,,13466,4791,,,1,70,,13457,4791,,,1,30,,13497,4791,,,1,70,,13453,4791,,,1,30,,13461,4791,,,1,70,,13498,4791,,,1,30,,13474,4791,,,1,70,,13494,4791,,,1,30,,13455,4791,,,1,70,,13459,4791,,,1,32,,13464,4791,,,1,75,,13460,4791,,,1,26,,13470,4791,,,1,72,,13486,4791,,,1,33,,13463,4791,,,1,64,,13479,4791,,,1,16,,13465,4791,,,1,20,,13454,4791,,,1,61,,13469,4791,,,1,17,,13475,4791,,,1,18,,13472,4791,,,1,66,,13489,4791,,,1,30,,13458,4791,,,1,70,,13484,4791,,,1,30,,13476,4791,,,1,70,,13480,4791,,,1,30,,13477,4791,,,1,70,,13481,4791,,,1,29,,13490,4791,,,1,70,,13482,4791,,,1,30,,13491,4791,,,1,70,,13483,4791,,,1,30,,13485,4791,,,1
16101,'DI',621,,16944,13446,,,2,30,,16935,8724,,,2,70,,16933,8724,,,2,30,,16939,8724,,,2,70,,16937,8724,,,2,30,,16943,8724,,,2,70,,16936,8724,,,2,702,,16941,8724,,,2,28,,16934,8724,,,2,72,,16940,8724,,,2,30,,16945,13446,,,2,70,,16938,8724,,,2,32,,16942,8724,,,2
16101,'F1',621,,16957,13446,,,2,30,,16952,8724,,,2,70,,16946,8724,,,2,30,,16956,8724,,,2,70,,16949,8724,,,2,30,,16953,8724,,,2,70,,16951,8724,,,2,700,,16955,8724,,,2,31,,16947,8724,,,2,71,,16954,8724,,,2,30,,16958,13446,,,2,71,,16948,8724,,,2,31,,16950,8724,,,2
16101,'F7',621,,16970,13446,,,2,30,,16961,8724,,,2,70,,16959,8724,,,2,30,,16965,8724,,,2,70,,16963,8724,,,2,30,,16969,8724,,,2,70,,16962,8724,,,2,702,,16967,8724,,,2,28,,16960,8724,,,2,72,,16966,8724,,,2,30,,16971,13446,,,2,70,,16964,8724,,,2,32,,16968,8724,,,2
16101,'F8',614,,16977,8724,,,2,20,,16975,8724,,,2,66,,16988,13446,,,2,20,,16976,8724,,,2,13,,16985,13446,,,2,17,,16981,8724,,,2,56,,16990,13446,,,2,16,,16972,8724,,,2,23,,16978,8724,,,2,59,,16973,8724,,,2,17,,16982,8724,,,2,20,,16979,8724,,,2,367,,16987,13446,,,2,332,,16986,13446,,,2,15,,16974,8724,,,2,61,,16991,13446,,,2,20,,16983,8724,,,2,18,,16989,13446,,,2,60,,16984,8724,,,2,19,,16980,8724,,,2
16101,'F9',621,,17003,13446,,,2,30,,16998,8724,,,2,70,,16992,8724,,,2,30,,17002,8724,,,2,70,,16995,8724,,,2,30,,16999,8724,,,2,70,,16997,8724,,,2,700,,17001,8724,,,2,31,,16993,8724,,,2,71,,17000,8724,,,2,30,,17004,13446,,,2,71,,16994,8724,,,2,31,,16996,8724,,,2
16101,'SA',621,,17016,13446,,,2,30,,17011,8724,,,2,70,,17005,8724,,,2,30,,17015,8724,,,2,70,,17008,8724,,,2,30,,17012,8724,,,2,70,,17010,8724,,,2,700,,17014,8724,,,2,31,,17006,8724,,,2,71,,17013,8724,,,2,30,,17017,13446,,,2,71,,17007,8724,,,2,31,,17009,8724,,,2
16101,'SE',614,,17023,8724,,,2,20,,17021,8724,,,2,66,,17034,13446,,,2,20,,17022,8724,,,2,13,,17031,13446,,,2,17,,17027,8724,,,2,56,,17036,13446,,,2,16,,17018,8724,,,2,23,,17024,8724,,,2,59,,17019,8724,,,2,17,,17028,8724,,,2,20,,17025,8724,,,2,367,,17033,13446,,,2,332,,17032,13446,,,2,15,,17020,8724,,,2,61,,17037,13446,,,2,20,,17029,8724,,,2,18,,17035,13446,,,2,60,,17030,8724,,,2,19,,17026,8724,,,2
41001,'F8',509,,17462,7538,,,2,30,,17469,7538,,,2,20,,17476,7538,,,2,62,,17447,7538,,,2,20,,17439,7538,,,2,13,,17478,7538,,,2,50,,17440,7538,,,2,8,,17455,7538,,,2,8,,17461,7538,,,2,10,,17441,7538,,,2,6,,17465,7538,,,2,2,,17443,7538,,,2,8,,17460,7538,,,2,3,,17481,7538,,,2,5,,17449,7538,,,2,50,,17479,7538,,,2,13,,17480,7538,,,2,11,,17472,7538,,,2,14,,17452,7538,,,2,16,,17448,7538,,,2,58,,17475,7538,,,2,30,,17453,7538,,,2,70,,17477,7538,,,2,30,,17463,7538,,,2,70,,17466,7538,,,2,30,,17464,7538,,,2,70,,17456,7538,,,2,30,,17436,7538,,,2,70,,17467,7538,,,2,30,,17482,7538,,,2,70,,17457,7538,,,2,31,,17483,7538,,,2,78,,17468,7538,,,2,25,,17484,7538,,,2,69,,17450,7538,,,2,15,,17495,7538,,,2,15,,17489,7538,,,2,55,,17470,7538,,,2,13,,17492,7538,,,2,9,,17437,7538,,,2,9,,17496,7538,,,2,10,,17442,7538,,,2,10,,17490,7538,,,2,55,,17471,7538,,,2,29,,17451,7538,,,2,78,,17444,7538,,,2,28,,17446,7538,,,2,69,,17438,7538,,,2,30,,17497,7538,,,2,70,,17458,7538,,,2,30,,17454,7538,,,2,70,,17474,7538,,,2,30,,17485,7538,,,2,70,,17459,7538,,,2,30,,17486,7538,,,2,100,,17487,7538,,,2
41001,'SE',509,,17525,7538,,,2,30,,17532,7538,,,2,20,,17539,7538,,,2,62,,17510,7538,,,2,20,,17502,7538,,,2,13,,17541,7538,,,2,50,,17503,7538,,,2,8,,17518,7538,,,2,8,,17524,7538,,,2,10,,17504,7538,,,2,6,,17528,7538,,,2,2,,17506,7538,,,2,8,,17523,7538,,,2,3,,17544,7538,,,2,5,,17512,7538,,,2,50,,17542,7538,,,2,13,,17543,7538,,,2,11,,17535,7538,,,2,14,,17515,7538,,,2,16,,17511,7538,,,2,58,,17538,7538,,,2,30,,17516,7538,,,2,70,,17540,7538,,,2,30,,17526,7538,,,2,70,,17529,7538,,,2,30,,17527,7538,,,2,70,,17519,7538,,,2,30,,17499,7538,,,2,70,,17530,7538,,,2,30,,17545,7538,,,2,70,,17520,7538,,,2,31,,17546,7538,,,2,78,,17531,7538,,,2,25,,17547,7538,,,2,69,,17513,7538,,,2,15,,17558,7538,,,2,15,,17552,7538,,,2,55,,17533,7538,,,2,13,,17555,7538,,,2,9,,17500,7538,,,2,9,,17559,7538,,,2,10,,17505,7538,,,2,10,,17553,7538,,,2,55,,17534,7538,,,2,29,,17514,7538,,,2,78,,17507,7538,,,2,28,,17509,7538,,,2,69,,17501,7538,,,2,30,,17560,7538,,,2,70,,17521,7538,,,2,30,,17517,7538,,,2,70,,17537,7538,,,2,30,,17548,7538,,,2,70,,17522,7538,,,2,30,,17549,7538,,,2,100,,17550,7538,,,2
41701,'F8',529,,17705,7673,,,2,20,,17707,7673,,,2,60,,17693,7673,,,2,22,,17692,7673,,,2,18,,17708,7673,,,2,53,,17686,7673,,,2,8,,17702,7673,,,2,7,,17682,7673,,,2,10,,17681,7673,,,2,8,,17701,7673,,,2,6,,17706,7673,,,2,4,,17679,7673,,,2,3,,17716,7673,,,2,3,,17709,7673,,,2,8,,17714,7673,,,2,50,,17699,7673,,,2,14,,17680,7673,,,2,12,,17715,7673,,,2,16,,17717,7673,,,2,56,,17703,7673,,,2,24,,17683,7673,,,2,69,,17710,7673,,,2,30,,17684,7673,,,2,70,,17711,7673,,,2,30,,17685,7673,,,2,70,,17712,7673,,,2,30,,17678,7673,,,2,71,,17713,7673,,,2,30,,17718,7673,,,2,70,,17694,7673,,,2,30,,17719,7673,,,2,70,,17695,7673,,,2,29,,17722,7673,,,2,3,,17688,7673,,,2,5,,17720,7673,,,2,67,,17698,7673,,,2,22,,17724,7673,,,2,14,,17721,7673,,,2,15,,17687,7673,,,2,52,,17696,7673,,,2,11,,17689,7673,,,2,8,,17725,7673,,,2,10,,17700,7673,,,2,10,,17697,7673,,,2,12,,17704,7673,,,2,53,,17728,7673,,,2,15,,17726,7673,,,2,20,,17723,7673,,,2,60,,17729,7673,,,2,24,,17735,7673,,,2,28,,17730,7673,,,2,70,,17736,7673,,,2,30,,17731,7673,,,2,70,,17737,7673,,,2,30,,17732,7673,,,2,69,,17738,7673,,,2,30,,17733,7673,,,2,69,,17739,7673,,,2,30,,17734,7673,,,2,69,,17740,7673,,,2,30,,17742,7673,,,2
41701,'SE',529,,17770,7673,,,2,20,,17772,7673,,,2,60,,17758,7673,,,2,22,,17757,7673,,,2,18,,17773,7673,,,2,53,,17751,7673,,,2,8,,17767,7673,,,2,7,,17747,7673,,,2,10,,17746,7673,,,2,8,,17766,7673,,,2,6,,17771,7673,,,2,4,,17744,7673,,,2,3,,17781,7673,,,2,3,,17774,7673,,,2,8,,17779,7673,,,2,50,,17764,7673,,,2,14,,17745,7673,,,2,12,,17780,7673,,,2,16,,17782,7673,,,2,56,,17768,7673,,,2,24,,17748,7673,,,2,69,,17775,7673,,,2,30,,17749,7673,,,2,70,,17776,7673,,,2,30,,17750,7673,,,2,70,,17777,7673,,,2,30,,17743,7673,,,2,71,,17778,7673,,,2,30,,17783,7673,,,2,70,,17759,7673,,,2,30,,17784,7673,,,2,70,,17760,7673,,,2,29,,17787,7673,,,2,3,,17753,7673,,,2,5,,17785,7673,,,2,67,,17763,7673,,,2,22,,17789,7673,,,2,14,,17786,7673,,,2,15,,17752,7673,,,2,52,,17761,7673,,,2,11,,17754,7673,,,2,8,,17790,7673,,,2,10,,17765,7673,,,2,10,,17762,7673,,,2,12,,17769,7673,,,2,53,,17793,7673,,,2,15,,17791,7673,,,2,20,,17788,7673,,,2,60,,17794,7673,,,2,24,,17800,7673,,,2,28,,17795,7673,,,2,70,,17801,7673,,,2,30,,17796,7673,,,2,70,,17802,7673,,,2,30,,17797,7673,,,2,69,,17803,7673,,,2,30,,17798,7673,,,2,69,,17804,7673,,,2,30,,17799,7673,,,2,69,,17805,7673,,,2,30,,17807,7673,,,2
