1401,'F7',607,,24311,7645,,,1,31,,24313,7645,,,1,20,,24316,7645,,,1,56,,24315,7645,,,1,16,,24318,7645,,,1,13,,24312,7645,,,1,15,,24309,7645,,,1,54,,24314,7645,,,1,14,,24317,7645,,,1,16,,24320,7645,,,1,16,,24310,7645,,,1,61,,24319,7645,,,1,24,,24328,7645,,,1,100,,24329,7645,,,1,100,,24333,7645,,,1,100,,24334,7645,,,1,100,,24321,7645,,,1,100,,24325,7645,,,1,100,,24323,7645,,,1,85,,24332,7645,,,1,16,,24327,7645,,,1,59,,24322,7645,,,1,24,,24336,7645,,,1,19,,24335,7645,,,1,60,,24330,7645,,,1,20,,24324,7645,,,1,18,,24326,7645,,,1,68,,24331,7645,,,1
1401,'SE',607,,24339,7645,,,1,31,,24341,7645,,,1,20,,24344,7645,,,1,56,,24343,7645,,,1,16,,24346,7645,,,1,13,,24340,7645,,,1,15,,24337,7645,,,1,54,,24342,7645,,,1,14,,24345,7645,,,1,16,,24348,7645,,,1,16,,24338,7645,,,1,61,,24347,7645,,,1,24,,24356,7645,,,1,100,,24357,7645,,,1,100,,24361,7645,,,1,100,,24362,7645,,,1,100,,24349,7645,,,1,100,,24353,7645,,,1,100,,24351,7645,,,1,85,,24360,7645,,,1,16,,24355,7645,,,1,59,,24350,7645,,,1,24,,24364,7645,,,1,19,,24363,7645,,,1,60,,24358,7645,,,1,20,,24352,7645,,,1,18,,24354,7645,,,1,68,,24359,7645,,,1
4700,'DI',617,,30486,2097,,,1,100,,30472,2097,,,1,100,,30489,2097,,,1,100,,30490,2097,,,1,100,,30473,2097,,,1,100,,30478,2097,,,1,100,,30487,2097,,,1,100,,30474,2097,,,1,104,,30475,2097,,,1,91,,30481,2097,,,1,108,,30482,2097,,,1,102,,30476,2097,,,1,95,,30483,2097,,,1,99,,30479,2097,,,1,100,,30484,2097,,,1,100,,30477,2097,,,1,100,,30480,2097,,,1,100,,30485,2097,,,1,100,,30488,2097,,,1,100,,30491,2097,,,1
4700,'F1',617,,30505,2097,,,1,103,,30509,2097,,,1,101,,30494,2097,,,1,96,,30499,2097,,,1,96,,30495,2097,,,1,104,,30500,2097,,,1,100,,30492,2097,,,1,100,,30501,2097,,,1,95,,30493,2097,,,1,104,,30510,2097,,,1,100,,30506,2097,,,1,101,,30508,2097,,,1,100,,30507,2097,,,1,99,,30496,2097,,,1,100,,30511,2097,,,1,100,,30502,2097,,,1,100,,30503,2097,,,1,100,,30504,2097,,,1,100,,30497,2097,,,1,100,,30498,2097,,,1
4700,'F2',617,,30529,2097,,,1,103,,30515,2097,,,1,101,,30512,2097,,,1,96,,30519,2097,,,1,96,,30513,2097,,,1,104,,30520,2097,,,1,100,,30516,2097,,,1,100,,30521,2097,,,1,95,,30514,2097,,,1,104,,30517,2097,,,1,100,,30522,2097,,,1,101,,30518,2097,,,1,100,,30523,2097,,,1,99,,30526,2097,,,1,100,,30524,2097,,,1,100,,30525,2097,,,1,100,,30527,2097,,,1,100,,30528,2097,,,1,100,,30530,2097,,,1,100,,30531,2097,,,1
4700,'F7',621,,30542,2097,,,1,32,,30543,2097,,,1,69,,30541,2097,,,1,33,,30565,2097,,,1,74,,30545,2097,,,1,30,,30566,2097,,,1,70,,30558,2097,,,1,30,,30564,2097,,,1,70,,30544,2097,,,1,30,,30534,2097,,,1,70,,30561,2097,,,1,30,,30535,2097,,,1,70,,30536,2097,,,1,30,,30546,2097,,,1,70,,30570,2097,,,1,30,,30559,2097,,,1,70,,30537,2097,,,1,30,,30563,2097,,,1,68,,30549,2097,,,1,28,,30568,2097,,,1,74,,30547,2097,,,1,15,,30550,2097,,,1,15,,30553,2097,,,1,55,,30555,2097,,,1,15,,30562,2097,,,1,15,,30548,2097,,,1,15,,30554,2097,,,1,55,,30560,2097,,,1,15,,30556,2097,,,1,18,,30551,2097,,,1,70,,30567,2097,,,1,30,,30538,2097,,,1,70,,30569,2097,,,1,30,,30533,2097,,,1,70,,30540,2097,,,1,30,,30552,2097,,,1,100,,30532,2097,,,1,100,,30557,2097,,,1,100,,30539,2097,,,1
4700,'F8',617,,30588,2097,,,1,103,,30574,2097,,,1,101,,30571,2097,,,1,96,,30578,2097,,,1,96,,30572,2097,,,1,104,,30579,2097,,,1,100,,30575,2097,,,1,100,,30580,2097,,,1,95,,30573,2097,,,1,104,,30576,2097,,,1,100,,30581,2097,,,1,101,,30577,2097,,,1,100,,30582,2097,,,1,99,,30585,2097,,,1,100,,30583,2097,,,1,100,,30584,2097,,,1,100,,30586,2097,,,1,100,,30587,2097,,,1,100,,30589,2097,,,1,100,,30590,2097,,,1
4700,'F9',617,,30605,2097,,,1,100,,30591,2097,,,1,100,,30608,2097,,,1,100,,30609,2097,,,1,100,,30592,2097,,,1,100,,30597,2097,,,1,100,,30606,2097,,,1,100,,30593,2097,,,1,104,,30594,2097,,,1,91,,30600,2097,,,1,108,,30601,2097,,,1,102,,30595,2097,,,1,95,,30602,2097,,,1,99,,30598,2097,,,1,100,,30603,2097,,,1,100,,30596,2097,,,1,100,,30599,2097,,,1,100,,30604,2097,,,1,100,,30607,2097,,,1,100,,30610,2097,,,1
4700,'SA',617,,30628,2097,,,1,103,,30614,2097,,,1,101,,30611,2097,,,1,96,,30618,2097,,,1,96,,30612,2097,,,1,104,,30619,2097,,,1,100,,30615,2097,,,1,100,,30620,2097,,,1,95,,30613,2097,,,1,104,,30616,2097,,,1,100,,30621,2097,,,1,101,,30617,2097,,,1,100,,30622,2097,,,1,99,,30625,2097,,,1,100,,30623,2097,,,1,100,,30624,2097,,,1,100,,30626,2097,,,1,100,,30627,2097,,,1,100,,30629,2097,,,1,100,,30630,2097,,,1
4700,'SE',621,,30641,2097,,,1,32,,30642,2097,,,1,69,,30640,2097,,,1,33,,30662,2097,,,1,74,,30644,2097,,,1,30,,30663,2097,,,1,70,,30655,2097,,,1,30,,30661,2097,,,1,70,,30643,2097,,,1,30,,30633,2097,,,1,70,,30658,2097,,,1,30,,30634,2097,,,1,70,,30635,2097,,,1,30,,30645,2097,,,1,70,,30667,2097,,,1,30,,30656,2097,,,1,70,,30636,2097,,,1,30,,30660,2097,,,1,68,,30648,2097,,,1,28,,30665,2097,,,1,74,,30646,2097,,,1,15,,30649,2097,,,1,15,,9568,2097,,,1,55,,30652,2097,,,1,15,,30659,2097,,,1,15,,30647,2097,,,1,15,,9569,2097,,,1,55,,30657,2097,,,1,15,,30653,2097,,,1,18,,30650,2097,,,1,70,,30664,2097,,,1,30,,30637,2097,,,1,70,,30666,2097,,,1,30,,30632,2097,,,1,70,,30639,2097,,,1,30,,30651,2097,,,1,100,,30631,2097,,,1,100,,30654,2097,,,1,100,,30638,2097,,,1
54600,'F7',1631,,40697,6491,,,2
54600,'SE',1631,,40698,6491,,,2
