3100,'F7',620,,28335,0,,,1,30,,28319,0,,,1,70,,28318,0,,,1,27,,28326,0,,,1,71,,28328,0,,,1,30,,28322,0,,,1,70,,28327,0,,,1,30,,28323,0,,,1,70,,28334,0,,,1,30,,28325,0,,,1,70,,28310,0,,,1,30,,28320,0,,,1,70,,28332,0,,,1,30,,28312,0,,,1,70,,28303,0,,,1,30,,28316,0,,,1,70,,28324,0,,,1,30,,28313,0,,,1,70,,28329,0,,,1,30,,28306,0,,,1,70,,28321,0,,,1,30,,28304,0,,,1,70,,28307,0,,,1,30,,28333,0,,,1,70,,28305,0,,,1,31,,28308,0,,,1,70,,28314,0,,,1,30,,28330,0,,,1,70,,28317,0,,,1,30,,28311,0,,,1,70,,28331,0,,,1,100,,28315,0,,,1,100,,28309,0,,,1
3100,'SE',620,,28368,0,,,1,30,,28352,0,,,1,70,,28351,0,,,1,27,,28359,0,,,1,71,,28361,0,,,1,30,,28355,0,,,1,70,,28360,0,,,1,30,,28356,0,,,1,70,,28367,0,,,1,30,,28358,0,,,1,70,,28343,0,,,1,30,,28353,0,,,1,70,,28365,0,,,1,30,,28345,0,,,1,70,,28336,0,,,1,30,,28349,0,,,1,70,,28357,0,,,1,30,,28346,0,,,1,70,,28362,0,,,1,30,,28339,0,,,1,70,,28354,0,,,1,30,,28337,0,,,1,70,,28340,0,,,1,30,,28366,0,,,1,70,,28338,0,,,1,31,,28341,0,,,1,70,,28347,0,,,1,30,,28363,0,,,1,70,,28350,0,,,1,30,,28344,0,,,1,70,,28364,0,,,1,100,,28348,0,,,1,100,,28342,0,,,1
3101,'F7',548,,28389,4566,4,,1,70,,28376,4566,4,,1,33,,28403,4566,4,,1,70,,28386,4566,4,,1,30,,28385,4566,4,,1,71,,28394,4566,4,,1,29,,28396,4566,4,,1,67,,28390,4566,4,,1,30,,28395,4566,4,,1,70,,28391,4566,4,,1,30,,28402,4566,4,,1,70,,28393,4566,4,,1,32,,28377,4566,4,,1,70,,28387,4566,4,,1,30,,28400,4566,4,,1,70,,28379,4566,4,,1,30,,28369,4566,4,,1,70,,28383,4566,4,,1,31,,28392,4566,4,,1,71,,28380,4566,4,,1,29,,28397,4566,4,,1,70,,28372,4566,4,,1,30,,28388,4566,4,,1,70,,28370,4566,4,,1,30,,28373,4566,4,,1,70,,28401,4566,4,,1,30,,28371,4566,4,,1,70,,28374,4566,4,,1,30,,28381,4566,4,,1,70,,28398,4566,4,,1,29,,28384,4566,4,,1,70,,28378,4566,4,,1,29,,28399,4566,4,,1,100,,28382,4566,4,,1,98,,28375,4566,4,,1
3101,'SE',548,,28424,4566,4,,1,70,,28411,4566,4,,1,33,,28438,4566,4,,1,70,,28421,4566,4,,1,30,,28420,4566,4,,1,71,,28429,4566,4,,1,29,,28431,4566,4,,1,67,,28425,4566,4,,1,30,,28430,4566,4,,1,70,,28426,4566,4,,1,30,,28437,4566,4,,1,70,,28428,4566,4,,1,32,,28412,4566,4,,1,70,,28422,4566,4,,1,30,,28435,4566,4,,1,70,,28414,4566,4,,1,30,,28404,4566,4,,1,70,,28418,4566,4,,1,31,,28427,4566,4,,1,71,,28415,4566,4,,1,29,,28432,4566,4,,1,70,,28407,4566,4,,1,30,,28423,4566,4,,1,70,,28405,4566,4,,1,30,,28408,4566,4,,1,70,,28436,4566,4,,1,30,,28406,4566,4,,1,70,,28409,4566,4,,1,30,,28416,4566,4,,1,70,,28433,4566,4,,1,29,,28419,4566,4,,1,70,,28413,4566,4,,1,29,,28434,4566,4,,1,100,,28417,4566,4,,1,98,,28410,4566,4,,1
7701,'DI',755,,35180,5036,0,25 26,1,100,,35183,5036,0,25 26,1,100,,35181,5036,0,25 26,1,100,,35184,5036,0,25 26,1,100,,35182,5036,0,25 26,1,100,,35179,5036,0,25 26,1,100,,35185,5036,0,25 26,1,100,,35188,5036,0,25 26,1,100,,35178,5036,0,25 26,1,100,,35189,5036,0,25 26,1,100,,35190,5036,0,25 26,1,99,,35191,5036,0,25 26,1,99,,35186,5036,0,25 26,1,100,,35192,5036,0,25 26,1,100,,35187,5036,0,25 26,1
7701,'F1',755,,35196,5036,0,25 26,1,100,,35198,5036,0,25 26,1,100,,35197,5036,0,25 26,1,100,,35199,5036,0,25 26,1,100,,35193,5036,0,25 26,1,100,,35200,5036,0,25 26,1,100,,35201,5036,0,25 26,1,97,,35194,5036,0,25 26,1,103,,35202,5036,0,25 26,1,99,,35204,5036,0,25 26,1,101,,35203,5036,0,25 26,1,99,,35205,5036,0,25 26,1,99,,35206,5036,0,25 26,1,100,,35195,5036,0,25 26,1,100,,35207,5036,0,25 26,1
7701,'F2',755,,35222,5036,0,25 26,1,100,,35213,5036,0,25 26,1,100,,35209,5036,0,25 26,1,100,,35214,5036,0,25 26,1,100,,35210,5036,0,25 26,1,100,,35212,5036,0,25 26,1,100,,35215,5036,0,25 26,1,97,,35208,5036,0,25 26,1,103,,35216,5036,0,25 26,1,99,,35218,5036,0,25 26,1,101,,35217,5036,0,25 26,1,99,,35219,5036,0,25 26,1,99,,35220,5036,0,25 26,1,100,,35211,5036,0,25 26,1,100,,35221,5036,0,25 26,1
7701,'F7',636,,35229,5036,0,25 26,1,11,,35225,5036,0,25 26,1,7,,35232,5036,0,25 26,1,47,,35235,5036,0,25 26,1,11,,35226,5036,0,25 26,1,2,,35238,5036,0,25 26,1,8,,35231,5036,0,25 26,1,18,,35236,5036,0,25 26,1,74,,35240,5036,0,25 26,1,28,,35233,5036,0,25 26,1,67,,35239,5036,0,25 26,1,5,,35227,5036,0,25 26,1,31,,35237,5036,0,25 26,1,70,,35241,5036,0,25 26,1,30,,35234,5036,0,25 26,1,70,,35228,5036,0,25 26,1,30,,35243,5036,0,25 26,1,70,,35242,5036,0,25 26,1,30,,35245,5036,0,25 26,1,71,,35246,5036,0,25 26,1,33,,35244,5036,0,25 26,1,70,,35247,5036,0,25 26,1,30,,35251,5036,0,25 26,1,68,,35253,5036,0,25 26,1,20,,35255,5036,0,25 26,1,20,,35258,5036,0,25 26,1,60,,35248,5036,0,25 26,1,20,,35252,5036,0,25 26,1,19,,35230,5036,0,25 26,1,58,,35254,5036,0,25 26,1,22,,35256,5036,0,25 26,1,71,,35259,5036,0,25 26,1,24,,35249,5036,0,25 26,1,73,,35257,5036,0,25 26,1,32,,35250,5036,0,25 26,1,70,,35260,5036,0,25 26,1,31,,35261,5036,0,25 26,1,71,,35224,5036,0,25 26,1,25,,35223,5036,0,25 26,1
7701,'F8',755,,35276,5036,0,25 26,1,100,,35267,5036,0,25 26,1,100,,35263,5036,0,25 26,1,100,,35268,5036,0,25 26,1,100,,35264,5036,0,25 26,1,100,,35266,5036,0,25 26,1,100,,35269,5036,0,25 26,1,97,,35262,5036,0,25 26,1,103,,35270,5036,0,25 26,1,99,,35272,5036,0,25 26,1,101,,35271,5036,0,25 26,1,99,,35273,5036,0,25 26,1,99,,35274,5036,0,25 26,1,100,,35265,5036,0,25 26,1,100,,35275,5036,0,25 26,1
7701,'F9',755,,35279,5036,0,25 26,1,100,,35282,5036,0,25 26,1,100,,35280,5036,0,25 26,1,100,,35283,5036,0,25 26,1,100,,35281,5036,0,25 26,1,100,,35278,5036,0,25 26,1,100,,35284,5036,0,25 26,1,100,,35287,5036,0,25 26,1,100,,35277,5036,0,25 26,1,100,,35288,5036,0,25 26,1,100,,35289,5036,0,25 26,1,99,,35290,5036,0,25 26,1,99,,35285,5036,0,25 26,1,100,,35291,5036,0,25 26,1,100,,35286,5036,0,25 26,1
7701,'SA',755,,35305,5036,0,25 26,1,100,,35296,5036,0,25 26,1,100,,35293,5036,0,25 26,1,100,,35297,5036,0,25 26,1,100,,13757,5036,0,25 26,1,100,,35295,5036,0,25 26,1,100,,35298,5036,0,25 26,1,97,,35292,5036,0,25 26,1,103,,35299,5036,0,25 26,1,99,,35301,5036,0,25 26,1,101,,35300,5036,0,25 26,1,99,,35302,5036,0,25 26,1,99,,35303,5036,0,25 26,1,100,,35294,5036,0,25 26,1,100,,35304,5036,0,25 26,1
7701,'SE',636,,35312,5036,0,25 26,1,11,,35308,5036,0,25 26,1,7,,35315,5036,0,25 26,1,47,,35318,5036,0,25 26,1,11,,35309,5036,0,25 26,1,2,,35321,5036,0,25 26,1,8,,35314,5036,0,25 26,1,18,,35319,5036,0,25 26,1,74,,35323,5036,0,25 26,1,28,,35316,5036,0,25 26,1,67,,35322,5036,0,25 26,1,5,,35310,5036,0,25 26,1,31,,35320,5036,0,25 26,1,70,,35324,5036,0,25 26,1,30,,35317,5036,0,25 26,1,70,,35311,5036,0,25 26,1,30,,35326,5036,0,25 26,1,70,,35325,5036,0,25 26,1,30,,35328,5036,0,25 26,1,71,,35329,5036,0,25 26,1,33,,35327,5036,0,25 26,1,70,,35330,5036,0,25 26,1,30,,35334,5036,0,25 26,1,68,,35336,5036,0,25 26,1,20,,35338,5036,0,25 26,1,20,,35341,5036,0,25 26,1,60,,35331,5036,0,25 26,1,20,,35335,5036,0,25 26,1,19,,35313,5036,0,25 26,1,58,,35337,5036,0,25 26,1,22,,35339,5036,0,25 26,1,71,,13794,5036,0,25 26,1,24,,35332,5036,0,25 26,1,73,,35340,5036,0,25 26,1,32,,35333,5036,0,25 26,1,70,,35342,5036,0,25 26,1,31,,35343,5036,0,25 26,1,71,,35307,5036,0,25 26,1,25,,35306,5036,0,25 26,1
52600,'F7',1628,,40643,4151,,,2,1,,40642,4151,,,2
52600,'SE',1628,,40645,4151,,,2,1,,40644,4151,,,2
52601,'F7',910,,40646,5036,,,2,1,,40647,5036,,,2
52601,'SE',910,,40648,5036,,,2,1,,40649,5036,,,2
54200,'F7',1644,,40690,8404,4,,2
54200,'SE',1644,,40691,8404,4,,2
54201,'F7',856,,40692,0,,,2
54201,'SE',856,,40693,0,,,2
60900,'F7',1615,,40765,4006,4,,2
60900,'SE',1615,,40766,4006,4,,2
60901,'F7',845,,40767,0,,,2
60901,'SE',845,,40768,0,,,2
61300,'F7',1700,,40770,10002,4,,2,13,,40769,10002,4,,2
61300,'SE',1700,,18881,10002,4,,2,13,,40771,10002,4,,2
61801,'F7',833,,40780,0,,,2
61801,'SE',833,,40781,0,,,2
67000,'F7',1625,,40854,7044,4,,2,1,,40855,7044,4,,2,1,,40856,7044,4,,2
67000,'SE',1625,,40857,7044,4,,2,1,,40858,7044,4,,2,1,,40859,7044,4,,2
67001,'F7',839,,40862,0,,,2,1,,40861,0,,,2,1,,40860,0,,,2
67001,'SE',839,,40865,0,,,2,1,,40864,0,,,2,1,,40863,0,,,2
72001,'F7',2057,,41057,7805,,,2,75,,41053,7805,,,2,75,,41058,7805,,,2,35,,41054,7805,,,2,75,,41059,7805,,,2,35,,41055,7805,,,2,75,,41060,7805,,,2,75,,41056,7805,,,2
72001,'F8',547,,41061,7805,,,2,75,,41066,7805,,,2,35,,41062,7805,,,2,75,,41067,7805,,,2,75,,41063,7805,,,2,35,,41068,7805,,,2,75,,41064,7805,,,2,35,,41069,7805,,,2,75,,41065,7805,,,2,75,,41070,7805,,,2,35,,41071,7805,,,2,75,,41076,7805,,,2,35,,41072,7805,,,2,75,,41077,7805,,,2,35,,41073,7805,,,2,75,,41078,7805,,,2,75,,41074,7805,,,2,35,,41079,7805,,,2,75,,41075,7805,,,2,35,,41080,7805,,,2,75,,41084,7805,,,2,75,,41081,7805,,,2,35,,41085,7805,,,2,75,,41082,7805,,,2,35,,41086,7805,,,2,75,,41083,7805,,,2,35,,41087,7805,,,2,75,,41089,7805,,,2,75,,41088,7805,,,2,35,,41090,7805,,,2,75,,41093,7805,,,2,35,,41091,7805,,,2,75,,41094,7805,,,2,75,,41092,7805,,,2,35,,41095,7805,,,2
72001,'F9',547,,41096,7805,,,2,75,,41099,7805,,,2,35,,41097,7805,,,2,75,,41100,7805,,,2,75,,41098,7805,,,2,35,,41101,7805,,,2,75,,41104,7805,,,2,35,,41102,7805,,,2,75,,41105,7805,,,2,75,,41103,7805,,,2,35,,41106,7805,,,2,75,,41109,7805,,,2,35,,41107,7805,,,2,75,,41110,7805,,,2,35,,41108,7805,,,2,75,,41111,7805,,,2,75,,41114,7805,,,2,35,,41112,7805,,,2,75,,41115,7805,,,2,35,,41113,7805,,,2,75,,41116,7805,,,2,75,,41119,7805,,,2,35,,41117,7805,,,2,75,,41120,7805,,,2,35,,41118,7805,,,2,75,,41121,7805,,,2,35,,41122,7805,,,2,75,,41127,7805,,,2,75,,41123,7805,,,2,35,,41128,7805,,,2,75,,41124,7805,,,2,35,,41129,7805,,,2,75,,41125,7805,,,2,75,,41130,7805,,,2,35,,41126,7805,,,2
72200,'F7',2100,,41552,11768,4,,2,10,,41558,11768,4,,2,10,,41564,11768,4,,2,10,,41570,11768,4,,2,10,,41575,11768,4,,2,10,,41553,11768,4,,2,50,,41559,11768,4,,2,10,,41565,11768,4,,2,10,,41571,11768,4,,2,10,,41576,11768,4,,2,10,,41554,11768,4,,2,10,,41560,11768,4,,2,50,,41566,11768,4,,2,10,,41572,11768,4,,2,10,,41577,11768,4,,2,10,,41555,11768,4,,2,10,,41561,11768,4,,2,10,,41567,11768,4,,2,50,,41573,11768,4,,2,10,,41578,11768,4,,2,10,,41556,11768,4,,2,10,,41562,11768,4,,2,10,,41568,11768,4,,2,10,,41574,11768,4,,2,50,,41579,11768,4,,2,10,,41557,11768,4,,2,10,,41563,11768,4,,2,10,,41569,11768,4,,2
72200,'F8',555,,41581,11768,4,,2,55,,41590,11768,4,,2,15,,41599,11768,4,,2,15,,41582,11768,4,,2,15,,41591,11768,4,,2,55,,41600,11768,4,,2,15,,41583,11768,4,,2,15,,41592,11768,4,,2,15,,41601,11768,4,,2,55,,41584,11768,4,,2,15,,41593,11768,4,,2,15,,41602,11768,4,,2,15,,41585,11768,4,,2,55,,41594,11768,4,,2,15,,41603,11768,4,,2,15,,41586,11768,4,,2,15,,41595,11768,4,,2,55,,41604,11768,4,,2,15,,41587,11768,4,,2,15,,41596,11768,4,,2,10,,41607,11768,4,,2,50,,41605,11768,4,,2,10,,41588,11768,4,,2,10,,41615,11768,4,,2,10,,41597,11768,4,,2,10,,41608,11768,4,,2,10,,41606,11768,4,,2,50,,41589,11768,4,,2,10,,41616,11768,4,,2,10,,41598,11768,4,,2,10,,41609,11768,4,,2,10,,41623,11768,4,,2,10,,41629,11768,4,,2,50,,41617,11768,4,,2,10,,41632,11768,4,,2,10,,41610,11768,4,,2,10,,41624,11768,4,,2,10,,41630,11768,4,,2,10,,41618,11768,4,,2,50,,41633,11768,4,,2,10,,41611,11768,4,,2,10,,41625,11768,4,,2,10,,41631,11768,4,,2,10,,41619,11768,4,,2,10,,41634,11768,4,,2,50,,41612,11768,4,,2,10,,41626,11768,4,,2,10,,41639,11768,4,,2,10,,41620,11768,4,,2,10,,41635,11768,4,,2,10,,41613,11768,4,,2,50,,41627,11768,4,,2,10,,41640,11768,4,,2,10,,41621,11768,4,,2,10,,41636,11768,4,,2,10,,41614,11768,4,,2,10,,41628,11768,4,,2,50,,41641,11768,4,,2,10,,41622,11768,4,,2,10,,41637,11768,4,,2,10,,41646,11768,4,,2,10,,41651,11768,4,,2,10,,41642,11768,4,,2,50,,41658,11768,4,,2,10,,41638,11768,4,,2,10,,41647,11768,4,,2,10,,41652,11768,4,,2,10,,41643,11768,4,,2,10,,41659,11768,4,,2,50,,41663,11768,4,,2,10,,41648,11768,4,,2,10,,41653,11768,4,,2,10,,41644,11768,4,,2,10,,41660,11768,4,,2,10,,41664,11768,4,,2,50,,41649,11768,4,,2,10,,41654,11768,4,,2,10,,41645,11768,4,,2,10,,41661,11768,4,,2,10,,41665,11768,4,,2,10,,41650,11768,4,,2,50,,41655,11768,4,,2,10,,41668,11768,4,,2,10,,41662,11768,4,,2,10,,41666,11768,4,,2,10,,41675,11768,4,,2,10,,41656,11768,4,,2,50,,41669,11768,4,,2,10,,41681,11768,4,,2,10,,41667,11768,4,,2,10,,41676,11768,4,,2,10,,41657,11768,4,,2,10,,41670,11768,4,,2,50,,41682,11768,4,,2,10,,41580,11768,4,,2,10,,41677,11768,4,,2,15,,41671,11768,4,,2,15,,41683,11768,4,,2,55,,41678,11768,4,,2,15,,41672,11768,4,,2,15,,41684,11768,4,,2,15,,41679,11768,4,,2,55,,41673,11768,4,,2,15,,41685,11768,4,,2,15,,41680,11768,4,,2,15,,41674,11768,4,,2,55,,41686,11768,4,,2
72200,'F9',555,,41688,11768,4,,2,55,,41696,11768,4,,2,15,,41704,11768,4,,2,15,,41689,11768,4,,2,15,,41697,11768,4,,2,55,,41705,11768,4,,2,15,,41690,11768,4,,2,15,,41698,11768,4,,2,15,,41706,11768,4,,2,55,,41691,11768,4,,2,15,,41699,11768,4,,2,15,,41707,11768,4,,2,15,,41692,11768,4,,2,55,,41700,11768,4,,2,15,,41708,11768,4,,2,15,,41693,11768,4,,2,15,,41701,11768,4,,2,55,,41709,11768,4,,2,15,,41694,11768,4,,2,15,,41702,11768,4,,2,10,,41712,11768,4,,2,50,,41710,11768,4,,2,10,,41695,11768,4,,2,10,,41715,11768,4,,2,10,,41703,11768,4,,2,10,,41713,11768,4,,2,10,,41711,11768,4,,2,50,,41723,11768,4,,2,10,,41716,11768,4,,2,10,,41727,11768,4,,2,10,,41714,11768,4,,2,10,,41734,11768,4,,2,10,,41724,11768,4,,2,50,,41717,11768,4,,2,10,,41728,11768,4,,2,10,,41741,11768,4,,2,10,,41735,11768,4,,2,10,,41725,11768,4,,2,10,,41718,11768,4,,2,50,,41729,11768,4,,2,10,,41742,11768,4,,2,10,,41736,11768,4,,2,10,,41726,11768,4,,2,10,,41719,11768,4,,2,10,,41730,11768,4,,2,50,,41743,11768,4,,2,10,,41737,11768,4,,2,10,,41749,11768,4,,2,10,,41720,11768,4,,2,10,,41731,11768,4,,2,10,,41744,11768,4,,2,50,,41738,11768,4,,2,10,,41750,11768,4,,2,10,,41721,11768,4,,2,10,,41732,11768,4,,2,10,,41745,11768,4,,2,10,,41739,11768,4,,2,50,,41751,11768,4,,2,10,,41722,11768,4,,2,10,,41733,11768,4,,2,10,,41746,11768,4,,2,10,,41740,11768,4,,2,10,,41752,11768,4,,2,50,,41756,11768,4,,2,10,,41687,11768,4,,2,10,,41747,11768,4,,2,15,,41753,11768,4,,2,15,,41757,11768,4,,2,55,,41748,11768,4,,2,15,,41754,11768,4,,2,15,,41758,11768,4,,2,15,,41763,11768,4,,2,55,,41755,11768,4,,2,15,,41759,11768,4,,2,15,,41764,11768,4,,2,15,,41772,11768,4,,2,55,,41760,11768,4,,2,15,,41765,11768,4,,2,15,,41773,11768,4,,2,15,,41761,11768,4,,2,55,,41766,11768,4,,2,15,,41774,11768,4,,2,15,,41762,11768,4,,2,15,,41767,11768,4,,2,55,,41775,11768,4,,2,15,,41779,11768,4,,2,15,,41768,11768,4,,2,15,,41776,11768,4,,2,55,,41780,11768,4,,2,15,,41769,11768,4,,2,15,,41777,11768,4,,2,15,,41781,11768,4,,2,55,,41770,11768,4,,2,15,,41778,11768,4,,2,15,,41782,11768,4,,2,15,,41771,11768,4,,2
72201,'F7',2020,,41783,0,,,2,10,,41789,0,,,2,10,,41795,0,,,2,10,,41801,0,,,2,50,,41807,0,,,2,10,,41784,0,,,2,10,,41790,0,,,2,10,,41796,0,,,2,10,,41802,0,,,2,10,,41808,0,,,2,50,,41785,0,,,2,10,,41791,0,,,2,10,,41797,0,,,2,10,,41803,0,,,2,10,,41809,0,,,2,10,,41786,0,,,2,50,,41792,0,,,2,10,,41798,0,,,2,10,,41804,0,,,2,10,,41810,0,,,2,10,,41787,0,,,2,10,,41793,0,,,2,50,,41799,0,,,2,10,,41805,0,,,2,10,,41811,0,,,2,10,,41788,0,,,2,10,,41794,0,,,2,10,,41800,0,,,2,50,,41806,0,,,2
72201,'F8',530,,41820,0,,,2,15,,41829,0,,,2,55,,41812,0,,,2,15,,41821,0,,,2,15,,41830,0,,,2,15,,41813,0,,,2,55,,41822,0,,,2,15,,41831,0,,,2,15,,41814,0,,,2,15,,41823,0,,,2,55,,41832,0,,,2,15,,41815,0,,,2,15,,41824,0,,,2,15,,41833,0,,,2,55,,41816,0,,,2,15,,41825,0,,,2,15,,41834,0,,,2,15,,41817,0,,,2,55,,41826,0,,,2,10,,41837,0,,,2,10,,41835,0,,,2,10,,41818,0,,,2,10,,41845,0,,,2,10,,41827,0,,,2,50,,41838,0,,,2,10,,41836,0,,,2,10,,41819,0,,,2,10,,41846,0,,,2,10,,41828,0,,,2,10,,41839,0,,,2,50,,41853,0,,,2,10,,41859,0,,,2,10,,41847,0,,,2,10,,41862,0,,,2,10,,41840,0,,,2,10,,41854,0,,,2,50,,41860,0,,,2,10,,41848,0,,,2,10,,41863,0,,,2,10,,41841,0,,,2,10,,41855,0,,,2,10,,41861,0,,,2,50,,41849,0,,,2,10,,41864,0,,,2,10,,41842,0,,,2,10,,41856,0,,,2,10,,41869,0,,,2,10,,41850,0,,,2,50,,41865,0,,,2,10,,41843,0,,,2,10,,41857,0,,,2,10,,41870,0,,,2,10,,41851,0,,,2,10,,41866,0,,,2,50,,41844,0,,,2,10,,41858,0,,,2,10,,41871,0,,,2,10,,41852,0,,,2,10,,41867,0,,,2,10,,41876,0,,,2,50,,41881,0,,,2,10,,41872,0,,,2,10,,41888,0,,,2,10,,41868,0,,,2,10,,41877,0,,,2,10,,41882,0,,,2,50,,41873,0,,,2,10,,41889,0,,,2,10,,41893,0,,,2,10,,41878,0,,,2,10,,41883,0,,,2,10,,41874,0,,,2,50,,41890,0,,,2,10,,41894,0,,,2,10,,41879,0,,,2,10,,41884,0,,,2,10,,41875,0,,,2,10,,41891,0,,,2,50,,41895,0,,,2,10,,41880,0,,,2,10,,41885,0,,,2,10,,41899,0,,,2,10,,41892,0,,,2,10,,41896,0,,,2,50,,41906,0,,,2,10,,41886,0,,,2,10,,41900,0,,,2,10,,41912,0,,,2,10,,41897,0,,,2,10,,41907,0,,,2,50,,41887,0,,,2,10,,41901,0,,,2,10,,41913,0,,,2,10,,41898,0,,,2,10,,41908,0,,,2,15,,41902,0,,,2,55,,41914,0,,,2,15,,41909,0,,,2,15,,41903,0,,,2,15,,41915,0,,,2,55,,41910,0,,,2,15,,41904,0,,,2,15,,41916,0,,,2,15,,41911,0,,,2,55,,41905,0,,,2,15,,41917,0,,,2
72201,'F9',530,,41925,0,,,2,15,,41933,0,,,2,55,,41918,0,,,2,15,,41926,0,,,2,15,,41934,0,,,2,15,,41919,0,,,2,55,,41927,0,,,2,15,,41935,0,,,2,15,,41920,0,,,2,15,,41928,0,,,2,55,,41936,0,,,2,15,,41921,0,,,2,15,,41929,0,,,2,15,,41937,0,,,2,55,,41922,0,,,2,15,,41930,0,,,2,15,,41938,0,,,2,15,,41923,0,,,2,55,,41931,0,,,2,10,,41941,0,,,2,10,,41939,0,,,2,10,,41924,0,,,2,10,,41944,0,,,2,10,,41932,0,,,2,50,,41942,0,,,2,10,,41940,0,,,2,10,,41952,0,,,2,10,,41945,0,,,2,10,,41956,0,,,2,10,,41943,0,,,2,50,,41964,0,,,2,10,,41953,0,,,2,10,,41946,0,,,2,10,,41957,0,,,2,10,,41971,0,,,2,10,,41965,0,,,2,50,,41954,0,,,2,10,,41947,0,,,2,10,,41958,0,,,2,10,,41972,0,,,2,10,,41966,0,,,2,10,,41955,0,,,2,50,,41948,0,,,2,10,,41959,0,,,2,10,,41973,0,,,2,10,,41967,0,,,2,10,,41979,0,,,2,10,,41949,0,,,2,50,,41960,0,,,2,10,,41974,0,,,2,10,,41968,0,,,2,10,,41980,0,,,2,10,,41950,0,,,2,10,,41961,0,,,2,50,,41975,0,,,2,10,,41969,0,,,2,10,,41981,0,,,2,10,,41951,0,,,2,10,,41962,0,,,2,10,,41976,0,,,2,50,,41970,0,,,2,10,,41982,0,,,2,10,,41986,0,,,2,10,,41963,0,,,2,10,,41977,0,,,2,15,,41983,0,,,2,55,,41987,0,,,2,15,,41978,0,,,2,15,,41984,0,,,2,15,,41988,0,,,2,55,,41993,0,,,2,15,,41985,0,,,2,15,,41989,0,,,2,15,,41994,0,,,2,55,,42002,0,,,2,15,,41990,0,,,2,15,,41995,0,,,2,15,,42003,0,,,2,55,,41991,0,,,2,15,,41996,0,,,2,15,,42004,0,,,2,15,,41992,0,,,2,55,,41997,0,,,2,15,,42005,0,,,2,15,,42010,0,,,2,15,,41998,0,,,2,55,,42006,0,,,2,15,,42011,0,,,2,15,,41999,0,,,2,15,,42007,0,,,2,55,,42012,0,,,2,15,,42000,0,,,2,15,,42008,0,,,2,15,,42013,0,,,2,55,,42001,0,,,2,15,,42009,0,,,2
