4201,'DI',540,,29629,500,,,1,100,,29630,500,,,1,100,,29631,500,,,1,100,,29632,500,,,1,100,,29633,500,,,1,100,,29634,500,,,1,100,,29635,500,,,1,100,,29636,500,,,1,100,,29637,500,,,1,100,,29638,500,,,1,100,,29639,500,,,1,100,,29640,500,,,1,100,,29641,500,,,1,100,,29642,500,,,1,100,,29643,500,,,1,100,,29644,500,,,1,100,,29645,500,,,1,100,,29646,500,,,1,100,,29647,500,,,1,100,,29648,500,,,1
4201,'F1',540,,29649,500,,,1,100,,29650,500,,,1,100,,29651,500,,,1,100,,29652,500,,,1,100,,29653,500,,,1,100,,29654,500,,,1,100,,29655,500,,,1,100,,29656,500,,,1,100,,29657,500,,,1,100,,29658,500,,,1,100,,29659,500,,,1,100,,29660,500,,,1,100,,29661,500,,,1,100,,29662,500,,,1,100,,29663,500,,,1,100,,29664,500,,,1,100,,29665,500,,,1,100,,29666,500,,,1,100,,29667,500,,,1,100,,29668,500,,,1
4201,'F2',540,,29685,500,,,1,100,,29686,500,,,1,100,,29687,500,,,1,100,,29688,500,,,1,100,,29669,500,,,1,100,,29670,500,,,1,100,,29671,500,,,1,100,,29672,500,,,1,100,,29673,500,,,1,100,,29674,500,,,1,100,,29675,500,,,1,100,,29676,500,,,1,100,,29677,500,,,1,100,,29678,500,,,1,100,,29679,500,,,1,100,,29680,500,,,1,100,,29681,500,,,1,100,,29682,500,,,1,100,,29683,500,,,1,100,,29684,500,,,1
4201,'F7',508,,29693,500,,,1,20,,29719,500,,,1,30,,29698,500,,,1,61,,29716,500,,,1,14,,29717,500,,,1,13,,29694,500,,,1,54,,29699,500,,,1,14,,29718,500,,,1,14,,29701,500,,,1,14,,29697,500,,,1,63,,29695,500,,,1,34,,29702,500,,,1,79,,29733,500,,,1,30,,29734,500,,,1,70,,29696,500,,,1,30,,29724,500,,,1,70,,29700,500,,,1,30,,29729,500,,,1,70,,29703,500,,,1,30,,29730,500,,,1,70,,29689,500,,,1,30,,29706,500,,,1,70,,29704,500,,,1,29,,29720,500,,,1,4,,29721,500,,,1,2,,29692,500,,,1,2,,29723,500,,,1,62,,29732,500,,,1,30,,29707,500,,,1,70,,29727,500,,,1,28,,29725,500,,,1,64,,29731,500,,,1,17,,29728,500,,,1,27,,29726,500,,,1,69,,29722,500,,,1,28,,29705,500,,,1,75,,29708,500,,,1,30,,29712,500,,,1,70,,29709,500,,,1,30,,29713,500,,,1,69,,29710,500,,,1,30,,29714,500,,,1,70,,29711,500,,,1,30,,29715,500,,,1,90,,29690,500,,,1,100,,29691,500,,,1
4201,'F8',540,,29751,500,,,1,100,,29752,500,,,1,100,,29753,500,,,1,100,,29754,500,,,1,100,,29735,500,,,1,100,,29736,500,,,1,100,,29737,500,,,1,100,,29738,500,,,1,100,,29739,500,,,1,100,,29740,500,,,1,100,,29741,500,,,1,100,,29742,500,,,1,100,,29743,500,,,1,100,,29744,500,,,1,100,,29745,500,,,1,100,,29746,500,,,1,100,,29747,500,,,1,100,,29748,500,,,1,100,,29749,500,,,1,100,,29750,500,,,1
4201,'F9',540,,29755,500,,,1,100,,29756,500,,,1,100,,29757,500,,,1,100,,29758,500,,,1,100,,29759,500,,,1,100,,29760,500,,,1,100,,29761,500,,,1,100,,29762,500,,,1,100,,29763,500,,,1,100,,29764,500,,,1,100,,29765,500,,,1,100,,29766,500,,,1,100,,29767,500,,,1,100,,29768,500,,,1,100,,29769,500,,,1,100,,29770,500,,,1,100,,29771,500,,,1,100,,29772,500,,,1,100,,29773,500,,,1,100,,29774,500,,,1
4201,'SA',540,,29791,500,,,1,100,,29792,500,,,1,100,,29793,500,,,1,100,,29794,500,,,1,100,,29775,500,,,1,100,,29776,500,,,1,100,,29777,500,,,1,100,,29778,500,,,1,100,,29779,500,,,1,100,,29780,500,,,1,100,,29781,500,,,1,100,,29782,500,,,1,100,,29783,500,,,1,100,,29784,500,,,1,100,,29785,500,,,1,100,,29786,500,,,1,100,,29787,500,,,1,100,,29788,500,,,1,100,,29789,500,,,1,100,,29790,500,,,1
4201,'SE',508,,29799,500,,,1,20,,29825,500,,,1,30,,29804,500,,,1,61,,29822,500,,,1,14,,29823,500,,,1,13,,29800,500,,,1,54,,29805,500,,,1,14,,29824,500,,,1,14,,29807,500,,,1,14,,29803,500,,,1,63,,29801,500,,,1,34,,29808,500,,,1,79,,29839,500,,,1,30,,29840,500,,,1,70,,29802,500,,,1,30,,29830,500,,,1,70,,29806,500,,,1,30,,29835,500,,,1,70,,29809,500,,,1,30,,29836,500,,,1,70,,29795,500,,,1,30,,29812,500,,,1,70,,29810,500,,,1,29,,29826,500,,,1,4,,29827,500,,,1,2,,29798,500,,,1,2,,29829,500,,,1,62,,29838,500,,,1,30,,29813,500,,,1,70,,29833,500,,,1,28,,29831,500,,,1,64,,29837,500,,,1,17,,29834,500,,,1,27,,29832,500,,,1,69,,29828,500,,,1,28,,29811,500,,,1,75,,29814,500,,,1,30,,29818,500,,,1,70,,29815,500,,,1,30,,29819,500,,,1,69,,29816,500,,,1,30,,29820,500,,,1,70,,29817,500,,,1,30,,29821,500,,,1,90,,29796,500,,,1,100,,29797,500,,,1
13201,'DI',711,,38200,4947,,,2,100,,38198,4947,,,2,100,,38199,4947,,,2,100,,38204,4947,,,2,100,,38201,4947,,,2,100,,38202,4947,,,2,100,,38205,4947,,,2,100,,38208,4947,,,2,100,,38206,4947,,,2,105,,38210,4947,,,2,95,,38209,4947,,,2,100,,38207,4947,,,2,101,,38211,4947,,,2,98,,38212,4947,,,2,100,,38203,4947,,,2,100,,38197,4947,,,2,100,,38213,4947,,,2,100,,38214,4947,,,2
13201,'F1',711,,38215,4947,,,2,100,,38228,4947,,,2,100,,38219,4947,,,2,100,,38229,4947,,,2,103,,38216,4947,,,2,97,,38220,4947,,,2,104,,38230,4947,,,2,96,,38227,4947,,,2,104,,38231,4947,,,2,96,,38221,4947,,,2,100,,38217,4947,,,2,100,,38218,4947,,,2,101,,38222,4947,,,2,98,,38223,4947,,,2,100,,16454,4947,,,2,100,,38226,4947,,,2,100,,38224,4947,,,2,100,,38225,4947,,,2
13201,'F2',711,,38233,4947,,,2,100,,38249,4947,,,2,100,,38237,4947,,,2,100,,38232,4947,,,2,103,,38234,4947,,,2,97,,38238,4947,,,2,104,,38235,4947,,,2,96,,38248,4947,,,2,104,,38239,4947,,,2,96,,38241,4947,,,2,100,,38236,4947,,,2,100,,38240,4947,,,2,101,,38242,4947,,,2,98,,38244,4947,,,2,100,,38243,4947,,,2,100,,38246,4947,,,2,100,,38245,4947,,,2,100,,38247,4947,,,2
13201,'F7',545,,38256,4947,,,2,70,,38253,4947,,,2,32,,38263,4947,,,2,60,,38255,4947,,,2,23,,38261,4947,,,2,10,,38267,4947,,,2,10,,38265,4947,,,2,62,,38264,4947,,,2,18,,38257,4947,,,2,17,,38262,4947,,,2,60,,38266,4947,,,2,19,,38277,4947,,,2,19,,38258,4947,,,2,97,,38278,4947,,,2,99,,38275,4947,,,2,96,,38276,4947,,,2,100,,38268,4947,,,2,110,,38269,4947,,,2,11,,38272,4947,,,2,43,,38250,4947,,,2,43,,38259,4947,,,2,65,,38270,4947,,,2,19,,38273,4947,,,2,19,,38254,4947,,,2,63,,38260,4947,,,2,19,,38252,4947,,,2,19,,38271,4947,,,2,59,,38251,4947,,,2,40,,38274,4947,,,2
13201,'F8',711,,38280,4947,,,2,100,,38296,4947,,,2,100,,38284,4947,,,2,100,,38279,4947,,,2,103,,38281,4947,,,2,97,,38285,4947,,,2,104,,38282,4947,,,2,96,,38295,4947,,,2,104,,38286,4947,,,2,96,,38288,4947,,,2,100,,38283,4947,,,2,100,,38287,4947,,,2,101,,38289,4947,,,2,98,,38291,4947,,,2,100,,38290,4947,,,2,100,,38293,4947,,,2,100,,38292,4947,,,2,100,,38294,4947,,,2
13201,'F9',711,,38300,4947,,,2,100,,38298,4947,,,2,100,,38299,4947,,,2,100,,38304,4947,,,2,100,,38301,4947,,,2,100,,38302,4947,,,2,100,,38305,4947,,,2,100,,38308,4947,,,2,100,,38306,4947,,,2,105,,38310,4947,,,2,95,,38309,4947,,,2,100,,38307,4947,,,2,101,,38311,4947,,,2,98,,38312,4947,,,2,100,,38303,4947,,,2,100,,38297,4947,,,2,100,,38313,4947,,,2,100,,38314,4947,,,2
13201,'SA',711,,38316,4947,,,2,100,,38332,4947,,,2,100,,38320,4947,,,2,100,,38315,4947,,,2,103,,38317,4947,,,2,97,,38321,4947,,,2,104,,38318,4947,,,2,96,,38331,4947,,,2,104,,38322,4947,,,2,96,,38324,4947,,,2,100,,38319,4947,,,2,100,,38323,4947,,,2,101,,38325,4947,,,2,98,,38327,4947,,,2,100,,38326,4947,,,2,100,,38329,4947,,,2,100,,38328,4947,,,2,100,,38330,4947,,,2
13201,'SE',545,,38339,4947,,,2,70,,38336,4947,,,2,32,,38345,4947,,,2,60,,38338,4947,,,2,23,,38343,4947,,,2,10,,38349,4947,,,2,10,,38347,4947,,,2,62,,38346,4947,,,2,18,,38340,4947,,,2,17,,38344,4947,,,2,60,,38348,4947,,,2,19,,38358,4947,,,2,19,,16560,4947,,,2,97,,38359,4947,,,2,99,,16564,4947,,,2,96,,38357,4947,,,2,100,,38350,4947,,,2,110,,38351,4947,,,2,11,,38354,4947,,,2,43,,38333,4947,,,2,43,,38341,4947,,,2,65,,38352,4947,,,2,19,,38355,4947,,,2,19,,38337,4947,,,2,63,,38342,4947,,,2,19,,38335,4947,,,2,19,,38353,4947,,,2,59,,38334,4947,,,2,40,,38356,4947,,,2
