12000,'F7',616,,37569,8954,,,2,26,,37566,8954,,,2,77,,37570,8954,,,2,29,,37567,8954,,,2,70,,37568,8954,,,2,796,,37571,8712,,,2,32,,37572,8712,,,2,76,,37576,8712,,,2,21,,37575,8712,,,2,69,,37574,8712,,,2,28,,37573,8712,,,2
12000,'SE',616,,37580,8954,,,2,26,,37577,8954,,,2,77,,37581,8954,,,2,29,,37578,8954,,,2,70,,37579,8954,,,2,796,,37582,8712,,,2,32,,37583,8712,,,2,76,,37587,8712,,,2,21,,37586,8712,,,2,69,,37585,8712,,,2,28,,37584,8712,,,2
12301,'DI',525,,37798,7555,,,1,100,,37808,7555,,,1,100,,37799,7555,,,1,100,,37809,7555,,,1,100,,37800,7555,,,1,100,,37810,7555,,,1,100,,37801,7555,,,1,100,,37811,7555,,,1,100,,37802,7555,,,1,100,,37812,7555,,,1,100,,37803,7555,,,1,100,,37813,7555,,,1,100,,37804,7555,,,1,100,,37814,7555,,,1,100,,37805,7555,,,1,100,,37815,7555,,,1,100,,37806,7555,,,1,100,,37816,7555,,,1,100,,37807,7555,,,1,100,,37817,7555,,,1
12301,'F1',526,,37826,7555,,,1,100,,37831,7555,,,1,100,,37827,7555,,,1,99,,37832,7555,,,1,100,,37820,7555,,,1,100,,37833,7555,,,1,100,,37821,7555,,,1,100,,37818,7555,,,1,100,,37822,7555,,,1,100,,37819,7555,,,1,100,,37823,7555,,,1,100,,37824,7555,,,1,100,,37834,7555,,,1,100,,37825,7555,,,1,100,,37835,7555,,,1,100,,37828,7555,,,1,100,,37836,7555,,,1,100,,37829,7555,,,1,100,,37837,7555,,,1,100,,37830,7555,,,1
12301,'F2',526,,37840,7555,,,1,100,,37838,7555,,,1,100,,37841,7555,,,1,99,,37839,7555,,,1,100,,37842,7555,,,1,100,,37850,7555,,,1,100,,37843,7555,,,1,100,,37851,7555,,,1,100,,37844,7555,,,1,100,,37852,7555,,,1,100,,37845,7555,,,1,100,,37853,7555,,,1,100,,37846,7555,,,1,100,,37854,7555,,,1,100,,37847,7555,,,1,100,,37855,7555,,,1,100,,37848,7555,,,1,100,,37856,7555,,,1,100,,37849,7555,,,1,100,,37857,7555,,,1
12301,'F7',511,,37869,7555,,,1,30,,37879,7555,,,1,60,,37862,7555,,,1,20,,37861,7555,,,1,15,,37863,7555,,,1,66,,37864,7555,,,1,30,,37858,7555,,,1,70,,37859,7555,,,1,30,,37860,7555,,,1,69,,37880,7555,,,1,30,,37883,7555,,,1,96,,37870,7555,,,1,100,,37866,7555,,,1,100,,37876,7555,,,1,100,,37881,7555,,,1,100,,37886,7555,,,1,11,,37874,7555,,,1,64,,37887,7555,,,1,20,,37889,7555,,,1,15,,37875,7555,,,1,19,,37873,7555,,,1,46,,37884,7555,,,1,17,,37890,7555,,,1,10,,37892,7555,,,1,6,,37878,7555,,,1,24,,37877,7555,,,1,69,,37888,7555,,,1,29,,37893,7555,,,1,71,,37868,7555,,,1,26,,37865,7555,,,1,74,,37867,7555,,,1,28,,37885,7555,,,1,70,,37882,7555,,,1,98,,37891,7555,,,1,100,,37871,7555,,,1,100,,37894,7555,,,1,119,,37872,7555,,,1
12301,'F8',526,,37897,7555,,,1,100,,37895,7555,,,1,100,,37898,7555,,,1,99,,37896,7555,,,1,100,,37899,7555,,,1,100,,37907,7555,,,1,100,,37900,7555,,,1,100,,37908,7555,,,1,100,,37901,7555,,,1,100,,37909,7555,,,1,100,,37902,7555,,,1,100,,37910,7555,,,1,100,,37903,7555,,,1,100,,37911,7555,,,1,100,,37904,7555,,,1,100,,37912,7555,,,1,100,,37905,7555,,,1,100,,37913,7555,,,1,100,,37906,7555,,,1,100,,37914,7555,,,1
12301,'F9',525,,37915,7555,,,1,100,,37925,7555,,,1,100,,37916,7555,,,1,100,,37926,7555,,,1,100,,37917,7555,,,1,100,,37927,7555,,,1,100,,37918,7555,,,1,100,,37928,7555,,,1,100,,37919,7555,,,1,100,,37929,7555,,,1,100,,37920,7555,,,1,100,,37930,7555,,,1,100,,37921,7555,,,1,100,,37931,7555,,,1,100,,37922,7555,,,1,100,,37932,7555,,,1,100,,37923,7555,,,1,100,,37933,7555,,,1,100,,37924,7555,,,1,100,,37934,7555,,,1
12301,'SA',526,,37937,7555,,,1,100,,37935,7555,,,1,100,,37938,7555,,,1,99,,37936,7555,,,1,100,,37939,7555,,,1,100,,37947,7555,,,1,100,,37940,7555,,,1,100,,37948,7555,,,1,100,,37941,7555,,,1,100,,37949,7555,,,1,100,,37942,7555,,,1,100,,37950,7555,,,1,100,,37943,7555,,,1,100,,37951,7555,,,1,100,,37944,7555,,,1,100,,37952,7555,,,1,100,,37945,7555,,,1,100,,37953,7555,,,1,100,,37946,7555,,,1,100,,37954,7555,,,1
12301,'SE',511,,37966,7555,,,1,30,,37976,7555,,,1,60,,37959,7555,,,1,20,,37958,7555,,,1,15,,37960,7555,,,1,66,,37961,7555,,,1,30,,37955,7555,,,1,70,,37956,7555,,,1,30,,37957,7555,,,1,69,,37977,7555,,,1,30,,37980,7555,,,1,96,,37967,7555,,,1,100,,37963,7555,,,1,100,,37973,7555,,,1,100,,37978,7555,,,1,100,,37983,7555,,,1,11,,37971,7555,,,1,64,,37984,7555,,,1,20,,37986,7555,,,1,15,,37972,7555,,,1,19,,37970,7555,,,1,46,,37981,7555,,,1,17,,37987,7555,,,1,10,,37989,7555,,,1,6,,37975,7555,,,1,24,,37974,7555,,,1,69,,37985,7555,,,1,29,,37990,7555,,,1,71,,37965,7555,,,1,26,,37962,7555,,,1,74,,37964,7555,,,1,28,,37982,7555,,,1,70,,37979,7555,,,1,98,,37988,7555,,,1,100,,37968,7555,,,1,100,,37991,7555,,,1,119,,37969,7555,,,1
