16000,'DI',734,,9259,4,,1,100,,9254,4,,1,100,,9266,4,,1,100,,9263,4,,1,100,,9267,4,,1,100,,9256,4,,1,100,,9261,4,,1,100,,9262,4,,1,100,,9257,4,,1,100,,9268,4,,1,100,,9260,4,,1,100,,9258,4,,1,100,,9264,4,,1,102,,9255,4,,1,98,,9265,4,,1
16000,'F1',734,,9279,4,,1,99,,9282,4,,1,101,,9272,4,,1,100,,9269,4,,1,100,,9280,4,,1,99,,9275,4,,1,101,,9273,4,,1,100,,9270,4,,1,100,,9276,4,,1,100,,9283,4,,1,100,,9271,4,,1,100,,9277,4,,1,100,,9281,4,,1,101,,9278,4,,1,99,,9274,4,,1
16000,'F7',734,,18148,4,,1,100,,18143,4,,1,100,,18155,4,,1,100,,18152,4,,1,100,,18156,4,,1,100,,18145,4,,1,100,,18150,4,,1,100,,18151,4,,1,100,,18146,4,,1,100,,18157,4,,1,100,,18149,4,,1,100,,18147,4,,1,100,,18153,4,,1,102,,18144,4,,1,98,,18154,4,,1
16000,'F8',645,,18162,4,,1,95,,18165,4,,1,88,,18163,4,,1,85,,18166,4,,1,92,,18164,4,,1,46,,18161,4,,1,102,,18158,4,,1,100,,18171,4,,1,100,,18172,4,,1,100,,18174,4,,1,102,,18176,4,,1,64,,18170,4,,1,32,,18178,4,,1,71,,18175,4,,1,28,,18167,4,,1,65,,18177,4,,1,26,,18159,4,,1,70,,18173,4,,1,30,,18168,4,,1,86,,18179,4,,1,97,,18160,4,,1,98,,18180,4,,1,92,,18169,4,,1,100,,18181,4,,1
16000,'F9',734,,18192,4,,1,99,,18195,4,,1,101,,18185,4,,1,100,,18182,4,,1,100,,18193,4,,1,99,,18188,4,,1,101,,18186,4,,1,100,,18183,4,,1,100,,18189,4,,1,100,,18196,4,,1,100,,18184,4,,1,100,,18190,4,,1,100,,18194,4,,1,101,,18191,4,,1,99,,18187,4,,1
16000,'SA',734,,9294,4,,1,99,,9297,4,,1,101,,9287,4,,1,100,,9284,4,,1,100,,9295,4,,1,99,,9290,4,,1,101,,9288,4,,1,100,,9285,4,,1,100,,9291,4,,1,100,,9298,4,,1,100,,9286,4,,1,100,,9292,4,,1,100,,9296,4,,1,101,,9293,4,,1,99,,9289,4,,1
16000,'SE',645,,9303,4,,1,95,,9306,4,,1,88,,9304,4,,1,85,,9307,4,,1,92,,9305,4,,1,46,,9302,4,,1,102,,9299,4,,1,100,,9312,4,,1,100,,9313,4,,1,100,,9315,4,,1,102,,9317,4,,1,64,,9311,4,,1,32,,9319,4,,1,71,,9316,4,,1,28,,9308,4,,1,65,,9318,4,,1,26,,9300,4,,1,70,,9314,4,,1,30,,9309,4,,1,86,,9320,4,,1,97,,9301,4,,1,98,,9321,4,,1,92,,9310,4,,1,100,,9322,4,,1
16001,'DI',545,,9332,0,31 32,1,99,,9336,0,31 32,1,100,,9328,0,31 32,1,100,,9323,0,31 32,1,100,,9337,0,31 32,1,100,,9333,0,31 32,1,100,,9338,0,31 32,1,100,,9325,0,31 32,1,100,,9330,0,31 32,1,100,,9331,0,31 32,1,100,,9326,0,31 32,1,100,,9339,0,31 32,1,100,,9329,0,31 32,1,100,,9327,0,31 32,1,100,,9334,0,31 32,1,103,,9324,0,31 32,1,97,,9335,0,31 32,1
16001,'F1',546,,9343,0,31 32,1,99,,9354,0,31 32,1,99,,9351,0,31 32,1,100,,9355,0,31 32,1,99,,9344,0,31 32,1,101,,9340,0,31 32,1,100,,9352,0,31 32,1,100,,9347,0,31 32,1,100,,9345,0,31 32,1,100,,9341,0,31 32,1,100,,9348,0,31 32,1,100,,9356,0,31 32,1,100,,9342,0,31 32,1,101,,9349,0,31 32,1,99,,9353,0,31 32,1,103,,9350,0,31 32,1,97,,9346,0,31 32,1
16001,'F7',545,,18206,0,31 32,1,99,,18210,0,31 32,1,100,,18202,0,31 32,1,100,,18197,0,31 32,1,100,,18211,0,31 32,1,100,,18207,0,31 32,1,100,,18212,0,31 32,1,100,,18199,0,31 32,1,100,,18204,0,31 32,1,100,,18205,0,31 32,1,100,,18200,0,31 32,1,100,,18213,0,31 32,1,100,,18203,0,31 32,1,100,,18201,0,31 32,1,100,,18208,0,31 32,1,103,,18198,0,31 32,1,97,,18209,0,31 32,1
16001,'F8',556,,18217,0,31 32,1,68,,18228,0,31 32,1,25,,18219,0,31 32,1,67,,18223,0,31 32,1,28,,18222,0,31 32,1,69,,18229,0,31 32,1,19,,18220,0,31 32,1,85,,18224,0,31 32,1,99,,18221,0,31 32,1,93,,18218,0,31 32,1,100,,18214,0,31 32,1,100,,18230,0,31 32,1,100,,18231,0,31 32,1,99,,18232,0,31 32,1,51,,18234,0,31 32,1,96,,18236,0,31 32,1,71,,18233,0,31 32,1,28,,18225,0,31 32,1,65,,18235,0,31 32,1,26,,18215,0,31 32,1,101,,18226,0,31 32,1,100,,18237,0,31 32,1,102,,18216,0,31 32,1,100,,18238,0,31 32,1,90,,18227,0,31 32,1
16001,'F9',546,,18242,0,31 32,1,99,,18253,0,31 32,1,99,,18250,0,31 32,1,100,,18254,0,31 32,1,99,,18243,0,31 32,1,101,,18239,0,31 32,1,100,,18251,0,31 32,1,100,,18246,0,31 32,1,100,,18244,0,31 32,1,100,,18240,0,31 32,1,100,,18247,0,31 32,1,100,,18255,0,31 32,1,100,,18241,0,31 32,1,101,,18248,0,31 32,1,99,,18252,0,31 32,1,103,,18249,0,31 32,1,97,,18245,0,31 32,1
16001,'SA',546,,9360,0,31 32,1,99,,9371,0,31 32,1,99,,9368,0,31 32,1,100,,9372,0,31 32,1,99,,9361,0,31 32,1,101,,9357,0,31 32,1,100,,9369,0,31 32,1,100,,9364,0,31 32,1,100,,9362,0,31 32,1,100,,9358,0,31 32,1,100,,9365,0,31 32,1,100,,9373,0,31 32,1,100,,9359,0,31 32,1,101,,9366,0,31 32,1,99,,9370,0,31 32,1,103,,9367,0,31 32,1,97,,9363,0,31 32,1
16001,'SE',556,,9377,0,31 32,1,68,,9388,0,31 32,1,25,,9379,0,31 32,1,67,,9383,0,31 32,1,28,,9382,0,31 32,1,69,,9389,0,31 32,1,19,,9380,0,31 32,1,85,,9384,0,31 32,1,99,,9381,0,31 32,1,93,,9378,0,31 32,1,100,,9374,0,31 32,1,100,,9390,0,31 32,1,100,,9391,0,31 32,1,99,,9392,0,31 32,1,51,,9394,0,31 32,1,96,,9396,0,31 32,1,71,,9393,0,31 32,1,28,,9385,0,31 32,1,65,,9395,0,31 32,1,26,,9375,0,31 32,1,101,,9386,0,31 32,1,100,,9397,0,31 32,1,102,,9376,0,31 32,1,100,,9398,0,31 32,1,90,,9387,0,31 32,1
