3201,'DI',536,,7704,4893,,,2,99,,7705,4893,,,2,101,,7706,4893,,,2,99,,7707,4893,,,2,102,,7709,4893,,,2,100,,7712,4893,,,2,101,,7724,4893,,,2,101,,7710,4893,,,2,103,,7713,4893,,,2,98,,7723,4893,,,2,104,,7715,4893,,,2,96,,7714,4893,,,2,100,,7717,4893,,,2,100,,7716,4893,,,2,99,,7711,4893,,,2,100,,7718,4893,,,2,100,,7719,4893,,,2,100,,7722,4893,,,2,100,,7721,4893,,,2,100,,7720,4893,,,2,99,,7708,4893,,,2
3201,'F1',536,,7726,4893,,,2,99,,7727,4893,,,2,101,,7728,4893,,,2,96,,7729,4893,,,2,103,,7730,4893,,,2,101,,7725,4893,,,2,102,,7732,4893,,,2,99,,7734,4893,,,2,106,,7735,4893,,,2,102,,7733,4893,,,2,97,,7737,4893,,,2,98,,7736,4893,,,2,100,,7739,4893,,,2,100,,7738,4893,,,2,99,,7741,4893,,,2,100,,7740,4893,,,2,100,,7742,4893,,,2,100,,7745,4893,,,2,100,,7744,4893,,,2,100,,7743,4893,,,2,99,,7731,4893,,,2
3201,'F7',536,,7746,4893,,,2,99,,7747,4893,,,2,101,,7748,4893,,,2,99,,7749,4893,,,2,102,,7751,4893,,,2,100,,7754,4893,,,2,101,,7766,4893,,,2,101,,7752,4893,,,2,103,,7755,4893,,,2,98,,7765,4893,,,2,104,,7757,4893,,,2,96,,7756,4893,,,2,100,,7759,4893,,,2,100,,7758,4893,,,2,99,,7753,4893,,,2,100,,7760,4893,,,2,100,,7761,4893,,,2,100,,7764,4893,,,2,100,,7763,4893,,,2,100,,7762,4893,,,2,99,,7750,4893,,,2
3201,'F8',511,,7779,9180,,,2,30,,7784,9180,,,2,70,,7791,9180,,,2,29,,7782,9180,,,2,76,,7785,9180,,,2,27,,7786,9180,,,2,64,,7787,9180,,,2,30,,7794,9180,,,2,75,,7793,9180,,,2,95,,7769,4893,,,2,101,,7776,4893,,,2,100,,7774,4893,,,2,100,,7773,4893,,,2,100,,7775,4893,,,2,103,,7767,4893,,,2,105,,7768,4893,,,2,21,,7788,9180,,,2,70,,7783,9180,,,2,30,,7780,9180,,,2,70,,7789,9180,,,2,23,,7792,9180,,,2,73,,7790,9180,,,2,25,,7781,9180,,,2,86,,7771,4893,,,2,100,,7778,4893,,,2,98,,7772,4893,,,2,100,,7777,4893,,,2,98,,7770,4893,,,2
3201,'F9',536,,7796,4893,,,2,99,,7797,4893,,,2,101,,7798,4893,,,2,96,,7799,4893,,,2,103,,7800,4893,,,2,101,,7795,4893,,,2,102,,7802,4893,,,2,99,,7804,4893,,,2,106,,7805,4893,,,2,102,,7803,4893,,,2,97,,7807,4893,,,2,98,,7806,4893,,,2,100,,7809,4893,,,2,100,,7808,4893,,,2,99,,7811,4893,,,2,100,,7810,4893,,,2,100,,7812,4893,,,2,100,,7815,4893,,,2,100,,7814,4893,,,2,100,,7813,4893,,,2,99,,7801,4893,,,2
3201,'SA',536,,7817,4893,,,2,99,,7818,4893,,,2,101,,7819,4893,,,2,96,,7820,4893,,,2,103,,7821,4893,,,2,101,,7816,4893,,,2,102,,7823,4893,,,2,99,,7825,4893,,,2,106,,7826,4893,,,2,102,,7824,4893,,,2,97,,7828,4893,,,2,98,,7827,4893,,,2,100,,7830,4893,,,2,100,,7829,4893,,,2,99,,7832,4893,,,2,100,,7831,4893,,,2,100,,7833,4893,,,2,100,,7836,4893,,,2,100,,7835,4893,,,2,100,,7834,4893,,,2,99,,7822,4893,,,2
3201,'SE',511,,7849,9180,,,2,30,,7854,9180,,,2,70,,7861,9180,,,2,29,,7852,9180,,,2,76,,7855,9180,,,2,27,,7856,9180,,,2,64,,7857,9180,,,2,30,,7864,9180,,,2,75,,7863,9180,,,2,95,,7839,4893,,,2,101,,7846,4893,,,2,100,,7844,4893,,,2,100,,7843,4893,,,2,100,,7845,4893,,,2,103,,7837,4893,,,2,105,,7838,4893,,,2,21,,7858,9180,,,2,70,,7853,9180,,,2,30,,7850,9180,,,2,70,,7859,9180,,,2,23,,7862,9180,,,2,73,,7860,9180,,,2,25,,7851,9180,,,2,86,,7841,4893,,,2,100,,7848,4893,,,2,98,,7842,4893,,,2,100,,7847,4893,,,2,98,,7840,4893,,,2
13201,'DI',717,,16425,7643,,,2,100,,16426,7643,,,2,100,,16428,7643,,,2,100,,16441,7643,,,2,100,,16424,7643,,,2,100,,16429,7643,,,2,100,,16440,7643,,,2,100,,16432,7643,,,2,100,,16430,7643,,,2,105,,16434,7643,,,2,95,,16433,7643,,,2,100,,16431,7643,,,2,101,,16435,7643,,,2,98,,16436,7643,,,2,100,,16427,7643,,,2,100,,16438,7643,,,2,100,,16437,7643,,,2,100,,16439,7643,,,2
13201,'F1',717,,16444,7643,,,2,100,,16458,7643,,,2,100,,16443,7643,,,2,100,,16445,7643,,,2,103,,16447,7643,,,2,97,,16442,7643,,,2,104,,16446,7643,,,2,96,,16450,7643,,,2,104,,16448,7643,,,2,96,,16452,7643,,,2,100,,16451,7643,,,2,100,,16449,7643,,,2,101,,16453,7643,,,2,98,,16455,7643,,,2,100,,16454,7643,,,2,100,,16457,7643,,,2,100,,16456,7643,,,2,100,,16459,7643,,,2
13201,'F7',717,,16461,7643,,,2,100,,16462,7643,,,2,100,,16464,7643,,,2,100,,16477,7643,,,2,100,,16460,7643,,,2,100,,16465,7643,,,2,100,,16476,7643,,,2,100,,16468,7643,,,2,100,,16466,7643,,,2,105,,16470,7643,,,2,95,,16469,7643,,,2,100,,16467,7643,,,2,101,,16471,7643,,,2,98,,16472,7643,,,2,100,,16463,7643,,,2,100,,16474,7643,,,2,100,,16473,7643,,,2,100,,16475,7643,,,2
13201,'F8',551,,16481,7643,,,2,70,,16483,7643,,,2,32,,16491,7643,,,2,60,,16495,7643,,,2,24,,16488,7643,,,2,20,,16493,7643,,,2,62,,16492,7643,,,2,18,,16482,7643,,,2,16,,16489,7643,,,2,60,,16494,7643,,,2,20,,16487,7643,,,2,19,,16496,7643,,,2,97,,16503,7643,,,2,99,,16500,7643,,,2,96,,16501,7643,,,2,100,,16478,7643,,,2,110,,16498,7643,,,2,51,,16484,7643,,,2,3,,16485,7643,,,2,43,,16504,7643,,,2,65,,16499,7643,,,2,19,,16486,7643,,,2,19,,16490,7643,,,2,63,,16505,7643,,,2,19,,16479,7643,,,2,18,,16497,7643,,,2,59,,16480,7643,,,2,40,,16502,7643,,,2
13201,'F9',717,,16508,7643,,,2,100,,16522,7643,,,2,100,,16507,7643,,,2,100,,16509,7643,,,2,103,,16511,7643,,,2,97,,16506,7643,,,2,104,,16510,7643,,,2,96,,16514,7643,,,2,104,,16512,7643,,,2,96,,16516,7643,,,2,100,,16515,7643,,,2,100,,16513,7643,,,2,101,,16517,7643,,,2,98,,16519,7643,,,2,100,,16518,7643,,,2,100,,16521,7643,,,2,100,,16520,7643,,,2,100,,16523,7643,,,2
13201,'SA',717,,16526,7643,,,2,100,,16540,7643,,,2,100,,16525,7643,,,2,100,,16527,7643,,,2,103,,16529,7643,,,2,97,,16524,7643,,,2,104,,16528,7643,,,2,96,,16532,7643,,,2,104,,16530,7643,,,2,96,,16534,7643,,,2,100,,16533,7643,,,2,100,,16531,7643,,,2,101,,16535,7643,,,2,98,,16537,7643,,,2,100,,16536,7643,,,2,100,,16539,7643,,,2,100,,16538,7643,,,2,100,,16541,7643,,,2
13201,'SE',551,,16545,7643,,,2,70,,16547,7643,,,2,32,,16555,7643,,,2,60,,16559,7643,,,2,24,,16552,7643,,,2,20,,16557,7643,,,2,62,,16556,7643,,,2,18,,16546,7643,,,2,16,,16553,7643,,,2,60,,16558,7643,,,2,20,,16551,7643,,,2,19,,16560,7643,,,2,97,,16567,7643,,,2,99,,16564,7643,,,2,96,,16565,7643,,,2,100,,16542,7643,,,2,110,,16562,7643,,,2,51,,16548,7643,,,2,3,,16549,7643,,,2,43,,16568,7643,,,2,65,,16563,7643,,,2,19,,16550,7643,,,2,19,,16554,7643,,,2,63,,16569,7643,,,2,19,,16543,7643,,,2,18,,16561,7643,,,2,59,,16544,7643,,,2,40,,16566,7643,,,2
52101,'F8',906,,18748,278,,,2
52101,'SE',906,,18749,278,,,2
54000,'F8',1633,,18794,5234,,,2
54000,'SE',1633,,18795,5234,,,2
