1301,'DI',636,,24063,7387,,,1,100,,3602,7387,,,1,100,,24064,7387,,,1,100,,3603,7387,,,1,100,,24065,7387,,,1,100,,3604,7387,,,1,100,,24066,7387,,,1,100,,3605,7387,,,1,100,,24068,7387,,,1,100,,24075,7387,,,1,100,,24060,7387,,,1,100,,24067,7387,,,1,100,,24062,7387,,,1,100,,24069,7387,,,1,100,,24073,7387,,,1,100,,24071,7387,,,1,100,,24070,7387,,,1,100,,24061,7387,,,1,100,,24074,7387,,,1,100,,24072,7387,,,1
1301,'F1',636,,24083,7387,,,1,100,,24076,7387,,,1,100,,24084,7387,,,1,100,,24078,7387,,,1,100,,24079,7387,,,1,100,,24089,7387,,,1,100,,24077,7387,,,1,100,,24085,7387,,,1,100,,24080,7387,,,1,100,,24086,7387,,,1,100,,24094,7387,,,1,100,,24082,7387,,,1,100,,24090,7387,,,1,100,,24087,7387,,,1,100,,24091,7387,,,1,100,,24081,7387,,,1,100,,24093,7387,,,1,100,,24088,7387,,,1,100,,24092,7387,,,1,100,,24095,7387,,,1
1301,'F2',636,,24104,7387,,,1,100,,24097,7387,,,1,100,,24105,7387,,,1,100,,24098,7387,,,1,100,,24099,7387,,,1,100,,24106,7387,,,1,100,,24108,7387,,,1,100,,24100,7387,,,1,100,,24109,7387,,,1,100,,24101,7387,,,1,100,,24096,7387,,,1,100,,24111,7387,,,1,100,,24114,7387,,,1,100,,24102,7387,,,1,100,,24110,7387,,,1,100,,24107,7387,,,1,100,,24115,7387,,,1,100,,24112,7387,,,1,100,,24103,7387,,,1,100,,24113,7387,,,1
1301,'F7',543,,24130,7387,,,1,72,,24131,7387,,,1,31,,24129,7387,,,1,57,,24118,7387,,,1,14,,24154,7387,,,1,13,,24120,7387,,,1,14,,24147,7387,,,1,61,,24121,7387,,,1,13,,24119,7387,,,1,13,,24158,7387,,,1,15,,24140,7387,,,1,55,,24136,7387,,,1,20,,24139,7387,,,1,29,,24132,7387,,,1,70,,24117,7387,,,1,30,,24135,7387,,,1,70,,24149,7387,,,1,30,,24127,7387,,,1,70,,24141,7387,,,1,31,,24128,7387,,,1,70,,24133,7387,,,1,30,,24150,7387,,,1,70,,24137,7387,,,1,30,,24142,7387,,,1,69,,24155,7387,,,1,35,,24152,7387,,,1,69,,24116,7387,,,1,27,,24123,7387,,,1,55,,24138,7387,,,1,20,,24134,7387,,,1,22,,24159,7387,,,1,58,,24145,7387,,,1,19,,24143,7387,,,1,29,,24124,7387,,,1,68,,24157,7387,,,1,30,,24122,7387,,,1,70,,24151,7387,,,1,30,,24153,7387,,,1,70,,24144,7387,,,1,29,,24156,7387,,,1,100,,24146,7387,,,1,100,,24148,7387,,,1,100,,24125,7387,,,1,98,,24126,7387,,,1
1301,'F8',636,,24168,7387,,,1,100,,24161,7387,,,1,100,,24169,7387,,,1,100,,24162,7387,,,1,100,,24163,7387,,,1,100,,24170,7387,,,1,100,,24172,7387,,,1,100,,24164,7387,,,1,100,,24173,7387,,,1,100,,24165,7387,,,1,100,,24160,7387,,,1,100,,24175,7387,,,1,100,,24178,7387,,,1,100,,24166,7387,,,1,100,,24174,7387,,,1,100,,24171,7387,,,1,100,,24179,7387,,,1,100,,24176,7387,,,1,100,,24167,7387,,,1,100,,24177,7387,,,1
1301,'F9',636,,24187,7387,,,1,100,,24182,7387,,,1,100,,24188,7387,,,1,100,,24183,7387,,,1,100,,24189,7387,,,1,100,,24184,7387,,,1,100,,24190,7387,,,1,100,,24185,7387,,,1,100,,24192,7387,,,1,100,,24199,7387,,,1,100,,24180,7387,,,1,100,,24191,7387,,,1,100,,24186,7387,,,1,100,,24193,7387,,,1,100,,24197,7387,,,1,100,,24195,7387,,,1,100,,24194,7387,,,1,100,,24181,7387,,,1,100,,24198,7387,,,1,100,,24196,7387,,,1
1301,'SA',636,,24208,7387,,,1,100,,24201,7387,,,1,100,,24209,7387,,,1,100,,24202,7387,,,1,100,,24203,7387,,,1,100,,24210,7387,,,1,100,,24212,7387,,,1,100,,24204,7387,,,1,100,,24213,7387,,,1,100,,24205,7387,,,1,100,,24200,7387,,,1,100,,24215,7387,,,1,100,,24218,7387,,,1,100,,24206,7387,,,1,100,,24214,7387,,,1,100,,24211,7387,,,1,100,,24219,7387,,,1,100,,24216,7387,,,1,100,,24207,7387,,,1,100,,24217,7387,,,1
1301,'SE',543,,24234,7387,,,1,72,,24235,7387,,,1,31,,24233,7387,,,1,57,,24222,7387,,,1,14,,24258,7387,,,1,13,,24224,7387,,,1,14,,24251,7387,,,1,61,,24225,7387,,,1,13,,24223,7387,,,1,13,,24262,7387,,,1,15,,24244,7387,,,1,55,,24240,7387,,,1,20,,24243,7387,,,1,29,,24236,7387,,,1,70,,24221,7387,,,1,30,,24239,7387,,,1,70,,24253,7387,,,1,30,,24231,7387,,,1,70,,24245,7387,,,1,31,,24232,7387,,,1,70,,24237,7387,,,1,30,,24254,7387,,,1,70,,24241,7387,,,1,30,,24246,7387,,,1,69,,24259,7387,,,1,35,,24256,7387,,,1,69,,24220,7387,,,1,27,,24227,7387,,,1,55,,24242,7387,,,1,20,,24238,7387,,,1,22,,24263,7387,,,1,58,,24249,7387,,,1,19,,24247,7387,,,1,29,,24228,7387,,,1,68,,24261,7387,,,1,30,,24226,7387,,,1,70,,24255,7387,,,1,30,,24257,7387,,,1,70,,24248,7387,,,1,29,,24260,7387,,,1,100,,24250,7387,,,1,100,,24252,7387,,,1,100,,24229,7387,,,1,98,,24230,7387,,,1
1501,'DI',705,,24559,8428,,,1,100,,24556,8428,,,1,100,,24553,8428,,,1,100,,24566,8428,,,1,101,,24571,8428,,,1,100,,24564,8428,,,1,100,,24560,8428,,,1,100,,24554,8428,,,1,100,,24568,8428,,,1,100,,24555,8428,,,1,100,,24563,8428,,,1,100,,24561,8428,,,1,100,,24565,8428,,,1,97,,24569,8428,,,1,100,,24567,8428,,,1,100,,24562,8428,,,1,100,,24557,8428,,,1,100,,24570,8428,,,1,100,,24558,8428,,,1
1501,'F1',704,,24573,8428,,,1,100,,24579,8428,,,1,100,,24588,8428,,,1,100,,24580,8428,,,1,100,,24582,8428,,,1,100,,24581,8428,,,1,100,,24589,8428,,,1,101,,24574,8428,,,1,100,,24583,8428,,,1,102,,24575,8428,,,1,98,,24572,8428,,,1,100,,24585,8428,,,1,100,,24590,8428,,,1,99,,24576,8428,,,1,100,,24577,8428,,,1,100,,24586,8428,,,1,100,,24578,8428,,,1,100,,24587,8428,,,1,100,,24584,8428,,,1
1501,'F2',704,,24606,8428,,,1,100,,24600,8428,,,1,100,,24594,8428,,,1,100,,24607,8428,,,1,100,,24592,8428,,,1,100,,24591,8428,,,1,100,,24603,8428,,,1,101,,24598,8428,,,1,100,,24602,8428,,,1,102,,24599,8428,,,1,98,,24595,8428,,,1,100,,24601,8428,,,1,100,,24604,8428,,,1,99,,24605,8428,,,1,100,,24593,8428,,,1,100,,24608,8428,,,1,100,,24596,8428,,,1,100,,24609,8428,,,1,100,,24597,8428,,,1
1501,'F7',528,,24622,8428,,,1,86,,24614,8428,,,1,31,,24620,8428,,,1,73,,24642,8428,,,1,21,,24630,8428,,,1,20,,24624,8428,,,1,60,,24615,8428,,,1,30,,24611,8428,,,1,71,,24648,8428,,,1,29,,24632,8428,,,1,68,,24621,8428,,,1,30,,24640,8428,,,1,70,,24634,8428,,,1,30,,24616,8428,,,1,71,,24618,8428,,,1,30,,24635,8428,,,1,70,,24637,8428,,,1,30,,24619,8428,,,1,70,,24617,8428,,,1,30,,24643,8428,,,1,72,,24625,8428,,,1,31,,24646,8428,,,1,63,,24641,8428,,,1,39,,24638,8428,,,1,67,,24627,8428,,,1,30,,24613,8428,,,1,71,,24647,8428,,,1,26,,24636,8428,,,1,70,,24626,8428,,,1,30,,24644,8428,,,1,68,,24639,8428,,,1,30,,24612,8428,,,1,70,,24633,8428,,,1,30,,24645,8428,,,1,70,,24629,8428,,,1,30,,24610,8428,,,1,98,,24623,8428,,,1,100,,24628,8428,,,1,99,,24631,8428,,,1
1501,'F8',704,,24664,8428,,,1,100,,24658,8428,,,1,100,,24652,8428,,,1,100,,24665,8428,,,1,100,,24650,8428,,,1,100,,24649,8428,,,1,100,,24661,8428,,,1,101,,24656,8428,,,1,100,,24660,8428,,,1,102,,24657,8428,,,1,98,,24653,8428,,,1,100,,24659,8428,,,1,100,,24662,8428,,,1,99,,24663,8428,,,1,100,,24651,8428,,,1,100,,24666,8428,,,1,100,,24654,8428,,,1,100,,24667,8428,,,1,100,,24655,8428,,,1
1501,'F9',705,,24674,8428,,,1,100,,24671,8428,,,1,100,,24668,8428,,,1,100,,24681,8428,,,1,101,,24686,8428,,,1,100,,24679,8428,,,1,100,,24675,8428,,,1,100,,24669,8428,,,1,100,,24683,8428,,,1,100,,24670,8428,,,1,100,,24678,8428,,,1,100,,24676,8428,,,1,100,,24680,8428,,,1,97,,24684,8428,,,1,100,,24682,8428,,,1,100,,24677,8428,,,1,100,,24672,8428,,,1,100,,24685,8428,,,1,100,,24673,8428,,,1
1501,'SA',704,,24702,8428,,,1,100,,24696,8428,,,1,100,,24690,8428,,,1,100,,24703,8428,,,1,100,,24688,8428,,,1,100,,24687,8428,,,1,100,,24699,8428,,,1,101,,24694,8428,,,1,100,,24698,8428,,,1,102,,24695,8428,,,1,98,,24691,8428,,,1,100,,24697,8428,,,1,100,,24700,8428,,,1,99,,24701,8428,,,1,100,,24689,8428,,,1,100,,24704,8428,,,1,100,,24692,8428,,,1,100,,24705,8428,,,1,100,,24693,8428,,,1
1501,'SE',528,,24718,8428,,,1,86,,24710,8428,,,1,31,,24716,8428,,,1,73,,24738,8428,,,1,21,,24726,8428,,,1,20,,24720,8428,,,1,60,,24711,8428,,,1,30,,24707,8428,,,1,71,,24744,8428,,,1,29,,24728,8428,,,1,68,,24717,8428,,,1,30,,24736,8428,,,1,70,,24730,8428,,,1,30,,24712,8428,,,1,71,,24714,8428,,,1,30,,24731,8428,,,1,70,,24733,8428,,,1,30,,24715,8428,,,1,70,,24713,8428,,,1,30,,24739,8428,,,1,72,,24721,8428,,,1,31,,24742,8428,,,1,63,,24737,8428,,,1,39,,24734,8428,,,1,67,,24723,8428,,,1,30,,24709,8428,,,1,71,,24743,8428,,,1,26,,24732,8428,,,1,70,,24722,8428,,,1,30,,24740,8428,,,1,68,,24735,8428,,,1,30,,24708,8428,,,1,70,,24729,8428,,,1,30,,24741,8428,,,1,70,,24725,8428,,,1,30,,24706,8428,,,1,98,,24719,8428,,,1,100,,24724,8428,,,1,99,,24727,8428,,,1
5500,'F7',1612,,32108,7971,0,16,2,18,,32106,7971,0,16,2,15,,32110,7971,0,16,2,56,,32104,7971,0,16,2,14,,32102,7971,0,16,2,15,,32109,7971,0,16,2,15,,32107,7971,0,16,2,56,,32111,7971,0,16,2,20,,32105,7971,0,16,2,20,,32103,7971,0,16,2
5500,'SE',1612,,32122,7971,0,16,2,18,,32120,7971,0,16,2,15,,32124,7971,0,16,2,56,,32118,7971,0,16,2,14,,32116,7971,0,16,2,15,,32123,7971,0,16,2,15,,32121,7971,0,16,2,56,,32125,7971,0,16,2,20,,32119,7971,0,16,2,20,,32117,7971,0,16,2
61301,'F7',902,,40772,6375,,,2
61301,'SE',902,,40773,6375,,,2
61801,'F7',854,,40780,7300,,,2
61801,'SE',854,,40781,7300,,,2
