1900,'DI',633,,25744,10047,0,9,2,100,,25745,10047,0,9,2,100,,25746,10047,0,9,2,104,,25747,10047,0,9,2,100,,25748,10047,0,9,2,100,,25749,10047,0,9,2,100,,25750,10047,0,9,2,100,,25751,10047,0,9,2,100,,25752,10047,0,9,2,100,,25753,10047,0,9,2,100,,25754,10047,0,9,2,100,,25755,10047,0,9,2,100,,25756,10047,0,9,2,100,,25757,10047,0,9,2,100,,25758,10047,0,9,2,100,,25759,10047,0,9,2,100,,25760,10047,0,9,2,100,,25761,10047,0,9,2,100,,25762,10047,0,9,2,100,,25743,10047,0,9,2
1900,'F1',633,,25778,10047,0,9,2,70,,25775,10047,0,9,2,30,,25779,10047,0,9,2,70,,25776,10047,0,9,2,30,,25780,10047,0,9,2,70,,25777,10047,0,9,2,34,,25768,10047,0,9,2,70,,25763,10047,0,9,2,30,,25769,10047,0,9,2,70,,25764,10047,0,9,2,30,,25770,10047,0,9,2,70,,25765,10047,0,9,2,30,,25771,10047,0,9,2,70,,25766,10047,0,9,2,30,,25772,10047,0,9,2,70,,25773,10047,0,9,2,30,,5153,10047,0,9,2,70,,25774,10047,0,9,2,30,,5154,10047,0,9,2,70,,25781,10047,0,9,2,30,,5155,10047,0,9,2,70,,25782,10047,0,9,2,30,,5156,10047,0,9,2,70,,25783,10047,0,9,2,30,,5157,10047,0,9,2,100,,25784,10047,0,9,2,100,,25785,10047,0,9,2,100,,25786,10047,0,9,2,100,,25787,10047,0,9,2,100,,25788,10047,0,9,2,100,,25789,10047,0,9,2,100,,25767,10047,0,9,2
1900,'F2',633,,25790,10047,0,9,2,70,,25799,10047,0,9,2,30,,25791,10047,0,9,2,70,,25800,10047,0,9,2,30,,25792,10047,0,9,2,70,,25801,10047,0,9,2,34,,25793,10047,0,9,2,70,,25802,10047,0,9,2,30,,25794,10047,0,9,2,70,,25803,10047,0,9,2,30,,25795,10047,0,9,2,70,,25815,10047,0,9,2,30,,25796,10047,0,9,2,70,,25816,10047,0,9,2,30,,25797,10047,0,9,2,70,,25817,10047,0,9,2,30,,25798,10047,0,9,2,70,,25818,10047,0,9,2,30,,25804,10047,0,9,2,70,,25819,10047,0,9,2,30,,25805,10047,0,9,2,70,,25820,10047,0,9,2,30,,25806,10047,0,9,2,70,,25821,10047,0,9,2,30,,25807,10047,0,9,2,100,,25808,10047,0,9,2,100,,25809,10047,0,9,2,100,,25810,10047,0,9,2,100,,25811,10047,0,9,2,100,,25812,10047,0,9,2,100,,25813,10047,0,9,2,100,,25814,10047,0,9,2
1900,'F7',557,,25841,10047,0,9,2,76,,25860,10047,0,9,2,67,,25842,10047,0,9,2,12,,25843,10047,0,9,2,12,,25825,10047,0,9,2,12,,25840,10047,0,9,2,15,,25822,10047,0,9,2,61,,25839,10047,0,9,2,20,,25826,10047,0,9,2,72,,25823,10047,0,9,2,34,,25854,10047,0,9,2,70,,25824,10047,0,9,2,30,,25827,10047,0,9,2,70,,25844,10047,0,9,2,30,,25828,10047,0,9,2,70,,25845,10047,0,9,2,30,,25848,10047,0,9,2,70,,25846,10047,0,9,2,30,,25849,10047,0,9,2,71,,25847,10047,0,9,2,30,,25850,10047,0,9,2,70,,25838,10047,0,9,2,28,,25863,10047,0,9,2,21,,25861,10047,0,9,2,63,,25858,10047,0,9,2,20,,25855,10047,0,9,2,61,,25859,10047,0,9,2,18,,25851,10047,0,9,2,17,,25852,10047,0,9,2,22,,25864,10047,0,9,2,59,,25833,10047,0,9,2,24,,25853,10047,0,9,2,66,,25829,10047,0,9,2,30,,25856,10047,0,9,2,70,,25830,10047,0,9,2,30,,25857,10047,0,9,2,70,,25831,10047,0,9,2,30,,25862,10047,0,9,2,70,,25832,10047,0,9,2,30,,25834,10047,0,9,2,100,,25835,10047,0,9,2,100,,25836,10047,0,9,2,100,,25837,10047,0,9,2
1900,'F8',633,,25865,10047,0,9,2,70,,25874,10047,0,9,2,30,,25866,10047,0,9,2,70,,25875,10047,0,9,2,30,,25867,10047,0,9,2,70,,25876,10047,0,9,2,34,,25868,10047,0,9,2,70,,25877,10047,0,9,2,30,,25869,10047,0,9,2,70,,25878,10047,0,9,2,30,,25870,10047,0,9,2,70,,25890,10047,0,9,2,30,,25871,10047,0,9,2,70,,25891,10047,0,9,2,30,,25872,10047,0,9,2,70,,25892,10047,0,9,2,30,,25873,10047,0,9,2,70,,25893,10047,0,9,2,30,,25879,10047,0,9,2,70,,25894,10047,0,9,2,30,,25880,10047,0,9,2,70,,25895,10047,0,9,2,30,,25881,10047,0,9,2,70,,25896,10047,0,9,2,30,,25882,10047,0,9,2,100,,25883,10047,0,9,2,100,,25884,10047,0,9,2,100,,25885,10047,0,9,2,100,,25886,10047,0,9,2,100,,25887,10047,0,9,2,100,,25888,10047,0,9,2,100,,25889,10047,0,9,2
1900,'F9',633,,25898,10047,0,9,2,100,,25899,10047,0,9,2,100,,25900,10047,0,9,2,104,,25901,10047,0,9,2,100,,25902,10047,0,9,2,100,,25903,10047,0,9,2,100,,25904,10047,0,9,2,100,,25905,10047,0,9,2,100,,25906,10047,0,9,2,100,,25907,10047,0,9,2,100,,25908,10047,0,9,2,100,,25909,10047,0,9,2,100,,25910,10047,0,9,2,100,,25911,10047,0,9,2,100,,25912,10047,0,9,2,100,,25913,10047,0,9,2,100,,25914,10047,0,9,2,100,,25915,10047,0,9,2,100,,25916,10047,0,9,2,100,,25897,10047,0,9,2
1900,'SA',633,,25917,10047,0,9,2,70,,25926,10047,0,9,2,30,,25918,10047,0,9,2,70,,25927,10047,0,9,2,30,,25919,10047,0,9,2,70,,25928,10047,0,9,2,34,,25920,10047,0,9,2,70,,25929,10047,0,9,2,30,,25921,10047,0,9,2,70,,25930,10047,0,9,2,30,,25922,10047,0,9,2,70,,25942,10047,0,9,2,30,,25923,10047,0,9,2,70,,25943,10047,0,9,2,30,,25924,10047,0,9,2,70,,25944,10047,0,9,2,30,,25925,10047,0,9,2,70,,25945,10047,0,9,2,30,,25931,10047,0,9,2,70,,25946,10047,0,9,2,30,,25932,10047,0,9,2,70,,25947,10047,0,9,2,30,,25933,10047,0,9,2,70,,25948,10047,0,9,2,30,,25934,10047,0,9,2,100,,25935,10047,0,9,2,100,,25936,10047,0,9,2,100,,25937,10047,0,9,2,100,,25938,10047,0,9,2,100,,25939,10047,0,9,2,100,,25940,10047,0,9,2,100,,25941,10047,0,9,2
1900,'SE',557,,25968,10047,0,9,2,76,,25987,10047,0,9,2,67,,25969,10047,0,9,2,12,,25970,10047,0,9,2,12,,25952,10047,0,9,2,12,,25967,10047,0,9,2,15,,25949,10047,0,9,2,61,,25966,10047,0,9,2,20,,25953,10047,0,9,2,72,,25950,10047,0,9,2,34,,25981,10047,0,9,2,70,,25951,10047,0,9,2,30,,25954,10047,0,9,2,70,,25971,10047,0,9,2,30,,25955,10047,0,9,2,70,,25972,10047,0,9,2,30,,25975,10047,0,9,2,70,,25973,10047,0,9,2,30,,25976,10047,0,9,2,71,,25974,10047,0,9,2,30,,25977,10047,0,9,2,70,,25965,10047,0,9,2,28,,25990,10047,0,9,2,21,,25988,10047,0,9,2,63,,25985,10047,0,9,2,20,,25982,10047,0,9,2,61,,25986,10047,0,9,2,18,,25978,10047,0,9,2,17,,25979,10047,0,9,2,22,,25991,10047,0,9,2,59,,25960,10047,0,9,2,24,,25980,10047,0,9,2,66,,25956,10047,0,9,2,30,,25983,10047,0,9,2,70,,25957,10047,0,9,2,30,,25984,10047,0,9,2,70,,25958,10047,0,9,2,30,,25989,10047,0,9,2,70,,25959,10047,0,9,2,30,,25961,10047,0,9,2,100,,25962,10047,0,9,2,100,,25963,10047,0,9,2,100,,25964,10047,0,9,2
53900,'F7',1643,,40682,9470,,,2
53900,'SE',1643,,40683,9470,,,2
60100,'F7',1623,,40741,9410,,,2
60100,'SE',1623,,40742,9410,,,2
