6100,'DI',721,,11049,13271,,,2,89,,11053,13271,,,2,30,,11050,13271,,,2,70,,11056,13271,,,2,30,,11054,13271,,,2,70,,11051,13271,,,2,30,,11057,13271,,,2,70,,11059,13271,,,2,30,,11064,13271,,,2,70,,11069,13271,,,2,30,,11060,13271,,,2,70,,11065,13271,,,2,30,,11070,13271,,,2,70,,11061,13271,,,2,30,,11066,13271,,,2,70,,11072,13271,,,2,30,,11062,13271,,,2,74,,11067,13271,,,2,21,,11073,13271,,,2,75,,11076,13271,,,2,20,,11080,13271,,,2,80,,11074,13271,,,2,25,,11077,13271,,,2,70,,11081,13271,,,2,45,,11078,13271,,,2,100,,11082,13271,,,2,100,,11084,13271,,,2,100,,11086,13271,,,2,100,,11088,13271,,,2,100,,11089,13271,,,2
6100,'F1',721,,11090,13271,,,2,89,,11094,13271,,,2,30,,11091,13271,,,2,70,,11097,13271,,,2,30,,11095,13271,,,2,70,,11092,13271,,,2,30,,11098,13271,,,2,70,,11100,13271,,,2,30,,11105,13271,,,2,70,,11108,13271,,,2,30,,11101,13271,,,2,70,,11106,13271,,,2,30,,11109,13271,,,2,70,,11102,13271,,,2,30,,11111,13271,,,2,70,,11116,13271,,,2,30,,11103,13271,,,2,74,,11112,13271,,,2,21,,11117,13271,,,2,75,,11120,13271,,,2,20,,11113,13271,,,2,80,,11118,13271,,,2,25,,11121,13271,,,2,70,,11114,13271,,,2,45,,11123,13271,,,2,100,,11126,13271,,,2,100,,11124,13271,,,2,100,,11128,13271,,,2,100,,11127,13271,,,2,100,,11129,13271,,,2
6100,'F7',721,,11130,13271,,,2,89,,11134,13271,,,2,30,,11131,13271,,,2,70,,11137,13271,,,2,30,,11135,13271,,,2,70,,11132,13271,,,2,30,,11138,13271,,,2,70,,11140,13271,,,2,30,,11145,13271,,,2,70,,11150,13271,,,2,30,,11141,13271,,,2,70,,11146,13271,,,2,30,,11151,13271,,,2,70,,11142,13271,,,2,30,,11147,13271,,,2,70,,11153,13271,,,2,30,,11143,13271,,,2,74,,11148,13271,,,2,21,,11154,13271,,,2,75,,11157,13271,,,2,20,,11161,13271,,,2,80,,11155,13271,,,2,25,,11158,13271,,,2,70,,11162,13271,,,2,45,,11159,13271,,,2,100,,11163,13271,,,2,100,,11165,13271,,,2,100,,11167,13271,,,2,100,,11169,13271,,,2,100,,11170,13271,,,2
6100,'F8',630,,11173,13271,,,2,28,,11171,13271,,,2,66,,11180,13271,,,2,9,,11185,13271,,,2,19,,11177,13271,,,2,66,,11174,13271,,,2,22,,11182,13271,,,2,15,,11187,13271,,,2,76,,11178,13271,,,2,70,,11175,13271,,,2,30,,11183,13271,,,2,71,,11227,13271,,,2,30,,11181,13271,,,2,70,,11188,13271,,,2,30,,11192,13271,,,2,70,,11189,13271,,,2,30,,11190,13271,,,2,73,,11194,13271,,,2,21,,11197,13271,,,2,27,,11202,13271,,,2,63,,11191,13271,,,2,20,,11193,13271,,,2,64,,11205,13271,,,2,4,,11208,13271,,,2,25,,11198,13271,,,2,7,,11200,13271,,,2,14,,11209,13271,,,2,53,,11210,13271,,,2,14,,11195,13271,,,2,15,,11214,13271,,,2,6,,11217,13271,,,2,18,,11206,13271,,,2,54,,11203,13271,,,2,24,,11219,13271,,,2,24,,11211,13271,,,2,68,,11222,13271,,,2,29,,11225,13271,,,2,70,,11215,13271,,,2,29,,11218,13271,,,2,70,,11226,13271,,,2,30,,11212,13271,,,2,68,,11223,13271,,,2,30,,11220,13271,,,2,69,,11216,13271,,,2,30,,11224,13271,,,2,70,,11221,13271,,,2
6100,'F9',721,,11229,13271,,,2,89,,11233,13271,,,2,30,,11230,13271,,,2,70,,11236,13271,,,2,30,,11234,13271,,,2,70,,11231,13271,,,2,30,,11237,13271,,,2,70,,11239,13271,,,2,30,,11244,13271,,,2,70,,11247,13271,,,2,30,,11240,13271,,,2,70,,11245,13271,,,2,30,,11248,13271,,,2,70,,11241,13271,,,2,30,,11250,13271,,,2,70,,11255,13271,,,2,30,,11242,13271,,,2,74,,11251,13271,,,2,21,,11256,13271,,,2,75,,11259,13271,,,2,20,,11252,13271,,,2,80,,11257,13271,,,2,25,,11260,13271,,,2,70,,11253,13271,,,2,45,,11262,13271,,,2,100,,11265,13271,,,2,100,,11263,13271,,,2,100,,11267,13271,,,2,100,,11266,13271,,,2,100,,11268,13271,,,2
6100,'SA',721,,11269,13271,,,2,89,,11273,13271,,,2,30,,11270,13271,,,2,70,,11276,13271,,,2,30,,11274,13271,,,2,70,,11271,13271,,,2,30,,11277,13271,,,2,70,,11279,13271,,,2,30,,11284,13271,,,2,70,,11287,13271,,,2,30,,11280,13271,,,2,70,,11285,13271,,,2,30,,11288,13271,,,2,70,,11281,13271,,,2,30,,11290,13271,,,2,70,,11295,13271,,,2,30,,11282,13271,,,2,74,,11291,13271,,,2,21,,11296,13271,,,2,75,,11299,13271,,,2,20,,11292,13271,,,2,80,,11297,13271,,,2,25,,11300,13271,,,2,70,,11293,13271,,,2,45,,11302,13271,,,2,100,,11305,13271,,,2,100,,11303,13271,,,2,100,,11307,13271,,,2,100,,11306,13271,,,2,100,,11308,13271,,,2
6100,'SE',630,,11311,13271,,,2,28,,11309,13271,,,2,66,,11318,13271,,,2,9,,11323,13271,,,2,19,,11315,13271,,,2,66,,11312,13271,,,2,22,,11320,13271,,,2,15,,11325,13271,,,2,76,,11316,13271,,,2,70,,11313,13271,,,2,30,,11321,13271,,,2,71,,11365,13271,,,2,30,,11319,13271,,,2,70,,11326,13271,,,2,30,,11330,13271,,,2,70,,11327,13271,,,2,30,,11328,13271,,,2,73,,11332,13271,,,2,21,,11335,13271,,,2,27,,11340,13271,,,2,63,,11329,13271,,,2,20,,11331,13271,,,2,64,,11343,13271,,,2,4,,11346,13271,,,2,25,,11336,13271,,,2,7,,11338,13271,,,2,14,,11347,13271,,,2,53,,11348,13271,,,2,14,,11333,13271,,,2,15,,11352,13271,,,2,6,,11355,13271,,,2,18,,11344,13271,,,2,54,,11341,13271,,,2,24,,11357,13271,,,2,24,,11349,13271,,,2,68,,11360,13271,,,2,29,,11363,13271,,,2,70,,11353,13271,,,2,29,,11356,13271,,,2,70,,11364,13271,,,2,30,,11350,13271,,,2,68,,11361,13271,,,2,30,,11358,13271,,,2,69,,11354,13271,,,2,30,,11362,13271,,,2,70,,11359,13271,,,2
16100,'DI',631,,16839,16417,,,2,1172,,16840,16417,,,2
16100,'F1',631,,16853,16417,,,2,1102,,16852,16417,,,2
16100,'F7',631,,16865,16417,,,2,1172,,16866,16417,,,2
16100,'F8',709,,16881,16306,,,2,25,,16879,16306,,,2,25,,16880,16306,,,2,462,,16883,16417,,,2,389,,16885,16417,,,2,41,,16884,16417,,,2,80,,16882,16417,,,2,100,,16886,16417,,,2
16100,'F9',631,,16899,16417,,,2,1102,,16898,16417,,,2
16100,'SA',631,,16912,16417,,,2,1102,,16911,16417,,,2
16100,'SE',709,,16927,16306,,,2,25,,16925,16306,,,2,25,,16926,16306,,,2,462,,16929,16417,,,2,389,,16931,16417,,,2,41,,16930,16417,,,2,80,,16928,16417,,,2,100,,16932,16417,,,2
