301,'DI',630,,698,8700,,,1,100,,687,8700,,,1,100,,699,8700,,,1,100,,688,8700,,,1,100,,700,8700,,,1,100,,689,8700,,,1,100,,701,8700,,,1,100,,690,8700,,,1,100,,702,8700,,,1,100,,703,8700,,,1,100,,704,8700,,,1,100,,705,8700,,,1,100,,706,8700,,,1,100,,691,8700,,,1,100,,692,8700,,,1,100,,693,8700,,,1,100,,694,8700,,,1,100,,695,8700,,,1,100,,696,8700,,,1
301,'F1',600,,707,8700,,,1,30,,727,8700,,,1,70,,708,8700,,,1,30,,732,8700,,,1,70,,709,8700,,,1,30,,734,8700,,,1,70,,710,8700,,,1,30,,733,8700,,,1,70,,711,8700,,,1,30,,728,8700,,,1,70,,712,8700,,,1,30,,729,8700,,,1,70,,713,8700,,,1,30,,737,8700,,,1,70,,714,8700,,,1,30,,735,8700,,,1,70,,715,8700,,,1,30,,738,8700,,,1,70,,716,8700,,,1,30,,736,8700,,,1,70,,717,8700,,,1,30,,730,8700,,,1,70,,718,8700,,,1,30,,731,8700,,,1,70,,719,8700,,,1,30,,740,8700,,,1,100,,721,8700,,,1,100,,722,8700,,,1,100,,723,8700,,,1,100,,724,8700,,,1,100,,725,8700,,,1,100,,739,8700,,,1
301,'F7',630,,752,8700,,,1,100,,741,8700,,,1,100,,753,8700,,,1,100,,742,8700,,,1,100,,754,8700,,,1,100,,743,8700,,,1,100,,755,8700,,,1,100,,744,8700,,,1,100,,756,8700,,,1,100,,757,8700,,,1,100,,758,8700,,,1,100,,759,8700,,,1,100,,760,8700,,,1,100,,745,8700,,,1,100,,746,8700,,,1,100,,747,8700,,,1,100,,748,8700,,,1,100,,749,8700,,,1,100,,750,8700,,,1
301,'F8',517,,776,8700,,,1,30,,777,8700,,,1,72,,799,8700,,,1,25,,793,8700,,,1,61,,788,8700,,,1,20,,800,8700,,,1,22,,797,8700,,,1,57,,789,8700,,,1,22,,791,8700,,,1,21,,798,8700,,,1,59,,790,8700,,,1,28,,771,8700,,,1,70,,774,8700,,,1,30,,770,8700,,,1,70,,775,8700,,,1,30,,761,8700,,,1,70,,765,8700,,,1,30,,762,8700,,,1,70,,766,8700,,,1,30,,763,8700,,,1,70,,767,8700,,,1,30,,764,8700,,,1,70,,792,8700,,,1,32,,786,8700,,,1,79,,804,8700,,,1,44,,796,8700,,,1,81,,802,8700,,,1,77,,803,8700,,,1,89,,783,8700,,,1,27,,778,8700,,,1,67,,768,8700,,,1,30,,779,8700,,,1,70,,769,8700,,,1,30,,780,8700,,,1,70,,784,8700,,,1,30,,781,8700,,,1,100,,782,8700,,,1,100,,772,8700,,,1
301,'F9',600,,805,8700,,,1,30,,825,8700,,,1,70,,806,8700,,,1,30,,830,8700,,,1,70,,807,8700,,,1,30,,832,8700,,,1,70,,808,8700,,,1,30,,831,8700,,,1,70,,809,8700,,,1,30,,826,8700,,,1,70,,810,8700,,,1,30,,827,8700,,,1,70,,811,8700,,,1,30,,835,8700,,,1,70,,812,8700,,,1,30,,833,8700,,,1,70,,813,8700,,,1,30,,836,8700,,,1,70,,814,8700,,,1,30,,834,8700,,,1,70,,815,8700,,,1,30,,828,8700,,,1,70,,816,8700,,,1,30,,829,8700,,,1,70,,817,8700,,,1,30,,838,8700,,,1,100,,819,8700,,,1,100,,820,8700,,,1,100,,821,8700,,,1,100,,822,8700,,,1,100,,823,8700,,,1,100,,837,8700,,,1
301,'SA',600,,839,8700,,,1,30,,859,8700,,,1,70,,840,8700,,,1,30,,864,8700,,,1,70,,841,8700,,,1,30,,866,8700,,,1,70,,842,8700,,,1,30,,865,8700,,,1,70,,843,8700,,,1,30,,860,8700,,,1,70,,844,8700,,,1,30,,861,8700,,,1,70,,845,8700,,,1,30,,869,8700,,,1,70,,846,8700,,,1,30,,867,8700,,,1,70,,847,8700,,,1,30,,870,8700,,,1,70,,848,8700,,,1,30,,868,8700,,,1,70,,849,8700,,,1,30,,862,8700,,,1,70,,850,8700,,,1,30,,863,8700,,,1,70,,851,8700,,,1,30,,872,8700,,,1,100,,853,8700,,,1,100,,854,8700,,,1,100,,855,8700,,,1,100,,856,8700,,,1,100,,857,8700,,,1,100,,871,8700,,,1
301,'SE',517,,888,8700,,,1,30,,889,8700,,,1,72,,911,8700,,,1,25,,905,8700,,,1,61,,900,8700,,,1,20,,912,8700,,,1,22,,909,8700,,,1,57,,901,8700,,,1,22,,903,8700,,,1,21,,910,8700,,,1,59,,902,8700,,,1,28,,883,8700,,,1,70,,886,8700,,,1,30,,882,8700,,,1,70,,887,8700,,,1,30,,873,8700,,,1,70,,877,8700,,,1,30,,874,8700,,,1,70,,878,8700,,,1,30,,875,8700,,,1,70,,879,8700,,,1,30,,876,8700,,,1,70,,904,8700,,,1,32,,898,8700,,,1,79,,916,8700,,,1,44,,908,8700,,,1,81,,914,8700,,,1,77,,915,8700,,,1,89,,895,8700,,,1,27,,890,8700,,,1,67,,880,8700,,,1,30,,891,8700,,,1,70,,881,8700,,,1,30,,892,8700,,,1,70,,896,8700,,,1,30,,893,8700,,,1,100,,894,8700,,,1,100,,884,8700,,,1
400,'DI',645,,926,19663,,,1,69,,920,19663,,,1,30,,929,19663,,,1,70,,930,19663,,,1,30,,927,19663,,,1,72,,921,19663,,,1,30,,918,19663,,,1,72,,942,19663,,,1,30,,939,19663,,,1,70,,922,19663,,,1,33,,919,19663,,,1,70,,943,19663,,,1,27,,940,19663,,,1,71,,923,19663,,,1,32,,951,19663,,,1,70,,935,19663,,,1,28,,941,19663,,,1,71,,924,19663,,,1,29,,945,19663,,,1,70,,949,19663,,,1,32,,947,19663,,,1,70,,925,19663,,,1,30,,946,19663,,,1,70,,950,19663,,,1,30,,948,19663,,,1,68,,931,19663,,,1,30,,934,19663,,,1,70,,936,19663,,,1,30,,938,19663,,,1,70,,932,19663,,,1,30,,933,19663,,,1,70,,917,19663,,,1,30,,928,19663,,,1,100,,944,19663,,,1,100,,937,19663,,,1
400,'F1',645,,954,19663,,,1,69,,965,19663,,,1,30,,956,19663,,,1,70,,957,19663,,,1,30,,955,19663,,,1,72,,966,19663,,,1,30,,981,19663,,,1,72,,958,19663,,,1,31,,972,19663,,,1,70,,967,19663,,,1,32,,970,19663,,,1,70,,959,19663,,,1,30,,976,19663,,,1,70,,953,19663,,,1,30,,978,19663,,,1,70,,973,19663,,,1,30,,983,19663,,,1,70,,952,19663,,,1,30,,960,19663,,,1,70,,977,19663,,,1,30,,971,19663,,,1,70,,984,19663,,,1,30,,980,19663,,,1,70,,975,19663,,,1,28,,974,19663,,,1,70,,986,19663,,,1,30,,969,19663,,,1,70,,961,19663,,,1,30,,982,19663,,,1,70,,985,19663,,,1,30,,962,19663,,,1,70,,979,19663,,,1,30,,968,19663,,,1,100,,964,19663,,,1,100,,963,19663,,,1
400,'F7',645,,996,19663,,,1,69,,990,19663,,,1,30,,999,19663,,,1,70,,1000,19663,,,1,30,,997,19663,,,1,72,,991,19663,,,1,30,,988,19663,,,1,72,,1012,19663,,,1,30,,1009,19663,,,1,70,,992,19663,,,1,33,,989,19663,,,1,70,,1013,19663,,,1,27,,1010,19663,,,1,71,,993,19663,,,1,32,,1021,19663,,,1,70,,1005,19663,,,1,28,,1011,19663,,,1,71,,994,19663,,,1,29,,1015,19663,,,1,70,,1019,19663,,,1,32,,1017,19663,,,1,70,,995,19663,,,1,30,,1016,19663,,,1,70,,1020,19663,,,1,30,,1018,19663,,,1,68,,1001,19663,,,1,30,,1004,19663,,,1,70,,1006,19663,,,1,30,,1008,19663,,,1,70,,1002,19663,,,1,30,,1003,19663,,,1,70,,987,19663,,,1,30,,998,19663,,,1,100,,1014,19663,,,1,100,,1007,19663,,,1
400,'F8',550,,1049,19663,,,1,65,,1055,19663,,,1,28,,1047,19663,,,1,60,,1057,19663,,,1,15,,1051,19663,,,1,20,,1048,19663,,,1,66,,1050,19663,,,1,20,,1056,19663,,,1,24,,1062,19663,,,1,8,,1059,19663,,,1,72,,1058,19663,,,1,13,,1035,19663,,,1,63,,1032,19663,,,1,31,,1034,19663,,,1,70,,1022,19663,,,1,30,,1027,19663,,,1,70,,1046,19663,,,1,30,,1037,19663,,,1,70,,1036,19663,,,1,30,,1031,19663,,,1,70,,1041,19663,,,1,29,,1029,19663,,,1,69,,1024,19663,,,1,34,,1060,19663,,,1,66,,1053,19663,,,1,37,,1052,19663,,,1,67,,1054,19663,,,1,30,,1061,19663,,,1,69,,1063,19663,,,1,25,,1025,19663,,,1,20,,1042,19663,,,1,71,,1038,19663,,,1,34,,1039,19663,,,1,70,,1033,19663,,,1,30,,1045,19663,,,1,67,,1043,19663,,,1,30,,1023,19663,,,1,70,,1030,19663,,,1,27,,1044,19663,,,1,70,,1028,19663,,,1,100,,1040,19663,,,1
400,'F9',645,,1066,19663,,,1,69,,1077,19663,,,1,30,,1068,19663,,,1,70,,1069,19663,,,1,30,,1067,19663,,,1,72,,1078,19663,,,1,30,,1093,19663,,,1,72,,1070,19663,,,1,31,,1084,19663,,,1,70,,1079,19663,,,1,32,,1082,19663,,,1,70,,1071,19663,,,1,30,,1088,19663,,,1,70,,1065,19663,,,1,30,,1090,19663,,,1,70,,1085,19663,,,1,30,,1095,19663,,,1,70,,1064,19663,,,1,30,,1072,19663,,,1,70,,1089,19663,,,1,30,,1083,19663,,,1,70,,1096,19663,,,1,30,,1092,19663,,,1,70,,1087,19663,,,1,28,,1086,19663,,,1,70,,1098,19663,,,1,30,,1081,19663,,,1,70,,1073,19663,,,1,30,,1094,19663,,,1,70,,1097,19663,,,1,30,,1074,19663,,,1,70,,1091,19663,,,1,30,,1080,19663,,,1,100,,1076,19663,,,1,100,,1075,19663,,,1
400,'SA',645,,1101,19663,,,1,69,,1112,19663,,,1,30,,1103,19663,,,1,70,,1104,19663,,,1,30,,1102,19663,,,1,72,,1113,19663,,,1,30,,1128,19663,,,1,72,,1105,19663,,,1,31,,1119,19663,,,1,70,,1114,19663,,,1,32,,1117,19663,,,1,70,,1106,19663,,,1,30,,1123,19663,,,1,70,,1100,19663,,,1,30,,1125,19663,,,1,70,,1120,19663,,,1,30,,1130,19663,,,1,70,,1099,19663,,,1,30,,1107,19663,,,1,70,,1124,19663,,,1,30,,1118,19663,,,1,70,,1131,19663,,,1,30,,1127,19663,,,1,70,,1122,19663,,,1,28,,1121,19663,,,1,70,,1133,19663,,,1,30,,1116,19663,,,1,70,,1108,19663,,,1,30,,1129,19663,,,1,70,,1132,19663,,,1,30,,1109,19663,,,1,70,,1126,19663,,,1,30,,1115,19663,,,1,100,,1111,19663,,,1,100,,1110,19663,,,1
400,'SE',550,,1161,19663,,,1,65,,1167,19663,,,1,28,,1159,19663,,,1,60,,1169,19663,,,1,15,,1163,19663,,,1,20,,1160,19663,,,1,66,,1162,19663,,,1,20,,1168,19663,,,1,24,,1174,19663,,,1,8,,1171,19663,,,1,72,,1170,19663,,,1,13,,1147,19663,,,1,63,,1144,19663,,,1,31,,1146,19663,,,1,70,,1134,19663,,,1,30,,1139,19663,,,1,70,,1158,19663,,,1,30,,1149,19663,,,1,70,,1148,19663,,,1,30,,1143,19663,,,1,70,,1153,19663,,,1,29,,1141,19663,,,1,69,,1136,19663,,,1,34,,1172,19663,,,1,66,,1165,19663,,,1,37,,1164,19663,,,1,67,,1166,19663,,,1,30,,1173,19663,,,1,69,,1175,19663,,,1,25,,1137,19663,,,1,20,,1154,19663,,,1,71,,1150,19663,,,1,34,,1151,19663,,,1,70,,1145,19663,,,1,30,,1157,19663,,,1,67,,1155,19663,,,1,30,,1135,19663,,,1,70,,1142,19663,,,1,27,,1156,19663,,,1,70,,1140,19663,,,1,100,,1152,19663,,,1
901,'F8',629,,3077,12976,,,2,72,,3076,12976,,,2,32,,3079,12976,,,2,70,,3078,12976,,,2,30,,3080,12976,,,2,821,,3081,6439,,,2,76,,3082,6439,,,2,24,,3083,6439,,,2
901,'SE',629,,3085,12976,,,2,72,,3084,12976,,,2,32,,3087,12976,,,2,70,,3086,12976,,,2,30,,3088,12976,,,2,821,,3089,6439,,,2,76,,3090,6439,,,2,24,,3091,6439,,,2
1901,'DI',559,,5328,13039,,,2,100,,5329,13039,,,2,100,,5330,13039,,,2,100,,5331,13039,,,2,144,,5332,13039,,,2,100,,5333,13039,,,2,100,,5334,13039,,,2,100,,5335,13039,,,2,100,,5336,13039,,,2,100,,5338,13039,,,2,100,,5339,13039,,,2,100,,5340,13039,,,2,100,,5341,13039,,,2,100,,5342,13039,,,2,100,,5343,13039,,,2,100,,5344,13039,,,2,100,,5345,13039,,,2,100,,5346,13039,,,2,100,,5347,13039,,,2,100,,5348,13039,,,2
1901,'F1',559,,5349,13039,,,2,70,,5356,13039,,,2,30,,5350,13039,,,2,70,,5357,13039,,,2,30,,5351,13039,,,2,70,,5358,13039,,,2,30,,5352,13039,,,2,70,,5359,13039,,,2,74,,5353,13039,,,2,30,,5360,13039,,,2,70,,5354,13039,,,2,30,,5368,13039,,,2,70,,5355,13039,,,2,30,,5369,13039,,,2,70,,5376,13039,,,2,30,,5370,13039,,,2,70,,5377,13039,,,2,30,,5371,13039,,,2,70,,5378,13039,,,2,30,,5372,13039,,,2,70,,5379,13039,,,2,30,,5373,13039,,,2,70,,5380,13039,,,2,30,,5374,13039,,,2,70,,5381,13039,,,2,30,,5375,13039,,,2,70,,5382,13039,,,2,100,,5361,13039,,,2,100,,5362,13039,,,2,100,,5363,13039,,,2,100,,5364,13039,,,2,100,,5365,13039,,,2,100,,5366,13039,,,2
1901,'F7',559,,5383,13039,,,2,100,,5384,13039,,,2,100,,5385,13039,,,2,100,,5386,13039,,,2,144,,5387,13039,,,2,100,,5388,13039,,,2,100,,5389,13039,,,2,100,,5390,13039,,,2,100,,5391,13039,,,2,100,,5393,13039,,,2,100,,5394,13039,,,2,100,,5395,13039,,,2,100,,5396,13039,,,2,100,,5397,13039,,,2,100,,5398,13039,,,2,100,,5399,13039,,,2,100,,5400,13039,,,2,100,,5401,13039,,,2,100,,5402,13039,,,2,100,,5403,13039,,,2
1901,'F8',518,,5416,13039,,,2,35,,5417,13039,,,2,70,,5446,13039,,,2,23,,5432,11061,,,2,54,,5434,11061,,,2,15,,5430,11061,,,2,13,,5433,11061,,,2,13,,5437,11061,,,2,12,,5439,11061,,,2,52,,5435,11061,,,2,14,,5431,11061,,,2,21,,5438,11061,,,2,60,,5436,11061,,,2,32,,5405,13039,,,2,74,,5404,13039,,,2,30,,5406,13039,,,2,70,,5418,13039,,,2,30,,5407,13039,,,2,70,,5419,13039,,,2,30,,5408,13039,,,2,70,,5420,13039,,,2,30,,5409,13039,,,2,70,,5421,13039,,,2,32,,5410,13039,,,2,72,,5449,13039,,,2,30,,5440,13039,,,2,70,,5447,13039,,,2,21,,5448,13039,,,2,23,,5441,13039,,,2,60,,5445,13039,,,2,21,,5442,13039,,,2,16,,5443,13039,,,2,57,,5444,13039,,,2,19,,5450,13039,,,2,19,,5429,13039,,,2,64,,5422,13039,,,2,25,,5428,13039,,,2,70,,5427,13039,,,2,30,,5411,13039,,,2,70,,5425,13039,,,2,30,,5412,13039,,,2,69,,5426,13039,,,2,100,,5423,13039,,,2,100,,5424,13039,,,2,100,,5414,13039,,,2
1901,'F9',559,,5451,13039,,,2,70,,5458,13039,,,2,30,,5452,13039,,,2,70,,5459,13039,,,2,30,,5453,13039,,,2,70,,5460,13039,,,2,30,,5454,13039,,,2,70,,5461,13039,,,2,74,,5455,13039,,,2,30,,5462,13039,,,2,70,,5456,13039,,,2,30,,5470,13039,,,2,70,,5457,13039,,,2,30,,5471,13039,,,2,70,,5478,13039,,,2,30,,5472,13039,,,2,70,,5479,13039,,,2,30,,5473,13039,,,2,70,,5480,13039,,,2,30,,5474,13039,,,2,70,,5481,13039,,,2,30,,5475,13039,,,2,70,,5482,13039,,,2,30,,5476,13039,,,2,70,,5483,13039,,,2,30,,5477,13039,,,2,70,,5484,13039,,,2,100,,5463,13039,,,2,100,,5464,13039,,,2,100,,5465,13039,,,2,100,,5466,13039,,,2,100,,5467,13039,,,2,100,,5468,13039,,,2
1901,'SA',559,,5485,13039,,,2,70,,5492,13039,,,2,30,,5486,13039,,,2,70,,5493,13039,,,2,30,,5487,13039,,,2,70,,5494,13039,,,2,30,,5488,13039,,,2,70,,5495,13039,,,2,74,,5489,13039,,,2,30,,5496,13039,,,2,70,,5490,13039,,,2,30,,5504,13039,,,2,70,,5491,13039,,,2,30,,5505,13039,,,2,70,,5512,13039,,,2,30,,5506,13039,,,2,70,,5513,13039,,,2,30,,5507,13039,,,2,70,,5514,13039,,,2,30,,5508,13039,,,2,70,,5515,13039,,,2,30,,5509,13039,,,2,70,,5516,13039,,,2,30,,5510,13039,,,2,70,,5517,13039,,,2,30,,5511,13039,,,2,70,,5518,13039,,,2,100,,5497,13039,,,2,100,,5498,13039,,,2,100,,5499,13039,,,2,100,,5500,13039,,,2,100,,5501,13039,,,2,100,,5502,13039,,,2
1901,'SE',518,,5531,13039,,,2,35,,5532,13039,,,2,70,,5561,13039,,,2,23,,5547,11061,,,2,54,,5549,11061,,,2,15,,5545,11061,,,2,13,,5548,11061,,,2,13,,5552,11061,,,2,12,,5554,11061,,,2,52,,5550,11061,,,2,14,,5546,11061,,,2,21,,5553,11061,,,2,60,,5551,11061,,,2,32,,5520,13039,,,2,74,,5519,13039,,,2,30,,5521,13039,,,2,70,,5533,13039,,,2,30,,5522,13039,,,2,70,,5534,13039,,,2,30,,5523,13039,,,2,70,,5535,13039,,,2,30,,5524,13039,,,2,70,,5536,13039,,,2,32,,5525,13039,,,2,72,,5564,13039,,,2,30,,5555,13039,,,2,70,,5562,13039,,,2,21,,5563,13039,,,2,23,,5556,13039,,,2,60,,5560,13039,,,2,21,,5557,13039,,,2,16,,5558,13039,,,2,57,,5559,13039,,,2,19,,5565,13039,,,2,19,,5544,13039,,,2,64,,5537,13039,,,2,25,,5543,13039,,,2,70,,5542,13039,,,2,30,,5526,13039,,,2,70,,5540,13039,,,2,30,,5527,13039,,,2,69,,5541,13039,,,2,100,,5538,13039,,,2,100,,5539,13039,,,2,100,,5529,13039,,,2
2101,'DI',617,,6297,14078,,,1,30,,6302,14078,,,1,70,,6324,14078,,,1,29,,6318,14078,,,1,70,,6321,14078,,,1,30,,6310,14078,,,1,71,,6315,14078,,,1,30,,6325,14078,,,1,70,,6298,14078,,,1,27,,6292,14078,,,1,73,,6323,14078,,,1,30,,6322,14078,,,1,72,,6303,14078,,,1,30,,6319,14078,,,1,71,,6316,14078,,,1,34,,6293,14078,,,1,70,,6299,14078,,,1,30,,6317,14078,,,1,70,,6320,14078,,,1,30,,6294,14078,,,1,70,,6300,14078,,,1,30,,6311,14078,,,1,70,,6306,14078,,,1,30,,6295,14078,,,1,70,,6305,14078,,,1,30,,6312,14078,,,1,65,,6307,14078,,,1,27,,6296,14078,,,1,70,,6286,14078,,,1,30,,6290,14078,,,1,70,,6288,14078,,,1,30,,6313,14078,,,1,70,,6314,14078,,,1,30,,6308,14078,,,1,70,,6304,14078,,,1,30,,6289,14078,,,1,70,,6291,14078,,,1,30,,6309,14078,,,1
2101,'F1',617,,6326,14078,,,1,30,,6334,14078,,,1,70,,6345,14078,,,1,30,,6356,14078,,,1,72,,6344,14078,,,1,30,,6350,14078,,,1,70,,6341,14078,,,1,30,,6346,14078,,,1,70,,6359,14078,,,1,25,,6351,14078,,,1,71,,6327,14078,,,1,34,,6357,14078,,,1,73,,6352,14078,,,1,26,,6347,14078,,,1,74,,6360,14078,,,1,32,,6330,14078,,,1,70,,6353,14078,,,1,30,,6358,14078,,,1,70,,6362,14078,,,1,30,,6331,14078,,,1,70,,6354,14078,,,1,30,,6348,14078,,,1,70,,6363,14078,,,1,30,,6332,14078,,,1,70,,6355,14078,,,1,30,,6349,14078,,,1,65,,6364,14078,,,1,27,,6333,14078,,,1,70,,6335,14078,,,1,30,,6340,14078,,,1,70,,6338,14078,,,1,30,,6337,14078,,,1,70,,6342,14078,,,1,30,,6336,14078,,,1,70,,6328,14078,,,1,30,,6339,14078,,,1,70,,6361,14078,,,1,30,,6343,14078,,,1,70,,6365,14078,,,1
2101,'F7',617,,6377,14078,,,1,30,,6382,14078,,,1,70,,6404,14078,,,1,29,,6398,14078,,,1,70,,6401,14078,,,1,30,,6390,14078,,,1,71,,6395,14078,,,1,30,,6405,14078,,,1,70,,6378,14078,,,1,27,,6372,14078,,,1,73,,6403,14078,,,1,30,,6402,14078,,,1,72,,6383,14078,,,1,30,,6399,14078,,,1,71,,6396,14078,,,1,34,,6373,14078,,,1,70,,6379,14078,,,1,30,,6397,14078,,,1,70,,6400,14078,,,1,30,,6374,14078,,,1,70,,6380,14078,,,1,30,,6391,14078,,,1,70,,6386,14078,,,1,30,,6375,14078,,,1,70,,6385,14078,,,1,30,,6392,14078,,,1,65,,6387,14078,,,1,27,,6376,14078,,,1,70,,6366,14078,,,1,30,,6370,14078,,,1,70,,6368,14078,,,1,30,,6393,14078,,,1,70,,6394,14078,,,1,30,,6388,14078,,,1,70,,6384,14078,,,1,30,,6369,14078,,,1,70,,6371,14078,,,1,30,,6389,14078,,,1
2101,'F8',514,,6409,14078,,,1,86,,6408,14078,,,1,28,,6438,14078,,,1,15,,6439,14078,,,1,15,,6433,14078,,,1,55,,6434,14078,,,1,10,,6432,14078,,,1,10,,6444,14078,,,1,13,,6435,14078,,,1,10,,6441,14078,,,1,50,,6437,14078,,,1,10,,6442,14078,,,1,13,,6440,14078,,,1,18,,6448,14078,,,1,57,,6449,14078,,,1,23,,6445,14078,,,1,13,,6436,14078,,,1,60,,6413,14078,,,1,21,,6410,14078,,,1,27,,6406,14078,,,1,74,,6407,14078,,,1,30,,6419,14078,,,1,70,,6411,14078,,,1,32,,6421,14078,,,1,73,,6429,14078,,,1,30,,6423,14078,,,1,70,,6412,14078,,,1,80,,6414,14078,,,1,23,,6455,14078,,,1,70,,6446,14078,,,1,33,,6454,14078,,,1,15,,6447,14078,,,1,55,,6443,14078,,,1,14,,6450,14078,,,1,15,,6451,14078,,,1,18,,6452,14078,,,1,59,,6453,14078,,,1,16,,6415,14078,,,1,20,,6430,14078,,,1,66,,6427,14078,,,1,26,,6424,14078,,,1,65,,6420,14078,,,1,30,,6426,14078,,,1,70,,6422,14078,,,1,29,,6428,14078,,,1,70,,6416,14078,,,1,30,,6431,14078,,,1,98,,6417,14078,,,1,97,,6425,14078,,,1
2101,'F9',617,,6456,14078,,,1,30,,6464,14078,,,1,70,,6475,14078,,,1,30,,6486,14078,,,1,72,,6474,14078,,,1,30,,6480,14078,,,1,70,,6471,14078,,,1,30,,6476,14078,,,1,70,,6489,14078,,,1,25,,6481,14078,,,1,71,,6457,14078,,,1,34,,6487,14078,,,1,73,,6482,14078,,,1,26,,6477,14078,,,1,74,,6490,14078,,,1,32,,6460,14078,,,1,70,,6483,14078,,,1,30,,6488,14078,,,1,70,,6492,14078,,,1,30,,6461,14078,,,1,70,,6484,14078,,,1,30,,6478,14078,,,1,70,,6493,14078,,,1,30,,6462,14078,,,1,70,,6485,14078,,,1,30,,6479,14078,,,1,65,,6494,14078,,,1,27,,6463,14078,,,1,70,,6465,14078,,,1,30,,6470,14078,,,1,70,,6468,14078,,,1,30,,6467,14078,,,1,70,,6472,14078,,,1,30,,6466,14078,,,1,70,,6458,14078,,,1,30,,6469,14078,,,1,70,,6491,14078,,,1,30,,6473,14078,,,1,70,,6495,14078,,,1
2101,'SA',617,,6496,14078,,,1,30,,6504,14078,,,1,70,,6515,14078,,,1,30,,6526,14078,,,1,72,,6514,14078,,,1,30,,6520,14078,,,1,70,,6511,14078,,,1,30,,6516,14078,,,1,70,,6529,14078,,,1,25,,6521,14078,,,1,71,,6497,14078,,,1,34,,6527,14078,,,1,73,,6522,14078,,,1,26,,6517,14078,,,1,74,,6530,14078,,,1,32,,6500,14078,,,1,70,,6523,14078,,,1,30,,6528,14078,,,1,70,,6532,14078,,,1,30,,6501,14078,,,1,70,,6524,14078,,,1,30,,6518,14078,,,1,70,,6533,14078,,,1,30,,6502,14078,,,1,70,,6525,14078,,,1,30,,6519,14078,,,1,65,,6534,14078,,,1,27,,6503,14078,,,1,70,,6505,14078,,,1,30,,6510,14078,,,1,70,,6508,14078,,,1,30,,6507,14078,,,1,70,,6512,14078,,,1,30,,6506,14078,,,1,70,,6498,14078,,,1,30,,6509,14078,,,1,70,,6531,14078,,,1,30,,6513,14078,,,1,70,,6535,14078,,,1
2101,'SE',514,,6539,14078,,,1,86,,6538,14078,,,1,28,,6568,14078,,,1,15,,6569,14078,,,1,15,,6563,14078,,,1,55,,6564,14078,,,1,10,,6562,14078,,,1,10,,6574,14078,,,1,13,,6565,14078,,,1,10,,6571,14078,,,1,50,,6567,14078,,,1,10,,6572,14078,,,1,13,,6570,14078,,,1,18,,6578,14078,,,1,57,,6579,14078,,,1,23,,6575,14078,,,1,13,,6566,14078,,,1,60,,6543,14078,,,1,21,,6540,14078,,,1,27,,6536,14078,,,1,74,,6537,14078,,,1,30,,6549,14078,,,1,70,,6541,14078,,,1,32,,6551,14078,,,1,73,,6559,14078,,,1,30,,6553,14078,,,1,70,,6542,14078,,,1,80,,6544,14078,,,1,23,,6585,14078,,,1,70,,6576,14078,,,1,33,,6584,14078,,,1,15,,6577,14078,,,1,55,,6573,14078,,,1,14,,6580,14078,,,1,15,,6581,14078,,,1,18,,6582,14078,,,1,59,,6583,14078,,,1,16,,6545,14078,,,1,20,,6560,14078,,,1,66,,6557,14078,,,1,26,,6554,14078,,,1,65,,6550,14078,,,1,30,,6556,14078,,,1,70,,6552,14078,,,1,29,,6558,14078,,,1,70,,6546,14078,,,1,30,,6561,14078,,,1,98,,6547,14078,,,1,97,,6555,14078,,,1
42101,'F8',616,,17837,10276,,,1,38,,17836,10276,,,1,65,,17838,10276,,,1,22,,17839,10276,,,1,17,,17840,10276,,,1,72,,17845,10276,,,1,723,,17846,10276,,,1,75,,17843,10276,,,1,19,,17841,10276,,,1,70,,17844,10276,,,1,29,,17847,10276,,,1,69,,17842,10276,,,1,533,,17834,10276,,,1
42101,'SE',616,,17851,10276,,,1,38,,17850,10276,,,1,65,,17852,10276,,,1,22,,17853,10276,,,1,17,,17854,10276,,,1,72,,17859,10276,,,1,723,,17860,10276,,,1,75,,17857,10276,,,1,19,,17855,10276,,,1,70,,17858,10276,,,1,29,,17861,10276,,,1,69,,17856,10276,,,1,533,,17848,10276,,,1
