1601,'DI',545,,4547,2468,,,2,100,,4548,2468,,,2,70,,4520,2468,,,2,30,,4549,2468,,,2,70,,4521,2468,,,2,30,,4526,2468,,,2,70,,4522,2468,,,2,30,,4527,2468,,,2,70,,4523,2468,,,2,30,,4528,2468,,,2,70,,4524,2468,,,2,30,,4529,2468,,,2,68,,4525,2468,,,2,32,,4530,2468,,,2,73,,4519,2468,,,2,27,,4531,2468,,,2,70,,4543,2468,,,2,30,,4532,2468,,,2,70,,4544,2468,,,2,30,,4533,2468,,,2,70,,4545,2468,,,2,30,,4534,2468,,,2,70,,4546,2468,,,2,30,,4535,2468,,,2,100,,4536,2468,,,2,100,,4537,2468,,,2,100,,4538,2468,,,2,100,,4539,2468,,,2,100,,4540,2468,,,2,100,,4541,2468,,,2,100,,4542,2468,,,2
1601,'F1',545,,4550,2468,,,2,100,,4551,2468,,,2,68,,4568,2468,,,2,32,,4552,2468,,,2,70,,4569,2468,,,2,30,,4553,2468,,,2,70,,4570,2468,,,2,30,,4554,2468,,,2,70,,4571,2468,,,2,30,,4555,2468,,,2,70,,4572,2468,,,2,30,,4556,2468,,,2,70,,4573,2468,,,2,30,,4557,2468,,,2,70,,4574,2468,,,2,30,,4558,2468,,,2,70,,4575,2468,,,2,30,,4559,2468,,,2,70,,4576,2468,,,2,30,,4560,2468,,,2,70,,4577,2468,,,2,30,,4561,2468,,,2,67,,4578,2468,,,2,33,,4562,2468,,,2,100,,4563,2468,,,2,100,,4564,2468,,,2,100,,4565,2468,,,2,100,,4566,2468,,,2,100,,4567,2468,,,2,100,,4579,2468,,,2,100,,4580,2468,,,2
1601,'F7',545,,4609,2468,,,2,100,,4610,2468,,,2,70,,4582,2468,,,2,30,,4611,2468,,,2,70,,4583,2468,,,2,30,,4588,2468,,,2,70,,4584,2468,,,2,30,,4589,2468,,,2,70,,4585,2468,,,2,30,,4590,2468,,,2,70,,4586,2468,,,2,30,,4591,2468,,,2,68,,4587,2468,,,2,32,,4592,2468,,,2,73,,4581,2468,,,2,27,,4593,2468,,,2,70,,4605,2468,,,2,30,,4594,2468,,,2,70,,4606,2468,,,2,30,,4595,2468,,,2,70,,4607,2468,,,2,30,,4596,2468,,,2,70,,4608,2468,,,2,30,,4597,2468,,,2,100,,4598,2468,,,2,100,,4599,2468,,,2,100,,4600,2468,,,2,100,,4601,2468,,,2,100,,4602,2468,,,2,100,,4603,2468,,,2,100,,4604,2468,,,2
1601,'F8',513,,4651,2468,,,2,30,,4631,2468,,,2,15,,4623,2468,,,2,57,,4625,2468,,,2,15,,4652,2468,,,2,13,,4632,2468,,,2,12,,4615,2468,,,2,50,,4658,2468,,,2,6,,4628,2468,,,2,8,,4626,2468,,,2,6,,4659,2468,,,2,5,,4634,2468,,,2,5,,4653,2468,,,2,3,,4635,2468,,,2,6,,4614,2468,,,2,11,,4617,2468,,,2,50,,4616,2468,,,2,10,,4633,2468,,,2,9,,4629,2468,,,2,15,,4660,2468,,,2,13,,4664,2468,,,2,65,,4613,2468,,,2,30,,4649,2468,,,2,70,,4654,2468,,,2,30,,4627,2468,,,2,70,,4624,2468,,,2,30,,4662,2468,,,2,70,,4630,2468,,,2,30,,4661,2468,,,2,70,,4655,2468,,,2,30,,4612,2468,,,2,70,,4656,2468,,,2,30,,4619,2468,,,2,59,,4650,2468,,,2,21,,4620,2468,,,2,15,,4642,2468,,,2,15,,4644,2468,,,2,55,,4657,2468,,,2,15,,4643,2468,,,2,11,,4667,2468,,,2,12,,4663,2468,,,2,52,,4646,2468,,,2,12,,4647,2468,,,2,12,,4622,2468,,,2,24,,4648,2468,,,2,61,,4621,2468,,,2,27,,4645,2468,,,2,80,,4618,2468,,,2,28,,4636,2468,,,2,70,,4665,2468,,,2,28,,4637,2468,,,2,70,,4666,2468,,,2,30,,4638,2468,,,2,99,,4639,2468,,,2,100,,4640,2468,,,2,100,,4641,2468,,,2
1601,'F9',545,,4668,2468,,,2,100,,4669,2468,,,2,68,,4686,2468,,,2,32,,4670,2468,,,2,70,,4687,2468,,,2,30,,4671,2468,,,2,70,,4688,2468,,,2,30,,4672,2468,,,2,70,,4689,2468,,,2,30,,4673,2468,,,2,70,,4690,2468,,,2,30,,4674,2468,,,2,70,,4691,2468,,,2,30,,4675,2468,,,2,70,,4692,2468,,,2,30,,4676,2468,,,2,70,,4693,2468,,,2,30,,4677,2468,,,2,70,,4694,2468,,,2,30,,4678,2468,,,2,70,,4695,2468,,,2,30,,4679,2468,,,2,67,,4696,2468,,,2,33,,4680,2468,,,2,100,,4681,2468,,,2,100,,4682,2468,,,2,100,,4683,2468,,,2,100,,4684,2468,,,2,100,,4685,2468,,,2,100,,4697,2468,,,2,100,,4698,2468,,,2
1601,'SA',545,,4699,2468,,,2,100,,4700,2468,,,2,68,,4717,2468,,,2,32,,4701,2468,,,2,70,,4718,2468,,,2,30,,4702,2468,,,2,70,,4719,2468,,,2,30,,4703,2468,,,2,70,,4720,2468,,,2,30,,4704,2468,,,2,70,,4721,2468,,,2,30,,4705,2468,,,2,70,,4722,2468,,,2,30,,4706,2468,,,2,70,,4723,2468,,,2,30,,4707,2468,,,2,70,,4724,2468,,,2,30,,4708,2468,,,2,70,,4725,2468,,,2,30,,4709,2468,,,2,70,,4726,2468,,,2,30,,4710,2468,,,2,67,,4727,2468,,,2,33,,4711,2468,,,2,100,,4712,2468,,,2,100,,4713,2468,,,2,100,,4714,2468,,,2,100,,4715,2468,,,2,100,,4716,2468,,,2,100,,4728,2468,,,2,100,,4729,2468,,,2
1601,'SE',513,,4769,2468,,,2,30,,4749,2468,,,2,15,,4741,2468,,,2,57,,4743,2468,,,2,15,,4770,2468,,,2,13,,4750,2468,,,2,12,,4733,2468,,,2,50,,4776,2468,,,2,6,,4746,2468,,,2,8,,4744,2468,,,2,6,,4777,2468,,,2,5,,4752,2468,,,2,5,,4771,2468,,,2,3,,4753,2468,,,2,6,,4732,2468,,,2,11,,4735,2468,,,2,50,,4734,2468,,,2,10,,4751,2468,,,2,9,,4747,2468,,,2,15,,4778,2468,,,2,13,,4782,2468,,,2,65,,4731,2468,,,2,30,,4767,2468,,,2,70,,4772,2468,,,2,30,,4745,2468,,,2,70,,4742,2468,,,2,30,,4780,2468,,,2,70,,4748,2468,,,2,30,,4779,2468,,,2,70,,4773,2468,,,2,30,,4730,2468,,,2,70,,4774,2468,,,2,30,,4737,2468,,,2,59,,4768,2468,,,2,21,,4738,2468,,,2,15,,4760,2468,,,2,15,,4762,2468,,,2,55,,4775,2468,,,2,15,,4761,2468,,,2,11,,4785,2468,,,2,12,,4781,2468,,,2,52,,4764,2468,,,2,12,,4765,2468,,,2,12,,4740,2468,,,2,24,,4766,2468,,,2,61,,4739,2468,,,2,27,,4763,2468,,,2,80,,4736,2468,,,2,28,,4754,2468,,,2,70,,4783,2468,,,2,28,,4755,2468,,,2,70,,4784,2468,,,2,30,,4756,2468,,,2,99,,4757,2468,,,2,100,,4758,2468,,,2,100,,4759,2468,,,2
57201,'F8',847,,18840,3502,,,2
57201,'SE',847,,18841,3502,,,2
60500,'F8',1630,,18854,9779,,,2,1,,18855,9779,,,2
60500,'SE',1630,,18856,9779,,,2,1,,18857,9779,,,2
