2501,'DI',1601,,27599,8588,,,2
2501,'F1',1601,,27600,8588,,,2
2501,'F2',1601,,27601,8588,,,2
2501,'F7',639,,27607,6951,,,2,75,,27628,8588,,,2,30,,27627,8588,,,2,66,,27609,6951,,,2,30,,27611,6951,,,2,68,,27612,6951,,,2,505,,27623,6951,,,2,30,,27613,6951,,,2,72,,27614,6951,,,2,31,,27631,8588,,,2,59,,27630,8588,,,2,12,,27629,8588,,,2,9,,27604,6951,,,2,19,,27616,6951,,,2,14,,27615,6951,,,2,57,,27619,6951,,,2,28,,27621,6951,,,2,68,,27624,6951,,,2,29,,27620,6951,,,2,99,,27618,6951,,,2,385,,27626,6951,,,2,86,,27633,8588,,,2,12,,27625,6951,,,2,35,,27617,6951,,,2
2501,'F8',1601,,27634,8588,,,2
2501,'F9',1601,,27635,8588,,,2
2501,'SA',1601,,27636,8588,,,2
2501,'SE',639,,27642,6951,,,2,75,,27663,8588,,,2,30,,27662,8588,,,2,66,,27644,6951,,,2,30,,27646,6951,,,2,68,,27647,6951,,,2,505,,27658,6951,,,2,30,,27648,6951,,,2,72,,27649,6951,,,2,31,,27666,8588,,,2,59,,27665,8588,,,2,12,,27664,8588,,,2,9,,27639,6951,,,2,19,,27651,6951,,,2,14,,27650,6951,,,2,57,,27654,6951,,,2,28,,27656,6951,,,2,68,,27659,6951,,,2,29,,27655,6951,,,2,99,,27653,6951,,,2,385,,27661,6951,,,2,86,,27668,8588,,,2,12,,27660,6951,,,2,35,,27652,6951,,,2
12001,'F7',605,,37590,2600,,,2,31,,37596,2600,,,2,66,,37588,2600,,,2,37,,37597,2600,,,2,69,,37589,2600,,,2,33,,37591,2600,,,2,795,,37592,2600,,,2,71,,37593,2600,,,2,36,,37598,2600,,,2,62,,37595,2600,,,2,28,,37594,2600,,,2
12001,'SE',605,,37601,2600,,,2,31,,37607,2600,,,2,66,,37599,2600,,,2,37,,37608,2600,,,2,69,,37600,2600,,,2,33,,37602,2600,,,2,795,,37603,2600,,,2,71,,37604,2600,,,2,36,,37609,2600,,,2,62,,37606,2600,,,2,28,,37605,2600,,,2
12300,'DI',647,,37610,17888,0,42 43,1,100,,37620,17888,0,42 43,1,100,,37611,17888,0,42 43,1,100,,37621,17888,0,42 43,1,100,,37612,17888,0,42 43,1,100,,37622,17888,0,42 43,1,105,,37613,17888,0,42 43,1,95,,37623,17888,0,42 43,1,100,,37614,17888,0,42 43,1,100,,37624,17888,0,42 43,1,100,,37615,17888,0,42 43,1,100,,37625,17888,0,42 43,1,100,,37616,17888,0,42 43,1,100,,37626,17888,0,42 43,1,100,,37617,17888,0,42 43,1,100,,37627,17888,0,42 43,1,100,,37618,17888,0,42 43,1,100,,37628,17888,0,42 43,1,100,,37619,17888,0,42 43,1
12300,'F1',647,,37637,17888,0,42 43,1,100,,37641,17888,0,42 43,1,100,,37631,17888,0,42 43,1,105,,37642,17888,0,42 43,1,99,,37632,17888,0,42 43,1,100,,37629,17888,0,42 43,1,100,,37633,17888,0,42 43,1,96,,37630,17888,0,42 43,1,100,,37634,17888,0,42 43,1,100,,37635,17888,0,42 43,1,104,,37643,17888,0,42 43,1,101,,37636,17888,0,42 43,1,99,,37644,17888,0,42 43,1,96,,37638,17888,0,42 43,1,100,,37645,17888,0,42 43,1,100,,37639,17888,0,42 43,1,100,,37646,17888,0,42 43,1,100,,37640,17888,0,42 43,1,100,,37647,17888,0,42 43,1
12300,'F2',647,,37649,17888,0,42 43,1,100,,37648,17888,0,42 43,1,100,,37650,17888,0,42 43,1,105,,37659,17888,0,42 43,1,99,,37651,17888,0,42 43,1,100,,37660,17888,0,42 43,1,100,,37652,17888,0,42 43,1,96,,37661,17888,0,42 43,1,100,,37653,17888,0,42 43,1,100,,37662,17888,0,42 43,1,104,,37654,17888,0,42 43,1,101,,37663,17888,0,42 43,1,99,,37655,17888,0,42 43,1,96,,37664,17888,0,42 43,1,100,,37656,17888,0,42 43,1,100,,37665,17888,0,42 43,1,100,,37657,17888,0,42 43,1,100,,37666,17888,0,42 43,1,100,,37658,17888,0,42 43,1
12300,'F7',543,,37686,17888,0,42 43,1,73,,37667,17888,0,42 43,1,15,,37674,17888,0,42 43,1,10,,37668,17888,0,42 43,1,10,,37688,17888,0,42 43,1,50,,37679,17888,0,42 43,1,15,,37689,17888,0,42 43,1,8,,37669,17888,0,42 43,1,12,,37693,17888,0,42 43,1,10,,37670,17888,0,42 43,1,61,,37694,17888,0,42 43,1,17,,37690,17888,0,42 43,1,30,,37696,17888,0,42 43,1,65,,37695,17888,0,42 43,1,29,,37676,17888,0,42 43,1,102,,37671,17888,0,42 43,1,100,,37681,17888,0,42 43,1,99,,37691,17888,0,42 43,1,105,,37683,17888,0,42 43,1,5,,37680,17888,0,42 43,1,93,,37687,17888,0,42 43,1,70,,37697,17888,0,42 43,1,32,,37684,17888,0,42 43,1,66,,37682,17888,0,42 43,1,28,,37699,17888,0,42 43,1,71,,37701,17888,0,42 43,1,31,,37673,17888,0,42 43,1,67,,37685,17888,0,42 43,1,35,,37672,17888,0,42 43,1,68,,37698,17888,0,42 43,1,30,,37692,17888,0,42 43,1,68,,37675,17888,0,42 43,1,30,,37700,17888,0,42 43,1,100,,37677,17888,0,42 43,1,100,,37702,17888,0,42 43,1,96,,37678,17888,0,42 43,1,100,,37703,17888,0,42 43,1
12300,'F8',647,,37705,17888,0,42 43,1,100,,37704,17888,0,42 43,1,100,,37706,17888,0,42 43,1,105,,37715,17888,0,42 43,1,99,,37707,17888,0,42 43,1,100,,37716,17888,0,42 43,1,100,,37708,17888,0,42 43,1,96,,37717,17888,0,42 43,1,100,,37709,17888,0,42 43,1,100,,37718,17888,0,42 43,1,104,,37710,17888,0,42 43,1,101,,37719,17888,0,42 43,1,99,,37711,17888,0,42 43,1,96,,37720,17888,0,42 43,1,100,,37712,17888,0,42 43,1,100,,37721,17888,0,42 43,1,100,,37713,17888,0,42 43,1,100,,37722,17888,0,42 43,1,100,,37714,17888,0,42 43,1
12300,'F9',647,,37723,17888,0,42 43,1,100,,37733,17888,0,42 43,1,100,,37724,17888,0,42 43,1,100,,37734,17888,0,42 43,1,100,,37725,17888,0,42 43,1,100,,37735,17888,0,42 43,1,105,,37726,17888,0,42 43,1,95,,37736,17888,0,42 43,1,100,,37727,17888,0,42 43,1,100,,37737,17888,0,42 43,1,100,,37728,17888,0,42 43,1,100,,37738,17888,0,42 43,1,100,,37729,17888,0,42 43,1,100,,37739,17888,0,42 43,1,100,,37730,17888,0,42 43,1,100,,37740,17888,0,42 43,1,100,,37731,17888,0,42 43,1,100,,37741,17888,0,42 43,1,100,,37732,17888,0,42 43,1
12300,'SA',647,,37743,17888,0,42 43,1,100,,37742,17888,0,42 43,1,100,,37744,17888,0,42 43,1,105,,37753,17888,0,42 43,1,99,,37745,17888,0,42 43,1,100,,37754,17888,0,42 43,1,100,,37746,17888,0,42 43,1,96,,37755,17888,0,42 43,1,100,,37747,17888,0,42 43,1,100,,37756,17888,0,42 43,1,104,,37748,17888,0,42 43,1,101,,37757,17888,0,42 43,1,99,,37749,17888,0,42 43,1,96,,37758,17888,0,42 43,1,100,,37750,17888,0,42 43,1,100,,37759,17888,0,42 43,1,100,,37751,17888,0,42 43,1,100,,37760,17888,0,42 43,1,100,,37752,17888,0,42 43,1
12300,'SE',543,,37780,17888,0,42 43,1,73,,37761,17888,0,42 43,1,15,,37768,17888,0,42 43,1,10,,37762,17888,0,42 43,1,10,,37782,17888,0,42 43,1,50,,37773,17888,0,42 43,1,15,,37783,17888,0,42 43,1,8,,37763,17888,0,42 43,1,12,,37787,17888,0,42 43,1,10,,37764,17888,0,42 43,1,61,,37788,17888,0,42 43,1,17,,37784,17888,0,42 43,1,30,,37790,17888,0,42 43,1,65,,37789,17888,0,42 43,1,29,,37770,17888,0,42 43,1,102,,37765,17888,0,42 43,1,100,,37775,17888,0,42 43,1,99,,37785,17888,0,42 43,1,105,,37777,17888,0,42 43,1,5,,37774,17888,0,42 43,1,93,,37781,17888,0,42 43,1,70,,37791,17888,0,42 43,1,32,,37778,17888,0,42 43,1,66,,37776,17888,0,42 43,1,28,,37793,17888,0,42 43,1,71,,37795,17888,0,42 43,1,31,,37767,17888,0,42 43,1,67,,37779,17888,0,42 43,1,35,,37766,17888,0,42 43,1,68,,37792,17888,0,42 43,1,30,,37786,17888,0,42 43,1,68,,37769,17888,0,42 43,1,30,,37794,17888,0,42 43,1,100,,37771,17888,0,42 43,1,100,,37796,17888,0,42 43,1,96,,37772,17888,0,42 43,1,100,,37797,17888,0,42 43,1
67301,'F7',725,,40876,0,,,2
67301,'SE',725,,40877,0,,,2
