1301,'DI',633,,3598,5862,,,1,100,,3602,5862,,,1,100,,3599,5862,,,1,100,,3603,5862,,,1,100,,3600,5862,,,1,100,,3604,5862,,,1,100,,3601,5862,,,1,100,,3605,5862,,,1,100,,3612,5862,,,1,100,,3613,5862,,,1,100,,3611,5862,,,1,100,,3616,5862,,,1,100,,3615,5862,,,1,100,,3607,5862,,,1,100,,3614,5862,,,1,100,,3609,5862,,,1,100,,3608,5862,,,1,100,,3606,5862,,,1,100,,3610,5862,,,1,100,,3617,5862,,,1
1301,'F1',633,,3624,5862,,,1,100,,3622,5862,,,1,100,,3625,5862,,,1,100,,3627,5862,,,1,100,,3628,5862,,,1,100,,3631,5862,,,1,100,,3629,5862,,,1,100,,3632,5862,,,1,100,,3630,5862,,,1,100,,3633,5862,,,1,100,,3620,5862,,,1,100,,3636,5862,,,1,100,,3623,5862,,,1,100,,3621,5862,,,1,100,,3626,5862,,,1,100,,3619,5862,,,1,100,,3637,5862,,,1,100,,3634,5862,,,1,100,,3618,5862,,,1,100,,3635,5862,,,1
1301,'F7',633,,3638,5862,,,1,100,,3642,5862,,,1,100,,3639,5862,,,1,100,,3643,5862,,,1,100,,3640,5862,,,1,100,,3644,5862,,,1,100,,3641,5862,,,1,100,,3645,5862,,,1,100,,3652,5862,,,1,100,,3653,5862,,,1,100,,3651,5862,,,1,100,,3656,5862,,,1,100,,3655,5862,,,1,100,,3647,5862,,,1,100,,3654,5862,,,1,100,,3649,5862,,,1,100,,3648,5862,,,1,100,,3646,5862,,,1,100,,3650,5862,,,1,100,,3657,5862,,,1
1301,'F8',540,,3671,5862,,,1,72,,3672,5862,,,1,30,,3670,5862,,,1,17,,3664,5862,,,1,54,,3691,5862,,,1,13,,3669,5862,,,1,14,,3666,5862,,,1,60,,3661,5862,,,1,14,,3665,5862,,,1,13,,3692,5862,,,1,15,,3683,5862,,,1,15,,3684,5862,,,1,60,,3679,5862,,,1,29,,3674,5862,,,1,70,,3685,5862,,,1,30,,3675,5862,,,1,70,,3678,5862,,,1,30,,3658,5862,,,1,70,,3662,5862,,,1,31,,3673,5862,,,1,70,,3690,5862,,,1,30,,3680,5862,,,1,70,,3694,5862,,,1,30,,3700,5862,,,1,69,,3686,5862,,,1,34,,3663,5862,,,1,69,,3687,5862,,,1,27,,3659,5862,,,1,55,,3697,5862,,,1,20,,3667,5862,,,1,22,,3682,5862,,,1,58,,3695,5862,,,1,20,,3660,5862,,,1,29,,3693,5862,,,1,69,,3699,5862,,,1,30,,3701,5862,,,1,70,,3681,5862,,,1,30,,3668,5862,,,1,70,,3676,5862,,,1,29,,3698,5862,,,1,100,,3696,5862,,,1,100,,3677,5862,,,1,100,,3688,5862,,,1,98,,3689,5862,,,1
1301,'F9',633,,3708,5862,,,1,100,,3706,5862,,,1,100,,3709,5862,,,1,100,,3711,5862,,,1,100,,3712,5862,,,1,100,,3715,5862,,,1,100,,3713,5862,,,1,100,,3716,5862,,,1,100,,3714,5862,,,1,100,,3717,5862,,,1,100,,3704,5862,,,1,100,,3720,5862,,,1,100,,3707,5862,,,1,100,,3705,5862,,,1,100,,3710,5862,,,1,100,,3703,5862,,,1,100,,3721,5862,,,1,100,,3718,5862,,,1,100,,3702,5862,,,1,100,,3719,5862,,,1
1301,'SA',633,,3728,5862,,,1,100,,3726,5862,,,1,100,,3729,5862,,,1,100,,3731,5862,,,1,100,,3732,5862,,,1,100,,3735,5862,,,1,100,,3733,5862,,,1,100,,3736,5862,,,1,100,,3734,5862,,,1,100,,3737,5862,,,1,100,,3724,5862,,,1,100,,3740,5862,,,1,100,,3727,5862,,,1,100,,3725,5862,,,1,100,,3730,5862,,,1,100,,3723,5862,,,1,100,,3741,5862,,,1,100,,3738,5862,,,1,100,,3722,5862,,,1,100,,3739,5862,,,1
1301,'SE',540,,3755,5862,,,1,72,,3756,5862,,,1,30,,3754,5862,,,1,17,,3748,5862,,,1,54,,3775,5862,,,1,13,,3753,5862,,,1,14,,3750,5862,,,1,60,,3745,5862,,,1,14,,3749,5862,,,1,13,,3776,5862,,,1,15,,3767,5862,,,1,15,,3768,5862,,,1,60,,3763,5862,,,1,29,,3758,5862,,,1,70,,3769,5862,,,1,30,,3759,5862,,,1,70,,3762,5862,,,1,30,,3742,5862,,,1,70,,3746,5862,,,1,31,,3757,5862,,,1,70,,3774,5862,,,1,30,,3764,5862,,,1,70,,3778,5862,,,1,30,,3784,5862,,,1,69,,3770,5862,,,1,34,,3747,5862,,,1,69,,3771,5862,,,1,27,,3743,5862,,,1,55,,3781,5862,,,1,20,,3751,5862,,,1,22,,3766,5862,,,1,58,,3779,5862,,,1,20,,3744,5862,,,1,29,,3777,5862,,,1,69,,3783,5862,,,1,30,,3785,5862,,,1,70,,3765,5862,,,1,30,,3752,5862,,,1,70,,3760,5862,,,1,29,,3782,5862,,,1,100,,3780,5862,,,1,100,,3761,5862,,,1,100,,3772,5862,,,1,98,,3773,5862,,,1
5500,'F8',716,,10853,12944,4,,2,24,,10856,12944,4,,2,15,,10854,12944,4,,2,59,,10855,12944,4,,2
5500,'SE',716,,10867,12944,4,,2,24,,10870,12944,4,,2,15,,10868,12944,4,,2,59,,10869,12944,4,,2
5501,'F8',620,,10881,0,,,2,20,,10888,0,,,2,15,,10884,0,,,2,55,,10886,0,,,2,15,,10882,0,,,2,15,,10883,0,,,2,15,,10889,0,,,2,55,,10885,0,,,2,20,,10887,0,,,2
5501,'SE',620,,10895,0,,,2,20,,10902,0,,,2,15,,10898,0,,,2,55,,10900,0,,,2,15,,10896,0,,,2,15,,10897,0,,,2,15,,10903,0,,,2,55,,10899,0,,,2,20,,10901,0,,,2
50001,'F8',841,,18724,3343,,,2
50001,'SE',841,,18725,3343,,,2
60001,'F8',854,,18848,837,,,2
60001,'SE',854,,18849,837,,,2
61301,'F8',856,,18882,4850,,,2
61301,'SE',856,,18883,4850,,,2
61801,'F8',849,,18890,5775,,,2
61801,'SE',849,,18891,5775,,,2
