4701,'DI',651,,9596,2485,,,1,100,,9587,2485,,,1,100,,9598,2485,,,1,100,,9588,2485,,,1,100,,9599,2485,,,1,100,,9589,2485,,,1,100,,9584,2485,,,1,100,,9590,2485,,,1,104,,9583,2485,,,1,91,,9591,2485,,,1,108,,9592,2485,,,1,102,,9593,2485,,,1,95,,9597,2485,,,1,96,,9585,2485,,,1,100,,9600,2485,,,1,99,,9594,2485,,,1,100,,9586,2485,,,1,100,,9601,2485,,,1,100,,9595,2485,,,1
4701,'F1',651,,9617,2485,,,1,103,,9607,2485,,,1,101,,9614,2485,,,1,96,,9605,2485,,,1,96,,9608,2485,,,1,104,,9606,2485,,,1,100,,9615,2485,,,1,100,,9603,2485,,,1,95,,9616,2485,,,1,104,,9618,2485,,,1,100,,9604,2485,,,1,101,,9609,2485,,,1,100,,9612,2485,,,1,96,,9602,2485,,,1,100,,9613,2485,,,1,99,,9610,2485,,,1,100,,9611,2485,,,1,100,,9619,2485,,,1,100,,9620,2485,,,1,100,,9621,2485,,,1
4701,'F7',651,,9635,2485,,,1,100,,9626,2485,,,1,100,,9637,2485,,,1,100,,9627,2485,,,1,100,,9638,2485,,,1,100,,9628,2485,,,1,100,,9623,2485,,,1,100,,9629,2485,,,1,104,,9622,2485,,,1,91,,9630,2485,,,1,108,,9631,2485,,,1,102,,9632,2485,,,1,95,,9636,2485,,,1,96,,9624,2485,,,1,100,,9639,2485,,,1,99,,9633,2485,,,1,100,,9625,2485,,,1,100,,9640,2485,,,1,100,,9634,2485,,,1
4701,'F8',609,,9652,2485,,,1,30,,9641,2485,,,1,20,,9651,2485,,,1,55,,9673,2485,,,1,15,,9653,2485,,,1,15,,9675,2485,,,1,15,,9649,2485,,,1,55,,9659,2485,,,1,18,,9648,2485,,,1,20,,9642,2485,,,1,60,,9677,2485,,,1,20,,9654,2485,,,1,70,,9643,2485,,,1,30,,9661,2485,,,1,70,,9656,2485,,,1,30,,9655,2485,,,1,70,,9664,2485,,,1,30,,9678,2485,,,1,70,,9644,2485,,,1,30,,9660,2485,,,1,70,,9663,2485,,,1,30,,9665,2485,,,1,70,,9679,2485,,,1,31,,9681,2485,,,1,71,,9645,2485,,,1,33,,9646,2485,,,1,72,,9669,2485,,,1,18,,9666,2485,,,1,27,,9667,2485,,,1,70,,9676,2485,,,1,30,,9672,2485,,,1,72,,9680,2485,,,1,23,,9668,2485,,,1,70,,9662,2485,,,1,30,,9658,2485,,,1,70,,9647,2485,,,1,30,,9657,2485,,,1,70,,9670,2485,,,1,100,,9674,2485,,,1,100,,9650,2485,,,1,100,,9671,2485,,,1
4701,'F9',651,,9697,2485,,,1,103,,9687,2485,,,1,101,,9694,2485,,,1,96,,9685,2485,,,1,96,,9688,2485,,,1,104,,9686,2485,,,1,100,,9695,2485,,,1,100,,9683,2485,,,1,95,,9696,2485,,,1,104,,9698,2485,,,1,100,,9684,2485,,,1,101,,9689,2485,,,1,100,,9692,2485,,,1,96,,9682,2485,,,1,100,,9693,2485,,,1,99,,9690,2485,,,1,100,,9691,2485,,,1,100,,9699,2485,,,1,100,,9700,2485,,,1,100,,9701,2485,,,1
4701,'SA',651,,9717,2485,,,1,103,,9707,2485,,,1,101,,9714,2485,,,1,96,,9705,2485,,,1,96,,9708,2485,,,1,104,,9706,2485,,,1,100,,9715,2485,,,1,100,,9703,2485,,,1,95,,9716,2485,,,1,104,,9718,2485,,,1,100,,9704,2485,,,1,101,,9709,2485,,,1,100,,9712,2485,,,1,96,,9702,2485,,,1,100,,9713,2485,,,1,99,,9710,2485,,,1,100,,9711,2485,,,1,100,,9719,2485,,,1,100,,9720,2485,,,1,100,,9721,2485,,,1
4701,'SE',609,,9733,2485,,,1,30,,9722,2485,,,1,20,,9732,2485,,,1,55,,9754,2485,,,1,15,,9734,2485,,,1,15,,9756,2485,,,1,15,,9730,2485,,,1,55,,9740,2485,,,1,18,,9729,2485,,,1,20,,9723,2485,,,1,60,,9758,2485,,,1,20,,9735,2485,,,1,70,,9724,2485,,,1,30,,9742,2485,,,1,70,,9737,2485,,,1,30,,9736,2485,,,1,70,,9745,2485,,,1,30,,9759,2485,,,1,70,,9725,2485,,,1,30,,9741,2485,,,1,70,,9744,2485,,,1,30,,9746,2485,,,1,70,,9760,2485,,,1,31,,9762,2485,,,1,71,,9726,2485,,,1,33,,9727,2485,,,1,72,,9750,2485,,,1,18,,9747,2485,,,1,27,,9748,2485,,,1,70,,9757,2485,,,1,30,,9753,2485,,,1,72,,9761,2485,,,1,23,,9749,2485,,,1,70,,9743,2485,,,1,30,,9739,2485,,,1,70,,9728,2485,,,1,30,,9738,2485,,,1,70,,9751,2485,,,1,100,,9755,2485,,,1,100,,9731,2485,,,1,100,,9752,2485,,,1
53401,'F8',900,,18776,1336,,,2
53401,'SE',900,,18777,1336,,,2
64401,'F8',845,,18916,990,,,2,1,,18914,990,,,2,1,,18915,990,,,2
64401,'SE',845,,18919,990,,,2,1,,18917,990,,,2,1,,18918,990,,,2
69101,'F8',836,,19037,990,,,2,1,,19036,990,,,2
69101,'SE',836,,19039,990,,,2,1,,19038,990,,,2
