4301,'DI',804,,29856,3244,0,40 41,1,100,,29849,3244,0,40 41,1,100,,29850,3244,0,40 41,1,100,,29851,3244,0,40 41,1,101,,29852,3244,0,40 41,1,99,,29841,3244,0,40 41,1,100,,29842,3244,0,40 41,1,100,,29847,3244,0,40 41,1,101,,29848,3244,0,40 41,1,99,,29853,3244,0,40 41,1,100,,29843,3244,0,40 41,1,100,,29844,3244,0,40 41,1,100,,29845,3244,0,40 41,1,100,,29854,3244,0,40 41,1,100,,29846,3244,0,40 41,1,100,,29857,3244,0,40 41,1,100,,29855,3244,0,40 41,1,100,,29858,3244,0,40 41,1
4301,'F1',704,,29868,3244,0,40 41,1,100,,29859,3244,0,40 41,1,100,,29869,3244,0,40 41,1,100,,29876,3244,0,40 41,1,100,,29870,3244,0,40 41,1,100,,29874,3244,0,40 41,1,100,,29861,3244,0,40 41,1,100,,29873,3244,0,40 41,1,100,,29871,3244,0,40 41,1,101,,29875,3244,0,40 41,1,99,,29877,3244,0,40 41,1,100,,29860,3244,0,40 41,1,100,,29863,3244,0,40 41,1,100,,29864,3244,0,40 41,1,100,,29872,3244,0,40 41,1,100,,29865,3244,0,40 41,1,100,,29862,3244,0,40 41,1,100,,29866,3244,0,40 41,1,100,,29867,3244,0,40 41,1
4301,'F2',704,,29886,3244,0,40 41,1,100,,29880,3244,0,40 41,1,100,,29895,3244,0,40 41,1,100,,29891,3244,0,40 41,1,100,,29896,3244,0,40 41,1,100,,29878,3244,0,40 41,1,100,,29885,3244,0,40 41,1,100,,29888,3244,0,40 41,1,100,,29894,3244,0,40 41,1,101,,29879,3244,0,40 41,1,99,,29887,3244,0,40 41,1,100,,29883,3244,0,40 41,1,100,,29889,3244,0,40 41,1,100,,29881,3244,0,40 41,1,100,,29892,3244,0,40 41,1,100,,29884,3244,0,40 41,1,100,,29882,3244,0,40 41,1,100,,29890,3244,0,40 41,1,100,,29893,3244,0,40 41,1
4301,'F7',651,,29914,3244,0,40 41,1,73,,29917,3244,0,40 41,1,33,,29898,3244,0,40 41,1,62,,29908,3244,0,40 41,1,40,,29918,3244,0,40 41,1,65,,29897,3244,0,40 41,1,30,,29915,3244,0,40 41,1,100,,29919,3244,0,40 41,1,100,,29899,3244,0,40 41,1,100,,29907,3244,0,40 41,1,100,,29900,3244,0,40 41,1,96,,29916,3244,0,40 41,1,74,,29912,3244,0,40 41,1,27,,29901,3244,0,40 41,1,81,,29902,3244,0,40 41,1,26,,29904,3244,0,40 41,1,68,,29913,3244,0,40 41,1,31,,29910,3244,0,40 41,1,70,,29906,3244,0,40 41,1,30,,29909,3244,0,40 41,1,100,,29922,3244,0,40 41,1,100,,29903,3244,0,40 41,1,100,,29905,3244,0,40 41,1,99,,29920,3244,0,40 41,1,100,,29911,3244,0,40 41,1,100,,29921,3244,0,40 41,1
4301,'F8',704,,29931,3244,0,40 41,1,100,,29925,3244,0,40 41,1,100,,29940,3244,0,40 41,1,100,,29936,3244,0,40 41,1,100,,29941,3244,0,40 41,1,100,,29923,3244,0,40 41,1,100,,29930,3244,0,40 41,1,100,,29933,3244,0,40 41,1,100,,29939,3244,0,40 41,1,101,,29924,3244,0,40 41,1,99,,29932,3244,0,40 41,1,100,,29928,3244,0,40 41,1,100,,29934,3244,0,40 41,1,100,,29926,3244,0,40 41,1,100,,29937,3244,0,40 41,1,100,,29929,3244,0,40 41,1,100,,29927,3244,0,40 41,1,100,,29935,3244,0,40 41,1,100,,29938,3244,0,40 41,1
4301,'F9',804,,29957,3244,0,40 41,1,100,,29950,3244,0,40 41,1,100,,29951,3244,0,40 41,1,100,,29952,3244,0,40 41,1,101,,29953,3244,0,40 41,1,99,,29942,3244,0,40 41,1,100,,29943,3244,0,40 41,1,100,,29948,3244,0,40 41,1,101,,29949,3244,0,40 41,1,99,,29954,3244,0,40 41,1,100,,29944,3244,0,40 41,1,100,,29945,3244,0,40 41,1,100,,29946,3244,0,40 41,1,100,,29955,3244,0,40 41,1,100,,29947,3244,0,40 41,1,100,,29958,3244,0,40 41,1,100,,29956,3244,0,40 41,1,100,,29959,3244,0,40 41,1
4301,'SA',704,,29968,3244,0,40 41,1,100,,29962,3244,0,40 41,1,100,,29976,3244,0,40 41,1,100,,29973,3244,0,40 41,1,100,,29977,3244,0,40 41,1,100,,29960,3244,0,40 41,1,100,,29967,3244,0,40 41,1,100,,29970,3244,0,40 41,1,100,,8946,3244,0,40 41,1,101,,29961,3244,0,40 41,1,99,,29969,3244,0,40 41,1,100,,29965,3244,0,40 41,1,100,,29971,3244,0,40 41,1,100,,29963,3244,0,40 41,1,100,,29974,3244,0,40 41,1,100,,29966,3244,0,40 41,1,100,,29964,3244,0,40 41,1,100,,29972,3244,0,40 41,1,100,,29975,3244,0,40 41,1
4301,'SE',651,,29995,3244,0,40 41,1,73,,29998,3244,0,40 41,1,33,,29979,3244,0,40 41,1,62,,29989,3244,0,40 41,1,40,,29999,3244,0,40 41,1,65,,29978,3244,0,40 41,1,30,,29996,3244,0,40 41,1,100,,30000,3244,0,40 41,1,100,,29980,3244,0,40 41,1,100,,29988,3244,0,40 41,1,100,,29981,3244,0,40 41,1,96,,29997,3244,0,40 41,1,74,,29993,3244,0,40 41,1,27,,29982,3244,0,40 41,1,81,,29983,3244,0,40 41,1,26,,29985,3244,0,40 41,1,68,,29994,3244,0,40 41,1,31,,29991,3244,0,40 41,1,70,,29987,3244,0,40 41,1,30,,29990,3244,0,40 41,1,100,,30003,3244,0,40 41,1,100,,29984,3244,0,40 41,1,100,,29986,3244,0,40 41,1,99,,30001,3244,0,40 41,1,100,,29992,3244,0,40 41,1,100,,30002,3244,0,40 41,1
55100,'F7',1634,,40713,6078,,,2
55100,'SE',1634,,40714,6078,,,2
