9300,'F1',1629,,37182,4599,0,39 20,2,80,,37183,4599,0,39 20,2,20,,37186,4599,0,39 20,2,30,,37184,4599,0,39 20,2,80,,37185,4599,0,39 20,2
9300,'F7',1629,,37187,4599,0,39 20,2,80,,37188,4599,0,39 20,2,20,,37191,4599,0,39 20,2,30,,37189,4599,0,39 20,2,80,,37190,4599,0,39 20,2
9300,'SE',1629,,37192,4599,0,39 20,2,80,,37193,4599,0,39 20,2,20,,37196,4599,0,39 20,2,30,,37194,4599,0,39 20,2,80,,37195,4599,0,39 20,2
9901,'DI',904,,37415,11289,0,19 20,2,100,,37411,11289,0,19 20,2,100,,37403,11289,0,19 20,2,101,,37408,11289,0,19 20,2,100,,37401,11289,0,19 20,2,100,,37404,11289,0,19 20,2,100,,37416,11289,0,19 20,2,100,,37413,11289,0,19 20,2,100,,37410,11289,0,19 20,2,99,,37412,11289,0,19 20,2,104,,37407,11289,0,19 20,2,96,,37405,11289,0,19 20,2,100,,37406,11289,0,19 20,2,100,,37414,11289,0,19 20,2,100,,37417,11289,0,19 20,2,100,,37409,11289,0,19 20,2,100,,37402,11289,0,19 20,2
9901,'F1',759,,37430,11289,0,19 20,2,145,,37422,11289,0,19 20,2,98,,37419,11289,0,19 20,2,102,,15726,11289,0,19 20,2,101,,37427,11289,0,19 20,2,100,,37418,11289,0,19 20,2,100,,37429,11289,0,19 20,2,100,,37433,11289,0,19 20,2,98,,37428,11289,0,19 20,2,102,,37420,11289,0,19 20,2,99,,37434,11289,0,19 20,2,100,,37431,11289,0,19 20,2,100,,37426,11289,0,19 20,2,100,,37424,11289,0,19 20,2,100,,37432,11289,0,19 20,2,100,,37423,11289,0,19 20,2,100,,37435,11289,0,19 20,2,100,,37425,11289,0,19 20,2,100,,37421,11289,0,19 20,2
9901,'F2',759,,37440,11289,0,19 20,2,145,,37439,11289,0,19 20,2,98,,37451,11289,0,19 20,2,102,,37441,11289,0,19 20,2,101,,37447,11289,0,19 20,2,100,,37452,11289,0,19 20,2,100,,37442,11289,0,19 20,2,100,,37446,11289,0,19 20,2,98,,37443,11289,0,19 20,2,102,,37448,11289,0,19 20,2,99,,37453,11289,0,19 20,2,100,,37437,11289,0,19 20,2,100,,37444,11289,0,19 20,2,100,,37449,11289,0,19 20,2,100,,37438,11289,0,19 20,2,100,,37445,11289,0,19 20,2,100,,37436,11289,0,19 20,2,100,,37450,11289,0,19 20,2,100,,37454,11289,0,19 20,2
9901,'F7',556,,37456,11289,,,2,70,,37458,11289,,,2,20,,37460,11289,,,2,58,,37461,11289,,,2,25,,37455,11289,,,2,29,,37459,11289,,,2,76,,37457,11289,,,2,70,,37477,11289,0,19 20,2,100,,37470,11289,0,19 20,2,100,,37463,11289,0,19 20,2,100,,37462,11289,0,19 20,2,100,,37464,11289,0,19 20,2,100,,37466,11289,0,19 20,2,98,,37471,11289,0,19 20,2,57,,37480,11289,0,19 20,2,69,,37478,11289,0,19 20,2,26,,37482,11289,0,19 20,2,78,,37476,11289,0,19 20,2,69,,37479,11289,0,19 20,2,27,,37481,11289,0,19 20,2,77,,37465,11289,0,19 20,2,98,,37468,11289,0,19 20,2,100,,37467,11289,0,19 20,2,100,,37472,11289,0,19 20,2,100,,37474,11289,0,19 20,2,100,,37469,11289,0,19 20,2,100,,37473,11289,0,19 20,2,100,,37475,11289,0,19 20,2
9901,'F8',759,,37487,11289,0,19 20,2,145,,37486,11289,0,19 20,2,98,,37498,11289,0,19 20,2,102,,37488,11289,0,19 20,2,101,,37494,11289,0,19 20,2,100,,37499,11289,0,19 20,2,100,,37489,11289,0,19 20,2,100,,37493,11289,0,19 20,2,98,,37490,11289,0,19 20,2,102,,37495,11289,0,19 20,2,99,,37500,11289,0,19 20,2,100,,37484,11289,0,19 20,2,100,,37491,11289,0,19 20,2,100,,37496,11289,0,19 20,2,100,,37485,11289,0,19 20,2,100,,37492,11289,0,19 20,2,100,,37483,11289,0,19 20,2,100,,37497,11289,0,19 20,2,100,,37501,11289,0,19 20,2
9901,'F9',904,,37516,11289,0,19 20,2,100,,37512,11289,0,19 20,2,100,,37504,11289,0,19 20,2,101,,37509,11289,0,19 20,2,100,,37502,11289,0,19 20,2,100,,37505,11289,0,19 20,2,100,,37517,11289,0,19 20,2,100,,37514,11289,0,19 20,2,100,,37511,11289,0,19 20,2,99,,37513,11289,0,19 20,2,104,,37508,11289,0,19 20,2,96,,37506,11289,0,19 20,2,100,,37507,11289,0,19 20,2,100,,37515,11289,0,19 20,2,100,,37518,11289,0,19 20,2,100,,37510,11289,0,19 20,2,100,,37503,11289,0,19 20,2
9901,'SA',759,,37523,11289,0,19 20,2,145,,37522,11289,0,19 20,2,98,,37534,11289,0,19 20,2,102,,37524,11289,0,19 20,2,101,,37530,11289,0,19 20,2,100,,37535,11289,0,19 20,2,100,,37525,11289,0,19 20,2,100,,37529,11289,0,19 20,2,98,,37526,11289,0,19 20,2,102,,37531,11289,0,19 20,2,99,,37536,11289,0,19 20,2,100,,37520,11289,0,19 20,2,100,,37527,11289,0,19 20,2,100,,37532,11289,0,19 20,2,100,,37521,11289,0,19 20,2,100,,37528,11289,0,19 20,2,100,,37519,11289,0,19 20,2,100,,37533,11289,0,19 20,2,100,,37537,11289,0,19 20,2
9901,'SE',556,,37539,11289,,,2,70,,37541,11289,,,2,20,,37543,11289,,,2,58,,37544,11289,,,2,25,,37538,11289,,,2,29,,37542,11289,,,2,76,,37540,11289,,,2,70,,37560,11289,0,19 20,2,100,,37553,11289,0,19 20,2,100,,37546,11289,0,19 20,2,100,,37545,11289,0,19 20,2,100,,37547,11289,0,19 20,2,100,,37549,11289,0,19 20,2,98,,37554,11289,0,19 20,2,57,,37563,11289,0,19 20,2,69,,37561,11289,0,19 20,2,26,,37565,11289,0,19 20,2,78,,37559,11289,0,19 20,2,69,,37562,11289,0,19 20,2,27,,37564,11289,0,19 20,2,77,,37548,11289,0,19 20,2,98,,37551,11289,0,19 20,2,100,,37550,11289,0,19 20,2,100,,37555,11289,0,19 20,2,100,,37557,11289,0,19 20,2,100,,37552,11289,0,19 20,2,100,,37556,11289,0,19 20,2,100,,37558,11289,0,19 20,2
