6101,'DI',708,,11370,4667,,,2,30,,11367,4667,,,2,72,,11373,4667,,,2,17,,11371,4667,,,2,30,,11368,4667,,,2,70,,11374,4667,,,2,30,,11372,4667,,,2,70,,11369,4667,,,2,30,,11375,4667,,,2,70,,11376,4667,,,2,30,,11380,4667,,,2,70,,11384,4667,,,2,30,,11377,4667,,,2,70,,11381,4667,,,2,30,,11385,4667,,,2,70,,11378,4667,,,2,30,,11382,4667,,,2,70,,11386,4667,,,2,30,,11379,4667,,,2,74,,11383,4667,,,2,21,,11387,4667,,,2,75,,11389,4667,,,2,20,,11392,4667,,,2,80,,11388,4667,,,2,25,,11390,4667,,,2,70,,11393,4667,,,2,85,,11391,4667,,,2,100,,11394,4667,,,2,100,,11395,4667,,,2,100,,11396,4667,,,2,100,,11397,4667,,,2,100,,11398,4667,,,2
6101,'F1',708,,11402,4667,,,2,30,,11399,4667,,,2,72,,11405,4667,,,2,17,,11403,4667,,,2,30,,11400,4667,,,2,70,,11406,4667,,,2,30,,11404,4667,,,2,70,,11401,4667,,,2,30,,11407,4667,,,2,70,,11408,4667,,,2,30,,11412,4667,,,2,70,,11414,4667,,,2,30,,11409,4667,,,2,70,,11413,4667,,,2,30,,11415,4667,,,2,70,,11410,4667,,,2,30,,11416,4667,,,2,70,,11420,4667,,,2,30,,11411,4667,,,2,74,,11417,4667,,,2,21,,11421,4667,,,2,75,,11423,4667,,,2,20,,11418,4667,,,2,80,,11422,4667,,,2,25,,11424,4667,,,2,70,,11419,4667,,,2,85,,11425,4667,,,2,100,,11427,4667,,,2,100,,11426,4667,,,2,100,,11429,4667,,,2,100,,11428,4667,,,2,100,,11430,4667,,,2
6101,'F7',708,,11434,4667,,,2,30,,11431,4667,,,2,72,,11437,4667,,,2,17,,11435,4667,,,2,30,,11432,4667,,,2,70,,11438,4667,,,2,30,,11436,4667,,,2,70,,11433,4667,,,2,30,,11439,4667,,,2,70,,11440,4667,,,2,30,,11444,4667,,,2,70,,11448,4667,,,2,30,,11441,4667,,,2,70,,11445,4667,,,2,30,,11449,4667,,,2,70,,11442,4667,,,2,30,,11446,4667,,,2,70,,11450,4667,,,2,30,,11443,4667,,,2,74,,11447,4667,,,2,21,,11451,4667,,,2,75,,11453,4667,,,2,20,,11456,4667,,,2,80,,11452,4667,,,2,25,,11454,4667,,,2,70,,11457,4667,,,2,85,,11455,4667,,,2,100,,11458,4667,,,2,100,,11459,4667,,,2,100,,11460,4667,,,2,100,,11461,4667,,,2,100,,11462,4667,,,2
6101,'F8',546,,11512,4667,,,2,70,,11514,4667,,,2,10,,11467,4667,,,2,14,,11470,4667,,,2,9,,11464,4667,,,2,54,,11473,4667,,,2,14,,11463,4667,,,2,7,,11477,4667,,,2,19,,11471,4667,,,2,9,,11476,4667,,,2,59,,11468,4667,,,2,24,,11465,4667,,,2,22,,11474,4667,,,2,55,,11478,4667,,,2,36,,11469,4667,,,2,70,,11466,4667,,,2,30,,11475,4667,,,2,72,,11513,4667,,,2,30,,11472,4667,,,2,70,,11479,4667,,,2,31,,11483,4667,,,2,70,,11480,4667,,,2,30,,11481,4667,,,2,73,,11485,4667,,,2,21,,11487,4667,,,2,67,,11490,4667,,,2,23,,11482,4667,,,2,20,,11484,4667,,,2,64,,11492,4667,,,2,4,,11494,4667,,,2,25,,11488,4667,,,2,7,,11489,4667,,,2,54,,11495,4667,,,2,13,,11496,4667,,,2,14,,11486,4667,,,2,15,,11499,4667,,,2,6,,11502,4667,,,2,56,,11493,4667,,,2,14,,11491,4667,,,2,24,,11504,4667,,,2,64,,11497,4667,,,2,28,,11507,4667,,,2,69,,11510,4667,,,2,30,,11500,4667,,,2,69,,11503,4667,,,2,29,,11511,4667,,,2,70,,11498,4667,,,2,29,,11508,4667,,,2,70,,11505,4667,,,2,29,,11501,4667,,,2,68,,11509,4667,,,2,30,,11506,4667,,,2
6101,'F9',708,,11518,4667,,,2,30,,11515,4667,,,2,72,,11521,4667,,,2,17,,11519,4667,,,2,30,,11516,4667,,,2,70,,11522,4667,,,2,30,,11520,4667,,,2,70,,11517,4667,,,2,30,,11523,4667,,,2,70,,11524,4667,,,2,30,,11528,4667,,,2,70,,11530,4667,,,2,30,,11525,4667,,,2,70,,11529,4667,,,2,30,,11531,4667,,,2,70,,11526,4667,,,2,30,,11532,4667,,,2,70,,11536,4667,,,2,30,,11527,4667,,,2,74,,11533,4667,,,2,21,,11537,4667,,,2,75,,11539,4667,,,2,20,,11534,4667,,,2,80,,11538,4667,,,2,25,,11540,4667,,,2,70,,11535,4667,,,2,85,,11541,4667,,,2,100,,11543,4667,,,2,100,,11542,4667,,,2,100,,11545,4667,,,2,100,,11544,4667,,,2,100,,11546,4667,,,2
6101,'SA',708,,11550,4667,,,2,30,,11547,4667,,,2,72,,11553,4667,,,2,17,,11551,4667,,,2,30,,11548,4667,,,2,70,,11554,4667,,,2,30,,11552,4667,,,2,70,,11549,4667,,,2,30,,11555,4667,,,2,70,,11556,4667,,,2,30,,11560,4667,,,2,70,,11562,4667,,,2,30,,11557,4667,,,2,70,,11561,4667,,,2,30,,11563,4667,,,2,70,,11558,4667,,,2,30,,11564,4667,,,2,70,,11568,4667,,,2,30,,11559,4667,,,2,74,,11565,4667,,,2,21,,11569,4667,,,2,75,,11571,4667,,,2,20,,11566,4667,,,2,80,,11570,4667,,,2,25,,11572,4667,,,2,70,,11567,4667,,,2,85,,11573,4667,,,2,100,,11575,4667,,,2,100,,11574,4667,,,2,100,,11577,4667,,,2,100,,11576,4667,,,2,100,,11578,4667,,,2
6101,'SE',546,,11628,4667,,,2,70,,11630,4667,,,2,10,,11583,4667,,,2,14,,11586,4667,,,2,9,,11580,4667,,,2,54,,11589,4667,,,2,14,,11579,4667,,,2,7,,11593,4667,,,2,19,,11587,4667,,,2,9,,11592,4667,,,2,59,,11584,4667,,,2,24,,11581,4667,,,2,22,,11590,4667,,,2,55,,11594,4667,,,2,36,,11585,4667,,,2,70,,11582,4667,,,2,30,,11591,4667,,,2,72,,11629,4667,,,2,30,,11588,4667,,,2,70,,11595,4667,,,2,31,,11599,4667,,,2,70,,11596,4667,,,2,30,,11597,4667,,,2,73,,11601,4667,,,2,21,,11603,4667,,,2,67,,11606,4667,,,2,23,,11598,4667,,,2,20,,11600,4667,,,2,64,,11608,4667,,,2,4,,11610,4667,,,2,25,,11604,4667,,,2,7,,11605,4667,,,2,54,,11611,4667,,,2,13,,11612,4667,,,2,14,,11602,4667,,,2,15,,11615,4667,,,2,6,,11618,4667,,,2,56,,11609,4667,,,2,14,,11607,4667,,,2,24,,11620,4667,,,2,64,,11613,4667,,,2,28,,11623,4667,,,2,69,,11626,4667,,,2,30,,11616,4667,,,2,69,,11619,4667,,,2,29,,11627,4667,,,2,70,,11614,4667,,,2,29,,11624,4667,,,2,70,,11621,4667,,,2,29,,11617,4667,,,2,68,,11625,4667,,,2,30,,11622,4667,,,2
8200,'F8',1557,,14468,16491,0,28 30,2,70,,14465,16491,0,28 30,2,27,,14464,16491,0,28 30,2,64,,14466,16491,0,28 30,2,24,,14463,16491,0,28 30,2,70,,14467,16491,0,28 30,2,30,,14469,16491,0,28 30,2,65,,14470,16491,0,28 30,2
8200,'SE',1557,,14483,16491,0,28 30,2,70,,14480,16491,0,28 30,2,27,,14479,16491,0,28 30,2,64,,14481,16491,0,28 30,2,24,,14478,16491,0,28 30,2,70,,14482,16491,0,28 30,2,30,,14484,16491,0,28 30,2,65,,14485,16491,0,28 30,2
8201,'F8',646,,14492,5270,,,2,70,,14489,5270,,,2,30,,14487,5270,,,2,66,,14490,5270,,,2,26,,14488,5270,,,2,70,,14491,5270,,,2,20,,14486,5270,,,2
8201,'SE',646,,14507,5270,,,2,70,,14504,5270,,,2,30,,14502,5270,,,2,66,,14505,5270,,,2,26,,14503,5270,,,2,70,,14506,5270,,,2,20,,14501,5270,,,2
8700,'F8',1700,,14994,34080,,,2,103,,14995,34080,,,2
8700,'SE',1700,,14996,34080,,,2,103,,14997,34080,,,2
8701,'F8',624,,14999,4667,,,2,30,,14998,4667,,,2
8701,'SE',624,,15001,4667,,,2,30,,15000,4667,,,2
