4401,'DI',633,,30200,4647,,,2,101,,30205,4647,,,2,103,,30195,4647,,,2,101,,30198,4647,,,2,96,,30192,4647,,,2,100,,30206,4647,,,2,100,,30193,4647,,,2,100,,30207,4647,,,2,100,,30201,4647,,,2,98,,30208,4647,,,2,104,,30202,4647,,,2,99,,30196,4647,,,2,102,,30194,4647,,,2,97,,30199,4647,,,2,100,,30197,4647,,,2,101,,30203,4647,,,2,99,,30209,4647,,,2,101,,30204,4647,,,2,100,,30210,4647,,,2
4401,'F1',633,,30227,4647,,,2,103,,30223,4647,,,2,98,,30211,4647,,,2,100,,30229,4647,,,2,100,,30213,4647,,,2,100,,30215,4647,,,2,100,,30214,4647,,,2,105,,30216,4647,,,2,100,,30218,4647,,,2,95,,30212,4647,,,2,105,,30228,4647,,,2,100,,30224,4647,,,2,101,,30226,4647,,,2,94,,30219,4647,,,2,100,,30221,4647,,,2,101,,30220,4647,,,2,100,,30222,4647,,,2,98,,30225,4647,,,2,103,,30217,4647,,,2
4401,'F2',633,,30230,4647,,,2,103,,30232,4647,,,2,98,,30237,4647,,,2,100,,30233,4647,,,2,100,,30238,4647,,,2,100,,30234,4647,,,2,100,,30239,4647,,,2,105,,30235,4647,,,2,100,,30240,4647,,,2,95,,30236,4647,,,2,105,,30241,4647,,,2,100,,30245,4647,,,2,101,,30244,4647,,,2,94,,30242,4647,,,2,100,,30231,4647,,,2,101,,30243,4647,,,2,100,,30248,4647,,,2,98,,30246,4647,,,2,103,,30247,4647,,,2
4401,'F7',613,,30280,4647,,,2,16,,30261,4647,,,2,15,,30281,4647,,,2,56,,30270,4647,,,2,14,,30264,4647,,,2,11,,30252,4647,,,2,15,,30266,4647,,,2,15,,30265,4647,,,2,50,,30282,4647,,,2,18,,30267,4647,,,2,16,,30283,4647,,,2,95,,30274,4647,,,2,100,,30279,4647,,,2,100,,30249,4647,,,2,101,,30255,4647,,,2,100,,30259,4647,,,2,100,,30256,4647,,,2,100,,30271,4647,,,2,21,,30253,4647,,,2,55,,30272,4647,,,2,18,,30275,4647,,,2,16,,30273,4647,,,2,14,,30268,4647,,,2,52,,30262,4647,,,2,15,,30254,4647,,,2,15,,30269,4647,,,2,16,,30250,4647,,,2,53,,30257,4647,,,2,16,,30263,4647,,,2,19,,30258,4647,,,2,88,,30285,4647,,,2,100,,30284,4647,,,2,100,,30251,4647,,,2,100,,30276,4647,,,2,100,,30260,4647,,,2,100,,30278,4647,,,2,100,,30277,4647,,,2
4401,'F8',633,,30286,4647,,,2,103,,30288,4647,,,2,98,,30293,4647,,,2,100,,30289,4647,,,2,100,,30294,4647,,,2,100,,30290,4647,,,2,100,,30295,4647,,,2,105,,30291,4647,,,2,100,,30296,4647,,,2,95,,30292,4647,,,2,105,,30297,4647,,,2,100,,30301,4647,,,2,101,,30300,4647,,,2,94,,30298,4647,,,2,100,,30287,4647,,,2,101,,30299,4647,,,2,100,,30304,4647,,,2,98,,30302,4647,,,2,103,,30303,4647,,,2
4401,'F9',633,,30313,4647,,,2,101,,30318,4647,,,2,103,,30308,4647,,,2,101,,30311,4647,,,2,96,,30305,4647,,,2,100,,30319,4647,,,2,100,,30306,4647,,,2,100,,30320,4647,,,2,100,,30314,4647,,,2,98,,30321,4647,,,2,104,,30315,4647,,,2,99,,30309,4647,,,2,102,,30307,4647,,,2,97,,30312,4647,,,2,100,,30310,4647,,,2,101,,30316,4647,,,2,99,,30322,4647,,,2,101,,30317,4647,,,2,100,,30323,4647,,,2
4401,'SA',633,,30324,4647,,,2,103,,30326,4647,,,2,98,,30331,4647,,,2,100,,30327,4647,,,2,100,,30332,4647,,,2,100,,30328,4647,,,2,100,,30333,4647,,,2,105,,30329,4647,,,2,100,,30334,4647,,,2,95,,30330,4647,,,2,105,,30335,4647,,,2,100,,30339,4647,,,2,101,,30338,4647,,,2,94,,30336,4647,,,2,100,,30325,4647,,,2,101,,30337,4647,,,2,100,,30342,4647,,,2,98,,30340,4647,,,2,103,,30341,4647,,,2
4401,'SE',613,,30374,4647,,,2,16,,30355,4647,,,2,15,,30375,4647,,,2,56,,30364,4647,,,2,14,,30358,4647,,,2,11,,30346,4647,,,2,15,,30360,4647,,,2,15,,30359,4647,,,2,50,,30376,4647,,,2,18,,30361,4647,,,2,16,,30377,4647,,,2,95,,30368,4647,,,2,100,,30373,4647,,,2,100,,30343,4647,,,2,101,,30349,4647,,,2,100,,30353,4647,,,2,100,,30350,4647,,,2,100,,30365,4647,,,2,21,,30347,4647,,,2,55,,30366,4647,,,2,18,,30369,4647,,,2,16,,30367,4647,,,2,14,,30362,4647,,,2,52,,30356,4647,,,2,15,,30348,4647,,,2,15,,30363,4647,,,2,16,,30344,4647,,,2,53,,30351,4647,,,2,16,,30357,4647,,,2,19,,30352,4647,,,2,88,,30379,4647,,,2,100,,30378,4647,,,2,100,,30345,4647,,,2,100,,30370,4647,,,2,100,,30354,4647,,,2,100,,30372,4647,,,2,100,,30371,4647,,,2
54401,'F7',909,,40695,2327,,,2
54401,'SE',909,,40696,2327,,,2
69301,'F7',838,,40939,2606,,,2,1,,40938,2606,,,2
69301,'SE',838,,40941,2606,,,2,1,,40940,2606,,,2
