801,'DI',537,,2737,8210,,,1,70,,2745,8210,,,1,30,,2752,8210,,,1,70,,2762,8210,,,1,30,,2738,8210,,,1,71,,2746,8210,,,1,30,,2753,8210,,,1,70,,2763,8210,,,1,27,,2739,8210,,,1,70,,2747,8210,,,1,30,,2754,8210,,,1,68,,2764,8210,,,1,30,,2740,8210,,,1,70,,2748,8210,,,1,30,,2755,8210,,,1,70,,2765,8210,,,1,31,,2741,8210,,,1,70,,2749,8210,,,1,31,,2756,8210,,,1,70,,2766,8210,,,1,30,,2769,8210,,,1,70,,2750,8210,,,1,30,,2757,8210,,,1,70,,2767,8210,,,1,19,,2771,8210,,,1,15,,2770,8210,,,1,70,,2751,8210,,,1,28,,2758,8210,,,1,70,,2768,8210,,,1,45,,2742,8210,,,1,102,,2759,8210,,,1,100,,2743,8210,,,1,99,,2760,8210,,,1,100,,2744,8210,,,1,99,,2761,8210,,,1
801,'F1',537,,2772,8210,,,1,70,,2777,8210,,,1,30,,2788,8210,,,1,70,,2800,8210,,,1,30,,2773,8210,,,1,70,,2778,8210,,,1,30,,2789,8210,,,1,70,,2801,8210,,,1,27,,2774,8210,,,1,68,,2779,8210,,,1,30,,2790,8210,,,1,70,,2802,8210,,,1,31,,2775,8210,,,1,70,,2780,8210,,,1,31,,2791,8210,,,1,70,,2803,8210,,,1,31,,2776,8210,,,1,70,,2781,8210,,,1,30,,2792,8210,,,1,70,,2804,8210,,,1,30,,2798,8210,,,1,70,,2782,8210,,,1,30,,2793,8210,,,1,70,,2805,8210,,,1,25,,2784,8210,,,1,10,,2799,8210,,,1,62,,2783,8210,,,1,30,,2794,8210,,,1,70,,2806,8210,,,1,50,,2785,8210,,,1,100,,2795,8210,,,1,100,,2786,8210,,,1,99,,2796,8210,,,1,100,,2787,8210,,,1,101,,2797,8210,,,1
801,'F7',537,,2807,8210,,,1,70,,2815,8210,,,1,30,,2822,8210,,,1,70,,2832,8210,,,1,30,,2808,8210,,,1,71,,2816,8210,,,1,30,,2823,8210,,,1,70,,2833,8210,,,1,27,,2809,8210,,,1,70,,2817,8210,,,1,30,,2824,8210,,,1,68,,2834,8210,,,1,30,,2810,8210,,,1,70,,2818,8210,,,1,30,,2825,8210,,,1,70,,2835,8210,,,1,31,,2811,8210,,,1,70,,2819,8210,,,1,31,,2826,8210,,,1,70,,2836,8210,,,1,30,,2839,8210,,,1,70,,2820,8210,,,1,30,,2827,8210,,,1,70,,2837,8210,,,1,19,,2841,8210,,,1,15,,2840,8210,,,1,70,,2821,8210,,,1,28,,2828,8210,,,1,70,,2838,8210,,,1,45,,2812,8210,,,1,102,,2829,8210,,,1,100,,2813,8210,,,1,99,,2830,8210,,,1,100,,2814,8210,,,1,99,,2831,8210,,,1
801,'F8',503,,2842,8210,,,1,33,,2843,8210,,,1,67,,2885,8210,,,1,21,,2886,8210,,,1,24,,2887,8210,,,1,11,,2855,8210,,,1,49,,2858,8210,,,1,8,,2894,8210,,,1,11,,2864,8210,,,1,9,,2844,8210,,,1,11,,2892,8210,,,1,61,,2865,8210,,,1,18,,2848,8210,,,1,18,,2852,8210,,,1,13,,2856,8210,,,1,55,,2859,8210,,,1,15,,2896,8210,,,1,15,,2845,8210,,,1,17,,2868,8210,,,1,55,,2866,8210,,,1,14,,2849,8210,,,1,15,,2860,8210,,,1,16,,2853,8210,,,1,55,,2881,8210,,,1,15,,2897,8210,,,1,15,,2846,8210,,,1,15,,2893,8210,,,1,55,,2869,8210,,,1,16,,2854,8210,,,1,15,,2850,8210,,,1,55,,2888,8210,,,1,15,,2882,8210,,,1,15,,2910,8210,,,1,15,,2898,8210,,,1,55,,2909,8210,,,1,15,,2911,8210,,,1,17,,2867,8210,,,1,15,,2871,8210,,,1,53,,2900,8210,,,1,20,,2861,8210,,,1,11,,2889,8210,,,1,10,,2883,8210,,,1,14,,2857,8210,,,1,56,,2904,8210,,,1,16,,2847,8210,,,1,15,,2870,8210,,,1,13,,2905,8210,,,1,56,,2851,8210,,,1,15,,2901,8210,,,1,15,,2862,8210,,,1,16,,2890,8210,,,1,61,,2899,8210,,,1,23,,2907,8210,,,1,67,,2906,8210,,,1,28,,2874,8210,,,1,71,,2876,8210,,,1,29,,2872,8210,,,1,73,,2902,8210,,,1,27,,2875,8210,,,1,13,,2878,8210,,,1,60,,2877,8210,,,1,29,,2873,8210,,,1,20,,2903,8210,,,1,92,,2879,8210,,,1,100,,2880,8210,,,1
801,'F9',537,,2916,8210,,,1,70,,2921,8210,,,1,30,,2932,8210,,,1,70,,2944,8210,,,1,30,,2917,8210,,,1,70,,2922,8210,,,1,30,,2933,8210,,,1,70,,2945,8210,,,1,27,,2918,8210,,,1,68,,2923,8210,,,1,30,,2934,8210,,,1,70,,2946,8210,,,1,31,,2919,8210,,,1,70,,2924,8210,,,1,31,,2935,8210,,,1,70,,2947,8210,,,1,31,,2920,8210,,,1,70,,2925,8210,,,1,30,,2936,8210,,,1,70,,2948,8210,,,1,30,,2942,8210,,,1,70,,2926,8210,,,1,30,,2937,8210,,,1,70,,2949,8210,,,1,25,,2928,8210,,,1,10,,2943,8210,,,1,62,,2927,8210,,,1,30,,2938,8210,,,1,70,,2950,8210,,,1,50,,2929,8210,,,1,100,,2939,8210,,,1,100,,2930,8210,,,1,99,,2940,8210,,,1,100,,2931,8210,,,1,101,,2941,8210,,,1
801,'SA',537,,2951,8210,,,1,70,,2956,8210,,,1,30,,2967,8210,,,1,70,,2979,8210,,,1,30,,2952,8210,,,1,70,,2957,8210,,,1,30,,2968,8210,,,1,70,,2980,8210,,,1,27,,2953,8210,,,1,68,,2958,8210,,,1,30,,2969,8210,,,1,70,,2981,8210,,,1,31,,2954,8210,,,1,70,,2959,8210,,,1,31,,2970,8210,,,1,70,,2982,8210,,,1,31,,2955,8210,,,1,70,,2960,8210,,,1,30,,2971,8210,,,1,70,,2983,8210,,,1,30,,2977,8210,,,1,70,,2961,8210,,,1,30,,2972,8210,,,1,70,,2984,8210,,,1,25,,2963,8210,,,1,10,,2978,8210,,,1,62,,2962,8210,,,1,30,,2973,8210,,,1,70,,2985,8210,,,1,50,,2964,8210,,,1,100,,2974,8210,,,1,100,,2965,8210,,,1,99,,2975,8210,,,1,100,,2966,8210,,,1,101,,2976,8210,,,1
801,'SE',503,,2986,8210,,,1,33,,2987,8210,,,1,67,,3029,8210,,,1,21,,3030,8210,,,1,24,,3031,8210,,,1,11,,2999,8210,,,1,49,,3002,8210,,,1,8,,3038,8210,,,1,11,,3008,8210,,,1,9,,2988,8210,,,1,11,,3036,8210,,,1,61,,3009,8210,,,1,18,,2992,8210,,,1,18,,2996,8210,,,1,13,,3000,8210,,,1,55,,3003,8210,,,1,15,,3040,8210,,,1,15,,2989,8210,,,1,17,,3012,8210,,,1,55,,3010,8210,,,1,14,,2993,8210,,,1,15,,3004,8210,,,1,16,,2997,8210,,,1,55,,3025,8210,,,1,15,,3041,8210,,,1,15,,2990,8210,,,1,15,,3037,8210,,,1,55,,3013,8210,,,1,16,,2998,8210,,,1,15,,2994,8210,,,1,55,,3032,8210,,,1,15,,3026,8210,,,1,15,,3054,8210,,,1,15,,3042,8210,,,1,55,,3053,8210,,,1,15,,3055,8210,,,1,17,,3011,8210,,,1,15,,3015,8210,,,1,53,,3044,8210,,,1,20,,3005,8210,,,1,11,,3033,8210,,,1,10,,3027,8210,,,1,14,,3001,8210,,,1,56,,3048,8210,,,1,16,,2991,8210,,,1,15,,3014,8210,,,1,13,,3049,8210,,,1,56,,2995,8210,,,1,15,,3045,8210,,,1,15,,3006,8210,,,1,16,,3034,8210,,,1,61,,3043,8210,,,1,23,,3051,8210,,,1,67,,3050,8210,,,1,28,,3018,8210,,,1,71,,3020,8210,,,1,29,,3016,8210,,,1,73,,3046,8210,,,1,27,,3019,8210,,,1,13,,3022,8210,,,1,60,,3021,8210,,,1,29,,3017,8210,,,1,20,,3047,8210,,,1,92,,3023,8210,,,1,100,,3024,8210,,,1
44201,'F8',720,,18178,9599,,,2,100,,18179,9599,,,2
44201,'SE',720,,18180,9599,,,2,100,,18181,9599,,,2
60801,'F8',1459,,18871,3078,,,2,42,,18870,3078,,,2
60801,'SE',1459,,18873,3078,,,2,42,,18872,3078,,,2
