64000,'F7',1605,,40786,0,,,2,1,,40787,0,,,2,1,,40788,0,,,2
64000,'SE',1605,,40789,0,,,2,1,,40790,0,,,2,1,,40791,0,,,2
64001,'F7',858,,40793,9901,4,,2,1,,40794,9901,4,,2,41,,40792,9901,4,,2
64001,'SE',858,,40796,9901,4,,2,1,,40797,9901,4,,2,41,,40795,9901,4,,2
64400,'F7',1605,,40800,0,,,2,1,,40799,0,,,2,1,,40798,0,,,2
64400,'SE',1605,,40803,0,,,2,1,,40802,0,,,2,1,,40801,0,,,2
64401,'F7',858,,40806,5268,4,,2,1,,40805,5268,4,,2,41,,40804,5268,4,,2
64401,'SE',858,,40809,5268,4,,2,1,,40808,5268,4,,2,41,,40807,5268,4,,2
65000,'F7',1605,,40810,0,,,2
65000,'SE',1605,,40811,0,,,2
65001,'F7',900,,40812,13099,4,,2
65001,'SE',900,,40813,13099,4,,2
65300,'F7',1605,,40814,0,,,2
65300,'SE',1605,,40815,0,,,2
65301,'F7',900,,40816,6187,4,,2
65301,'SE',900,,40817,6187,4,,2
65600,'F7',1605,,40819,0,,,2,1,,40818,0,,,2
65600,'SE',1605,,40821,0,,,2,1,,40820,0,,,2
65601,'F7',859,,40823,5345,4,,2,41,,40822,5345,4,,2
65601,'SE',859,,40825,5345,4,,2,41,,40824,5345,4,,2
66000,'F7',1605,,40826,0,,,2,1,,40827,0,,,2,1,,40828,0,,,2
66000,'SE',1605,,40829,0,,,2,1,,40830,0,,,2,1,,40831,0,,,2
66001,'F7',858,,40833,7404,4,,2,1,,40832,7404,4,,2,41,,40834,7404,4,,2
66001,'SE',858,,40836,7404,4,,2,1,,40835,7404,4,,2,41,,40837,7404,4,,2
66400,'F7',1605,,40838,0,,,2,1,,40839,0,,,2,1,,40840,0,,,2
66400,'SE',1605,,40841,0,,,2,1,,40842,0,,,2,1,,40843,0,,,2
66401,'F7',858,,40846,5084,4,,2,1,,40844,5084,4,,2,41,,40845,5084,4,,2
66401,'SE',858,,40849,5084,4,,2,1,,40847,5084,4,,2,41,,40848,5084,4,,2
66500,'F7',1605,,40850,0,,,2
66500,'SE',1605,,40851,0,,,2
66501,'F7',900,,40852,4048,4,,2
66501,'SE',900,,40853,4048,4,,2
67000,'F7',1605,,40854,0,,,2,1,,40855,0,,,2,1,,40856,0,,,2
67000,'SE',1605,,40857,0,,,2,1,,40858,0,,,2,1,,40859,0,,,2
67001,'F7',858,,40862,6586,4,,2,1,,40861,6586,4,,2,41,,40860,6586,4,,2
67001,'SE',858,,40865,6586,4,,2,1,,40864,6586,4,,2,41,,40863,6586,4,,2
67400,'F7',1605,,40878,0,,,2
67400,'SE',1605,,40879,0,,,2
67401,'F7',900,,40880,5287,4,,2
67401,'SE',900,,40881,5287,4,,2
68400,'F7',1605,,40899,0,,,2,1,,40898,0,,,2
68400,'SE',1605,,40901,0,,,2,1,,40900,0,,,2
68401,'F7',858,,40903,4766,4,,2,42,,40902,4766,4,,2
68401,'SE',858,,40905,4766,4,,2,42,,40904,4766,4,,2
68900,'F7',1605,,40906,0,,,2,1,,40907,0,,,2
68900,'SE',1605,,40908,0,,,2,1,,40909,0,,,2
68901,'F7',900,,40910,4767,4,,2,1,,40911,4767,4,,2
68901,'SE',900,,40912,4767,4,,2,1,,40913,4767,4,,2
69000,'F7',1605,,40915,0,,,2,1,,40914,0,,,2
69000,'SE',1605,,40917,0,,,2,1,,40916,0,,,2
69001,'F7',859,,40919,7477,4,,2,41,,40918,7477,4,,2
69001,'SE',859,,40921,7477,4,,2,41,,40920,7477,4,,2
