101,'DI',633,,260,6114,,,1,100,,261,6114,,,1,100,,262,6114,,,1,100,,263,6114,,,1,100,,264,6114,,,1,100,,265,6114,,,1,100,,266,6114,,,1,100,,267,6114,,,1,101,,268,6114,,,1,100,,269,6114,,,1,98,,250,6114,,,1,100,,251,6114,,,1,100,,252,6114,,,1,100,,253,6114,,,1,100,,254,6114,,,1,100,,255,6114,,,1,100,,256,6114,,,1,100,,257,6114,,,1,100,,258,6114,,,1,100,,259,6114,,,1
101,'F1',603,,293,6114,,,1,30,,283,6114,,,1,70,,294,6114,,,1,30,,284,6114,,,1,70,,295,6114,,,1,30,,285,6114,,,1,70,,296,6114,,,1,30,,286,6114,,,1,70,,297,6114,,,1,30,,287,6114,,,1,70,,298,6114,,,1,30,,288,6114,,,1,70,,299,6114,,,1,30,,289,6114,,,1,70,,300,6114,,,1,30,,290,6114,,,1,71,,301,6114,,,1,30,,291,6114,,,1,70,,302,6114,,,1,30,,292,6114,,,1,68,,280,6114,,,1,30,,270,6114,,,1,70,,281,6114,,,1,30,,271,6114,,,1,70,,282,6114,,,1,30,,272,6114,,,1,100,,273,6114,,,1,100,,274,6114,,,1,100,,275,6114,,,1,100,,276,6114,,,1,100,,277,6114,,,1,100,,278,6114,,,1,100,,279,6114,,,1
101,'F7',633,,313,6114,,,1,100,,314,6114,,,1,100,,315,6114,,,1,100,,316,6114,,,1,100,,317,6114,,,1,100,,318,6114,,,1,100,,319,6114,,,1,100,,320,6114,,,1,101,,321,6114,,,1,100,,322,6114,,,1,98,,303,6114,,,1,100,,304,6114,,,1,100,,305,6114,,,1,100,,306,6114,,,1,100,,307,6114,,,1,100,,308,6114,,,1,100,,309,6114,,,1,100,,310,6114,,,1,100,,311,6114,,,1,100,,312,6114,,,1
101,'F8',515,,342,6114,,,1,30,,343,6114,,,1,61,,345,6114,,,1,20,,334,6114,,,1,20,,346,6114,,,1,56,,323,6114,,,1,22,,336,6114,,,1,10,,335,6114,,,1,20,,326,6114,,,1,55,,347,6114,,,1,15,,351,6114,,,1,15,,350,6114,,,1,14,,365,6114,,,1,60,,348,6114,,,1,20,,340,6114,,,1,20,,324,6114,,,1,70,,327,6114,,,1,30,,349,6114,,,1,70,,360,6114,,,1,30,,362,6114,,,1,70,,325,6114,,,1,31,,328,6114,,,1,70,,363,6114,,,1,30,,338,6114,,,1,70,,359,6114,,,1,30,,330,6114,,,1,71,,353,6114,,,1,33,,344,6114,,,1,57,,352,6114,,,1,35,,329,6114,,,1,71,,331,6114,,,1,34,,341,6114,,,1,65,,366,6114,,,1,27,,364,6114,,,1,75,,357,6114,,,1,28,,361,6114,,,1,70,,339,6114,,,1,30,,356,6114,,,1,68,,354,6114,,,1,30,,358,6114,,,1,70,,355,6114,,,1,100,,337,6114,,,1,99,,332,6114,,,1,100,,333,6114,,,1
101,'F9',603,,390,6114,,,1,30,,380,6114,,,1,70,,391,6114,,,1,30,,381,6114,,,1,70,,392,6114,,,1,30,,382,6114,,,1,70,,393,6114,,,1,30,,383,6114,,,1,70,,394,6114,,,1,30,,384,6114,,,1,70,,395,6114,,,1,30,,385,6114,,,1,70,,396,6114,,,1,30,,386,6114,,,1,70,,397,6114,,,1,30,,387,6114,,,1,71,,398,6114,,,1,30,,388,6114,,,1,70,,399,6114,,,1,30,,389,6114,,,1,68,,377,6114,,,1,30,,367,6114,,,1,70,,378,6114,,,1,30,,368,6114,,,1,70,,379,6114,,,1,30,,369,6114,,,1,100,,370,6114,,,1,100,,371,6114,,,1,100,,372,6114,,,1,100,,373,6114,,,1,100,,374,6114,,,1,100,,375,6114,,,1,100,,376,6114,,,1
101,'SA',603,,423,6114,,,1,30,,413,6114,,,1,70,,424,6114,,,1,30,,414,6114,,,1,70,,425,6114,,,1,30,,415,6114,,,1,70,,426,6114,,,1,30,,416,6114,,,1,70,,427,6114,,,1,30,,417,6114,,,1,70,,428,6114,,,1,30,,418,6114,,,1,70,,429,6114,,,1,30,,419,6114,,,1,70,,430,6114,,,1,30,,420,6114,,,1,71,,431,6114,,,1,30,,421,6114,,,1,70,,432,6114,,,1,30,,422,6114,,,1,68,,410,6114,,,1,30,,400,6114,,,1,70,,411,6114,,,1,30,,401,6114,,,1,70,,412,6114,,,1,30,,402,6114,,,1,100,,403,6114,,,1,100,,404,6114,,,1,100,,405,6114,,,1,100,,406,6114,,,1,100,,407,6114,,,1,100,,408,6114,,,1,100,,409,6114,,,1
101,'SE',515,,452,6114,,,1,30,,453,6114,,,1,61,,455,6114,,,1,20,,444,6114,,,1,20,,456,6114,,,1,56,,433,6114,,,1,22,,446,6114,,,1,10,,445,6114,,,1,20,,436,6114,,,1,55,,457,6114,,,1,15,,461,6114,,,1,15,,460,6114,,,1,14,,475,6114,,,1,60,,458,6114,,,1,20,,450,6114,,,1,20,,434,6114,,,1,70,,437,6114,,,1,30,,459,6114,,,1,70,,470,6114,,,1,30,,472,6114,,,1,70,,435,6114,,,1,31,,438,6114,,,1,70,,473,6114,,,1,30,,448,6114,,,1,70,,469,6114,,,1,30,,440,6114,,,1,71,,463,6114,,,1,33,,454,6114,,,1,57,,462,6114,,,1,35,,439,6114,,,1,71,,441,6114,,,1,34,,451,6114,,,1,65,,476,6114,,,1,27,,474,6114,,,1,75,,467,6114,,,1,28,,471,6114,,,1,70,,449,6114,,,1,30,,466,6114,,,1,68,,464,6114,,,1,30,,468,6114,,,1,70,,465,6114,,,1,100,,447,6114,,,1,99,,442,6114,,,1,100,,443,6114,,,1
50101,'F8',754,,18730,6402,,,2,100,,18731,6402,,,2
50101,'SE',754,,18732,6402,,,2,100,,18733,6402,,,2
65000,'F8',1650,,18920,12802,,,2
65000,'SE',1650,,18921,12802,,,2
