8301,'DI',730,,36304,9538,,,1,100,,36305,9538,,,1,108,,36306,9538,,,1,100,,36307,9538,,,1,100,,36308,9538,,,1,100,,36309,9538,,,1,100,,36310,9538,,,1,100,,36311,9538,,,1,100,,36312,9538,,,1,100,,36313,9538,,,1,100,,36314,9538,,,1,100,,36315,9538,,,1,100,,36316,9538,,,1,100,,36317,9538,,,1,100,,36318,9538,,,1,100,,36319,9538,,,1,100,,36320,9538,,,1,100,,36321,9538,,,1
8301,'F1',630,,14698,9538,,,1,100,,14699,9538,,,1,100,,36325,9538,,,1,108,,36326,9538,,,1,100,,36327,9538,,,1,100,,36328,9538,,,1,100,,36329,9538,,,1,100,,36330,9538,,,1,100,,36331,9538,,,1,100,,36332,9538,,,1,100,,36333,9538,,,1,100,,36334,9538,,,1,100,,36335,9538,,,1,100,,36336,9538,,,1,100,,36337,9538,,,1,100,,36338,9538,,,1,100,,36339,9538,,,1,100,,36322,9538,,,1,100,,36323,9538,,,1,100,,36324,9538,,,1
8301,'F2',630,,36356,9538,,,1,100,,36357,9538,,,1,100,,36358,9538,,,1,108,,36359,9538,,,1,100,,36340,9538,,,1,100,,36341,9538,,,1,100,,36342,9538,,,1,100,,36343,9538,,,1,100,,36344,9538,,,1,100,,36345,9538,,,1,100,,36346,9538,,,1,100,,36347,9538,,,1,100,,36348,9538,,,1,100,,36349,9538,,,1,100,,36350,9538,,,1,100,,36351,9538,,,1,100,,36352,9538,,,1,100,,36353,9538,,,1,100,,36354,9538,,,1,100,,36355,9538,,,1
8301,'F7',555,,36378,9538,,,1,70,,36382,9538,,,1,20,,36373,9538,,,1,56,,36379,9538,,,1,25,,36384,9538,,,1,20,,36380,9538,,,1,62,,36369,9538,,,1,18,,36383,9538,,,1,20,,36375,9538,,,1,62,,36371,9538,,,1,31,,36391,9538,,,1,20,,36381,9538,,,1,80,,36366,9538,,,1,100,,36367,9538,,,1,100,,36374,9538,,,1,100,,36361,9538,,,1,100,,36362,9538,,,1,101,,36363,9538,,,1,15,,36385,9538,,,1,65,,36364,9538,,,1,21,,36392,9538,,,1,62,,36360,9538,,,1,20,,36370,9538,,,1,18,,36393,9538,,,1,60,,36394,9538,,,1,18,,36372,9538,,,1,20,,36386,9538,,,1,20,,36368,9538,,,1,80,,36387,9538,,,1,100,,36388,9538,,,1,100,,36389,9538,,,1,100,,36390,9538,,,1,100,,36365,9538,,,1,100,,36376,9538,,,1,100,,36377,9538,,,1
8301,'F8',630,,36411,9538,,,1,100,,36412,9538,,,1,100,,36413,9538,,,1,108,,36414,9538,,,1,100,,36395,9538,,,1,100,,36396,9538,,,1,100,,36397,9538,,,1,100,,36398,9538,,,1,100,,36399,9538,,,1,100,,36400,9538,,,1,100,,36401,9538,,,1,100,,36402,9538,,,1,100,,36403,9538,,,1,100,,36404,9538,,,1,100,,36405,9538,,,1,100,,36406,9538,,,1,100,,36407,9538,,,1,100,,36408,9538,,,1,100,,36409,9538,,,1,100,,36410,9538,,,1
8301,'F9',730,,36415,9538,,,1,100,,36416,9538,,,1,108,,36417,9538,,,1,100,,36418,9538,,,1,100,,36419,9538,,,1,100,,36420,9538,,,1,100,,36421,9538,,,1,100,,36422,9538,,,1,100,,36423,9538,,,1,100,,36424,9538,,,1,100,,36425,9538,,,1,100,,36426,9538,,,1,100,,36427,9538,,,1,100,,36428,9538,,,1,100,,36429,9538,,,1,100,,36430,9538,,,1,100,,36431,9538,,,1,100,,36432,9538,,,1
8301,'SA',630,,36449,9538,,,1,100,,36450,9538,,,1,100,,36451,9538,,,1,108,,36452,9538,,,1,100,,36433,9538,,,1,100,,36434,9538,,,1,100,,36435,9538,,,1,100,,36436,9538,,,1,100,,36437,9538,,,1,100,,36438,9538,,,1,100,,36439,9538,,,1,100,,36440,9538,,,1,100,,36441,9538,,,1,100,,36442,9538,,,1,100,,36443,9538,,,1,100,,36444,9538,,,1,100,,36445,9538,,,1,100,,36446,9538,,,1,100,,36447,9538,,,1,100,,36448,9538,,,1
8301,'SE',555,,36471,9538,,,1,70,,36475,9538,,,1,20,,36466,9538,,,1,56,,36472,9538,,,1,25,,36477,9538,,,1,20,,36473,9538,,,1,62,,36462,9538,,,1,18,,36476,9538,,,1,20,,36468,9538,,,1,62,,36464,9538,,,1,31,,36484,9538,,,1,20,,36474,9538,,,1,80,,36459,9538,,,1,100,,36460,9538,,,1,100,,36467,9538,,,1,100,,36454,9538,,,1,100,,36455,9538,,,1,101,,36456,9538,,,1,15,,36478,9538,,,1,65,,36457,9538,,,1,21,,36485,9538,,,1,62,,36453,9538,,,1,20,,36463,9538,,,1,18,,36486,9538,,,1,60,,36487,9538,,,1,18,,36465,9538,,,1,20,,36479,9538,,,1,20,,36461,9538,,,1,80,,36480,9538,,,1,100,,36481,9538,,,1,100,,36482,9538,,,1,100,,36483,9538,,,1,100,,36458,9538,,,1,100,,36469,9538,,,1,100,,36470,9538,,,1
8601,'F7',627,,36632,5478,,,2,85,,36633,5478,,,2,32,,36634,5478,,,2
8601,'SE',627,,36635,5478,,,2,85,,36636,5478,,,2,32,,36637,5478,,,2
68301,'F7',723,,40896,7457,,,2
68301,'SE',723,,40897,7457,,,2
