1601,'DI',543,,25074,1919,,,2,100,,25075,1919,,,2,70,,25066,1919,,,2,30,,25076,1919,,,2,70,,25067,1919,,,2,30,,25077,1919,,,2,70,,25068,1919,,,2,30,,25078,1919,,,2,70,,25069,1919,,,2,30,,25079,1919,,,2,70,,25070,1919,,,2,30,,25080,1919,,,2,68,,25071,1919,,,2,32,,25081,1919,,,2,73,,25072,1919,,,2,27,,25082,1919,,,2,70,,25073,1919,,,2,30,,25083,1919,,,2,70,,25085,1919,,,2,30,,25084,1919,,,2,70,,25086,1919,,,2,30,,25088,1919,,,2,70,,25087,1919,,,2,30,,25089,1919,,,2,100,,25090,1919,,,2,100,,25091,1919,,,2,100,,25092,1919,,,2,100,,25093,1919,,,2,100,,25094,1919,,,2,100,,25095,1919,,,2,100,,25096,1919,,,2
1601,'F1',543,,25102,1919,,,2,100,,25103,1919,,,2,68,,25111,1919,,,2,32,,25104,1919,,,2,70,,25112,1919,,,2,30,,25105,1919,,,2,70,,25113,1919,,,2,30,,25106,1919,,,2,70,,25114,1919,,,2,30,,25107,1919,,,2,70,,25115,1919,,,2,30,,25108,1919,,,2,70,,25116,1919,,,2,30,,25109,1919,,,2,70,,25123,1919,,,2,30,,25110,1919,,,2,70,,25124,1919,,,2,30,,25117,1919,,,2,70,,25125,1919,,,2,30,,25118,1919,,,2,70,,25126,1919,,,2,30,,25119,1919,,,2,67,,25127,1919,,,2,33,,25120,1919,,,2,100,,25121,1919,,,2,100,,25122,1919,,,2,100,,25097,1919,,,2,100,,25098,1919,,,2,100,,25099,1919,,,2,100,,25100,1919,,,2,100,,25101,1919,,,2
1601,'F2',543,,25133,1919,,,2,100,,25134,1919,,,2,68,,25137,1919,,,2,32,,25135,1919,,,2,70,,25138,1919,,,2,30,,25136,1919,,,2,70,,25139,1919,,,2,30,,25155,1919,,,2,70,,25140,1919,,,2,30,,25156,1919,,,2,70,,25141,1919,,,2,30,,25157,1919,,,2,70,,25142,1919,,,2,30,,25158,1919,,,2,70,,25148,1919,,,2,30,,25128,1919,,,2,70,,25149,1919,,,2,30,,25129,1919,,,2,70,,25150,1919,,,2,30,,25130,1919,,,2,70,,25151,1919,,,2,30,,25131,1919,,,2,67,,25152,1919,,,2,33,,25132,1919,,,2,100,,25143,1919,,,2,100,,25144,1919,,,2,100,,25145,1919,,,2,100,,25146,1919,,,2,100,,25147,1919,,,2,100,,25153,1919,,,2,100,,25154,1919,,,2
1601,'F7',511,,25194,1919,,,2,30,,25199,1919,,,2,15,,25171,1919,,,2,57,,25160,1919,,,2,15,,25209,1919,,,2,13,,25200,1919,,,2,12,,25164,1919,,,2,50,,25204,1919,,,2,6,,25210,1919,,,2,8,,25184,1919,,,2,6,,25185,1919,,,2,5,,25161,1919,,,2,5,,25205,1919,,,2,3,,25169,1919,,,2,6,,25163,1919,,,2,11,,25162,1919,,,2,50,,25165,1919,,,2,10,,25183,1919,,,2,9,,25211,1919,,,2,15,,25186,1919,,,2,13,,25170,1919,,,2,65,,25159,1919,,,2,30,,25195,1919,,,2,70,,25174,1919,,,2,30,,25172,1919,,,2,70,,25207,1919,,,2,30,,25201,1919,,,2,70,,25196,1919,,,2,30,,25173,1919,,,2,70,,25167,1919,,,2,30,,25197,1919,,,2,70,,25175,1919,,,2,30,,25212,1919,,,2,59,,25187,1919,,,2,20,,25176,1919,,,2,15,,25198,1919,,,2,15,,25213,1919,,,2,55,,25208,1919,,,2,15,,25168,1919,,,2,12,,25214,1919,,,2,12,,25190,1919,,,2,52,,25193,1919,,,2,12,,25203,1919,,,2,12,,25166,1919,,,2,24,,25189,1919,,,2,61,,25206,1919,,,2,27,,25188,1919,,,2,80,,25202,1919,,,2,28,,25177,1919,,,2,70,,25191,1919,,,2,28,,25178,1919,,,2,70,,25192,1919,,,2,30,,25179,1919,,,2,100,,25180,1919,,,2,100,,25181,1919,,,2,100,,25182,1919,,,2
1601,'F8',543,,25220,1919,,,2,100,,25221,1919,,,2,68,,25224,1919,,,2,32,,25222,1919,,,2,70,,25225,1919,,,2,30,,25223,1919,,,2,70,,25226,1919,,,2,30,,25242,1919,,,2,70,,25227,1919,,,2,30,,25243,1919,,,2,70,,25228,1919,,,2,30,,25244,1919,,,2,70,,25229,1919,,,2,30,,25245,1919,,,2,70,,25235,1919,,,2,30,,25215,1919,,,2,70,,25236,1919,,,2,30,,25216,1919,,,2,70,,25237,1919,,,2,30,,25217,1919,,,2,70,,25238,1919,,,2,30,,25218,1919,,,2,67,,25239,1919,,,2,33,,25219,1919,,,2,100,,25230,1919,,,2,100,,25231,1919,,,2,100,,25232,1919,,,2,100,,25233,1919,,,2,100,,25234,1919,,,2,100,,25240,1919,,,2,100,,25241,1919,,,2
1601,'F9',543,,25254,1919,,,2,100,,25255,1919,,,2,70,,25246,1919,,,2,30,,25256,1919,,,2,70,,25247,1919,,,2,30,,25257,1919,,,2,70,,25248,1919,,,2,30,,25258,1919,,,2,70,,25249,1919,,,2,30,,25259,1919,,,2,70,,25250,1919,,,2,30,,25260,1919,,,2,68,,25251,1919,,,2,32,,25261,1919,,,2,73,,25252,1919,,,2,27,,25262,1919,,,2,70,,25253,1919,,,2,30,,25263,1919,,,2,70,,25265,1919,,,2,30,,25264,1919,,,2,70,,25266,1919,,,2,30,,25268,1919,,,2,70,,25267,1919,,,2,30,,25269,1919,,,2,100,,25270,1919,,,2,100,,25271,1919,,,2,100,,25272,1919,,,2,100,,25273,1919,,,2,100,,25274,1919,,,2,100,,25275,1919,,,2,100,,25276,1919,,,2
1601,'SA',543,,25282,1919,,,2,100,,25283,1919,,,2,68,,25286,1919,,,2,32,,25284,1919,,,2,70,,25287,1919,,,2,30,,25285,1919,,,2,70,,25288,1919,,,2,30,,25304,1919,,,2,70,,25289,1919,,,2,30,,25305,1919,,,2,70,,25290,1919,,,2,30,,25306,1919,,,2,70,,25291,1919,,,2,30,,25307,1919,,,2,70,,25297,1919,,,2,30,,25277,1919,,,2,70,,25298,1919,,,2,30,,25278,1919,,,2,70,,25299,1919,,,2,30,,25279,1919,,,2,70,,25300,1919,,,2,30,,25280,1919,,,2,67,,25301,1919,,,2,33,,25281,1919,,,2,100,,25292,1919,,,2,100,,25293,1919,,,2,100,,25294,1919,,,2,100,,25295,1919,,,2,100,,25296,1919,,,2,100,,25302,1919,,,2,100,,25303,1919,,,2
1601,'SE',511,,25342,1919,,,2,30,,25347,1919,,,2,15,,25320,1919,,,2,57,,25309,1919,,,2,15,,25357,1919,,,2,13,,25348,1919,,,2,12,,25313,1919,,,2,50,,25352,1919,,,2,6,,25358,1919,,,2,8,,4744,1919,,,2,6,,25333,1919,,,2,5,,25310,1919,,,2,5,,25353,1919,,,2,3,,25318,1919,,,2,6,,25312,1919,,,2,11,,25311,1919,,,2,50,,25314,1919,,,2,10,,25332,1919,,,2,9,,25359,1919,,,2,15,,25334,1919,,,2,13,,25319,1919,,,2,65,,25308,1919,,,2,30,,25343,1919,,,2,70,,25323,1919,,,2,30,,25321,1919,,,2,70,,25355,1919,,,2,30,,25349,1919,,,2,70,,25344,1919,,,2,30,,25322,1919,,,2,70,,25316,1919,,,2,30,,25345,1919,,,2,70,,25324,1919,,,2,30,,25360,1919,,,2,59,,25335,1919,,,2,20,,25325,1919,,,2,15,,25346,1919,,,2,15,,25361,1919,,,2,55,,25356,1919,,,2,15,,25317,1919,,,2,12,,25362,1919,,,2,12,,25338,1919,,,2,52,,25341,1919,,,2,12,,25351,1919,,,2,12,,25315,1919,,,2,24,,25337,1919,,,2,61,,25354,1919,,,2,27,,25336,1919,,,2,80,,25350,1919,,,2,28,,25326,1919,,,2,70,,25339,1919,,,2,28,,25327,1919,,,2,70,,25340,1919,,,2,30,,25328,1919,,,2,100,,25329,1919,,,2,100,,25330,1919,,,2,100,,25331,1919,,,2
57201,'F7',846,,40731,2954,,,2
57201,'SE',846,,40732,2954,,,2
