3101,'F8',542,,7507,3226,,,1,70,,7498,3226,,,1,32,,7492,3226,,,1,70,,7508,3226,,,1,30,,7490,3226,,,1,71,,7502,3226,,,1,29,,7499,3226,,,1,68,,7511,3226,,,1,30,,7493,3226,,,1,70,,7509,3226,,,1,30,,7514,3226,,,1,70,,7491,3226,,,1,31,,7482,3226,,,1,70,,7494,3226,,,1,30,,7483,3226,,,1,70,,7513,3226,,,1,30,,7497,3226,,,1,70,,7496,3226,,,1,31,,7484,3226,,,1,71,,7495,3226,,,1,29,,7500,3226,,,1,70,,7512,3226,,,1,30,,7505,3226,,,1,70,,7515,3226,,,1,30,,7504,3226,,,1,70,,7506,3226,,,1,30,,7501,3226,,,1,71,,7516,3226,,,1,30,,7486,3226,,,1,70,,7510,3226,,,1,29,,7489,3226,,,1,70,,7503,3226,,,1,29,,7487,3226,,,1,100,,7485,3226,,,1,98,,7488,3226,,,1
3101,'SE',542,,7542,3226,,,1,70,,7533,3226,,,1,32,,7527,3226,,,1,70,,7543,3226,,,1,30,,7525,3226,,,1,71,,7537,3226,,,1,29,,7534,3226,,,1,68,,7546,3226,,,1,30,,7528,3226,,,1,70,,7544,3226,,,1,30,,7549,3226,,,1,70,,7526,3226,,,1,31,,7517,3226,,,1,70,,7529,3226,,,1,30,,7518,3226,,,1,70,,7548,3226,,,1,30,,7532,3226,,,1,70,,7531,3226,,,1,31,,7519,3226,,,1,71,,7530,3226,,,1,29,,7535,3226,,,1,70,,7547,3226,,,1,30,,7540,3226,,,1,70,,7550,3226,,,1,30,,7539,3226,,,1,70,,7541,3226,,,1,30,,7536,3226,,,1,71,,7551,3226,,,1,30,,7521,3226,,,1,70,,7545,3226,,,1,29,,7524,3226,,,1,70,,7538,3226,,,1,29,,7522,3226,,,1,100,,7520,3226,,,1,98,,7523,3226,,,1
4601,'F8',625,,9362,6398,,,2,20,,9367,6398,,,2,61,,9363,6398,,,2,20,,9368,6398,,,2,16,,9371,6398,,,2,14,,9364,6398,,,2,58,,9369,6398,,,2,22,,9372,6398,,,2,19,,9370,6398,,,2,100,,9365,6398,,,2,100,,9360,6398,,,2,100,,9361,6398,,,2,100,,9379,6398,,,2,100,,9357,6398,,,2,100,,9358,6398,,,2,101,,9366,6398,,,2,73,,9373,6398,,,2,18,,9359,6398,,,2,62,,9375,6398,,,2,20,,9374,6398,,,2,15,,9377,6398,,,2,75,,9380,6398,,,2
4601,'SE',625,,9386,6398,,,2,20,,9391,6398,,,2,61,,9387,6398,,,2,20,,9392,6398,,,2,16,,9395,6398,,,2,14,,9388,6398,,,2,58,,9393,6398,,,2,22,,9396,6398,,,2,19,,9394,6398,,,2,100,,9389,6398,,,2,100,,9384,6398,,,2,100,,9385,6398,,,2,100,,9403,6398,,,2,100,,9381,6398,,,2,100,,9382,6398,,,2,101,,9390,6398,,,2,73,,9397,6398,,,2,18,,9383,6398,,,2,62,,9399,6398,,,2,20,,9398,6398,,,2,15,,9401,6398,,,2,75,,9404,6398,,,2
4901,'DI',630,,9948,6396,,,2,100,,9933,6396,,,2,100,,9934,6396,,,2,100,,9939,6396,,,2,103,,9940,6396,,,2,100,,9941,6396,,,2,100,,9942,6396,,,2,100,,9943,6396,,,2,100,,9949,6396,,,2,100,,9950,6396,,,2,100,,9935,6396,,,2,100,,9936,6396,,,2,99,,9937,6396,,,2,99,,9944,6396,,,2,99,,9945,6396,,,2,100,,9946,6396,,,2,100,,9947,6396,,,2,98,,9938,6396,,,2,100,,9951,6396,,,2
4901,'F1',630,,9964,6396,,,2,100,,9953,6396,,,2,100,,9965,6396,,,2,100,,9954,6396,,,2,103,,9955,6396,,,2,100,,9956,6396,,,2,100,,9957,6396,,,2,100,,9958,6396,,,2,100,,9959,6396,,,2,100,,9960,6396,,,2,100,,9961,6396,,,2,100,,9962,6396,,,2,99,,9963,6396,,,2,99,,9968,6396,,,2,99,,9969,6396,,,2,100,,9966,6396,,,2,100,,9967,6396,,,2,98,,9970,6396,,,2,100,,9952,6396,,,2
4901,'F7',630,,9987,6396,,,2,100,,9972,6396,,,2,100,,9973,6396,,,2,100,,9978,6396,,,2,103,,9979,6396,,,2,100,,9980,6396,,,2,100,,9981,6396,,,2,100,,9982,6396,,,2,100,,9988,6396,,,2,100,,9989,6396,,,2,100,,9974,6396,,,2,100,,9975,6396,,,2,99,,9976,6396,,,2,99,,9983,6396,,,2,99,,9984,6396,,,2,100,,9985,6396,,,2,100,,9986,6396,,,2,98,,9977,6396,,,2,100,,9990,6396,,,2
4901,'F8',629,,10003,6396,,,2,20,,10006,6396,,,2,55,,10018,6396,,,2,18,,9996,6396,,,2,15,,10007,6396,,,2,16,,10004,6396,,,2,54,,10000,6396,,,2,15,,10008,6396,,,2,15,,10005,6396,,,2,15,,10001,6396,,,2,60,,10019,6396,,,2,19,,10002,6396,,,2,101,,10017,6396,,,2,100,,10025,6396,,,2,101,,9995,6396,,,2,100,,9994,6396,,,2,98,,9993,6396,,,2,100,,10024,6396,,,2,103,,10026,6396,,,2,12,,10020,6396,,,2,59,,10011,6396,,,2,10,,10014,6396,,,2,15,,10021,6396,,,2,15,,10009,6396,,,2,55,,10015,6396,,,2,15,,10022,6396,,,2,15,,10010,6396,,,2,14,,10016,6396,,,2,15,,9997,6396,,,2,71,,10023,6396,,,2,100,,9991,6396,,,2,98,,9998,6396,,,2,100,,10013,6396,,,2,99,,9992,6396,,,2,100,,9999,6396,,,2
4901,'F9',630,,10039,6396,,,2,100,,10028,6396,,,2,100,,10040,6396,,,2,100,,10029,6396,,,2,103,,10030,6396,,,2,100,,10031,6396,,,2,100,,10032,6396,,,2,100,,10033,6396,,,2,100,,10034,6396,,,2,100,,10035,6396,,,2,100,,10036,6396,,,2,100,,10037,6396,,,2,99,,10038,6396,,,2,99,,10043,6396,,,2,99,,10044,6396,,,2,100,,10041,6396,,,2,100,,10042,6396,,,2,98,,10045,6396,,,2,100,,10027,6396,,,2
4901,'SA',630,,10059,6396,,,2,100,,10048,6396,,,2,100,,10060,6396,,,2,100,,10049,6396,,,2,103,,10050,6396,,,2,100,,10051,6396,,,2,100,,10052,6396,,,2,100,,10053,6396,,,2,100,,10054,6396,,,2,100,,10055,6396,,,2,100,,10056,6396,,,2,100,,10057,6396,,,2,99,,10058,6396,,,2,99,,10063,6396,,,2,99,,10064,6396,,,2,100,,10061,6396,,,2,100,,10062,6396,,,2,98,,10065,6396,,,2,100,,10047,6396,,,2
4901,'SE',629,,10079,6396,,,2,20,,10082,6396,,,2,55,,10094,6396,,,2,18,,10072,6396,,,2,15,,10083,6396,,,2,16,,10080,6396,,,2,54,,10076,6396,,,2,15,,10084,6396,,,2,15,,10081,6396,,,2,15,,10077,6396,,,2,60,,10095,6396,,,2,19,,10078,6396,,,2,101,,10093,6396,,,2,100,,10101,6396,,,2,101,,10071,6396,,,2,100,,10070,6396,,,2,98,,10069,6396,,,2,100,,10100,6396,,,2,103,,10102,6396,,,2,12,,10096,6396,,,2,59,,10087,6396,,,2,10,,10090,6396,,,2,15,,10097,6396,,,2,15,,10085,6396,,,2,55,,10091,6396,,,2,15,,10098,6396,,,2,15,,10086,6396,,,2,14,,10092,6396,,,2,15,,10073,6396,,,2,71,,10099,6396,,,2,100,,10067,6396,,,2,98,,10074,6396,,,2,100,,10089,6396,,,2,99,,10068,6396,,,2,100,,10075,6396,,,2
54701,'F8',911,,18812,4836,,,2
54701,'SE',911,,18813,4836,,,2
68400,'F8',1614,,19009,2889,,,2,1,,19008,2889,,,2
68400,'SE',1614,,19011,2889,,,2,1,,19010,2889,,,2
