1501,'DI',651,,24559,2955,,,1,100,,24556,2955,,,1,100,,24553,2955,,,1,100,,24566,2955,,,1,101,,24571,2955,,,1,100,,24564,2955,,,1,100,,24560,2955,,,1,100,,24554,2955,,,1,100,,24568,2955,,,1,100,,24555,2955,,,1,100,,24563,2955,,,1,100,,24561,2955,,,1,100,,24565,2955,,,1,99,,24569,2955,,,1,100,,24567,2955,,,1,100,,24562,2955,,,1,100,,24557,2955,,,1,100,,24570,2955,,,1,100,,24558,2955,,,1
1501,'F1',651,,24573,2955,,,1,100,,24579,2955,,,1,100,,24588,2955,,,1,100,,24580,2955,,,1,100,,24582,2955,,,1,100,,24581,2955,,,1,100,,24589,2955,,,1,101,,24574,2955,,,1,100,,24583,2955,,,1,102,,24575,2955,,,1,98,,24572,2955,,,1,100,,24585,2955,,,1,100,,24590,2955,,,1,99,,24576,2955,,,1,100,,24577,2955,,,1,100,,24586,2955,,,1,100,,24578,2955,,,1,100,,24587,2955,,,1,100,,24584,2955,,,1
1501,'F2',651,,24606,2955,,,1,100,,24600,2955,,,1,100,,24594,2955,,,1,100,,24607,2955,,,1,100,,24592,2955,,,1,100,,24591,2955,,,1,100,,24603,2955,,,1,101,,24598,2955,,,1,100,,24602,2955,,,1,102,,24599,2955,,,1,98,,24595,2955,,,1,100,,24601,2955,,,1,100,,24604,2955,,,1,99,,24605,2955,,,1,100,,24593,2955,,,1,100,,24608,2955,,,1,100,,24596,2955,,,1,100,,24609,2955,,,1,100,,24597,2955,,,1
1501,'F7',515,,24622,2955,,,1,86,,24614,2955,,,1,30,,24620,2955,,,1,72,,24642,2955,,,1,20,,24630,2955,,,1,20,,24624,2955,,,1,60,,24615,2955,,,1,30,,24611,2955,,,1,70,,24648,2955,,,1,31,,24632,2955,,,1,69,,24621,2955,,,1,30,,24640,2955,,,1,70,,24634,2955,,,1,30,,24616,2955,,,1,70,,24618,2955,,,1,30,,24635,2955,,,1,70,,24637,2955,,,1,30,,24619,2955,,,1,70,,24617,2955,,,1,30,,24643,2955,,,1,71,,24625,2955,,,1,31,,24646,2955,,,1,23,,24641,2955,,,1,79,,24638,2955,,,1,67,,24627,2955,,,1,30,,24613,2955,,,1,71,,24647,2955,,,1,27,,24636,2955,,,1,70,,24626,2955,,,1,30,,24644,2955,,,1,69,,24639,2955,,,1,30,,24612,2955,,,1,70,,24633,2955,,,1,30,,24645,2955,,,1,70,,24629,2955,,,1,30,,24610,2955,,,1,100,,24623,2955,,,1,100,,24628,2955,,,1,100,,24631,2955,,,1
1501,'F8',651,,24664,2955,,,1,100,,24658,2955,,,1,100,,24652,2955,,,1,100,,24665,2955,,,1,100,,24650,2955,,,1,100,,24649,2955,,,1,100,,24661,2955,,,1,101,,24656,2955,,,1,100,,24660,2955,,,1,102,,24657,2955,,,1,98,,24653,2955,,,1,100,,24659,2955,,,1,100,,24662,2955,,,1,99,,24663,2955,,,1,100,,24651,2955,,,1,100,,24666,2955,,,1,100,,24654,2955,,,1,100,,24667,2955,,,1,100,,24655,2955,,,1
1501,'F9',651,,24674,2955,,,1,100,,24671,2955,,,1,100,,24668,2955,,,1,100,,24681,2955,,,1,101,,24686,2955,,,1,100,,24679,2955,,,1,100,,24675,2955,,,1,100,,24669,2955,,,1,100,,24683,2955,,,1,100,,24670,2955,,,1,100,,24678,2955,,,1,100,,24676,2955,,,1,100,,24680,2955,,,1,99,,24684,2955,,,1,100,,24682,2955,,,1,100,,24677,2955,,,1,100,,24672,2955,,,1,100,,24685,2955,,,1,100,,24673,2955,,,1
1501,'SA',651,,24702,2955,,,1,100,,24696,2955,,,1,100,,24690,2955,,,1,100,,24703,2955,,,1,100,,24688,2955,,,1,100,,24687,2955,,,1,100,,24699,2955,,,1,101,,24694,2955,,,1,100,,24698,2955,,,1,102,,24695,2955,,,1,98,,24691,2955,,,1,100,,24697,2955,,,1,100,,24700,2955,,,1,99,,24701,2955,,,1,100,,24689,2955,,,1,100,,24704,2955,,,1,100,,24692,2955,,,1,100,,24705,2955,,,1,100,,24693,2955,,,1
1501,'SE',515,,24718,2955,,,1,86,,24710,2955,,,1,30,,24716,2955,,,1,72,,24738,2955,,,1,20,,24726,2955,,,1,20,,24720,2955,,,1,60,,24711,2955,,,1,30,,24707,2955,,,1,70,,24744,2955,,,1,31,,24728,2955,,,1,69,,24717,2955,,,1,30,,24736,2955,,,1,70,,24730,2955,,,1,30,,24712,2955,,,1,70,,24714,2955,,,1,30,,24731,2955,,,1,70,,24733,2955,,,1,30,,24715,2955,,,1,70,,24713,2955,,,1,30,,24739,2955,,,1,71,,24721,2955,,,1,31,,24742,2955,,,1,23,,24737,2955,,,1,79,,24734,2955,,,1,67,,24723,2955,,,1,30,,24709,2955,,,1,71,,24743,2955,,,1,27,,24732,2955,,,1,70,,24722,2955,,,1,30,,24740,2955,,,1,69,,24735,2955,,,1,30,,24708,2955,,,1,70,,24729,2955,,,1,30,,24741,2955,,,1,70,,24725,2955,,,1,30,,24706,2955,,,1,100,,24719,2955,,,1,100,,24724,2955,,,1,100,,24727,2955,,,1
65000,'F7',1631,,40810,7526,,,2
65000,'SE',1631,,40811,7526,,,2
