1000,'DI',639,,3093,5451,,,1,70,,3120,5451,,,1,30,,3092,5451,,,1,70,,3103,5451,,,1,38,,3094,5451,,,1,70,,3104,5451,,,1,30,,3095,5451,,,1,70,,3105,5451,,,1,30,,3121,5451,,,1,70,,3106,5451,,,1,30,,3122,5451,,,1,70,,3112,5451,,,1,30,,3123,5451,,,1,70,,3113,5451,,,1,30,,3107,5451,,,1,70,,3114,5451,,,1,30,,3108,5451,,,1,70,,3115,5451,,,1,30,,3109,5451,,,1,70,,3116,5451,,,1,30,,3110,5451,,,1,70,,3117,5451,,,1,30,,3111,5451,,,1,70,,3118,5451,,,1,41,,3096,5451,,,1,100,,3097,5451,,,1,100,,3098,5451,,,1,100,,3099,5451,,,1,100,,3100,5451,,,1,100,,3101,5451,,,1,100,,3102,5451,,,1
1000,'F1',609,,3156,5451,,,1,30,,3139,5451,,,1,70,,3132,5451,,,1,30,,3140,5451,,,1,70,,3153,5451,,,1,38,,3138,5451,,,1,70,,3124,5451,,,1,30,,3141,5451,,,1,70,,3125,5451,,,1,30,,3133,5451,,,1,70,,3126,5451,,,1,30,,3146,5451,,,1,71,,3154,5451,,,1,30,,3147,5451,,,1,70,,3127,5451,,,1,30,,3148,5451,,,1,70,,3128,5451,,,1,30,,3149,5451,,,1,70,,3129,5451,,,1,30,,3150,5451,,,1,70,,3130,5451,,,1,29,,3151,5451,,,1,71,,3131,5451,,,1,30,,3152,5451,,,1,70,,3142,5451,,,1,41,,3134,5451,,,1,100,,3135,5451,,,1,100,,3136,5451,,,1,100,,3137,5451,,,1,100,,3143,5451,,,1,100,,3144,5451,,,1,100,,3145,5451,,,1
1000,'F7',639,,3158,5451,,,1,70,,3185,5451,,,1,30,,3157,5451,,,1,70,,3168,5451,,,1,38,,3159,5451,,,1,70,,3169,5451,,,1,30,,3160,5451,,,1,70,,3170,5451,,,1,30,,3186,5451,,,1,70,,3171,5451,,,1,30,,3187,5451,,,1,70,,3177,5451,,,1,30,,3188,5451,,,1,70,,3178,5451,,,1,30,,3172,5451,,,1,70,,3179,5451,,,1,30,,3173,5451,,,1,70,,3180,5451,,,1,30,,3174,5451,,,1,70,,3181,5451,,,1,30,,3175,5451,,,1,70,,3182,5451,,,1,30,,3176,5451,,,1,70,,3183,5451,,,1,41,,3161,5451,,,1,100,,3162,5451,,,1,100,,3163,5451,,,1,100,,3164,5451,,,1,100,,3165,5451,,,1,100,,3166,5451,,,1,100,,3167,5451,,,1
1000,'F9',609,,3221,5451,,,1,30,,3204,5451,,,1,70,,3197,5451,,,1,30,,3205,5451,,,1,70,,3218,5451,,,1,38,,3203,5451,,,1,70,,3189,5451,,,1,30,,3206,5451,,,1,70,,3190,5451,,,1,30,,3198,5451,,,1,70,,3191,5451,,,1,30,,3211,5451,,,1,71,,3219,5451,,,1,30,,3212,5451,,,1,70,,3192,5451,,,1,30,,3213,5451,,,1,70,,3193,5451,,,1,30,,3214,5451,,,1,70,,3194,5451,,,1,30,,3215,5451,,,1,70,,3195,5451,,,1,29,,3216,5451,,,1,71,,3196,5451,,,1,30,,3217,5451,,,1,70,,3207,5451,,,1,41,,3199,5451,,,1,100,,3200,5451,,,1,100,,3201,5451,,,1,100,,3202,5451,,,1,100,,3208,5451,,,1,100,,3209,5451,,,1,100,,3210,5451,,,1
1000,'SA',609,,3254,5451,,,1,30,,3237,5451,,,1,70,,3230,5451,,,1,30,,3238,5451,,,1,70,,3251,5451,,,1,38,,3236,5451,,,1,70,,3222,5451,,,1,30,,3239,5451,,,1,70,,3223,5451,,,1,30,,3231,5451,,,1,70,,3224,5451,,,1,30,,3244,5451,,,1,71,,3252,5451,,,1,30,,3245,5451,,,1,70,,3225,5451,,,1,30,,3246,5451,,,1,70,,3226,5451,,,1,30,,3247,5451,,,1,70,,3227,5451,,,1,30,,3248,5451,,,1,70,,3228,5451,,,1,29,,3249,5451,,,1,71,,3229,5451,,,1,30,,3250,5451,,,1,70,,3240,5451,,,1,41,,3232,5451,,,1,100,,3233,5451,,,1,100,,3234,5451,,,1,100,,3235,5451,,,1,100,,3241,5451,,,1,100,,3242,5451,,,1,100,,3243,5451,,,1
1700,'DI',631,,4805,5340,,,1,100,,4812,5340,,,1,70,,4793,5340,,,1,30,,4807,5340,,,1,70,,4798,5340,,,1,30,,4806,5340,,,1,70,,4802,5340,,,1,30,,4813,5340,,,1,70,,4789,5340,,,1,30,,4808,5340,,,1,70,,4816,5340,,,1,30,,4814,5340,,,1,70,,4795,5340,,,1,30,,4803,5340,,,1,70,,4799,5340,,,1,30,,4809,5340,,,1,70,,4796,5340,,,1,29,,4790,5340,,,1,70,,4786,5340,,,1,31,,4791,5340,,,1,70,,4787,5340,,,1,30,,4800,5340,,,1,71,,4788,5340,,,1,30,,4801,5340,,,1,99,,4810,5340,,,1,100,,4797,5340,,,1,100,,4815,5340,,,1,100,,4811,5340,,,1,100,,4794,5340,,,1,100,,4792,5340,,,1,100,,4804,5340,,,1
1700,'F1',631,,4835,5340,,,1,100,,4821,5340,,,1,70,,4836,5340,,,1,30,,4830,5340,,,1,70,,4842,5340,,,1,30,,4843,5340,,,1,70,,4829,5340,,,1,30,,4831,5340,,,1,70,,4822,5340,,,1,30,,4845,5340,,,1,70,,4828,5340,,,1,30,,4832,5340,,,1,70,,4824,5340,,,1,30,,4846,5340,,,1,70,,4837,5340,,,1,30,,4844,5340,,,1,70,,4827,5340,,,1,30,,4833,5340,,,1,70,,4817,5340,,,1,29,,4825,5340,,,1,70,,4838,5340,,,1,31,,4820,5340,,,1,70,,4839,5340,,,1,31,,4834,5340,,,1,99,,4823,5340,,,1,100,,4841,5340,,,1,100,,4826,5340,,,1,100,,4818,5340,,,1,100,,4847,5340,,,1,100,,4819,5340,,,1,100,,4840,5340,,,1
1700,'F7',631,,4867,5340,,,1,100,,4874,5340,,,1,70,,4855,5340,,,1,30,,4869,5340,,,1,70,,4860,5340,,,1,30,,4868,5340,,,1,70,,4864,5340,,,1,30,,4875,5340,,,1,70,,4851,5340,,,1,30,,4870,5340,,,1,70,,4878,5340,,,1,30,,4876,5340,,,1,70,,4857,5340,,,1,30,,4865,5340,,,1,70,,4861,5340,,,1,30,,4871,5340,,,1,70,,4858,5340,,,1,29,,4852,5340,,,1,70,,4848,5340,,,1,31,,4853,5340,,,1,70,,4849,5340,,,1,30,,4862,5340,,,1,71,,4850,5340,,,1,30,,4863,5340,,,1,99,,4872,5340,,,1,100,,4859,5340,,,1,100,,4877,5340,,,1,100,,4873,5340,,,1,100,,4856,5340,,,1,100,,4854,5340,,,1,100,,4866,5340,,,1
1700,'F9',631,,4897,5340,,,1,100,,4883,5340,,,1,70,,4898,5340,,,1,30,,4892,5340,,,1,70,,4904,5340,,,1,30,,4905,5340,,,1,70,,4891,5340,,,1,30,,4893,5340,,,1,70,,4884,5340,,,1,30,,4907,5340,,,1,70,,4890,5340,,,1,30,,4894,5340,,,1,70,,4886,5340,,,1,30,,4908,5340,,,1,70,,4899,5340,,,1,30,,4906,5340,,,1,70,,4889,5340,,,1,30,,4895,5340,,,1,70,,4879,5340,,,1,29,,4887,5340,,,1,70,,4900,5340,,,1,31,,4882,5340,,,1,70,,4901,5340,,,1,31,,4896,5340,,,1,99,,4885,5340,,,1,100,,4903,5340,,,1,100,,4888,5340,,,1,100,,4880,5340,,,1,100,,4909,5340,,,1,100,,4881,5340,,,1,100,,4902,5340,,,1
1700,'SA',631,,4928,5340,,,1,100,,4914,5340,,,1,70,,4929,5340,,,1,30,,4923,5340,,,1,70,,4935,5340,,,1,30,,4936,5340,,,1,70,,4922,5340,,,1,30,,4924,5340,,,1,70,,4915,5340,,,1,30,,4938,5340,,,1,70,,4921,5340,,,1,30,,4925,5340,,,1,70,,4917,5340,,,1,30,,4939,5340,,,1,70,,4930,5340,,,1,30,,4937,5340,,,1,70,,4920,5340,,,1,30,,4926,5340,,,1,70,,4910,5340,,,1,29,,4918,5340,,,1,70,,4931,5340,,,1,31,,4913,5340,,,1,70,,4932,5340,,,1,31,,4927,5340,,,1,99,,4916,5340,,,1,100,,4934,5340,,,1,100,,4919,5340,,,1,100,,4911,5340,,,1,100,,4940,5340,,,1,100,,4912,5340,,,1,100,,4933,5340,,,1
7600,'F8',609,,13355,5806,,,1,21,,13356,5806,,,1,20,,13348,5806,,,1,64,,13331,5806,,,1,17,,13325,5806,,,1,20,,13320,5806,,,1,63,,13326,5806,,,1,27,,13314,5806,,,1,71,,13324,5806,,,1,30,,13315,5806,,,1,70,,13357,5806,,,1,30,,13311,5806,,,1,70,,13319,5806,,,1,30,,13358,5806,,,1,70,,13332,5806,,,1,30,,13354,5806,,,1,70,,13313,5806,,,1,30,,13317,5806,,,1,71,,13322,5806,,,1,34,,13318,5806,,,1,66,,13328,5806,,,1,32,,13346,5806,,,1,71,,13321,5806,,,1,24,,13337,5806,,,1,18,,13323,5806,,,1,60,,13312,5806,,,1,21,,13327,5806,,,1,18,,13333,5806,,,1,60,,13330,5806,,,1,27,,13349,5806,,,1,70,,13316,5806,,,1,30,,13343,5806,,,1,70,,13334,5806,,,1,30,,13338,5806,,,1,70,,13335,5806,,,1,30,,13339,5806,,,1,69,,13350,5806,,,1,30,,13340,5806,,,1,70,,13351,5806,,,1,30,,13341,5806,,,1,70,,13344,5806,,,1,30,,13342,5806,,,1,70,,13345,5806,,,1
7600,'SE',609,,13403,5806,,,1,21,,13404,5806,,,1,20,,13396,5806,,,1,64,,13379,5806,,,1,17,,13373,5806,,,1,20,,13368,5806,,,1,63,,13374,5806,,,1,27,,13362,5806,,,1,71,,13372,5806,,,1,30,,13363,5806,,,1,70,,13405,5806,,,1,30,,13359,5806,,,1,70,,13367,5806,,,1,30,,13406,5806,,,1,70,,13380,5806,,,1,30,,13402,5806,,,1,70,,13361,5806,,,1,30,,13365,5806,,,1,71,,13370,5806,,,1,34,,13366,5806,,,1,66,,13376,5806,,,1,32,,13394,5806,,,1,71,,13369,5806,,,1,24,,13385,5806,,,1,18,,13371,5806,,,1,60,,13360,5806,,,1,21,,13375,5806,,,1,18,,13381,5806,,,1,60,,13378,5806,,,1,27,,13397,5806,,,1,70,,13364,5806,,,1,30,,13391,5806,,,1,70,,13382,5806,,,1,30,,13386,5806,,,1,70,,13383,5806,,,1,30,,13387,5806,,,1,69,,13398,5806,,,1,30,,13388,5806,,,1,70,,13399,5806,,,1,30,,13389,5806,,,1,70,,13392,5806,,,1,30,,13390,5806,,,1,70,,13393,5806,,,1
16100,'DI',605,,16839,5451,0,35 36,2,30,,16828,5451,0,35 36,2,70,,16833,5451,0,35 36,2,30,,16831,5451,0,35 36,2,70,,16837,5451,0,35 36,2,30,,16830,5451,0,35 36,2,702,,16835,5451,0,35 36,2,68,,16829,5451,0,35 36,2,32,,16834,5451,0,35 36,2,70,,16832,5451,0,35 36,2,30,,16840,5451,0,35 36,2,72,,16836,5451,0,35 36,2,30,,16838,5451,0,35 36,2
16100,'F1',605,,16853,5451,0,35 36,2,30,,16841,5451,0,35 36,2,70,,16851,5451,0,35 36,2,30,,16844,5451,0,35 36,2,70,,16848,5451,0,35 36,2,30,,16847,5451,0,35 36,2,700,,16850,5451,0,35 36,2,71,,16842,5451,0,35 36,2,31,,16849,5451,0,35 36,2,70,,16852,5451,0,35 36,2,31,,16843,5451,0,35 36,2,71,,16845,5451,0,35 36,2,29,,16846,5451,0,35 36,2
16100,'F7',605,,16865,5451,0,35 36,2,30,,16854,5451,0,35 36,2,70,,16859,5451,0,35 36,2,30,,16857,5451,0,35 36,2,70,,16863,5451,0,35 36,2,30,,16856,5451,0,35 36,2,702,,16861,5451,0,35 36,2,68,,16855,5451,0,35 36,2,32,,16860,5451,0,35 36,2,70,,16858,5451,0,35 36,2,30,,16866,5451,0,35 36,2,72,,16862,5451,0,35 36,2,30,,16864,5451,0,35 36,2
16100,'F8',645,,16881,5340,0,35 36,2,64,,16879,5340,0,35 36,2,25,,16880,5340,0,35 36,2,20,,16868,5340,0,35 36,2,61,,16867,5340,0,35 36,2,18,,16869,5340,0,35 36,2,322,,16883,5451,0,35 36,2,297,,16870,5451,0,35 36,2,70,,16872,5451,0,35 36,2,21,,16885,5451,0,35 36,2,60,,16871,5451,0,35 36,2,20,,16884,5451,0,35 36,2,20,,16876,5451,0,35 36,2,60,,16882,5451,0,35 36,2,20,,16877,5451,0,35 36,2,20,,16874,5451,0,35 36,2,60,,16886,5451,0,35 36,2,20,,16873,5451,0,35 36,2,20,,16878,5451,0,35 36,2,60,,16875,5451,0,35 36,2
16100,'F9',605,,16899,5451,0,35 36,2,30,,16887,5451,0,35 36,2,70,,16897,5451,0,35 36,2,30,,16890,5451,0,35 36,2,70,,16894,5451,0,35 36,2,30,,16893,5451,0,35 36,2,700,,16896,5451,0,35 36,2,71,,16888,5451,0,35 36,2,31,,16895,5451,0,35 36,2,70,,16898,5451,0,35 36,2,31,,16889,5451,0,35 36,2,71,,16891,5451,0,35 36,2,29,,16892,5451,0,35 36,2
16100,'SA',605,,16912,5451,0,35 36,2,30,,16900,5451,0,35 36,2,70,,16910,5451,0,35 36,2,30,,16903,5451,0,35 36,2,70,,16907,5451,0,35 36,2,30,,16906,5451,0,35 36,2,700,,16909,5451,0,35 36,2,71,,16901,5451,0,35 36,2,31,,16908,5451,0,35 36,2,70,,16911,5451,0,35 36,2,31,,16902,5451,0,35 36,2,71,,16904,5451,0,35 36,2,29,,16905,5451,0,35 36,2
16100,'SE',645,,16927,5340,0,35 36,2,64,,16925,5340,0,35 36,2,25,,16926,5340,0,35 36,2,20,,16914,5340,0,35 36,2,61,,16913,5340,0,35 36,2,18,,16915,5340,0,35 36,2,322,,16929,5451,0,35 36,2,297,,16916,5451,0,35 36,2,70,,16918,5451,0,35 36,2,21,,16931,5451,0,35 36,2,60,,16917,5451,0,35 36,2,20,,16930,5451,0,35 36,2,20,,16922,5451,0,35 36,2,60,,16928,5451,0,35 36,2,20,,16923,5451,0,35 36,2,20,,16920,5451,0,35 36,2,60,,16932,5451,0,35 36,2,20,,16919,5451,0,35 36,2,20,,16924,5451,0,35 36,2,60,,16921,5451,0,35 36,2
41000,'F8',552,,17314,5340,,,2,60,,17310,5340,,,2,23,,17311,5340,,,2,12,,17321,5340,,,2,66,,17320,5340,,,2,18,,17329,5340,,,2,12,,17330,5340,,,2,12,,17325,5340,,,2,54,,17317,5340,,,2,18,,17315,5340,,,2,18,,17326,5340,,,2,70,,17318,5340,,,2,29,,17355,5451,,,2,70,,17346,5451,,,2,30,,17348,5451,,,2,70,,17347,5451,,,2,30,,17342,5451,,,2,70,,17332,5451,,,2,30,,17349,5451,,,2,70,,17356,5451,,,2,30,,17343,5451,,,2,71,,17357,5451,,,2,34,,17350,5451,,,2,4,,17368,5451,,,2,1,,17353,5451,,,2,1,,17337,5451,,,2,2,,17372,5451,,,2,60,,17358,5451,,,2,29,,17339,5451,,,2,55,,17369,5451,,,2,15,,17363,5451,,,2,15,,17351,5451,,,2,12,,17366,5451,,,2,10,,17333,5451,,,2,49,,17370,5451,,,2,10,,17335,5451,,,2,10,,17364,5451,,,2,15,,17352,5451,,,2,14,,17367,5451,,,2,57,,17340,5451,,,2,20,,17365,5451,,,2,19,,17336,5451,,,2,70,,17338,5451,,,2,29,,17334,5451,,,2,70,,17371,5451,,,2,30,,17344,5451,,,2,70,,17341,5451,,,2,30,,17354,5451,,,2,70,,17359,5451,,,2,30,,17345,5451,,,2,70,,17360,5451,,,2,100,,17361,5451,,,2,100,,17362,5451,,,2
41000,'SE',552,,17377,5340,,,2,60,,17373,5340,,,2,23,,17374,5340,,,2,12,,17384,5340,,,2,66,,17383,5340,,,2,18,,17392,5340,,,2,12,,17393,5340,,,2,12,,17388,5340,,,2,54,,17380,5340,,,2,18,,17378,5340,,,2,18,,17389,5340,,,2,70,,17381,5340,,,2,29,,17418,5451,,,2,70,,17409,5451,,,2,30,,17411,5451,,,2,70,,17410,5451,,,2,30,,17405,5451,,,2,70,,17395,5451,,,2,30,,17412,5451,,,2,70,,17419,5451,,,2,30,,17406,5451,,,2,71,,17420,5451,,,2,34,,17413,5451,,,2,4,,17431,5451,,,2,1,,17416,5451,,,2,1,,17400,5451,,,2,2,,17435,5451,,,2,60,,17421,5451,,,2,29,,17402,5451,,,2,55,,17432,5451,,,2,15,,17426,5451,,,2,15,,17414,5451,,,2,12,,17429,5451,,,2,10,,17396,5451,,,2,49,,17433,5451,,,2,10,,17398,5451,,,2,10,,17427,5451,,,2,15,,17415,5451,,,2,14,,17430,5451,,,2,57,,17403,5451,,,2,20,,17428,5451,,,2,19,,17399,5451,,,2,70,,17401,5451,,,2,29,,17397,5451,,,2,70,,17434,5451,,,2,30,,17407,5451,,,2,70,,17404,5451,,,2,30,,17417,5451,,,2,70,,17422,5451,,,2,30,,17408,5451,,,2,70,,17423,5451,,,2,100,,17424,5451,,,2,100,,17425,5451,,,2
41700,'F8',604,,17566,5340,,,2,18,,17571,5340,,,2,27,,17564,5340,,,2,56,,17568,5340,,,2,6,,17570,5340,,,2,4,,17562,5340,,,2,6,,17572,5340,,,2,8,,17573,5340,,,2,10,,17567,5340,,,2,14,,17563,5340,,,2,52,,17574,5340,,,2,17,,17575,5340,,,2,16,,17569,5340,,,2,64,,17565,5340,,,2,28,,17591,5451,,,2,70,,17577,5451,,,2,30,,17592,5451,,,2,70,,17578,5451,,,2,30,,17593,5451,,,2,70,,17576,5451,,,2,30,,17594,5451,,,2,70,,17595,5451,,,2,30,,17584,5451,,,2,70,,17596,5451,,,2,30,,17585,5451,,,2,25,,17599,5451,,,2,1,,17582,5451,,,2,2,,17580,5451,,,2,42,,17604,5451,,,2,3,,17597,5451,,,2,30,,17588,5451,,,2,22,,17601,5451,,,2,54,,17598,5451,,,2,15,,17579,5451,,,2,12,,17586,5451,,,2,11,,17581,5451,,,2,10,,17602,5451,,,2,50,,17589,5451,,,2,10,,17587,5451,,,2,12,,17590,5451,,,2,14,,17605,5451,,,2,15,,17603,5451,,,2,60,,17600,5451,,,2,20,,17606,5451,,,2,65,,17612,5451,,,2,29,,17607,5451,,,2,70,,17613,5451,,,2,30,,17608,5451,,,2,70,,17614,5451,,,2,30,,17609,5451,,,2,70,,17615,5451,,,2,30,,17610,5451,,,2,70,,17616,5451,,,2,30,,17611,5451,,,2,69,,17617,5451,,,2,30,,17619,5451,,,2,70,,17618,5451,,,2,32,,17583,5451,,,2
41700,'SE',604,,17624,5340,,,2,18,,17629,5340,,,2,27,,17622,5340,,,2,56,,17626,5340,,,2,6,,17628,5340,,,2,4,,17620,5340,,,2,6,,17630,5340,,,2,8,,17631,5340,,,2,10,,17625,5340,,,2,14,,17621,5340,,,2,52,,17632,5340,,,2,17,,17633,5340,,,2,16,,17627,5340,,,2,64,,17623,5340,,,2,28,,17649,5451,,,2,70,,17635,5451,,,2,30,,17650,5451,,,2,70,,17636,5451,,,2,30,,17651,5451,,,2,70,,17634,5451,,,2,30,,17652,5451,,,2,70,,17653,5451,,,2,30,,17642,5451,,,2,70,,17654,5451,,,2,30,,17643,5451,,,2,25,,17657,5451,,,2,1,,17640,5451,,,2,2,,17638,5451,,,2,42,,17662,5451,,,2,3,,17655,5451,,,2,30,,17646,5451,,,2,22,,17659,5451,,,2,54,,17656,5451,,,2,15,,17637,5451,,,2,12,,17644,5451,,,2,11,,17639,5451,,,2,10,,17660,5451,,,2,50,,17647,5451,,,2,10,,17645,5451,,,2,12,,17648,5451,,,2,14,,17663,5451,,,2,15,,17661,5451,,,2,60,,17658,5451,,,2,20,,17664,5451,,,2,65,,17670,5451,,,2,29,,17665,5451,,,2,70,,17671,5451,,,2,30,,17666,5451,,,2,70,,17672,5451,,,2,30,,17667,5451,,,2,70,,17673,5451,,,2,30,,17668,5451,,,2,70,,17674,5451,,,2,30,,17669,5451,,,2,69,,17675,5451,,,2,30,,17677,5451,,,2,70,,17676,5451,,,2,32,,17641,5451,,,2
56501,'F8',830,,18832,1191,,,2
56501,'SE',830,,18833,1191,,,2
