1001,'DI',636,,3282,4434,,,1,67,,3256,4434,,,1,30,,3283,4434,,,1,70,,3255,4434,,,1,30,,3266,4434,,,1,78,,3257,4434,,,1,30,,3267,4434,,,1,70,,3258,4434,,,1,30,,3268,4434,,,1,70,,3284,4434,,,1,30,,3269,4434,,,1,70,,3285,4434,,,1,30,,3275,4434,,,1,70,,3286,4434,,,1,30,,3276,4434,,,1,70,,3270,4434,,,1,30,,3277,4434,,,1,70,,3271,4434,,,1,30,,3278,4434,,,1,70,,3272,4434,,,1,30,,3279,4434,,,1,70,,3273,4434,,,1,30,,3280,4434,,,1,70,,3274,4434,,,1,30,,3281,4434,,,1,81,,3259,4434,,,1,100,,3260,4434,,,1,100,,3261,4434,,,1,100,,3262,4434,,,1,100,,3263,4434,,,1,100,,3264,4434,,,1
1001,'F1',535,,3318,4434,,,1,96,,3319,4434,,,1,70,,3302,4434,,,1,30,,3295,4434,,,1,70,,3303,4434,,,1,30,,3316,4434,,,1,78,,3301,4434,,,1,31,,3287,4434,,,1,70,,3304,4434,,,1,30,,3288,4434,,,1,70,,3296,4434,,,1,30,,3289,4434,,,1,70,,3309,4434,,,1,32,,3317,4434,,,1,70,,3310,4434,,,1,30,,3290,4434,,,1,70,,3311,4434,,,1,30,,3291,4434,,,1,70,,3312,4434,,,1,30,,3292,4434,,,1,70,,3313,4434,,,1,30,,3293,4434,,,1,69,,3314,4434,,,1,31,,3294,4434,,,1,70,,3315,4434,,,1,30,,3305,4434,,,1,81,,3297,4434,,,1,100,,3298,4434,,,1,100,,3299,4434,,,1,100,,3300,4434,,,1,100,,3306,4434,,,1,100,,3307,4434,,,1
1001,'F7',636,,3347,4434,,,1,67,,3321,4434,,,1,30,,3348,4434,,,1,70,,3320,4434,,,1,30,,3331,4434,,,1,78,,3322,4434,,,1,30,,3332,4434,,,1,70,,3323,4434,,,1,30,,3333,4434,,,1,70,,3349,4434,,,1,30,,3334,4434,,,1,70,,3350,4434,,,1,30,,3340,4434,,,1,70,,3351,4434,,,1,30,,3341,4434,,,1,70,,3335,4434,,,1,30,,3342,4434,,,1,70,,3336,4434,,,1,30,,3343,4434,,,1,70,,3337,4434,,,1,30,,3344,4434,,,1,70,,3338,4434,,,1,30,,3345,4434,,,1,70,,3339,4434,,,1,30,,3346,4434,,,1,81,,3324,4434,,,1,100,,3325,4434,,,1,100,,3326,4434,,,1,100,,3327,4434,,,1,100,,3328,4434,,,1,100,,3329,4434,,,1
1001,'F9',535,,3383,4434,,,1,96,,3384,4434,,,1,70,,3367,4434,,,1,30,,3360,4434,,,1,70,,3368,4434,,,1,30,,3381,4434,,,1,78,,3366,4434,,,1,31,,3352,4434,,,1,70,,3369,4434,,,1,30,,3353,4434,,,1,70,,3361,4434,,,1,30,,3354,4434,,,1,70,,3374,4434,,,1,32,,3382,4434,,,1,70,,3375,4434,,,1,30,,3355,4434,,,1,70,,3376,4434,,,1,30,,3356,4434,,,1,70,,3377,4434,,,1,30,,3357,4434,,,1,70,,3378,4434,,,1,30,,3358,4434,,,1,69,,3379,4434,,,1,31,,3359,4434,,,1,70,,3380,4434,,,1,30,,3370,4434,,,1,81,,3362,4434,,,1,100,,3363,4434,,,1,100,,3364,4434,,,1,100,,3365,4434,,,1,100,,3371,4434,,,1,100,,3372,4434,,,1
1001,'SA',535,,3416,4434,,,1,96,,3417,4434,,,1,70,,3400,4434,,,1,30,,3393,4434,,,1,70,,3401,4434,,,1,30,,3414,4434,,,1,78,,3399,4434,,,1,31,,3385,4434,,,1,70,,3402,4434,,,1,30,,3386,4434,,,1,70,,3394,4434,,,1,30,,3387,4434,,,1,70,,3407,4434,,,1,32,,3415,4434,,,1,70,,3408,4434,,,1,30,,3388,4434,,,1,70,,3409,4434,,,1,30,,3389,4434,,,1,70,,3410,4434,,,1,30,,3390,4434,,,1,70,,3411,4434,,,1,30,,3391,4434,,,1,69,,3412,4434,,,1,31,,3392,4434,,,1,70,,3413,4434,,,1,30,,3403,4434,,,1,81,,3395,4434,,,1,100,,3396,4434,,,1,100,,3397,4434,,,1,100,,3398,4434,,,1,100,,3404,4434,,,1,100,,3405,4434,,,1
1701,'DI',553,,4963,4569,,,1,100,,4961,4569,,,1,70,,4953,4569,,,1,30,,4969,4569,,,1,70,,4948,4569,,,1,30,,4964,4569,,,1,70,,4954,4569,,,1,30,,4962,4569,,,1,70,,4958,4569,,,1,30,,4970,4569,,,1,70,,4944,4569,,,1,30,,4965,4569,,,1,70,,4973,4569,,,1,30,,4971,4569,,,1,70,,4950,4569,,,1,30,,4959,4569,,,1,70,,4955,4569,,,1,30,,4966,4569,,,1,70,,4951,4569,,,1,29,,4945,4569,,,1,70,,4941,4569,,,1,31,,4946,4569,,,1,70,,4942,4569,,,1,30,,4956,4569,,,1,71,,4943,4569,,,1,30,,4957,4569,,,1,99,,4967,4569,,,1,100,,4952,4569,,,1,100,,4972,4569,,,1,100,,4968,4569,,,1,100,,4949,4569,,,1,100,,4947,4569,,,1
1701,'F1',554,,5003,4569,,,1,100,,4993,4569,,,1,70,,4985,4569,,,1,30,,4978,4569,,,1,70,,4994,4569,,,1,30,,4988,4569,,,1,70,,5000,4569,,,1,30,,5001,4569,,,1,70,,4987,4569,,,1,30,,4989,4569,,,1,70,,4979,4569,,,1,30,,5004,4569,,,1,70,,4986,4569,,,1,30,,4990,4569,,,1,70,,4981,4569,,,1,30,,5005,4569,,,1,70,,4995,4569,,,1,30,,5002,4569,,,1,70,,4984,4569,,,1,30,,4991,4569,,,1,70,,4974,4569,,,1,29,,4982,4569,,,1,70,,4996,4569,,,1,31,,4977,4569,,,1,70,,4997,4569,,,1,31,,4992,4569,,,1,99,,4980,4569,,,1,100,,4999,4569,,,1,100,,4983,4569,,,1,100,,4975,4569,,,1,100,,5006,4569,,,1,100,,4976,4569,,,1
1701,'F7',553,,5029,4569,,,1,100,,5027,4569,,,1,70,,5019,4569,,,1,30,,5035,4569,,,1,70,,5014,4569,,,1,30,,5030,4569,,,1,70,,5020,4569,,,1,30,,5028,4569,,,1,70,,5024,4569,,,1,30,,5036,4569,,,1,70,,5010,4569,,,1,30,,5031,4569,,,1,70,,5039,4569,,,1,30,,5037,4569,,,1,70,,5016,4569,,,1,30,,5025,4569,,,1,70,,5021,4569,,,1,30,,5032,4569,,,1,70,,5017,4569,,,1,29,,5011,4569,,,1,70,,5007,4569,,,1,31,,5012,4569,,,1,70,,5008,4569,,,1,30,,5022,4569,,,1,71,,5009,4569,,,1,30,,5023,4569,,,1,99,,5033,4569,,,1,100,,5018,4569,,,1,100,,5038,4569,,,1,100,,5034,4569,,,1,100,,5015,4569,,,1,100,,5013,4569,,,1
1701,'F9',554,,5069,4569,,,1,100,,5059,4569,,,1,70,,5051,4569,,,1,30,,5044,4569,,,1,70,,5060,4569,,,1,30,,5054,4569,,,1,70,,5066,4569,,,1,30,,5067,4569,,,1,70,,5053,4569,,,1,30,,5055,4569,,,1,70,,5045,4569,,,1,30,,5070,4569,,,1,70,,5052,4569,,,1,30,,5056,4569,,,1,70,,5047,4569,,,1,30,,5071,4569,,,1,70,,5061,4569,,,1,30,,5068,4569,,,1,70,,5050,4569,,,1,30,,5057,4569,,,1,70,,5040,4569,,,1,29,,5048,4569,,,1,70,,5062,4569,,,1,31,,5043,4569,,,1,70,,5063,4569,,,1,31,,5058,4569,,,1,99,,5046,4569,,,1,100,,5065,4569,,,1,100,,5049,4569,,,1,100,,5041,4569,,,1,100,,5072,4569,,,1,100,,5042,4569,,,1
1701,'SA',554,,5102,4569,,,1,100,,5092,4569,,,1,70,,5084,4569,,,1,30,,5077,4569,,,1,70,,5093,4569,,,1,30,,5087,4569,,,1,70,,5099,4569,,,1,30,,5100,4569,,,1,70,,5086,4569,,,1,30,,5088,4569,,,1,70,,5078,4569,,,1,30,,5103,4569,,,1,70,,5085,4569,,,1,30,,5089,4569,,,1,70,,5080,4569,,,1,30,,5104,4569,,,1,70,,5094,4569,,,1,30,,5101,4569,,,1,70,,5083,4569,,,1,30,,5090,4569,,,1,70,,5073,4569,,,1,29,,5081,4569,,,1,70,,5095,4569,,,1,31,,5076,4569,,,1,70,,5096,4569,,,1,31,,5091,4569,,,1,99,,5079,4569,,,1,100,,5098,4569,,,1,100,,5082,4569,,,1,100,,5074,4569,,,1,100,,5105,4569,,,1,100,,5075,4569,,,1
7601,'F8',506,,13446,1687,,,1,30,,13425,1687,,,1,70,,13441,1687,,,1,24,,13449,1687,,,1,21,,13450,1687,,,1,60,,13442,1687,,,1,19,,13447,1687,,,1,4,,13432,1687,,,1,5,,13427,1687,,,1,15,,13421,1687,,,1,61,,13416,1687,,,1,23,,13422,1687,,,1,66,,13410,1687,,,1,30,,13420,1687,,,1,70,,13411,1687,,,1,30,,13451,1687,,,1,70,,13407,1687,,,1,30,,13415,1687,,,1,70,,13452,1687,,,1,30,,13428,1687,,,1,70,,13448,1687,,,1,30,,13409,1687,,,1,70,,13413,1687,,,1,32,,13418,1687,,,1,74,,13414,1687,,,1,26,,13424,1687,,,1,72,,13440,1687,,,1,33,,13417,1687,,,1,64,,13433,1687,,,1,17,,13419,1687,,,1,20,,13408,1687,,,1,61,,13423,1687,,,1,17,,13429,1687,,,1,20,,13426,1687,,,1,66,,13443,1687,,,1,30,,13412,1687,,,1,70,,13438,1687,,,1,30,,13430,1687,,,1,70,,13434,1687,,,1,30,,13431,1687,,,1,70,,13435,1687,,,1,29,,13444,1687,,,1,70,,13436,1687,,,1,30,,13445,1687,,,1,70,,13437,1687,,,1,30,,13439,1687,,,1
7601,'SE',506,,13492,1687,,,1,30,,13471,1687,,,1,70,,13487,1687,,,1,24,,13495,1687,,,1,21,,13496,1687,,,1,60,,13488,1687,,,1,19,,13493,1687,,,1,4,,13478,1687,,,1,5,,13473,1687,,,1,15,,13467,1687,,,1,61,,13462,1687,,,1,23,,13468,1687,,,1,66,,13456,1687,,,1,30,,13466,1687,,,1,70,,13457,1687,,,1,30,,13497,1687,,,1,70,,13453,1687,,,1,30,,13461,1687,,,1,70,,13498,1687,,,1,30,,13474,1687,,,1,70,,13494,1687,,,1,30,,13455,1687,,,1,70,,13459,1687,,,1,32,,13464,1687,,,1,74,,13460,1687,,,1,26,,13470,1687,,,1,72,,13486,1687,,,1,33,,13463,1687,,,1,64,,13479,1687,,,1,17,,13465,1687,,,1,20,,13454,1687,,,1,61,,13469,1687,,,1,17,,13475,1687,,,1,20,,13472,1687,,,1,66,,13489,1687,,,1,30,,13458,1687,,,1,70,,13484,1687,,,1,30,,13476,1687,,,1,70,,13480,1687,,,1,30,,13477,1687,,,1,70,,13481,1687,,,1,29,,13490,1687,,,1,70,,13482,1687,,,1,30,,13491,1687,,,1,70,,13483,1687,,,1,30,,13485,1687,,,1
41001,'F8',504,,17462,4434,,,2,30,,17469,4434,,,2,20,,17476,4434,,,2,61,,17447,4434,,,2,20,,17439,4434,,,2,13,,17478,4434,,,2,10,,17440,4434,,,2,48,,17455,4434,,,2,6,,17461,4434,,,2,10,,17441,4434,,,2,6,,17465,4434,,,2,2,,17443,4434,,,2,8,,17460,4434,,,2,3,,17481,4434,,,2,5,,17449,4434,,,2,10,,17479,4434,,,2,53,,17480,4434,,,2,11,,17472,4434,,,2,14,,17452,4434,,,2,16,,17448,4434,,,2,58,,17475,4434,,,2,30,,17453,4434,,,2,70,,17477,4434,,,2,30,,17463,4434,,,2,70,,17466,4434,,,2,30,,17464,4434,,,2,70,,17456,4434,,,2,30,,17436,4434,,,2,69,,17467,4434,,,2,30,,17482,4434,,,2,70,,17457,4434,,,2,31,,17483,4434,,,2,78,,17468,4434,,,2,27,,17484,4434,,,2,69,,17450,4434,,,2,15,,17495,4434,,,2,15,,17489,4434,,,2,15,,17470,4434,,,2,53,,17492,4434,,,2,10,,17437,4434,,,2,9,,17496,4434,,,2,10,,17442,4434,,,2,10,,17490,4434,,,2,55,,17471,4434,,,2,29,,17451,4434,,,2,78,,17444,4434,,,2,28,,17446,4434,,,2,69,,17438,4434,,,2,30,,17497,4434,,,2,70,,17458,4434,,,2,30,,17454,4434,,,2,70,,17474,4434,,,2,30,,17485,4434,,,2,70,,17459,4434,,,2,30,,17486,4434,,,2,100,,17487,4434,,,2
41001,'SE',504,,17525,4434,,,2,30,,17532,4434,,,2,20,,17539,4434,,,2,61,,17510,4434,,,2,20,,17502,4434,,,2,13,,17541,4434,,,2,10,,17503,4434,,,2,48,,17518,4434,,,2,6,,17524,4434,,,2,10,,17504,4434,,,2,6,,17528,4434,,,2,2,,17506,4434,,,2,8,,17523,4434,,,2,3,,17544,4434,,,2,5,,17512,4434,,,2,10,,17542,4434,,,2,53,,17543,4434,,,2,11,,17535,4434,,,2,14,,17515,4434,,,2,16,,17511,4434,,,2,58,,17538,4434,,,2,30,,17516,4434,,,2,70,,17540,4434,,,2,30,,17526,4434,,,2,70,,17529,4434,,,2,30,,17527,4434,,,2,70,,17519,4434,,,2,30,,17499,4434,,,2,69,,17530,4434,,,2,30,,17545,4434,,,2,70,,17520,4434,,,2,31,,17546,4434,,,2,78,,17531,4434,,,2,27,,17547,4434,,,2,69,,17513,4434,,,2,15,,17558,4434,,,2,15,,17552,4434,,,2,15,,17533,4434,,,2,53,,17555,4434,,,2,10,,17500,4434,,,2,9,,17559,4434,,,2,10,,17505,4434,,,2,10,,17553,4434,,,2,55,,17534,4434,,,2,29,,17514,4434,,,2,78,,17507,4434,,,2,28,,17509,4434,,,2,69,,17501,4434,,,2,30,,17560,4434,,,2,70,,17521,4434,,,2,30,,17517,4434,,,2,70,,17537,4434,,,2,30,,17548,4434,,,2,70,,17522,4434,,,2,30,,17549,4434,,,2,100,,17550,4434,,,2
41701,'F8',524,,17705,4569,,,2,20,,17707,4569,,,2,60,,17693,4569,,,2,21,,17692,4569,,,2,18,,17708,4569,,,2,13,,17686,4569,,,2,48,,17702,4569,,,2,7,,17682,4569,,,2,8,,17681,4569,,,2,8,,17701,4569,,,2,6,,17706,4569,,,2,4,,17679,4569,,,2,3,,17716,4569,,,2,3,,17709,4569,,,2,8,,17714,4569,,,2,50,,17699,4569,,,2,14,,17680,4569,,,2,12,,17715,4569,,,2,16,,17717,4569,,,2,16,,17703,4569,,,2,64,,17683,4569,,,2,29,,17710,4569,,,2,70,,17684,4569,,,2,30,,17711,4569,,,2,70,,17685,4569,,,2,30,,17712,4569,,,2,70,,17678,4569,,,2,30,,17713,4569,,,2,70,,17718,4569,,,2,30,,17694,4569,,,2,70,,17719,4569,,,2,30,,17695,4569,,,2,69,,17722,4569,,,2,3,,17688,4569,,,2,5,,17720,4569,,,2,29,,17698,4569,,,2,62,,17724,4569,,,2,14,,17721,4569,,,2,15,,17687,4569,,,2,52,,17696,4569,,,2,11,,17689,4569,,,2,9,,17725,4569,,,2,10,,17700,4569,,,2,10,,17697,4569,,,2,12,,17704,4569,,,2,53,,17728,4569,,,2,15,,17726,4569,,,2,20,,17723,4569,,,2,60,,17729,4569,,,2,24,,17735,4569,,,2,28,,17730,4569,,,2,70,,17736,4569,,,2,30,,17731,4569,,,2,70,,17737,4569,,,2,30,,17732,4569,,,2,69,,17738,4569,,,2,30,,17733,4569,,,2,69,,17739,4569,,,2,30,,17734,4569,,,2,69,,17740,4569,,,2,30,,17742,4569,,,2
41701,'SE',524,,17770,4569,,,2,20,,17772,4569,,,2,60,,17758,4569,,,2,21,,17757,4569,,,2,18,,17773,4569,,,2,13,,17751,4569,,,2,48,,17767,4569,,,2,7,,17747,4569,,,2,8,,17746,4569,,,2,8,,17766,4569,,,2,6,,17771,4569,,,2,4,,17744,4569,,,2,3,,17781,4569,,,2,3,,17774,4569,,,2,8,,17779,4569,,,2,50,,17764,4569,,,2,14,,17745,4569,,,2,12,,17780,4569,,,2,16,,17782,4569,,,2,16,,17768,4569,,,2,64,,17748,4569,,,2,29,,17775,4569,,,2,70,,17749,4569,,,2,30,,17776,4569,,,2,70,,17750,4569,,,2,30,,17777,4569,,,2,70,,17743,4569,,,2,30,,17778,4569,,,2,70,,17783,4569,,,2,30,,17759,4569,,,2,70,,17784,4569,,,2,30,,17760,4569,,,2,69,,17787,4569,,,2,3,,17753,4569,,,2,5,,17785,4569,,,2,29,,17763,4569,,,2,62,,17789,4569,,,2,14,,17786,4569,,,2,15,,17752,4569,,,2,52,,17761,4569,,,2,11,,17754,4569,,,2,9,,17790,4569,,,2,10,,17765,4569,,,2,10,,17762,4569,,,2,12,,17769,4569,,,2,53,,17793,4569,,,2,15,,17791,4569,,,2,20,,17788,4569,,,2,60,,17794,4569,,,2,24,,17800,4569,,,2,28,,17795,4569,,,2,70,,17801,4569,,,2,30,,17796,4569,,,2,70,,17802,4569,,,2,30,,17797,4569,,,2,69,,17803,4569,,,2,30,,17798,4569,,,2,69,,17804,4569,,,2,30,,17799,4569,,,2,69,,17805,4569,,,2,30,,17807,4569,,,2
57201,'F8',840,,18840,782,,,2
57201,'SE',840,,18841,782,,,2
67601,'F8',739,,18998,2932,,,2
67601,'SE',739,,18999,2932,,,2
