1001,'DI',640,,3282,6277,,,1,67,,3256,6277,,,1,30,,3283,6277,,,1,70,,3255,6277,,,1,30,,3266,6277,,,1,78,,3257,6277,,,1,30,,3267,6277,,,1,70,,3258,6277,,,1,30,,3268,6277,,,1,70,,3284,6277,,,1,30,,3269,6277,,,1,70,,3285,6277,,,1,30,,3275,6277,,,1,70,,3286,6277,,,1,30,,3276,6277,,,1,70,,3270,6277,,,1,30,,3277,6277,,,1,70,,3271,6277,,,1,30,,3278,6277,,,1,70,,3272,6277,,,1,30,,3279,6277,,,1,70,,3273,6277,,,1,30,,3280,6277,,,1,70,,3274,6277,,,1,30,,3281,6277,,,1,81,,3259,6277,,,1,100,,3260,6277,,,1,100,,3261,6277,,,1,100,,3262,6277,,,1,100,,3263,6277,,,1,100,,3264,6277,,,1
1001,'F1',539,,3318,6277,,,1,96,,3319,6277,,,1,70,,3302,6277,,,1,30,,3295,6277,,,1,70,,3303,6277,,,1,30,,3316,6277,,,1,78,,3301,6277,,,1,31,,3287,6277,,,1,70,,3304,6277,,,1,30,,3288,6277,,,1,70,,3296,6277,,,1,30,,3289,6277,,,1,70,,3309,6277,,,1,32,,3317,6277,,,1,70,,3310,6277,,,1,30,,3290,6277,,,1,70,,3311,6277,,,1,30,,3291,6277,,,1,70,,3312,6277,,,1,30,,3292,6277,,,1,70,,3313,6277,,,1,30,,3293,6277,,,1,69,,3314,6277,,,1,31,,3294,6277,,,1,70,,3315,6277,,,1,30,,3305,6277,,,1,81,,3297,6277,,,1,100,,3298,6277,,,1,100,,3299,6277,,,1,100,,3300,6277,,,1,100,,3306,6277,,,1,100,,3307,6277,,,1
1001,'F7',640,,3347,6277,,,1,67,,3321,6277,,,1,30,,3348,6277,,,1,70,,3320,6277,,,1,30,,3331,6277,,,1,78,,3322,6277,,,1,30,,3332,6277,,,1,70,,3323,6277,,,1,30,,3333,6277,,,1,70,,3349,6277,,,1,30,,3334,6277,,,1,70,,3350,6277,,,1,30,,3340,6277,,,1,70,,3351,6277,,,1,30,,3341,6277,,,1,70,,3335,6277,,,1,30,,3342,6277,,,1,70,,3336,6277,,,1,30,,3343,6277,,,1,70,,3337,6277,,,1,30,,3344,6277,,,1,70,,3338,6277,,,1,30,,3345,6277,,,1,70,,3339,6277,,,1,30,,3346,6277,,,1,81,,3324,6277,,,1,100,,3325,6277,,,1,100,,3326,6277,,,1,100,,3327,6277,,,1,100,,3328,6277,,,1,100,,3329,6277,,,1
1001,'F9',539,,3383,6277,,,1,96,,3384,6277,,,1,70,,3367,6277,,,1,30,,3360,6277,,,1,70,,3368,6277,,,1,30,,3381,6277,,,1,78,,3366,6277,,,1,31,,3352,6277,,,1,70,,3369,6277,,,1,30,,3353,6277,,,1,70,,3361,6277,,,1,30,,3354,6277,,,1,70,,3374,6277,,,1,32,,3382,6277,,,1,70,,3375,6277,,,1,30,,3355,6277,,,1,70,,3376,6277,,,1,30,,3356,6277,,,1,70,,3377,6277,,,1,30,,3357,6277,,,1,70,,3378,6277,,,1,30,,3358,6277,,,1,69,,3379,6277,,,1,31,,3359,6277,,,1,70,,3380,6277,,,1,30,,3370,6277,,,1,81,,3362,6277,,,1,100,,3363,6277,,,1,100,,3364,6277,,,1,100,,3365,6277,,,1,100,,3371,6277,,,1,100,,3372,6277,,,1
1001,'SA',539,,3416,6277,,,1,96,,3417,6277,,,1,70,,3400,6277,,,1,30,,3393,6277,,,1,70,,3401,6277,,,1,30,,3414,6277,,,1,78,,3399,6277,,,1,31,,3385,6277,,,1,70,,3402,6277,,,1,30,,3386,6277,,,1,70,,3394,6277,,,1,30,,3387,6277,,,1,70,,3407,6277,,,1,32,,3415,6277,,,1,70,,3408,6277,,,1,30,,3388,6277,,,1,70,,3409,6277,,,1,30,,3389,6277,,,1,70,,3410,6277,,,1,30,,3390,6277,,,1,70,,3411,6277,,,1,30,,3391,6277,,,1,69,,3412,6277,,,1,31,,3392,6277,,,1,70,,3413,6277,,,1,30,,3403,6277,,,1,81,,3395,6277,,,1,100,,3396,6277,,,1,100,,3397,6277,,,1,100,,3398,6277,,,1,100,,3404,6277,,,1,100,,3405,6277,,,1
1701,'DI',557,,4963,6413,,,1,100,,4961,6413,,,1,70,,4953,6413,,,1,30,,4969,6413,,,1,70,,4948,6413,,,1,30,,4964,6413,,,1,70,,4954,6413,,,1,30,,4962,6413,,,1,70,,4958,6413,,,1,30,,4970,6413,,,1,70,,4944,6413,,,1,30,,4965,6413,,,1,70,,4973,6413,,,1,30,,4971,6413,,,1,70,,4950,6413,,,1,30,,4959,6413,,,1,70,,4955,6413,,,1,30,,4966,6413,,,1,70,,4951,6413,,,1,29,,4945,6413,,,1,70,,4941,6413,,,1,31,,4946,6413,,,1,70,,4942,6413,,,1,30,,4956,6413,,,1,71,,4943,6413,,,1,30,,4957,6413,,,1,99,,4967,6413,,,1,100,,4952,6413,,,1,100,,4972,6413,,,1,100,,4968,6413,,,1,100,,4949,6413,,,1,100,,4947,6413,,,1
1701,'F1',558,,5003,6413,,,1,100,,4993,6413,,,1,70,,4985,6413,,,1,30,,4978,6413,,,1,70,,4994,6413,,,1,30,,4988,6413,,,1,70,,5000,6413,,,1,30,,5001,6413,,,1,70,,4987,6413,,,1,30,,4989,6413,,,1,70,,4979,6413,,,1,30,,5004,6413,,,1,70,,4986,6413,,,1,30,,4990,6413,,,1,70,,4981,6413,,,1,30,,5005,6413,,,1,70,,4995,6413,,,1,30,,5002,6413,,,1,70,,4984,6413,,,1,30,,4991,6413,,,1,70,,4974,6413,,,1,29,,4982,6413,,,1,70,,4996,6413,,,1,31,,4977,6413,,,1,70,,4997,6413,,,1,31,,4992,6413,,,1,99,,4980,6413,,,1,100,,4999,6413,,,1,100,,4983,6413,,,1,100,,4975,6413,,,1,100,,5006,6413,,,1,100,,4976,6413,,,1
1701,'F7',557,,5029,6413,,,1,100,,5027,6413,,,1,70,,5019,6413,,,1,30,,5035,6413,,,1,70,,5014,6413,,,1,30,,5030,6413,,,1,70,,5020,6413,,,1,30,,5028,6413,,,1,70,,5024,6413,,,1,30,,5036,6413,,,1,70,,5010,6413,,,1,30,,5031,6413,,,1,70,,5039,6413,,,1,30,,5037,6413,,,1,70,,5016,6413,,,1,30,,5025,6413,,,1,70,,5021,6413,,,1,30,,5032,6413,,,1,70,,5017,6413,,,1,29,,5011,6413,,,1,70,,5007,6413,,,1,31,,5012,6413,,,1,70,,5008,6413,,,1,30,,5022,6413,,,1,71,,5009,6413,,,1,30,,5023,6413,,,1,99,,5033,6413,,,1,100,,5018,6413,,,1,100,,5038,6413,,,1,100,,5034,6413,,,1,100,,5015,6413,,,1,100,,5013,6413,,,1
1701,'F9',558,,5069,6413,,,1,100,,5059,6413,,,1,70,,5051,6413,,,1,30,,5044,6413,,,1,70,,5060,6413,,,1,30,,5054,6413,,,1,70,,5066,6413,,,1,30,,5067,6413,,,1,70,,5053,6413,,,1,30,,5055,6413,,,1,70,,5045,6413,,,1,30,,5070,6413,,,1,70,,5052,6413,,,1,30,,5056,6413,,,1,70,,5047,6413,,,1,30,,5071,6413,,,1,70,,5061,6413,,,1,30,,5068,6413,,,1,70,,5050,6413,,,1,30,,5057,6413,,,1,70,,5040,6413,,,1,29,,5048,6413,,,1,70,,5062,6413,,,1,31,,5043,6413,,,1,70,,5063,6413,,,1,31,,5058,6413,,,1,99,,5046,6413,,,1,100,,5065,6413,,,1,100,,5049,6413,,,1,100,,5041,6413,,,1,100,,5072,6413,,,1,100,,5042,6413,,,1
1701,'SA',558,,5102,6413,,,1,100,,5092,6413,,,1,70,,5084,6413,,,1,30,,5077,6413,,,1,70,,5093,6413,,,1,30,,5087,6413,,,1,70,,5099,6413,,,1,30,,5100,6413,,,1,70,,5086,6413,,,1,30,,5088,6413,,,1,70,,5078,6413,,,1,30,,5103,6413,,,1,70,,5085,6413,,,1,30,,5089,6413,,,1,70,,5080,6413,,,1,30,,5104,6413,,,1,70,,5094,6413,,,1,30,,5101,6413,,,1,70,,5083,6413,,,1,30,,5090,6413,,,1,70,,5073,6413,,,1,29,,5081,6413,,,1,70,,5095,6413,,,1,31,,5076,6413,,,1,70,,5096,6413,,,1,31,,5091,6413,,,1,99,,5079,6413,,,1,100,,5098,6413,,,1,100,,5082,6413,,,1,100,,5074,6413,,,1,100,,5105,6413,,,1,100,,5075,6413,,,1
7601,'F8',510,,13446,3530,,,1,30,,13425,3530,,,1,70,,13441,3530,,,1,25,,13449,3530,,,1,21,,13450,3530,,,1,60,,13442,3530,,,1,20,,13447,3530,,,1,4,,13432,3530,,,1,5,,13427,3530,,,1,55,,13421,3530,,,1,21,,13416,3530,,,1,23,,13422,3530,,,1,66,,13410,3530,,,1,30,,13420,3530,,,1,70,,13411,3530,,,1,30,,13451,3530,,,1,70,,13407,3530,,,1,30,,13415,3530,,,1,70,,13452,3530,,,1,30,,13428,3530,,,1,70,,13448,3530,,,1,30,,13409,3530,,,1,70,,13413,3530,,,1,32,,13418,3530,,,1,75,,13414,3530,,,1,26,,13424,3530,,,1,72,,13440,3530,,,1,33,,13417,3530,,,1,64,,13433,3530,,,1,16,,13419,3530,,,1,20,,13408,3530,,,1,61,,13423,3530,,,1,17,,13429,3530,,,1,18,,13426,3530,,,1,66,,13443,3530,,,1,30,,13412,3530,,,1,70,,13438,3530,,,1,30,,13430,3530,,,1,70,,13434,3530,,,1,30,,13431,3530,,,1,70,,13435,3530,,,1,29,,13444,3530,,,1,70,,13436,3530,,,1,30,,13445,3530,,,1,70,,13437,3530,,,1,30,,13439,3530,,,1
7601,'SE',510,,13492,3530,,,1,30,,13471,3530,,,1,70,,13487,3530,,,1,25,,13495,3530,,,1,21,,13496,3530,,,1,60,,13488,3530,,,1,20,,13493,3530,,,1,4,,13478,3530,,,1,5,,13473,3530,,,1,55,,13467,3530,,,1,21,,13462,3530,,,1,23,,13468,3530,,,1,66,,13456,3530,,,1,30,,13466,3530,,,1,70,,13457,3530,,,1,30,,13497,3530,,,1,70,,13453,3530,,,1,30,,13461,3530,,,1,70,,13498,3530,,,1,30,,13474,3530,,,1,70,,13494,3530,,,1,30,,13455,3530,,,1,70,,13459,3530,,,1,32,,13464,3530,,,1,75,,13460,3530,,,1,26,,13470,3530,,,1,72,,13486,3530,,,1,33,,13463,3530,,,1,64,,13479,3530,,,1,16,,13465,3530,,,1,20,,13454,3530,,,1,61,,13469,3530,,,1,17,,13475,3530,,,1,18,,13472,3530,,,1,66,,13489,3530,,,1,30,,13458,3530,,,1,70,,13484,3530,,,1,30,,13476,3530,,,1,70,,13480,3530,,,1,30,,13477,3530,,,1,70,,13481,3530,,,1,29,,13490,3530,,,1,70,,13482,3530,,,1,30,,13491,3530,,,1,70,,13483,3530,,,1,30,,13485,3530,,,1
56500,'F8',1621,,18830,10126,,,2
56500,'SE',1621,,18831,10126,,,2
