4900,'DI',610,,30870,3247,,,2,100,,30882,3247,,,2,100,,30871,3247,,,2,100,,30877,3247,,,2,100,,30878,3247,,,2,100,,30879,3247,,,2,100,,30880,3247,,,2,100,,30881,3247,,,2,100,,30872,3247,,,2,100,,30873,3247,,,2,100,,30883,3247,,,2,100,,30884,3247,,,2,100,,30869,3247,,,2,100,,30874,3247,,,2,100,,30875,3247,,,2,100,,30885,3247,,,2,100,,30886,3247,,,2,99,,30876,3247,,,2,100,,30868,3247,,,2
4900,'F1',610,,30888,3247,,,2,100,,30887,3247,,,2,100,,30898,3247,,,2,100,,30904,3247,,,2,100,,30905,3247,,,2,100,,30906,3247,,,2,100,,30891,3247,,,2,100,,30892,3247,,,2,100,,30893,3247,,,2,100,,30894,3247,,,2,100,,30895,3247,,,2,100,,30896,3247,,,2,100,,30897,3247,,,2,100,,30900,3247,,,2,100,,30901,3247,,,2,100,,30889,3247,,,2,100,,30890,3247,,,2,99,,30902,3247,,,2,100,,30899,3247,,,2,100,,30903,3247,,,2
4900,'F2',610,,30923,3247,,,2,100,,30907,3247,,,2,100,,30924,3247,,,2,100,,30916,3247,,,2,100,,30910,3247,,,2,100,,30911,3247,,,2,100,,30912,3247,,,2,100,,30913,3247,,,2,100,,30917,3247,,,2,100,,30918,3247,,,2,100,,30919,3247,,,2,100,,30920,3247,,,2,100,,30921,3247,,,2,100,,30908,3247,,,2,100,,30922,3247,,,2,100,,30914,3247,,,2,100,,30909,3247,,,2,99,,30925,3247,,,2,100,,30915,3247,,,2,100,,30926,3247,,,2
4900,'F7',611,,30945,3247,,,2,20,,30958,3247,,,2,15,,30934,3247,,,2,55,,30948,3247,,,2,13,,30927,3247,,,2,16,,30946,3247,,,2,14,,30949,3247,,,2,15,,30943,3247,,,2,55,,30947,3247,,,2,15,,30950,3247,,,2,20,,30944,3247,,,2,61,,30951,3247,,,2,101,,30959,3247,,,2,100,,30935,3247,,,2,101,,30928,3247,,,2,100,,30936,3247,,,2,97,,30938,3247,,,2,100,,30932,3247,,,2,102,,30931,3247,,,2,12,,30960,3247,,,2,19,,30939,3247,,,2,11,,30955,3247,,,2,55,,30952,3247,,,2,15,,30962,3247,,,2,15,,30956,3247,,,2,15,,30953,3247,,,2,55,,30940,3247,,,2,14,,30957,3247,,,2,15,,30954,3247,,,2,72,,30961,3247,,,2,100,,30929,3247,,,2,100,,30941,3247,,,2,100,,30930,3247,,,2,100,,30942,3247,,,2,100,,30937,3247,,,2,100,,30933,3247,,,2
4900,'F8',610,,30979,3247,,,2,100,,30963,3247,,,2,100,,30980,3247,,,2,100,,30972,3247,,,2,100,,30966,3247,,,2,100,,30967,3247,,,2,100,,30968,3247,,,2,100,,30969,3247,,,2,100,,30973,3247,,,2,100,,30974,3247,,,2,100,,30975,3247,,,2,100,,30976,3247,,,2,100,,30977,3247,,,2,100,,30964,3247,,,2,100,,30978,3247,,,2,100,,30970,3247,,,2,100,,30965,3247,,,2,99,,30981,3247,,,2,100,,30971,3247,,,2,100,,30982,3247,,,2
4900,'F9',610,,30985,3247,,,2,100,,30997,3247,,,2,100,,30986,3247,,,2,100,,30992,3247,,,2,100,,30993,3247,,,2,100,,30994,3247,,,2,100,,30995,3247,,,2,100,,30996,3247,,,2,100,,30987,3247,,,2,100,,30988,3247,,,2,100,,30998,3247,,,2,100,,30999,3247,,,2,100,,30984,3247,,,2,100,,30989,3247,,,2,100,,30990,3247,,,2,100,,31000,3247,,,2,100,,31001,3247,,,2,99,,30991,3247,,,2,100,,30983,3247,,,2
4900,'SA',610,,31018,3247,,,2,100,,31002,3247,,,2,100,,31019,3247,,,2,100,,31011,3247,,,2,100,,31005,3247,,,2,100,,31006,3247,,,2,100,,31007,3247,,,2,100,,31008,3247,,,2,100,,31012,3247,,,2,100,,31013,3247,,,2,100,,31014,3247,,,2,100,,31015,3247,,,2,100,,31016,3247,,,2,100,,31003,3247,,,2,100,,31017,3247,,,2,100,,31009,3247,,,2,100,,31004,3247,,,2,99,,31020,3247,,,2,100,,31010,3247,,,2,100,,31021,3247,,,2
4900,'SE',611,,31040,3247,,,2,20,,31053,3247,,,2,15,,31029,3247,,,2,55,,31043,3247,,,2,13,,31022,3247,,,2,16,,31041,3247,,,2,14,,31044,3247,,,2,15,,31038,3247,,,2,55,,31042,3247,,,2,15,,31045,3247,,,2,20,,31039,3247,,,2,61,,31046,3247,,,2,101,,31054,3247,,,2,100,,31030,3247,,,2,101,,31023,3247,,,2,100,,31031,3247,,,2,97,,31033,3247,,,2,100,,31027,3247,,,2,102,,31026,3247,,,2,12,,31055,3247,,,2,19,,31034,3247,,,2,11,,31050,3247,,,2,55,,31047,3247,,,2,15,,31057,3247,,,2,15,,31051,3247,,,2,15,,31048,3247,,,2,55,,31035,3247,,,2,14,,31052,3247,,,2,15,,31049,3247,,,2,72,,31056,3247,,,2,100,,31024,3247,,,2,100,,31036,3247,,,2,100,,31025,3247,,,2,100,,31037,3247,,,2,100,,31032,3247,,,2,100,,31028,3247,,,2
55000,'F7',1639,,40709,8739,,,2
55000,'SE',1639,,40710,8739,,,2
