2000,'F8',704,,5671,4416,,,2,9,,5666,4416,,,2,8,,5667,4416,,,2,10,,5670,4416,,,2,11,,5672,4416,,,2,6,,5665,4416,,,2,54,,5668,4416,,,2,32,,5673,4416,,,2,71,,5669,4416,,,2
2000,'SE',704,,5761,4416,,,2,9,,5756,4416,,,2,8,,5757,4416,,,2,10,,5760,4416,,,2,11,,5762,4416,,,2,6,,5755,4416,,,2,54,,5758,4416,,,2,32,,5763,4416,,,2,71,,5759,4416,,,2
2500,'DI',701,,6710,4278,,,2
2500,'F1',701,,6711,4278,,,2
2500,'F7',701,,6712,4278,,,2
2500,'F8',523,,6729,4278,,,2,30,,6719,4278,,,2,69,,6735,4278,,,2,19,,6733,4278,,,2,61,,6722,4278,,,2,19,,6715,4278,,,2,29,,6721,4278,,,2,68,,6720,4278,,,2,36,,6730,4278,,,2,70,,6718,4278,,,2,430,,6714,4278,,,2,70,,6713,4278,,,2,29,,6737,4278,,,2,53,,6736,4278,,,2,18,,6734,4278,,,2,30,,6726,4278,,,2,72,,6716,4278,,,2,29,,6724,4278,,,2,70,,6731,4278,,,2,31,,6717,4278,,,2,68,,6725,4278,,,2,30,,6723,4278,,,2,375,,6727,4278,,,2,83,,6738,4278,,,2,15,,6732,4278,,,2,85,,6728,4278,,,2
2500,'F9',701,,6739,4278,,,2
2500,'SA',701,,6740,4278,,,2
2500,'SE',523,,6757,4278,,,2,30,,6747,4278,,,2,69,,6763,4278,,,2,19,,6761,4278,,,2,61,,6750,4278,,,2,19,,6743,4278,,,2,29,,6749,4278,,,2,68,,6748,4278,,,2,36,,6758,4278,,,2,70,,6746,4278,,,2,430,,6742,4278,,,2,70,,6741,4278,,,2,29,,6765,4278,,,2,53,,6764,4278,,,2,18,,6762,4278,,,2,30,,6754,4278,,,2,72,,6744,4278,,,2,29,,6752,4278,,,2,70,,6759,4278,,,2,31,,6745,4278,,,2,68,,6753,4278,,,2,30,,6751,4278,,,2,375,,6755,4278,,,2,83,,6766,4278,,,2,15,,6760,4278,,,2,85,,6756,4278,,,2
7600,'F8',605,,13355,4202,,,1,21,,13356,4202,,,1,20,,13348,4202,,,1,63,,13331,4202,,,1,17,,13325,4202,,,1,20,,13320,4202,,,1,63,,13326,4202,,,1,27,,13314,4202,,,1,72,,13324,4202,,,1,30,,13315,4202,,,1,70,,13357,4202,,,1,30,,13311,4202,,,1,70,,13319,4202,,,1,30,,13358,4202,,,1,70,,13332,4202,,,1,30,,13354,4202,,,1,70,,13313,4202,,,1,30,,13317,4202,,,1,70,,13322,4202,,,1,34,,13318,4202,,,1,66,,13328,4202,,,1,32,,13346,4202,,,1,71,,13321,4202,,,1,24,,13337,4202,,,1,18,,13323,4202,,,1,60,,13312,4202,,,1,21,,13327,4202,,,1,18,,13333,4202,,,1,60,,13330,4202,,,1,28,,13349,4202,,,1,70,,13316,4202,,,1,30,,13343,4202,,,1,70,,13334,4202,,,1,30,,13338,4202,,,1,70,,13335,4202,,,1,30,,13339,4202,,,1,69,,13350,4202,,,1,30,,13340,4202,,,1,70,,13351,4202,,,1,30,,13341,4202,,,1,70,,13344,4202,,,1,30,,13342,4202,,,1,70,,13345,4202,,,1
7600,'SE',605,,13403,4202,,,1,21,,13404,4202,,,1,20,,13396,4202,,,1,63,,13379,4202,,,1,17,,13373,4202,,,1,20,,13368,4202,,,1,63,,13374,4202,,,1,27,,13362,4202,,,1,72,,13372,4202,,,1,30,,13363,4202,,,1,70,,13405,4202,,,1,30,,13359,4202,,,1,70,,13367,4202,,,1,30,,13406,4202,,,1,70,,13380,4202,,,1,30,,13402,4202,,,1,70,,13361,4202,,,1,30,,13365,4202,,,1,70,,13370,4202,,,1,34,,13366,4202,,,1,66,,13376,4202,,,1,32,,13394,4202,,,1,71,,13369,4202,,,1,24,,13385,4202,,,1,18,,13371,4202,,,1,60,,13360,4202,,,1,21,,13375,4202,,,1,18,,13381,4202,,,1,60,,13378,4202,,,1,28,,13397,4202,,,1,70,,13364,4202,,,1,30,,13391,4202,,,1,70,,13382,4202,,,1,30,,13386,4202,,,1,70,,13383,4202,,,1,30,,13387,4202,,,1,69,,13398,4202,,,1,30,,13388,4202,,,1,70,,13399,4202,,,1,30,,13389,4202,,,1,70,,13392,4202,,,1,30,,13390,4202,,,1,70,,13393,4202,,,1
8100,'DI',657,,14147,4078,,,1,100,,14150,4078,,,1,143,,14152,4078,,,1,100,,14148,4078,,,1,100,,14151,4078,,,1,100,,14143,4078,,,1,100,,14155,4078,,,1,100,,14144,4078,,,1,100,,14149,4078,,,1,100,,14156,4078,,,1,56,,14153,4078,,,1,148,,14159,4078,,,1,96,,14157,4078,,,1,100,,14145,4078,,,1,100,,14160,4078,,,1,100,,14158,4078,,,1,100,,14146,4078,,,1,100,,14161,4078,,,1,100,,14154,4078,,,1
8100,'F1',657,,14169,4078,,,1,100,,14165,4078,,,1,143,,14170,4078,,,1,100,,14166,4078,,,1,100,,14176,4078,,,1,100,,14164,4078,,,1,100,,14173,4078,,,1,100,,14167,4078,,,1,100,,14171,4078,,,1,100,,14168,4078,,,1,100,,14162,4078,,,1,104,,14177,4078,,,1,96,,14180,4078,,,1,100,,14163,4078,,,1,100,,14178,4078,,,1,100,,14181,4078,,,1,100,,14175,4078,,,1,100,,14179,4078,,,1,100,,14174,4078,,,1,100,,14172,4078,,,1
8100,'F7',657,,14186,4078,,,1,100,,14189,4078,,,1,143,,14191,4078,,,1,100,,14187,4078,,,1,100,,14190,4078,,,1,100,,14182,4078,,,1,100,,14194,4078,,,1,100,,14183,4078,,,1,100,,14188,4078,,,1,100,,14195,4078,,,1,56,,14192,4078,,,1,148,,14198,4078,,,1,96,,14196,4078,,,1,100,,14184,4078,,,1,100,,14199,4078,,,1,100,,14197,4078,,,1,100,,14185,4078,,,1,100,,14200,4078,,,1,100,,14193,4078,,,1
8100,'F8',618,,14206,4078,,,1,38,,14217,4078,,,1,70,,14204,4078,,,1,31,,14218,4078,,,1,69,,14201,4078,,,1,76,,14224,4078,,,1,98,,14205,4078,,,1,100,,14212,4078,,,1,100,,14207,4078,,,1,100,,14213,4078,,,1,100,,14211,4078,,,1,100,,14227,4078,,,1,30,,14202,4078,,,1,72,,14214,4078,,,1,30,,14208,4078,,,1,70,,14219,4078,,,1,30,,14203,4078,,,1,70,,14215,4078,,,1,30,,14225,4078,,,1,68,,14222,4078,,,1,100,,14226,4078,,,1,100,,14209,4078,,,1,100,,14220,4078,,,1,100,,14223,4078,,,1,100,,14210,4078,,,1,100,,14221,4078,,,1,100,,14216,4078,,,1
8100,'F9',657,,14235,4078,,,1,100,,14231,4078,,,1,143,,14236,4078,,,1,100,,14232,4078,,,1,100,,14242,4078,,,1,100,,14230,4078,,,1,100,,14239,4078,,,1,100,,14233,4078,,,1,100,,14237,4078,,,1,100,,14234,4078,,,1,100,,14228,4078,,,1,104,,14243,4078,,,1,96,,14246,4078,,,1,100,,14229,4078,,,1,100,,14244,4078,,,1,100,,14247,4078,,,1,100,,14241,4078,,,1,100,,14245,4078,,,1,100,,14240,4078,,,1,100,,14238,4078,,,1
8100,'SA',657,,14255,4078,,,1,100,,14251,4078,,,1,143,,14256,4078,,,1,100,,14252,4078,,,1,100,,14262,4078,,,1,100,,14250,4078,,,1,100,,14259,4078,,,1,100,,14253,4078,,,1,100,,14257,4078,,,1,100,,14254,4078,,,1,100,,14248,4078,,,1,104,,14263,4078,,,1,96,,14266,4078,,,1,100,,14249,4078,,,1,100,,14264,4078,,,1,100,,14267,4078,,,1,100,,14261,4078,,,1,100,,14265,4078,,,1,100,,14260,4078,,,1,100,,14258,4078,,,1
8100,'SE',618,,14273,4078,,,1,38,,14284,4078,,,1,70,,14271,4078,,,1,31,,14285,4078,,,1,69,,14268,4078,,,1,76,,14291,4078,,,1,98,,14272,4078,,,1,100,,14279,4078,,,1,100,,14274,4078,,,1,100,,14280,4078,,,1,100,,14278,4078,,,1,100,,14294,4078,,,1,30,,14269,4078,,,1,72,,14281,4078,,,1,30,,14275,4078,,,1,70,,14286,4078,,,1,30,,14270,4078,,,1,70,,14282,4078,,,1,30,,14292,4078,,,1,68,,14289,4078,,,1,100,,14293,4078,,,1,100,,14276,4078,,,1,100,,14287,4078,,,1,100,,14290,4078,,,1,100,,14277,4078,,,1,100,,14288,4078,,,1,100,,14283,4078,,,1
