1401,'F8',608,,12488,,,1,31,,12491,,,1,20,,12493,,,1,56,,12487,,,1,16,,12497,,,1,13,,12496,,,1,15,,12489,,,1,54,,12492,,,1,14,,12494,,,1,16,,12495,,,1,16,,12498,,,1,61,,12490,,,1,24,,12499,,,1,100,,12501,,,1,100,,12514,,,1,100,,12502,,,1,100,,12504,,,1,100,,12513,,,1,100,,12511,,,1,85,,12510,,,1,16,,12503,,,1,59,,12506,,,1,24,,12505,,,1,19,,12512,,,1,60,,12509,,,1,20,,12500,,,1,18,,12508,,,1,68,,12507,,,1
1401,'SE',608,,2173,,,1,31,,2176,,,1,20,,2178,,,1,56,,2172,,,1,16,,2182,,,1,13,,2181,,,1,15,,2174,,,1,54,,2177,,,1,14,,2179,,,1,16,,2180,,,1,16,,2183,,,1,61,,2175,,,1,24,,2184,,,1,100,,2186,,,1,100,,2199,,,1,100,,2187,,,1,100,,2189,,,1,100,,2198,,,1,100,,2196,,,1,85,,2195,,,1,16,,2188,,,1,59,,2191,,,1,24,,2190,,,1,19,,2197,,,1,60,,2194,,,1,20,,2185,,,1,18,,2193,,,1,68,,2192,,,1
3100,'F8',627,,14070,,,1,30,,14084,,,1,70,,14068,,,1,29,,14079,,,1,71,,14076,,,1,29,,14087,,,1,70,,14071,,,1,30,,14085,,,1,70,,14090,,,1,30,,14069,,,1,70,,14060,,,1,30,,14072,,,1,70,,14061,,,1,30,,14089,,,1,70,,14075,,,1,30,,14074,,,1,71,,14062,,,1,30,,14073,,,1,70,,14077,,,1,30,,14088,,,1,70,,14082,,,1,30,,14091,,,1,70,,14081,,,1,30,,14083,,,1,70,,14078,,,1,31,,14092,,,1,70,,14064,,,1,30,,14086,,,1,69,,14067,,,1,30,,14080,,,1,70,,14065,,,1,100,,14063,,,1,99,,14066,,,1
3100,'SE',627,,4193,,,1,30,,4207,,,1,70,,4191,,,1,29,,4202,,,1,71,,4199,,,1,29,,4210,,,1,70,,4194,,,1,30,,4208,,,1,70,,4213,,,1,30,,4192,,,1,70,,4183,,,1,30,,4195,,,1,70,,4184,,,1,30,,4212,,,1,70,,4198,,,1,30,,4197,,,1,71,,4185,,,1,30,,4196,,,1,70,,4200,,,1,30,,4211,,,1,70,,4205,,,1,30,,4214,,,1,70,,4204,,,1,30,,4206,,,1,70,,4201,,,1,31,,4215,,,1,70,,4187,,,1,30,,4209,,,1,69,,4190,,,1,30,,4203,,,1,70,,4188,,,1,100,,4186,,,1,99,,4189,,,1
4301,'DI',815,,4974,,,1,100,,4965,,,1,100,,4966,,,1,100,,4967,,,1,101,,4968,,,1,100,,4963,,,1,100,,4959,,,1,100,,4975,,,1,101,,4960,,,1,99,,4976,,,1,100,,4961,,,1,99,,4969,,,1,99,,4970,,,1,100,,4964,,,1,100,,4962,,,1,100,,4972,,,1,99,,4971,,,1,100,,4973,,,1
4301,'F1',714,,4981,,,1,101,,4983,,,1,100,,4978,,,1,100,,4988,,,1,100,,4991,,,1,100,,4985,,,1,101,,4992,,,1,100,,4982,,,1,100,,4993,,,1,101,,4984,,,1,99,,4989,,,1,100,,4979,,,1,99,,4986,,,1,99,,4995,,,1,100,,4994,,,1,100,,4987,,,1,100,,4990,,,1,99,,4977,,,1,100,,4980,,,1
4301,'F7',815,,14713,,,1,100,,14704,,,1,100,,14705,,,1,100,,14706,,,1,101,,14707,,,1,100,,14702,,,1,100,,14698,,,1,100,,14714,,,1,101,,14699,,,1,99,,14715,,,1,100,,14700,,,1,99,,14708,,,1,99,,14709,,,1,100,,14703,,,1,100,,14701,,,1,100,,14711,,,1,99,,14710,,,1,100,,14712,,,1
4301,'F8',701,,14722,,,1,33,,14736,,,1,73,,14738,,,1,22,,14741,,,1,80,,14732,,,1,25,,14733,,,1,70,,14719,,,1,100,,14727,,,1,101,,14716,,,1,100,,14718,,,1,100,,14720,,,1,96,,14717,,,1,34,,14724,,,1,67,,14725,,,1,41,,14726,,,1,66,,14737,,,1,29,,14723,,,1,71,,14721,,,1,29,,14729,,,1,70,,14734,,,1,99,,14740,,,1,100,,14730,,,1,100,,14735,,,1,98,,14728,,,1,100,,14731,,,1,100,,14739,,,1
4301,'F9',714,,14746,,,1,101,,14748,,,1,100,,14743,,,1,100,,14753,,,1,100,,14756,,,1,100,,14750,,,1,101,,14757,,,1,100,,14747,,,1,100,,14758,,,1,101,,14749,,,1,99,,14754,,,1,100,,14744,,,1,99,,14751,,,1,99,,14760,,,1,100,,14759,,,1,100,,14752,,,1,100,,14755,,,1,99,,14742,,,1,100,,14745,,,1
4301,'SA',714,,5000,,,1,101,,5002,,,1,100,,4997,,,1,100,,5007,,,1,100,,5010,,,1,100,,5004,,,1,101,,5011,,,1,100,,5001,,,1,100,,5012,,,1,101,,5003,,,1,99,,5008,,,1,100,,4998,,,1,99,,5005,,,1,99,,5014,,,1,100,,5013,,,1,100,,5006,,,1,100,,5009,,,1,99,,4996,,,1,100,,4999,,,1
4301,'SE',701,,5021,,,1,33,,5035,,,1,73,,5037,,,1,22,,5040,,,1,80,,5031,,,1,25,,5032,,,1,70,,5018,,,1,100,,5026,,,1,101,,5015,,,1,100,,5017,,,1,100,,5019,,,1,96,,5016,,,1,34,,5023,,,1,67,,5024,,,1,41,,5025,,,1,66,,5036,,,1,29,,5022,,,1,71,,5020,,,1,29,,5028,,,1,70,,5033,,,1,99,,5039,,,1,100,,5029,,,1,100,,5034,,,1,98,,5027,,,1,100,,5030,,,1,100,,5038,,,1
4600,'F8',644,,14916,,,2,60,,14920,,,2,16,,14923,,,2,14,,14917,,,2,17,,14921,,,2,63,,14924,,,2,20,,14922,,,2,100,,14918,,,2,100,,14914,,,2,100,,14915,,,2,100,,14931,,,2,100,,14911,,,2,100,,14912,,,2,100,,14919,,,2,72,,14925,,,2,18,,14913,,,2,22,,14927,,,2,60,,14926,,,2,15,,14929,,,2,15,,14928,,,2,20,,14932,,,2,62,,14930,,,2
4600,'SE',644,,5234,,,2,60,,5238,,,2,16,,5241,,,2,14,,5235,,,2,17,,5239,,,2,63,,5242,,,2,20,,5240,,,2,100,,5236,,,2,100,,5232,,,2,100,,5233,,,2,100,,5249,,,2,100,,5229,,,2,100,,5230,,,2,100,,5237,,,2,72,,5243,,,2,18,,5231,,,2,22,,5245,,,2,60,,5244,,,2,15,,5247,,,2,15,,5246,,,2,20,,5250,,,2,62,,5248,,,2
21400,'DI',917,,9599,,,1,100,,9600,,,1,100,,9601,,,1,100,,9602,,,1,100,,9603,,,1,100,,9604,,,1,100,,9605,,,1,100,,9596,,,1,100,,9597,,,1,100,,9598,,,1
21400,'F1',917,,9615,,,1,100,,9606,,,1,100,,9607,,,1,100,,9608,,,1,100,,9609,,,1,100,,9610,,,1,100,,9611,,,1,100,,9612,,,1,100,,9613,,,1,100,,9614,,,1
21400,'F7',917,,18430,,,1,100,,18431,,,1,100,,18432,,,1,100,,18433,,,1,100,,18434,,,1,100,,18435,,,1,100,,18436,,,1,100,,18427,,,1,100,,18428,,,1,100,,18429,,,1
21400,'F9',917,,18446,,,1,100,,18437,,,1,100,,18438,,,1,100,,18439,,,1,100,,18440,,,1,100,,18441,,,1,100,,18442,,,1,100,,18443,,,1,100,,18444,,,1,100,,18445,,,1
21400,'SA',917,,9625,,,1,100,,9616,,,1,100,,9617,,,1,100,,9618,,,1,100,,9619,,,1,100,,9620,,,1,100,,9621,,,1,100,,9622,,,1,100,,9623,,,1,100,,9624,,,1
68900,'F8',1615,,19273,,,2,1,,19272,,,2
68900,'SE',1615,,10572,,,2,1,,10571,,,2
