2300,'F1',656,,27432,6649,,,1,100,,27433,6649,,,1,100,,27429,6649,,,1,101,,27425,6649,,,1,99,,27427,6649,,,1,103,,27428,6649,,,1,97,,27434,6649,,,1,100,,27426,6649,,,1,100,,27430,6649,,,1,100,,27431,6649,,,1,100,,27435,6649,,,1,102,,27436,6649,,,1
2300,'F2',656,,27445,6649,,,1,100,,27446,6649,,,1,100,,27437,6649,,,1,101,,27438,6649,,,1,99,,27441,6649,,,1,103,,27442,6649,,,1,97,,27447,6649,,,1,100,,27448,6649,,,1,100,,27444,6649,,,1,100,,27443,6649,,,1,100,,27439,6649,,,1,102,,27440,6649,,,1
2300,'F7',958,,27451,6649,,,1,100,,27449,6649,,,1,100,,27452,6649,,,1,100,,27453,6649,,,1,100,,27450,6649,,,1
2300,'F8',656,,27462,6649,,,1,100,,27463,6649,,,1,100,,27454,6649,,,1,101,,27455,6649,,,1,99,,27458,6649,,,1,103,,27459,6649,,,1,97,,27464,6649,,,1,100,,27465,6649,,,1,100,,27461,6649,,,1,100,,27460,6649,,,1,100,,27456,6649,,,1,102,,27457,6649,,,1
2300,'SA',656,,27474,6649,,,1,100,,27475,6649,,,1,100,,27466,6649,,,1,101,,27467,6649,,,1,99,,27470,6649,,,1,103,,27471,6649,,,1,97,,27476,6649,,,1,100,,27477,6649,,,1,100,,27473,6649,,,1,100,,27472,6649,,,1,100,,27468,6649,,,1,102,,27469,6649,,,1
2300,'SE',958,,27480,6649,,,1,100,,27478,6649,,,1,100,,27481,6649,,,1,100,,27482,6649,,,1,100,,27479,6649,,,1
12300,'DI',626,,37610,6649,0,42 43,1,100,,37620,6649,0,42 43,1,100,,37611,6649,0,42 43,1,100,,37621,6649,0,42 43,1,100,,37612,6649,0,42 43,1,100,,37622,6649,0,42 43,1,105,,37613,6649,0,42 43,1,95,,37623,6649,0,42 43,1,100,,37614,6649,0,42 43,1,100,,37624,6649,0,42 43,1,100,,37615,6649,0,42 43,1,100,,37625,6649,0,42 43,1,100,,37616,6649,0,42 43,1,100,,37626,6649,0,42 43,1,100,,37617,6649,0,42 43,1,100,,37627,6649,0,42 43,1,100,,37618,6649,0,42 43,1,100,,37628,6649,0,42 43,1,100,,37619,6649,0,42 43,1
12300,'F1',626,,37637,6649,0,42 43,1,100,,37641,6649,0,42 43,1,100,,37631,6649,0,42 43,1,105,,37642,6649,0,42 43,1,99,,37632,6649,0,42 43,1,100,,37629,6649,0,42 43,1,100,,37633,6649,0,42 43,1,96,,37630,6649,0,42 43,1,100,,37634,6649,0,42 43,1,100,,37635,6649,0,42 43,1,104,,37643,6649,0,42 43,1,101,,37636,6649,0,42 43,1,99,,37644,6649,0,42 43,1,96,,37638,6649,0,42 43,1,100,,37645,6649,0,42 43,1,100,,37639,6649,0,42 43,1,100,,37646,6649,0,42 43,1,100,,37640,6649,0,42 43,1,100,,37647,6649,0,42 43,1
12300,'F2',626,,37649,6649,0,42 43,1,100,,37648,6649,0,42 43,1,100,,37650,6649,0,42 43,1,105,,37659,6649,0,42 43,1,99,,37651,6649,0,42 43,1,100,,37660,6649,0,42 43,1,100,,37652,6649,0,42 43,1,96,,37661,6649,0,42 43,1,100,,37653,6649,0,42 43,1,100,,37662,6649,0,42 43,1,104,,37654,6649,0,42 43,1,101,,37663,6649,0,42 43,1,99,,37655,6649,0,42 43,1,96,,37664,6649,0,42 43,1,100,,37656,6649,0,42 43,1,100,,37665,6649,0,42 43,1,100,,37657,6649,0,42 43,1,100,,37666,6649,0,42 43,1,100,,37658,6649,0,42 43,1
12300,'F7',519,,37686,6649,0,42 43,1,33,,37667,6649,0,42 43,1,55,,37674,6649,0,42 43,1,10,,37668,6649,0,42 43,1,10,,37688,6649,0,42 43,1,10,,37679,6649,0,42 43,1,12,,37689,6649,0,42 43,1,8,,37669,6649,0,42 43,1,52,,37693,6649,0,42 43,1,10,,37670,6649,0,42 43,1,21,,37694,6649,0,42 43,1,17,,37690,6649,0,42 43,1,69,,37696,6649,0,42 43,1,28,,37695,6649,0,42 43,1,69,,37676,6649,0,42 43,1,102,,37671,6649,0,42 43,1,100,,37681,6649,0,42 43,1,99,,37691,6649,0,42 43,1,102,,37683,6649,0,42 43,1,5,,37680,6649,0,42 43,1,93,,37687,6649,0,42 43,1,30,,37697,6649,0,42 43,1,72,,37684,6649,0,42 43,1,26,,37682,6649,0,42 43,1,71,,37699,6649,0,42 43,1,31,,37701,6649,0,42 43,1,71,,37673,6649,0,42 43,1,29,,37685,6649,0,42 43,1,76,,37672,6649,0,42 43,1,28,,37698,6649,0,42 43,1,70,,37692,6649,0,42 43,1,29,,37675,6649,0,42 43,1,70,,37700,6649,0,42 43,1,100,,37677,6649,0,42 43,1,100,,37702,6649,0,42 43,1,97,,37678,6649,0,42 43,1,100,,37703,6649,0,42 43,1
12300,'F8',626,,37705,6649,0,42 43,1,100,,37704,6649,0,42 43,1,100,,37706,6649,0,42 43,1,105,,37715,6649,0,42 43,1,99,,37707,6649,0,42 43,1,100,,37716,6649,0,42 43,1,100,,37708,6649,0,42 43,1,96,,37717,6649,0,42 43,1,100,,37709,6649,0,42 43,1,100,,37718,6649,0,42 43,1,104,,37710,6649,0,42 43,1,101,,37719,6649,0,42 43,1,99,,37711,6649,0,42 43,1,96,,37720,6649,0,42 43,1,100,,37712,6649,0,42 43,1,100,,37721,6649,0,42 43,1,100,,37713,6649,0,42 43,1,100,,37722,6649,0,42 43,1,100,,37714,6649,0,42 43,1
12300,'F9',626,,37723,6649,0,42 43,1,100,,37733,6649,0,42 43,1,100,,37724,6649,0,42 43,1,100,,37734,6649,0,42 43,1,100,,37725,6649,0,42 43,1,100,,37735,6649,0,42 43,1,105,,37726,6649,0,42 43,1,95,,37736,6649,0,42 43,1,100,,37727,6649,0,42 43,1,100,,37737,6649,0,42 43,1,100,,37728,6649,0,42 43,1,100,,37738,6649,0,42 43,1,100,,37729,6649,0,42 43,1,100,,37739,6649,0,42 43,1,100,,37730,6649,0,42 43,1,100,,37740,6649,0,42 43,1,100,,37731,6649,0,42 43,1,100,,37741,6649,0,42 43,1,100,,37732,6649,0,42 43,1
12300,'SA',626,,37743,6649,0,42 43,1,100,,37742,6649,0,42 43,1,100,,37744,6649,0,42 43,1,105,,37753,6649,0,42 43,1,99,,37745,6649,0,42 43,1,100,,37754,6649,0,42 43,1,100,,37746,6649,0,42 43,1,96,,37755,6649,0,42 43,1,100,,37747,6649,0,42 43,1,100,,37756,6649,0,42 43,1,104,,37748,6649,0,42 43,1,101,,37757,6649,0,42 43,1,99,,37749,6649,0,42 43,1,96,,37758,6649,0,42 43,1,100,,37750,6649,0,42 43,1,100,,37759,6649,0,42 43,1,100,,37751,6649,0,42 43,1,100,,37760,6649,0,42 43,1,100,,37752,6649,0,42 43,1
12300,'SE',519,,37780,6649,0,42 43,1,33,,37761,6649,0,42 43,1,55,,37768,6649,0,42 43,1,10,,37762,6649,0,42 43,1,10,,37782,6649,0,42 43,1,10,,37773,6649,0,42 43,1,12,,37783,6649,0,42 43,1,8,,37763,6649,0,42 43,1,52,,37787,6649,0,42 43,1,10,,37764,6649,0,42 43,1,21,,37788,6649,0,42 43,1,17,,37784,6649,0,42 43,1,69,,37790,6649,0,42 43,1,28,,37789,6649,0,42 43,1,69,,37770,6649,0,42 43,1,102,,37765,6649,0,42 43,1,100,,37775,6649,0,42 43,1,99,,37785,6649,0,42 43,1,102,,37777,6649,0,42 43,1,5,,37774,6649,0,42 43,1,93,,37781,6649,0,42 43,1,30,,37791,6649,0,42 43,1,72,,37778,6649,0,42 43,1,26,,37776,6649,0,42 43,1,71,,37793,6649,0,42 43,1,31,,37795,6649,0,42 43,1,71,,37767,6649,0,42 43,1,29,,37779,6649,0,42 43,1,76,,37766,6649,0,42 43,1,28,,37792,6649,0,42 43,1,70,,37786,6649,0,42 43,1,29,,37769,6649,0,42 43,1,70,,37794,6649,0,42 43,1,100,,37771,6649,0,42 43,1,100,,37796,6649,0,42 43,1,97,,37772,6649,0,42 43,1,100,,37797,6649,0,42 43,1
