2001,'DI',550,,26482,7192,,,2,100,,26476,7192,,,2,100,,26479,7192,,,2,100,,26483,7192,,,2,100,,26474,7192,,,2,100,,26480,7192,,,2,97,,26484,7192,,,2,103,,26485,7192,,,2,100,,26481,7192,,,2,100,,26486,7192,,,2,100,,26477,7192,,,2,97,,26489,7192,,,2,103,,26490,7192,,,2,100,,26478,7192,,,2,100,,26487,7192,,,2,100,,26475,7192,,,2,100,,26491,7192,,,2,100,,26488,7192,,,2,100,,26492,7192,,,2
2001,'F1',551,,26503,7192,,,2,100,,26511,7192,,,2,100,,26507,7192,,,2,100,,26509,7192,,,2,100,,26508,7192,,,2,100,,5794,7192,,,2,100,,26510,7192,,,2,100,,5797,7192,,,2,100,,26498,7192,,,2,100,,26499,7192,,,2,100,,26496,7192,,,2,96,,26500,7192,,,2,104,,26501,7192,,,2,104,,26502,7192,,,2,96,,26494,7192,,,2,100,,26504,7192,,,2,100,,26505,7192,,,2,100,,26495,7192,,,2,100,,26497,7192,,,2,100,,26506,7192,,,2
2001,'F2',551,,26530,7192,,,2,100,,26532,7192,,,2,100,,26525,7192,,,2,100,,26522,7192,,,2,100,,26516,7192,,,2,100,,26518,7192,,,2,100,,26517,7192,,,2,100,,26526,7192,,,2,100,,26519,7192,,,2,100,,26520,7192,,,2,100,,26531,7192,,,2,96,,26527,7192,,,2,104,,26528,7192,,,2,104,,26529,7192,,,2,96,,26514,7192,,,2,100,,26523,7192,,,2,100,,26521,7192,,,2,100,,26513,7192,,,2,100,,26533,7192,,,2,100,,26524,7192,,,2
2001,'F7',537,,26566,7192,,,2,76,,26554,7192,,,2,20,,26588,7192,,,2,16,,26544,7192,,,2,9,,26567,7192,,,2,49,,26580,7192,,,2,9,,26570,7192,,,2,9,,26557,7192,,,2,4,,26555,7192,,,2,14,,26556,7192,,,2,10,,26552,7192,,,2,48,,26574,7192,,,2,10,,26536,7192,,,2,10,,26543,7192,,,2,6,,26537,7192,,,2,14,,26558,7192,,,2,71,,26553,7192,,,2,31,,26583,7192,,,2,70,,26535,7192,,,2,31,,26577,7192,,,2,70,,26545,7192,,,2,30,,26581,7192,,,2,70,,26540,7192,,,2,30,,26573,7192,,,2,70,,26546,7192,,,2,30,,26584,7192,,,2,70,,26541,7192,,,2,30,,26572,7192,,,2,70,,26547,7192,,,2,31,,26559,7192,,,2,61,,26561,7192,,,2,17,,26549,7192,,,2,15,,26539,7192,,,2,15,,26550,7192,,,2,55,,26575,7192,,,2,16,,26562,7192,,,2,11,,26582,7192,,,2,13,,26563,7192,,,2,9,,26565,7192,,,2,52,,26560,7192,,,2,13,,26576,7192,,,2,11,,26548,7192,,,2,14,,26586,7192,,,2,53,,26564,7192,,,2,15,,26579,7192,,,2,28,,26534,7192,,,2,70,,26578,7192,,,2,30,,26587,7192,,,2,70,,26551,7192,,,2,30,,26585,7192,,,2,70,,26568,7192,,,2,100,,26542,7192,,,2,100,,26569,7192,,,2,100,,26538,7192,,,2
2001,'F8',551,,26606,7192,,,2,100,,26608,7192,,,2,100,,26601,7192,,,2,100,,26598,7192,,,2,100,,26592,7192,,,2,100,,26594,7192,,,2,100,,26593,7192,,,2,100,,26602,7192,,,2,100,,26595,7192,,,2,100,,26596,7192,,,2,100,,26607,7192,,,2,96,,26603,7192,,,2,104,,26604,7192,,,2,104,,26605,7192,,,2,96,,26590,7192,,,2,100,,26599,7192,,,2,100,,26597,7192,,,2,100,,26589,7192,,,2,100,,26609,7192,,,2,100,,26600,7192,,,2
2001,'F9',550,,26618,7192,,,2,100,,26612,7192,,,2,100,,26615,7192,,,2,100,,26619,7192,,,2,100,,26610,7192,,,2,100,,26616,7192,,,2,97,,26620,7192,,,2,103,,26621,7192,,,2,100,,26617,7192,,,2,100,,26622,7192,,,2,100,,26613,7192,,,2,97,,26625,7192,,,2,103,,26626,7192,,,2,100,,26614,7192,,,2,100,,26623,7192,,,2,100,,26611,7192,,,2,100,,26627,7192,,,2,100,,26624,7192,,,2,100,,26628,7192,,,2
2001,'SA',551,,26646,7192,,,2,100,,26648,7192,,,2,100,,5908,7192,,,2,100,,26639,7192,,,2,100,,26633,7192,,,2,100,,26635,7192,,,2,100,,26634,7192,,,2,100,,26642,7192,,,2,100,,26636,7192,,,2,100,,26637,7192,,,2,100,,26647,7192,,,2,96,,26643,7192,,,2,104,,26644,7192,,,2,104,,26645,7192,,,2,96,,26631,7192,,,2,100,,26640,7192,,,2,100,,26638,7192,,,2,100,,26630,7192,,,2,100,,26649,7192,,,2,100,,26641,7192,,,2
2001,'SE',537,,26682,7192,,,2,76,,26670,7192,,,2,20,,26704,7192,,,2,16,,26660,7192,,,2,9,,26683,7192,,,2,49,,26696,7192,,,2,9,,26686,7192,,,2,9,,26673,7192,,,2,4,,26671,7192,,,2,14,,26672,7192,,,2,10,,26668,7192,,,2,48,,26690,7192,,,2,10,,26652,7192,,,2,10,,26659,7192,,,2,6,,26653,7192,,,2,14,,26674,7192,,,2,71,,26669,7192,,,2,31,,26699,7192,,,2,70,,26651,7192,,,2,31,,26693,7192,,,2,70,,26661,7192,,,2,30,,26697,7192,,,2,70,,26656,7192,,,2,30,,26689,7192,,,2,70,,26662,7192,,,2,30,,26700,7192,,,2,70,,26657,7192,,,2,30,,26688,7192,,,2,70,,26663,7192,,,2,31,,26675,7192,,,2,61,,26677,7192,,,2,17,,26665,7192,,,2,15,,26655,7192,,,2,15,,26666,7192,,,2,55,,26691,7192,,,2,16,,26678,7192,,,2,11,,26698,7192,,,2,13,,26679,7192,,,2,9,,26681,7192,,,2,52,,26676,7192,,,2,13,,26692,7192,,,2,11,,26664,7192,,,2,14,,26702,7192,,,2,53,,26680,7192,,,2,15,,26695,7192,,,2,28,,26650,7192,,,2,70,,26694,7192,,,2,30,,26703,7192,,,2,70,,26667,7192,,,2,30,,26701,7192,,,2,70,,26684,7192,,,2,100,,26658,7192,,,2,100,,26685,7192,,,2,100,,26654,7192,,,2
12300,'DI',649,,37610,19071,0,42 43,1,100,,37620,19071,0,42 43,1,100,,37611,19071,0,42 43,1,100,,37621,19071,0,42 43,1,100,,37612,19071,0,42 43,1,100,,37622,19071,0,42 43,1,105,,37613,19071,0,42 43,1,95,,37623,19071,0,42 43,1,100,,37614,19071,0,42 43,1,100,,37624,19071,0,42 43,1,100,,37615,19071,0,42 43,1,100,,37625,19071,0,42 43,1,100,,37616,19071,0,42 43,1,100,,37626,19071,0,42 43,1,100,,37617,19071,0,42 43,1,100,,37627,19071,0,42 43,1,100,,37618,19071,0,42 43,1,100,,37628,19071,0,42 43,1,100,,37619,19071,0,42 43,1
12300,'F1',649,,37637,19071,0,42 43,1,100,,37641,19071,0,42 43,1,100,,37631,19071,0,42 43,1,105,,37642,19071,0,42 43,1,99,,37632,19071,0,42 43,1,100,,37629,19071,0,42 43,1,100,,37633,19071,0,42 43,1,96,,37630,19071,0,42 43,1,100,,37634,19071,0,42 43,1,100,,37635,19071,0,42 43,1,104,,37643,19071,0,42 43,1,101,,37636,19071,0,42 43,1,99,,37644,19071,0,42 43,1,96,,37638,19071,0,42 43,1,100,,37645,19071,0,42 43,1,100,,37639,19071,0,42 43,1,100,,37646,19071,0,42 43,1,100,,37640,19071,0,42 43,1,100,,37647,19071,0,42 43,1
12300,'F2',649,,37649,19071,0,42 43,1,100,,37648,19071,0,42 43,1,100,,37650,19071,0,42 43,1,105,,37659,19071,0,42 43,1,99,,37651,19071,0,42 43,1,100,,37660,19071,0,42 43,1,100,,37652,19071,0,42 43,1,96,,37661,19071,0,42 43,1,100,,37653,19071,0,42 43,1,100,,37662,19071,0,42 43,1,104,,37654,19071,0,42 43,1,101,,37663,19071,0,42 43,1,99,,37655,19071,0,42 43,1,96,,37664,19071,0,42 43,1,100,,37656,19071,0,42 43,1,100,,37665,19071,0,42 43,1,100,,37657,19071,0,42 43,1,100,,37666,19071,0,42 43,1,100,,37658,19071,0,42 43,1
12300,'F7',546,,37686,19071,0,42 43,1,73,,37667,19071,0,42 43,1,15,,37674,19071,0,42 43,1,10,,37668,19071,0,42 43,1,10,,37688,19071,0,42 43,1,50,,37679,19071,0,42 43,1,14,,37689,19071,0,42 43,1,8,,37669,19071,0,42 43,1,12,,37693,19071,0,42 43,1,10,,37670,19071,0,42 43,1,61,,37694,19071,0,42 43,1,17,,37690,19071,0,42 43,1,30,,37696,19071,0,42 43,1,65,,37695,19071,0,42 43,1,29,,37676,19071,0,42 43,1,102,,37671,19071,0,42 43,1,100,,37681,19071,0,42 43,1,99,,37691,19071,0,42 43,1,105,,37683,19071,0,42 43,1,45,,37680,19071,0,42 43,1,53,,37687,19071,0,42 43,1,70,,37697,19071,0,42 43,1,32,,37684,19071,0,42 43,1,66,,37682,19071,0,42 43,1,28,,37699,19071,0,42 43,1,71,,37701,19071,0,42 43,1,31,,37673,19071,0,42 43,1,67,,37685,19071,0,42 43,1,35,,37672,19071,0,42 43,1,68,,37698,19071,0,42 43,1,30,,37692,19071,0,42 43,1,68,,37675,19071,0,42 43,1,30,,37700,19071,0,42 43,1,100,,37677,19071,0,42 43,1,100,,37702,19071,0,42 43,1,96,,37678,19071,0,42 43,1,100,,37703,19071,0,42 43,1
12300,'F8',649,,37705,19071,0,42 43,1,100,,37704,19071,0,42 43,1,100,,37706,19071,0,42 43,1,105,,37715,19071,0,42 43,1,99,,37707,19071,0,42 43,1,100,,37716,19071,0,42 43,1,100,,37708,19071,0,42 43,1,96,,37717,19071,0,42 43,1,100,,37709,19071,0,42 43,1,100,,37718,19071,0,42 43,1,104,,37710,19071,0,42 43,1,101,,37719,19071,0,42 43,1,99,,37711,19071,0,42 43,1,96,,37720,19071,0,42 43,1,100,,37712,19071,0,42 43,1,100,,37721,19071,0,42 43,1,100,,37713,19071,0,42 43,1,100,,37722,19071,0,42 43,1,100,,37714,19071,0,42 43,1
12300,'F9',649,,37723,19071,0,42 43,1,100,,37733,19071,0,42 43,1,100,,37724,19071,0,42 43,1,100,,37734,19071,0,42 43,1,100,,37725,19071,0,42 43,1,100,,37735,19071,0,42 43,1,105,,37726,19071,0,42 43,1,95,,37736,19071,0,42 43,1,100,,37727,19071,0,42 43,1,100,,37737,19071,0,42 43,1,100,,37728,19071,0,42 43,1,100,,37738,19071,0,42 43,1,100,,37729,19071,0,42 43,1,100,,37739,19071,0,42 43,1,100,,37730,19071,0,42 43,1,100,,37740,19071,0,42 43,1,100,,37731,19071,0,42 43,1,100,,37741,19071,0,42 43,1,100,,37732,19071,0,42 43,1
12300,'SA',649,,37743,19071,0,42 43,1,100,,37742,19071,0,42 43,1,100,,37744,19071,0,42 43,1,105,,37753,19071,0,42 43,1,99,,37745,19071,0,42 43,1,100,,37754,19071,0,42 43,1,100,,37746,19071,0,42 43,1,96,,37755,19071,0,42 43,1,100,,37747,19071,0,42 43,1,100,,37756,19071,0,42 43,1,104,,37748,19071,0,42 43,1,101,,37757,19071,0,42 43,1,99,,37749,19071,0,42 43,1,96,,37758,19071,0,42 43,1,100,,37750,19071,0,42 43,1,100,,37759,19071,0,42 43,1,100,,37751,19071,0,42 43,1,100,,37760,19071,0,42 43,1,100,,37752,19071,0,42 43,1
12300,'SE',546,,37780,19071,0,42 43,1,73,,37761,19071,0,42 43,1,15,,37768,19071,0,42 43,1,10,,37762,19071,0,42 43,1,10,,37782,19071,0,42 43,1,50,,37773,19071,0,42 43,1,14,,37783,19071,0,42 43,1,8,,37763,19071,0,42 43,1,12,,37787,19071,0,42 43,1,10,,37764,19071,0,42 43,1,61,,37788,19071,0,42 43,1,17,,37784,19071,0,42 43,1,30,,37790,19071,0,42 43,1,65,,37789,19071,0,42 43,1,29,,37770,19071,0,42 43,1,102,,37765,19071,0,42 43,1,100,,37775,19071,0,42 43,1,99,,37785,19071,0,42 43,1,105,,37777,19071,0,42 43,1,45,,37774,19071,0,42 43,1,53,,37781,19071,0,42 43,1,70,,37791,19071,0,42 43,1,32,,37778,19071,0,42 43,1,66,,37776,19071,0,42 43,1,28,,37793,19071,0,42 43,1,71,,37795,19071,0,42 43,1,31,,37767,19071,0,42 43,1,67,,37779,19071,0,42 43,1,35,,37766,19071,0,42 43,1,68,,37792,19071,0,42 43,1,30,,37786,19071,0,42 43,1,68,,37769,19071,0,42 43,1,30,,37794,19071,0,42 43,1,100,,37771,19071,0,42 43,1,100,,37796,19071,0,42 43,1,96,,37772,19071,0,42 43,1,100,,37797,19071,0,42 43,1
57000,'F7',1626,,40725,14630,,,2
57000,'SE',1626,,40726,14630,,,2
