1501,'DI',652,,4069,3401,,,1,100,,4063,3401,,,1,100,,4059,3401,,,1,100,,4057,3401,,,1,101,,4068,3401,,,1,100,,4070,3401,,,1,100,,4072,3401,,,1,100,,4060,3401,,,1,100,,4064,3401,,,1,100,,4071,3401,,,1,100,,4066,3401,,,1,100,,4073,3401,,,1,100,,4061,3401,,,1,98,,4058,3401,,,1,100,,4065,3401,,,1,100,,4062,3401,,,1,100,,4074,3401,,,1,100,,4067,3401,,,1,100,,4075,3401,,,1
1501,'F1',652,,4085,3401,,,1,100,,4082,3401,,,1,100,,4089,3401,,,1,100,,4079,3401,,,1,100,,4086,3401,,,1,100,,4084,3401,,,1,100,,4090,3401,,,1,101,,4080,3401,,,1,100,,4083,3401,,,1,102,,4076,3401,,,1,98,,4087,3401,,,1,100,,4092,3401,,,1,100,,4081,3401,,,1,99,,4088,3401,,,1,100,,4091,3401,,,1,100,,4093,3401,,,1,100,,4077,3401,,,1,100,,4094,3401,,,1,100,,4078,3401,,,1
1501,'F7',652,,4107,3401,,,1,100,,4101,3401,,,1,100,,4097,3401,,,1,100,,4095,3401,,,1,101,,4106,3401,,,1,100,,4108,3401,,,1,100,,4110,3401,,,1,100,,4098,3401,,,1,100,,4102,3401,,,1,100,,4109,3401,,,1,100,,4104,3401,,,1,100,,4111,3401,,,1,100,,4099,3401,,,1,98,,4096,3401,,,1,100,,4103,3401,,,1,100,,4100,3401,,,1,100,,4112,3401,,,1,100,,4105,3401,,,1,100,,4113,3401,,,1
1501,'F8',516,,4126,3401,,,1,86,,4128,3401,,,1,30,,4117,3401,,,1,72,,4123,3401,,,1,20,,4124,3401,,,1,20,,4148,3401,,,1,60,,4118,3401,,,1,30,,4114,3401,,,1,70,,4149,3401,,,1,31,,4137,3401,,,1,69,,4134,3401,,,1,30,,4119,3401,,,1,70,,4135,3401,,,1,30,,4140,3401,,,1,70,,4116,3401,,,1,30,,4136,3401,,,1,70,,4141,3401,,,1,30,,4150,3401,,,1,70,,4151,3401,,,1,30,,4138,3401,,,1,71,,4152,3401,,,1,31,,4121,3401,,,1,23,,4120,3401,,,1,79,,4143,3401,,,1,67,,4127,3401,,,1,30,,4132,3401,,,1,71,,4122,3401,,,1,27,,4139,3401,,,1,70,,4130,3401,,,1,30,,4145,3401,,,1,69,,4146,3401,,,1,30,,4129,3401,,,1,70,,4125,3401,,,1,30,,4147,3401,,,1,70,,4144,3401,,,1,30,,4115,3401,,,1,100,,4133,3401,,,1,100,,4131,3401,,,1,99,,4142,3401,,,1
1501,'F9',652,,4162,3401,,,1,100,,4159,3401,,,1,100,,4166,3401,,,1,100,,4156,3401,,,1,100,,4163,3401,,,1,100,,4161,3401,,,1,100,,4167,3401,,,1,101,,4157,3401,,,1,100,,4160,3401,,,1,102,,4153,3401,,,1,98,,4164,3401,,,1,100,,4169,3401,,,1,100,,4158,3401,,,1,99,,4165,3401,,,1,100,,4168,3401,,,1,100,,4170,3401,,,1,100,,4154,3401,,,1,100,,4171,3401,,,1,100,,4155,3401,,,1
1501,'SA',652,,4181,3401,,,1,100,,4178,3401,,,1,100,,4185,3401,,,1,100,,4175,3401,,,1,100,,4182,3401,,,1,100,,4180,3401,,,1,100,,4186,3401,,,1,101,,4176,3401,,,1,100,,4179,3401,,,1,102,,4172,3401,,,1,98,,4183,3401,,,1,100,,4188,3401,,,1,100,,4177,3401,,,1,99,,4184,3401,,,1,100,,4187,3401,,,1,100,,4189,3401,,,1,100,,4173,3401,,,1,100,,4190,3401,,,1,100,,4174,3401,,,1
1501,'SE',516,,4203,3401,,,1,86,,4205,3401,,,1,30,,4194,3401,,,1,72,,4200,3401,,,1,20,,4201,3401,,,1,20,,4225,3401,,,1,60,,4195,3401,,,1,30,,4191,3401,,,1,70,,4226,3401,,,1,31,,4214,3401,,,1,69,,4211,3401,,,1,30,,4196,3401,,,1,70,,4212,3401,,,1,30,,4217,3401,,,1,70,,4193,3401,,,1,30,,4213,3401,,,1,70,,4218,3401,,,1,30,,4227,3401,,,1,70,,4228,3401,,,1,30,,4215,3401,,,1,71,,4229,3401,,,1,31,,4198,3401,,,1,23,,4197,3401,,,1,79,,4220,3401,,,1,67,,4204,3401,,,1,30,,4209,3401,,,1,71,,4199,3401,,,1,27,,4216,3401,,,1,70,,4207,3401,,,1,30,,4222,3401,,,1,69,,4223,3401,,,1,30,,4206,3401,,,1,70,,4202,3401,,,1,30,,4224,3401,,,1,70,,4221,3401,,,1,30,,4192,3401,,,1,100,,4210,3401,,,1,100,,4208,3401,,,1,99,,4219,3401,,,1
53000,'F8',1625,,18758,3408,,,2
53000,'SE',1625,,18759,3408,,,2
65000,'F8',1633,,18920,7972,,,2
65000,'SE',1633,,18921,7972,,,2
