6101,'DI',700,,32655,343,,,2,30,,32652,343,,,2,72,,32658,343,,,2,17,,32656,343,,,2,30,,32653,343,,,2,70,,32659,343,,,2,30,,32657,343,,,2,70,,32654,343,,,2,30,,32660,343,,,2,70,,32661,343,,,2,30,,32665,343,,,2,70,,32669,343,,,2,30,,32662,343,,,2,70,,32666,343,,,2,30,,32670,343,,,2,70,,32663,343,,,2,30,,32667,343,,,2,70,,32671,343,,,2,30,,32664,343,,,2,74,,32668,343,,,2,21,,32672,343,,,2,75,,32674,343,,,2,20,,32677,343,,,2,80,,32673,343,,,2,25,,32675,343,,,2,70,,32678,343,,,2,45,,32676,343,,,2,100,,32679,343,,,2,100,,32680,343,,,2,100,,32681,343,,,2,100,,32682,343,,,2,100,,32683,343,,,2
6101,'F1',700,,32687,343,,,2,30,,32684,343,,,2,72,,32690,343,,,2,17,,32688,343,,,2,30,,32685,343,,,2,70,,32691,343,,,2,30,,32689,343,,,2,70,,32686,343,,,2,30,,32692,343,,,2,70,,32693,343,,,2,30,,32697,343,,,2,70,,32699,343,,,2,30,,32694,343,,,2,70,,32698,343,,,2,30,,32700,343,,,2,70,,32695,343,,,2,30,,32701,343,,,2,70,,32705,343,,,2,30,,32696,343,,,2,74,,32702,343,,,2,21,,32706,343,,,2,75,,32708,343,,,2,20,,32703,343,,,2,80,,32707,343,,,2,25,,32709,343,,,2,70,,32704,343,,,2,45,,32710,343,,,2,100,,32712,343,,,2,100,,32711,343,,,2,100,,32714,343,,,2,100,,32713,343,,,2,100,,32715,343,,,2
6101,'F2',700,,32719,343,,,2,30,,32716,343,,,2,72,,32722,343,,,2,17,,32720,343,,,2,30,,32717,343,,,2,70,,32723,343,,,2,30,,32721,343,,,2,70,,32718,343,,,2,30,,32724,343,,,2,70,,32725,343,,,2,30,,32729,343,,,2,70,,32731,343,,,2,30,,32726,343,,,2,70,,32730,343,,,2,30,,32732,343,,,2,70,,32727,343,,,2,30,,32733,343,,,2,70,,32737,343,,,2,30,,32728,343,,,2,74,,32734,343,,,2,21,,32738,343,,,2,75,,32740,343,,,2,20,,32735,343,,,2,80,,32739,343,,,2,25,,32741,343,,,2,70,,32736,343,,,2,45,,32742,343,,,2,100,,32744,343,,,2,100,,32743,343,,,2,100,,32746,343,,,2,100,,32745,343,,,2,100,,32747,343,,,2
6101,'F7',538,,32797,343,,,2,70,,32799,343,,,2,10,,32752,343,,,2,14,,32755,343,,,2,9,,32749,343,,,2,14,,32758,343,,,2,54,,32748,343,,,2,7,,32762,343,,,2,20,,32756,343,,,2,9,,32761,343,,,2,59,,32753,343,,,2,24,,32750,343,,,2,22,,32759,343,,,2,55,,32763,343,,,2,36,,32754,343,,,2,70,,32751,343,,,2,30,,32760,343,,,2,72,,32798,343,,,2,30,,32757,343,,,2,70,,32764,343,,,2,30,,32768,343,,,2,70,,32765,343,,,2,30,,32766,343,,,2,73,,32770,343,,,2,21,,32772,343,,,2,67,,32775,343,,,2,23,,32767,343,,,2,20,,32769,343,,,2,64,,32777,343,,,2,4,,32779,343,,,2,25,,32773,343,,,2,7,,32774,343,,,2,54,,32780,343,,,2,13,,32781,343,,,2,14,,32771,343,,,2,15,,32784,343,,,2,6,,32787,343,,,2,56,,32778,343,,,2,14,,32776,343,,,2,24,,32789,343,,,2,64,,32782,343,,,2,28,,32792,343,,,2,69,,32795,343,,,2,30,,32785,343,,,2,69,,32788,343,,,2,30,,32796,343,,,2,70,,32783,343,,,2,29,,32793,343,,,2,70,,32790,343,,,2,29,,32786,343,,,2,28,,32794,343,,,2,70,,32791,343,,,2
6101,'F8',700,,32803,343,,,2,30,,32800,343,,,2,72,,32806,343,,,2,17,,32804,343,,,2,30,,32801,343,,,2,70,,32807,343,,,2,30,,32805,343,,,2,70,,32802,343,,,2,30,,32808,343,,,2,70,,32809,343,,,2,30,,32813,343,,,2,70,,32815,343,,,2,30,,32810,343,,,2,70,,32814,343,,,2,30,,32816,343,,,2,70,,32811,343,,,2,30,,32817,343,,,2,70,,32821,343,,,2,30,,32812,343,,,2,74,,32818,343,,,2,21,,32822,343,,,2,75,,32824,343,,,2,20,,32819,343,,,2,80,,32823,343,,,2,25,,32825,343,,,2,70,,32820,343,,,2,45,,32826,343,,,2,100,,32828,343,,,2,100,,32827,343,,,2,100,,32830,343,,,2,100,,32829,343,,,2,100,,32831,343,,,2
6101,'F9',700,,32835,343,,,2,30,,32832,343,,,2,72,,32838,343,,,2,17,,32836,343,,,2,30,,32833,343,,,2,70,,32839,343,,,2,30,,32837,343,,,2,70,,32834,343,,,2,30,,32840,343,,,2,70,,32841,343,,,2,30,,32845,343,,,2,70,,32849,343,,,2,30,,32842,343,,,2,70,,32846,343,,,2,30,,32850,343,,,2,70,,32843,343,,,2,30,,32847,343,,,2,70,,32851,343,,,2,30,,32844,343,,,2,74,,32848,343,,,2,21,,32852,343,,,2,75,,32854,343,,,2,20,,32857,343,,,2,80,,32853,343,,,2,25,,32855,343,,,2,70,,32858,343,,,2,45,,32856,343,,,2,100,,32859,343,,,2,100,,32860,343,,,2,100,,32861,343,,,2,100,,32862,343,,,2,100,,32863,343,,,2
6101,'SA',700,,32867,343,,,2,30,,32864,343,,,2,72,,32870,343,,,2,17,,32868,343,,,2,30,,32865,343,,,2,70,,32871,343,,,2,30,,32869,343,,,2,70,,32866,343,,,2,30,,32872,343,,,2,70,,32873,343,,,2,30,,32877,343,,,2,70,,32879,343,,,2,30,,32874,343,,,2,70,,32878,343,,,2,30,,32880,343,,,2,70,,32875,343,,,2,30,,32881,343,,,2,70,,32885,343,,,2,30,,32876,343,,,2,74,,32882,343,,,2,21,,32886,343,,,2,75,,32888,343,,,2,20,,32883,343,,,2,80,,32887,343,,,2,25,,32889,343,,,2,70,,32884,343,,,2,45,,32890,343,,,2,100,,32892,343,,,2,100,,32891,343,,,2,100,,32894,343,,,2,100,,32893,343,,,2,100,,32895,343,,,2
6101,'SE',538,,32945,343,,,2,70,,32947,343,,,2,10,,32900,343,,,2,14,,32903,343,,,2,9,,32897,343,,,2,14,,32906,343,,,2,54,,32896,343,,,2,7,,32910,343,,,2,20,,32904,343,,,2,9,,32909,343,,,2,59,,32901,343,,,2,24,,32898,343,,,2,22,,32907,343,,,2,55,,32911,343,,,2,36,,32902,343,,,2,70,,32899,343,,,2,30,,32908,343,,,2,72,,32946,343,,,2,30,,32905,343,,,2,70,,32912,343,,,2,30,,32916,343,,,2,70,,32913,343,,,2,30,,32914,343,,,2,73,,32918,343,,,2,21,,32920,343,,,2,67,,32923,343,,,2,23,,32915,343,,,2,20,,32917,343,,,2,64,,32925,343,,,2,4,,32927,343,,,2,25,,32921,343,,,2,7,,32922,343,,,2,54,,32928,343,,,2,13,,32929,343,,,2,14,,32919,343,,,2,15,,32932,343,,,2,6,,32935,343,,,2,56,,32926,343,,,2,14,,32924,343,,,2,24,,32937,343,,,2,64,,32930,343,,,2,28,,32940,343,,,2,69,,32943,343,,,2,30,,32933,343,,,2,69,,32936,343,,,2,30,,32944,343,,,2,70,,32931,343,,,2,29,,32941,343,,,2,70,,32938,343,,,2,29,,32934,343,,,2,28,,32942,343,,,2,70,,32939,343,,,2
8200,'F7',1546,,36074,12167,0,28 30,2,70,,36077,12167,0,28 30,2,27,,36075,12167,0,28 30,2,64,,36071,12167,0,28 30,2,24,,36073,12167,0,28 30,2,70,,36072,12167,0,28 30,2,30,,36078,12167,0,28 30,2,25,,36076,12167,0,28 30,2
8200,'SE',1546,,36089,12167,0,28 30,2,70,,36092,12167,0,28 30,2,27,,36090,12167,0,28 30,2,64,,36086,12167,0,28 30,2,24,,36088,12167,0,28 30,2,70,,36087,12167,0,28 30,2,30,,14484,12167,0,28 30,2,25,,36091,12167,0,28 30,2
8201,'F7',636,,36098,947,,,2,70,,36093,947,,,2,30,,36095,947,,,2,67,,36094,947,,,2,26,,36096,947,,,2,30,,36099,947,,,2,60,,36097,947,,,2
8201,'SE',636,,36113,947,,,2,70,,36108,947,,,2,30,,36110,947,,,2,67,,36109,947,,,2,26,,36111,947,,,2,30,,36114,947,,,2,60,,36112,947,,,2
8601,'F7',636,,36632,8965,,,2,85,,36633,8965,,,2,32,,36634,8965,,,2
8601,'SE',636,,36635,8965,,,2,85,,36636,8965,,,2,32,,36637,8965,,,2
28401,'F7',905,,39118,4610,,,2,100,,39119,4610,,,2,100,,39120,4610,,,2,100,,39121,4610,,,2,100,,39122,4610,,,2,100,,39123,4610,,,2,100,,39124,4610,,,2
28401,'SE',905,,39125,4610,,,2,100,,39126,4610,,,2,100,,39127,4610,,,2,100,,39128,4610,,,2,100,,39129,4610,,,2,100,,39130,4610,,,2,100,,39131,4610,,,2
