12001,'F8',606,,15874,2945,,,2,31,,15872,2945,,,2,66,,15876,2945,,,2,37,,15873,2945,,,2,69,,15878,2945,,,2,33,,15877,2945,,,2,795,,15870,2945,,,2,71,,15871,2945,,,2,36,,15880,2945,,,2,62,,15875,2945,,,2,28,,15879,2945,,,2
12001,'SE',606,,15885,2945,,,2,31,,15883,2945,,,2,66,,15887,2945,,,2,37,,15884,2945,,,2,69,,15889,2945,,,2,33,,15888,2945,,,2,795,,15881,2945,,,2,71,,15882,2945,,,2,36,,15891,2945,,,2,62,,15886,2945,,,2,28,,15890,2945,,,2
12300,'DI',648,,15895,18233,0,46 47,2,100,,15901,18233,0,46 47,2,100,,15896,18233,0,46 47,2,100,,15902,18233,0,46 47,2,100,,15897,18233,0,46 47,2,100,,15903,18233,0,46 47,2,105,,15898,18233,0,46 47,2,95,,15904,18233,0,46 47,2,100,,15899,18233,0,46 47,2,100,,15905,18233,0,46 47,2,100,,15900,18233,0,46 47,2,100,,15906,18233,0,46 47,2,100,,15907,18233,0,46 47,2,100,,15892,18233,0,46 47,2,100,,15908,18233,0,46 47,2,100,,15893,18233,0,46 47,2,100,,15909,18233,0,46 47,2,100,,15894,18233,0,46 47,2,100,,15910,18233,0,46 47,2
12300,'F1',648,,15911,18233,0,46 47,2,100,,15924,18233,0,46 47,2,100,,15912,18233,0,46 47,2,105,,15925,18233,0,46 47,2,99,,15913,18233,0,46 47,2,100,,15926,18233,0,46 47,2,100,,15914,18233,0,46 47,2,96,,15927,18233,0,46 47,2,100,,15915,18233,0,46 47,2,100,,15928,18233,0,46 47,2,104,,15916,18233,0,46 47,2,101,,15929,18233,0,46 47,2,99,,15917,18233,0,46 47,2,96,,15921,18233,0,46 47,2,100,,15918,18233,0,46 47,2,100,,15922,18233,0,46 47,2,100,,15919,18233,0,46 47,2,100,,15923,18233,0,46 47,2,100,,15920,18233,0,46 47,2
12300,'F7',648,,15933,18233,0,46 47,2,100,,15939,18233,0,46 47,2,100,,15934,18233,0,46 47,2,100,,15940,18233,0,46 47,2,100,,15935,18233,0,46 47,2,100,,15941,18233,0,46 47,2,105,,15936,18233,0,46 47,2,95,,15942,18233,0,46 47,2,100,,15937,18233,0,46 47,2,100,,15943,18233,0,46 47,2,100,,15938,18233,0,46 47,2,100,,15944,18233,0,46 47,2,100,,15945,18233,0,46 47,2,100,,15930,18233,0,46 47,2,100,,15946,18233,0,46 47,2,100,,15931,18233,0,46 47,2,100,,15947,18233,0,46 47,2,100,,15932,18233,0,46 47,2,100,,15948,18233,0,46 47,2
12300,'F8',544,,15964,18233,0,46 47,2,73,,15951,18233,0,46 47,2,15,,15954,18233,0,46 47,2,10,,15968,18233,0,46 47,2,10,,15953,18233,0,46 47,2,50,,15956,18233,0,46 47,2,14,,15969,18233,0,46 47,2,8,,15952,18233,0,46 47,2,12,,15973,18233,0,46 47,2,10,,15970,18233,0,46 47,2,61,,15974,18233,0,46 47,2,17,,15976,18233,0,46 47,2,30,,15977,18233,0,46 47,2,65,,15975,18233,0,46 47,2,29,,15955,18233,0,46 47,2,102,,15965,18233,0,46 47,2,100,,15949,18233,0,46 47,2,99,,15979,18233,0,46 47,2,105,,15959,18233,0,46 47,2,5,,15984,18233,0,46 47,2,93,,15957,18233,0,46 47,2,70,,15978,18233,0,46 47,2,32,,15960,18233,0,46 47,2,66,,15983,18233,0,46 47,2,29,,15982,18233,0,46 47,2,71,,15981,18233,0,46 47,2,31,,15962,18233,0,46 47,2,67,,15950,18233,0,46 47,2,35,,15961,18233,0,46 47,2,68,,15963,18233,0,46 47,2,30,,15985,18233,0,46 47,2,68,,15958,18233,0,46 47,2,30,,15980,18233,0,46 47,2,100,,15971,18233,0,46 47,2,100,,15966,18233,0,46 47,2,96,,15972,18233,0,46 47,2,100,,15967,18233,0,46 47,2
12300,'F9',648,,15986,18233,0,46 47,2,100,,15999,18233,0,46 47,2,100,,15987,18233,0,46 47,2,105,,16000,18233,0,46 47,2,99,,15988,18233,0,46 47,2,100,,16001,18233,0,46 47,2,100,,15989,18233,0,46 47,2,96,,16002,18233,0,46 47,2,100,,15990,18233,0,46 47,2,100,,16003,18233,0,46 47,2,104,,15991,18233,0,46 47,2,101,,16004,18233,0,46 47,2,99,,15992,18233,0,46 47,2,96,,15996,18233,0,46 47,2,100,,15993,18233,0,46 47,2,100,,15997,18233,0,46 47,2,100,,15994,18233,0,46 47,2,100,,15998,18233,0,46 47,2,100,,15995,18233,0,46 47,2
12300,'SA',648,,16005,18233,0,46 47,2,100,,16018,18233,0,46 47,2,100,,16006,18233,0,46 47,2,105,,16019,18233,0,46 47,2,99,,16007,18233,0,46 47,2,100,,16020,18233,0,46 47,2,100,,16008,18233,0,46 47,2,96,,16021,18233,0,46 47,2,100,,16009,18233,0,46 47,2,100,,16022,18233,0,46 47,2,104,,16010,18233,0,46 47,2,101,,16023,18233,0,46 47,2,99,,16011,18233,0,46 47,2,96,,16015,18233,0,46 47,2,100,,16012,18233,0,46 47,2,100,,16016,18233,0,46 47,2,100,,16013,18233,0,46 47,2,100,,16017,18233,0,46 47,2,100,,16014,18233,0,46 47,2
12300,'SE',544,,16039,18233,0,46 47,2,73,,16026,18233,0,46 47,2,15,,16029,18233,0,46 47,2,10,,16043,18233,0,46 47,2,10,,16028,18233,0,46 47,2,50,,16031,18233,0,46 47,2,14,,16044,18233,0,46 47,2,8,,16027,18233,0,46 47,2,12,,16048,18233,0,46 47,2,10,,16045,18233,0,46 47,2,61,,16049,18233,0,46 47,2,17,,16051,18233,0,46 47,2,30,,16052,18233,0,46 47,2,65,,16050,18233,0,46 47,2,29,,16030,18233,0,46 47,2,102,,16040,18233,0,46 47,2,100,,16024,18233,0,46 47,2,99,,16054,18233,0,46 47,2,105,,16034,18233,0,46 47,2,5,,16059,18233,0,46 47,2,93,,16032,18233,0,46 47,2,70,,16053,18233,0,46 47,2,32,,16035,18233,0,46 47,2,66,,16058,18233,0,46 47,2,29,,16057,18233,0,46 47,2,71,,16056,18233,0,46 47,2,31,,16037,18233,0,46 47,2,67,,16025,18233,0,46 47,2,35,,16036,18233,0,46 47,2,68,,16038,18233,0,46 47,2,30,,16060,18233,0,46 47,2,68,,16033,18233,0,46 47,2,30,,16055,18233,0,46 47,2,100,,16046,18233,0,46 47,2,100,,16041,18233,0,46 47,2,96,,16047,18233,0,46 47,2,100,,16042,18233,0,46 47,2
67301,'F8',726,,18986,345,,,2
67301,'SE',726,,18987,345,,,2
