8000,'DI',639,,35390,15744,0,50,1,100,,35391,15744,0,50,1,100,,35392,15744,0,50,1,100,,35393,15744,0,50,1,100,,35394,15744,0,50,1,100,,35395,15744,0,50,1,100,,35396,15744,0,50,1,100,,35397,15744,0,50,1,100,,35398,15744,0,50,1,100,,35399,15744,0,50,1,100,,35400,15744,0,50,1,102,,35401,15744,0,50,1,100,,35402,15744,0,50,1,100,,35403,15744,0,50,1,100,,35404,15744,0,50,1,100,,35405,15744,0,50,1,100,,35406,15744,0,50,1,100,,35407,15744,0,50,1,100,,35408,15744,0,50,1
8000,'F1',640,,35415,15744,0,50,1,100,,35416,15744,0,50,1,100,,35417,15744,0,50,1,100,,35418,15744,0,50,1,100,,35419,15744,0,50,1,100,,13880,15744,0,50,1,100,,35420,15744,0,50,1,100,,35421,15744,0,50,1,100,,35422,15744,0,50,1,100,,35423,15744,0,50,1,100,,35424,15744,0,50,1,100,,35425,15744,0,50,1,100,,35426,15744,0,50,1,100,,35411,15744,0,50,1,100,,35412,15744,0,50,1,100,,35409,15744,0,50,1,100,,35413,15744,0,50,1,100,,35410,15744,0,50,1,100,,35414,15744,0,50,1
8000,'F2',640,,35427,15744,0,50,1,100,,35428,15744,0,50,1,100,,35429,15744,0,50,1,100,,35430,15744,0,50,1,100,,35431,15744,0,50,1,100,,35432,15744,0,50,1,100,,35433,15744,0,50,1,100,,35434,15744,0,50,1,100,,35435,15744,0,50,1,100,,35436,15744,0,50,1,100,,35437,15744,0,50,1,100,,35438,15744,0,50,1,100,,35439,15744,0,50,1,100,,35440,15744,0,50,1,100,,35441,15744,0,50,1,100,,35442,15744,0,50,1,100,,35443,15744,0,50,1,100,,35444,15744,0,50,1,100,,35445,15744,0,50,1
8000,'F7',600,,35451,15744,0,50,1,40,,35447,15744,0,50,1,69,,35450,15744,0,50,1,30,,35448,15744,0,50,1,70,,35446,15744,0,50,1,33,,35468,15744,0,50,1,97,,35452,15744,0,50,1,101,,35453,15744,0,50,1,100,,35454,15744,0,50,1,100,,35455,15744,0,50,1,100,,35456,15744,0,50,1,100,,35457,15744,0,50,1,101,,35458,15744,0,50,1,65,,35459,15744,0,50,1,35,,35469,15744,0,50,1,70,,35460,15744,0,50,1,24,,35449,15744,0,50,1,86,,35461,15744,0,50,1,99,,35462,15744,0,50,1,100,,35463,15744,0,50,1,99,,35464,15744,0,50,1,100,,35465,15744,0,50,1,100,,35466,15744,0,50,1,100,,35467,15744,0,50,1
8000,'F8',640,,35470,15744,0,50,1,100,,35471,15744,0,50,1,100,,35472,15744,0,50,1,100,,35473,15744,0,50,1,100,,35474,15744,0,50,1,100,,35475,15744,0,50,1,100,,35476,15744,0,50,1,100,,35477,15744,0,50,1,100,,35478,15744,0,50,1,100,,35479,15744,0,50,1,100,,35480,15744,0,50,1,100,,35481,15744,0,50,1,100,,35482,15744,0,50,1,100,,35483,15744,0,50,1,100,,35484,15744,0,50,1,100,,35485,15744,0,50,1,100,,35486,15744,0,50,1,100,,35487,15744,0,50,1,100,,35488,15744,0,50,1
8000,'F9',639,,35489,15744,0,50,1,100,,35490,15744,0,50,1,100,,35491,15744,0,50,1,100,,35492,15744,0,50,1,100,,35493,15744,0,50,1,100,,35494,15744,0,50,1,100,,35495,15744,0,50,1,100,,35496,15744,0,50,1,100,,35497,15744,0,50,1,100,,35498,15744,0,50,1,100,,35499,15744,0,50,1,102,,35500,15744,0,50,1,100,,35501,15744,0,50,1,100,,35502,15744,0,50,1,100,,35503,15744,0,50,1,100,,35504,15744,0,50,1,100,,35505,15744,0,50,1,100,,35506,15744,0,50,1,100,,35507,15744,0,50,1
8000,'SA',640,,35508,15744,0,50,1,100,,35509,15744,0,50,1,100,,35510,15744,0,50,1,100,,35511,15744,0,50,1,100,,35512,15744,0,50,1,100,,35513,15744,0,50,1,100,,35514,15744,0,50,1,100,,35515,15744,0,50,1,100,,35516,15744,0,50,1,100,,35517,15744,0,50,1,100,,35518,15744,0,50,1,100,,35519,15744,0,50,1,100,,35520,15744,0,50,1,100,,35521,15744,0,50,1,100,,35522,15744,0,50,1,100,,35523,15744,0,50,1,100,,35524,15744,0,50,1,100,,35525,15744,0,50,1,100,,35526,15744,0,50,1
8000,'SE',600,,35532,15744,0,50,1,40,,35528,15744,0,50,1,69,,35531,15744,0,50,1,30,,35529,15744,0,50,1,70,,35527,15744,0,50,1,33,,35548,15744,0,50,1,97,,35533,15744,0,50,1,101,,35534,15744,0,50,1,100,,35535,15744,0,50,1,100,,35536,15744,0,50,1,100,,35537,15744,0,50,1,100,,35538,15744,0,50,1,101,,35539,15744,0,50,1,65,,35540,15744,0,50,1,35,,35549,15744,0,50,1,70,,35541,15744,0,50,1,24,,35530,15744,0,50,1,86,,35542,15744,0,50,1,99,,13983,15744,0,50,1,100,,35543,15744,0,50,1,99,,35544,15744,0,50,1,100,,35545,15744,0,50,1,100,,35546,15744,0,50,1,100,,35547,15744,0,50,1
18000,'F7',1616,,38940,15744,0,50,2,31,,38941,15744,0,50,2,58,,38936,15744,0,50,2,24,,38938,15744,0,50,2,72,,38935,15744,0,50,2,30,,38937,15744,0,50,2,20,,38939,15744,0,50,2
18000,'SE',1616,,38947,15744,0,50,2,31,,38948,15744,0,50,2,58,,38943,15744,0,50,2,24,,38945,15744,0,50,2,72,,38942,15744,0,50,2,30,,38944,15744,0,50,2,20,,38946,15744,0,50,2
