301,'DI',615,,698,2665,,,1,100,,20863,2665,,,1,100,,699,2665,,,1,100,,20864,2665,,,1,100,,700,2665,,,1,100,,20865,2665,,,1,100,,701,2665,,,1,100,,20866,2665,,,1,100,,702,2665,,,1,100,,703,2665,,,1,100,,704,2665,,,1,100,,705,2665,,,1,100,,706,2665,,,1,100,,20856,2665,,,1,100,,20857,2665,,,1,100,,20858,2665,,,1,100,,20859,2665,,,1,100,,20860,2665,,,1,100,,20861,2665,,,1,100,,20862,2665,,,1
301,'F1',545,,20885,2665,,,1,70,,20867,2665,,,1,30,,20886,2665,,,1,70,,20891,2665,,,1,30,,20887,2665,,,1,70,,20900,2665,,,1,30,,20888,2665,,,1,70,,20892,2665,,,1,30,,20889,2665,,,1,70,,20893,2665,,,1,30,,20890,2665,,,1,70,,20894,2665,,,1,30,,20897,2665,,,1,70,,20895,2665,,,1,30,,20898,2665,,,1,70,,20874,2665,,,1,30,,20899,2665,,,1,70,,20896,2665,,,1,30,,20880,2665,,,1,70,,20868,2665,,,1,30,,20881,2665,,,1,70,,20869,2665,,,1,30,,20882,2665,,,1,70,,20870,2665,,,1,30,,20883,2665,,,1,70,,20871,2665,,,1,30,,20884,2665,,,1,70,,20872,2665,,,1,100,,20873,2665,,,1,100,,20875,2665,,,1,100,,20876,2665,,,1,100,,20877,2665,,,1,100,,20878,2665,,,1,100,,20879,2665,,,1
301,'F2',545,,20901,2665,,,1,70,,20909,2665,,,1,30,,20902,2665,,,1,70,,20919,2665,,,1,30,,20903,2665,,,1,70,,20910,2665,,,1,30,,20904,2665,,,1,70,,20920,2665,,,1,30,,20905,2665,,,1,70,,20921,2665,,,1,30,,20906,2665,,,1,70,,20911,2665,,,1,30,,20907,2665,,,1,70,,20912,2665,,,1,30,,20908,2665,,,1,70,,20928,2665,,,1,30,,20922,2665,,,1,70,,20913,2665,,,1,30,,20923,2665,,,1,70,,20929,2665,,,1,30,,20924,2665,,,1,70,,20930,2665,,,1,30,,20925,2665,,,1,70,,20931,2665,,,1,30,,20926,2665,,,1,70,,20932,2665,,,1,30,,20927,2665,,,1,70,,20933,2665,,,1,100,,20914,2665,,,1,100,,20915,2665,,,1,100,,20916,2665,,,1,100,,20917,2665,,,1,100,,20934,2665,,,1,100,,20918,2665,,,1
301,'F7',503,,20945,2665,,,1,30,,20935,2665,,,1,71,,20966,2665,,,1,24,,20967,2665,,,1,20,,20969,2665,,,1,60,,20961,2665,,,1,20,,20960,2665,,,1,17,,20959,2665,,,1,63,,20962,2665,,,1,21,,20974,2665,,,1,20,,20972,2665,,,1,69,,20951,2665,,,1,30,,20946,2665,,,1,70,,20952,2665,,,1,30,,20947,2665,,,1,70,,20936,2665,,,1,30,,20948,2665,,,1,70,,20937,2665,,,1,30,,20949,2665,,,1,70,,20938,2665,,,1,30,,20950,2665,,,1,70,,20939,2665,,,1,30,,20970,2665,,,1,72,,20963,2665,,,1,21,,20973,2665,,,1,18,,20977,2665,,,1,63,,20964,2665,,,1,21,,20971,2665,,,1,63,,20978,2665,,,1,18,,20965,2665,,,1,18,,20968,2665,,,1,60,,20976,2665,,,1,18,,20975,2665,,,1,31,,20955,2665,,,1,67,,20957,2665,,,1,28,,20956,2665,,,1,70,,20958,2665,,,1,30,,20943,2665,,,1,70,,20942,2665,,,1,30,,20944,2665,,,1,70,,20953,2665,,,1,100,,20954,2665,,,1,100,,20940,2665,,,1,100,,20941,2665,,,1
301,'F8',545,,20979,2665,,,1,70,,20987,2665,,,1,30,,20980,2665,,,1,70,,20997,2665,,,1,30,,20981,2665,,,1,70,,20988,2665,,,1,30,,20982,2665,,,1,70,,20998,2665,,,1,30,,20983,2665,,,1,70,,20999,2665,,,1,30,,20984,2665,,,1,70,,20989,2665,,,1,30,,20985,2665,,,1,70,,20990,2665,,,1,30,,20986,2665,,,1,70,,21006,2665,,,1,30,,21000,2665,,,1,70,,20991,2665,,,1,30,,21001,2665,,,1,70,,21007,2665,,,1,30,,21002,2665,,,1,70,,21008,2665,,,1,30,,21003,2665,,,1,70,,21009,2665,,,1,30,,21004,2665,,,1,70,,21010,2665,,,1,30,,21005,2665,,,1,70,,21011,2665,,,1,100,,20992,2665,,,1,100,,20993,2665,,,1,100,,20994,2665,,,1,100,,20995,2665,,,1,100,,21012,2665,,,1,100,,20996,2665,,,1
301,'F9',615,,21013,2665,,,1,100,,21029,2665,,,1,100,,21014,2665,,,1,100,,21030,2665,,,1,100,,21015,2665,,,1,100,,21031,2665,,,1,100,,21016,2665,,,1,100,,21032,2665,,,1,100,,21017,2665,,,1,100,,21018,2665,,,1,100,,21019,2665,,,1,100,,21020,2665,,,1,100,,21021,2665,,,1,100,,21022,2665,,,1,100,,21023,2665,,,1,100,,21024,2665,,,1,100,,21025,2665,,,1,100,,21026,2665,,,1,100,,21027,2665,,,1,100,,21028,2665,,,1
301,'SA',545,,21033,2665,,,1,70,,21041,2665,,,1,30,,21034,2665,,,1,70,,21051,2665,,,1,30,,21035,2665,,,1,70,,21042,2665,,,1,30,,21036,2665,,,1,70,,21052,2665,,,1,30,,21037,2665,,,1,70,,21053,2665,,,1,30,,21038,2665,,,1,70,,21043,2665,,,1,30,,21039,2665,,,1,70,,21044,2665,,,1,30,,21040,2665,,,1,70,,21054,2665,,,1,30,,847,2665,,,1,70,,21045,2665,,,1,30,,848,2665,,,1,70,,21055,2665,,,1,30,,849,2665,,,1,70,,21056,2665,,,1,30,,850,2665,,,1,70,,21057,2665,,,1,30,,851,2665,,,1,70,,21058,2665,,,1,30,,852,2665,,,1,70,,21059,2665,,,1,100,,21046,2665,,,1,100,,21047,2665,,,1,100,,21048,2665,,,1,100,,21049,2665,,,1,100,,21060,2665,,,1,100,,21050,2665,,,1
301,'SE',503,,21071,2665,,,1,30,,21061,2665,,,1,71,,21092,2665,,,1,24,,21093,2665,,,1,20,,21095,2665,,,1,60,,21087,2665,,,1,20,,21086,2665,,,1,17,,21085,2665,,,1,63,,21088,2665,,,1,21,,21100,2665,,,1,20,,21098,2665,,,1,69,,21077,2665,,,1,30,,21072,2665,,,1,70,,21078,2665,,,1,30,,21073,2665,,,1,70,,21062,2665,,,1,30,,21074,2665,,,1,70,,21063,2665,,,1,30,,21075,2665,,,1,70,,21064,2665,,,1,30,,21076,2665,,,1,70,,21065,2665,,,1,30,,21096,2665,,,1,72,,21089,2665,,,1,21,,21099,2665,,,1,18,,21103,2665,,,1,63,,21090,2665,,,1,21,,21097,2665,,,1,63,,21104,2665,,,1,18,,21091,2665,,,1,18,,21094,2665,,,1,60,,21102,2665,,,1,18,,21101,2665,,,1,31,,21081,2665,,,1,67,,21083,2665,,,1,28,,21082,2665,,,1,70,,21084,2665,,,1,30,,21069,2665,,,1,70,,21068,2665,,,1,30,,21070,2665,,,1,70,,21079,2665,,,1,100,,21080,2665,,,1,100,,21066,2665,,,1,100,,21067,2665,,,1
60101,'F7',841,,40743,3400,,,2
60101,'SE',841,,40744,3400,,,2
