1701,'DI',603,,2815,,,1,100,,2813,,,1,30,,2805,,,1,70,,2821,,,1,30,,2800,,,1,70,,2816,,,1,30,,2806,,,1,70,,2814,,,1,30,,2810,,,1,70,,2822,,,1,30,,2796,,,1,70,,2817,,,1,30,,2825,,,1,70,,2823,,,1,30,,2802,,,1,70,,2811,,,1,30,,2807,,,1,70,,2818,,,1,30,,2803,,,1,69,,2797,,,1,30,,2793,,,1,71,,2798,,,1,30,,2794,,,1,70,,2808,,,1,31,,2795,,,1,70,,2809,,,1,99,,2819,,,1,100,,2804,,,1,100,,2824,,,1,100,,2820,,,1,100,,2801,,,1,100,,2799,,,1
1701,'F1',604,,2855,,,1,100,,2845,,,1,30,,2837,,,1,70,,2830,,,1,30,,2846,,,1,70,,2840,,,1,30,,2852,,,1,70,,2853,,,1,30,,2839,,,1,70,,2841,,,1,30,,2831,,,1,70,,2856,,,1,30,,2838,,,1,70,,2842,,,1,30,,2833,,,1,70,,2857,,,1,30,,2847,,,1,70,,2854,,,1,30,,2836,,,1,70,,2843,,,1,30,,2826,,,1,69,,2834,,,1,30,,2848,,,1,71,,2829,,,1,30,,2849,,,1,71,,2844,,,1,99,,2832,,,1,100,,2851,,,1,100,,2835,,,1,100,,2827,,,1,100,,2858,,,1,100,,2828,,,1
1701,'F7',603,,12997,,,1,100,,12995,,,1,30,,12987,,,1,70,,13003,,,1,30,,12982,,,1,70,,12998,,,1,30,,12988,,,1,70,,12996,,,1,30,,12992,,,1,70,,13004,,,1,30,,12978,,,1,70,,12999,,,1,30,,13007,,,1,70,,13005,,,1,30,,12984,,,1,70,,12993,,,1,30,,12989,,,1,70,,13000,,,1,30,,12985,,,1,69,,12979,,,1,30,,12975,,,1,71,,12980,,,1,30,,12976,,,1,70,,12990,,,1,31,,12977,,,1,70,,12991,,,1,99,,13001,,,1,100,,12986,,,1,100,,13006,,,1,100,,13002,,,1,100,,12983,,,1,100,,12981,,,1
1701,'F9',604,,13037,,,1,100,,13027,,,1,30,,13019,,,1,70,,13012,,,1,30,,13028,,,1,70,,13022,,,1,30,,13034,,,1,70,,13035,,,1,30,,13021,,,1,70,,13023,,,1,30,,13013,,,1,70,,13038,,,1,30,,13020,,,1,70,,13024,,,1,30,,13015,,,1,70,,13039,,,1,30,,13029,,,1,70,,13036,,,1,30,,13018,,,1,70,,13025,,,1,30,,13008,,,1,69,,13016,,,1,30,,13030,,,1,71,,13011,,,1,30,,13031,,,1,71,,13026,,,1,99,,13014,,,1,100,,13033,,,1,100,,13017,,,1,100,,13009,,,1,100,,13040,,,1,100,,13010,,,1
1701,'SA',604,,2888,,,1,100,,2878,,,1,30,,2870,,,1,70,,2863,,,1,30,,2879,,,1,70,,2873,,,1,30,,2885,,,1,70,,2886,,,1,30,,2872,,,1,70,,2874,,,1,30,,2864,,,1,70,,2889,,,1,30,,2871,,,1,70,,2875,,,1,30,,2866,,,1,70,,2890,,,1,30,,2880,,,1,70,,2887,,,1,30,,2869,,,1,70,,2876,,,1,30,,2859,,,1,69,,2867,,,1,30,,2881,,,1,71,,2862,,,1,30,,2882,,,1,71,,2877,,,1,99,,2865,,,1,100,,2884,,,1,100,,2868,,,1,100,,2860,,,1,100,,2891,,,1,100,,2861,,,1
2000,'DI',616,,3168,,,2,100,,3162,,,2,100,,3158,,,2,100,,3169,,,2,100,,3163,,,2,97,,3159,,,2,103,,3160,,,2,100,,3164,,,2,100,,3170,,,2,100,,3161,,,2,97,,3165,,,2,103,,3166,,,2,100,,3173,,,2,100,,3157,,,2,100,,3171,,,2,100,,3167,,,2,100,,3156,,,2,100,,3155,,,2,100,,3172,,,2
2000,'F1',617,,3192,,,2,100,,3181,,,2,100,,3188,,,2,100,,3185,,,2,100,,3184,,,2,100,,3193,,,2,100,,3186,,,2,100,,3176,,,2,100,,3182,,,2,100,,3187,,,2,96,,3189,,,2,104,,3190,,,2,104,,3191,,,2,96,,3177,,,2,100,,3183,,,2,100,,3174,,,2,100,,3178,,,2,100,,3175,,,2,100,,3180,,,2,100,,3179,,,2
2000,'F7',616,,13251,,,2,100,,13245,,,2,100,,13241,,,2,100,,13252,,,2,100,,13246,,,2,97,,13242,,,2,103,,13243,,,2,100,,13247,,,2,100,,13253,,,2,100,,13244,,,2,97,,13248,,,2,103,,13249,,,2,100,,13256,,,2,100,,13240,,,2,100,,13254,,,2,100,,13250,,,2,100,,13239,,,2,100,,13238,,,2,100,,13255,,,2
2000,'F8',536,,13287,,,2,20,,13297,,,2,64,,13288,,,2,30,,13262,,,2,286,,13259,,,2,71,,13263,,,2,30,,13266,,,2,70,,13257,,,2,30,,13290,,,2,70,,13279,,,2,30,,13267,,,2,70,,13283,,,2,30,,13289,,,2,70,,13296,,,2,30,,13268,,,2,69,,13264,,,2,21,,13295,,,2,17,,13278,,,2,15,,13293,,,2,55,,13282,,,2,15,,13276,,,2,17,,13285,,,2,10,,13280,,,2,53,,13274,,,2,11,,13271,,,2,12,,13291,,,2,13,,13277,,,2,11,,13261,,,2,54,,13269,,,2,13,,13275,,,2,15,,13272,,,2,69,,13281,,,2,30,,13286,,,2,70,,13265,,,2,30,,13260,,,2,70,,13292,,,2,30,,13270,,,2,100,,13273,,,2,100,,13284,,,2,100,,13258,,,2,100,,13294,,,2
2000,'F9',617,,13325,,,2,100,,13314,,,2,100,,13321,,,2,100,,13318,,,2,100,,13317,,,2,100,,13326,,,2,100,,13319,,,2,100,,13309,,,2,100,,13315,,,2,100,,13320,,,2,96,,13322,,,2,104,,13323,,,2,104,,13324,,,2,96,,13310,,,2,100,,13316,,,2,100,,13307,,,2,100,,13311,,,2,100,,13308,,,2,100,,13313,,,2,100,,13312,,,2
2000,'SA',617,,3212,,,2,100,,3201,,,2,100,,3208,,,2,100,,3205,,,2,100,,3204,,,2,100,,3213,,,2,100,,3206,,,2,100,,3196,,,2,100,,3202,,,2,100,,3207,,,2,96,,3209,,,2,104,,3210,,,2,104,,3211,,,2,96,,3197,,,2,100,,3203,,,2,100,,3194,,,2,100,,3198,,,2,100,,3195,,,2,100,,3200,,,2,100,,3199,,,2
2000,'SE',536,,3244,,,2,20,,3254,,,2,64,,3245,,,2,30,,3219,,,2,286,,3216,,,2,71,,3220,,,2,30,,3223,,,2,70,,3214,,,2,30,,3247,,,2,70,,3236,,,2,30,,3224,,,2,70,,3240,,,2,30,,3246,,,2,70,,3253,,,2,30,,3225,,,2,69,,3221,,,2,21,,3252,,,2,17,,3235,,,2,15,,3250,,,2,55,,3239,,,2,15,,3233,,,2,17,,3242,,,2,10,,3237,,,2,53,,3231,,,2,11,,3228,,,2,12,,3248,,,2,13,,3234,,,2,11,,3218,,,2,54,,3226,,,2,13,,3232,,,2,15,,3229,,,2,69,,3238,,,2,30,,3243,,,2,70,,3222,,,2,30,,3217,,,2,70,,3249,,,2,30,,3227,,,2,100,,3230,,,2,100,,3241,,,2,100,,3215,,,2,100,,3251,,,2
7601,'F8',515,,16763,,,1,30,,16742,,,1,70,,16758,,,1,26,,16766,,,1,61,,16767,,,1,20,,16759,,,1,20,,16764,,,1,4,,16749,,,1,5,,16744,,,1,55,,16738,,,1,21,,16733,,,1,22,,16739,,,1,66,,16727,,,1,30,,16737,,,1,70,,16728,,,1,30,,16768,,,1,70,,16724,,,1,30,,16732,,,1,70,,16769,,,1,30,,16745,,,1,70,,16765,,,1,30,,16726,,,1,70,,16730,,,1,32,,16735,,,1,75,,16731,,,1,26,,16741,,,1,72,,16757,,,1,34,,16734,,,1,64,,16750,,,1,16,,16736,,,1,19,,16725,,,1,61,,16740,,,1,17,,16746,,,1,18,,16743,,,1,66,,16760,,,1,30,,16729,,,1,70,,16755,,,1,30,,16747,,,1,70,,16751,,,1,30,,16748,,,1,70,,16752,,,1,29,,16761,,,1,70,,16753,,,1,30,,16762,,,1,70,,16754,,,1,30,,16756,,,1
7601,'SE',515,,7549,,,1,30,,7528,,,1,70,,7544,,,1,26,,7552,,,1,61,,7553,,,1,20,,7545,,,1,20,,7550,,,1,4,,7535,,,1,5,,7530,,,1,55,,7524,,,1,21,,7519,,,1,22,,7525,,,1,66,,7513,,,1,30,,7523,,,1,70,,7514,,,1,30,,7554,,,1,70,,7510,,,1,30,,7518,,,1,70,,7555,,,1,30,,7531,,,1,70,,7551,,,1,30,,7512,,,1,70,,7516,,,1,32,,7521,,,1,75,,7517,,,1,26,,7527,,,1,72,,7543,,,1,34,,7520,,,1,64,,7536,,,1,16,,7522,,,1,19,,7511,,,1,61,,7526,,,1,17,,7532,,,1,18,,7529,,,1,66,,7546,,,1,30,,7515,,,1,70,,7541,,,1,30,,7533,,,1,70,,7537,,,1,30,,7534,,,1,70,,7538,,,1,29,,7547,,,1,70,,7539,,,1,30,,7548,,,1,70,,7540,,,1,30,,7542,,,1
