401,'DI',706,,1186,4423,,,1,30,,1180,4423,,,1,70,,1189,4423,,,1,32,,1202,4423,,,1,70,,1199,4423,,,1,30,,1181,4423,,,1,70,,1177,4423,,,1,30,,1203,4423,,,1,70,,1200,4423,,,1,30,,1182,4423,,,1,70,,1210,4423,,,1,30,,1195,4423,,,1,70,,1201,4423,,,1,31,,1183,4423,,,1,69,,1205,4423,,,1,30,,1208,4423,,,1,70,,1178,4423,,,1,32,,1184,4423,,,1,69,,1206,4423,,,1,30,,1209,4423,,,1,74,,1207,4423,,,1,25,,1191,4423,,,1,70,,1194,4423,,,1,30,,1196,4423,,,1,70,,1198,4423,,,1,31,,1192,4423,,,1,69,,1193,4423,,,1,30,,1176,4423,,,1,70,,1187,4423,,,1,100,,1204,4423,,,1,100,,1197,4423,,,1,100,,1185,4423,,,1
401,'F1',706,,1213,4423,,,1,30,,1227,4423,,,1,70,,1216,4423,,,1,32,,1218,4423,,,1,70,,1214,4423,,,1,30,,1228,4423,,,1,70,,1231,4423,,,1,30,,1219,4423,,,1,70,,1236,4423,,,1,30,,1212,4423,,,1,70,,1238,4423,,,1,30,,1233,4423,,,1,70,,1242,4423,,,1,30,,1211,4423,,,1,70,,1220,4423,,,1,30,,1237,4423,,,1,70,,1232,4423,,,1,30,,1243,4423,,,1,70,,1240,4423,,,1,30,,1235,4423,,,1,70,,1234,4423,,,1,30,,1245,4423,,,1,70,,1230,4423,,,1,30,,1221,4423,,,1,70,,1241,4423,,,1,30,,1244,4423,,,1,70,,1222,4423,,,1,30,,1239,4423,,,1,70,,1229,4423,,,1,100,,1224,4423,,,1,100,,1223,4423,,,1,100,,1225,4423,,,1
401,'F7',706,,1256,4423,,,1,30,,1250,4423,,,1,70,,1259,4423,,,1,32,,1272,4423,,,1,70,,1269,4423,,,1,30,,1251,4423,,,1,70,,1247,4423,,,1,30,,1273,4423,,,1,70,,1270,4423,,,1,30,,1252,4423,,,1,70,,1280,4423,,,1,30,,1265,4423,,,1,70,,1271,4423,,,1,31,,1253,4423,,,1,69,,1275,4423,,,1,30,,1278,4423,,,1,70,,1248,4423,,,1,32,,1254,4423,,,1,69,,1276,4423,,,1,30,,1279,4423,,,1,74,,1277,4423,,,1,25,,1261,4423,,,1,70,,1264,4423,,,1,30,,1266,4423,,,1,70,,1268,4423,,,1,31,,1262,4423,,,1,69,,1263,4423,,,1,30,,1246,4423,,,1,70,,1257,4423,,,1,100,,1274,4423,,,1,100,,1267,4423,,,1,100,,1255,4423,,,1
401,'F8',621,,1282,4423,,,1,21,,1293,4423,,,1,71,,1305,4423,,,1,33,,1285,4423,,,1,73,,1314,4423,,,1,30,,1295,4423,,,1,72,,1308,4423,,,1,30,,1307,4423,,,1,70,,1281,4423,,,1,30,,1313,4423,,,1,70,,1300,4423,,,1,30,,1284,4423,,,1,71,,1306,4423,,,1,32,,1303,4423,,,1,70,,1301,4423,,,1,30,,1320,4423,,,1,66,,1318,4423,,,1,34,,1297,4423,,,1,55,,1310,4423,,,1,23,,1289,4423,,,1,22,,1302,4423,,,1,59,,1296,4423,,,1,20,,1291,4423,,,1,22,,1317,4423,,,1,57,,1290,4423,,,1,20,,1309,4423,,,1,24,,1294,4423,,,1,57,,1311,4423,,,1,27,,1304,4423,,,1,70,,1319,4423,,,1,27,,1315,4423,,,1,69,,1287,4423,,,1,30,,1299,4423,,,1,70,,1316,4423,,,1,30,,1312,4423,,,1,100,,1298,4423,,,1,99,,1288,4423,,,1,100,,1292,4423,,,1
401,'F9',706,,1323,4423,,,1,30,,1337,4423,,,1,70,,1326,4423,,,1,32,,1328,4423,,,1,70,,1324,4423,,,1,30,,1338,4423,,,1,70,,1341,4423,,,1,30,,1329,4423,,,1,70,,1346,4423,,,1,30,,1322,4423,,,1,70,,1348,4423,,,1,30,,1343,4423,,,1,70,,1352,4423,,,1,30,,1321,4423,,,1,70,,1330,4423,,,1,30,,1347,4423,,,1,70,,1342,4423,,,1,30,,1353,4423,,,1,70,,1350,4423,,,1,30,,1345,4423,,,1,70,,1344,4423,,,1,30,,1355,4423,,,1,70,,1340,4423,,,1,30,,1331,4423,,,1,70,,1351,4423,,,1,30,,1354,4423,,,1,70,,1332,4423,,,1,30,,1349,4423,,,1,70,,1339,4423,,,1,100,,1334,4423,,,1,100,,1333,4423,,,1,100,,1335,4423,,,1
401,'SA',706,,1358,4423,,,1,30,,1372,4423,,,1,70,,1361,4423,,,1,32,,1363,4423,,,1,70,,1359,4423,,,1,30,,1373,4423,,,1,70,,1376,4423,,,1,30,,1364,4423,,,1,70,,1381,4423,,,1,30,,1357,4423,,,1,70,,1383,4423,,,1,30,,1378,4423,,,1,70,,1387,4423,,,1,30,,1356,4423,,,1,70,,1365,4423,,,1,30,,1382,4423,,,1,70,,1377,4423,,,1,30,,1388,4423,,,1,70,,1385,4423,,,1,30,,1380,4423,,,1,70,,1379,4423,,,1,30,,1390,4423,,,1,70,,1375,4423,,,1,30,,1366,4423,,,1,70,,1386,4423,,,1,30,,1389,4423,,,1,70,,1367,4423,,,1,30,,1384,4423,,,1,70,,1374,4423,,,1,100,,1369,4423,,,1,100,,1368,4423,,,1,100,,1370,4423,,,1
401,'SE',621,,1392,4423,,,1,21,,1403,4423,,,1,71,,1415,4423,,,1,33,,1395,4423,,,1,73,,1424,4423,,,1,30,,1405,4423,,,1,72,,1418,4423,,,1,30,,1417,4423,,,1,70,,1391,4423,,,1,30,,1423,4423,,,1,70,,1410,4423,,,1,30,,1394,4423,,,1,71,,1416,4423,,,1,32,,1413,4423,,,1,70,,1411,4423,,,1,30,,1430,4423,,,1,66,,1428,4423,,,1,34,,1407,4423,,,1,55,,1420,4423,,,1,23,,1399,4423,,,1,22,,1412,4423,,,1,59,,1406,4423,,,1,20,,1401,4423,,,1,22,,1427,4423,,,1,57,,1400,4423,,,1,20,,1419,4423,,,1,24,,1404,4423,,,1,57,,1421,4423,,,1,27,,1414,4423,,,1,70,,1429,4423,,,1,27,,1425,4423,,,1,69,,1397,4423,,,1,30,,1409,4423,,,1,70,,1426,4423,,,1,30,,1422,4423,,,1,100,,1408,4423,,,1,99,,1398,4423,,,1,100,,1402,4423,,,1
5400,'DI',700,,10423,4530,,,1,100,,10437,4530,,,1,101,,10424,4530,,,1,100,,10420,4530,,,1,100,,10434,4530,,,1,100,,10417,4530,,,1,30,,10440,4530,,,1,70,,10425,4530,,,1,30,,10435,4530,,,1,70,,10442,4530,,,1,30,,10426,4530,,,1,70,,10436,4530,,,1,30,,10418,4530,,,1,70,,10438,4530,,,1,30,,10439,4530,,,1,70,,10427,4530,,,1,30,,10419,4530,,,1,73,,10441,4530,,,1,34,,10428,4530,,,1,65,,10421,4530,,,1,100,,10422,4530,,,1,100,,10429,4530,,,1,100,,10430,4530,,,1,100,,10431,4530,,,1,99,,10432,4530,,,1,100,,10433,4530,,,1
5400,'F1',700,,10454,4530,,,1,30,,10450,4530,,,1,70,,10470,4530,,,1,31,,10449,4530,,,1,70,,10443,4530,,,1,32,,10446,4530,,,1,68,,10462,4530,,,1,30,,10467,4530,,,1,70,,10444,4530,,,1,30,,10463,4530,,,1,70,,10447,4530,,,1,30,,10468,4530,,,1,70,,10451,4530,,,1,30,,10448,4530,,,1,70,,10445,4530,,,1,30,,10469,4530,,,1,70,,10471,4530,,,1,30,,10464,4530,,,1,70,,10452,4530,,,1,30,,10472,4530,,,1,70,,10465,4530,,,1,30,,10453,4530,,,1,73,,10473,4530,,,1,30,,10466,4530,,,1,69,,10455,4530,,,1,100,,10456,4530,,,1,100,,10457,4530,,,1,100,,10458,4530,,,1,100,,10459,4530,,,1,99,,10460,4530,,,1,100,,10461,4530,,,1
5400,'F7',700,,10480,4530,,,1,100,,10494,4530,,,1,101,,10481,4530,,,1,100,,10477,4530,,,1,100,,10491,4530,,,1,100,,10474,4530,,,1,30,,10497,4530,,,1,70,,10482,4530,,,1,30,,10492,4530,,,1,70,,10499,4530,,,1,30,,10483,4530,,,1,70,,10493,4530,,,1,30,,10475,4530,,,1,70,,10495,4530,,,1,30,,10496,4530,,,1,70,,10484,4530,,,1,30,,10476,4530,,,1,73,,10498,4530,,,1,34,,10485,4530,,,1,65,,10478,4530,,,1,100,,10479,4530,,,1,100,,10486,4530,,,1,100,,10487,4530,,,1,100,,10488,4530,,,1,99,,10489,4530,,,1,100,,10490,4530,,,1
5400,'F8',654,,10504,4530,,,1,75,,10522,4530,,,1,30,,10524,4530,,,1,74,,10503,4530,,,1,72,,10526,4530,,,1,30,,10525,4530,,,1,70,,10515,4530,,,1,30,,10519,4530,,,1,70,,10500,4530,,,1,30,,10501,4530,,,1,70,,10505,4530,,,1,30,,10506,4530,,,1,71,,10532,4530,,,1,30,,10516,4530,,,1,70,,10507,4530,,,1,30,,10531,4530,,,1,66,,10509,4530,,,1,27,,10508,4530,,,1,30,,10517,4530,,,1,70,,10533,4530,,,1,74,,10510,4530,,,1,23,,10527,4530,,,1,75,,10502,4530,,,1,28,,10513,4530,,,1,75,,10530,4530,,,1,30,,10511,4530,,,1,69,,10523,4530,,,1,30,,10518,4530,,,1,70,,10528,4530,,,1,30,,10514,4530,,,1,68,,10520,4530,,,1,100,,10512,4530,,,1,99,,10529,4530,,,1,100,,10521,4530,,,1
5400,'F9',700,,10545,4530,,,1,30,,10541,4530,,,1,70,,10561,4530,,,1,31,,10540,4530,,,1,70,,10534,4530,,,1,32,,10537,4530,,,1,68,,10553,4530,,,1,30,,10558,4530,,,1,70,,10535,4530,,,1,30,,10554,4530,,,1,70,,10538,4530,,,1,30,,10559,4530,,,1,70,,10542,4530,,,1,30,,10539,4530,,,1,70,,10536,4530,,,1,30,,10560,4530,,,1,70,,10562,4530,,,1,30,,10555,4530,,,1,70,,10543,4530,,,1,30,,10563,4530,,,1,70,,10556,4530,,,1,30,,10544,4530,,,1,73,,10564,4530,,,1,30,,10557,4530,,,1,69,,10546,4530,,,1,100,,10547,4530,,,1,100,,10548,4530,,,1,100,,10549,4530,,,1,100,,10550,4530,,,1,99,,10551,4530,,,1,100,,10552,4530,,,1
5400,'SA',700,,10576,4530,,,1,30,,10572,4530,,,1,70,,10592,4530,,,1,31,,10571,4530,,,1,70,,10565,4530,,,1,32,,10568,4530,,,1,68,,10584,4530,,,1,30,,10589,4530,,,1,70,,10566,4530,,,1,30,,10585,4530,,,1,70,,10569,4530,,,1,30,,10590,4530,,,1,70,,10573,4530,,,1,30,,10570,4530,,,1,70,,10567,4530,,,1,30,,10591,4530,,,1,70,,10593,4530,,,1,30,,10586,4530,,,1,70,,10574,4530,,,1,30,,10594,4530,,,1,70,,10587,4530,,,1,30,,10575,4530,,,1,73,,10595,4530,,,1,30,,10588,4530,,,1,69,,10577,4530,,,1,100,,10578,4530,,,1,100,,10579,4530,,,1,100,,10580,4530,,,1,100,,10581,4530,,,1,99,,10582,4530,,,1,100,,10583,4530,,,1
5400,'SE',654,,10600,4530,,,1,75,,10618,4530,,,1,30,,10620,4530,,,1,74,,10599,4530,,,1,72,,10622,4530,,,1,30,,10621,4530,,,1,70,,10611,4530,,,1,30,,10615,4530,,,1,70,,10596,4530,,,1,30,,10597,4530,,,1,70,,10601,4530,,,1,30,,10602,4530,,,1,71,,10628,4530,,,1,30,,10612,4530,,,1,70,,10603,4530,,,1,30,,10627,4530,,,1,66,,10605,4530,,,1,27,,10604,4530,,,1,30,,10613,4530,,,1,70,,10629,4530,,,1,74,,10606,4530,,,1,23,,10623,4530,,,1,75,,10598,4530,,,1,28,,10609,4530,,,1,75,,10626,4530,,,1,30,,10607,4530,,,1,69,,10619,4530,,,1,30,,10614,4530,,,1,70,,10624,4530,,,1,30,,10610,4530,,,1,68,,10616,4530,,,1,100,,10608,4530,,,1,99,,10625,4530,,,1,100,,10617,4530,,,1
7700,'DI',715,,13501,6081,0,6 33 34,1,100,,13504,6081,0,6 33 34,1,100,,13499,6081,0,6 33 34,1,100,,13505,6081,0,6 33 34,1,100,,13500,6081,0,6 33 34,1,100,,13506,6081,0,6 33 34,1,100,,13503,6081,0,6 33 34,1,100,,13507,6081,0,6 33 34,1,100,,13502,6081,0,6 33 34,1,100,,13508,6081,0,6 33 34,1,100,,13509,6081,0,6 33 34,1,100,,13510,6081,0,6 33 34,1,99,,13512,6081,0,6 33 34,1,100,,13511,6081,0,6 33 34,1,100,,13513,6081,0,6 33 34,1
7700,'F1',715,,13515,6081,0,6 33 34,1,100,,13517,6081,0,6 33 34,1,100,,13518,6081,0,6 33 34,1,100,,13514,6081,0,6 33 34,1,100,,13516,6081,0,6 33 34,1,100,,13519,6081,0,6 33 34,1,100,,13521,6081,0,6 33 34,1,97,,13520,6081,0,6 33 34,1,103,,13522,6081,0,6 33 34,1,99,,13524,6081,0,6 33 34,1,101,,13523,6081,0,6 33 34,1,100,,13525,6081,0,6 33 34,1,99,,13526,6081,0,6 33 34,1,100,,13528,6081,0,6 33 34,1,100,,13527,6081,0,6 33 34,1
7700,'F7',715,,13531,6081,0,6 33 34,1,100,,13534,6081,0,6 33 34,1,100,,13529,6081,0,6 33 34,1,100,,13535,6081,0,6 33 34,1,100,,13530,6081,0,6 33 34,1,100,,13536,6081,0,6 33 34,1,100,,13533,6081,0,6 33 34,1,100,,13537,6081,0,6 33 34,1,100,,13532,6081,0,6 33 34,1,100,,13538,6081,0,6 33 34,1,100,,13539,6081,0,6 33 34,1,100,,13540,6081,0,6 33 34,1,99,,13542,6081,0,6 33 34,1,100,,13541,6081,0,6 33 34,1,100,,13543,6081,0,6 33 34,1
7700,'F8',605,,13546,6081,0,6 33 34,1,15,,13547,6081,0,6 33 34,1,20,,13548,6081,0,6 33 34,1,18,,13553,6081,0,6 33 34,1,69,,13556,6081,0,6 33 34,1,23,,13551,6081,0,6 33 34,1,62,,13555,6081,0,6 33 34,1,15,,13549,6081,0,6 33 34,1,30,,13554,6081,0,6 33 34,1,70,,13557,6081,0,6 33 34,1,30,,13552,6081,0,6 33 34,1,70,,13550,6081,0,6 33 34,1,30,,13559,6081,0,6 33 34,1,70,,13558,6081,0,6 33 34,1,30,,13561,6081,0,6 33 34,1,71,,13564,6081,0,6 33 34,1,73,,13560,6081,0,6 33 34,1,30,,13566,6081,0,6 33 34,1,70,,13562,6081,0,6 33 34,1,27,,13569,6081,0,6 33 34,1,20,,13572,6081,0,6 33 34,1,60,,13575,6081,0,6 33 34,1,20,,13567,6081,0,6 33 34,1,5,,13577,6081,0,6 33 34,1,15,,13563,6081,0,6 33 34,1,58,,13581,6081,0,6 33 34,1,18,,13570,6081,0,6 33 34,1,18,,13573,6081,0,6 33 34,1,58,,13576,6081,0,6 33 34,1,18,,13565,6081,0,6 33 34,1,18,,13568,6081,0,6 33 34,1,20,,13582,6081,0,6 33 34,1,58,,13544,6081,0,6 33 34,1,2,,13571,6081,0,6 33 34,1,19,,13574,6081,0,6 33 34,1,17,,13583,6081,0,6 33 34,1,70,,13578,6081,0,6 33 34,1,32,,13545,6081,0,6 33 34,1,71,,13580,6081,0,6 33 34,1,27,,13584,6081,0,6 33 34,1,70,,13579,6081,0,6 33 34,1
7700,'F9',715,,13586,6081,0,6 33 34,1,100,,13588,6081,0,6 33 34,1,100,,13589,6081,0,6 33 34,1,100,,13585,6081,0,6 33 34,1,100,,13587,6081,0,6 33 34,1,100,,13590,6081,0,6 33 34,1,100,,13592,6081,0,6 33 34,1,97,,13591,6081,0,6 33 34,1,103,,13593,6081,0,6 33 34,1,99,,13595,6081,0,6 33 34,1,101,,13594,6081,0,6 33 34,1,100,,13596,6081,0,6 33 34,1,99,,13597,6081,0,6 33 34,1,100,,13599,6081,0,6 33 34,1,100,,13598,6081,0,6 33 34,1
7700,'SA',715,,13601,6081,0,6 33 34,1,100,,13603,6081,0,6 33 34,1,100,,13604,6081,0,6 33 34,1,100,,13600,6081,0,6 33 34,1,100,,13602,6081,0,6 33 34,1,100,,13605,6081,0,6 33 34,1,100,,13607,6081,0,6 33 34,1,97,,13606,6081,0,6 33 34,1,103,,13608,6081,0,6 33 34,1,99,,13610,6081,0,6 33 34,1,101,,13609,6081,0,6 33 34,1,100,,13611,6081,0,6 33 34,1,99,,13612,6081,0,6 33 34,1,100,,13614,6081,0,6 33 34,1,100,,13613,6081,0,6 33 34,1
7700,'SE',605,,13617,6081,0,6 33 34,1,15,,13618,6081,0,6 33 34,1,20,,13619,6081,0,6 33 34,1,18,,13624,6081,0,6 33 34,1,69,,13627,6081,0,6 33 34,1,23,,13622,6081,0,6 33 34,1,62,,13626,6081,0,6 33 34,1,15,,13620,6081,0,6 33 34,1,30,,13625,6081,0,6 33 34,1,70,,13628,6081,0,6 33 34,1,30,,13623,6081,0,6 33 34,1,70,,13621,6081,0,6 33 34,1,30,,13630,6081,0,6 33 34,1,70,,13629,6081,0,6 33 34,1,30,,13632,6081,0,6 33 34,1,71,,13635,6081,0,6 33 34,1,73,,13631,6081,0,6 33 34,1,30,,13637,6081,0,6 33 34,1,70,,13633,6081,0,6 33 34,1,27,,13640,6081,0,6 33 34,1,20,,13643,6081,0,6 33 34,1,60,,13646,6081,0,6 33 34,1,20,,13638,6081,0,6 33 34,1,5,,13648,6081,0,6 33 34,1,15,,13634,6081,0,6 33 34,1,58,,13652,6081,0,6 33 34,1,18,,13641,6081,0,6 33 34,1,18,,13644,6081,0,6 33 34,1,58,,13647,6081,0,6 33 34,1,18,,13636,6081,0,6 33 34,1,18,,13639,6081,0,6 33 34,1,20,,13653,6081,0,6 33 34,1,58,,13615,6081,0,6 33 34,1,2,,13642,6081,0,6 33 34,1,19,,13645,6081,0,6 33 34,1,17,,13654,6081,0,6 33 34,1,70,,13649,6081,0,6 33 34,1,32,,13616,6081,0,6 33 34,1,71,,13651,6081,0,6 33 34,1,27,,13655,6081,0,6 33 34,1,70,,13650,6081,0,6 33 34,1
42100,'F8',640,,17812,4423,0,24 25,1,71,,17808,4423,0,24 25,1,17,,17818,4423,0,24 25,1,722,,17819,4423,0,24 25,1,62,,17816,4423,0,24 25,1,30,,17814,4423,0,24 25,1,70,,17817,4423,0,24 25,1,32,,17820,4423,0,24 25,1,69,,17815,4423,0,24 25,1
42100,'SE',640,,17825,4423,0,24 25,1,71,,17821,4423,0,24 25,1,17,,17831,4423,0,24 25,1,722,,17832,4423,0,24 25,1,62,,17829,4423,0,24 25,1,30,,17827,4423,0,24 25,1,70,,17830,4423,0,24 25,1,32,,17833,4423,0,24 25,1,69,,17828,4423,0,24 25,1
53501,'F8',909,,18780,1817,,,2
53501,'SE',909,,18781,1817,,,2
