8301,'DI',719,,36304,4460,0,50,1,100,,36305,4460,0,50,1,108,,36306,4460,0,50,1,100,,36307,4460,0,50,1,100,,36308,4460,0,50,1,100,,36309,4460,0,50,1,100,,36310,4460,0,50,1,100,,36311,4460,0,50,1,100,,36312,4460,0,50,1,100,,36313,4460,0,50,1,100,,36314,4460,0,50,1,100,,36315,4460,0,50,1,100,,36316,4460,0,50,1,100,,36317,4460,0,50,1,100,,36318,4460,0,50,1,100,,36319,4460,0,50,1,100,,36320,4460,0,50,1,100,,36321,4460,0,50,1
8301,'F1',619,,14698,4460,0,50,1,100,,14699,4460,0,50,1,100,,36325,4460,0,50,1,108,,36326,4460,0,50,1,100,,36327,4460,0,50,1,100,,36328,4460,0,50,1,100,,36329,4460,0,50,1,100,,36330,4460,0,50,1,100,,36331,4460,0,50,1,100,,36332,4460,0,50,1,100,,36333,4460,0,50,1,100,,36334,4460,0,50,1,100,,36335,4460,0,50,1,100,,36336,4460,0,50,1,100,,36337,4460,0,50,1,100,,36338,4460,0,50,1,100,,36339,4460,0,50,1,100,,36322,4460,0,50,1,100,,36323,4460,0,50,1,100,,36324,4460,0,50,1
8301,'F2',619,,36356,4460,0,50,1,100,,36357,4460,0,50,1,100,,36358,4460,0,50,1,108,,36359,4460,0,50,1,100,,36340,4460,0,50,1,100,,36341,4460,0,50,1,100,,36342,4460,0,50,1,100,,36343,4460,0,50,1,100,,36344,4460,0,50,1,100,,36345,4460,0,50,1,100,,36346,4460,0,50,1,100,,36347,4460,0,50,1,100,,36348,4460,0,50,1,100,,36349,4460,0,50,1,100,,36350,4460,0,50,1,100,,36351,4460,0,50,1,100,,36352,4460,0,50,1,100,,36353,4460,0,50,1,100,,36354,4460,0,50,1,100,,36355,4460,0,50,1
8301,'F7',543,,36378,4460,0,50,1,70,,36382,4460,0,50,1,19,,36373,4460,0,50,1,16,,36379,4460,0,50,1,65,,36384,4460,0,50,1,20,,36380,4460,0,50,1,22,,36369,4460,0,50,1,58,,36383,4460,0,50,1,20,,36375,4460,0,50,1,23,,36371,4460,0,50,1,71,,36391,4460,0,50,1,20,,36381,4460,0,50,1,80,,36366,4460,0,50,1,100,,36367,4460,0,50,1,100,,36374,4460,0,50,1,100,,36361,4460,0,50,1,100,,36362,4460,0,50,1,101,,36363,4460,0,50,1,15,,36385,4460,0,50,1,65,,36364,4460,0,50,1,20,,36392,4460,0,50,1,22,,36360,4460,0,50,1,60,,36370,4460,0,50,1,18,,36393,4460,0,50,1,20,,36394,4460,0,50,1,60,,36372,4460,0,50,1,20,,36386,4460,0,50,1,20,,36368,4460,0,50,1,80,,36387,4460,0,50,1,100,,36388,4460,0,50,1,100,,36389,4460,0,50,1,100,,36390,4460,0,50,1,100,,36365,4460,0,50,1,100,,36376,4460,0,50,1,100,,36377,4460,0,50,1
8301,'F8',619,,36411,4460,0,50,1,100,,36412,4460,0,50,1,100,,36413,4460,0,50,1,108,,36414,4460,0,50,1,100,,36395,4460,0,50,1,100,,36396,4460,0,50,1,100,,36397,4460,0,50,1,100,,36398,4460,0,50,1,100,,36399,4460,0,50,1,100,,36400,4460,0,50,1,100,,36401,4460,0,50,1,100,,36402,4460,0,50,1,100,,36403,4460,0,50,1,100,,36404,4460,0,50,1,100,,36405,4460,0,50,1,100,,36406,4460,0,50,1,100,,36407,4460,0,50,1,100,,36408,4460,0,50,1,100,,36409,4460,0,50,1,100,,36410,4460,0,50,1
8301,'F9',719,,36415,4460,0,50,1,100,,36416,4460,0,50,1,108,,36417,4460,0,50,1,100,,36418,4460,0,50,1,100,,36419,4460,0,50,1,100,,36420,4460,0,50,1,100,,36421,4460,0,50,1,100,,36422,4460,0,50,1,100,,36423,4460,0,50,1,100,,36424,4460,0,50,1,100,,36425,4460,0,50,1,100,,36426,4460,0,50,1,100,,36427,4460,0,50,1,100,,36428,4460,0,50,1,100,,36429,4460,0,50,1,100,,36430,4460,0,50,1,100,,36431,4460,0,50,1,100,,36432,4460,0,50,1
8301,'SA',619,,36449,4460,0,50,1,100,,36450,4460,0,50,1,100,,36451,4460,0,50,1,108,,36452,4460,0,50,1,100,,36433,4460,0,50,1,100,,36434,4460,0,50,1,100,,36435,4460,0,50,1,100,,36436,4460,0,50,1,100,,36437,4460,0,50,1,100,,36438,4460,0,50,1,100,,36439,4460,0,50,1,100,,36440,4460,0,50,1,100,,36441,4460,0,50,1,100,,36442,4460,0,50,1,100,,36443,4460,0,50,1,100,,36444,4460,0,50,1,100,,36445,4460,0,50,1,100,,36446,4460,0,50,1,100,,36447,4460,0,50,1,100,,36448,4460,0,50,1
8301,'SE',543,,36471,4460,0,50,1,70,,36475,4460,0,50,1,19,,36466,4460,0,50,1,16,,36472,4460,0,50,1,65,,36477,4460,0,50,1,20,,36473,4460,0,50,1,22,,36462,4460,0,50,1,58,,36476,4460,0,50,1,20,,36468,4460,0,50,1,23,,36464,4460,0,50,1,71,,36484,4460,0,50,1,20,,36474,4460,0,50,1,80,,36459,4460,0,50,1,100,,36460,4460,0,50,1,100,,36467,4460,0,50,1,100,,36454,4460,0,50,1,100,,36455,4460,0,50,1,101,,36456,4460,0,50,1,15,,36478,4460,0,50,1,65,,36457,4460,0,50,1,20,,36485,4460,0,50,1,22,,36453,4460,0,50,1,60,,36463,4460,0,50,1,18,,36486,4460,0,50,1,20,,36487,4460,0,50,1,60,,36465,4460,0,50,1,20,,36479,4460,0,50,1,20,,36461,4460,0,50,1,80,,36480,4460,0,50,1,100,,36481,4460,0,50,1,100,,36482,4460,0,50,1,100,,36483,4460,0,50,1,100,,36458,4460,0,50,1,100,,36469,4460,0,50,1,100,,36470,4460,0,50,1
68301,'F7',712,,40896,2379,,,2
68301,'SE',712,,40897,2379,,,2
