1701,'DI',604,,4963,8730,,,1,100,,4961,8730,,,1,30,,4953,8730,,,1,70,,4969,8730,,,1,30,,4948,8730,,,1,70,,4964,8730,,,1,30,,4954,8730,,,1,70,,4962,8730,,,1,30,,4958,8730,,,1,70,,4970,8730,,,1,30,,4944,8730,,,1,70,,4965,8730,,,1,30,,4973,8730,,,1,70,,4971,8730,,,1,30,,4950,8730,,,1,70,,4959,8730,,,1,30,,4955,8730,,,1,70,,4966,8730,,,1,30,,4951,8730,,,1,69,,4945,8730,,,1,30,,4941,8730,,,1,71,,4946,8730,,,1,30,,4942,8730,,,1,70,,4956,8730,,,1,31,,4943,8730,,,1,70,,4957,8730,,,1,99,,4967,8730,,,1,100,,4952,8730,,,1,100,,4972,8730,,,1,100,,4968,8730,,,1,100,,4949,8730,,,1,100,,4947,8730,,,1
1701,'F1',604,,5003,8730,,,1,100,,4993,8730,,,1,30,,4985,8730,,,1,70,,4978,8730,,,1,30,,4994,8730,,,1,70,,4988,8730,,,1,30,,5000,8730,,,1,70,,5001,8730,,,1,30,,4987,8730,,,1,70,,4989,8730,,,1,30,,4979,8730,,,1,70,,5004,8730,,,1,30,,4986,8730,,,1,70,,4990,8730,,,1,30,,4981,8730,,,1,70,,5005,8730,,,1,30,,4995,8730,,,1,70,,5002,8730,,,1,30,,4984,8730,,,1,70,,4991,8730,,,1,30,,4974,8730,,,1,69,,4982,8730,,,1,30,,4996,8730,,,1,71,,4977,8730,,,1,30,,4997,8730,,,1,71,,4992,8730,,,1,99,,4980,8730,,,1,100,,4999,8730,,,1,100,,4983,8730,,,1,100,,4975,8730,,,1,100,,5006,8730,,,1,100,,4976,8730,,,1
1701,'F7',604,,5029,8730,,,1,100,,5027,8730,,,1,30,,5019,8730,,,1,70,,5035,8730,,,1,30,,5014,8730,,,1,70,,5030,8730,,,1,30,,5020,8730,,,1,70,,5028,8730,,,1,30,,5024,8730,,,1,70,,5036,8730,,,1,30,,5010,8730,,,1,70,,5031,8730,,,1,30,,5039,8730,,,1,70,,5037,8730,,,1,30,,5016,8730,,,1,70,,5025,8730,,,1,30,,5021,8730,,,1,70,,5032,8730,,,1,30,,5017,8730,,,1,69,,5011,8730,,,1,30,,5007,8730,,,1,71,,5012,8730,,,1,30,,5008,8730,,,1,70,,5022,8730,,,1,31,,5009,8730,,,1,70,,5023,8730,,,1,99,,5033,8730,,,1,100,,5018,8730,,,1,100,,5038,8730,,,1,100,,5034,8730,,,1,100,,5015,8730,,,1,100,,5013,8730,,,1
1701,'F9',604,,5069,8730,,,1,100,,5059,8730,,,1,30,,5051,8730,,,1,70,,5044,8730,,,1,30,,5060,8730,,,1,70,,5054,8730,,,1,30,,5066,8730,,,1,70,,5067,8730,,,1,30,,5053,8730,,,1,70,,5055,8730,,,1,30,,5045,8730,,,1,70,,5070,8730,,,1,30,,5052,8730,,,1,70,,5056,8730,,,1,30,,5047,8730,,,1,70,,5071,8730,,,1,30,,5061,8730,,,1,70,,5068,8730,,,1,30,,5050,8730,,,1,70,,5057,8730,,,1,30,,5040,8730,,,1,69,,5048,8730,,,1,30,,5062,8730,,,1,71,,5043,8730,,,1,30,,5063,8730,,,1,71,,5058,8730,,,1,99,,5046,8730,,,1,100,,5065,8730,,,1,100,,5049,8730,,,1,100,,5041,8730,,,1,100,,5072,8730,,,1,100,,5042,8730,,,1
1701,'SA',604,,5102,8730,,,1,100,,5092,8730,,,1,30,,5084,8730,,,1,70,,5077,8730,,,1,30,,5093,8730,,,1,70,,5087,8730,,,1,30,,5099,8730,,,1,70,,5100,8730,,,1,30,,5086,8730,,,1,70,,5088,8730,,,1,30,,5078,8730,,,1,70,,5103,8730,,,1,30,,5085,8730,,,1,70,,5089,8730,,,1,30,,5080,8730,,,1,70,,5104,8730,,,1,30,,5094,8730,,,1,70,,5101,8730,,,1,30,,5083,8730,,,1,70,,5090,8730,,,1,30,,5073,8730,,,1,69,,5081,8730,,,1,30,,5095,8730,,,1,71,,5076,8730,,,1,30,,5096,8730,,,1,71,,5091,8730,,,1,99,,5079,8730,,,1,100,,5098,8730,,,1,100,,5082,8730,,,1,100,,5074,8730,,,1,100,,5105,8730,,,1,100,,5075,8730,,,1
2001,'DI',559,,5767,10949,,,2,100,,5778,10949,,,2,100,,5772,10949,,,2,100,,5768,10949,,,2,100,,5779,10949,,,2,100,,5773,10949,,,2,97,,5769,10949,,,2,103,,5770,10949,,,2,100,,5774,10949,,,2,100,,5780,10949,,,2,100,,5771,10949,,,2,97,,5775,10949,,,2,103,,5776,10949,,,2,100,,5783,10949,,,2,100,,5766,10949,,,2,100,,5781,10949,,,2,100,,5777,10949,,,2,100,,5765,10949,,,2,100,,5764,10949,,,2
2001,'F1',600,,5795,10949,,,2,100,,5803,10949,,,2,100,,5791,10949,,,2,100,,5799,10949,,,2,100,,5796,10949,,,2,100,,5794,10949,,,2,100,,5804,10949,,,2,100,,5797,10949,,,2,100,,5786,10949,,,2,100,,5792,10949,,,2,100,,5798,10949,,,2,56,,5800,10949,,,2,144,,5801,10949,,,2,104,,5802,10949,,,2,96,,5787,10949,,,2,100,,5793,10949,,,2,100,,5784,10949,,,2,100,,5788,10949,,,2,100,,5785,10949,,,2,100,,5790,10949,,,2
2001,'F7',559,,5808,10949,,,2,100,,5819,10949,,,2,100,,5813,10949,,,2,100,,5809,10949,,,2,100,,5820,10949,,,2,100,,5814,10949,,,2,97,,5810,10949,,,2,103,,5811,10949,,,2,100,,5815,10949,,,2,100,,5821,10949,,,2,100,,5812,10949,,,2,97,,5816,10949,,,2,103,,5817,10949,,,2,100,,5824,10949,,,2,100,,5807,10949,,,2,100,,5822,10949,,,2,100,,5818,10949,,,2,100,,5806,10949,,,2,100,,5805,10949,,,2
2001,'F8',546,,5857,10949,,,2,76,,5867,10949,,,2,20,,5879,10949,,,2,16,,5834,10949,,,2,49,,5868,10949,,,2,9,,5873,10949,,,2,9,,5844,10949,,,2,9,,5832,10949,,,2,4,,5837,10949,,,2,14,,5842,10949,,,2,50,,5827,10949,,,2,8,,5828,10949,,,2,10,,5841,10949,,,2,9,,5843,10949,,,2,6,,5826,10949,,,2,14,,5833,10949,,,2,71,,5877,10949,,,2,31,,5835,10949,,,2,70,,5830,10949,,,2,31,,5838,10949,,,2,70,,5845,10949,,,2,30,,5825,10949,,,2,70,,5870,10949,,,2,30,,5859,10949,,,2,70,,5846,10949,,,2,30,,5863,10949,,,2,70,,5869,10949,,,2,30,,5878,10949,,,2,70,,5847,10949,,,2,32,,5839,10949,,,2,61,,5876,10949,,,2,17,,5858,10949,,,2,15,,5874,10949,,,2,55,,5862,10949,,,2,15,,5855,10949,,,2,15,,5865,10949,,,2,11,,5860,10949,,,2,13,,5853,10949,,,2,49,,5850,10949,,,2,12,,5871,10949,,,2,13,,5856,10949,,,2,10,,5836,10949,,,2,14,,5848,10949,,,2,53,,5854,10949,,,2,15,,5851,10949,,,2,28,,5861,10949,,,2,70,,5866,10949,,,2,30,,5840,10949,,,2,70,,5831,10949,,,2,30,,5872,10949,,,2,70,,5849,10949,,,2,100,,5852,10949,,,2,100,,5864,10949,,,2,100,,5829,10949,,,2
2001,'F9',600,,5891,10949,,,2,100,,5899,10949,,,2,100,,5887,10949,,,2,100,,5895,10949,,,2,100,,5892,10949,,,2,100,,5890,10949,,,2,100,,5900,10949,,,2,100,,5893,10949,,,2,100,,5882,10949,,,2,100,,5888,10949,,,2,100,,5894,10949,,,2,56,,5896,10949,,,2,144,,5897,10949,,,2,104,,5898,10949,,,2,96,,5883,10949,,,2,100,,5889,10949,,,2,100,,5880,10949,,,2,100,,5884,10949,,,2,100,,5881,10949,,,2,100,,5886,10949,,,2
2001,'SA',600,,5912,10949,,,2,100,,5920,10949,,,2,100,,5908,10949,,,2,100,,5916,10949,,,2,100,,5913,10949,,,2,100,,5911,10949,,,2,100,,5921,10949,,,2,100,,5914,10949,,,2,100,,5903,10949,,,2,100,,5909,10949,,,2,100,,5915,10949,,,2,56,,5917,10949,,,2,144,,5918,10949,,,2,104,,5919,10949,,,2,96,,5904,10949,,,2,100,,5910,10949,,,2,100,,5901,10949,,,2,100,,5905,10949,,,2,100,,5902,10949,,,2,100,,5907,10949,,,2
2001,'SE',546,,5954,10949,,,2,76,,5964,10949,,,2,20,,5976,10949,,,2,16,,5931,10949,,,2,49,,5965,10949,,,2,9,,5970,10949,,,2,9,,5941,10949,,,2,9,,5929,10949,,,2,4,,5934,10949,,,2,14,,5939,10949,,,2,50,,5924,10949,,,2,8,,5925,10949,,,2,10,,5938,10949,,,2,9,,5940,10949,,,2,6,,5923,10949,,,2,14,,5930,10949,,,2,71,,5974,10949,,,2,31,,5932,10949,,,2,70,,5927,10949,,,2,31,,5935,10949,,,2,70,,5942,10949,,,2,30,,5922,10949,,,2,70,,5967,10949,,,2,30,,5956,10949,,,2,70,,5943,10949,,,2,30,,5960,10949,,,2,70,,5966,10949,,,2,30,,5975,10949,,,2,70,,5944,10949,,,2,32,,5936,10949,,,2,61,,5973,10949,,,2,17,,5955,10949,,,2,15,,5971,10949,,,2,55,,5959,10949,,,2,15,,5952,10949,,,2,15,,5962,10949,,,2,11,,5957,10949,,,2,13,,5950,10949,,,2,49,,5947,10949,,,2,12,,5968,10949,,,2,13,,5953,10949,,,2,10,,5933,10949,,,2,14,,5945,10949,,,2,53,,5951,10949,,,2,15,,5948,10949,,,2,28,,5958,10949,,,2,70,,5963,10949,,,2,30,,5937,10949,,,2,70,,5928,10949,,,2,30,,5969,10949,,,2,70,,5946,10949,,,2,100,,5949,10949,,,2,100,,5961,10949,,,2,100,,5926,10949,,,2
2501,'DI',1610,,6767,13812,,,2
2501,'F1',1610,,6768,13812,,,2
2501,'F7',1610,,6769,13812,,,2
2501,'F8',522,,6777,12175,,,2,30,,6779,12175,,,2,63,,6781,12175,,,2,34,,6778,12175,,,2,76,,6797,13812,,,2,30,,6795,13812,,,2,65,,6773,12175,,,2,30,,6782,12175,,,2,67,,6780,12175,,,2,505,,6790,12175,,,2,31,,6772,12175,,,2,72,,6770,12175,,,2,31,,6800,13812,,,2,60,,6799,13812,,,2,12,,6796,13812,,,2,9,,6794,12175,,,2,19,,6786,12175,,,2,54,,6771,12175,,,2,16,,6774,12175,,,2,28,,6784,12175,,,2,67,,6792,12175,,,2,29,,6775,12175,,,2,99,,6783,12175,,,2,385,,6787,12175,,,2,86,,6801,13812,,,2,12,,6793,12175,,,2,75,,6788,12175,,,2
2501,'F9',1610,,6802,13812,,,2
2501,'SA',1610,,6803,13812,,,2
2501,'SE',522,,6811,12175,,,2,30,,6813,12175,,,2,63,,6815,12175,,,2,34,,6812,12175,,,2,76,,6831,13812,,,2,30,,6829,13812,,,2,65,,6807,12175,,,2,30,,6816,12175,,,2,67,,6814,12175,,,2,505,,6824,12175,,,2,31,,6806,12175,,,2,72,,6804,12175,,,2,31,,6834,13812,,,2,60,,6833,13812,,,2,12,,6830,13812,,,2,9,,6828,12175,,,2,19,,6820,12175,,,2,54,,6805,12175,,,2,16,,6808,12175,,,2,28,,6818,12175,,,2,67,,6826,12175,,,2,29,,6809,12175,,,2,99,,6817,12175,,,2,385,,6821,12175,,,2,86,,6835,13812,,,2,12,,6827,12175,,,2,75,,6822,12175,,,2
7601,'F8',516,,13446,5847,,,1,30,,13425,5847,,,1,70,,13441,5847,,,1,26,,13449,5847,,,1,61,,13450,5847,,,1,20,,13442,5847,,,1,20,,13447,5847,,,1,4,,13432,5847,,,1,5,,13427,5847,,,1,55,,13421,5847,,,1,21,,13416,5847,,,1,22,,13422,5847,,,1,66,,13410,5847,,,1,30,,13420,5847,,,1,70,,13411,5847,,,1,30,,13451,5847,,,1,70,,13407,5847,,,1,30,,13415,5847,,,1,70,,13452,5847,,,1,30,,13428,5847,,,1,70,,13448,5847,,,1,30,,13409,5847,,,1,70,,13413,5847,,,1,32,,13418,5847,,,1,75,,13414,5847,,,1,26,,13424,5847,,,1,72,,13440,5847,,,1,34,,13417,5847,,,1,64,,13433,5847,,,1,16,,13419,5847,,,1,19,,13408,5847,,,1,61,,13423,5847,,,1,17,,13429,5847,,,1,18,,13426,5847,,,1,66,,13443,5847,,,1,30,,13412,5847,,,1,70,,13438,5847,,,1,30,,13430,5847,,,1,70,,13434,5847,,,1,30,,13431,5847,,,1,70,,13435,5847,,,1,29,,13444,5847,,,1,70,,13436,5847,,,1,30,,13445,5847,,,1,70,,13437,5847,,,1,30,,13439,5847,,,1
7601,'SE',516,,13492,5847,,,1,30,,13471,5847,,,1,70,,13487,5847,,,1,26,,13495,5847,,,1,61,,13496,5847,,,1,20,,13488,5847,,,1,20,,13493,5847,,,1,4,,13478,5847,,,1,5,,13473,5847,,,1,55,,13467,5847,,,1,21,,13462,5847,,,1,22,,13468,5847,,,1,66,,13456,5847,,,1,30,,13466,5847,,,1,70,,13457,5847,,,1,30,,13497,5847,,,1,70,,13453,5847,,,1,30,,13461,5847,,,1,70,,13498,5847,,,1,30,,13474,5847,,,1,70,,13494,5847,,,1,30,,13455,5847,,,1,70,,13459,5847,,,1,32,,13464,5847,,,1,75,,13460,5847,,,1,26,,13470,5847,,,1,72,,13486,5847,,,1,34,,13463,5847,,,1,64,,13479,5847,,,1,16,,13465,5847,,,1,19,,13454,5847,,,1,61,,13469,5847,,,1,17,,13475,5847,,,1,18,,13472,5847,,,1,66,,13489,5847,,,1,30,,13458,5847,,,1,70,,13484,5847,,,1,30,,13476,5847,,,1,70,,13480,5847,,,1,30,,13477,5847,,,1,70,,13481,5847,,,1,29,,13490,5847,,,1,70,,13482,5847,,,1,30,,13491,5847,,,1,70,,13483,5847,,,1,30,,13485,5847,,,1
8101,'DI',641,,14302,18241,,,1,100,,14299,18241,,,1,100,,14303,18241,,,1,103,,14305,18241,,,1,100,,14300,18241,,,1,100,,14304,18241,,,1,100,,14295,18241,,,1,100,,14308,18241,,,1,100,,14296,18241,,,1,100,,14301,18241,,,1,100,,14309,18241,,,1,96,,14306,18241,,,1,108,,14312,18241,,,1,96,,14310,18241,,,1,100,,14297,18241,,,1,100,,14313,18241,,,1,100,,14311,18241,,,1,100,,14298,18241,,,1,100,,14314,18241,,,1
8101,'F1',641,,14325,18241,,,1,100,,14322,18241,,,1,100,,14318,18241,,,1,103,,14323,18241,,,1,100,,14319,18241,,,1,100,,14330,18241,,,1,100,,14317,18241,,,1,100,,14327,18241,,,1,100,,14320,18241,,,1,100,,14324,18241,,,1,100,,14321,18241,,,1,100,,14315,18241,,,1,104,,14331,18241,,,1,96,,14334,18241,,,1,100,,14316,18241,,,1,100,,14332,18241,,,1,100,,14335,18241,,,1,100,,14329,18241,,,1,100,,14333,18241,,,1,100,,14328,18241,,,1
8101,'F7',641,,14343,18241,,,1,100,,14340,18241,,,1,100,,14344,18241,,,1,103,,14346,18241,,,1,100,,14341,18241,,,1,100,,14345,18241,,,1,100,,14336,18241,,,1,100,,14349,18241,,,1,100,,14337,18241,,,1,100,,14342,18241,,,1,100,,14350,18241,,,1,96,,14347,18241,,,1,108,,14353,18241,,,1,96,,14351,18241,,,1,100,,14338,18241,,,1,100,,14354,18241,,,1,100,,14352,18241,,,1,100,,14339,18241,,,1,100,,14355,18241,,,1
8101,'F8',612,,14374,18241,,,1,30,,14367,18241,,,1,62,,14361,18241,,,1,38,,14373,18241,,,1,70,,14359,18241,,,1,31,,14375,18241,,,1,69,,14356,18241,,,1,36,,14381,18241,,,1,98,,14360,18241,,,1,100,,14368,18241,,,1,100,,14362,18241,,,1,100,,14369,18241,,,1,100,,14366,18241,,,1,100,,14384,18241,,,1,71,,14357,18241,,,1,31,,14370,18241,,,1,70,,14363,18241,,,1,30,,14376,18241,,,1,70,,14358,18241,,,1,30,,14371,18241,,,1,70,,14382,18241,,,1,26,,14379,18241,,,1,100,,14383,18241,,,1,100,,14364,18241,,,1,100,,14377,18241,,,1,100,,14380,18241,,,1,100,,14365,18241,,,1,100,,14378,18241,,,1
8101,'F9',641,,14395,18241,,,1,100,,14392,18241,,,1,100,,14388,18241,,,1,103,,14393,18241,,,1,100,,14389,18241,,,1,100,,14400,18241,,,1,100,,14387,18241,,,1,100,,14397,18241,,,1,100,,14390,18241,,,1,100,,14394,18241,,,1,100,,14391,18241,,,1,100,,14385,18241,,,1,104,,14401,18241,,,1,96,,14404,18241,,,1,100,,14386,18241,,,1,100,,14402,18241,,,1,100,,14405,18241,,,1,100,,14399,18241,,,1,100,,14403,18241,,,1,100,,14398,18241,,,1
8101,'SA',641,,14416,18241,,,1,100,,14413,18241,,,1,100,,14409,18241,,,1,103,,14414,18241,,,1,100,,14410,18241,,,1,100,,14421,18241,,,1,100,,14408,18241,,,1,100,,14418,18241,,,1,100,,14411,18241,,,1,100,,14415,18241,,,1,100,,14412,18241,,,1,100,,14406,18241,,,1,104,,14422,18241,,,1,96,,14425,18241,,,1,100,,14407,18241,,,1,100,,14423,18241,,,1,100,,14426,18241,,,1,100,,14420,18241,,,1,100,,14424,18241,,,1,100,,14419,18241,,,1
8101,'SE',612,,14445,18241,,,1,30,,14438,18241,,,1,62,,14432,18241,,,1,38,,14444,18241,,,1,70,,14430,18241,,,1,31,,14446,18241,,,1,69,,14427,18241,,,1,36,,14452,18241,,,1,98,,14431,18241,,,1,100,,14439,18241,,,1,100,,14433,18241,,,1,100,,14440,18241,,,1,100,,14437,18241,,,1,100,,14455,18241,,,1,71,,14428,18241,,,1,31,,14441,18241,,,1,70,,14434,18241,,,1,30,,14447,18241,,,1,70,,14429,18241,,,1,30,,14442,18241,,,1,70,,14453,18241,,,1,26,,14450,18241,,,1,100,,14454,18241,,,1,100,,14435,18241,,,1,100,,14448,18241,,,1,100,,14451,18241,,,1,100,,14436,18241,,,1,100,,14449,18241,,,1
12501,'F8',1552,,16259,2294,,,2,52,,16253,2294,,,2,9,,16257,2294,,,2,13,,16255,2294,,,2,14,,16258,2294,,,2,3,,16254,2294,,,2,10,,16256,2294,,,2
12501,'SE',1552,,16266,2294,,,2,52,,16260,2294,,,2,9,,16264,2294,,,2,13,,16262,2294,,,2,14,,16265,2294,,,2,3,,16261,2294,,,2,10,,16263,2294,,,2
