8301,'DI',719,,36304,4716,0,50,1,100,,36305,4716,0,50,1,108,,36306,4716,0,50,1,100,,36307,4716,0,50,1,100,,36308,4716,0,50,1,100,,36309,4716,0,50,1,100,,36310,4716,0,50,1,100,,36311,4716,0,50,1,100,,36312,4716,0,50,1,100,,36313,4716,0,50,1,100,,36314,4716,0,50,1,100,,36315,4716,0,50,1,100,,36316,4716,0,50,1,100,,36317,4716,0,50,1,100,,36318,4716,0,50,1,100,,36319,4716,0,50,1,100,,36320,4716,0,50,1,100,,36321,4716,0,50,1
8301,'F1',619,,14698,4716,0,50,1,100,,14699,4716,0,50,1,100,,36325,4716,0,50,1,108,,36326,4716,0,50,1,100,,36327,4716,0,50,1,100,,36328,4716,0,50,1,100,,36329,4716,0,50,1,100,,36330,4716,0,50,1,100,,36331,4716,0,50,1,100,,36332,4716,0,50,1,100,,36333,4716,0,50,1,100,,36334,4716,0,50,1,100,,36335,4716,0,50,1,100,,36336,4716,0,50,1,100,,36337,4716,0,50,1,100,,36338,4716,0,50,1,100,,36339,4716,0,50,1,100,,36322,4716,0,50,1,100,,36323,4716,0,50,1,100,,36324,4716,0,50,1
8301,'F2',619,,36356,4716,0,50,1,100,,36357,4716,0,50,1,100,,36358,4716,0,50,1,108,,36359,4716,0,50,1,100,,36340,4716,0,50,1,100,,36341,4716,0,50,1,100,,36342,4716,0,50,1,100,,36343,4716,0,50,1,100,,36344,4716,0,50,1,100,,36345,4716,0,50,1,100,,36346,4716,0,50,1,100,,36347,4716,0,50,1,100,,36348,4716,0,50,1,100,,36349,4716,0,50,1,100,,36350,4716,0,50,1,100,,36351,4716,0,50,1,100,,36352,4716,0,50,1,100,,36353,4716,0,50,1,100,,36354,4716,0,50,1,100,,36355,4716,0,50,1
8301,'F7',543,,36378,4716,0,50,1,70,,36382,4716,0,50,1,19,,36373,4716,0,50,1,16,,36379,4716,0,50,1,65,,36384,4716,0,50,1,20,,36380,4716,0,50,1,22,,36369,4716,0,50,1,58,,36383,4716,0,50,1,20,,36375,4716,0,50,1,23,,36371,4716,0,50,1,71,,36391,4716,0,50,1,20,,36381,4716,0,50,1,80,,36366,4716,0,50,1,100,,36367,4716,0,50,1,100,,36374,4716,0,50,1,100,,36361,4716,0,50,1,100,,36362,4716,0,50,1,101,,36363,4716,0,50,1,15,,36385,4716,0,50,1,65,,36364,4716,0,50,1,21,,36392,4716,0,50,1,22,,36360,4716,0,50,1,60,,36370,4716,0,50,1,18,,36393,4716,0,50,1,20,,36394,4716,0,50,1,59,,36372,4716,0,50,1,20,,36386,4716,0,50,1,20,,36368,4716,0,50,1,80,,36387,4716,0,50,1,100,,36388,4716,0,50,1,100,,36389,4716,0,50,1,100,,36390,4716,0,50,1,100,,36365,4716,0,50,1,100,,36376,4716,0,50,1,100,,36377,4716,0,50,1
8301,'F8',619,,36411,4716,0,50,1,100,,36412,4716,0,50,1,100,,36413,4716,0,50,1,108,,36414,4716,0,50,1,100,,36395,4716,0,50,1,100,,36396,4716,0,50,1,100,,36397,4716,0,50,1,100,,36398,4716,0,50,1,100,,36399,4716,0,50,1,100,,36400,4716,0,50,1,100,,36401,4716,0,50,1,100,,36402,4716,0,50,1,100,,36403,4716,0,50,1,100,,36404,4716,0,50,1,100,,36405,4716,0,50,1,100,,36406,4716,0,50,1,100,,36407,4716,0,50,1,100,,36408,4716,0,50,1,100,,36409,4716,0,50,1,100,,36410,4716,0,50,1
8301,'F9',719,,36415,4716,0,50,1,100,,36416,4716,0,50,1,108,,36417,4716,0,50,1,100,,36418,4716,0,50,1,100,,36419,4716,0,50,1,100,,36420,4716,0,50,1,100,,36421,4716,0,50,1,100,,36422,4716,0,50,1,100,,36423,4716,0,50,1,100,,36424,4716,0,50,1,100,,36425,4716,0,50,1,100,,36426,4716,0,50,1,100,,36427,4716,0,50,1,100,,36428,4716,0,50,1,100,,36429,4716,0,50,1,100,,36430,4716,0,50,1,100,,36431,4716,0,50,1,100,,36432,4716,0,50,1
8301,'SA',619,,36449,4716,0,50,1,100,,36450,4716,0,50,1,100,,36451,4716,0,50,1,108,,36452,4716,0,50,1,100,,36433,4716,0,50,1,100,,36434,4716,0,50,1,100,,36435,4716,0,50,1,100,,36436,4716,0,50,1,100,,36437,4716,0,50,1,100,,36438,4716,0,50,1,100,,36439,4716,0,50,1,100,,36440,4716,0,50,1,100,,36441,4716,0,50,1,100,,36442,4716,0,50,1,100,,36443,4716,0,50,1,100,,36444,4716,0,50,1,100,,36445,4716,0,50,1,100,,36446,4716,0,50,1,100,,36447,4716,0,50,1,100,,36448,4716,0,50,1
8301,'SE',543,,36471,4716,0,50,1,70,,36475,4716,0,50,1,19,,36466,4716,0,50,1,16,,36472,4716,0,50,1,65,,36477,4716,0,50,1,20,,36473,4716,0,50,1,22,,36462,4716,0,50,1,58,,36476,4716,0,50,1,20,,36468,4716,0,50,1,23,,36464,4716,0,50,1,71,,36484,4716,0,50,1,20,,36474,4716,0,50,1,80,,36459,4716,0,50,1,100,,36460,4716,0,50,1,100,,36467,4716,0,50,1,100,,36454,4716,0,50,1,100,,36455,4716,0,50,1,101,,36456,4716,0,50,1,15,,36478,4716,0,50,1,65,,36457,4716,0,50,1,21,,36485,4716,0,50,1,22,,36453,4716,0,50,1,60,,36463,4716,0,50,1,18,,36486,4716,0,50,1,20,,36487,4716,0,50,1,59,,36465,4716,0,50,1,20,,36479,4716,0,50,1,20,,36461,4716,0,50,1,80,,36480,4716,0,50,1,100,,36481,4716,0,50,1,100,,36482,4716,0,50,1,100,,36483,4716,0,50,1,100,,36458,4716,0,50,1,100,,36469,4716,0,50,1,100,,36470,4716,0,50,1
68301,'F7',712,,40896,2635,,,2
68301,'SE',712,,40897,2635,,,2
