1000,'DI',638,,3093,4946,,,1,70,,3120,4946,,,1,30,,3092,4946,,,1,70,,3103,4946,,,1,38,,3094,4946,,,1,70,,3104,4946,,,1,30,,3095,4946,,,1,70,,3105,4946,,,1,30,,3121,4946,,,1,70,,3106,4946,,,1,30,,3122,4946,,,1,70,,3112,4946,,,1,30,,3123,4946,,,1,70,,3113,4946,,,1,30,,3107,4946,,,1,70,,3114,4946,,,1,30,,3108,4946,,,1,70,,3115,4946,,,1,30,,3109,4946,,,1,70,,3116,4946,,,1,30,,3110,4946,,,1,70,,3117,4946,,,1,30,,3111,4946,,,1,70,,3118,4946,,,1,41,,3096,4946,,,1,100,,3097,4946,,,1,100,,3098,4946,,,1,100,,3099,4946,,,1,100,,3100,4946,,,1,100,,3101,4946,,,1,100,,3102,4946,,,1
1000,'F1',607,,3156,4946,,,1,30,,3139,4946,,,1,70,,3132,4946,,,1,30,,3140,4946,,,1,70,,3153,4946,,,1,38,,3138,4946,,,1,70,,3124,4946,,,1,30,,3141,4946,,,1,70,,3125,4946,,,1,30,,3133,4946,,,1,70,,3126,4946,,,1,30,,3146,4946,,,1,71,,3154,4946,,,1,30,,3147,4946,,,1,70,,3127,4946,,,1,30,,3148,4946,,,1,70,,3128,4946,,,1,30,,3149,4946,,,1,70,,3129,4946,,,1,30,,3150,4946,,,1,70,,3130,4946,,,1,29,,3151,4946,,,1,71,,3131,4946,,,1,30,,3152,4946,,,1,70,,3142,4946,,,1,41,,3134,4946,,,1,100,,3135,4946,,,1,100,,3136,4946,,,1,100,,3137,4946,,,1,100,,3143,4946,,,1,100,,3144,4946,,,1,100,,3145,4946,,,1
1000,'F7',638,,3158,4946,,,1,70,,3185,4946,,,1,30,,3157,4946,,,1,70,,3168,4946,,,1,38,,3159,4946,,,1,70,,3169,4946,,,1,30,,3160,4946,,,1,70,,3170,4946,,,1,30,,3186,4946,,,1,70,,3171,4946,,,1,30,,3187,4946,,,1,70,,3177,4946,,,1,30,,3188,4946,,,1,70,,3178,4946,,,1,30,,3172,4946,,,1,70,,3179,4946,,,1,30,,3173,4946,,,1,70,,3180,4946,,,1,30,,3174,4946,,,1,70,,3181,4946,,,1,30,,3175,4946,,,1,70,,3182,4946,,,1,30,,3176,4946,,,1,70,,3183,4946,,,1,41,,3161,4946,,,1,100,,3162,4946,,,1,100,,3163,4946,,,1,100,,3164,4946,,,1,100,,3165,4946,,,1,100,,3166,4946,,,1,100,,3167,4946,,,1
1000,'F9',607,,3221,4946,,,1,30,,3204,4946,,,1,70,,3197,4946,,,1,30,,3205,4946,,,1,70,,3218,4946,,,1,38,,3203,4946,,,1,70,,3189,4946,,,1,30,,3206,4946,,,1,70,,3190,4946,,,1,30,,3198,4946,,,1,70,,3191,4946,,,1,30,,3211,4946,,,1,71,,3219,4946,,,1,30,,3212,4946,,,1,70,,3192,4946,,,1,30,,3213,4946,,,1,70,,3193,4946,,,1,30,,3214,4946,,,1,70,,3194,4946,,,1,30,,3215,4946,,,1,70,,3195,4946,,,1,29,,3216,4946,,,1,71,,3196,4946,,,1,30,,3217,4946,,,1,70,,3207,4946,,,1,41,,3199,4946,,,1,100,,3200,4946,,,1,100,,3201,4946,,,1,100,,3202,4946,,,1,100,,3208,4946,,,1,100,,3209,4946,,,1,100,,3210,4946,,,1
1000,'SA',607,,3254,4946,,,1,30,,3237,4946,,,1,70,,3230,4946,,,1,30,,3238,4946,,,1,70,,3251,4946,,,1,38,,3236,4946,,,1,70,,3222,4946,,,1,30,,3239,4946,,,1,70,,3223,4946,,,1,30,,3231,4946,,,1,70,,3224,4946,,,1,30,,3244,4946,,,1,71,,3252,4946,,,1,30,,3245,4946,,,1,70,,3225,4946,,,1,30,,3246,4946,,,1,70,,3226,4946,,,1,30,,3247,4946,,,1,70,,3227,4946,,,1,30,,3248,4946,,,1,70,,3228,4946,,,1,29,,3249,4946,,,1,71,,3229,4946,,,1,30,,3250,4946,,,1,70,,3240,4946,,,1,41,,3232,4946,,,1,100,,3233,4946,,,1,100,,3234,4946,,,1,100,,3235,4946,,,1,100,,3241,4946,,,1,100,,3242,4946,,,1,100,,3243,4946,,,1
1700,'DI',630,,4805,4835,,,1,100,,4812,4835,,,1,70,,4793,4835,,,1,30,,4807,4835,,,1,70,,4798,4835,,,1,30,,4806,4835,,,1,70,,4802,4835,,,1,30,,4813,4835,,,1,70,,4789,4835,,,1,30,,4808,4835,,,1,70,,4816,4835,,,1,30,,4814,4835,,,1,70,,4795,4835,,,1,30,,4803,4835,,,1,70,,4799,4835,,,1,30,,4809,4835,,,1,70,,4796,4835,,,1,29,,4790,4835,,,1,30,,4786,4835,,,1,71,,4791,4835,,,1,70,,4787,4835,,,1,30,,4800,4835,,,1,71,,4788,4835,,,1,30,,4801,4835,,,1,99,,4810,4835,,,1,100,,4797,4835,,,1,100,,4815,4835,,,1,100,,4811,4835,,,1,100,,4794,4835,,,1,100,,4792,4835,,,1,100,,4804,4835,,,1
1700,'F1',629,,4835,4835,,,1,100,,4821,4835,,,1,30,,4836,4835,,,1,70,,4830,4835,,,1,30,,4842,4835,,,1,70,,4843,4835,,,1,30,,4829,4835,,,1,70,,4831,4835,,,1,30,,4822,4835,,,1,70,,4845,4835,,,1,30,,4828,4835,,,1,70,,4832,4835,,,1,30,,4824,4835,,,1,70,,4846,4835,,,1,30,,4837,4835,,,1,70,,4844,4835,,,1,30,,4827,4835,,,1,70,,4833,4835,,,1,30,,4817,4835,,,1,69,,4825,4835,,,1,30,,4838,4835,,,1,71,,4820,4835,,,1,30,,4839,4835,,,1,71,,4834,4835,,,1,99,,4823,4835,,,1,100,,4841,4835,,,1,100,,4826,4835,,,1,100,,4818,4835,,,1,100,,4847,4835,,,1,100,,4819,4835,,,1,100,,4840,4835,,,1
1700,'F7',630,,4867,4835,,,1,100,,4874,4835,,,1,70,,4855,4835,,,1,30,,4869,4835,,,1,70,,4860,4835,,,1,30,,4868,4835,,,1,70,,4864,4835,,,1,30,,4875,4835,,,1,70,,4851,4835,,,1,30,,4870,4835,,,1,70,,4878,4835,,,1,30,,4876,4835,,,1,70,,4857,4835,,,1,30,,4865,4835,,,1,70,,4861,4835,,,1,30,,4871,4835,,,1,70,,4858,4835,,,1,29,,4852,4835,,,1,30,,4848,4835,,,1,71,,4853,4835,,,1,70,,4849,4835,,,1,30,,4862,4835,,,1,71,,4850,4835,,,1,30,,4863,4835,,,1,99,,4872,4835,,,1,100,,4859,4835,,,1,100,,4877,4835,,,1,100,,4873,4835,,,1,100,,4856,4835,,,1,100,,4854,4835,,,1,100,,4866,4835,,,1
1700,'F9',629,,4897,4835,,,1,100,,4883,4835,,,1,30,,4898,4835,,,1,70,,4892,4835,,,1,30,,4904,4835,,,1,70,,4905,4835,,,1,30,,4891,4835,,,1,70,,4893,4835,,,1,30,,4884,4835,,,1,70,,4907,4835,,,1,30,,4890,4835,,,1,70,,4894,4835,,,1,30,,4886,4835,,,1,70,,4908,4835,,,1,30,,4899,4835,,,1,70,,4906,4835,,,1,30,,4889,4835,,,1,70,,4895,4835,,,1,30,,4879,4835,,,1,69,,4887,4835,,,1,30,,4900,4835,,,1,71,,4882,4835,,,1,30,,4901,4835,,,1,71,,4896,4835,,,1,99,,4885,4835,,,1,100,,4903,4835,,,1,100,,4888,4835,,,1,100,,4880,4835,,,1,100,,4909,4835,,,1,100,,4881,4835,,,1,100,,4902,4835,,,1
1700,'SA',629,,4928,4835,,,1,100,,4914,4835,,,1,30,,4929,4835,,,1,70,,4923,4835,,,1,30,,4935,4835,,,1,70,,4936,4835,,,1,30,,4922,4835,,,1,70,,4924,4835,,,1,30,,4915,4835,,,1,70,,4938,4835,,,1,30,,4921,4835,,,1,70,,4925,4835,,,1,30,,4917,4835,,,1,70,,4939,4835,,,1,30,,4930,4835,,,1,70,,4937,4835,,,1,30,,4920,4835,,,1,70,,4926,4835,,,1,30,,4910,4835,,,1,69,,4918,4835,,,1,30,,4931,4835,,,1,71,,4913,4835,,,1,30,,4932,4835,,,1,71,,4927,4835,,,1,99,,4916,4835,,,1,100,,4934,4835,,,1,100,,4919,4835,,,1,100,,4911,4835,,,1,100,,4940,4835,,,1,100,,4912,4835,,,1,100,,4933,4835,,,1
2901,'DI',705,,7243,4506,,,1,100,,7244,4506,,,1,100,,7245,4506,,,1,100,,7246,4506,,,1,100,,7247,4506,,,1,100,,7248,4506,,,1,100,,7249,4506,,,1,100,,7250,4506,,,1,100,,7251,4506,,,1,100,,7252,4506,,,1,100,,7253,4506,,,1,100,,7254,4506,,,1,99,,7255,4506,,,1,100,,7256,4506,,,1,100,,7257,4506,,,1,100,,7258,4506,,,1,100,,7259,4506,,,1,120,,7260,4506,,,1,100,,7261,4506,4,,1
2901,'F1',705,,7270,4506,,,1,100,,7271,4506,,,1,100,,7272,4506,,,1,100,,7273,4506,,,1,100,,7274,4506,,,1,100,,7275,4506,,,1,100,,7276,4506,,,1,100,,7277,4506,,,1,99,,7278,4506,,,1,99,,7279,4506,,,1,99,,7280,4506,,,1,108,,7262,4506,,,1,98,,7263,4506,,,1,97,,7264,4506,,,1,99,,7265,4506,,,1,100,,7266,4506,,,1,100,,7267,4506,,,1,120,,7268,4506,,,1,100,,7269,4506,4,,1
2901,'F7',705,,7281,4506,,,1,100,,7282,4506,,,1,100,,7283,4506,,,1,100,,7284,4506,,,1,100,,7285,4506,,,1,100,,7286,4506,,,1,100,,7287,4506,,,1,100,,7288,4506,,,1,100,,7289,4506,,,1,100,,7290,4506,,,1,100,,7291,4506,,,1,100,,7292,4506,,,1,99,,7293,4506,,,1,100,,7294,4506,,,1,100,,7295,4506,,,1,100,,7296,4506,,,1,100,,7297,4506,,,1,120,,7298,4506,,,1,100,,7299,4506,4,,1
2901,'F8',636,,7311,4506,,,1,66,,7310,4506,,,1,33,,7308,4506,,,1,5,,7314,4506,,,1,67,,7304,4506,,,1,30,,7301,4506,,,1,69,,7312,4506,,,1,103,,7309,4506,,,1,100,,7302,4506,,,1,101,,7303,4506,,,1,100,,7326,4506,,,1,100,,7300,4506,,,1,100,,7325,4506,,,1,35,,7327,4506,,,1,66,,7324,4506,,,1,34,,7315,4506,,,1,60,,7307,4506,,,1,29,,7323,4506,,,1,13,,7322,4506,,,1,68,,7313,4506,,,1,28,,7316,4506,,,1,67,,7305,4506,,,1,98,,7306,4506,,,1,99,,7317,4506,,,1,99,,7318,4506,,,1,98,,7319,4506,,,1,121,,7320,4506,,,1,96,,7321,4506,4,,1
2901,'F9',705,,7336,4506,,,1,100,,7337,4506,,,1,100,,7338,4506,,,1,100,,7339,4506,,,1,100,,7340,4506,,,1,100,,7341,4506,,,1,100,,7342,4506,,,1,100,,7343,4506,,,1,99,,7344,4506,,,1,99,,7345,4506,,,1,99,,7346,4506,,,1,108,,7328,4506,,,1,98,,7329,4506,,,1,97,,7330,4506,,,1,99,,7331,4506,,,1,100,,7332,4506,,,1,100,,7333,4506,,,1,120,,7334,4506,,,1,100,,7335,4506,4,,1
2901,'SA',705,,7355,4506,,,1,100,,7356,4506,,,1,100,,7357,4506,,,1,100,,7358,4506,,,1,100,,7359,4506,,,1,100,,7360,4506,,,1,100,,7361,4506,,,1,100,,7362,4506,,,1,99,,7363,4506,,,1,99,,7364,4506,,,1,99,,7365,4506,,,1,108,,7347,4506,,,1,98,,7348,4506,,,1,97,,7349,4506,,,1,99,,7350,4506,,,1,100,,7351,4506,,,1,100,,7352,4506,,,1,120,,7353,4506,,,1,100,,7354,4506,4,,1
2901,'SE',636,,7377,4506,,,1,66,,7376,4506,,,1,33,,7374,4506,,,1,5,,7380,4506,,,1,67,,7370,4506,,,1,30,,7367,4506,,,1,69,,7378,4506,,,1,103,,7375,4506,,,1,100,,7368,4506,,,1,101,,7369,4506,,,1,100,,7392,4506,,,1,100,,7366,4506,,,1,100,,7391,4506,,,1,35,,7393,4506,,,1,66,,7390,4506,,,1,34,,7381,4506,,,1,60,,7373,4506,,,1,29,,7389,4506,,,1,13,,7388,4506,,,1,68,,7379,4506,,,1,28,,7382,4506,,,1,67,,7371,4506,,,1,98,,7372,4506,,,1,99,,7383,4506,,,1,99,,7384,4506,,,1,98,,7385,4506,,,1,121,,7386,4506,,,1,96,,7387,4506,4,,1
7600,'F8',607,,13355,5301,,,1,21,,13356,5301,,,1,20,,13348,5301,,,1,64,,13331,5301,,,1,17,,13325,5301,,,1,20,,13320,5301,,,1,63,,13326,5301,,,1,27,,13314,5301,,,1,71,,13324,5301,,,1,30,,13315,5301,,,1,70,,13357,5301,,,1,30,,13311,5301,,,1,70,,13319,5301,,,1,30,,13358,5301,,,1,70,,13332,5301,,,1,30,,13354,5301,,,1,70,,13313,5301,,,1,30,,13317,5301,,,1,71,,13322,5301,,,1,34,,13318,5301,,,1,66,,13328,5301,,,1,32,,13346,5301,,,1,71,,13321,5301,,,1,24,,13337,5301,,,1,18,,13323,5301,,,1,60,,13312,5301,,,1,21,,13327,5301,,,1,18,,13333,5301,,,1,60,,13330,5301,,,1,27,,13349,5301,,,1,70,,13316,5301,,,1,30,,13343,5301,,,1,70,,13334,5301,,,1,30,,13338,5301,,,1,70,,13335,5301,,,1,30,,13339,5301,,,1,69,,13350,5301,,,1,30,,13340,5301,,,1,70,,13351,5301,,,1,30,,13341,5301,,,1,70,,13344,5301,,,1,30,,13342,5301,,,1,70,,13345,5301,,,1
7600,'SE',607,,13403,5301,,,1,21,,13404,5301,,,1,20,,13396,5301,,,1,64,,13379,5301,,,1,17,,13373,5301,,,1,20,,13368,5301,,,1,63,,13374,5301,,,1,27,,13362,5301,,,1,71,,13372,5301,,,1,30,,13363,5301,,,1,70,,13405,5301,,,1,30,,13359,5301,,,1,70,,13367,5301,,,1,30,,13406,5301,,,1,70,,13380,5301,,,1,30,,13402,5301,,,1,70,,13361,5301,,,1,30,,13365,5301,,,1,71,,13370,5301,,,1,34,,13366,5301,,,1,66,,13376,5301,,,1,32,,13394,5301,,,1,71,,13369,5301,,,1,24,,13385,5301,,,1,18,,13371,5301,,,1,60,,13360,5301,,,1,21,,13375,5301,,,1,18,,13381,5301,,,1,60,,13378,5301,,,1,27,,13397,5301,,,1,70,,13364,5301,,,1,30,,13391,5301,,,1,70,,13382,5301,,,1,30,,13386,5301,,,1,70,,13383,5301,,,1,30,,13387,5301,,,1,69,,13398,5301,,,1,30,,13388,5301,,,1,70,,13399,5301,,,1,30,,13389,5301,,,1,70,,13392,5301,,,1,30,,13390,5301,,,1,70,,13393,5301,,,1
16100,'DI',603,,16839,4946,0,11 12,2,30,,16828,4946,0,11 12,2,70,,16833,4946,0,11 12,2,30,,16831,4946,0,11 12,2,70,,16837,4946,0,11 12,2,30,,16830,4946,0,11 12,2,702,,16835,4946,0,11 12,2,68,,16829,4946,0,11 12,2,32,,16834,4946,0,11 12,2,70,,16832,4946,0,11 12,2,30,,16840,4946,0,11 12,2,72,,16836,4946,0,11 12,2,30,,16838,4946,0,11 12,2
16100,'F1',603,,16853,4946,0,11 12,2,30,,16841,4946,0,11 12,2,70,,16851,4946,0,11 12,2,30,,16844,4946,0,11 12,2,70,,16848,4946,0,11 12,2,30,,16847,4946,0,11 12,2,700,,16850,4946,0,11 12,2,71,,16842,4946,0,11 12,2,31,,16849,4946,0,11 12,2,70,,16852,4946,0,11 12,2,31,,16843,4946,0,11 12,2,71,,16845,4946,0,11 12,2,29,,16846,4946,0,11 12,2
16100,'F7',603,,16865,4946,0,11 12,2,30,,16854,4946,0,11 12,2,70,,16859,4946,0,11 12,2,30,,16857,4946,0,11 12,2,70,,16863,4946,0,11 12,2,30,,16856,4946,0,11 12,2,702,,16861,4946,0,11 12,2,68,,16855,4946,0,11 12,2,32,,16860,4946,0,11 12,2,70,,16858,4946,0,11 12,2,30,,16866,4946,0,11 12,2,72,,16862,4946,0,11 12,2,30,,16864,4946,0,11 12,2
16100,'F8',643,,16881,4835,0,11 12,2,64,,16879,4835,0,11 12,2,25,,16880,4835,0,11 12,2,20,,16868,4835,0,11 12,2,61,,16867,4835,0,11 12,2,19,,16869,4835,0,11 12,2,321,,16883,4946,0,11 12,2,297,,16870,4946,0,11 12,2,70,,16872,4946,0,11 12,2,21,,16885,4946,0,11 12,2,60,,16871,4946,0,11 12,2,20,,16884,4946,0,11 12,2,20,,16876,4946,0,11 12,2,60,,16882,4946,0,11 12,2,20,,16877,4946,0,11 12,2,20,,16874,4946,0,11 12,2,60,,16886,4946,0,11 12,2,20,,16873,4946,0,11 12,2,20,,16878,4946,0,11 12,2,60,,16875,4946,0,11 12,2
16100,'F9',603,,16899,4946,0,11 12,2,30,,16887,4946,0,11 12,2,70,,16897,4946,0,11 12,2,30,,16890,4946,0,11 12,2,70,,16894,4946,0,11 12,2,30,,16893,4946,0,11 12,2,700,,16896,4946,0,11 12,2,71,,16888,4946,0,11 12,2,31,,16895,4946,0,11 12,2,70,,16898,4946,0,11 12,2,31,,16889,4946,0,11 12,2,71,,16891,4946,0,11 12,2,29,,16892,4946,0,11 12,2
16100,'SA',603,,16912,4946,0,11 12,2,30,,16900,4946,0,11 12,2,70,,16910,4946,0,11 12,2,30,,16903,4946,0,11 12,2,70,,16907,4946,0,11 12,2,30,,16906,4946,0,11 12,2,700,,16909,4946,0,11 12,2,71,,16901,4946,0,11 12,2,31,,16908,4946,0,11 12,2,70,,16911,4946,0,11 12,2,31,,16902,4946,0,11 12,2,71,,16904,4946,0,11 12,2,29,,16905,4946,0,11 12,2
16100,'SE',643,,16927,4835,0,11 12,2,64,,16925,4835,0,11 12,2,25,,16926,4835,0,11 12,2,20,,16914,4835,0,11 12,2,61,,16913,4835,0,11 12,2,19,,16915,4835,0,11 12,2,321,,16929,4946,0,11 12,2,297,,16916,4946,0,11 12,2,70,,16918,4946,0,11 12,2,21,,16931,4946,0,11 12,2,60,,16917,4946,0,11 12,2,20,,16930,4946,0,11 12,2,20,,16922,4946,0,11 12,2,60,,16928,4946,0,11 12,2,20,,16923,4946,0,11 12,2,20,,16920,4946,0,11 12,2,60,,16932,4946,0,11 12,2,20,,16919,4946,0,11 12,2,20,,16924,4946,0,11 12,2,60,,16921,4946,0,11 12,2
41000,'F8',551,,17314,4835,,,2,60,,17310,4835,,,2,23,,17311,4835,,,2,11,,17321,4835,,,2,66,,17320,4835,,,2,18,,17329,4835,,,2,12,,17330,4835,,,2,12,,17325,4835,,,2,54,,17317,4835,,,2,18,,17315,4835,,,2,18,,17326,4835,,,2,70,,17318,4835,,,2,29,,17355,4946,,,2,70,,17346,4946,,,2,30,,17348,4946,,,2,70,,17347,4946,,,2,30,,17342,4946,,,2,70,,17332,4946,,,2,30,,17349,4946,,,2,70,,17356,4946,,,2,30,,17343,4946,,,2,71,,17357,4946,,,2,34,,17350,4946,,,2,68,,17358,4946,,,2,29,,17339,4946,,,2,15,,17369,4946,,,2,55,,17363,4946,,,2,15,,17351,4946,,,2,12,,17366,4946,,,2,10,,17333,4946,,,2,49,,17370,4946,,,2,10,,17335,4946,,,2,10,,17364,4946,,,2,15,,17352,4946,,,2,14,,17367,4946,,,2,57,,17340,4946,,,2,20,,17365,4946,,,2,19,,17336,4946,,,2,70,,17338,4946,,,2,29,,17334,4946,,,2,70,,17371,4946,,,2,30,,17344,4946,,,2,70,,17341,4946,,,2,30,,17354,4946,,,2,70,,17359,4946,,,2,30,,17345,4946,,,2,70,,17360,4946,,,2,101,,17361,4946,,,2,100,,17362,4946,,,2
41000,'SE',551,,17377,4835,,,2,60,,17373,4835,,,2,23,,17374,4835,,,2,11,,17384,4835,,,2,66,,17383,4835,,,2,18,,17392,4835,,,2,12,,17393,4835,,,2,12,,17388,4835,,,2,54,,17380,4835,,,2,18,,17378,4835,,,2,18,,17389,4835,,,2,70,,17381,4835,,,2,29,,17418,4946,,,2,70,,17409,4946,,,2,30,,17411,4946,,,2,70,,17410,4946,,,2,30,,17405,4946,,,2,70,,17395,4946,,,2,30,,17412,4946,,,2,70,,17419,4946,,,2,30,,17406,4946,,,2,71,,17420,4946,,,2,34,,17413,4946,,,2,68,,17421,4946,,,2,29,,17402,4946,,,2,15,,17432,4946,,,2,55,,17426,4946,,,2,15,,17414,4946,,,2,12,,17429,4946,,,2,10,,17396,4946,,,2,49,,17433,4946,,,2,10,,17398,4946,,,2,10,,17427,4946,,,2,15,,17415,4946,,,2,14,,17430,4946,,,2,57,,17403,4946,,,2,20,,17428,4946,,,2,19,,17399,4946,,,2,70,,17401,4946,,,2,29,,17397,4946,,,2,70,,17434,4946,,,2,30,,17407,4946,,,2,70,,17404,4946,,,2,30,,17417,4946,,,2,70,,17422,4946,,,2,30,,17408,4946,,,2,70,,17423,4946,,,2,101,,17424,4946,,,2,100,,17425,4946,,,2
41700,'F8',603,,17566,4835,,,2,18,,17571,4835,,,2,26,,17564,4835,,,2,56,,17568,4835,,,2,6,,17570,4835,,,2,4,,17562,4835,,,2,6,,17572,4835,,,2,8,,17573,4835,,,2,10,,17567,4835,,,2,14,,17563,4835,,,2,52,,17574,4835,,,2,17,,17575,4835,,,2,16,,17569,4835,,,2,64,,17565,4835,,,2,28,,17591,4946,,,2,30,,17577,4946,,,2,70,,17592,4946,,,2,30,,17578,4946,,,2,70,,17593,4946,,,2,30,,17576,4946,,,2,70,,17594,4946,,,2,30,,17595,4946,,,2,70,,17584,4946,,,2,30,,17596,4946,,,2,70,,17585,4946,,,2,73,,17597,4946,,,2,30,,17588,4946,,,2,22,,17601,4946,,,2,54,,17598,4946,,,2,15,,17579,4946,,,2,12,,17586,4946,,,2,11,,17581,4946,,,2,10,,17602,4946,,,2,50,,17589,4946,,,2,10,,17587,4946,,,2,12,,17590,4946,,,2,14,,17605,4946,,,2,15,,17603,4946,,,2,60,,17600,4946,,,2,20,,17606,4946,,,2,65,,17612,4946,,,2,29,,17607,4946,,,2,70,,17613,4946,,,2,30,,17608,4946,,,2,70,,17614,4946,,,2,30,,17609,4946,,,2,70,,17615,4946,,,2,30,,17610,4946,,,2,70,,17616,4946,,,2,30,,17611,4946,,,2,70,,17617,4946,,,2,30,,17619,4946,,,2,70,,17618,4946,,,2,32,,17583,4946,,,2
41700,'SE',603,,17624,4835,,,2,18,,17629,4835,,,2,26,,17622,4835,,,2,56,,17626,4835,,,2,6,,17628,4835,,,2,4,,17620,4835,,,2,6,,17630,4835,,,2,8,,17631,4835,,,2,10,,17625,4835,,,2,14,,17621,4835,,,2,52,,17632,4835,,,2,17,,17633,4835,,,2,16,,17627,4835,,,2,64,,17623,4835,,,2,28,,17649,4946,,,2,30,,17635,4946,,,2,70,,17650,4946,,,2,30,,17636,4946,,,2,70,,17651,4946,,,2,30,,17634,4946,,,2,70,,17652,4946,,,2,30,,17653,4946,,,2,70,,17642,4946,,,2,30,,17654,4946,,,2,70,,17643,4946,,,2,73,,17655,4946,,,2,30,,17646,4946,,,2,22,,17659,4946,,,2,54,,17656,4946,,,2,15,,17637,4946,,,2,12,,17644,4946,,,2,11,,17639,4946,,,2,10,,17660,4946,,,2,50,,17647,4946,,,2,10,,17645,4946,,,2,12,,17648,4946,,,2,14,,17663,4946,,,2,15,,17661,4946,,,2,60,,17658,4946,,,2,20,,17664,4946,,,2,65,,17670,4946,,,2,29,,17665,4946,,,2,70,,17671,4946,,,2,30,,17666,4946,,,2,70,,17672,4946,,,2,30,,17667,4946,,,2,70,,17673,4946,,,2,30,,17668,4946,,,2,70,,17674,4946,,,2,30,,17669,4946,,,2,70,,17675,4946,,,2,30,,17677,4946,,,2,70,,17676,4946,,,2,32,,17641,4946,,,2
