8000,'DI',636,,35390,14308,0,50,1,100,,35391,14308,0,50,1,100,,35392,14308,0,50,1,100,,35393,14308,0,50,1,100,,35394,14308,0,50,1,100,,35395,14308,0,50,1,100,,35396,14308,0,50,1,100,,35397,14308,0,50,1,100,,35398,14308,0,50,1,100,,35399,14308,0,50,1,100,,35400,14308,0,50,1,101,,35401,14308,0,50,1,100,,35402,14308,0,50,1,100,,35403,14308,0,50,1,100,,35404,14308,0,50,1,100,,35405,14308,0,50,1,100,,35406,14308,0,50,1,100,,35407,14308,0,50,1,100,,35408,14308,0,50,1
8000,'F1',636,,35415,14308,0,50,1,100,,35416,14308,0,50,1,100,,35417,14308,0,50,1,100,,35418,14308,0,50,1,100,,35419,14308,0,50,1,100,,13880,14308,0,50,1,100,,35420,14308,0,50,1,100,,35421,14308,0,50,1,100,,35422,14308,0,50,1,100,,35423,14308,0,50,1,100,,35424,14308,0,50,1,100,,35425,14308,0,50,1,100,,35426,14308,0,50,1,100,,35411,14308,0,50,1,100,,35412,14308,0,50,1,100,,35409,14308,0,50,1,100,,35413,14308,0,50,1,100,,35410,14308,0,50,1,100,,35414,14308,0,50,1
8000,'F2',636,,35427,14308,0,50,1,100,,35428,14308,0,50,1,100,,35429,14308,0,50,1,100,,35430,14308,0,50,1,100,,35431,14308,0,50,1,100,,35432,14308,0,50,1,100,,35433,14308,0,50,1,100,,35434,14308,0,50,1,100,,35435,14308,0,50,1,100,,35436,14308,0,50,1,100,,35437,14308,0,50,1,100,,35438,14308,0,50,1,100,,35439,14308,0,50,1,100,,35440,14308,0,50,1,100,,35441,14308,0,50,1,100,,35442,14308,0,50,1,100,,35443,14308,0,50,1,100,,35444,14308,0,50,1,100,,35445,14308,0,50,1
8000,'F7',557,,35451,14308,0,50,1,80,,35447,14308,0,50,1,69,,35450,14308,0,50,1,30,,35448,14308,0,50,1,70,,35446,14308,0,50,1,33,,35468,14308,0,50,1,97,,35452,14308,0,50,1,101,,35453,14308,0,50,1,100,,35454,14308,0,50,1,100,,35455,14308,0,50,1,100,,35456,14308,0,50,1,100,,35457,14308,0,50,1,101,,35458,14308,0,50,1,65,,35459,14308,0,50,1,35,,35469,14308,0,50,1,70,,35460,14308,0,50,1,24,,35449,14308,0,50,1,86,,35461,14308,0,50,1,99,,35462,14308,0,50,1,100,,35463,14308,0,50,1,99,,35464,14308,0,50,1,100,,35465,14308,0,50,1,100,,35466,14308,0,50,1,100,,35467,14308,0,50,1
8000,'F8',636,,35470,14308,0,50,1,100,,35471,14308,0,50,1,100,,35472,14308,0,50,1,100,,35473,14308,0,50,1,100,,35474,14308,0,50,1,100,,35475,14308,0,50,1,100,,35476,14308,0,50,1,100,,35477,14308,0,50,1,100,,35478,14308,0,50,1,100,,35479,14308,0,50,1,100,,35480,14308,0,50,1,100,,35481,14308,0,50,1,100,,35482,14308,0,50,1,100,,35483,14308,0,50,1,100,,35484,14308,0,50,1,100,,35485,14308,0,50,1,100,,35486,14308,0,50,1,100,,35487,14308,0,50,1,100,,35488,14308,0,50,1
8000,'F9',636,,35489,14308,0,50,1,100,,35490,14308,0,50,1,100,,35491,14308,0,50,1,100,,35492,14308,0,50,1,100,,35493,14308,0,50,1,100,,35494,14308,0,50,1,100,,35495,14308,0,50,1,100,,35496,14308,0,50,1,100,,35497,14308,0,50,1,100,,35498,14308,0,50,1,100,,35499,14308,0,50,1,101,,35500,14308,0,50,1,100,,35501,14308,0,50,1,100,,35502,14308,0,50,1,100,,35503,14308,0,50,1,100,,35504,14308,0,50,1,100,,35505,14308,0,50,1,100,,35506,14308,0,50,1,100,,35507,14308,0,50,1
8000,'SA',636,,35508,14308,0,50,1,100,,35509,14308,0,50,1,100,,35510,14308,0,50,1,100,,35511,14308,0,50,1,100,,35512,14308,0,50,1,100,,35513,14308,0,50,1,100,,35514,14308,0,50,1,100,,35515,14308,0,50,1,100,,35516,14308,0,50,1,100,,35517,14308,0,50,1,100,,35518,14308,0,50,1,100,,35519,14308,0,50,1,100,,35520,14308,0,50,1,100,,35521,14308,0,50,1,100,,35522,14308,0,50,1,100,,35523,14308,0,50,1,100,,35524,14308,0,50,1,100,,35525,14308,0,50,1,100,,35526,14308,0,50,1
8000,'SE',557,,35532,14308,0,50,1,80,,35528,14308,0,50,1,69,,35531,14308,0,50,1,30,,35529,14308,0,50,1,70,,35527,14308,0,50,1,33,,35548,14308,0,50,1,97,,35533,14308,0,50,1,101,,35534,14308,0,50,1,100,,35535,14308,0,50,1,100,,35536,14308,0,50,1,100,,35537,14308,0,50,1,100,,35538,14308,0,50,1,101,,35539,14308,0,50,1,65,,35540,14308,0,50,1,35,,35549,14308,0,50,1,70,,35541,14308,0,50,1,24,,35530,14308,0,50,1,86,,35542,14308,0,50,1,99,,13983,14308,0,50,1,100,,35543,14308,0,50,1,99,,35544,14308,0,50,1,100,,35545,14308,0,50,1,100,,35546,14308,0,50,1,100,,35547,14308,0,50,1
18000,'F7',1613,,38940,14308,0,50,2,31,,38941,14308,0,50,2,58,,38936,14308,0,50,2,24,,38938,14308,0,50,2,32,,38935,14308,0,50,2,70,,38937,14308,0,50,2,20,,38939,14308,0,50,2
18000,'SE',1613,,38947,14308,0,50,2,31,,38948,14308,0,50,2,58,,38943,14308,0,50,2,24,,38945,14308,0,50,2,32,,38942,14308,0,50,2,70,,38944,14308,0,50,2,20,,38946,14308,0,50,2
