4901,'DI',618,,31060,1414,,,2,100,,31072,1414,,,2,100,,31061,1414,,,2,100,,31067,1414,,,2,102,,31068,1414,,,2,100,,31069,1414,,,2,100,,31070,1414,,,2,100,,31071,1414,,,2,100,,31062,1414,,,2,100,,31063,1414,,,2,100,,31073,1414,,,2,100,,31074,1414,,,2,100,,31059,1414,,,2,99,,31064,1414,,,2,100,,31065,1414,,,2,100,,31075,1414,,,2,100,,31076,1414,,,2,98,,31066,1414,,,2,100,,31058,1414,,,2
4901,'F1',618,,31078,1414,,,2,100,,31077,1414,,,2,100,,31088,1414,,,2,100,,31094,1414,,,2,102,,31095,1414,,,2,100,,31096,1414,,,2,100,,31081,1414,,,2,100,,31082,1414,,,2,100,,31083,1414,,,2,100,,31084,1414,,,2,100,,31085,1414,,,2,100,,31086,1414,,,2,100,,31087,1414,,,2,99,,31090,1414,,,2,100,,31091,1414,,,2,100,,31079,1414,,,2,100,,31080,1414,,,2,98,,31092,1414,,,2,100,,31089,1414,,,2,100,,31093,1414,,,2
4901,'F2',618,,31113,1414,,,2,100,,31097,1414,,,2,100,,31114,1414,,,2,100,,31106,1414,,,2,102,,31100,1414,,,2,100,,31101,1414,,,2,100,,31102,1414,,,2,100,,31103,1414,,,2,100,,31107,1414,,,2,100,,31108,1414,,,2,100,,31109,1414,,,2,100,,31110,1414,,,2,100,,31111,1414,,,2,99,,31098,1414,,,2,100,,31112,1414,,,2,100,,31104,1414,,,2,100,,31099,1414,,,2,98,,31115,1414,,,2,100,,31105,1414,,,2,100,,31116,1414,,,2
4901,'F7',618,,31135,1414,,,2,20,,31148,1414,,,2,15,,31124,1414,,,2,56,,31138,1414,,,2,15,,31117,1414,,,2,16,,31136,1414,,,2,14,,31139,1414,,,2,55,,31133,1414,,,2,15,,31137,1414,,,2,15,,31140,1414,,,2,20,,31134,1414,,,2,60,,31141,1414,,,2,101,,31149,1414,,,2,100,,31125,1414,,,2,101,,31118,1414,,,2,100,,31126,1414,,,2,97,,31128,1414,,,2,100,,31122,1414,,,2,103,,31121,1414,,,2,12,,31150,1414,,,2,19,,31129,1414,,,2,51,,31145,1414,,,2,15,,31142,1414,,,2,15,,31152,1414,,,2,15,,31146,1414,,,2,55,,31143,1414,,,2,15,,31130,1414,,,2,14,,31147,1414,,,2,15,,31144,1414,,,2,71,,31151,1414,,,2,100,,31119,1414,,,2,99,,31131,1414,,,2,100,,31120,1414,,,2,99,,31132,1414,,,2,100,,31127,1414,,,2,100,,31123,1414,,,2
4901,'F8',618,,31169,1414,,,2,100,,31153,1414,,,2,100,,31170,1414,,,2,100,,31162,1414,,,2,102,,31156,1414,,,2,100,,31157,1414,,,2,100,,31158,1414,,,2,100,,31159,1414,,,2,100,,31163,1414,,,2,100,,31164,1414,,,2,100,,31165,1414,,,2,100,,31166,1414,,,2,100,,31167,1414,,,2,99,,31154,1414,,,2,100,,31168,1414,,,2,100,,31160,1414,,,2,100,,31155,1414,,,2,98,,31171,1414,,,2,100,,31161,1414,,,2,100,,31172,1414,,,2
4901,'F9',618,,31175,1414,,,2,100,,31187,1414,,,2,100,,31176,1414,,,2,100,,31182,1414,,,2,102,,31183,1414,,,2,100,,31184,1414,,,2,100,,31185,1414,,,2,100,,31186,1414,,,2,100,,31177,1414,,,2,100,,31178,1414,,,2,100,,31188,1414,,,2,100,,31189,1414,,,2,100,,31174,1414,,,2,99,,31179,1414,,,2,100,,31180,1414,,,2,100,,31190,1414,,,2,100,,31191,1414,,,2,98,,31181,1414,,,2,100,,31173,1414,,,2
4901,'SA',618,,31208,1414,,,2,100,,31192,1414,,,2,100,,31209,1414,,,2,100,,31201,1414,,,2,102,,31195,1414,,,2,100,,31196,1414,,,2,100,,31197,1414,,,2,100,,31198,1414,,,2,100,,31202,1414,,,2,100,,31203,1414,,,2,100,,31204,1414,,,2,100,,31205,1414,,,2,100,,31206,1414,,,2,99,,31193,1414,,,2,100,,31207,1414,,,2,100,,31199,1414,,,2,100,,31194,1414,,,2,98,,31210,1414,,,2,100,,31200,1414,,,2,100,,31211,1414,,,2
4901,'SE',618,,31230,1414,,,2,20,,31243,1414,,,2,15,,31219,1414,,,2,56,,31233,1414,,,2,15,,31212,1414,,,2,16,,31231,1414,,,2,14,,31234,1414,,,2,55,,31228,1414,,,2,15,,31232,1414,,,2,15,,31235,1414,,,2,20,,31229,1414,,,2,60,,31236,1414,,,2,101,,31244,1414,,,2,100,,31220,1414,,,2,101,,31213,1414,,,2,100,,31221,1414,,,2,97,,31223,1414,,,2,100,,31217,1414,,,2,103,,31216,1414,,,2,12,,31245,1414,,,2,19,,31224,1414,,,2,51,,31240,1414,,,2,15,,31237,1414,,,2,15,,31247,1414,,,2,15,,31241,1414,,,2,55,,31238,1414,,,2,15,,31225,1414,,,2,14,,31242,1414,,,2,15,,31239,1414,,,2,71,,31246,1414,,,2,100,,31214,1414,,,2,99,,31226,1414,,,2,100,,31215,1414,,,2,99,,31227,1414,,,2,100,,31222,1414,,,2,100,,31218,1414,,,2
54900,'F7',1642,,40705,10104,,,2
54900,'SE',1642,,40706,10104,,,2
54901,'F7',902,,40707,1414,,,2
54901,'SE',902,,40708,1414,,,2
69000,'F7',1619,,40915,5219,,,2,1,,40914,5219,,,2
69000,'SE',1619,,40917,5219,,,2,1,,40916,5219,,,2
69001,'F7',846,,40919,2707,,,2,1,,40918,2707,,,2
69001,'SE',846,,40921,2707,,,2,1,,40920,2707,,,2
