4301,'DI',813,,8845,6507,,,1,100,,8836,6507,,,1,100,,8837,6507,,,1,100,,8838,6507,,,1,101,,8839,6507,,,1,100,,8834,6507,,,1,100,,8830,6507,,,1,100,,8846,6507,,,1,101,,8831,6507,,,1,99,,8847,6507,,,1,100,,8832,6507,,,1,99,,8840,6507,,,1,99,,8841,6507,,,1,100,,8835,6507,,,1,100,,8833,6507,,,1,100,,8843,6507,,,1,99,,8842,6507,,,1,100,,8844,6507,,,1
4301,'F1',712,,8852,6507,,,1,101,,8854,6507,,,1,100,,8849,6507,,,1,100,,8859,6507,,,1,100,,8862,6507,,,1,100,,8856,6507,,,1,101,,8863,6507,,,1,100,,8853,6507,,,1,100,,8864,6507,,,1,101,,8855,6507,,,1,99,,8860,6507,,,1,100,,8850,6507,,,1,99,,8857,6507,,,1,99,,8866,6507,,,1,100,,8865,6507,,,1,100,,8858,6507,,,1,100,,8861,6507,,,1,99,,8848,6507,,,1,100,,8851,6507,,,1
4301,'F7',813,,8882,6507,,,1,100,,8873,6507,,,1,100,,8874,6507,,,1,100,,8875,6507,,,1,101,,8876,6507,,,1,100,,8871,6507,,,1,100,,8867,6507,,,1,100,,8883,6507,,,1,101,,8868,6507,,,1,99,,8884,6507,,,1,100,,8869,6507,,,1,99,,8877,6507,,,1,99,,8878,6507,,,1,100,,8872,6507,,,1,100,,8870,6507,,,1,100,,8880,6507,,,1,99,,8879,6507,,,1,100,,8881,6507,,,1
4301,'F8',659,,8891,6507,,,1,73,,8905,6507,,,1,73,,8907,6507,,,1,22,,8910,6507,,,1,80,,8901,6507,,,1,25,,8902,6507,,,1,70,,8888,6507,,,1,100,,8896,6507,,,1,101,,8885,6507,,,1,100,,8887,6507,,,1,100,,8889,6507,,,1,56,,8886,6507,,,1,74,,8893,6507,,,1,67,,8894,6507,,,1,41,,8895,6507,,,1,66,,8906,6507,,,1,29,,8892,6507,,,1,71,,8890,6507,,,1,29,,8898,6507,,,1,70,,8903,6507,,,1,99,,8909,6507,,,1,100,,8899,6507,,,1,100,,8904,6507,,,1,98,,8897,6507,,,1,100,,8900,6507,,,1,100,,8908,6507,,,1
4301,'F9',712,,8915,6507,,,1,101,,8917,6507,,,1,100,,8912,6507,,,1,100,,8922,6507,,,1,100,,8925,6507,,,1,100,,8919,6507,,,1,101,,8926,6507,,,1,100,,8916,6507,,,1,100,,8927,6507,,,1,101,,8918,6507,,,1,99,,8923,6507,,,1,100,,8913,6507,,,1,99,,8920,6507,,,1,99,,8929,6507,,,1,100,,8928,6507,,,1,100,,8921,6507,,,1,100,,8924,6507,,,1,99,,8911,6507,,,1,100,,8914,6507,,,1
4301,'SA',712,,8934,6507,,,1,101,,8936,6507,,,1,100,,8931,6507,,,1,100,,8941,6507,,,1,100,,8944,6507,,,1,100,,8938,6507,,,1,101,,8945,6507,,,1,100,,8935,6507,,,1,100,,8946,6507,,,1,101,,8937,6507,,,1,99,,8942,6507,,,1,100,,8932,6507,,,1,99,,8939,6507,,,1,99,,8948,6507,,,1,100,,8947,6507,,,1,100,,8940,6507,,,1,100,,8943,6507,,,1,99,,8930,6507,,,1,100,,8933,6507,,,1
4301,'SE',659,,8955,6507,,,1,73,,8969,6507,,,1,73,,8971,6507,,,1,22,,8974,6507,,,1,80,,8965,6507,,,1,25,,8966,6507,,,1,70,,8952,6507,,,1,100,,8960,6507,,,1,101,,8949,6507,,,1,100,,8951,6507,,,1,100,,8953,6507,,,1,56,,8950,6507,,,1,74,,8957,6507,,,1,67,,8958,6507,,,1,41,,8959,6507,,,1,66,,8970,6507,,,1,29,,8956,6507,,,1,71,,8954,6507,,,1,29,,8962,6507,,,1,70,,8967,6507,,,1,99,,8973,6507,,,1,100,,8963,6507,,,1,100,,8968,6507,,,1,98,,8961,6507,,,1,100,,8964,6507,,,1,100,,8972,6507,,,1
54600,'F8',1633,,18806,7120,,,2
54600,'SE',1633,,18807,7120,,,2
68900,'F8',1613,,19017,2689,,,2,1,,19016,2689,,,2
68900,'SE',1613,,19019,2689,,,2,1,,19018,2689,,,2
