2901,'DI',716,,28112,8297,,,1,100,,28113,8297,,,1,100,,28114,8297,,,1,100,,28115,8297,,,1,100,,28116,8297,,,1,100,,28117,8297,,,1,100,,28118,8297,,,1,100,,28119,8297,,,1,100,,28120,8297,,,1,100,,28121,8297,,,1,100,,28122,8297,,,1,100,,28123,8297,,,1,98,,28124,8297,,,1,100,,28125,8297,,,1,100,,28126,8297,,,1,100,,28127,8297,,,1,100,,28128,8297,,,1,120,,28129,8297,,,1
2901,'F1',716,,28131,8297,,,1,100,,28132,8297,,,1,100,,28133,8297,,,1,100,,28134,8297,,,1,100,,28135,8297,,,1,100,,28136,8297,,,1,100,,28137,8297,,,1,100,,28138,8297,,,1,99,,28139,8297,,,1,99,,28140,8297,,,1,99,,28141,8297,,,1,108,,28142,8297,,,1,97,,28143,8297,,,1,97,,28144,8297,,,1,99,,28145,8297,,,1,100,,28146,8297,,,1,100,,28147,8297,,,1,120,,28148,8297,,,1
2901,'F2',716,,28163,8297,,,1,100,,28164,8297,,,1,100,,28165,8297,,,1,100,,28166,8297,,,1,100,,28167,8297,,,1,100,,28168,8297,,,1,100,,28150,8297,,,1,100,,28151,8297,,,1,99,,28152,8297,,,1,99,,28153,8297,,,1,99,,28154,8297,,,1,108,,28155,8297,,,1,97,,28156,8297,,,1,97,,28157,8297,,,1,99,,28158,8297,,,1,100,,28159,8297,,,1,100,,28160,8297,,,1,120,,28161,8297,,,1
2901,'F7',647,,28183,8297,,,1,66,,28178,8297,,,1,37,,28194,8297,,,1,2,,28185,8297,,,1,67,,28179,8297,,,1,30,,28182,8297,,,1,68,,28184,8297,,,1,103,,28177,8297,,,1,100,,28196,8297,,,1,101,,28176,8297,,,1,100,,28171,8297,,,1,100,,28174,8297,,,1,102,,28172,8297,,,1,35,,28186,8297,,,1,64,,28187,8297,,,1,34,,28173,8297,,,1,60,,28175,8297,,,1,28,,28181,8297,,,1,13,,28195,8297,,,1,68,,28180,8297,,,1,28,,28188,8297,,,1,67,,28170,8297,,,1,98,,28169,8297,,,1,99,,28189,8297,,,1,99,,28190,8297,,,1,98,,28191,8297,,,1,120,,28192,8297,,,1
2901,'F8',716,,28210,8297,,,1,100,,28211,8297,,,1,100,,28212,8297,,,1,100,,28213,8297,,,1,100,,28214,8297,,,1,100,,28215,8297,,,1,100,,28197,8297,,,1,100,,28198,8297,,,1,99,,28199,8297,,,1,99,,28200,8297,,,1,99,,28201,8297,,,1,108,,28202,8297,,,1,97,,28203,8297,,,1,97,,28204,8297,,,1,99,,28205,8297,,,1,100,,28206,8297,,,1,100,,28207,8297,,,1,120,,28208,8297,,,1
2901,'F9',716,,28216,8297,,,1,100,,28217,8297,,,1,100,,28218,8297,,,1,100,,28219,8297,,,1,100,,28220,8297,,,1,100,,28221,8297,,,1,100,,28222,8297,,,1,100,,28223,8297,,,1,100,,28224,8297,,,1,100,,28225,8297,,,1,100,,28226,8297,,,1,100,,28227,8297,,,1,98,,28228,8297,,,1,100,,28229,8297,,,1,100,,28230,8297,,,1,100,,28231,8297,,,1,100,,28232,8297,,,1,120,,28233,8297,,,1
2901,'SA',716,,28248,8297,,,1,100,,28249,8297,,,1,100,,28250,8297,,,1,100,,28251,8297,,,1,100,,28252,8297,,,1,100,,28253,8297,,,1,100,,28235,8297,,,1,100,,28236,8297,,,1,99,,28237,8297,,,1,99,,28238,8297,,,1,99,,28239,8297,,,1,108,,28240,8297,,,1,97,,28241,8297,,,1,97,,28242,8297,,,1,99,,28243,8297,,,1,100,,28244,8297,,,1,100,,28245,8297,,,1,120,,28246,8297,,,1
2901,'SE',647,,28267,8297,,,1,66,,7376,8297,,,1,37,,28278,8297,,,1,2,,28269,8297,,,1,67,,28263,8297,,,1,30,,28266,8297,,,1,68,,28268,8297,,,1,103,,28262,8297,,,1,100,,28280,8297,,,1,101,,28261,8297,,,1,100,,28256,8297,,,1,100,,28259,8297,,,1,102,,28257,8297,,,1,35,,28270,8297,,,1,64,,28271,8297,,,1,34,,28258,8297,,,1,60,,28260,8297,,,1,28,,28265,8297,,,1,13,,28279,8297,,,1,68,,28264,8297,,,1,28,,28272,8297,,,1,67,,28255,8297,,,1,98,,28254,8297,,,1,99,,28273,8297,,,1,99,,28274,8297,,,1,98,,28275,8297,,,1,120,,28276,8297,,,1
56501,'F7',853,,40723,9953,,,2
56501,'SE',853,,40724,9953,,,2
62400,'F7',1451,,40784,402,,,2
62400,'SE',1451,,40785,402,,,2
