4101,'DI',734,,8297,4356,,,1,100,,8299,4356,,,1,101,,8309,4356,,,1,100,,8300,4356,,,1,100,,8294,4356,,,1,100,,8301,4356,,,1,101,,8293,4356,,,1,100,,8302,4356,,,1,100,,8306,4356,,,1,102,,8307,4356,,,1,98,,8303,4356,,,1,100,,8308,4356,,,1,99,,8310,4356,,,1,100,,8296,4356,,,1,100,,8295,4356,,,1,99,,8311,4356,,,1,100,,8305,4356,,,1,100,,8298,4356,,,1,100,,8304,4356,,,1
4101,'F1',734,,8322,4356,,,1,100,,8328,4356,,,1,101,,8312,4356,,,1,101,,8313,4356,,,1,99,,8323,4356,,,1,100,,8329,4356,,,1,101,,8327,4356,,,1,100,,8314,4356,,,1,100,,8317,4356,,,1,100,,8315,4356,,,1,100,,8324,4356,,,1,100,,8330,4356,,,1,99,,8325,4356,,,1,100,,8318,4356,,,1,100,,8320,4356,,,1,99,,8326,4356,,,1,100,,8316,4356,,,1,100,,8319,4356,,,1,100,,8321,4356,,,1
4101,'F7',734,,8335,4356,,,1,100,,8337,4356,,,1,101,,8347,4356,,,1,100,,8338,4356,,,1,100,,8332,4356,,,1,100,,8339,4356,,,1,101,,8331,4356,,,1,100,,8340,4356,,,1,100,,8344,4356,,,1,102,,8345,4356,,,1,98,,8341,4356,,,1,100,,8346,4356,,,1,99,,8348,4356,,,1,100,,8334,4356,,,1,100,,8333,4356,,,1,99,,8349,4356,,,1,100,,8343,4356,,,1,100,,8336,4356,,,1,100,,8342,4356,,,1
4101,'F8',705,,8350,4356,,,1,30,,8370,4356,,,1,70,,8353,4356,,,1,35,,8354,4356,,,1,65,,8360,4356,,,1,30,,8375,4356,,,1,100,,8371,4356,,,1,100,,8355,4356,,,1,100,,8357,4356,,,1,100,,8351,4356,,,1,101,,8358,4356,,,1,74,,8361,4356,,,1,25,,8362,4356,,,1,67,,8372,4356,,,1,39,,8356,4356,,,1,66,,8369,4356,,,1,28,,8367,4356,,,1,71,,8368,4356,,,1,29,,8373,4356,,,1,100,,8366,4356,,,1,99,,8374,4356,,,1,100,,8364,4356,,,1,100,,8359,4356,,,1,100,,8363,4356,,,1,100,,8365,4356,,,1,100,,8352,4356,,,1
4101,'F9',734,,8386,4356,,,1,100,,8392,4356,,,1,101,,8376,4356,,,1,101,,8377,4356,,,1,99,,8387,4356,,,1,100,,8393,4356,,,1,101,,8391,4356,,,1,100,,8378,4356,,,1,100,,8381,4356,,,1,100,,8379,4356,,,1,100,,8388,4356,,,1,100,,8394,4356,,,1,99,,8389,4356,,,1,100,,8382,4356,,,1,100,,8384,4356,,,1,99,,8390,4356,,,1,100,,8380,4356,,,1,100,,8383,4356,,,1,100,,8385,4356,,,1
4101,'SA',734,,8405,4356,,,1,100,,8411,4356,,,1,101,,8395,4356,,,1,101,,8396,4356,,,1,99,,8406,4356,,,1,100,,8412,4356,,,1,101,,8410,4356,,,1,100,,8397,4356,,,1,100,,8400,4356,,,1,100,,8398,4356,,,1,100,,8407,4356,,,1,100,,8413,4356,,,1,99,,8408,4356,,,1,100,,8401,4356,,,1,100,,8403,4356,,,1,99,,8409,4356,,,1,100,,8399,4356,,,1,100,,8402,4356,,,1,100,,8404,4356,,,1
4101,'SE',705,,8414,4356,,,1,30,,8434,4356,,,1,70,,8417,4356,,,1,35,,8418,4356,,,1,65,,8424,4356,,,1,30,,8439,4356,,,1,100,,8435,4356,,,1,100,,8419,4356,,,1,100,,8421,4356,,,1,100,,8415,4356,,,1,101,,8422,4356,,,1,74,,8425,4356,,,1,25,,8426,4356,,,1,67,,8436,4356,,,1,39,,8420,4356,,,1,66,,8433,4356,,,1,28,,8431,4356,,,1,71,,8432,4356,,,1,29,,8437,4356,,,1,100,,8430,4356,,,1,99,,8438,4356,,,1,100,,8428,4356,,,1,100,,8423,4356,,,1,100,,8427,4356,,,1,100,,8429,4356,,,1,100,,8416,4356,,,1
54601,'F8',904,,18808,4878,,,2
54601,'SE',904,,18809,4878,,,2
68901,'F8',851,,19021,2064,,,2,1,,19020,2064,,,2
68901,'SE',851,,19023,2064,,,2,1,,19022,2064,,,2
