2001,'DI',536,,26482,962,,,2,100,,26476,962,,,2,100,,26479,962,,,2,100,,26483,962,,,2,100,,26474,962,,,2,100,,26480,962,,,2,97,,26484,962,,,2,103,,26485,962,,,2,100,,26481,962,,,2,100,,26486,962,,,2,100,,26477,962,,,2,97,,26489,962,,,2,103,,26490,962,,,2,100,,26478,962,,,2,100,,26487,962,,,2,100,,26475,962,,,2,100,,26491,962,,,2,100,,26488,962,,,2,100,,26492,962,,,2,100,,26493,962,,,2
2001,'F1',537,,26503,962,,,2,100,,26511,962,,,2,100,,26507,962,,,2,100,,26509,962,,,2,100,,26508,962,,,2,100,,5794,962,,,2,100,,26510,962,,,2,100,,5797,962,,,2,100,,26498,962,,,2,100,,26499,962,,,2,100,,26496,962,,,2,96,,26500,962,,,2,104,,26501,962,,,2,104,,26502,962,,,2,96,,26494,962,,,2,100,,26504,962,,,2,100,,26505,962,,,2,100,,26495,962,,,2,100,,26497,962,,,2,100,,26506,962,,,2,100,,26512,962,,,2
2001,'F2',537,,26530,962,,,2,100,,26532,962,,,2,100,,26525,962,,,2,100,,26522,962,,,2,100,,26516,962,,,2,100,,26518,962,,,2,100,,26517,962,,,2,100,,26526,962,,,2,100,,26519,962,,,2,100,,26520,962,,,2,100,,26531,962,,,2,96,,26527,962,,,2,104,,26528,962,,,2,104,,26529,962,,,2,96,,26514,962,,,2,100,,26523,962,,,2,100,,26521,962,,,2,100,,26513,962,,,2,100,,26533,962,,,2,100,,26524,962,,,2,100,,26515,962,,,2
2001,'F7',522,,26566,962,,,2,36,,26554,962,,,2,60,,26588,962,,,2,15,,26544,962,,,2,9,,26567,962,,,2,9,,26580,962,,,2,49,,26570,962,,,2,9,,26557,962,,,2,4,,26555,962,,,2,14,,26556,962,,,2,10,,26552,962,,,2,8,,26574,962,,,2,10,,26536,962,,,2,51,,26543,962,,,2,6,,26537,962,,,2,14,,26558,962,,,2,31,,26553,962,,,2,71,,26583,962,,,2,30,,26535,962,,,2,71,,26577,962,,,2,30,,26545,962,,,2,70,,26581,962,,,2,30,,26540,962,,,2,70,,26573,962,,,2,30,,26546,962,,,2,70,,26584,962,,,2,30,,26541,962,,,2,70,,26572,962,,,2,30,,26547,962,,,2,71,,26559,962,,,2,21,,26561,962,,,2,57,,26549,962,,,2,15,,26539,962,,,2,15,,26550,962,,,2,15,,26575,962,,,2,57,,26562,962,,,2,11,,26582,962,,,2,13,,26563,962,,,2,9,,26565,962,,,2,12,,26560,962,,,2,53,,26576,962,,,2,11,,26548,962,,,2,14,,26586,962,,,2,13,,26564,962,,,2,55,,26579,962,,,2,28,,26534,962,,,2,30,,26578,962,,,2,70,,26587,962,,,2,30,,26551,962,,,2,70,,26585,962,,,2,30,,26568,962,,,2,100,,26542,962,,,2,100,,26569,962,,,2,100,,26538,962,,,2,100,,26571,962,,,2
2001,'F8',537,,26606,962,,,2,100,,26608,962,,,2,100,,26601,962,,,2,100,,26598,962,,,2,100,,26592,962,,,2,100,,26594,962,,,2,100,,26593,962,,,2,100,,26602,962,,,2,100,,26595,962,,,2,100,,26596,962,,,2,100,,26607,962,,,2,96,,26603,962,,,2,104,,26604,962,,,2,104,,26605,962,,,2,96,,26590,962,,,2,100,,26599,962,,,2,100,,26597,962,,,2,100,,26589,962,,,2,100,,26609,962,,,2,100,,26600,962,,,2,100,,26591,962,,,2
2001,'F9',536,,26618,962,,,2,100,,26612,962,,,2,100,,26615,962,,,2,100,,26619,962,,,2,100,,26610,962,,,2,100,,26616,962,,,2,97,,26620,962,,,2,103,,26621,962,,,2,100,,26617,962,,,2,100,,26622,962,,,2,100,,26613,962,,,2,97,,26625,962,,,2,103,,26626,962,,,2,100,,26614,962,,,2,100,,26623,962,,,2,100,,26611,962,,,2,100,,26627,962,,,2,100,,26624,962,,,2,100,,26628,962,,,2,100,,26629,962,,,2
2001,'SA',537,,26646,962,,,2,100,,26648,962,,,2,100,,5908,962,,,2,100,,26639,962,,,2,100,,26633,962,,,2,100,,26635,962,,,2,100,,26634,962,,,2,100,,26642,962,,,2,100,,26636,962,,,2,100,,26637,962,,,2,100,,26647,962,,,2,96,,26643,962,,,2,104,,26644,962,,,2,104,,26645,962,,,2,96,,26631,962,,,2,100,,26640,962,,,2,100,,26638,962,,,2,100,,26630,962,,,2,100,,26649,962,,,2,100,,26641,962,,,2,100,,26632,962,,,2
2001,'SE',522,,26682,962,,,2,36,,26670,962,,,2,60,,26704,962,,,2,15,,26660,962,,,2,9,,26683,962,,,2,9,,26696,962,,,2,49,,26686,962,,,2,9,,26673,962,,,2,4,,26671,962,,,2,14,,26672,962,,,2,10,,26668,962,,,2,8,,26690,962,,,2,10,,26652,962,,,2,51,,26659,962,,,2,6,,26653,962,,,2,14,,26674,962,,,2,31,,26669,962,,,2,71,,26699,962,,,2,30,,26651,962,,,2,71,,26693,962,,,2,30,,26661,962,,,2,70,,26697,962,,,2,30,,26656,962,,,2,70,,26689,962,,,2,30,,26662,962,,,2,70,,26700,962,,,2,30,,26657,962,,,2,70,,26688,962,,,2,30,,26663,962,,,2,71,,26675,962,,,2,21,,26677,962,,,2,57,,26665,962,,,2,15,,26655,962,,,2,15,,26666,962,,,2,15,,26691,962,,,2,57,,26678,962,,,2,11,,26698,962,,,2,13,,26679,962,,,2,9,,26681,962,,,2,12,,26676,962,,,2,53,,26692,962,,,2,11,,26664,962,,,2,14,,26702,962,,,2,13,,26680,962,,,2,55,,26695,962,,,2,28,,26650,962,,,2,30,,26694,962,,,2,70,,26703,962,,,2,30,,26667,962,,,2,70,,26701,962,,,2,30,,26684,962,,,2,100,,26658,962,,,2,100,,26685,962,,,2,100,,26654,962,,,2,100,,26687,962,,,2
57001,'F7',832,,40727,7192,,,2
57001,'SE',832,,40728,7192,,,2
