1500,'DI',733,,24371,5296,,,1,100,,24368,5296,,,1,100,,24365,5296,,,1,100,,24378,5296,,,1,100,,24383,5296,,,1,100,,24376,5296,,,1,100,,24372,5296,,,1,100,,24366,5296,,,1,100,,24380,5296,,,1,100,,24367,5296,,,1,100,,24375,5296,,,1,100,,24373,5296,,,1,99,,24377,5296,,,1,100,,24381,5296,,,1,100,,24379,5296,,,1,100,,24374,5296,,,1,100,,24369,5296,,,1,100,,24382,5296,,,1,100,,24370,5296,,,1
1500,'F1',734,,24385,5296,,,1,100,,24391,5296,,,1,100,,24400,5296,,,1,100,,24392,5296,,,1,106,,24394,5296,,,1,95,,24393,5296,,,1,100,,24401,5296,,,1,100,,24386,5296,,,1,100,,24395,5296,,,1,100,,24387,5296,,,1,100,,24384,5296,,,1,100,,24397,5296,,,1,100,,24402,5296,,,1,100,,24388,5296,,,1,100,,24389,5296,,,1,100,,24398,5296,,,1,100,,24390,5296,,,1,100,,24399,5296,,,1,100,,24396,5296,,,1
1500,'F2',734,,24418,5296,,,1,100,,24411,5296,,,1,100,,24405,5296,,,1,100,,24419,5296,,,1,106,,24413,5296,,,1,95,,24403,5296,,,1,100,,24415,5296,,,1,100,,24409,5296,,,1,100,,24414,5296,,,1,100,,24410,5296,,,1,100,,24406,5296,,,1,100,,24412,5296,,,1,100,,24416,5296,,,1,100,,24417,5296,,,1,100,,24404,5296,,,1,100,,24420,5296,,,1,100,,24407,5296,,,1,100,,24421,5296,,,1,100,,24408,5296,,,1
1500,'F7',555,,24458,5296,,,1,70,,24452,5296,,,1,31,,24423,5296,,,1,68,,24444,5296,,,1,34,,24450,5296,,,1,66,,24430,5296,,,1,34,,24446,5296,,,1,70,,24429,5296,,,1,29,,24451,5296,,,1,70,,24448,5296,,,1,30,,24424,5296,,,1,70,,24427,5296,,,1,30,,24449,5296,,,1,70,,24432,5296,,,1,30,,24428,5296,,,1,70,,24425,5296,,,1,30,,24454,5296,,,1,70,,24438,5296,,,1,31,,24453,5296,,,1,70,,24431,5296,,,1,24,,24433,5296,,,1,74,,24426,5296,,,1,81,,24442,5296,,,1,21,,24457,5296,,,1,30,,24439,5296,,,1,70,,24440,5296,,,1,30,,24455,5296,,,1,68,,24443,5296,,,1,30,,24436,5296,,,1,70,,24447,5296,,,1,30,,24456,5296,,,1,70,,24441,5296,,,1,30,,24422,5296,,,1,70,,24435,5296,,,1,100,,24437,5296,,,1,99,,24445,5296,,,1,100,,24434,5296,,,1
1500,'F8',734,,24474,5296,,,1,100,,24467,5296,,,1,100,,24461,5296,,,1,100,,24475,5296,,,1,106,,24469,5296,,,1,95,,24459,5296,,,1,100,,24471,5296,,,1,100,,24465,5296,,,1,100,,24470,5296,,,1,100,,24466,5296,,,1,100,,24462,5296,,,1,100,,24468,5296,,,1,100,,24472,5296,,,1,100,,24473,5296,,,1,100,,24460,5296,,,1,100,,24476,5296,,,1,100,,24463,5296,,,1,100,,24477,5296,,,1,100,,24464,5296,,,1
1500,'F9',733,,24484,5296,,,1,100,,24481,5296,,,1,100,,24478,5296,,,1,100,,24491,5296,,,1,100,,24496,5296,,,1,100,,24489,5296,,,1,100,,24485,5296,,,1,100,,24479,5296,,,1,100,,24493,5296,,,1,100,,24480,5296,,,1,100,,24488,5296,,,1,100,,24486,5296,,,1,99,,24490,5296,,,1,100,,24494,5296,,,1,100,,24492,5296,,,1,100,,24487,5296,,,1,100,,24482,5296,,,1,100,,24495,5296,,,1,100,,24483,5296,,,1
1500,'SA',734,,24512,5296,,,1,100,,24505,5296,,,1,100,,24499,5296,,,1,100,,24513,5296,,,1,106,,24507,5296,,,1,95,,24497,5296,,,1,100,,24509,5296,,,1,100,,24503,5296,,,1,100,,24508,5296,,,1,100,,24504,5296,,,1,100,,24500,5296,,,1,100,,24506,5296,,,1,100,,24510,5296,,,1,100,,24511,5296,,,1,100,,24498,5296,,,1,100,,24514,5296,,,1,100,,24501,5296,,,1,100,,24515,5296,,,1,100,,24502,5296,,,1
1500,'SE',555,,24552,5296,,,1,70,,24546,5296,,,1,31,,24517,5296,,,1,68,,24538,5296,,,1,34,,24544,5296,,,1,66,,24524,5296,,,1,34,,24540,5296,,,1,70,,24523,5296,,,1,29,,24545,5296,,,1,70,,24542,5296,,,1,30,,24518,5296,,,1,70,,24521,5296,,,1,30,,24543,5296,,,1,70,,24526,5296,,,1,30,,24522,5296,,,1,70,,24519,5296,,,1,30,,24548,5296,,,1,70,,24532,5296,,,1,31,,24547,5296,,,1,70,,24525,5296,,,1,24,,24527,5296,,,1,74,,24520,5296,,,1,81,,24536,5296,,,1,21,,24551,5296,,,1,30,,24533,5296,,,1,70,,24534,5296,,,1,30,,24549,5296,,,1,68,,24537,5296,,,1,30,,24530,5296,,,1,70,,24541,5296,,,1,30,,24550,5296,,,1,70,,24535,5296,,,1,30,,24516,5296,,,1,70,,24529,5296,,,1,100,,24531,5296,,,1,99,,24539,5296,,,1,100,,24528,5296,,,1
50001,'F7',846,,40616,5121,,,2
50001,'SE',846,,40617,5121,,,2
