4700,'DI',631,,30486,6079,,,1,100,,30472,6079,,,1,100,,30489,6079,,,1,100,,30490,6079,,,1,100,,30473,6079,,,1,100,,30478,6079,,,1,100,,30487,6079,,,1,100,,30474,6079,,,1,104,,30475,6079,,,1,91,,30481,6079,,,1,108,,30482,6079,,,1,102,,30476,6079,,,1,95,,30483,6079,,,1,96,,30479,6079,,,1,100,,30484,6079,,,1,100,,30477,6079,,,1,100,,30480,6079,,,1,100,,30485,6079,,,1,100,,30488,6079,,,1,100,,30491,6079,,,1
4700,'F1',631,,30505,6079,,,1,103,,30509,6079,,,1,101,,30494,6079,,,1,96,,30499,6079,,,1,96,,30495,6079,,,1,104,,30500,6079,,,1,100,,30492,6079,,,1,100,,30501,6079,,,1,95,,30493,6079,,,1,104,,30510,6079,,,1,100,,30506,6079,,,1,101,,30508,6079,,,1,100,,30507,6079,,,1,96,,30496,6079,,,1,100,,30511,6079,,,1,100,,30502,6079,,,1,100,,30503,6079,,,1,100,,30504,6079,,,1,100,,30497,6079,,,1,100,,30498,6079,,,1
4700,'F2',631,,30529,6079,,,1,103,,30515,6079,,,1,101,,30512,6079,,,1,96,,30519,6079,,,1,96,,30513,6079,,,1,104,,30520,6079,,,1,100,,30516,6079,,,1,100,,30521,6079,,,1,95,,30514,6079,,,1,104,,30517,6079,,,1,100,,30522,6079,,,1,101,,30518,6079,,,1,100,,30523,6079,,,1,96,,30526,6079,,,1,100,,30524,6079,,,1,100,,30525,6079,,,1,100,,30527,6079,,,1,100,,30528,6079,,,1,100,,30530,6079,,,1,100,,30531,6079,,,1
4700,'F7',631,,30542,6079,,,1,72,,30543,6079,,,1,30,,30541,6079,,,1,73,,30565,6079,,,1,34,,30545,6079,,,1,69,,30566,6079,,,1,30,,30558,6079,,,1,70,,30564,6079,,,1,30,,30544,6079,,,1,70,,30534,6079,,,1,30,,30561,6079,,,1,70,,30535,6079,,,1,30,,30536,6079,,,1,70,,30546,6079,,,1,30,,30570,6079,,,1,70,,30559,6079,,,1,30,,30537,6079,,,1,70,,30563,6079,,,1,28,,30549,6079,,,1,68,,30568,6079,,,1,37,,30547,6079,,,1,15,,30550,6079,,,1,55,,30553,6079,,,1,14,,30555,6079,,,1,15,,30562,6079,,,1,15,,30548,6079,,,1,55,,30554,6079,,,1,15,,30560,6079,,,1,15,,30556,6079,,,1,18,,30551,6079,,,1,67,,30567,6079,,,1,30,,30538,6079,,,1,70,,30569,6079,,,1,30,,30533,6079,,,1,70,,30540,6079,,,1,30,,30552,6079,,,1,100,,30532,6079,,,1,100,,30557,6079,,,1,100,,30539,6079,,,1
4700,'F8',631,,30588,6079,,,1,103,,30574,6079,,,1,101,,30571,6079,,,1,96,,30578,6079,,,1,96,,30572,6079,,,1,104,,30579,6079,,,1,100,,30575,6079,,,1,100,,30580,6079,,,1,95,,30573,6079,,,1,104,,30576,6079,,,1,100,,30581,6079,,,1,101,,30577,6079,,,1,100,,30582,6079,,,1,96,,30585,6079,,,1,100,,30583,6079,,,1,100,,30584,6079,,,1,100,,30586,6079,,,1,100,,30587,6079,,,1,100,,30589,6079,,,1,100,,30590,6079,,,1
4700,'F9',631,,30605,6079,,,1,100,,30591,6079,,,1,100,,30608,6079,,,1,100,,30609,6079,,,1,100,,30592,6079,,,1,100,,30597,6079,,,1,100,,30606,6079,,,1,100,,30593,6079,,,1,104,,30594,6079,,,1,91,,30600,6079,,,1,108,,30601,6079,,,1,102,,30595,6079,,,1,95,,30602,6079,,,1,96,,30598,6079,,,1,100,,30603,6079,,,1,100,,30596,6079,,,1,100,,30599,6079,,,1,100,,30604,6079,,,1,100,,30607,6079,,,1,100,,30610,6079,,,1
4700,'SA',631,,30628,6079,,,1,103,,30614,6079,,,1,101,,30611,6079,,,1,96,,30618,6079,,,1,96,,30612,6079,,,1,104,,30619,6079,,,1,100,,30615,6079,,,1,100,,30620,6079,,,1,95,,30613,6079,,,1,104,,30616,6079,,,1,100,,30621,6079,,,1,101,,30617,6079,,,1,100,,30622,6079,,,1,96,,30625,6079,,,1,100,,30623,6079,,,1,100,,30624,6079,,,1,100,,30626,6079,,,1,100,,30627,6079,,,1,100,,30629,6079,,,1,100,,30630,6079,,,1
4700,'SE',631,,30641,6079,,,1,72,,30642,6079,,,1,30,,30640,6079,,,1,73,,30662,6079,,,1,34,,30644,6079,,,1,69,,30663,6079,,,1,30,,30655,6079,,,1,70,,30661,6079,,,1,30,,30643,6079,,,1,70,,30633,6079,,,1,30,,30658,6079,,,1,70,,30634,6079,,,1,30,,30635,6079,,,1,70,,30645,6079,,,1,30,,30667,6079,,,1,70,,30656,6079,,,1,30,,30636,6079,,,1,70,,30660,6079,,,1,28,,30648,6079,,,1,68,,30665,6079,,,1,37,,30646,6079,,,1,15,,30649,6079,,,1,55,,9568,6079,,,1,14,,30652,6079,,,1,15,,30659,6079,,,1,15,,30647,6079,,,1,55,,9569,6079,,,1,15,,30657,6079,,,1,15,,30653,6079,,,1,18,,30650,6079,,,1,67,,30664,6079,,,1,30,,30637,6079,,,1,70,,30666,6079,,,1,30,,30632,6079,,,1,70,,30639,6079,,,1,30,,30651,6079,,,1,100,,30631,6079,,,1,100,,30654,6079,,,1,100,,30638,6079,,,1
7701,'DI',746,,35180,1436,0,25 26,1,100,,35183,1436,0,25 26,1,100,,35181,1436,0,25 26,1,100,,35184,1436,0,25 26,1,100,,35182,1436,0,25 26,1,100,,35179,1436,0,25 26,1,100,,35185,1436,0,25 26,1,100,,35188,1436,0,25 26,1,100,,35178,1436,0,25 26,1,100,,35189,1436,0,25 26,1,100,,35190,1436,0,25 26,1,100,,35191,1436,0,25 26,1,99,,35186,1436,0,25 26,1,100,,35192,1436,0,25 26,1,100,,35187,1436,0,25 26,1
7701,'F1',746,,35196,1436,0,25 26,1,100,,35198,1436,0,25 26,1,100,,35197,1436,0,25 26,1,100,,35199,1436,0,25 26,1,100,,35193,1436,0,25 26,1,100,,35200,1436,0,25 26,1,100,,35201,1436,0,25 26,1,97,,35194,1436,0,25 26,1,103,,35202,1436,0,25 26,1,99,,35204,1436,0,25 26,1,101,,35203,1436,0,25 26,1,100,,35205,1436,0,25 26,1,99,,35206,1436,0,25 26,1,100,,35195,1436,0,25 26,1,100,,35207,1436,0,25 26,1
7701,'F2',746,,35222,1436,0,25 26,1,100,,35213,1436,0,25 26,1,100,,35209,1436,0,25 26,1,100,,35214,1436,0,25 26,1,100,,35210,1436,0,25 26,1,100,,35212,1436,0,25 26,1,100,,35215,1436,0,25 26,1,97,,35208,1436,0,25 26,1,103,,35216,1436,0,25 26,1,99,,35218,1436,0,25 26,1,101,,35217,1436,0,25 26,1,100,,35219,1436,0,25 26,1,99,,35220,1436,0,25 26,1,100,,35211,1436,0,25 26,1,100,,35221,1436,0,25 26,1
7701,'F7',628,,35229,1436,0,25 26,1,11,,35225,1436,0,25 26,1,7,,35232,1436,0,25 26,1,7,,35235,1436,0,25 26,1,50,,35226,1436,0,25 26,1,2,,35238,1436,0,25 26,1,8,,35231,1436,0,25 26,1,18,,35236,1436,0,25 26,1,73,,35240,1436,0,25 26,1,28,,35233,1436,0,25 26,1,27,,35239,1436,0,25 26,1,45,,35227,1436,0,25 26,1,31,,35237,1436,0,25 26,1,70,,35241,1436,0,25 26,1,30,,35234,1436,0,25 26,1,70,,35228,1436,0,25 26,1,30,,35243,1436,0,25 26,1,70,,35242,1436,0,25 26,1,30,,35245,1436,0,25 26,1,71,,35246,1436,0,25 26,1,33,,35244,1436,0,25 26,1,70,,35247,1436,0,25 26,1,30,,35251,1436,0,25 26,1,68,,35253,1436,0,25 26,1,20,,35255,1436,0,25 26,1,20,,35258,1436,0,25 26,1,60,,35248,1436,0,25 26,1,20,,35252,1436,0,25 26,1,19,,35230,1436,0,25 26,1,58,,35254,1436,0,25 26,1,22,,35256,1436,0,25 26,1,32,,35259,1436,0,25 26,1,64,,35249,1436,0,25 26,1,33,,35257,1436,0,25 26,1,73,,35250,1436,0,25 26,1,30,,35260,1436,0,25 26,1,71,,35261,1436,0,25 26,1,71,,35224,1436,0,25 26,1,26,,35223,1436,0,25 26,1
7701,'F8',746,,35276,1436,0,25 26,1,100,,35267,1436,0,25 26,1,100,,35263,1436,0,25 26,1,100,,35268,1436,0,25 26,1,100,,35264,1436,0,25 26,1,100,,35266,1436,0,25 26,1,100,,35269,1436,0,25 26,1,97,,35262,1436,0,25 26,1,103,,35270,1436,0,25 26,1,99,,35272,1436,0,25 26,1,101,,35271,1436,0,25 26,1,100,,35273,1436,0,25 26,1,99,,35274,1436,0,25 26,1,100,,35265,1436,0,25 26,1,100,,35275,1436,0,25 26,1
7701,'F9',746,,35279,1436,0,25 26,1,100,,35282,1436,0,25 26,1,100,,35280,1436,0,25 26,1,100,,35283,1436,0,25 26,1,100,,35281,1436,0,25 26,1,100,,35278,1436,0,25 26,1,100,,35284,1436,0,25 26,1,100,,35287,1436,0,25 26,1,100,,35277,1436,0,25 26,1,100,,35288,1436,0,25 26,1,100,,35289,1436,0,25 26,1,100,,35290,1436,0,25 26,1,99,,35285,1436,0,25 26,1,100,,35291,1436,0,25 26,1,100,,35286,1436,0,25 26,1
7701,'SA',746,,35305,1436,0,25 26,1,100,,35296,1436,0,25 26,1,100,,35293,1436,0,25 26,1,100,,35297,1436,0,25 26,1,100,,13757,1436,0,25 26,1,100,,35295,1436,0,25 26,1,100,,35298,1436,0,25 26,1,97,,35292,1436,0,25 26,1,103,,35299,1436,0,25 26,1,99,,35301,1436,0,25 26,1,101,,35300,1436,0,25 26,1,100,,35302,1436,0,25 26,1,99,,35303,1436,0,25 26,1,100,,35294,1436,0,25 26,1,100,,35304,1436,0,25 26,1
7701,'SE',628,,35312,1436,0,25 26,1,11,,35308,1436,0,25 26,1,7,,35315,1436,0,25 26,1,7,,35318,1436,0,25 26,1,50,,35309,1436,0,25 26,1,2,,35321,1436,0,25 26,1,8,,35314,1436,0,25 26,1,18,,35319,1436,0,25 26,1,73,,35323,1436,0,25 26,1,28,,35316,1436,0,25 26,1,27,,35322,1436,0,25 26,1,45,,35310,1436,0,25 26,1,31,,35320,1436,0,25 26,1,70,,35324,1436,0,25 26,1,30,,35317,1436,0,25 26,1,70,,35311,1436,0,25 26,1,30,,35326,1436,0,25 26,1,70,,35325,1436,0,25 26,1,30,,35328,1436,0,25 26,1,71,,35329,1436,0,25 26,1,33,,35327,1436,0,25 26,1,70,,35330,1436,0,25 26,1,30,,35334,1436,0,25 26,1,68,,35336,1436,0,25 26,1,20,,35338,1436,0,25 26,1,20,,35341,1436,0,25 26,1,60,,35331,1436,0,25 26,1,20,,35335,1436,0,25 26,1,19,,35313,1436,0,25 26,1,58,,35337,1436,0,25 26,1,22,,35339,1436,0,25 26,1,32,,13794,1436,0,25 26,1,64,,35332,1436,0,25 26,1,33,,35340,1436,0,25 26,1,73,,35333,1436,0,25 26,1,30,,35342,1436,0,25 26,1,71,,35343,1436,0,25 26,1,71,,35307,1436,0,25 26,1,26,,35306,1436,0,25 26,1
