1400,'F7',644,,24269,16119,,,1,57,,24264,16119,,,1,26,,24265,16119,,,1,14,,24268,16119,,,1,17,,24271,16119,,,1,58,,24270,16119,,,1,30,,24266,16119,,,1,60,,24267,16119,,,1,52,,24279,13871,,,1,100,,24283,13871,,,1,100,,24284,13871,,,1,100,,24272,13871,,,1,100,,24275,13871,,,1,100,,24274,13871,,,1,150,,24278,13871,,,1,13,,24280,13871,,,1,18,,24286,13871,,,1,15,,24285,13871,,,1,61,,24281,13871,,,1,18,,24277,13871,,,1,21,,24273,13871,,,1,58,,24282,13871,,,1,29,,24276,13871,,,1
1400,'SE',644,,24292,16119,,,1,57,,24287,16119,,,1,26,,24288,16119,,,1,14,,24291,16119,,,1,17,,24294,16119,,,1,58,,24293,16119,,,1,30,,24289,16119,,,1,60,,24290,16119,,,1,52,,24302,13871,,,1,100,,24305,13871,,,1,100,,24306,13871,,,1,100,,24295,13871,,,1,100,,24298,13871,,,1,100,,24297,13871,,,1,150,,24301,13871,,,1,13,,3826,13871,,,1,18,,24308,13871,,,1,15,,24307,13871,,,1,61,,24303,13871,,,1,18,,24300,13871,,,1,21,,24296,13871,,,1,58,,24304,13871,,,1,29,,24299,13871,,,1
4900,'DI',609,,30870,2826,,,2,100,,30882,2826,,,2,100,,30871,2826,,,2,100,,30877,2826,,,2,100,,30878,2826,,,2,100,,30879,2826,,,2,100,,30880,2826,,,2,100,,30881,2826,,,2,100,,30872,2826,,,2,100,,30873,2826,,,2,100,,30883,2826,,,2,100,,30884,2826,,,2,100,,30869,2826,,,2,100,,30874,2826,,,2,100,,30875,2826,,,2,100,,30885,2826,,,2,100,,30886,2826,,,2,99,,30876,2826,,,2,100,,30868,2826,,,2
4900,'F1',609,,30888,2826,,,2,100,,30887,2826,,,2,100,,30898,2826,,,2,100,,30904,2826,,,2,100,,30905,2826,,,2,100,,30906,2826,,,2,100,,30891,2826,,,2,100,,30892,2826,,,2,100,,30893,2826,,,2,100,,30894,2826,,,2,100,,30895,2826,,,2,100,,30896,2826,,,2,100,,30897,2826,,,2,100,,30900,2826,,,2,100,,30901,2826,,,2,100,,30889,2826,,,2,100,,30890,2826,,,2,99,,30902,2826,,,2,100,,30899,2826,,,2,100,,30903,2826,,,2
4900,'F2',609,,30923,2826,,,2,100,,30907,2826,,,2,100,,30924,2826,,,2,100,,30916,2826,,,2,100,,30910,2826,,,2,100,,30911,2826,,,2,100,,30912,2826,,,2,100,,30913,2826,,,2,100,,30917,2826,,,2,100,,30918,2826,,,2,100,,30919,2826,,,2,100,,30920,2826,,,2,100,,30921,2826,,,2,100,,30908,2826,,,2,100,,30922,2826,,,2,100,,30914,2826,,,2,100,,30909,2826,,,2,99,,30925,2826,,,2,100,,30915,2826,,,2,100,,30926,2826,,,2
4900,'F7',610,,30945,2826,,,2,20,,30958,2826,,,2,15,,30934,2826,,,2,55,,30948,2826,,,2,13,,30927,2826,,,2,16,,30946,2826,,,2,14,,30949,2826,,,2,15,,30943,2826,,,2,55,,30947,2826,,,2,15,,30950,2826,,,2,20,,30944,2826,,,2,61,,30951,2826,,,2,101,,30959,2826,,,2,100,,30935,2826,,,2,101,,30928,2826,,,2,100,,30936,2826,,,2,97,,30938,2826,,,2,100,,30932,2826,,,2,102,,30931,2826,,,2,12,,30960,2826,,,2,19,,30939,2826,,,2,11,,30955,2826,,,2,55,,30952,2826,,,2,15,,30962,2826,,,2,15,,30956,2826,,,2,15,,30953,2826,,,2,55,,30940,2826,,,2,14,,30957,2826,,,2,15,,30954,2826,,,2,72,,30961,2826,,,2,100,,30929,2826,,,2,100,,30941,2826,,,2,100,,30930,2826,,,2,100,,30942,2826,,,2,100,,30937,2826,,,2,100,,30933,2826,,,2
4900,'F8',609,,30979,2826,,,2,100,,30963,2826,,,2,100,,30980,2826,,,2,100,,30972,2826,,,2,100,,30966,2826,,,2,100,,30967,2826,,,2,100,,30968,2826,,,2,100,,30969,2826,,,2,100,,30973,2826,,,2,100,,30974,2826,,,2,100,,30975,2826,,,2,100,,30976,2826,,,2,100,,30977,2826,,,2,100,,30964,2826,,,2,100,,30978,2826,,,2,100,,30970,2826,,,2,100,,30965,2826,,,2,99,,30981,2826,,,2,100,,30971,2826,,,2,100,,30982,2826,,,2
4900,'F9',609,,30985,2826,,,2,100,,30997,2826,,,2,100,,30986,2826,,,2,100,,30992,2826,,,2,100,,30993,2826,,,2,100,,30994,2826,,,2,100,,30995,2826,,,2,100,,30996,2826,,,2,100,,30987,2826,,,2,100,,30988,2826,,,2,100,,30998,2826,,,2,100,,30999,2826,,,2,100,,30984,2826,,,2,100,,30989,2826,,,2,100,,30990,2826,,,2,100,,31000,2826,,,2,100,,31001,2826,,,2,99,,30991,2826,,,2,100,,30983,2826,,,2
4900,'SA',609,,31018,2826,,,2,100,,31002,2826,,,2,100,,31019,2826,,,2,100,,31011,2826,,,2,100,,31005,2826,,,2,100,,31006,2826,,,2,100,,31007,2826,,,2,100,,31008,2826,,,2,100,,31012,2826,,,2,100,,31013,2826,,,2,100,,31014,2826,,,2,100,,31015,2826,,,2,100,,31016,2826,,,2,100,,31003,2826,,,2,100,,31017,2826,,,2,100,,31009,2826,,,2,100,,31004,2826,,,2,99,,31020,2826,,,2,100,,31010,2826,,,2,100,,31021,2826,,,2
4900,'SE',610,,31040,2826,,,2,20,,31053,2826,,,2,15,,31029,2826,,,2,55,,31043,2826,,,2,13,,31022,2826,,,2,16,,31041,2826,,,2,14,,31044,2826,,,2,15,,31038,2826,,,2,55,,31042,2826,,,2,15,,31045,2826,,,2,20,,31039,2826,,,2,61,,31046,2826,,,2,101,,31054,2826,,,2,100,,31030,2826,,,2,101,,31023,2826,,,2,100,,31031,2826,,,2,97,,31033,2826,,,2,100,,31027,2826,,,2,102,,31026,2826,,,2,12,,31055,2826,,,2,19,,31034,2826,,,2,11,,31050,2826,,,2,55,,31047,2826,,,2,15,,31057,2826,,,2,15,,31051,2826,,,2,15,,31048,2826,,,2,55,,31035,2826,,,2,14,,31052,2826,,,2,15,,31049,2826,,,2,72,,31056,2826,,,2,100,,31024,2826,,,2,100,,31036,2826,,,2,100,,31025,2826,,,2,100,,31037,2826,,,2,100,,31032,2826,,,2,100,,31028,2826,,,2
55000,'F7',1638,,40709,8318,,,2
55000,'SE',1638,,40710,8318,,,2
61400,'F7',1717,,40774,11929,,,2
61400,'SE',1717,,40775,11929,,,2
68401,'F7',853,,40903,3437,,,2,2,,40902,3437,,,2
68401,'SE',853,,40905,3437,,,2,2,,40904,3437,,,2
