12000,'F8',612,,15848,8105,,,2,26,,15850,8105,,,2,77,,15849,8105,,,2,29,,15852,8105,,,2,71,,15851,8105,,,2,797,,15853,7719,,,2,31,,15854,7719,,,2,75,,15858,7719,,,2,23,,15855,7719,,,2,69,,15857,7719,,,2,28,,15856,7719,,,2
12000,'SE',612,,15859,8105,,,2,26,,15861,8105,,,2,77,,15860,8105,,,2,29,,15863,8105,,,2,71,,15862,8105,,,2,797,,15864,7719,,,2,31,,15865,7719,,,2,75,,15869,7719,,,2,23,,15866,7719,,,2,69,,15868,7719,,,2,28,,15867,7719,,,2
12301,'DI',524,,16064,6561,,,2,100,,16071,6561,,,2,100,,16065,6561,,,2,100,,16072,6561,,,2,100,,16066,6561,,,2,100,,16073,6561,,,2,100,,16067,6561,,,2,100,,16074,6561,,,2,100,,16068,6561,,,2,100,,16075,6561,,,2,100,,16069,6561,,,2,100,,16076,6561,,,2,100,,16070,6561,,,2,100,,16077,6561,,,2,100,,16078,6561,,,2,100,,16061,6561,,,2,100,,16079,6561,,,2,100,,16062,6561,,,2,100,,16080,6561,,,2,100,,16063,6561,,,2
12301,'F1',524,,16081,6561,,,2,100,,16094,6561,,,2,100,,16082,6561,,,2,100,,16095,6561,,,2,100,,16083,6561,,,2,100,,16096,6561,,,2,100,,16084,6561,,,2,100,,16097,6561,,,2,100,,16085,6561,,,2,100,,16098,6561,,,2,100,,16086,6561,,,2,100,,16099,6561,,,2,100,,16087,6561,,,2,100,,16100,6561,,,2,100,,16088,6561,,,2,100,,16091,6561,,,2,100,,16089,6561,,,2,100,,16092,6561,,,2,100,,16090,6561,,,2,100,,16093,6561,,,2
12301,'F7',524,,16104,6561,,,2,100,,16111,6561,,,2,100,,16105,6561,,,2,100,,16112,6561,,,2,100,,16106,6561,,,2,100,,16113,6561,,,2,100,,16107,6561,,,2,100,,16114,6561,,,2,100,,16108,6561,,,2,100,,16115,6561,,,2,100,,16109,6561,,,2,100,,16116,6561,,,2,100,,16110,6561,,,2,100,,16117,6561,,,2,100,,16118,6561,,,2,100,,16101,6561,,,2,100,,16119,6561,,,2,100,,16102,6561,,,2,100,,16120,6561,,,2,100,,16103,6561,,,2
12301,'F8',509,,16140,6561,,,2,30,,16141,6561,,,2,20,,16126,6561,,,2,60,,16124,6561,,,2,15,,16123,6561,,,2,25,,16127,6561,,,2,70,,16122,6561,,,2,71,,16121,6561,,,2,30,,16125,6561,,,2,29,,16144,6561,,,2,70,,16145,6561,,,2,96,,16130,6561,,,2,100,,16138,6561,,,2,100,,16128,6561,,,2,100,,16147,6561,,,2,100,,16149,6561,,,2,11,,16156,6561,,,2,64,,16151,6561,,,2,20,,16133,6561,,,2,15,,16132,6561,,,2,19,,16135,6561,,,2,46,,16146,6561,,,2,16,,16154,6561,,,2,10,,16155,6561,,,2,6,,16131,6561,,,2,24,,16153,6561,,,2,69,,16152,6561,,,2,30,,16150,6561,,,2,71,,16136,6561,,,2,26,,16129,6561,,,2,74,,16134,6561,,,2,28,,16137,6561,,,2,70,,16157,6561,,,2,98,,16148,6561,,,2,100,,16142,6561,,,2,100,,16139,6561,,,2,120,,16143,6561,,,2
12301,'F9',524,,16158,6561,,,2,100,,16171,6561,,,2,100,,16159,6561,,,2,100,,16172,6561,,,2,100,,16160,6561,,,2,100,,16173,6561,,,2,100,,16161,6561,,,2,100,,16174,6561,,,2,100,,16162,6561,,,2,100,,16175,6561,,,2,100,,16163,6561,,,2,100,,16176,6561,,,2,100,,16164,6561,,,2,100,,16177,6561,,,2,100,,16165,6561,,,2,100,,16168,6561,,,2,100,,16166,6561,,,2,100,,16169,6561,,,2,100,,16167,6561,,,2,100,,16170,6561,,,2
12301,'SA',524,,16178,6561,,,2,100,,16191,6561,,,2,100,,16179,6561,,,2,100,,16192,6561,,,2,100,,16180,6561,,,2,100,,16193,6561,,,2,100,,16181,6561,,,2,100,,16194,6561,,,2,100,,16182,6561,,,2,100,,16195,6561,,,2,100,,16183,6561,,,2,100,,16196,6561,,,2,100,,16184,6561,,,2,100,,16197,6561,,,2,100,,16185,6561,,,2,100,,16188,6561,,,2,100,,16186,6561,,,2,100,,16189,6561,,,2,100,,16187,6561,,,2,100,,16190,6561,,,2
12301,'SE',509,,16217,6561,,,2,30,,16218,6561,,,2,20,,16203,6561,,,2,60,,16201,6561,,,2,15,,16200,6561,,,2,25,,16204,6561,,,2,70,,16199,6561,,,2,71,,16198,6561,,,2,30,,16202,6561,,,2,29,,16221,6561,,,2,70,,16222,6561,,,2,96,,16207,6561,,,2,100,,16215,6561,,,2,100,,16205,6561,,,2,100,,16224,6561,,,2,100,,16226,6561,,,2,11,,16233,6561,,,2,64,,16228,6561,,,2,20,,16210,6561,,,2,15,,16209,6561,,,2,19,,16212,6561,,,2,46,,16223,6561,,,2,16,,16231,6561,,,2,10,,16232,6561,,,2,6,,16208,6561,,,2,24,,16230,6561,,,2,69,,16229,6561,,,2,30,,16227,6561,,,2,71,,16213,6561,,,2,26,,16206,6561,,,2,74,,16211,6561,,,2,28,,16214,6561,,,2,70,,16234,6561,,,2,98,,16225,6561,,,2,100,,16219,6561,,,2,100,,16216,6561,,,2,120,,16220,6561,,,2
67300,'F8',1511,,18984,7764,,,2
67300,'SE',1511,,18985,7764,,,2
