8301,'DI',734,,36304,11149,,,1,100,,36305,11149,,,1,108,,36306,11149,,,1,100,,36307,11149,,,1,100,,36308,11149,,,1,100,,36309,11149,,,1,100,,36310,11149,,,1,100,,36311,11149,,,1,100,,36312,11149,,,1,100,,36313,11149,,,1,100,,36314,11149,,,1,100,,36315,11149,,,1,100,,36316,11149,,,1,100,,36317,11149,,,1,100,,36318,11149,,,1,100,,36319,11149,,,1,100,,36320,11149,,,1,100,,36321,11149,,,1
8301,'F1',634,,14698,11149,,,1,100,,14699,11149,,,1,100,,36325,11149,,,1,108,,36326,11149,,,1,100,,36327,11149,,,1,100,,36328,11149,,,1,100,,36329,11149,,,1,100,,36330,11149,,,1,100,,36331,11149,,,1,100,,36332,11149,,,1,100,,36333,11149,,,1,100,,36334,11149,,,1,100,,36335,11149,,,1,100,,36336,11149,,,1,100,,36337,11149,,,1,100,,36338,11149,,,1,100,,36339,11149,,,1,100,,36322,11149,,,1,100,,36323,11149,,,1,100,,36324,11149,,,1
8301,'F2',634,,36356,11149,,,1,100,,36357,11149,,,1,100,,36358,11149,,,1,108,,36359,11149,,,1,100,,36340,11149,,,1,100,,36341,11149,,,1,100,,36342,11149,,,1,100,,36343,11149,,,1,100,,36344,11149,,,1,100,,36345,11149,,,1,100,,36346,11149,,,1,100,,36347,11149,,,1,100,,36348,11149,,,1,100,,36349,11149,,,1,100,,36350,11149,,,1,100,,36351,11149,,,1,100,,36352,11149,,,1,100,,36353,11149,,,1,100,,36354,11149,,,1,100,,36355,11149,,,1
8301,'F7',600,,36378,11149,,,1,30,,36382,11149,,,1,20,,36373,11149,,,1,56,,36379,11149,,,1,25,,36384,11149,,,1,20,,36380,11149,,,1,62,,36369,11149,,,1,18,,36383,11149,,,1,20,,36375,11149,,,1,61,,36371,11149,,,1,31,,36391,11149,,,1,60,,36381,11149,,,1,40,,36366,11149,,,1,100,,36367,11149,,,1,100,,36374,11149,,,1,100,,36361,11149,,,1,100,,36362,11149,,,1,101,,36363,11149,,,1,15,,36385,11149,,,1,65,,36364,11149,,,1,21,,36392,11149,,,1,62,,36360,11149,,,1,20,,36370,11149,,,1,18,,36393,11149,,,1,60,,36394,11149,,,1,18,,36372,11149,,,1,20,,36386,11149,,,1,60,,36368,11149,,,1,40,,36387,11149,,,1,100,,36388,11149,,,1,100,,36389,11149,,,1,100,,36390,11149,,,1,100,,36365,11149,,,1,100,,36376,11149,,,1,100,,36377,11149,,,1
8301,'F8',634,,36411,11149,,,1,100,,36412,11149,,,1,100,,36413,11149,,,1,108,,36414,11149,,,1,100,,36395,11149,,,1,100,,36396,11149,,,1,100,,36397,11149,,,1,100,,36398,11149,,,1,100,,36399,11149,,,1,100,,36400,11149,,,1,100,,36401,11149,,,1,100,,36402,11149,,,1,100,,36403,11149,,,1,100,,36404,11149,,,1,100,,36405,11149,,,1,100,,36406,11149,,,1,100,,36407,11149,,,1,100,,36408,11149,,,1,100,,36409,11149,,,1,100,,36410,11149,,,1
8301,'F9',734,,36415,11149,,,1,100,,36416,11149,,,1,108,,36417,11149,,,1,100,,36418,11149,,,1,100,,36419,11149,,,1,100,,36420,11149,,,1,100,,36421,11149,,,1,100,,36422,11149,,,1,100,,36423,11149,,,1,100,,36424,11149,,,1,100,,36425,11149,,,1,100,,36426,11149,,,1,100,,36427,11149,,,1,100,,36428,11149,,,1,100,,36429,11149,,,1,100,,36430,11149,,,1,100,,36431,11149,,,1,100,,36432,11149,,,1
8301,'SA',634,,36449,11149,,,1,100,,36450,11149,,,1,100,,36451,11149,,,1,108,,36452,11149,,,1,100,,36433,11149,,,1,100,,36434,11149,,,1,100,,36435,11149,,,1,100,,36436,11149,,,1,100,,36437,11149,,,1,100,,36438,11149,,,1,100,,36439,11149,,,1,100,,36440,11149,,,1,100,,36441,11149,,,1,100,,36442,11149,,,1,100,,36443,11149,,,1,100,,36444,11149,,,1,100,,36445,11149,,,1,100,,36446,11149,,,1,100,,36447,11149,,,1,100,,36448,11149,,,1
8301,'SE',600,,36471,11149,,,1,30,,36475,11149,,,1,20,,36466,11149,,,1,56,,36472,11149,,,1,25,,36477,11149,,,1,20,,36473,11149,,,1,62,,36462,11149,,,1,18,,36476,11149,,,1,20,,36468,11149,,,1,61,,36464,11149,,,1,31,,36484,11149,,,1,60,,36474,11149,,,1,40,,36459,11149,,,1,100,,36460,11149,,,1,100,,36467,11149,,,1,100,,36454,11149,,,1,100,,36455,11149,,,1,101,,36456,11149,,,1,15,,36478,11149,,,1,65,,36457,11149,,,1,21,,36485,11149,,,1,62,,36453,11149,,,1,20,,36463,11149,,,1,18,,36486,11149,,,1,60,,36487,11149,,,1,18,,36465,11149,,,1,20,,36479,11149,,,1,60,,36461,11149,,,1,40,,36480,11149,,,1,100,,36481,11149,,,1,100,,36482,11149,,,1,100,,36483,11149,,,1,100,,36458,11149,,,1,100,,36469,11149,,,1,100,,36470,11149,,,1
8601,'F7',632,,36632,7089,,,2,85,,36633,7089,,,2,32,,36634,7089,,,2
8601,'SE',632,,36635,7089,,,2,85,,36636,7089,,,2,32,,36637,7089,,,2
68301,'F7',727,,40896,9068,,,2
68301,'SE',727,,40897,9068,,,2
