13201,'DI',712,,38200,5253,,,2,100,,38198,5253,,,2,100,,38199,5253,,,2,100,,38204,5253,,,2,100,,38201,5253,,,2,100,,38202,5253,,,2,100,,38205,5253,,,2,100,,38208,5253,,,2,100,,38206,5253,,,2,105,,38210,5253,,,2,95,,38209,5253,,,2,100,,38207,5253,,,2,101,,38211,5253,,,2,98,,38212,5253,,,2,100,,38203,5253,,,2,100,,38197,5253,,,2,100,,38213,5253,,,2,100,,38214,5253,,,2
13201,'F1',712,,38215,5253,,,2,100,,38228,5253,,,2,100,,38219,5253,,,2,100,,38229,5253,,,2,103,,38216,5253,,,2,97,,38220,5253,,,2,104,,38230,5253,,,2,96,,38227,5253,,,2,104,,38231,5253,,,2,96,,38221,5253,,,2,100,,38217,5253,,,2,100,,38218,5253,,,2,101,,38222,5253,,,2,98,,38223,5253,,,2,100,,16454,5253,,,2,100,,38226,5253,,,2,100,,38224,5253,,,2,100,,38225,5253,,,2
13201,'F2',712,,38233,5253,,,2,100,,38249,5253,,,2,100,,38237,5253,,,2,100,,38232,5253,,,2,103,,38234,5253,,,2,97,,38238,5253,,,2,104,,38235,5253,,,2,96,,38248,5253,,,2,104,,38239,5253,,,2,96,,38241,5253,,,2,100,,38236,5253,,,2,100,,38240,5253,,,2,101,,38242,5253,,,2,98,,38244,5253,,,2,100,,38243,5253,,,2,100,,38246,5253,,,2,100,,38245,5253,,,2,100,,38247,5253,,,2
13201,'F7',545,,38256,5253,,,2,70,,38253,5253,,,2,32,,38263,5253,,,2,60,,38255,5253,,,2,23,,38261,5253,,,2,10,,38267,5253,,,2,10,,38265,5253,,,2,62,,38264,5253,,,2,18,,38257,5253,,,2,17,,38262,5253,,,2,60,,38266,5253,,,2,20,,38277,5253,,,2,19,,38258,5253,,,2,97,,38278,5253,,,2,99,,38275,5253,,,2,96,,38276,5253,,,2,100,,38268,5253,,,2,110,,38269,5253,,,2,11,,38272,5253,,,2,43,,38250,5253,,,2,43,,38259,5253,,,2,65,,38270,5253,,,2,19,,38273,5253,,,2,19,,38254,5253,,,2,63,,38260,5253,,,2,19,,38252,5253,,,2,19,,38271,5253,,,2,59,,38251,5253,,,2,40,,38274,5253,,,2
13201,'F8',712,,38280,5253,,,2,100,,38296,5253,,,2,100,,38284,5253,,,2,100,,38279,5253,,,2,103,,38281,5253,,,2,97,,38285,5253,,,2,104,,38282,5253,,,2,96,,38295,5253,,,2,104,,38286,5253,,,2,96,,38288,5253,,,2,100,,38283,5253,,,2,100,,38287,5253,,,2,101,,38289,5253,,,2,98,,38291,5253,,,2,100,,38290,5253,,,2,100,,38293,5253,,,2,100,,38292,5253,,,2,100,,38294,5253,,,2
13201,'F9',712,,38300,5253,,,2,100,,38298,5253,,,2,100,,38299,5253,,,2,100,,38304,5253,,,2,100,,38301,5253,,,2,100,,38302,5253,,,2,100,,38305,5253,,,2,100,,38308,5253,,,2,100,,38306,5253,,,2,105,,38310,5253,,,2,95,,38309,5253,,,2,100,,38307,5253,,,2,101,,38311,5253,,,2,98,,38312,5253,,,2,100,,38303,5253,,,2,100,,38297,5253,,,2,100,,38313,5253,,,2,100,,38314,5253,,,2
13201,'SA',712,,38316,5253,,,2,100,,38332,5253,,,2,100,,38320,5253,,,2,100,,38315,5253,,,2,103,,38317,5253,,,2,97,,38321,5253,,,2,104,,38318,5253,,,2,96,,38331,5253,,,2,104,,38322,5253,,,2,96,,38324,5253,,,2,100,,38319,5253,,,2,100,,38323,5253,,,2,101,,38325,5253,,,2,98,,38327,5253,,,2,100,,38326,5253,,,2,100,,38329,5253,,,2,100,,38328,5253,,,2,100,,38330,5253,,,2
13201,'SE',545,,38339,5253,,,2,70,,38336,5253,,,2,32,,38345,5253,,,2,60,,38338,5253,,,2,23,,38343,5253,,,2,10,,38349,5253,,,2,10,,38347,5253,,,2,62,,38346,5253,,,2,18,,38340,5253,,,2,17,,38344,5253,,,2,60,,38348,5253,,,2,20,,38358,5253,,,2,19,,16560,5253,,,2,97,,38359,5253,,,2,99,,16564,5253,,,2,96,,38357,5253,,,2,100,,38350,5253,,,2,110,,38351,5253,,,2,11,,38354,5253,,,2,43,,38333,5253,,,2,43,,38341,5253,,,2,65,,38352,5253,,,2,19,,38355,5253,,,2,19,,38337,5253,,,2,63,,38342,5253,,,2,19,,38335,5253,,,2,19,,38353,5253,,,2,59,,38334,5253,,,2,40,,38356,5253,,,2
54000,'F7',1627,,40686,2843,,,2
54000,'SE',1627,,40687,2843,,,2
