2301,'F1',621,,6669,8079,,,2,103,,6670,8079,,,2,103,,6671,8079,,,2,100,,6667,8079,,,2,103,,6668,8079,,,2,99,,6672,8079,,,2,103,,6673,8079,,,2,97,,6664,8079,,,2,99,,6665,8079,,,2,100,,6666,8079,,,2,100,,6675,8079,,,2,100,,6674,8079,,,2
2301,'F8',1030,,6678,8079,,,2,101,,6676,8079,,,2,100,,6679,8079,,,2,101,,6677,8079,,,2,100,,6680,8079,,,2
2301,'F9',621,,6686,8079,,,2,103,,6687,8079,,,2,103,,6688,8079,,,2,100,,6684,8079,,,2,103,,6685,8079,,,2,99,,6689,8079,,,2,103,,6690,8079,,,2,97,,6681,8079,,,2,99,,6682,8079,,,2,100,,6683,8079,,,2,100,,6692,8079,,,2,100,,6691,8079,,,2
2301,'SA',621,,6698,8079,,,2,103,,6699,8079,,,2,103,,6700,8079,,,2,100,,6696,8079,,,2,103,,6697,8079,,,2,99,,6701,8079,,,2,103,,6702,8079,,,2,97,,6693,8079,,,2,99,,6694,8079,,,2,100,,6695,8079,,,2,100,,6704,8079,,,2,100,,6703,8079,,,2
2301,'SE',1030,,6707,8079,,,2,101,,6705,8079,,,2,100,,6708,8079,,,2,101,,6706,8079,,,2,100,,6709,8079,,,2
12301,'DI',556,,16064,22376,,,2,100,,16071,22376,,,2,100,,16065,22376,,,2,100,,16072,22376,,,2,102,,16066,22376,,,2,100,,16073,22376,,,2,100,,16067,22376,,,2,100,,16074,22376,,,2,100,,16068,22376,,,2,100,,16075,22376,,,2,100,,16069,22376,,,2,100,,16076,22376,,,2,100,,16070,22376,,,2,100,,16077,22376,,,2,100,,16078,22376,,,2,98,,16061,22376,,,2,100,,16079,22376,,,2,100,,16062,22376,,,2,100,,16080,22376,,,2,100,,16063,22376,,,2
12301,'F1',554,,16081,22376,,,2,100,,16094,22376,,,2,100,,16082,22376,,,2,102,,16095,22376,,,2,100,,16083,22376,,,2,100,,16096,22376,,,2,100,,16084,22376,,,2,100,,16097,22376,,,2,100,,16085,22376,,,2,100,,16098,22376,,,2,100,,16086,22376,,,2,100,,16099,22376,,,2,100,,16087,22376,,,2,100,,16100,22376,,,2,100,,16088,22376,,,2,100,,16091,22376,,,2,100,,16089,22376,,,2,100,,16092,22376,,,2,100,,16090,22376,,,2,100,,16093,22376,,,2
12301,'F7',556,,16104,22376,,,2,100,,16111,22376,,,2,100,,16105,22376,,,2,100,,16112,22376,,,2,102,,16106,22376,,,2,100,,16113,22376,,,2,100,,16107,22376,,,2,100,,16114,22376,,,2,100,,16108,22376,,,2,100,,16115,22376,,,2,100,,16109,22376,,,2,100,,16116,22376,,,2,100,,16110,22376,,,2,100,,16117,22376,,,2,100,,16118,22376,,,2,98,,16101,22376,,,2,100,,16119,22376,,,2,100,,16102,22376,,,2,100,,16120,22376,,,2,100,,16103,22376,,,2
12301,'F8',542,,16140,22376,,,2,70,,16141,22376,,,2,21,,16126,22376,,,2,26,,16124,22376,,,2,55,,16123,22376,,,2,28,,16127,22376,,,2,70,,16122,22376,,,2,27,,16121,22376,,,2,70,,16125,22376,,,2,26,,16144,22376,,,2,70,,16145,22376,,,2,96,,16130,22376,,,2,102,,16138,22376,,,2,100,,16128,22376,,,2,100,,16147,22376,,,2,100,,16149,22376,,,2,11,,16156,22376,,,2,27,,16151,22376,,,2,60,,16133,22376,,,2,15,,16132,22376,,,2,19,,16135,22376,,,2,6,,16146,22376,,,2,16,,16154,22376,,,2,50,,16155,22376,,,2,6,,16131,22376,,,2,24,,16153,22376,,,2,66,,16152,22376,,,2,27,,16150,22376,,,2,71,,16136,22376,,,2,26,,16129,22376,,,2,74,,16134,22376,,,2,28,,16137,22376,,,2,30,,16157,22376,,,2,98,,16148,22376,,,2,97,,16142,22376,,,2,100,,16139,22376,,,2,157,,16143,22376,,,2
12301,'F9',554,,16158,22376,,,2,100,,16171,22376,,,2,100,,16159,22376,,,2,102,,16172,22376,,,2,100,,16160,22376,,,2,100,,16173,22376,,,2,100,,16161,22376,,,2,100,,16174,22376,,,2,100,,16162,22376,,,2,100,,16175,22376,,,2,100,,16163,22376,,,2,100,,16176,22376,,,2,100,,16164,22376,,,2,100,,16177,22376,,,2,100,,16165,22376,,,2,100,,16168,22376,,,2,100,,16166,22376,,,2,100,,16169,22376,,,2,100,,16167,22376,,,2,100,,16170,22376,,,2
12301,'SA',554,,16178,22376,,,2,100,,16191,22376,,,2,100,,16179,22376,,,2,102,,16192,22376,,,2,100,,16180,22376,,,2,100,,16193,22376,,,2,100,,16181,22376,,,2,100,,16194,22376,,,2,100,,16182,22376,,,2,100,,16195,22376,,,2,100,,16183,22376,,,2,100,,16196,22376,,,2,100,,16184,22376,,,2,100,,16197,22376,,,2,100,,16185,22376,,,2,100,,16188,22376,,,2,100,,16186,22376,,,2,100,,16189,22376,,,2,100,,16187,22376,,,2,100,,16190,22376,,,2
12301,'SE',542,,16217,22376,,,2,70,,16218,22376,,,2,21,,16203,22376,,,2,26,,16201,22376,,,2,55,,16200,22376,,,2,28,,16204,22376,,,2,70,,16199,22376,,,2,27,,16198,22376,,,2,70,,16202,22376,,,2,26,,16221,22376,,,2,70,,16222,22376,,,2,96,,16207,22376,,,2,102,,16215,22376,,,2,100,,16205,22376,,,2,100,,16224,22376,,,2,100,,16226,22376,,,2,11,,16233,22376,,,2,27,,16228,22376,,,2,60,,16210,22376,,,2,15,,16209,22376,,,2,19,,16212,22376,,,2,6,,16223,22376,,,2,16,,16231,22376,,,2,50,,16232,22376,,,2,6,,16208,22376,,,2,24,,16230,22376,,,2,66,,16229,22376,,,2,27,,16227,22376,,,2,71,,16213,22376,,,2,26,,16206,22376,,,2,74,,16211,22376,,,2,28,,16214,22376,,,2,30,,16234,22376,,,2,98,,16225,22376,,,2,97,,16219,22376,,,2,100,,16216,22376,,,2,157,,16220,22376,,,2
17001,'F8',522,,17082,5076,0,50 51,2,30,,17083,5076,0,50 51,2,62,,17066,5076,0,50 51,2,30,,17070,5076,0,50 51,2,70,,17067,5076,0,50 51,2,31,,17071,5076,0,50 51,2,69,,17068,5076,0,50 51,2,35,,17072,5076,0,50 51,2,70,,17069,5076,0,50 51,2,615,,17078,5076,0,50 51,2,70,,17073,5076,0,50 51,2,30,,17079,5076,0,50 51,2,70,,17074,5076,0,50 51,2,30,,17080,5076,0,50 51,2,70,,17075,5076,0,50 51,2,30,,17081,5076,0,50 51,2,70,,17076,5076,0,50 51,2
17001,'SE',522,,17100,5076,0,50 51,2,30,,17101,5076,0,50 51,2,62,,17084,5076,0,50 51,2,30,,17088,5076,0,50 51,2,70,,17085,5076,0,50 51,2,31,,17089,5076,0,50 51,2,69,,17086,5076,0,50 51,2,35,,17090,5076,0,50 51,2,70,,17087,5076,0,50 51,2,615,,17096,5076,0,50 51,2,70,,17091,5076,0,50 51,2,30,,17097,5076,0,50 51,2,70,,17092,5076,0,50 51,2,30,,17098,5076,0,50 51,2,70,,17093,5076,0,50 51,2,30,,17099,5076,0,50 51,2,70,,17094,5076,0,50 51,2
