2901,'DI',717,,28112,8669,,,1,100,,28113,8669,,,1,100,,28114,8669,,,1,100,,28115,8669,,,1,100,,28116,8669,,,1,100,,28117,8669,,,1,100,,28118,8669,,,1,100,,28119,8669,,,1,100,,28120,8669,,,1,100,,28121,8669,,,1,100,,28122,8669,,,1,100,,28123,8669,,,1,98,,28124,8669,,,1,100,,28125,8669,,,1,100,,28126,8669,,,1,100,,28127,8669,,,1,100,,28128,8669,,,1,120,,28129,8669,,,1
2901,'F1',717,,28131,8669,,,1,100,,28132,8669,,,1,100,,28133,8669,,,1,100,,28134,8669,,,1,100,,28135,8669,,,1,100,,28136,8669,,,1,100,,28137,8669,,,1,100,,28138,8669,,,1,99,,28139,8669,,,1,99,,28140,8669,,,1,99,,28141,8669,,,1,108,,28142,8669,,,1,97,,28143,8669,,,1,97,,28144,8669,,,1,99,,28145,8669,,,1,100,,28146,8669,,,1,100,,28147,8669,,,1,120,,28148,8669,,,1
2901,'F2',717,,28163,8669,,,1,100,,28164,8669,,,1,100,,28165,8669,,,1,100,,28166,8669,,,1,100,,28167,8669,,,1,100,,28168,8669,,,1,100,,28150,8669,,,1,100,,28151,8669,,,1,99,,28152,8669,,,1,99,,28153,8669,,,1,99,,28154,8669,,,1,108,,28155,8669,,,1,97,,28156,8669,,,1,97,,28157,8669,,,1,99,,28158,8669,,,1,100,,28159,8669,,,1,100,,28160,8669,,,1,120,,28161,8669,,,1
2901,'F7',649,,28183,8669,,,1,66,,28178,8669,,,1,37,,28194,8669,,,1,1,,28185,8669,,,1,67,,28179,8669,,,1,30,,28182,8669,,,1,69,,28184,8669,,,1,103,,28177,8669,,,1,100,,28196,8669,,,1,101,,28176,8669,,,1,100,,28171,8669,,,1,100,,28174,8669,,,1,102,,28172,8669,,,1,75,,28186,8669,,,1,23,,28187,8669,,,1,34,,28173,8669,,,1,60,,28175,8669,,,1,29,,28181,8669,,,1,12,,28195,8669,,,1,68,,28180,8669,,,1,28,,28188,8669,,,1,67,,28170,8669,,,1,98,,28169,8669,,,1,99,,28189,8669,,,1,99,,28190,8669,,,1,98,,28191,8669,,,1,120,,28192,8669,,,1
2901,'F8',717,,28210,8669,,,1,100,,28211,8669,,,1,100,,28212,8669,,,1,100,,28213,8669,,,1,100,,28214,8669,,,1,100,,28215,8669,,,1,100,,28197,8669,,,1,100,,28198,8669,,,1,99,,28199,8669,,,1,99,,28200,8669,,,1,99,,28201,8669,,,1,108,,28202,8669,,,1,97,,28203,8669,,,1,97,,28204,8669,,,1,99,,28205,8669,,,1,100,,28206,8669,,,1,100,,28207,8669,,,1,120,,28208,8669,,,1
2901,'F9',717,,28216,8669,,,1,100,,28217,8669,,,1,100,,28218,8669,,,1,100,,28219,8669,,,1,100,,28220,8669,,,1,100,,28221,8669,,,1,100,,28222,8669,,,1,100,,28223,8669,,,1,100,,28224,8669,,,1,100,,28225,8669,,,1,100,,28226,8669,,,1,100,,28227,8669,,,1,98,,28228,8669,,,1,100,,28229,8669,,,1,100,,28230,8669,,,1,100,,28231,8669,,,1,100,,28232,8669,,,1,120,,28233,8669,,,1
2901,'SA',717,,28248,8669,,,1,100,,28249,8669,,,1,100,,28250,8669,,,1,100,,28251,8669,,,1,100,,28252,8669,,,1,100,,28253,8669,,,1,100,,28235,8669,,,1,100,,28236,8669,,,1,99,,28237,8669,,,1,99,,28238,8669,,,1,99,,28239,8669,,,1,108,,28240,8669,,,1,97,,28241,8669,,,1,97,,28242,8669,,,1,99,,28243,8669,,,1,100,,28244,8669,,,1,100,,28245,8669,,,1,120,,28246,8669,,,1
2901,'SE',649,,28267,8669,,,1,66,,7376,8669,,,1,37,,28278,8669,,,1,1,,28269,8669,,,1,67,,28263,8669,,,1,30,,28266,8669,,,1,69,,28268,8669,,,1,103,,28262,8669,,,1,100,,28280,8669,,,1,101,,28261,8669,,,1,100,,28256,8669,,,1,100,,28259,8669,,,1,102,,28257,8669,,,1,75,,28270,8669,,,1,23,,28271,8669,,,1,34,,28258,8669,,,1,60,,28260,8669,,,1,29,,28265,8669,,,1,12,,28279,8669,,,1,68,,28264,8669,,,1,28,,28272,8669,,,1,67,,28255,8669,,,1,98,,28254,8669,,,1,99,,28273,8669,,,1,99,,28274,8669,,,1,98,,28275,8669,,,1,120,,28276,8669,,,1
62400,'F7',1452,,40784,775,,,2
62400,'SE',1452,,40785,775,,,2
