8801,'DI',615,,36910,3230,,,1,30,,36915,3230,,,1,70,,36921,3230,,,1,30,,36931,3230,,,1,69,,36911,3230,,,1,30,,36916,3230,,,1,70,,36922,3230,,,1,28,,36932,3230,,,1,69,,36912,3230,,,1,30,,36917,3230,,,1,69,,36923,3230,,,1,30,,36933,3230,,,1,70,,36913,3230,,,1,30,,36918,3230,,,1,70,,36924,3230,,,1,31,,36934,3230,,,1,70,,36914,3230,,,1,31,,36919,3230,,,1,71,,36925,3230,,,1,29,,15257,3230,,,1,70,,36926,3230,,,1,30,,36920,3230,,,1,70,,36935,3230,,,1,34,,15258,3230,,,1,62,,36927,3230,,,1,106,,36936,3230,,,1,101,,36928,3230,,,1,100,,36937,3230,,,1,100,,36929,3230,,,1,100,,36938,3230,,,1,99,,36930,3230,,,1
8801,'F1',613,,36944,3230,,,1,30,,36943,3230,,,1,70,,36958,3230,,,1,28,,36949,3230,,,1,70,,36945,3230,,,1,30,,15317,3230,,,1,70,,36959,3230,,,1,27,,36950,3230,,,1,70,,36946,3230,,,1,29,,15318,3230,,,1,70,,36960,3230,,,1,31,,36951,3230,,,1,70,,15301,3230,,,1,31,,36955,3230,,,1,68,,36961,3230,,,1,31,,36952,3230,,,1,70,,15302,3230,,,1,30,,36956,3230,,,1,70,,36962,3230,,,1,30,,36941,3230,,,1,71,,15303,3230,,,1,31,,36957,3230,,,1,68,,36963,3230,,,1,32,,36942,3230,,,1,62,,36964,3230,,,1,109,,36953,3230,,,1,100,,36947,3230,,,1,100,,36954,3230,,,1,100,,36948,3230,,,1,98,,36940,3230,,,1,100,,36939,3230,,,1
8801,'F2',613,,36968,3230,,,1,30,,36967,3230,,,1,70,,36989,3230,,,1,28,,36980,3230,,,1,70,,36969,3230,,,1,30,,36993,3230,,,1,70,,36990,3230,,,1,27,,36981,3230,,,1,70,,36973,3230,,,1,29,,36994,3230,,,1,70,,36991,3230,,,1,31,,36982,3230,,,1,70,,36974,3230,,,1,31,,36986,3230,,,1,68,,36970,3230,,,1,31,,36983,3230,,,1,70,,36975,3230,,,1,30,,36987,3230,,,1,70,,36971,3230,,,1,30,,36965,3230,,,1,71,,36976,3230,,,1,31,,36988,3230,,,1,68,,36972,3230,,,1,32,,36966,3230,,,1,62,,36995,3230,,,1,109,,36984,3230,,,1,100,,36977,3230,,,1,100,,36985,3230,,,1,100,,36978,3230,,,1,98,,36992,3230,,,1,100,,36979,3230,,,1
8801,'F7',609,,36996,3230,,,1,20,,37008,3230,,,1,15,,36998,3230,,,1,12,,37010,3230,,,1,47,,37000,3230,,,1,17,,37011,3230,,,1,9,,37005,3230,,,1,12,,37013,3230,,,1,12,,37002,3230,,,1,50,,37007,3230,,,1,20,,37041,3230,,,1,18,,37042,3230,,,1,70,,37043,3230,,,1,30,,37012,3230,,,1,70,,37030,3230,,,1,30,,37009,3230,,,1,70,,37006,3230,,,1,30,,37028,3230,,,1,70,,37031,3230,,,1,30,,37001,3230,,,1,70,,36999,3230,,,1,30,,37032,3230,,,1,72,,37003,3230,,,1,29,,37029,3230,,,1,9,,37015,3230,,,1,2,,37019,3230,,,1,2,,37021,3230,,,1,47,,36997,3230,,,1,17,,37022,3230,,,1,18,,37035,3230,,,1,12,,37033,3230,,,1,55,,37036,3230,,,1,16,,37038,3230,,,1,15,,37004,3230,,,1,15,,37014,3230,,,1,54,,37044,3230,,,1,16,,37020,3230,,,1,17,,37023,3230,,,1,17,,37025,3230,,,1,61,,37016,3230,,,1,27,,37039,3230,,,1,72,,37037,3230,,,1,30,,37024,3230,,,1,70,,37017,3230,,,1,30,,37040,3230,,,1,70,,37034,3230,,,1,102,,37018,3230,,,1,98,,37027,3230,,,1,100,,37026,3230,,,1
8801,'F8',613,,37048,3230,,,1,30,,37047,3230,,,1,70,,37069,3230,,,1,28,,37060,3230,,,1,70,,37049,3230,,,1,30,,37073,3230,,,1,70,,37070,3230,,,1,27,,37061,3230,,,1,70,,37053,3230,,,1,29,,37074,3230,,,1,70,,37071,3230,,,1,31,,37062,3230,,,1,70,,37054,3230,,,1,31,,37066,3230,,,1,68,,37050,3230,,,1,31,,37063,3230,,,1,70,,37055,3230,,,1,30,,37067,3230,,,1,70,,37051,3230,,,1,30,,37045,3230,,,1,71,,37056,3230,,,1,31,,37068,3230,,,1,68,,37052,3230,,,1,32,,37046,3230,,,1,62,,37075,3230,,,1,109,,37064,3230,,,1,100,,37057,3230,,,1,100,,37065,3230,,,1,100,,37058,3230,,,1,98,,37072,3230,,,1,100,,37059,3230,,,1
8801,'F9',615,,37078,3230,,,1,30,,37083,3230,,,1,70,,37089,3230,,,1,30,,37099,3230,,,1,69,,37079,3230,,,1,30,,37084,3230,,,1,70,,37090,3230,,,1,28,,37100,3230,,,1,69,,37080,3230,,,1,30,,37085,3230,,,1,69,,37091,3230,,,1,30,,37101,3230,,,1,70,,37081,3230,,,1,30,,37086,3230,,,1,70,,37092,3230,,,1,31,,37102,3230,,,1,70,,37082,3230,,,1,31,,37087,3230,,,1,71,,37093,3230,,,1,29,,37076,3230,,,1,70,,37094,3230,,,1,30,,37088,3230,,,1,70,,37103,3230,,,1,34,,37077,3230,,,1,62,,37095,3230,,,1,106,,37104,3230,,,1,101,,37096,3230,,,1,100,,37105,3230,,,1,100,,37097,3230,,,1,100,,37106,3230,,,1,99,,37098,3230,,,1
8801,'SA',613,,37110,3230,,,1,30,,37109,3230,,,1,70,,37131,3230,,,1,28,,37122,3230,,,1,70,,37111,3230,,,1,30,,37134,3230,,,1,70,,37132,3230,,,1,27,,37123,3230,,,1,70,,37115,3230,,,1,29,,37135,3230,,,1,70,,37133,3230,,,1,31,,37124,3230,,,1,70,,37116,3230,,,1,31,,37128,3230,,,1,68,,37112,3230,,,1,31,,37125,3230,,,1,70,,37117,3230,,,1,30,,37129,3230,,,1,70,,37113,3230,,,1,30,,37107,3230,,,1,71,,37118,3230,,,1,31,,37130,3230,,,1,68,,37114,3230,,,1,32,,37108,3230,,,1,62,,37136,3230,,,1,109,,37126,3230,,,1,100,,37119,3230,,,1,100,,37127,3230,,,1,100,,37120,3230,,,1,98,,15458,3230,,,1,100,,37121,3230,,,1
8801,'SE',609,,37137,3230,,,1,20,,37149,3230,,,1,15,,37139,3230,,,1,12,,15479,3230,,,1,47,,37141,3230,,,1,17,,37151,3230,,,1,9,,37146,3230,,,1,12,,37153,3230,,,1,12,,37143,3230,,,1,50,,37148,3230,,,1,20,,37178,3230,,,1,18,,37179,3230,,,1,70,,37180,3230,,,1,30,,37152,3230,,,1,70,,37167,3230,,,1,30,,37150,3230,,,1,70,,37147,3230,,,1,30,,37165,3230,,,1,70,,37168,3230,,,1,30,,37142,3230,,,1,70,,37140,3230,,,1,30,,37169,3230,,,1,72,,37144,3230,,,1,29,,37166,3230,,,1,9,,15486,3230,,,1,2,,15491,3230,,,1,2,,37159,3230,,,1,47,,37138,3230,,,1,17,,37160,3230,,,1,18,,37172,3230,,,1,12,,37170,3230,,,1,55,,37173,3230,,,1,16,,37175,3230,,,1,15,,37145,3230,,,1,15,,37154,3230,,,1,54,,37181,3230,,,1,16,,37158,3230,,,1,17,,37161,3230,,,1,17,,37162,3230,,,1,61,,37155,3230,,,1,27,,37176,3230,,,1,72,,37174,3230,,,1,30,,15492,3230,,,1,70,,37156,3230,,,1,30,,37177,3230,,,1,70,,37171,3230,,,1,102,,37157,3230,,,1,98,,37164,3230,,,1,100,,37163,3230,,,1
50501,'F7',908,,40632,3899,,,2
50501,'SE',908,,40633,3899,,,2
