8001,'DI',647,,35550,1496,,,1,100,,35551,1496,,,1,100,,35552,1496,,,1,100,,35553,1496,,,1,100,,35554,1496,,,1,100,,35555,1496,,,1,100,,35556,1496,,,1,100,,35557,1496,,,1,100,,35558,1496,,,1,100,,35559,1496,,,1,100,,35560,1496,,,1,102,,35561,1496,,,1,100,,35562,1496,,,1,100,,35563,1496,,,1,100,,35564,1496,,,1,100,,35565,1496,,,1,100,,35566,1496,,,1,100,,35567,1496,,,1
8001,'F1',648,,35575,1496,,,1,100,,35576,1496,,,1,100,,35577,1496,,,1,100,,35578,1496,,,1,100,,35579,1496,,,1,101,,14023,1496,,,1,100,,35580,1496,,,1,100,,35581,1496,,,1,100,,35582,1496,,,1,100,,35583,1496,,,1,100,,35584,1496,,,1,100,,35585,1496,,,1,99,,35586,1496,,,1,100,,35571,1496,,,1,100,,35572,1496,,,1,100,,35569,1496,,,1,100,,35573,1496,,,1,100,,35570,1496,,,1
8001,'F2',648,,35587,1496,,,1,100,,35588,1496,,,1,100,,35589,1496,,,1,100,,35590,1496,,,1,100,,35591,1496,,,1,101,,35592,1496,,,1,100,,35593,1496,,,1,100,,35594,1496,,,1,100,,35595,1496,,,1,100,,35596,1496,,,1,100,,35597,1496,,,1,100,,35598,1496,,,1,99,,35599,1496,,,1,100,,35600,1496,,,1,100,,35601,1496,,,1,100,,35602,1496,,,1,100,,35603,1496,,,1,100,,35604,1496,,,1
8001,'F7',543,,35628,1496,,,1,70,,35611,1496,,,1,36,,35607,1496,,,1,70,,35610,1496,,,1,30,,35608,1496,,,1,70,,35606,1496,,,1,33,,35629,1496,,,1,97,,35612,1496,,,1,100,,35613,1496,,,1,100,,35614,1496,,,1,100,,35615,1496,,,1,100,,35616,1496,,,1,100,,35617,1496,,,1,102,,35618,1496,,,1,65,,35619,1496,,,1,35,,35630,1496,,,1,70,,35620,1496,,,1,24,,35609,1496,,,1,89,,35621,1496,,,1,93,,35622,1496,,,1,100,,35623,1496,,,1,99,,35624,1496,,,1,100,,35625,1496,,,1,100,,35626,1496,,,1
8001,'F8',648,,35631,1496,,,1,100,,35632,1496,,,1,100,,35633,1496,,,1,100,,35634,1496,,,1,100,,35635,1496,,,1,101,,35636,1496,,,1,100,,35637,1496,,,1,100,,35638,1496,,,1,100,,35639,1496,,,1,100,,35640,1496,,,1,100,,35641,1496,,,1,100,,35642,1496,,,1,99,,35643,1496,,,1,100,,35644,1496,,,1,100,,35645,1496,,,1,100,,35646,1496,,,1,100,,35647,1496,,,1,100,,35648,1496,,,1
8001,'F9',647,,35650,1496,,,1,100,,35651,1496,,,1,100,,35652,1496,,,1,100,,35653,1496,,,1,100,,35654,1496,,,1,100,,35655,1496,,,1,100,,35656,1496,,,1,100,,35657,1496,,,1,100,,35658,1496,,,1,100,,35659,1496,,,1,100,,35660,1496,,,1,102,,35661,1496,,,1,100,,35662,1496,,,1,100,,35663,1496,,,1,100,,35664,1496,,,1,100,,35665,1496,,,1,100,,35666,1496,,,1,100,,35667,1496,,,1
8001,'SA',648,,35669,1496,,,1,100,,35670,1496,,,1,100,,35671,1496,,,1,100,,35672,1496,,,1,100,,35673,1496,,,1,101,,35674,1496,,,1,100,,35675,1496,,,1,100,,35676,1496,,,1,100,,35677,1496,,,1,100,,35678,1496,,,1,100,,35679,1496,,,1,100,,35680,1496,,,1,99,,35681,1496,,,1,100,,35682,1496,,,1,100,,35683,1496,,,1,100,,35684,1496,,,1,100,,35685,1496,,,1,100,,35686,1496,,,1
8001,'SE',543,,35709,1496,,,1,70,,35693,1496,,,1,36,,35689,1496,,,1,70,,35692,1496,,,1,30,,35690,1496,,,1,70,,35688,1496,,,1,33,,35710,1496,,,1,97,,35694,1496,,,1,100,,35695,1496,,,1,100,,35696,1496,,,1,100,,35697,1496,,,1,100,,35698,1496,,,1,100,,35699,1496,,,1,102,,35700,1496,,,1,65,,35701,1496,,,1,35,,35711,1496,,,1,70,,35702,1496,,,1,24,,35691,1496,,,1,89,,35703,1496,,,1,93,,14127,1496,,,1,100,,35704,1496,,,1,99,,35705,1496,,,1,100,,35706,1496,,,1,100,,35707,1496,,,1
18001,'F7',631,,38951,2316,,,2,24,,38955,2316,,,2,53,,38954,2316,,,2,17,,38956,2316,,,2,12,,38953,2316,,,2,18,,38952,2316,,,2,58,,38949,2316,,,2,817,,38958,2316,,,2,71,,38959,2316,,,2,30,,38950,2316,,,2,24,,38957,2316,,,2
18001,'SE',631,,38962,2316,,,2,24,,38966,2316,,,2,53,,38965,2316,,,2,17,,38967,2316,,,2,12,,38964,2316,,,2,18,,38963,2316,,,2,58,,38960,2316,,,2,817,,38969,2316,,,2,71,,38970,2316,,,2,30,,38961,2316,,,2,24,,38968,2316,,,2
