4200,'DI',622,,29423,5373,,,1,100,,29424,5373,,,1,100,,29425,5373,,,1,100,,29426,5373,,,1,100,,29427,5373,,,1,101,,29428,5373,,,1,100,,29429,5373,,,1,100,,29430,5373,,,1,100,,29431,5373,,,1,100,,29432,5373,,,1,100,,29433,5373,,,1,100,,29434,5373,,,1,100,,29435,5373,,,1,100,,29436,5373,,,1,99,,29437,5373,,,1,100,,29438,5373,,,1,100,,29439,5373,,,1,100,,29440,5373,,,1,100,,29441,5373,,,1,100,,29442,5373,,,1
4200,'F1',622,,29443,5373,,,1,100,,29444,5373,,,1,100,,29445,5373,,,1,100,,29446,5373,,,1,100,,29447,5373,,,1,101,,29448,5373,,,1,100,,29449,5373,,,1,100,,29450,5373,,,1,100,,29451,5373,,,1,100,,29452,5373,,,1,100,,29453,5373,,,1,100,,29454,5373,,,1,100,,29455,5373,,,1,100,,29456,5373,,,1,99,,29457,5373,,,1,100,,29458,5373,,,1,100,,29459,5373,,,1,100,,29460,5373,,,1,100,,29461,5373,,,1,100,,29462,5373,,,1
4200,'F2',622,,29480,5373,,,1,100,,29481,5373,,,1,100,,29482,5373,,,1,100,,29463,5373,,,1,100,,29464,5373,,,1,101,,29465,5373,,,1,100,,29466,5373,,,1,100,,29467,5373,,,1,100,,29468,5373,,,1,100,,29469,5373,,,1,100,,29470,5373,,,1,100,,29471,5373,,,1,100,,29472,5373,,,1,100,,29473,5373,,,1,99,,29474,5373,,,1,100,,29475,5373,,,1,100,,29476,5373,,,1,100,,29477,5373,,,1,100,,29478,5373,,,1,100,,29479,5373,,,1
4200,'F7',604,,29511,5373,,,1,36,,29493,5373,,,1,70,,29496,5373,,,1,12,,29492,5373,,,1,6,,29494,5373,,,1,6,,29489,5373,,,1,6,,29490,5373,,,1,62,,29488,5373,,,1,21,,29497,5373,,,1,34,,29524,5373,,,1,70,,29525,5373,,,1,30,,29491,5373,,,1,70,,29515,5373,,,1,30,,29495,5373,,,1,70,,29520,5373,,,1,30,,29498,5373,,,1,70,,29521,5373,,,1,30,,29484,5373,,,1,70,,29501,5373,,,1,30,,29499,5373,,,1,70,,29513,5373,,,1,30,,29523,5373,,,1,72,,29502,5373,,,1,30,,29518,5373,,,1,67,,29516,5373,,,1,24,,29522,5373,,,1,55,,29519,5373,,,1,14,,29483,5373,,,1,14,,29517,5373,,,1,14,,29512,5373,,,1,55,,29514,5373,,,1,27,,29500,5373,,,1,30,,29503,5373,,,1,71,,29507,5373,,,1,74,,29504,5373,,,1,30,,29508,5373,,,1,69,,29505,5373,,,1,30,,29509,5373,,,1,70,,29506,5373,,,1,30,,29510,5373,,,1,91,,29485,5373,,,1,100,,29486,5373,,,1,100,,29487,5373,,,1
4200,'F8',622,,29543,5373,,,1,100,,29544,5373,,,1,100,,29545,5373,,,1,100,,29526,5373,,,1,100,,29527,5373,,,1,101,,29528,5373,,,1,100,,29529,5373,,,1,100,,29530,5373,,,1,100,,29531,5373,,,1,100,,29532,5373,,,1,100,,29533,5373,,,1,100,,29534,5373,,,1,100,,29535,5373,,,1,100,,29536,5373,,,1,99,,29537,5373,,,1,100,,29538,5373,,,1,100,,29539,5373,,,1,100,,29540,5373,,,1,100,,29541,5373,,,1,100,,29542,5373,,,1
4200,'F9',622,,29546,5373,,,1,100,,29547,5373,,,1,100,,29548,5373,,,1,100,,29549,5373,,,1,100,,29550,5373,,,1,101,,29551,5373,,,1,100,,29552,5373,,,1,100,,29553,5373,,,1,100,,29554,5373,,,1,100,,29555,5373,,,1,100,,29556,5373,,,1,100,,29557,5373,,,1,100,,29558,5373,,,1,100,,29559,5373,,,1,99,,29560,5373,,,1,100,,29561,5373,,,1,100,,29562,5373,,,1,100,,29563,5373,,,1,100,,29564,5373,,,1,100,,29565,5373,,,1
4200,'SA',622,,29583,5373,,,1,100,,29584,5373,,,1,100,,29585,5373,,,1,100,,29566,5373,,,1,100,,29567,5373,,,1,101,,29568,5373,,,1,100,,29569,5373,,,1,100,,29570,5373,,,1,100,,29571,5373,,,1,100,,29572,5373,,,1,100,,29573,5373,,,1,100,,29574,5373,,,1,100,,29575,5373,,,1,100,,29576,5373,,,1,99,,29577,5373,,,1,100,,29578,5373,,,1,100,,29579,5373,,,1,100,,29580,5373,,,1,100,,29581,5373,,,1,100,,29582,5373,,,1
4200,'SE',604,,29614,5373,,,1,36,,29596,5373,,,1,70,,29599,5373,,,1,12,,29595,5373,,,1,6,,29597,5373,,,1,6,,29592,5373,,,1,6,,29593,5373,,,1,62,,29591,5373,,,1,21,,29600,5373,,,1,34,,29627,5373,,,1,70,,29628,5373,,,1,30,,29594,5373,,,1,70,,29618,5373,,,1,30,,29598,5373,,,1,70,,29623,5373,,,1,30,,29601,5373,,,1,70,,29624,5373,,,1,30,,29587,5373,,,1,70,,29604,5373,,,1,30,,29602,5373,,,1,70,,29616,5373,,,1,30,,29626,5373,,,1,72,,29605,5373,,,1,30,,29621,5373,,,1,67,,29619,5373,,,1,24,,29625,5373,,,1,55,,29622,5373,,,1,14,,29586,5373,,,1,14,,29620,5373,,,1,14,,29615,5373,,,1,55,,29617,5373,,,1,27,,29603,5373,,,1,30,,29606,5373,,,1,71,,29610,5373,,,1,74,,29607,5373,,,1,30,,29611,5373,,,1,69,,29608,5373,,,1,30,,29612,5373,,,1,70,,29609,5373,,,1,30,,29613,5373,,,1,91,,29588,5373,,,1,100,,29589,5373,,,1,100,,29590,5373,,,1
6000,'F7',633,,32199,5373,,,1,84,,32200,5373,,,1,37,,32208,5373,,,1,86,,32201,5373,,,1,101,,32207,5373,,,1,100,,32197,5373,,,1,100,,32202,5373,,,1,100,,32198,5373,,,1,100,,32215,5373,,,1,100,,32210,5373,,,1,98,,32211,5373,,,1,70,,32206,5373,,,1,25,,32203,5373,,,1,24,,32204,5373,,,1,68,,32195,5373,,,1,27,,32212,5373,,,1,65,,32205,5373,,,1,30,,32209,5373,,,1,68,,32213,5373,,,1,99,,32194,5373,,,1,99,,32214,5373,,,1,100,,32192,5373,,,1,90,,32196,5373,,,1,100,,32193,5373,,,1
6000,'SE',633,,32223,5373,,,1,84,,32224,5373,,,1,37,,32232,5373,,,1,86,,32225,5373,,,1,101,,32231,5373,,,1,100,,32221,5373,,,1,100,,32226,5373,,,1,100,,32222,5373,,,1,100,,32239,5373,,,1,100,,32234,5373,,,1,98,,32235,5373,,,1,70,,32230,5373,,,1,25,,32227,5373,,,1,24,,32228,5373,,,1,68,,32219,5373,,,1,27,,32236,5373,,,1,65,,32229,5373,,,1,30,,32233,5373,,,1,68,,32237,5373,,,1,99,,32218,5373,,,1,99,,32238,5373,,,1,100,,32216,5373,,,1,90,,32220,5373,,,1,100,,32217,5373,,,1
16000,'DI',703,,38365,5373,0,19 20,1,100,,38368,5373,0,19 20,1,100,,38371,5373,0,19 20,1,100,,38366,5373,0,19 20,1,100,,38372,5373,0,19 20,1,100,,38364,5373,0,19 20,1,100,,38373,5373,0,19 20,1,100,,38362,5373,0,19 20,1,100,,38360,5373,0,19 20,1,100,,38369,5373,0,19 20,1,100,,38367,5373,0,19 20,1,100,,38374,5373,0,19 20,1,100,,38370,5373,0,19 20,1,102,,38363,5373,0,19 20,1,98,,38361,5373,0,19 20,1
16000,'F1',703,,38382,5373,0,19 20,1,99,,38377,5373,0,19 20,1,101,,38376,5373,0,19 20,1,100,,38379,5373,0,19 20,1,100,,38383,5373,0,19 20,1,99,,16591,5373,0,19 20,1,101,,38380,5373,0,19 20,1,100,,38375,5373,0,19 20,1,100,,16592,5373,0,19 20,1,100,,38378,5373,0,19 20,1,100,,38381,5373,0,19 20,1,100,,16593,5373,0,19 20,1,100,,38384,5373,0,19 20,1,101,,16594,5373,0,19 20,1,99,,38385,5373,0,19 20,1
16000,'F2',703,,38390,5373,0,19 20,1,99,,38393,5373,0,19 20,1,101,,38389,5373,0,19 20,1,100,,38386,5373,0,19 20,1,100,,38392,5373,0,19 20,1,99,,38397,5373,0,19 20,1,101,,38387,5373,0,19 20,1,100,,38391,5373,0,19 20,1,100,,38398,5373,0,19 20,1,100,,38394,5373,0,19 20,1,100,,38388,5373,0,19 20,1,100,,38399,5373,0,19 20,1,100,,38395,5373,0,19 20,1,101,,38400,5373,0,19 20,1,99,,38396,5373,0,19 20,1
16000,'F7',617,,38407,5373,0,19 20,1,95,,38421,5373,0,19 20,1,39,,38406,5373,0,19 20,1,94,,38422,5373,0,19 20,1,89,,38418,5373,0,19 20,1,86,,38405,5373,0,19 20,1,101,,38408,5373,0,19 20,1,100,,38409,5373,0,19 20,1,100,,38404,5373,0,19 20,1,100,,38423,5373,0,19 20,1,98,,38402,5373,0,19 20,1,30,,38417,5373,0,19 20,1,68,,38410,5373,0,19 20,1,24,,38401,5373,0,19 20,1,71,,38411,5373,0,19 20,1,27,,38424,5373,0,19 20,1,70,,38403,5373,0,19 20,1,30,,38416,5373,0,19 20,1,70,,38412,5373,0,19 20,1,47,,38415,5373,0,19 20,1,99,,38413,5373,0,19 20,1,100,,38419,5373,0,19 20,1,92,,38414,5373,0,19 20,1,100,,38420,5373,0,19 20,1
16000,'F8',703,,38429,5373,0,19 20,1,99,,38432,5373,0,19 20,1,101,,38428,5373,0,19 20,1,100,,38425,5373,0,19 20,1,100,,38431,5373,0,19 20,1,99,,38436,5373,0,19 20,1,101,,38426,5373,0,19 20,1,100,,38430,5373,0,19 20,1,100,,38437,5373,0,19 20,1,100,,38433,5373,0,19 20,1,100,,38427,5373,0,19 20,1,100,,38438,5373,0,19 20,1,100,,38434,5373,0,19 20,1,101,,38439,5373,0,19 20,1,99,,38435,5373,0,19 20,1
16000,'F9',703,,38445,5373,0,19 20,1,100,,38448,5373,0,19 20,1,100,,38451,5373,0,19 20,1,100,,38446,5373,0,19 20,1,100,,38452,5373,0,19 20,1,100,,38444,5373,0,19 20,1,100,,38453,5373,0,19 20,1,100,,38442,5373,0,19 20,1,100,,38440,5373,0,19 20,1,100,,38449,5373,0,19 20,1,100,,38447,5373,0,19 20,1,100,,38454,5373,0,19 20,1,100,,38450,5373,0,19 20,1,102,,38443,5373,0,19 20,1,98,,38441,5373,0,19 20,1
16000,'SA',703,,38459,5373,0,19 20,1,99,,16667,5373,0,19 20,1,101,,38458,5373,0,19 20,1,100,,38455,5373,0,19 20,1,100,,38461,5373,0,19 20,1,99,,38464,5373,0,19 20,1,101,,38456,5373,0,19 20,1,100,,38460,5373,0,19 20,1,100,,38465,5373,0,19 20,1,100,,16668,5373,0,19 20,1,100,,38457,5373,0,19 20,1,100,,38466,5373,0,19 20,1,100,,38462,5373,0,19 20,1,101,,38467,5373,0,19 20,1,99,,38463,5373,0,19 20,1
16000,'SE',617,,38474,5373,0,19 20,1,95,,38488,5373,0,19 20,1,39,,38473,5373,0,19 20,1,94,,38489,5373,0,19 20,1,89,,38485,5373,0,19 20,1,86,,38472,5373,0,19 20,1,101,,38475,5373,0,19 20,1,100,,38476,5373,0,19 20,1,100,,38471,5373,0,19 20,1,100,,38490,5373,0,19 20,1,98,,38469,5373,0,19 20,1,30,,38484,5373,0,19 20,1,68,,38477,5373,0,19 20,1,24,,38468,5373,0,19 20,1,71,,38478,5373,0,19 20,1,27,,38491,5373,0,19 20,1,70,,38470,5373,0,19 20,1,30,,38483,5373,0,19 20,1,70,,38479,5373,0,19 20,1,47,,38482,5373,0,19 20,1,99,,38480,5373,0,19 20,1,100,,38486,5373,0,19 20,1,92,,38481,5373,0,19 20,1,100,,38487,5373,0,19 20,1
54201,'F7',909,,40692,5459,,,2
54201,'SE',909,,40693,5459,,,2
