4301,'DI',818,,4974,,,1,100,,4965,,,1,100,,4966,,,1,101,,4967,,,1,101,,4968,,,1,100,,4963,,,1,100,,4959,,,1,100,,4975,,,1,101,,4960,,,1,98,,4976,,,1,100,,4961,,,1,99,,4969,,,1,99,,4970,,,1,100,,4964,,,1,100,,4962,,,1,100,,4972,,,1,99,,4971,,,1,100,,4973,,,1
4301,'F1',717,,4981,,,1,101,,4983,,,1,100,,4978,,,1,100,,4988,,,1,101,,4991,,,1,100,,4985,,,1,101,,4992,,,1,100,,4982,,,1,100,,4993,,,1,101,,4984,,,1,98,,4989,,,1,100,,4979,,,1,99,,4986,,,1,99,,4995,,,1,100,,4994,,,1,100,,4987,,,1,100,,4990,,,1,99,,4977,,,1,100,,4980,,,1
4301,'F7',818,,14713,,,1,100,,14704,,,1,100,,14705,,,1,101,,14706,,,1,101,,14707,,,1,100,,14702,,,1,100,,14698,,,1,100,,14714,,,1,101,,14699,,,1,98,,14715,,,1,100,,14700,,,1,99,,14708,,,1,99,,14709,,,1,100,,14703,,,1,100,,14701,,,1,100,,14711,,,1,99,,14710,,,1,100,,14712,,,1
4301,'F8',704,,14722,,,1,33,,14736,,,1,73,,14738,,,1,22,,14741,,,1,80,,14732,,,1,25,,14733,,,1,70,,14719,,,1,100,,14727,,,1,101,,14716,,,1,100,,14718,,,1,100,,14720,,,1,96,,14717,,,1,34,,14724,,,1,67,,14725,,,1,41,,14726,,,1,66,,14737,,,1,29,,14723,,,1,71,,14721,,,1,29,,14729,,,1,70,,14734,,,1,99,,14740,,,1,100,,14730,,,1,100,,14735,,,1,98,,14728,,,1,100,,14731,,,1,100,,14739,,,1
4301,'F9',717,,14746,,,1,101,,14748,,,1,100,,14743,,,1,100,,14753,,,1,101,,14756,,,1,100,,14750,,,1,101,,14757,,,1,100,,14747,,,1,100,,14758,,,1,101,,14749,,,1,98,,14754,,,1,100,,14744,,,1,99,,14751,,,1,99,,14760,,,1,100,,14759,,,1,100,,14752,,,1,100,,14755,,,1,99,,14742,,,1,100,,14745,,,1
4301,'SA',717,,5000,,,1,101,,5002,,,1,100,,4997,,,1,100,,5007,,,1,101,,5010,,,1,100,,5004,,,1,101,,5011,,,1,100,,5001,,,1,100,,5012,,,1,101,,5003,,,1,98,,5008,,,1,100,,4998,,,1,99,,5005,,,1,99,,5014,,,1,100,,5013,,,1,100,,5006,,,1,100,,5009,,,1,99,,4996,,,1,100,,4999,,,1
4301,'SE',704,,5021,,,1,33,,5035,,,1,73,,5037,,,1,22,,5040,,,1,80,,5031,,,1,25,,5032,,,1,70,,5018,,,1,100,,5026,,,1,101,,5015,,,1,100,,5017,,,1,100,,5019,,,1,96,,5016,,,1,34,,5023,,,1,67,,5024,,,1,41,,5025,,,1,66,,5036,,,1,29,,5022,,,1,71,,5020,,,1,29,,5028,,,1,70,,5033,,,1,99,,5039,,,1,100,,5029,,,1,100,,5034,,,1,98,,5027,,,1,100,,5030,,,1,100,,5038,,,1
4601,'F8',621,,14938,,,2,20,,14943,,,2,61,,14939,,,2,20,,14944,,,2,16,,14947,,,2,14,,14940,,,2,58,,14945,,,2,22,,14948,,,2,19,,14946,,,2,100,,14941,,,2,100,,14936,,,2,100,,14937,,,2,100,,14955,,,2,100,,14933,,,2,100,,14934,,,2,101,,14942,,,2,73,,14949,,,2,18,,14935,,,2,62,,14951,,,2,20,,14950,,,2,15,,14953,,,2,75,,14956,,,2
4601,'SE',621,,5256,,,2,20,,5261,,,2,61,,5257,,,2,20,,5262,,,2,16,,5265,,,2,14,,5258,,,2,58,,5263,,,2,22,,5266,,,2,19,,5264,,,2,100,,5259,,,2,100,,5254,,,2,100,,5255,,,2,100,,5273,,,2,100,,5251,,,2,100,,5252,,,2,101,,5260,,,2,73,,5267,,,2,18,,5253,,,2,62,,5269,,,2,20,,5268,,,2,15,,5271,,,2,75,,5274,,,2
68401,'F8',846,,19270,,,2,2,,19271,,,2
68401,'SE',846,,10569,,,2,2,,10570,,,2
69200,'F8',1620,,19284,,,2
69200,'SE',1620,,10583,,,2
