2200,'SE',638,,3726,4,,2,92,,3728,4,,2,25,,3727,4,,2,893,,3729,4,,2,80,,3731,4,,2,20,,3733,4,,2,70,,3730,4,,2,40,,3732,4,,2
2201,'SE',528,,3734,,,2,92,,3736,,,2,25,,3735,,,2,70,,3741,,,2,30,,3737,,,2,908,,3738,,,2,80,,3739,,,2,20,,3740,,,2
6100,'DI',714,,6189,,,2,89,,6193,,,2,30,,6190,,,2,70,,6196,,,2,30,,6194,,,2,70,,6191,,,2,30,,6197,,,2,70,,6199,,,2,30,,6204,,,2,70,,6209,,,2,30,,6200,,,2,70,,6205,,,2,30,,6210,,,2,70,,6201,,,2,30,,6206,,,2,70,,6212,,,2,30,,6202,,,2,74,,6207,,,2,21,,6213,,,2,75,,6216,,,2,20,,6220,,,2,80,,6214,,,2,25,,6217,,,2,30,,6221,,,2,85,,6218,,,2,100,,6222,,,2,100,,6224,,,2,100,,6226,,,2,100,,6228,,,2,100,,6229,,,2
6100,'F1',714,,6230,,,2,89,,6234,,,2,30,,6231,,,2,70,,6237,,,2,30,,6235,,,2,70,,6232,,,2,30,,6238,,,2,70,,6240,,,2,30,,6245,,,2,70,,6248,,,2,30,,6241,,,2,70,,6246,,,2,30,,6249,,,2,70,,6242,,,2,30,,6251,,,2,70,,6256,,,2,30,,6243,,,2,74,,6252,,,2,21,,6257,,,2,75,,6260,,,2,20,,6253,,,2,80,,6258,,,2,25,,6261,,,2,30,,6254,,,2,85,,6263,,,2,100,,6266,,,2,100,,6264,,,2,100,,6268,,,2,100,,6267,,,2,100,,6269,,,2
6100,'SA',714,,6270,,,2,89,,6274,,,2,30,,6271,,,2,70,,6277,,,2,30,,6275,,,2,70,,6272,,,2,30,,6278,,,2,70,,6280,,,2,30,,6285,,,2,70,,6288,,,2,30,,6281,,,2,70,,6286,,,2,30,,6289,,,2,70,,6282,,,2,30,,6291,,,2,70,,6296,,,2,30,,6283,,,2,74,,6292,,,2,21,,6297,,,2,75,,6300,,,2,20,,6293,,,2,80,,6298,,,2,25,,6301,,,2,30,,6294,,,2,85,,6303,,,2,100,,6306,,,2,100,,6304,,,2,100,,6308,,,2,100,,6307,,,2,100,,6309,,,2
6100,'SE',623,,6312,,,2,28,,6310,,,2,66,,6319,,,2,9,,6324,,,2,19,,6316,,,2,66,,6313,,,2,23,,6321,,,2,15,,6326,,,2,76,,6317,,,2,30,,6314,,,2,70,,6322,,,2,31,,6366,,,2,70,,6320,,,2,30,,6327,,,2,70,,6331,,,2,30,,6328,,,2,70,,6329,,,2,33,,6333,,,2,61,,6336,,,2,27,,6341,,,2,63,,6330,,,2,20,,6332,,,2,23,,6344,,,2,4,,6347,,,2,65,,6337,,,2,7,,6339,,,2,14,,6348,,,2,13,,6349,,,2,54,,6334,,,2,15,,6353,,,2,6,,6356,,,2,18,,6345,,,2,54,,6342,,,2,24,,6358,,,2,24,,6350,,,2,68,,6361,,,2,30,,6364,,,2,70,,6354,,,2,30,,6357,,,2,70,,6365,,,2,30,,6351,,,2,68,,6362,,,2,30,,6359,,,2,69,,6355,,,2,30,,6363,,,2,70,,6360,,,2
6101,'DI',727,,6371,,,2,30,,6368,,,2,72,,6374,,,2,17,,6372,,,2,70,,6369,,,2,30,,6375,,,2,70,,6373,,,2,30,,6370,,,2,70,,6376,,,2,30,,6377,,,2,70,,6381,,,2,30,,6385,,,2,70,,6378,,,2,30,,6382,,,2,70,,6386,,,2,30,,6379,,,2,70,,6383,,,2,30,,6387,,,2,70,,6380,,,2,34,,6384,,,2,61,,6388,,,2,35,,6390,,,2,60,,6393,,,2,40,,6389,,,2,65,,6391,,,2,30,,6394,,,2,85,,6392,,,2,100,,6395,,,2,100,,6396,,,2,100,,6397,,,2
6101,'F1',727,,6403,,,2,30,,6400,,,2,72,,6406,,,2,17,,6404,,,2,70,,6401,,,2,30,,6407,,,2,70,,6405,,,2,30,,6402,,,2,70,,6408,,,2,30,,6409,,,2,70,,6413,,,2,30,,6415,,,2,70,,6410,,,2,30,,6414,,,2,70,,6416,,,2,30,,6411,,,2,70,,6417,,,2,30,,6421,,,2,70,,6412,,,2,34,,6418,,,2,61,,6422,,,2,35,,6424,,,2,60,,6419,,,2,40,,6423,,,2,65,,6425,,,2,30,,6420,,,2,85,,6426,,,2,100,,6428,,,2,100,,6427,,,2,100,,6430,,,2
6101,'SA',727,,6435,,,2,30,,6432,,,2,72,,6438,,,2,17,,6436,,,2,70,,6433,,,2,30,,6439,,,2,70,,6437,,,2,30,,6434,,,2,70,,6440,,,2,30,,6441,,,2,70,,6445,,,2,30,,6447,,,2,70,,6442,,,2,30,,6446,,,2,70,,6448,,,2,30,,6443,,,2,70,,6449,,,2,30,,6453,,,2,70,,6444,,,2,34,,6450,,,2,61,,6454,,,2,35,,6456,,,2,60,,6451,,,2,40,,6455,,,2,65,,6457,,,2,30,,6452,,,2,85,,6458,,,2,100,,6460,,,2,100,,6459,,,2,100,,6462,,,2
6101,'SE',607,,6513,,,2,30,,6515,,,2,10,,6468,,,2,57,,6471,,,2,9,,6465,,,2,14,,6474,,,2,14,,6464,,,2,7,,6478,,,2,56,,6472,,,2,9,,6477,,,2,19,,6469,,,2,24,,6466,,,2,62,,6475,,,2,15,,6479,,,2,76,,6470,,,2,30,,6467,,,2,70,,6476,,,2,32,,6514,,,2,70,,6473,,,2,30,,6480,,,2,72,,6484,,,2,30,,6481,,,2,70,,6482,,,2,33,,6486,,,2,61,,6488,,,2,27,,6491,,,2,23,,6483,,,2,60,,6485,,,2,24,,6493,,,2,4,,6495,,,2,65,,6489,,,2,7,,6490,,,2,14,,6496,,,2,13,,6497,,,2,14,,6487,,,2,54,,6500,,,2,6,,6503,,,2,14,,6494,,,2,14,,6492,,,2,64,,6505,,,2,24,,6498,,,2,68,,6508,,,2,28,,6511,,,2,70,,6501,,,2,29,,6504,,,2,29,,6512,,,2,70,,6499,,,2,29,,6509,,,2,70,,6506,,,2
12000,'SE',625,,8855,4,,2,26,,8857,4,,2,77,,8856,4,,2,29,,8859,4,,2,72,,8858,4,,2,795,,8860,4,,2,32,,8861,4,,2,76,,8865,4,,2,22,,8862,4,,2,69,,8864,4,,2,28,,8863,4,,2
12001,'SE',559,,8870,,,2,71,,8868,,,2,26,,8872,,,2,77,,8869,,,2,69,,8874,,,2,32,,8873,,,2,795,,8866,,,2,72,,8867,,,2,36,,8876,,,2,22,,8871,,,2,69,,8875,,,2
16100,'DI',623,,9410,,,2,33,,9399,4,,2,70,,9404,4,,2,30,,9402,4,,2,70,,9408,4,,2,30,,9401,4,,2,702,,9406,4,,2,68,,9400,4,,2,32,,9405,4,,2,70,,9403,4,,2,27,,9411,,,2,75,,9407,4,,2,70,,9409,4,,2
16100,'F1',623,,9424,,,2,33,,9412,4,,2,70,,9422,4,,2,30,,9415,4,,2,70,,9419,4,,2,30,,9418,4,,2,700,,9421,4,,2,71,,9413,4,,2,31,,9420,4,,2,67,,9423,,,2,34,,9414,4,,2,71,,9416,4,,2,29,,9417,4,,2
16100,'SA',623,,9437,,,2,33,,9425,4,,2,70,,9435,4,,2,30,,9428,4,,2,70,,9432,4,,2,30,,9431,4,,2,700,,9434,4,,2,71,,9426,4,,2,31,,9433,4,,2,67,,9436,,,2,34,,9427,4,,2,71,,9429,4,,2,29,,9430,4,,2
16100,'SE',703,,9452,,,2,25,,9450,,,2,25,,9451,,,2,65,,9439,4,,2,21,,9438,4,,2,17,,9440,4,,2,359,,9454,,,2,301,,9441,4,,2,30,,9443,4,,2,58,,9456,,,2,23,,9442,4,,2,18,,9455,,,2,63,,9447,4,,2,17,,9453,,,2,23,,9448,4,,2,60,,9445,4,,2,17,,9457,,,2,23,,9444,4,,2,57,,9449,4,,2,20,,9446,4,,2
16101,'DI',601,,9469,,,2,30,,9460,,,2,70,,9458,,,2,30,,9464,,,2,70,,9462,,,2,30,,9468,,,2,70,,9461,,,2,702,,9466,,,2,28,,9459,,,2,72,,9465,,,2,30,,9470,,,2,70,,9463,,,2,32,,9467,,,2
16101,'F1',601,,9482,,,2,30,,9477,,,2,70,,9471,,,2,30,,9481,,,2,70,,9474,,,2,30,,9478,,,2,70,,9476,,,2,700,,9480,,,2,31,,9472,,,2,71,,9479,,,2,30,,9483,,,2,71,,9473,,,2,31,,9475,,,2
16101,'SA',601,,9495,,,2,30,,9490,,,2,70,,9484,,,2,30,,9494,,,2,70,,9487,,,2,30,,9491,,,2,70,,9489,,,2,700,,9493,,,2,31,,9485,,,2,71,,9492,,,2,30,,9496,,,2,71,,9486,,,2,31,,9488,,,2
16101,'SE',556,,9502,,,2,60,,9500,,,2,22,,9513,,,2,20,,9501,,,2,53,,9510,,,2,17,,9506,,,2,15,,9515,,,2,57,,9497,,,2,23,,9503,,,2,21,,9498,,,2,57,,9507,,,2,20,,9504,,,2,324,,9512,,,2,372,,9511,,,2,15,,9499,,,2,21,,9516,,,2,60,,9508,,,2,18,,9514,,,2,22,,9509,,,2,60,,9505,,,2
46100,'DI',636,,10119,,,2,75,,10122,,,2,108,,10123,,,2,97,,10124,,,2,30,,10120,,,2,69,,10125,,,2,30,,10127,,,2,70,,10132,,,2,30,,10128,,,2,70,,10133,,,2,30,,10129,,,2,70,,10134,,,2,30,,10130,,,2,70,,10149,,,2,30,,10136,,,2,100,,10137,,,2,96,,10138,,,2,100,,10139,,,2,74,,10141,,,2,30,,10140,,,2,70,,10142,,,2,100,,10144,,,2,100,,10145,,,2,100,,10146,,,2,100,,10147,,,2,100,,10148,,,2
46100,'F1',636,,10156,,,2,75,,10159,,,2,108,,10160,,,2,97,,10161,,,2,30,,10157,,,2,69,,10162,,,2,30,,10164,,,2,70,,10169,,,2,30,,10165,,,2,70,,10170,,,2,30,,10166,,,2,70,,10171,,,2,30,,10167,,,2,70,,10181,,,2,30,,10173,,,2,100,,10174,,,2,96,,10175,,,2,100,,10176,,,2,74,,10178,,,2,30,,10177,,,2,70,,10179,,,2,100,,10152,,,2,100,,10150,,,2,100,,10153,,,2,100,,10155,,,2,100,,10154,,,2
46100,'SA',636,,10188,,,2,75,,10191,,,2,108,,10192,,,2,97,,10193,,,2,30,,10189,,,2,69,,10194,,,2,30,,10196,,,2,70,,10201,,,2,30,,10197,,,2,70,,10202,,,2,30,,10198,,,2,70,,10203,,,2,30,,10199,,,2,70,,10213,,,2,30,,10205,,,2,100,,10206,,,2,96,,10207,,,2,100,,10208,,,2,74,,10210,,,2,30,,10209,,,2,70,,10211,,,2,100,,10184,,,2,100,,10182,,,2,100,,10185,,,2,100,,10187,,,2,100,,10186,,,2
46100,'SE',520,,10215,,,2,19,,10214,,,2,16,,10256,,,2,58,,10255,,,2,23,,10251,,,2,71,,10248,,,2,33,,10257,,,2,84,,10249,,,2,28,,10218,,,2,157,,10219,,,2,30,,10221,,,2,70,,10216,,,2,30,,10223,,,2,70,,10225,,,2,30,,10230,,,2,70,,10220,,,2,30,,10222,,,2,69,,10227,,,2,22,,10224,,,2,75,,10232,,,2,36,,10231,,,2,70,,10253,,,2,26,,10233,,,2,14,,10226,,,2,67,,10228,,,2,21,,10254,,,2,16,,10234,,,2,61,,10235,,,2,86,,10238,,,2,30,,10240,,,2,70,,10243,,,2,30,,10237,,,2,70,,10245,,,2,30,,10244,,,2,70,,10239,,,2,31,,10241,,,2,69,,10246,,,2,30,,10242,,,2,69,,10247,,,2
46101,'DI',559,,10258,,,2,80,,10261,,,2,103,,10262,,,2,97,,10263,,,2,70,,10259,,,2,30,,10264,,,2,70,,10260,,,2,30,,10265,,,2,70,,10266,,,2,30,,10270,,,2,70,,10267,,,2,30,,10271,,,2,70,,10268,,,2,30,,10272,,,2,70,,10269,,,2,100,,10273,,,2,100,,10274,,,2,91,,10275,,,2,39,,10277,,,2,74,,10276,,,2,26,,10278,,,2,95,,10279,,,2,105,,10280,,,2,100,,10281,,,2,100,,10282,,,2,100,,10283,,,2
46101,'F1',559,,10288,,,2,80,,10291,,,2,103,,10292,,,2,97,,10293,,,2,70,,10289,,,2,30,,10294,,,2,70,,10290,,,2,30,,10295,,,2,70,,10296,,,2,30,,10300,,,2,70,,10297,,,2,30,,10301,,,2,70,,10298,,,2,30,,10302,,,2,70,,10299,,,2,100,,10303,,,2,100,,10304,,,2,91,,10305,,,2,39,,10307,,,2,74,,10306,,,2,26,,10308,,,2,95,,10309,,,2,105,,10285,,,2,100,,10284,,,2,100,,10286,,,2,100,,10287,,,2
46101,'SA',559,,10314,,,2,80,,10317,,,2,103,,10318,,,2,97,,10319,,,2,70,,10315,,,2,30,,10320,,,2,70,,10316,,,2,30,,10321,,,2,70,,10322,,,2,30,,10326,,,2,70,,10323,,,2,30,,10327,,,2,70,,10324,,,2,30,,10328,,,2,70,,10325,,,2,100,,10329,,,2,100,,10330,,,2,91,,10331,,,2,39,,10333,,,2,74,,10332,,,2,26,,10334,,,2,95,,10335,,,2,105,,10311,,,2,100,,10310,,,2,100,,10312,,,2,100,,10313,,,2
46101,'SE',445,,10336,,,2,68,,10368,,,2,24,,10338,,,2,20,,10337,,,2,100,,10366,,,2,77,,10364,,,2,108,,10365,,,2,67,,10340,,,2,39,,10369,,,2,77,,10341,,,2,30,,10342,,,2,70,,10339,,,2,30,,10343,,,2,70,,10344,,,2,30,,10347,,,2,70,,10349,,,2,30,,10350,,,2,71,,10345,,,2,97,,10351,,,2,84,,10348,,,2,24,,10367,,,2,27,,10352,,,2,77,,10346,,,2,69,,10361,,,2,36,,10353,,,2,80,,10355,,,2,30,,10357,,,2,70,,10359,,,2,29,,10354,,,2,70,,10362,,,2,30,,10360,,,2,70,,10356,,,2,30,,10358,,,2,69,,10363,,,2
46200,'DI',729,,10372,,,2,104,,10370,,,2,100,,10373,,,2,626,,10374,,,2,100,,10371,,,2,100,,10375,,,2
46200,'F1',729,,10378,,,2,104,,10376,,,2,100,,10379,,,2,626,,10380,,,2,100,,10377,,,2,100,,10381,,,2
46200,'SA',729,,10384,,,2,104,,10382,,,2,100,,10385,,,2,626,,10386,,,2,100,,10383,,,2,100,,10387,,,2
46200,'SE',732,,10389,,,2,81,,10388,,,2,34,,10392,,,2,74,,10390,,,2,23,,10391,,,2,663,,10393,,,2,101,,10395,,,2,37,,10396,,,2,56,,10394,,,2
46201,'DI',629,,10399,0,9 57,2,93,,10397,0,9 57,2,102,,10400,0,9 57,2,626,,10401,0,9 57,2,99,,10398,0,9 57,2,100,,10402,0,9 57,2
46201,'F1',629,,10405,0,9 57,2,93,,10403,0,9 57,2,102,,10406,0,9 57,2,626,,10407,0,9 57,2,99,,10404,0,9 57,2,100,,10408,0,9 57,2
46201,'SA',629,,10411,0,9 57,2,93,,10409,0,9 57,2,102,,10412,0,9 57,2,626,,10413,0,9 57,2,99,,10410,0,9 57,2,100,,10414,0,9 57,2
46201,'SE',617,,10416,0,9 57,2,33,,10415,0,9 57,2,70,,10419,0,9 57,2,36,,10417,0,9 57,2,66,,10418,0,9 57,2,619,,10420,0,9 57,2,96,,10422,0,9 57,2,84,,10423,0,9 57,2,16,,10421,0,9 57,2
