8000,'DI',633,,35390,13297,0,50,1,100,,35391,13297,0,50,1,100,,35392,13297,0,50,1,100,,35393,13297,0,50,1,100,,35394,13297,0,50,1,100,,35395,13297,0,50,1,100,,35396,13297,0,50,1,100,,35397,13297,0,50,1,100,,35398,13297,0,50,1,100,,35399,13297,0,50,1,100,,35400,13297,0,50,1,101,,35401,13297,0,50,1,100,,35402,13297,0,50,1,100,,35403,13297,0,50,1,100,,35404,13297,0,50,1,100,,35405,13297,0,50,1,100,,35406,13297,0,50,1,100,,35407,13297,0,50,1,100,,35408,13297,0,50,1
8000,'F1',634,,35415,13297,0,50,1,100,,35416,13297,0,50,1,100,,35417,13297,0,50,1,100,,35418,13297,0,50,1,100,,35419,13297,0,50,1,100,,13880,13297,0,50,1,100,,35420,13297,0,50,1,100,,35421,13297,0,50,1,100,,35422,13297,0,50,1,100,,35423,13297,0,50,1,100,,35424,13297,0,50,1,100,,35425,13297,0,50,1,100,,35426,13297,0,50,1,100,,35411,13297,0,50,1,100,,35412,13297,0,50,1,100,,35409,13297,0,50,1,100,,35413,13297,0,50,1,100,,35410,13297,0,50,1,100,,35414,13297,0,50,1
8000,'F2',634,,35427,13297,0,50,1,100,,35428,13297,0,50,1,100,,35429,13297,0,50,1,100,,35430,13297,0,50,1,100,,35431,13297,0,50,1,100,,35432,13297,0,50,1,100,,35433,13297,0,50,1,100,,35434,13297,0,50,1,100,,35435,13297,0,50,1,100,,35436,13297,0,50,1,100,,35437,13297,0,50,1,100,,35438,13297,0,50,1,100,,35439,13297,0,50,1,100,,35440,13297,0,50,1,100,,35441,13297,0,50,1,100,,35442,13297,0,50,1,100,,35443,13297,0,50,1,100,,35444,13297,0,50,1,100,,35445,13297,0,50,1
8000,'F7',555,,35451,13297,0,50,1,80,,35447,13297,0,50,1,69,,35450,13297,0,50,1,29,,35448,13297,0,50,1,70,,35446,13297,0,50,1,33,,35468,13297,0,50,1,97,,35452,13297,0,50,1,101,,35453,13297,0,50,1,100,,35454,13297,0,50,1,100,,35455,13297,0,50,1,100,,35456,13297,0,50,1,100,,35457,13297,0,50,1,101,,35458,13297,0,50,1,65,,35459,13297,0,50,1,35,,35469,13297,0,50,1,70,,35460,13297,0,50,1,24,,35449,13297,0,50,1,86,,35461,13297,0,50,1,99,,35462,13297,0,50,1,100,,35463,13297,0,50,1,99,,35464,13297,0,50,1,100,,35465,13297,0,50,1,100,,35466,13297,0,50,1,100,,35467,13297,0,50,1
8000,'F8',634,,35470,13297,0,50,1,100,,35471,13297,0,50,1,100,,35472,13297,0,50,1,100,,35473,13297,0,50,1,100,,35474,13297,0,50,1,100,,35475,13297,0,50,1,100,,35476,13297,0,50,1,100,,35477,13297,0,50,1,100,,35478,13297,0,50,1,100,,35479,13297,0,50,1,100,,35480,13297,0,50,1,100,,35481,13297,0,50,1,100,,35482,13297,0,50,1,100,,35483,13297,0,50,1,100,,35484,13297,0,50,1,100,,35485,13297,0,50,1,100,,35486,13297,0,50,1,100,,35487,13297,0,50,1,100,,35488,13297,0,50,1
8000,'F9',633,,35489,13297,0,50,1,100,,35490,13297,0,50,1,100,,35491,13297,0,50,1,100,,35492,13297,0,50,1,100,,35493,13297,0,50,1,100,,35494,13297,0,50,1,100,,35495,13297,0,50,1,100,,35496,13297,0,50,1,100,,35497,13297,0,50,1,100,,35498,13297,0,50,1,100,,35499,13297,0,50,1,101,,35500,13297,0,50,1,100,,35501,13297,0,50,1,100,,35502,13297,0,50,1,100,,35503,13297,0,50,1,100,,35504,13297,0,50,1,100,,35505,13297,0,50,1,100,,35506,13297,0,50,1,100,,35507,13297,0,50,1
8000,'SA',634,,35508,13297,0,50,1,100,,35509,13297,0,50,1,100,,35510,13297,0,50,1,100,,35511,13297,0,50,1,100,,35512,13297,0,50,1,100,,35513,13297,0,50,1,100,,35514,13297,0,50,1,100,,35515,13297,0,50,1,100,,35516,13297,0,50,1,100,,35517,13297,0,50,1,100,,35518,13297,0,50,1,100,,35519,13297,0,50,1,100,,35520,13297,0,50,1,100,,35521,13297,0,50,1,100,,35522,13297,0,50,1,100,,35523,13297,0,50,1,100,,35524,13297,0,50,1,100,,35525,13297,0,50,1,100,,35526,13297,0,50,1
8000,'SE',555,,35532,13297,0,50,1,80,,35528,13297,0,50,1,69,,35531,13297,0,50,1,29,,35529,13297,0,50,1,70,,35527,13297,0,50,1,33,,35548,13297,0,50,1,97,,35533,13297,0,50,1,101,,35534,13297,0,50,1,100,,35535,13297,0,50,1,100,,35536,13297,0,50,1,100,,35537,13297,0,50,1,100,,35538,13297,0,50,1,101,,35539,13297,0,50,1,65,,35540,13297,0,50,1,35,,35549,13297,0,50,1,70,,35541,13297,0,50,1,24,,35530,13297,0,50,1,86,,35542,13297,0,50,1,99,,13983,13297,0,50,1,100,,35543,13297,0,50,1,99,,35544,13297,0,50,1,100,,35545,13297,0,50,1,100,,35546,13297,0,50,1,100,,35547,13297,0,50,1
8601,'F7',615,,36632,151,,,2,85,,36633,151,,,2,30,,36634,151,,,2
8601,'SE',615,,36635,151,,,2,85,,36636,151,,,2,30,,36637,151,,,2
18000,'F7',1610,,38940,13297,0,50,2,31,,38941,13297,0,50,2,18,,38936,13297,0,50,2,64,,38938,13297,0,50,2,32,,38935,13297,0,50,2,70,,38937,13297,0,50,2,20,,38939,13297,0,50,2
18000,'SE',1610,,38947,13297,0,50,2,31,,38948,13297,0,50,2,18,,38943,13297,0,50,2,64,,38945,13297,0,50,2,32,,38942,13297,0,50,2,70,,38944,13297,0,50,2,20,,38946,13297,0,50,2
