400,'DI',634,,920,3639,,,1,70,,929,3639,,,1,30,,930,3639,,,1,70,,927,3639,,,1,32,,921,3639,,,1,70,,918,3639,,,1,32,,942,3639,,,1,70,,939,3639,,,1,30,,922,3639,,,1,71,,919,3639,,,1,30,,943,3639,,,1,67,,940,3639,,,1,31,,923,3639,,,1,72,,951,3639,,,1,30,,935,3639,,,1,68,,941,3639,,,1,31,,924,3639,,,1,69,,945,3639,,,1,30,,949,3639,,,1,72,,947,3639,,,1,30,,925,3639,,,1,70,,946,3639,,,1,30,,950,3639,,,1,72,,948,3639,,,1,28,,931,3639,,,1,70,,934,3639,,,1,30,,936,3639,,,1,70,,938,3639,,,1,30,,932,3639,,,1,70,,933,3639,,,1,30,,917,3639,,,1,70,,928,3639,,,1,100,,944,3639,,,1,100,,937,3639,,,1
400,'F1',634,,965,3639,,,1,70,,956,3639,,,1,30,,957,3639,,,1,70,,955,3639,,,1,32,,966,3639,,,1,70,,981,3639,,,1,32,,958,3639,,,1,71,,972,3639,,,1,30,,967,3639,,,1,70,,970,3639,,,1,30,,959,3639,,,1,70,,976,3639,,,1,30,,953,3639,,,1,70,,978,3639,,,1,30,,973,3639,,,1,70,,983,3639,,,1,30,,952,3639,,,1,70,,960,3639,,,1,30,,977,3639,,,1,70,,971,3639,,,1,30,,984,3639,,,1,70,,980,3639,,,1,30,,975,3639,,,1,70,,974,3639,,,1,30,,986,3639,,,1,70,,969,3639,,,1,30,,961,3639,,,1,70,,982,3639,,,1,30,,985,3639,,,1,70,,962,3639,,,1,30,,979,3639,,,1,70,,968,3639,,,1,100,,964,3639,,,1,100,,963,3639,,,1
400,'F7',634,,990,3639,,,1,70,,999,3639,,,1,30,,1000,3639,,,1,70,,997,3639,,,1,32,,991,3639,,,1,70,,988,3639,,,1,32,,1012,3639,,,1,70,,1009,3639,,,1,30,,992,3639,,,1,71,,989,3639,,,1,30,,1013,3639,,,1,67,,1010,3639,,,1,31,,993,3639,,,1,72,,1021,3639,,,1,30,,1005,3639,,,1,68,,1011,3639,,,1,31,,994,3639,,,1,69,,1015,3639,,,1,30,,1019,3639,,,1,72,,1017,3639,,,1,30,,995,3639,,,1,70,,1016,3639,,,1,30,,1020,3639,,,1,72,,1018,3639,,,1,28,,1001,3639,,,1,70,,1004,3639,,,1,30,,1006,3639,,,1,70,,1008,3639,,,1,30,,1002,3639,,,1,70,,1003,3639,,,1,30,,987,3639,,,1,70,,998,3639,,,1,100,,1014,3639,,,1,100,,1007,3639,,,1
400,'F8',601,,1047,3639,,,1,20,,1057,3639,,,1,15,,1051,3639,,,1,20,,1048,3639,,,1,66,,1050,3639,,,1,17,,1056,3639,,,1,64,,1062,3639,,,1,12,,1059,3639,,,1,32,,1058,3639,,,1,53,,1035,3639,,,1,23,,1032,3639,,,1,30,,1034,3639,,,1,70,,1022,3639,,,1,30,,1027,3639,,,1,70,,1046,3639,,,1,30,,1037,3639,,,1,70,,1036,3639,,,1,30,,1031,3639,,,1,70,,1041,3639,,,1,29,,1029,3639,,,1,69,,1024,3639,,,1,32,,1060,3639,,,1,66,,1053,3639,,,1,34,,1052,3639,,,1,71,,1054,3639,,,1,30,,1061,3639,,,1,70,,1063,3639,,,1,24,,1025,3639,,,1,60,,1042,3639,,,1,34,,1038,3639,,,1,74,,1039,3639,,,1,30,,1033,3639,,,1,70,,1045,3639,,,1,29,,1043,3639,,,1,70,,1023,3639,,,1,30,,1030,3639,,,1,69,,1044,3639,,,1,30,,1028,3639,,,1,100,,1040,3639,,,1,100,,1026,3639,,,1
400,'F9',634,,1077,3639,,,1,70,,1068,3639,,,1,30,,1069,3639,,,1,70,,1067,3639,,,1,32,,1078,3639,,,1,70,,1093,3639,,,1,32,,1070,3639,,,1,71,,1084,3639,,,1,30,,1079,3639,,,1,70,,1082,3639,,,1,30,,1071,3639,,,1,70,,1088,3639,,,1,30,,1065,3639,,,1,70,,1090,3639,,,1,30,,1085,3639,,,1,70,,1095,3639,,,1,30,,1064,3639,,,1,70,,1072,3639,,,1,30,,1089,3639,,,1,70,,1083,3639,,,1,30,,1096,3639,,,1,70,,1092,3639,,,1,30,,1087,3639,,,1,70,,1086,3639,,,1,30,,1098,3639,,,1,70,,1081,3639,,,1,30,,1073,3639,,,1,70,,1094,3639,,,1,30,,1097,3639,,,1,70,,1074,3639,,,1,30,,1091,3639,,,1,70,,1080,3639,,,1,100,,1076,3639,,,1,100,,1075,3639,,,1
400,'SA',634,,1112,3639,,,1,70,,1103,3639,,,1,30,,1104,3639,,,1,70,,1102,3639,,,1,32,,1113,3639,,,1,70,,1128,3639,,,1,32,,1105,3639,,,1,71,,1119,3639,,,1,30,,1114,3639,,,1,70,,1117,3639,,,1,30,,1106,3639,,,1,70,,1123,3639,,,1,30,,1100,3639,,,1,70,,1125,3639,,,1,30,,1120,3639,,,1,70,,1130,3639,,,1,30,,1099,3639,,,1,70,,1107,3639,,,1,30,,1124,3639,,,1,70,,1118,3639,,,1,30,,1131,3639,,,1,70,,1127,3639,,,1,30,,1122,3639,,,1,70,,1121,3639,,,1,30,,1133,3639,,,1,70,,1116,3639,,,1,30,,1108,3639,,,1,70,,1129,3639,,,1,30,,1132,3639,,,1,70,,1109,3639,,,1,30,,1126,3639,,,1,70,,1115,3639,,,1,100,,1111,3639,,,1,100,,1110,3639,,,1
400,'SE',601,,1159,3639,,,1,20,,1169,3639,,,1,15,,1163,3639,,,1,20,,1160,3639,,,1,66,,1162,3639,,,1,17,,1168,3639,,,1,64,,1174,3639,,,1,12,,1171,3639,,,1,32,,1170,3639,,,1,53,,1147,3639,,,1,23,,1144,3639,,,1,30,,1146,3639,,,1,70,,1134,3639,,,1,30,,1139,3639,,,1,70,,1158,3639,,,1,30,,1149,3639,,,1,70,,1148,3639,,,1,30,,1143,3639,,,1,70,,1153,3639,,,1,29,,1141,3639,,,1,69,,1136,3639,,,1,32,,1172,3639,,,1,66,,1165,3639,,,1,34,,1164,3639,,,1,71,,1166,3639,,,1,30,,1173,3639,,,1,70,,1175,3639,,,1,24,,1137,3639,,,1,60,,1154,3639,,,1,34,,1150,3639,,,1,74,,1151,3639,,,1,30,,1145,3639,,,1,70,,1157,3639,,,1,29,,1155,3639,,,1,70,,1135,3639,,,1,30,,1142,3639,,,1,69,,1156,3639,,,1,30,,1140,3639,,,1,100,,1152,3639,,,1,100,,1138,3639,,,1
3200,'DI',606,,7552,3639,0,5,2,101,,7553,3639,0,5,2,99,,7554,3639,0,5,2,102,,7556,3639,0,5,2,100,,7559,3639,0,5,2,100,,7571,3639,0,5,2,101,,7557,3639,0,5,2,100,,7560,3639,0,5,2,98,,7570,3639,0,5,2,104,,7562,3639,0,5,2,96,,7561,3639,0,5,2,101,,7564,3639,0,5,2,100,,7563,3639,0,5,2,100,,7558,3639,0,5,2,100,,7565,3639,0,5,2,100,,7566,3639,0,5,2,100,,7569,3639,0,5,2,100,,7568,3639,0,5,2,100,,7567,3639,0,5,2,99,,7555,3639,0,5,2
3200,'F1',606,,7573,3639,0,5,2,101,,7574,3639,0,5,2,96,,7575,3639,0,5,2,103,,7576,3639,0,5,2,101,,7572,3639,0,5,2,101,,7578,3639,0,5,2,99,,7580,3639,0,5,2,103,,7581,3639,0,5,2,102,,7579,3639,0,5,2,97,,7583,3639,0,5,2,98,,7582,3639,0,5,2,101,,7585,3639,0,5,2,100,,7584,3639,0,5,2,100,,7587,3639,0,5,2,100,,7586,3639,0,5,2,100,,7588,3639,0,5,2,100,,7591,3639,0,5,2,100,,7590,3639,0,5,2,100,,7589,3639,0,5,2,99,,7577,3639,0,5,2
3200,'F7',606,,7592,3639,0,5,2,101,,7593,3639,0,5,2,99,,7594,3639,0,5,2,102,,7596,3639,0,5,2,100,,7599,3639,0,5,2,100,,7611,3639,0,5,2,101,,7597,3639,0,5,2,100,,7600,3639,0,5,2,98,,7610,3639,0,5,2,104,,7602,3639,0,5,2,96,,7601,3639,0,5,2,101,,7604,3639,0,5,2,100,,7603,3639,0,5,2,100,,7598,3639,0,5,2,100,,7605,3639,0,5,2,100,,7606,3639,0,5,2,100,,7609,3639,0,5,2,100,,7608,3639,0,5,2,100,,7607,3639,0,5,2,99,,7595,3639,0,5,2
3200,'F8',617,,7629,3639,,,2,32,,7630,3639,,,2,64,,7631,3639,,,2,32,,7637,3639,,,2,76,,7636,3639,,,2,19,,7614,3639,0,5,2,96,,7613,3639,0,5,2,100,,7623,3639,0,5,2,100,,7620,3639,0,5,2,100,,7619,3639,0,5,2,100,,7622,3639,0,5,2,104,,7612,3639,0,5,2,105,,7632,3639,,,2,68,,7628,3639,,,2,30,,7626,3639,,,2,71,,7633,3639,,,2,25,,7635,3639,,,2,74,,7634,3639,,,2,25,,7627,3639,,,2,73,,7621,3639,0,5,2,30,,7617,3639,0,5,2,100,,7625,3639,0,5,2,100,,7618,3639,0,5,2,100,,7624,3639,0,5,2,99,,7615,3639,0,5,2,101,,7616,3639,0,5,2
3200,'F9',606,,7639,3639,0,5,2,101,,7640,3639,0,5,2,96,,7641,3639,0,5,2,103,,7642,3639,0,5,2,101,,7638,3639,0,5,2,101,,7644,3639,0,5,2,99,,7646,3639,0,5,2,103,,7647,3639,0,5,2,102,,7645,3639,0,5,2,97,,7649,3639,0,5,2,98,,7648,3639,0,5,2,101,,7651,3639,0,5,2,100,,7650,3639,0,5,2,100,,7653,3639,0,5,2,100,,7652,3639,0,5,2,100,,7654,3639,0,5,2,100,,7657,3639,0,5,2,100,,7656,3639,0,5,2,100,,7655,3639,0,5,2,99,,7643,3639,0,5,2
3200,'SA',606,,7659,3639,0,5,2,101,,7660,3639,0,5,2,96,,7661,3639,0,5,2,103,,7662,3639,0,5,2,101,,7658,3639,0,5,2,101,,7664,3639,0,5,2,99,,7666,3639,0,5,2,103,,7667,3639,0,5,2,102,,7665,3639,0,5,2,97,,7669,3639,0,5,2,98,,7668,3639,0,5,2,101,,7671,3639,0,5,2,100,,7670,3639,0,5,2,100,,7673,3639,0,5,2,100,,7672,3639,0,5,2,100,,7674,3639,0,5,2,100,,7677,3639,0,5,2,100,,7676,3639,0,5,2,100,,7675,3639,0,5,2,99,,7663,3639,0,5,2
3200,'SE',617,,7695,3639,,,2,32,,7696,3639,,,2,64,,7697,3639,,,2,32,,7703,3639,,,2,76,,7702,3639,,,2,19,,7680,3639,0,5,2,96,,7679,3639,0,5,2,100,,7689,3639,0,5,2,100,,7686,3639,0,5,2,100,,7685,3639,0,5,2,100,,7688,3639,0,5,2,104,,7678,3639,0,5,2,105,,7698,3639,,,2,68,,7694,3639,,,2,30,,7692,3639,,,2,71,,7699,3639,,,2,25,,7701,3639,,,2,74,,7700,3639,,,2,25,,7693,3639,,,2,73,,7687,3639,0,5,2,30,,7683,3639,0,5,2,100,,7691,3639,0,5,2,100,,7684,3639,0,5,2,100,,7690,3639,0,5,2,99,,7681,3639,0,5,2,101,,7682,3639,0,5,2
3800,'DI',651,,7981,3676,,,1,100,,7994,3676,,,1,100,,7988,3676,,,1,101,,7983,3676,,,1,96,,7995,3676,,,1,100,,7985,3676,,,1,103,,7989,3676,,,1,100,,7982,3676,,,1,100,,7990,3676,,,1,101,,7986,3676,,,1,104,,7996,3676,,,1,101,,7997,3676,,,1,97,,7993,3676,,,1,100,,7998,3676,,,1,99,,7991,3676,,,1,101,,7984,3676,,,1,100,,7992,3676,,,1,100,,7987,3676,,,1
3800,'F1',551,,8015,3676,,,1,100,,8011,3676,,,1,100,,8003,3676,,,1,100,,8016,3676,,,1,100,,8004,3676,,,1,100,,8017,3676,,,1,100,,8005,3676,,,1,104,,8013,3676,,,1,100,,8006,3676,,,1,100,,8012,3676,,,1,102,,8007,3676,,,1,100,,8014,3676,,,1,100,,8008,3676,,,1,97,,8001,3676,,,1,100,,8002,3676,,,1,99,,8009,3676,,,1,100,,7999,3676,,,1,101,,8010,3676,,,1,99,,8000,3676,,,1
3800,'F7',651,,8018,3676,,,1,100,,8031,3676,,,1,100,,8025,3676,,,1,101,,8020,3676,,,1,96,,8032,3676,,,1,100,,8022,3676,,,1,103,,8026,3676,,,1,100,,8019,3676,,,1,100,,8027,3676,,,1,101,,8023,3676,,,1,104,,8033,3676,,,1,101,,8034,3676,,,1,97,,8030,3676,,,1,100,,8035,3676,,,1,99,,8028,3676,,,1,101,,8021,3676,,,1,100,,8029,3676,,,1,100,,8024,3676,,,1
3800,'F8',607,,8038,3676,,,1,21,,8042,3676,,,1,18,,8040,3676,,,1,58,,8036,3676,,,1,24,,8045,3676,,,1,20,,8060,3676,,,1,52,,8044,3676,,,1,24,,8063,3676,,,1,29,,8059,3676,,,1,58,,8046,3676,,,1,17,,8061,3676,,,1,30,,8041,3676,,,1,84,,8062,3676,,,1,100,,8048,3676,,,1,100,,8057,3676,,,1,100,,8064,3676,,,1,95,,8056,3676,,,1,67,,8050,3676,,,1,33,,8049,3676,,,1,70,,8037,3676,,,1,30,,8058,3676,,,1,71,,8039,3676,,,1,26,,8052,3676,,,1,66,,8051,3676,,,1,54,,8047,3676,,,1,100,,8055,3676,,,1,100,,8053,3676,,,1,100,,8065,3676,,,1,100,,8054,3676,,,1,100,,8043,3676,,,1
3800,'F9',551,,8082,3676,,,1,100,,8078,3676,,,1,100,,8070,3676,,,1,100,,8083,3676,,,1,100,,8071,3676,,,1,100,,8084,3676,,,1,100,,8072,3676,,,1,104,,8080,3676,,,1,100,,8073,3676,,,1,100,,8079,3676,,,1,102,,8074,3676,,,1,100,,8081,3676,,,1,100,,8075,3676,,,1,97,,8068,3676,,,1,100,,8069,3676,,,1,99,,8076,3676,,,1,100,,8066,3676,,,1,101,,8077,3676,,,1,99,,8067,3676,,,1
3800,'SA',551,,8101,3676,,,1,100,,8097,3676,,,1,100,,8089,3676,,,1,100,,8102,3676,,,1,100,,8090,3676,,,1,100,,8103,3676,,,1,100,,8091,3676,,,1,104,,8099,3676,,,1,100,,8092,3676,,,1,100,,8098,3676,,,1,102,,8093,3676,,,1,100,,8100,3676,,,1,100,,8094,3676,,,1,97,,8087,3676,,,1,100,,8088,3676,,,1,99,,8095,3676,,,1,100,,8085,3676,,,1,101,,8096,3676,,,1,99,,8086,3676,,,1
3800,'SE',607,,8106,3676,,,1,21,,8110,3676,,,1,18,,8108,3676,,,1,58,,8104,3676,,,1,24,,8113,3676,,,1,20,,8128,3676,,,1,52,,8112,3676,,,1,24,,8131,3676,,,1,29,,8127,3676,,,1,58,,8114,3676,,,1,17,,8129,3676,,,1,30,,8109,3676,,,1,84,,8130,3676,,,1,100,,8116,3676,,,1,100,,8125,3676,,,1,100,,8132,3676,,,1,95,,8124,3676,,,1,67,,8118,3676,,,1,33,,8117,3676,,,1,70,,8105,3676,,,1,30,,8126,3676,,,1,71,,8107,3676,,,1,26,,8120,3676,,,1,66,,8119,3676,,,1,54,,8115,3676,,,1,100,,8123,3676,,,1,100,,8121,3676,,,1,100,,8133,3676,,,1,100,,8122,3676,,,1,100,,8111,3676,,,1
