1700,'DI',625,,4805,2999,,,1,100,,4812,2999,,,1,30,,4793,2999,,,1,70,,4807,2999,,,1,30,,4798,2999,,,1,70,,4806,2999,,,1,30,,4802,2999,,,1,70,,4813,2999,,,1,30,,4789,2999,,,1,70,,4808,2999,,,1,30,,4816,2999,,,1,70,,4814,2999,,,1,30,,4795,2999,,,1,70,,4803,2999,,,1,30,,4799,2999,,,1,70,,4809,2999,,,1,30,,4796,2999,,,1,69,,4790,2999,,,1,30,,4786,2999,,,1,71,,4791,2999,,,1,30,,4787,2999,,,1,70,,4800,2999,,,1,31,,4788,2999,,,1,70,,4801,2999,,,1,99,,4810,2999,,,1,100,,4797,2999,,,1,100,,4815,2999,,,1,100,,4811,2999,,,1,100,,4794,2999,,,1,100,,4792,2999,,,1,100,,4804,2999,,,1
1700,'F1',625,,4835,2999,,,1,100,,4821,2999,,,1,30,,4836,2999,,,1,70,,4830,2999,,,1,30,,4842,2999,,,1,70,,4843,2999,,,1,30,,4829,2999,,,1,70,,4831,2999,,,1,30,,4822,2999,,,1,70,,4845,2999,,,1,30,,4828,2999,,,1,70,,4832,2999,,,1,30,,4824,2999,,,1,70,,4846,2999,,,1,30,,4837,2999,,,1,70,,4844,2999,,,1,30,,4827,2999,,,1,70,,4833,2999,,,1,30,,4817,2999,,,1,69,,4825,2999,,,1,30,,4838,2999,,,1,71,,4820,2999,,,1,30,,4839,2999,,,1,71,,4834,2999,,,1,99,,4823,2999,,,1,100,,4841,2999,,,1,100,,4826,2999,,,1,100,,4818,2999,,,1,100,,4847,2999,,,1,100,,4819,2999,,,1,100,,4840,2999,,,1
1700,'F7',625,,4867,2999,,,1,100,,4874,2999,,,1,30,,4855,2999,,,1,70,,4869,2999,,,1,30,,4860,2999,,,1,70,,4868,2999,,,1,30,,4864,2999,,,1,70,,4875,2999,,,1,30,,4851,2999,,,1,70,,4870,2999,,,1,30,,4878,2999,,,1,70,,4876,2999,,,1,30,,4857,2999,,,1,70,,4865,2999,,,1,30,,4861,2999,,,1,70,,4871,2999,,,1,30,,4858,2999,,,1,69,,4852,2999,,,1,30,,4848,2999,,,1,71,,4853,2999,,,1,30,,4849,2999,,,1,70,,4862,2999,,,1,31,,4850,2999,,,1,70,,4863,2999,,,1,99,,4872,2999,,,1,100,,4859,2999,,,1,100,,4877,2999,,,1,100,,4873,2999,,,1,100,,4856,2999,,,1,100,,4854,2999,,,1,100,,4866,2999,,,1
1700,'F9',625,,4897,2999,,,1,100,,4883,2999,,,1,30,,4898,2999,,,1,70,,4892,2999,,,1,30,,4904,2999,,,1,70,,4905,2999,,,1,30,,4891,2999,,,1,70,,4893,2999,,,1,30,,4884,2999,,,1,70,,4907,2999,,,1,30,,4890,2999,,,1,70,,4894,2999,,,1,30,,4886,2999,,,1,70,,4908,2999,,,1,30,,4899,2999,,,1,70,,4906,2999,,,1,30,,4889,2999,,,1,70,,4895,2999,,,1,30,,4879,2999,,,1,69,,4887,2999,,,1,30,,4900,2999,,,1,71,,4882,2999,,,1,30,,4901,2999,,,1,71,,4896,2999,,,1,99,,4885,2999,,,1,100,,4903,2999,,,1,100,,4888,2999,,,1,100,,4880,2999,,,1,100,,4909,2999,,,1,100,,4881,2999,,,1,100,,4902,2999,,,1
1700,'SA',625,,4928,2999,,,1,100,,4914,2999,,,1,30,,4929,2999,,,1,70,,4923,2999,,,1,30,,4935,2999,,,1,70,,4936,2999,,,1,30,,4922,2999,,,1,70,,4924,2999,,,1,30,,4915,2999,,,1,70,,4938,2999,,,1,30,,4921,2999,,,1,70,,4925,2999,,,1,30,,4917,2999,,,1,70,,4939,2999,,,1,30,,4930,2999,,,1,70,,4937,2999,,,1,30,,4920,2999,,,1,70,,4926,2999,,,1,30,,4910,2999,,,1,69,,4918,2999,,,1,30,,4931,2999,,,1,71,,4913,2999,,,1,30,,4932,2999,,,1,71,,4927,2999,,,1,99,,4916,2999,,,1,100,,4934,2999,,,1,100,,4919,2999,,,1,100,,4911,2999,,,1,100,,4940,2999,,,1,100,,4912,2999,,,1,100,,4933,2999,,,1
2500,'DI',658,,6710,3076,,,2
2500,'F1',658,,6711,3076,,,2
2500,'F7',658,,6712,3076,,,2
2500,'F8',520,,6729,3076,,,2,30,,6719,3076,,,2,69,,6735,3076,,,2,19,,6733,3076,,,2,21,,6722,3076,,,2,59,,6715,3076,,,2,29,,6721,3076,,,2,68,,6720,3076,,,2,36,,6730,3076,,,2,70,,6718,3076,,,2,430,,6714,3076,,,2,70,,6713,3076,,,2,29,,6737,3076,,,2,53,,6736,3076,,,2,18,,6734,3076,,,2,30,,6726,3076,,,2,72,,6716,3076,,,2,29,,6724,3076,,,2,70,,6731,3076,,,2,31,,6717,3076,,,2,68,,6725,3076,,,2,30,,6723,3076,,,2,375,,6727,3076,,,2,84,,6738,3076,,,2,15,,6732,3076,,,2,85,,6728,3076,,,2
2500,'F9',658,,6739,3076,,,2
2500,'SA',658,,6740,3076,,,2
2500,'SE',520,,6757,3076,,,2,30,,6747,3076,,,2,69,,6763,3076,,,2,19,,6761,3076,,,2,21,,6750,3076,,,2,59,,6743,3076,,,2,29,,6749,3076,,,2,68,,6748,3076,,,2,36,,6758,3076,,,2,70,,6746,3076,,,2,430,,6742,3076,,,2,70,,6741,3076,,,2,29,,6765,3076,,,2,53,,6764,3076,,,2,18,,6762,3076,,,2,30,,6754,3076,,,2,72,,6744,3076,,,2,29,,6752,3076,,,2,70,,6759,3076,,,2,31,,6745,3076,,,2,68,,6753,3076,,,2,30,,6751,3076,,,2,375,,6755,3076,,,2,84,,6766,3076,,,2,15,,6760,3076,,,2,85,,6756,3076,,,2
7600,'F8',602,,13355,2999,,,1,21,,13356,2999,,,1,20,,13348,2999,,,1,63,,13331,2999,,,1,17,,13325,2999,,,1,20,,13320,2999,,,1,63,,13326,2999,,,1,27,,13314,2999,,,1,72,,13324,2999,,,1,30,,13315,2999,,,1,70,,13357,2999,,,1,30,,13311,2999,,,1,70,,13319,2999,,,1,30,,13358,2999,,,1,70,,13332,2999,,,1,30,,13354,2999,,,1,70,,13313,2999,,,1,30,,13317,2999,,,1,70,,13322,2999,,,1,34,,13318,2999,,,1,66,,13328,2999,,,1,32,,13346,2999,,,1,71,,13321,2999,,,1,24,,13337,2999,,,1,18,,13323,2999,,,1,60,,13312,2999,,,1,21,,13327,2999,,,1,18,,13333,2999,,,1,60,,13330,2999,,,1,28,,13349,2999,,,1,70,,13316,2999,,,1,30,,13343,2999,,,1,70,,13334,2999,,,1,30,,13338,2999,,,1,70,,13335,2999,,,1,30,,13339,2999,,,1,69,,13350,2999,,,1,30,,13340,2999,,,1,70,,13351,2999,,,1,30,,13341,2999,,,1,70,,13344,2999,,,1,30,,13342,2999,,,1,70,,13345,2999,,,1
7600,'SE',602,,13403,2999,,,1,21,,13404,2999,,,1,20,,13396,2999,,,1,63,,13379,2999,,,1,17,,13373,2999,,,1,20,,13368,2999,,,1,63,,13374,2999,,,1,27,,13362,2999,,,1,72,,13372,2999,,,1,30,,13363,2999,,,1,70,,13405,2999,,,1,30,,13359,2999,,,1,70,,13367,2999,,,1,30,,13406,2999,,,1,70,,13380,2999,,,1,30,,13402,2999,,,1,70,,13361,2999,,,1,30,,13365,2999,,,1,70,,13370,2999,,,1,34,,13366,2999,,,1,66,,13376,2999,,,1,32,,13394,2999,,,1,71,,13369,2999,,,1,24,,13385,2999,,,1,18,,13371,2999,,,1,60,,13360,2999,,,1,21,,13375,2999,,,1,18,,13381,2999,,,1,60,,13378,2999,,,1,28,,13397,2999,,,1,70,,13364,2999,,,1,30,,13391,2999,,,1,70,,13382,2999,,,1,30,,13386,2999,,,1,70,,13383,2999,,,1,30,,13387,2999,,,1,69,,13398,2999,,,1,30,,13388,2999,,,1,70,,13399,2999,,,1,30,,13389,2999,,,1,70,,13392,2999,,,1,30,,13390,2999,,,1,70,,13393,2999,,,1
