2200,'F1',632,,27378,8341,,,2,92,,27380,8341,,,2,25,,27379,8341,,,2,893,,27381,8341,,,2,80,,27383,8341,,,2,20,,27377,8341,,,2,70,,27382,8341,,,2,40,,27384,8341,,,2
2200,'F7',632,,27385,8341,,,2,92,,27387,8341,,,2,25,,27386,8341,,,2,893,,27390,8341,,,2,80,,27388,8341,,,2,20,,27392,8341,,,2,70,,27391,8341,,,2,40,,27389,8341,,,2
2200,'SE',632,,27393,8341,,,2,92,,27395,8341,,,2,25,,27394,8341,,,2,893,,27398,8341,,,2,80,,27396,8341,,,2,20,,27400,8341,,,2,70,,27399,8341,,,2,40,,27397,8341,,,2
2500,'DI',713,,27541,10838,,,2
2500,'F1',713,,27542,10838,,,2
2500,'F2',713,,27543,10838,,,2
2500,'F7',537,,27545,10838,,,2,70,,27546,10838,,,2,29,,27565,10838,,,2,19,,27564,10838,,,2,61,,27560,10838,,,2,19,,27547,10838,,,2,71,,27549,10838,,,2,28,,27550,10838,,,2,74,,27548,10838,,,2,30,,27544,10838,,,2,470,,27551,10838,,,2,30,,27552,10838,,,2,69,,27568,10838,,,2,13,,27567,10838,,,2,18,,27566,10838,,,2,72,,27553,10838,,,2,31,,27556,10838,,,2,69,,27558,10838,,,2,30,,27561,10838,,,2,69,,27557,10838,,,2,28,,27559,10838,,,2,70,,27555,10838,,,2,335,,27563,10838,,,2,83,,27569,10838,,,2,15,,27562,10838,,,2,85,,27554,10838,,,2
2500,'F8',713,,27570,10838,,,2
2500,'F9',713,,27571,10838,,,2
2500,'SA',713,,27572,10838,,,2
2500,'SE',537,,27574,10838,,,2,70,,27575,10838,,,2,29,,27594,10838,,,2,19,,27593,10838,,,2,61,,27589,10838,,,2,19,,27576,10838,,,2,71,,27578,10838,,,2,28,,27579,10838,,,2,74,,27577,10838,,,2,30,,27573,10838,,,2,470,,27580,10838,,,2,30,,27581,10838,,,2,69,,27597,10838,,,2,13,,27596,10838,,,2,18,,27595,10838,,,2,72,,27582,10838,,,2,31,,27585,10838,,,2,69,,27587,10838,,,2,30,,27590,10838,,,2,69,,27586,10838,,,2,28,,27588,10838,,,2,70,,27584,10838,,,2,335,,27592,10838,,,2,83,,27598,10838,,,2,15,,27591,10838,,,2,85,,27583,10838,,,2
16100,'DI',619,,38650,12042,,,2,31,,38638,12042,0,35 36,2,70,,38648,12042,0,35 36,2,30,,38641,12042,0,35 36,2,70,,38642,12042,0,35 36,2,30,,38644,12042,0,35 36,2,702,,38639,12042,0,35 36,2,68,,38643,12042,0,35 36,2,32,,38640,12042,0,35 36,2,70,,38646,12042,0,35 36,2,29,,38649,12042,,,2,73,,38645,12042,0,35 36,2,30,,38647,12042,0,35 36,2
16100,'F1',619,,38662,12042,,,2,31,,38652,12042,0,35 36,2,70,,38657,12042,0,35 36,2,30,,38651,12042,0,35 36,2,70,,16848,12042,0,35 36,2,30,,38654,12042,0,35 36,2,700,,38659,12042,0,35 36,2,71,,38660,12042,0,35 36,2,31,,38656,12042,0,35 36,2,69,,38661,12042,,,2,32,,38658,12042,0,35 36,2,71,,38653,12042,0,35 36,2,29,,38655,12042,0,35 36,2
16100,'F2',619,,38674,12042,,,2,31,,38667,12042,0,35 36,2,70,,38668,12042,0,35 36,2,30,,38665,12042,0,35 36,2,70,,38671,12042,0,35 36,2,30,,38669,12042,0,35 36,2,700,,38666,12042,0,35 36,2,71,,38663,12042,0,35 36,2,31,,38672,12042,0,35 36,2,69,,38675,12042,,,2,32,,38664,12042,0,35 36,2,71,,38673,12042,0,35 36,2,29,,38670,12042,0,35 36,2
16100,'F7',658,,38689,11931,,,2,65,,38690,11931,,,2,25,,38688,11931,,,2,61,,38677,11931,0,35 36,2,21,,38678,11931,0,35 36,2,17,,38676,11931,0,35 36,2,363,,38692,12042,,,2,298,,38681,12042,0,35 36,2,30,,38686,12042,0,35 36,2,21,,38694,12042,,,2,60,,38683,12042,0,35 36,2,21,,38695,12042,,,2,60,,38679,12042,0,35 36,2,19,,38691,12042,,,2,20,,38684,12042,0,35 36,2,19,,38682,12042,0,35 36,2,60,,38693,12042,,,2,20,,38687,12042,0,35 36,2,20,,38685,12042,0,35 36,2,60,,38680,12042,0,35 36,2
16100,'F8',619,,38707,12042,,,2,31,,38700,12042,0,35 36,2,70,,38701,12042,0,35 36,2,30,,38698,12042,0,35 36,2,70,,38704,12042,0,35 36,2,30,,38702,12042,0,35 36,2,700,,38699,12042,0,35 36,2,71,,38696,12042,0,35 36,2,31,,38705,12042,0,35 36,2,69,,38708,12042,,,2,32,,38697,12042,0,35 36,2,71,,38706,12042,0,35 36,2,29,,38703,12042,0,35 36,2
16100,'F9',619,,38721,12042,,,2,31,,38709,12042,0,35 36,2,70,,38719,12042,0,35 36,2,30,,38712,12042,0,35 36,2,70,,38713,12042,0,35 36,2,30,,38715,12042,0,35 36,2,702,,38710,12042,0,35 36,2,68,,38714,12042,0,35 36,2,32,,38711,12042,0,35 36,2,70,,38717,12042,0,35 36,2,29,,38720,12042,,,2,73,,38716,12042,0,35 36,2,30,,38718,12042,0,35 36,2
16100,'SA',619,,38733,12042,,,2,31,,38726,12042,0,35 36,2,70,,38727,12042,0,35 36,2,30,,38724,12042,0,35 36,2,70,,38730,12042,0,35 36,2,30,,38728,12042,0,35 36,2,700,,38725,12042,0,35 36,2,71,,38722,12042,0,35 36,2,31,,38731,12042,0,35 36,2,69,,38734,12042,,,2,32,,38723,12042,0,35 36,2,71,,38732,12042,0,35 36,2,29,,38729,12042,0,35 36,2
16100,'SE',658,,38748,11931,,,2,65,,38749,11931,,,2,25,,38747,11931,,,2,61,,38736,11931,0,35 36,2,21,,38737,11931,0,35 36,2,17,,38735,11931,0,35 36,2,363,,38751,12042,,,2,298,,38740,12042,0,35 36,2,30,,38745,12042,0,35 36,2,21,,38753,12042,,,2,60,,38742,12042,0,35 36,2,21,,38754,12042,,,2,60,,38738,12042,0,35 36,2,19,,38750,12042,,,2,20,,38743,12042,0,35 36,2,19,,38741,12042,0,35 36,2,60,,38752,12042,,,2,20,,38746,12042,0,35 36,2,20,,38744,12042,0,35 36,2,60,,38739,12042,0,35 36,2
