1001,'DI',640,,1874,,,1,67,,1848,,,1,30,,1875,,,1,70,,1847,,,1,30,,1858,,,1,78,,1849,,,1,30,,1859,,,1,70,,1850,,,1,30,,1860,,,1,70,,1876,,,1,30,,1861,,,1,70,,1877,,,1,30,,1867,,,1,70,,1878,,,1,30,,1868,,,1,70,,1862,,,1,30,,1869,,,1,70,,1863,,,1,30,,1870,,,1,70,,1864,,,1,30,,1871,,,1,70,,1865,,,1,30,,1872,,,1,70,,1866,,,1,30,,1873,,,1,81,,1851,,,1,100,,1852,,,1,100,,1853,,,1,100,,1854,,,1,100,,1855,,,1,100,,1856,,,1
1001,'F1',539,,1910,,,1,96,,1911,,,1,70,,1894,,,1,30,,1887,,,1,70,,1895,,,1,30,,1908,,,1,78,,1893,,,1,31,,1879,,,1,70,,1896,,,1,30,,1880,,,1,70,,1888,,,1,30,,1881,,,1,70,,1901,,,1,32,,1909,,,1,70,,1902,,,1,30,,1882,,,1,70,,1903,,,1,30,,1883,,,1,70,,1904,,,1,30,,1884,,,1,70,,1905,,,1,30,,1885,,,1,69,,1906,,,1,31,,1886,,,1,70,,1907,,,1,30,,1897,,,1,81,,1889,,,1,100,,1890,,,1,100,,1891,,,1,100,,1892,,,1,100,,1898,,,1,100,,1899,,,1
1001,'F7',640,,12262,,,1,67,,12236,,,1,30,,12263,,,1,70,,12235,,,1,30,,12246,,,1,78,,12237,,,1,30,,12247,,,1,70,,12238,,,1,30,,12248,,,1,70,,12264,,,1,30,,12249,,,1,70,,12265,,,1,30,,12255,,,1,70,,12266,,,1,30,,12256,,,1,70,,12250,,,1,30,,12257,,,1,70,,12251,,,1,30,,12258,,,1,70,,12252,,,1,30,,12259,,,1,70,,12253,,,1,30,,12260,,,1,70,,12254,,,1,30,,12261,,,1,81,,12239,,,1,100,,12240,,,1,100,,12241,,,1,100,,12242,,,1,100,,12243,,,1,100,,12244,,,1
1001,'F9',539,,12298,,,1,96,,12299,,,1,70,,12282,,,1,30,,12275,,,1,70,,12283,,,1,30,,12296,,,1,78,,12281,,,1,31,,12267,,,1,70,,12284,,,1,30,,12268,,,1,70,,12276,,,1,30,,12269,,,1,70,,12289,,,1,32,,12297,,,1,70,,12290,,,1,30,,12270,,,1,70,,12291,,,1,30,,12271,,,1,70,,12292,,,1,30,,12272,,,1,70,,12293,,,1,30,,12273,,,1,69,,12294,,,1,31,,12274,,,1,70,,12295,,,1,30,,12285,,,1,81,,12277,,,1,100,,12278,,,1,100,,12279,,,1,100,,12280,,,1,100,,12286,,,1,100,,12287,,,1
1001,'SA',539,,1943,,,1,96,,1944,,,1,70,,1927,,,1,30,,1920,,,1,70,,1928,,,1,30,,1941,,,1,78,,1926,,,1,31,,1912,,,1,70,,1929,,,1,30,,1913,,,1,70,,1921,,,1,30,,1914,,,1,70,,1934,,,1,32,,1942,,,1,70,,1935,,,1,30,,1915,,,1,70,,1936,,,1,30,,1916,,,1,70,,1937,,,1,30,,1917,,,1,70,,1938,,,1,30,,1918,,,1,69,,1939,,,1,31,,1919,,,1,70,,1940,,,1,30,,1930,,,1,81,,1922,,,1,100,,1923,,,1,100,,1924,,,1,100,,1925,,,1,100,,1931,,,1,100,,1932,,,1
1701,'DI',557,,2815,,,1,100,,2813,,,1,70,,2805,,,1,30,,2821,,,1,70,,2800,,,1,30,,2816,,,1,70,,2806,,,1,30,,2814,,,1,70,,2810,,,1,30,,2822,,,1,70,,2796,,,1,30,,2817,,,1,70,,2825,,,1,30,,2823,,,1,70,,2802,,,1,30,,2811,,,1,70,,2807,,,1,30,,2818,,,1,70,,2803,,,1,29,,2797,,,1,70,,2793,,,1,31,,2798,,,1,70,,2794,,,1,30,,2808,,,1,71,,2795,,,1,30,,2809,,,1,99,,2819,,,1,100,,2804,,,1,100,,2824,,,1,100,,2820,,,1,100,,2801,,,1,100,,2799,,,1
1701,'F1',558,,2855,,,1,100,,2845,,,1,70,,2837,,,1,30,,2830,,,1,70,,2846,,,1,30,,2840,,,1,70,,2852,,,1,30,,2853,,,1,70,,2839,,,1,30,,2841,,,1,70,,2831,,,1,30,,2856,,,1,70,,2838,,,1,30,,2842,,,1,70,,2833,,,1,30,,2857,,,1,70,,2847,,,1,30,,2854,,,1,70,,2836,,,1,30,,2843,,,1,70,,2826,,,1,29,,2834,,,1,70,,2848,,,1,31,,2829,,,1,70,,2849,,,1,31,,2844,,,1,99,,2832,,,1,100,,2851,,,1,100,,2835,,,1,100,,2827,,,1,100,,2858,,,1,100,,2828,,,1
1701,'F7',557,,12997,,,1,100,,12995,,,1,70,,12987,,,1,30,,13003,,,1,70,,12982,,,1,30,,12998,,,1,70,,12988,,,1,30,,12996,,,1,70,,12992,,,1,30,,13004,,,1,70,,12978,,,1,30,,12999,,,1,70,,13007,,,1,30,,13005,,,1,70,,12984,,,1,30,,12993,,,1,70,,12989,,,1,30,,13000,,,1,70,,12985,,,1,29,,12979,,,1,70,,12975,,,1,31,,12980,,,1,70,,12976,,,1,30,,12990,,,1,71,,12977,,,1,30,,12991,,,1,99,,13001,,,1,100,,12986,,,1,100,,13006,,,1,100,,13002,,,1,100,,12983,,,1,100,,12981,,,1
1701,'F9',558,,13037,,,1,100,,13027,,,1,70,,13019,,,1,30,,13012,,,1,70,,13028,,,1,30,,13022,,,1,70,,13034,,,1,30,,13035,,,1,70,,13021,,,1,30,,13023,,,1,70,,13013,,,1,30,,13038,,,1,70,,13020,,,1,30,,13024,,,1,70,,13015,,,1,30,,13039,,,1,70,,13029,,,1,30,,13036,,,1,70,,13018,,,1,30,,13025,,,1,70,,13008,,,1,29,,13016,,,1,70,,13030,,,1,31,,13011,,,1,70,,13031,,,1,31,,13026,,,1,99,,13014,,,1,100,,13033,,,1,100,,13017,,,1,100,,13009,,,1,100,,13040,,,1,100,,13010,,,1
1701,'SA',558,,2888,,,1,100,,2878,,,1,70,,2870,,,1,30,,2863,,,1,70,,2879,,,1,30,,2873,,,1,70,,2885,,,1,30,,2886,,,1,70,,2872,,,1,30,,2874,,,1,70,,2864,,,1,30,,2889,,,1,70,,2871,,,1,30,,2875,,,1,70,,2866,,,1,30,,2890,,,1,70,,2880,,,1,30,,2887,,,1,70,,2869,,,1,30,,2876,,,1,70,,2859,,,1,29,,2867,,,1,70,,2881,,,1,31,,2862,,,1,70,,2882,,,1,31,,2877,,,1,99,,2865,,,1,100,,2884,,,1,100,,2868,,,1,100,,2860,,,1,100,,2891,,,1,100,,2861,,,1
7101,'DI',519,,6673,,,2,30,,6684,,,2,69,,6677,,,2,30,,6664,,,2,70,,6680,,,2,30,,6685,,,2,70,,6682,,,2,30,,6665,,,2,71,,6681,,,2,29,,6659,,,2,71,,6655,,,2,30,,6660,,,2,70,,6672,,,2,30,,6661,,,2,70,,6669,,,2,35,,6678,,,2,65,,6683,,,2,30,,6679,,,2,70,,6670,,,2,30,,6656,,,2,70,,6668,,,2,30,,6662,,,2,70,,6676,,,2,30,,6663,,,2,68,,6666,,,2,32,,6657,,,2,70,,6667,,,2,30,,6658,,,2,100,,6671,,,2,99,,6687,,,2,100,,6654,,,2,100,,6674,,,2,100,,6675,,,2,100,,6686,,,2
7101,'F1',519,,6705,,,2,30,,6716,,,2,69,,6703,,,2,30,,6689,,,2,70,,6690,,,2,30,,6706,,,2,71,,6704,,,2,29,,6717,,,2,70,,6691,,,2,30,,6718,,,2,71,,6720,,,2,30,,6719,,,2,70,,6693,,,2,30,,6710,,,2,70,,6694,,,2,30,,6711,,,2,70,,6695,,,2,30,,6712,,,2,70,,6696,,,2,30,,6713,,,2,70,,6697,,,2,30,,6721,,,2,70,,6698,,,2,28,,6722,,,2,70,,6699,,,2,36,,6714,,,2,66,,6700,,,2,32,,6715,,,2,98,,6708,,,2,100,,6692,,,2,100,,6701,,,2,100,,6702,,,2,100,,6688,,,2,100,,6707,,,2,100,,6709,,,2
7101,'F7',519,,16066,,,2,30,,16077,,,2,69,,16070,,,2,30,,16057,,,2,70,,16073,,,2,30,,16078,,,2,70,,16075,,,2,30,,16058,,,2,71,,16074,,,2,29,,16052,,,2,71,,16048,,,2,30,,16053,,,2,70,,16065,,,2,30,,16054,,,2,70,,16062,,,2,35,,16071,,,2,65,,16076,,,2,30,,16072,,,2,70,,16063,,,2,30,,16049,,,2,70,,16061,,,2,30,,16055,,,2,70,,16069,,,2,30,,16056,,,2,68,,16059,,,2,32,,16050,,,2,70,,16060,,,2,30,,16051,,,2,100,,16064,,,2,99,,16080,,,2,100,,16047,,,2,100,,16067,,,2,100,,16068,,,2,100,,16079,,,2
7101,'F8',441,,16093,,,2,70,,16099,,,2,30,,16087,,,2,70,,16096,,,2,30,,16091,,,2,15,,16088,,,2,65,,16084,,,2,20,,16089,,,2,62,,16117,,,2,18,,16098,,,2,28,,16110,,,2,71,,16090,,,2,29,,16125,,,2,70,,16081,,,2,30,,16111,,,2,70,,16123,,,2,30,,16112,,,2,70,,16124,,,2,30,,16113,,,2,70,,16100,,,2,30,,16118,,,2,70,,16101,,,2,31,,16119,,,2,71,,16122,,,2,31,,16092,,,2,60,,16082,,,2,21,,16095,,,2,25,,16116,,,2,57,,16097,,,2,18,,16094,,,2,19,,16114,,,2,72,,16126,,,2,26,,16115,,,2,70,,16102,,,2,30,,16085,,,2,69,,16103,,,2,30,,16086,,,2,70,,16104,,,2,30,,16083,,,2,70,,16105,,,2,30,,16120,,,2,70,,16106,,,2,30,,16108,,,2,68,,16107,,,2,30,,16109,,,2,70,,16121,,,2
7101,'F9',519,,16144,,,2,30,,16155,,,2,69,,16142,,,2,30,,16128,,,2,70,,16129,,,2,30,,16145,,,2,71,,16143,,,2,29,,16156,,,2,70,,16130,,,2,30,,16157,,,2,71,,16159,,,2,30,,16158,,,2,70,,16132,,,2,30,,16149,,,2,70,,16133,,,2,30,,16150,,,2,70,,16134,,,2,30,,16151,,,2,70,,16135,,,2,30,,16152,,,2,70,,16136,,,2,30,,16160,,,2,70,,16137,,,2,28,,16161,,,2,70,,16138,,,2,36,,16153,,,2,66,,16139,,,2,32,,16154,,,2,98,,16147,,,2,100,,16131,,,2,100,,16140,,,2,100,,16141,,,2,100,,16127,,,2,100,,16146,,,2,100,,16148,,,2
7101,'SA',519,,6740,,,2,30,,6751,,,2,69,,6738,,,2,30,,6724,,,2,70,,6725,,,2,30,,6741,,,2,71,,6739,,,2,29,,6752,,,2,70,,6726,,,2,30,,6753,,,2,71,,6755,,,2,30,,6754,,,2,70,,6728,,,2,30,,6745,,,2,70,,6729,,,2,30,,6746,,,2,70,,6730,,,2,30,,6747,,,2,70,,6731,,,2,30,,6748,,,2,70,,6732,,,2,30,,6756,,,2,70,,6733,,,2,28,,6757,,,2,70,,6734,,,2,36,,6749,,,2,66,,6735,,,2,32,,6750,,,2,98,,6743,,,2,100,,6727,,,2,100,,6736,,,2,100,,6737,,,2,100,,6723,,,2,100,,6742,,,2,100,,6744,,,2
7101,'SE',441,,6770,,,2,70,,6776,,,2,30,,6764,,,2,70,,6773,,,2,30,,6768,,,2,15,,6765,,,2,65,,6761,,,2,20,,6766,,,2,62,,6794,,,2,18,,6775,,,2,28,,6787,,,2,71,,6767,,,2,29,,6802,,,2,70,,6758,,,2,30,,6788,,,2,70,,6800,,,2,30,,6789,,,2,70,,6801,,,2,30,,6790,,,2,70,,6777,,,2,30,,6795,,,2,70,,6778,,,2,31,,6796,,,2,71,,6799,,,2,31,,6769,,,2,60,,6759,,,2,21,,6772,,,2,25,,6793,,,2,57,,6774,,,2,18,,6771,,,2,19,,6791,,,2,72,,6803,,,2,26,,6792,,,2,70,,6779,,,2,30,,6762,,,2,69,,6780,,,2,30,,6763,,,2,70,,6781,,,2,30,,6760,,,2,70,,6782,,,2,30,,6797,,,2,70,,6783,,,2,30,,6785,,,2,68,,6784,,,2,30,,6786,,,2,70,,6798,,,2
7601,'F8',510,,16763,,,1,30,,16742,,,1,70,,16758,,,1,24,,16766,,,1,21,,16767,,,1,60,,16759,,,1,20,,16764,,,1,4,,16749,,,1,5,,16744,,,1,15,,16738,,,1,61,,16733,,,1,23,,16739,,,1,66,,16727,,,1,30,,16737,,,1,70,,16728,,,1,30,,16768,,,1,70,,16724,,,1,30,,16732,,,1,70,,16769,,,1,30,,16745,,,1,70,,16765,,,1,30,,16726,,,1,70,,16730,,,1,32,,16735,,,1,75,,16731,,,1,26,,16741,,,1,72,,16757,,,1,33,,16734,,,1,64,,16750,,,1,16,,16736,,,1,20,,16725,,,1,61,,16740,,,1,17,,16746,,,1,19,,16743,,,1,66,,16760,,,1,30,,16729,,,1,70,,16755,,,1,30,,16747,,,1,70,,16751,,,1,30,,16748,,,1,70,,16752,,,1,29,,16761,,,1,70,,16753,,,1,30,,16762,,,1,70,,16754,,,1,30,,16756,,,1
7601,'SE',510,,7549,,,1,30,,7528,,,1,70,,7544,,,1,24,,7552,,,1,21,,7553,,,1,60,,7545,,,1,20,,7550,,,1,4,,7535,,,1,5,,7530,,,1,15,,7524,,,1,61,,7519,,,1,23,,7525,,,1,66,,7513,,,1,30,,7523,,,1,70,,7514,,,1,30,,7554,,,1,70,,7510,,,1,30,,7518,,,1,70,,7555,,,1,30,,7531,,,1,70,,7551,,,1,30,,7512,,,1,70,,7516,,,1,32,,7521,,,1,75,,7517,,,1,26,,7527,,,1,72,,7543,,,1,33,,7520,,,1,64,,7536,,,1,16,,7522,,,1,20,,7511,,,1,61,,7526,,,1,17,,7532,,,1,19,,7529,,,1,66,,7546,,,1,30,,7515,,,1,70,,7541,,,1,30,,7533,,,1,70,,7537,,,1,30,,7534,,,1,70,,7538,,,1,29,,7547,,,1,70,,7539,,,1,30,,7548,,,1,70,,7540,,,1,30,,7542,,,1
56500,'F8',1614,,19179,,,2,6,,19179,,,2
56500,'SE',1614,,10478,,,2,6,,10478,,,2
