1500,'DI',743,,24371,9129,,,1,101,,24368,9129,,,1,100,,24365,9129,,,1,100,,24378,9129,,,1,100,,24383,9129,,,1,100,,24376,9129,,,1,100,,24372,9129,,,1,100,,24366,9129,,,1,100,,24380,9129,,,1,100,,24367,9129,,,1,100,,24375,9129,,,1,100,,24373,9129,,,1,98,,24377,9129,,,1,100,,24381,9129,,,1,100,,24379,9129,,,1,100,,24374,9129,,,1,100,,24369,9129,,,1,100,,24382,9129,,,1,100,,24370,9129,,,1
1500,'F1',744,,24385,9129,,,1,100,,24391,9129,,,1,100,,24400,9129,,,1,100,,24392,9129,,,1,107,,24394,9129,,,1,95,,24393,9129,,,1,100,,24401,9129,,,1,100,,24386,9129,,,1,100,,24395,9129,,,1,100,,24387,9129,,,1,100,,24384,9129,,,1,100,,24397,9129,,,1,100,,24402,9129,,,1,99,,24388,9129,,,1,100,,24389,9129,,,1,100,,24398,9129,,,1,100,,24390,9129,,,1,100,,24399,9129,,,1,100,,24396,9129,,,1
1500,'F2',744,,24418,9129,,,1,100,,24411,9129,,,1,100,,24405,9129,,,1,100,,24419,9129,,,1,107,,24413,9129,,,1,95,,24403,9129,,,1,100,,24415,9129,,,1,100,,24409,9129,,,1,100,,24414,9129,,,1,100,,24410,9129,,,1,100,,24406,9129,,,1,100,,24412,9129,,,1,100,,24416,9129,,,1,99,,24417,9129,,,1,100,,24404,9129,,,1,100,,24420,9129,,,1,100,,24407,9129,,,1,100,,24421,9129,,,1,100,,24408,9129,,,1
1500,'F7',606,,24458,9129,,,1,30,,24452,9129,,,1,72,,24423,9129,,,1,28,,24444,9129,,,1,74,,24450,9129,,,1,26,,24430,9129,,,1,74,,24446,9129,,,1,30,,24429,9129,,,1,68,,24451,9129,,,1,30,,24448,9129,,,1,70,,24424,9129,,,1,30,,24427,9129,,,1,70,,24449,9129,,,1,30,,24432,9129,,,1,70,,24428,9129,,,1,30,,24425,9129,,,1,70,,24454,9129,,,1,30,,24438,9129,,,1,72,,24453,9129,,,1,30,,24431,9129,,,1,65,,24433,9129,,,1,34,,24426,9129,,,1,82,,24442,9129,,,1,19,,24457,9129,,,1,70,,24439,9129,,,1,30,,24440,9129,,,1,69,,24455,9129,,,1,27,,24443,9129,,,1,70,,24436,9129,,,1,30,,24447,9129,,,1,70,,24456,9129,,,1,30,,24441,9129,,,1,70,,24422,9129,,,1,30,,24435,9129,,,1,100,,24437,9129,,,1,98,,24445,9129,,,1,100,,24434,9129,,,1
1500,'F8',744,,24474,9129,,,1,100,,24467,9129,,,1,100,,24461,9129,,,1,100,,24475,9129,,,1,107,,24469,9129,,,1,95,,24459,9129,,,1,100,,24471,9129,,,1,100,,24465,9129,,,1,100,,24470,9129,,,1,100,,24466,9129,,,1,100,,24462,9129,,,1,100,,24468,9129,,,1,100,,24472,9129,,,1,99,,24473,9129,,,1,100,,24460,9129,,,1,100,,24476,9129,,,1,100,,24463,9129,,,1,100,,24477,9129,,,1,100,,24464,9129,,,1
1500,'F9',743,,24484,9129,,,1,101,,24481,9129,,,1,100,,24478,9129,,,1,100,,24491,9129,,,1,100,,24496,9129,,,1,100,,24489,9129,,,1,100,,24485,9129,,,1,100,,24479,9129,,,1,100,,24493,9129,,,1,100,,24480,9129,,,1,100,,24488,9129,,,1,100,,24486,9129,,,1,98,,24490,9129,,,1,100,,24494,9129,,,1,100,,24492,9129,,,1,100,,24487,9129,,,1,100,,24482,9129,,,1,100,,24495,9129,,,1,100,,24483,9129,,,1
1500,'SA',744,,24512,9129,,,1,100,,24505,9129,,,1,100,,24499,9129,,,1,100,,24513,9129,,,1,107,,24507,9129,,,1,95,,24497,9129,,,1,100,,24509,9129,,,1,100,,24503,9129,,,1,100,,24508,9129,,,1,100,,24504,9129,,,1,100,,24500,9129,,,1,100,,24506,9129,,,1,100,,24510,9129,,,1,99,,24511,9129,,,1,100,,24498,9129,,,1,100,,24514,9129,,,1,100,,24501,9129,,,1,100,,24515,9129,,,1,100,,24502,9129,,,1
1500,'SE',606,,24552,9129,,,1,30,,24546,9129,,,1,72,,24517,9129,,,1,28,,24538,9129,,,1,74,,24544,9129,,,1,26,,24524,9129,,,1,74,,24540,9129,,,1,30,,24523,9129,,,1,68,,24545,9129,,,1,30,,24542,9129,,,1,70,,24518,9129,,,1,30,,24521,9129,,,1,70,,24543,9129,,,1,30,,24526,9129,,,1,70,,24522,9129,,,1,30,,24519,9129,,,1,70,,24548,9129,,,1,30,,24532,9129,,,1,72,,24547,9129,,,1,30,,24525,9129,,,1,65,,24527,9129,,,1,34,,24520,9129,,,1,82,,24536,9129,,,1,19,,24551,9129,,,1,70,,24533,9129,,,1,30,,24534,9129,,,1,69,,24549,9129,,,1,27,,24537,9129,,,1,70,,24530,9129,,,1,30,,24541,9129,,,1,70,,24550,9129,,,1,30,,24535,9129,,,1,70,,24516,9129,,,1,30,,24529,9129,,,1,100,,24531,9129,,,1,98,,24539,9129,,,1,100,,24528,9129,,,1
65001,'F7',840,,40812,6521,,,2
65001,'SE',840,,40813,6521,,,2
