7500,'DI',631,,34505,4347,0,34,2,100,,34509,4347,0,34,2,100,,34503,4347,0,34,2,100,,34506,4347,0,34,2,100,,34510,4347,0,34,2,100,,34507,4347,0,34,2,100,,34508,4347,0,34,2,100,,34511,4347,0,34,2,100,,34517,4347,0,34,2,100,,34518,4347,0,34,2,100,,34512,4347,0,34,2,100,,34513,4347,0,34,2,100,,34514,4347,0,34,2,100,,34504,4347,0,34,2,100,,34519,4347,0,34,2,100,,34515,4347,0,34,2,100,,34520,4347,0,34,2,100,,34516,4347,0,34,2,100,,34521,4347,0,34,2
7500,'F1',631,,34531,4347,0,34,2,100,,34538,4347,0,34,2,100,,34533,4347,0,34,2,100,,34536,4347,0,34,2,100,,34537,4347,0,34,2,100,,34534,4347,0,34,2,100,,34527,4347,0,34,2,100,,34535,4347,0,34,2,100,,34528,4347,0,34,2,100,,34529,4347,0,34,2,100,,34539,4347,0,34,2,105,,34540,4347,0,34,2,95,,34541,4347,0,34,2,100,,34522,4347,0,34,2,100,,34524,4347,0,34,2,100,,34523,4347,0,34,2,100,,34530,4347,0,34,2,100,,34525,4347,0,34,2,100,,34526,4347,0,34,2,100,,34532,4347,0,34,2
7500,'F2',631,,34545,4347,0,34,2,100,,34555,4347,0,34,2,100,,34560,4347,0,34,2,100,,34546,4347,0,34,2,100,,34544,4347,0,34,2,100,,34556,4347,0,34,2,100,,34547,4347,0,34,2,100,,34550,4347,0,34,2,100,,34557,4347,0,34,2,100,,34548,4347,0,34,2,100,,34549,4347,0,34,2,105,,34558,4347,0,34,2,95,,34559,4347,0,34,2,100,,34551,4347,0,34,2,100,,34552,4347,0,34,2,100,,34554,4347,0,34,2,100,,34553,4347,0,34,2,100,,34543,4347,0,34,2,100,,34542,4347,0,34,2,100,,34561,4347,0,34,2
7500,'F7',622,,34564,4347,0,34,2,110,,34572,4347,0,34,2,100,,34573,4347,0,34,2,100,,34562,4347,0,34,2,100,,34569,4347,0,34,2,100,,34563,4347,0,34,2,100,,34575,4347,0,34,2,100,,34574,4347,0,34,2,100,,34570,4347,0,34,2,101,,34565,4347,0,34,2,100,,34576,4347,0,34,2,100,,34577,4347,0,34,2,99,,34578,4347,0,34,2,100,,34566,4347,0,34,2,100,,34571,4347,0,34,2,100,,34567,4347,0,34,2,100,,34579,4347,0,34,2,100,,34568,4347,0,34,2,100,,34580,4347,0,34,2,100,,34581,4347,0,34,2
7500,'F8',631,,34585,4347,0,34,2,100,,34595,4347,0,34,2,100,,34600,4347,0,34,2,100,,34586,4347,0,34,2,100,,34584,4347,0,34,2,100,,34596,4347,0,34,2,100,,34587,4347,0,34,2,100,,34590,4347,0,34,2,100,,34597,4347,0,34,2,100,,34588,4347,0,34,2,100,,34589,4347,0,34,2,105,,34598,4347,0,34,2,95,,34599,4347,0,34,2,100,,34591,4347,0,34,2,100,,34592,4347,0,34,2,100,,34594,4347,0,34,2,100,,34593,4347,0,34,2,100,,34583,4347,0,34,2,100,,34582,4347,0,34,2,100,,34601,4347,0,34,2
7500,'F9',631,,34604,4347,0,34,2,100,,34608,4347,0,34,2,100,,34602,4347,0,34,2,100,,34605,4347,0,34,2,100,,34609,4347,0,34,2,100,,34606,4347,0,34,2,100,,34607,4347,0,34,2,100,,34610,4347,0,34,2,100,,34616,4347,0,34,2,100,,34617,4347,0,34,2,100,,34611,4347,0,34,2,100,,34612,4347,0,34,2,100,,34613,4347,0,34,2,100,,34603,4347,0,34,2,100,,34618,4347,0,34,2,100,,34614,4347,0,34,2,100,,34619,4347,0,34,2,100,,34615,4347,0,34,2,100,,34620,4347,0,34,2
7500,'SA',631,,34624,4347,0,34,2,100,,34633,4347,0,34,2,100,,34638,4347,0,34,2,100,,34625,4347,0,34,2,100,,34623,4347,0,34,2,100,,34634,4347,0,34,2,100,,34626,4347,0,34,2,100,,34629,4347,0,34,2,100,,34635,4347,0,34,2,100,,34627,4347,0,34,2,100,,34628,4347,0,34,2,105,,34636,4347,0,34,2,95,,34637,4347,0,34,2,100,,34630,4347,0,34,2,100,,34631,4347,0,34,2,100,,13140,4347,0,34,2,100,,34632,4347,0,34,2,100,,34622,4347,0,34,2,100,,34621,4347,0,34,2,100,,34639,4347,0,34,2
7500,'SE',622,,34642,4347,0,34,2,110,,34650,4347,0,34,2,100,,34651,4347,0,34,2,100,,34640,4347,0,34,2,100,,34647,4347,0,34,2,100,,34641,4347,0,34,2,100,,34653,4347,0,34,2,100,,34652,4347,0,34,2,100,,34648,4347,0,34,2,101,,34643,4347,0,34,2,100,,34654,4347,0,34,2,100,,34655,4347,0,34,2,99,,34656,4347,0,34,2,100,,34644,4347,0,34,2,100,,34649,4347,0,34,2,100,,34645,4347,0,34,2,100,,34657,4347,0,34,2,100,,34646,4347,0,34,2,100,,34658,4347,0,34,2,100,,34659,4347,0,34,2
56501,'F7',843,,40723,6085,,,2
56501,'SE',843,,40724,6085,,,2
60500,'F7',1625,,40745,8354,,,2,1,,40746,8354,,,2
60500,'SE',1625,,40747,8354,,,2,1,,40748,8354,,,2
