6101,'DI',710,,11370,6038,,,2,30,,11367,6038,,,2,72,,11373,6038,,,2,17,,11371,6038,,,2,30,,11368,6038,,,2,70,,11374,6038,,,2,30,,11372,6038,,,2,70,,11369,6038,,,2,30,,11375,6038,,,2,70,,11376,6038,,,2,30,,11380,6038,,,2,70,,11384,6038,,,2,30,,11377,6038,,,2,70,,11381,6038,,,2,30,,11385,6038,,,2,70,,11378,6038,,,2,30,,11382,6038,,,2,70,,11386,6038,,,2,30,,11379,6038,,,2,74,,11383,6038,,,2,21,,11387,6038,,,2,75,,11389,6038,,,2,20,,11392,6038,,,2,80,,11388,6038,,,2,25,,11390,6038,,,2,70,,11393,6038,,,2,85,,11391,6038,,,2,100,,11394,6038,,,2,100,,11395,6038,,,2,100,,11396,6038,,,2,100,,11397,6038,,,2,100,,11398,6038,,,2
6101,'F1',710,,11402,6038,,,2,30,,11399,6038,,,2,72,,11405,6038,,,2,17,,11403,6038,,,2,30,,11400,6038,,,2,70,,11406,6038,,,2,30,,11404,6038,,,2,70,,11401,6038,,,2,30,,11407,6038,,,2,70,,11408,6038,,,2,30,,11412,6038,,,2,70,,11414,6038,,,2,30,,11409,6038,,,2,70,,11413,6038,,,2,30,,11415,6038,,,2,70,,11410,6038,,,2,30,,11416,6038,,,2,70,,11420,6038,,,2,30,,11411,6038,,,2,74,,11417,6038,,,2,21,,11421,6038,,,2,75,,11423,6038,,,2,20,,11418,6038,,,2,80,,11422,6038,,,2,25,,11424,6038,,,2,70,,11419,6038,,,2,85,,11425,6038,,,2,100,,11427,6038,,,2,100,,11426,6038,,,2,100,,11429,6038,,,2,100,,11428,6038,,,2,100,,11430,6038,,,2
6101,'F7',710,,11434,6038,,,2,30,,11431,6038,,,2,72,,11437,6038,,,2,17,,11435,6038,,,2,30,,11432,6038,,,2,70,,11438,6038,,,2,30,,11436,6038,,,2,70,,11433,6038,,,2,30,,11439,6038,,,2,70,,11440,6038,,,2,30,,11444,6038,,,2,70,,11448,6038,,,2,30,,11441,6038,,,2,70,,11445,6038,,,2,30,,11449,6038,,,2,70,,11442,6038,,,2,30,,11446,6038,,,2,70,,11450,6038,,,2,30,,11443,6038,,,2,74,,11447,6038,,,2,21,,11451,6038,,,2,75,,11453,6038,,,2,20,,11456,6038,,,2,80,,11452,6038,,,2,25,,11454,6038,,,2,70,,11457,6038,,,2,85,,11455,6038,,,2,100,,11458,6038,,,2,100,,11459,6038,,,2,100,,11460,6038,,,2,100,,11461,6038,,,2,100,,11462,6038,,,2
6101,'F8',548,,11512,6038,,,2,70,,11514,6038,,,2,10,,11467,6038,,,2,15,,11470,6038,,,2,9,,11464,6038,,,2,54,,11473,6038,,,2,14,,11463,6038,,,2,7,,11477,6038,,,2,18,,11471,6038,,,2,9,,11476,6038,,,2,59,,11468,6038,,,2,24,,11465,6038,,,2,22,,11474,6038,,,2,55,,11478,6038,,,2,36,,11469,6038,,,2,70,,11466,6038,,,2,30,,11475,6038,,,2,72,,11513,6038,,,2,30,,11472,6038,,,2,70,,11479,6038,,,2,31,,11483,6038,,,2,70,,11480,6038,,,2,30,,11481,6038,,,2,73,,11485,6038,,,2,21,,11487,6038,,,2,67,,11490,6038,,,2,23,,11482,6038,,,2,20,,11484,6038,,,2,64,,11492,6038,,,2,4,,11494,6038,,,2,25,,11488,6038,,,2,7,,11489,6038,,,2,54,,11495,6038,,,2,13,,11496,6038,,,2,14,,11486,6038,,,2,15,,11499,6038,,,2,6,,11502,6038,,,2,56,,11493,6038,,,2,14,,11491,6038,,,2,24,,11504,6038,,,2,64,,11497,6038,,,2,28,,11507,6038,,,2,69,,11510,6038,,,2,30,,11500,6038,,,2,69,,11503,6038,,,2,29,,11511,6038,,,2,70,,11498,6038,,,2,29,,11508,6038,,,2,70,,11505,6038,,,2,29,,11501,6038,,,2,68,,11509,6038,,,2,30,,11506,6038,,,2
6101,'F9',710,,11518,6038,,,2,30,,11515,6038,,,2,72,,11521,6038,,,2,17,,11519,6038,,,2,30,,11516,6038,,,2,70,,11522,6038,,,2,30,,11520,6038,,,2,70,,11517,6038,,,2,30,,11523,6038,,,2,70,,11524,6038,,,2,30,,11528,6038,,,2,70,,11530,6038,,,2,30,,11525,6038,,,2,70,,11529,6038,,,2,30,,11531,6038,,,2,70,,11526,6038,,,2,30,,11532,6038,,,2,70,,11536,6038,,,2,30,,11527,6038,,,2,74,,11533,6038,,,2,21,,11537,6038,,,2,75,,11539,6038,,,2,20,,11534,6038,,,2,80,,11538,6038,,,2,25,,11540,6038,,,2,70,,11535,6038,,,2,85,,11541,6038,,,2,100,,11543,6038,,,2,100,,11542,6038,,,2,100,,11545,6038,,,2,100,,11544,6038,,,2,100,,11546,6038,,,2
6101,'SA',710,,11550,6038,,,2,30,,11547,6038,,,2,72,,11553,6038,,,2,17,,11551,6038,,,2,30,,11548,6038,,,2,70,,11554,6038,,,2,30,,11552,6038,,,2,70,,11549,6038,,,2,30,,11555,6038,,,2,70,,11556,6038,,,2,30,,11560,6038,,,2,70,,11562,6038,,,2,30,,11557,6038,,,2,70,,11561,6038,,,2,30,,11563,6038,,,2,70,,11558,6038,,,2,30,,11564,6038,,,2,70,,11568,6038,,,2,30,,11559,6038,,,2,74,,11565,6038,,,2,21,,11569,6038,,,2,75,,11571,6038,,,2,20,,11566,6038,,,2,80,,11570,6038,,,2,25,,11572,6038,,,2,70,,11567,6038,,,2,85,,11573,6038,,,2,100,,11575,6038,,,2,100,,11574,6038,,,2,100,,11577,6038,,,2,100,,11576,6038,,,2,100,,11578,6038,,,2
6101,'SE',548,,11628,6038,,,2,70,,11630,6038,,,2,10,,11583,6038,,,2,15,,11586,6038,,,2,9,,11580,6038,,,2,54,,11589,6038,,,2,14,,11579,6038,,,2,7,,11593,6038,,,2,18,,11587,6038,,,2,9,,11592,6038,,,2,59,,11584,6038,,,2,24,,11581,6038,,,2,22,,11590,6038,,,2,55,,11594,6038,,,2,36,,11585,6038,,,2,70,,11582,6038,,,2,30,,11591,6038,,,2,72,,11629,6038,,,2,30,,11588,6038,,,2,70,,11595,6038,,,2,31,,11599,6038,,,2,70,,11596,6038,,,2,30,,11597,6038,,,2,73,,11601,6038,,,2,21,,11603,6038,,,2,67,,11606,6038,,,2,23,,11598,6038,,,2,20,,11600,6038,,,2,64,,11608,6038,,,2,4,,11610,6038,,,2,25,,11604,6038,,,2,7,,11605,6038,,,2,54,,11611,6038,,,2,13,,11612,6038,,,2,14,,11602,6038,,,2,15,,11615,6038,,,2,6,,11618,6038,,,2,56,,11609,6038,,,2,14,,11607,6038,,,2,24,,11620,6038,,,2,64,,11613,6038,,,2,28,,11623,6038,,,2,69,,11626,6038,,,2,30,,11616,6038,,,2,69,,11619,6038,,,2,29,,11627,6038,,,2,70,,11614,6038,,,2,29,,11624,6038,,,2,70,,11621,6038,,,2,29,,11617,6038,,,2,68,,11625,6038,,,2,30,,11622,6038,,,2
8200,'F8',1600,,14468,17862,0,9 14,2,30,,14465,17862,0,9 14,2,27,,14464,17862,0,9 14,2,64,,14466,17862,0,9 14,2,24,,14463,17862,0,9 14,2,70,,14467,17862,0,9 14,2,30,,14469,17862,0,9 14,2,65,,14470,17862,0,9 14,2
8200,'SE',1600,,14483,17862,0,9 14,2,30,,14480,17862,0,9 14,2,27,,14479,17862,0,9 14,2,64,,14481,17862,0,9 14,2,24,,14478,17862,0,9 14,2,70,,14482,17862,0,9 14,2,30,,14484,17862,0,9 14,2,65,,14485,17862,0,9 14,2
8201,'F8',648,,14492,6641,,,2,71,,14489,6641,,,2,30,,14487,6641,,,2,65,,14490,6641,,,2,26,,14488,6641,,,2,70,,14491,6641,,,2,20,,14486,6641,,,2
8201,'SE',648,,14507,6641,,,2,71,,14504,6641,,,2,30,,14502,6641,,,2,65,,14505,6641,,,2,26,,14503,6641,,,2,70,,14506,6641,,,2,20,,14501,6641,,,2
8700,'F8',1704,,14994,35452,,,2,103,,14995,35452,,,2
8700,'SE',1704,,14996,35452,,,2,103,,14997,35452,,,2
8701,'F8',627,,14999,6038,,,2,30,,14998,6038,,,2
8701,'SE',627,,15001,6038,,,2,30,,15000,6038,,,2
