4701,'DI',651,,30682,2684,,,1,100,,30668,2684,,,1,100,,30670,2684,,,1,100,,30686,2684,,,1,100,,30669,2684,,,1,100,,30674,2684,,,1,100,,30683,2684,,,1,100,,30671,2684,,,1,104,,30672,2684,,,1,91,,30677,2684,,,1,108,,30678,2684,,,1,102,,30673,2684,,,1,95,,30679,2684,,,1,96,,30675,2684,,,1,100,,30680,2684,,,1,100,,30684,2684,,,1,100,,30676,2684,,,1,100,,30681,2684,,,1,100,,30685,2684,,,1
4701,'F1',651,,30699,2684,,,1,103,,30704,2684,,,1,101,,30689,2684,,,1,96,,30694,2684,,,1,96,,30702,2684,,,1,104,,30695,2684,,,1,100,,30687,2684,,,1,100,,30696,2684,,,1,95,,30688,2684,,,1,104,,30705,2684,,,1,100,,30700,2684,,,1,101,,30703,2684,,,1,100,,30701,2684,,,1,96,,30690,2684,,,1,100,,30706,2684,,,1,100,,30697,2684,,,1,100,,30698,2684,,,1,100,,30691,2684,,,1,100,,30692,2684,,,1,100,,30693,2684,,,1
4701,'F2',651,,30723,2684,,,1,103,,30710,2684,,,1,101,,30707,2684,,,1,96,,30714,2684,,,1,96,,30708,2684,,,1,104,,30715,2684,,,1,100,,30711,2684,,,1,100,,30716,2684,,,1,95,,30709,2684,,,1,104,,30712,2684,,,1,100,,30717,2684,,,1,101,,30713,2684,,,1,100,,30718,2684,,,1,96,,30721,2684,,,1,100,,30719,2684,,,1,100,,30720,2684,,,1,100,,30722,2684,,,1,100,,30724,2684,,,1,100,,30725,2684,,,1,100,,30726,2684,,,1
4701,'F7',609,,30743,2684,,,1,30,,30741,2684,,,1,20,,30742,2684,,,1,55,,30763,2684,,,1,15,,30744,2684,,,1,15,,30747,2684,,,1,15,,30740,2684,,,1,55,,30736,2684,,,1,18,,30762,2684,,,1,20,,30761,2684,,,1,60,,30745,2684,,,1,20,,30764,2684,,,1,70,,30757,2684,,,1,30,,30738,2684,,,1,70,,30746,2684,,,1,30,,30730,2684,,,1,70,,30760,2684,,,1,30,,30731,2684,,,1,70,,30732,2684,,,1,30,,30748,2684,,,1,70,,30767,2684,,,1,30,,30758,2684,,,1,70,,30733,2684,,,1,31,,30739,2684,,,1,71,,30751,2684,,,1,33,,30727,2684,,,1,73,,30749,2684,,,1,18,,30752,2684,,,1,27,,30755,2684,,,1,69,,30750,2684,,,1,30,,30759,2684,,,1,72,,30753,2684,,,1,23,,30765,2684,,,1,70,,30734,2684,,,1,30,,30766,2684,,,1,70,,30729,2684,,,1,30,,30737,2684,,,1,70,,30754,2684,,,1,100,,30728,2684,,,1,100,,30756,2684,,,1,100,,30735,2684,,,1
4701,'F8',651,,30784,2684,,,1,103,,30771,2684,,,1,101,,30768,2684,,,1,96,,30775,2684,,,1,96,,30769,2684,,,1,104,,30776,2684,,,1,100,,30772,2684,,,1,100,,30777,2684,,,1,95,,30770,2684,,,1,104,,30773,2684,,,1,100,,30778,2684,,,1,101,,30774,2684,,,1,100,,30779,2684,,,1,96,,30782,2684,,,1,100,,30780,2684,,,1,100,,30781,2684,,,1,100,,30783,2684,,,1,100,,30785,2684,,,1,100,,30786,2684,,,1,100,,30787,2684,,,1
4701,'F9',651,,30802,2684,,,1,100,,30788,2684,,,1,100,,30790,2684,,,1,100,,30806,2684,,,1,100,,30789,2684,,,1,100,,30794,2684,,,1,100,,30803,2684,,,1,100,,30791,2684,,,1,104,,30792,2684,,,1,91,,30797,2684,,,1,108,,30798,2684,,,1,102,,30793,2684,,,1,95,,30799,2684,,,1,96,,30795,2684,,,1,100,,30800,2684,,,1,100,,30804,2684,,,1,100,,30796,2684,,,1,100,,30801,2684,,,1,100,,30805,2684,,,1
4701,'SA',651,,30823,2684,,,1,103,,30810,2684,,,1,101,,30807,2684,,,1,96,,30814,2684,,,1,96,,30808,2684,,,1,104,,30815,2684,,,1,100,,30811,2684,,,1,100,,30816,2684,,,1,95,,30809,2684,,,1,104,,30812,2684,,,1,100,,30817,2684,,,1,101,,30813,2684,,,1,100,,30818,2684,,,1,96,,30821,2684,,,1,100,,30819,2684,,,1,100,,30820,2684,,,1,100,,30822,2684,,,1,100,,30824,2684,,,1,100,,30825,2684,,,1,100,,30826,2684,,,1
4701,'SE',609,,30843,2684,,,1,30,,30841,2684,,,1,20,,30842,2684,,,1,55,,30863,2684,,,1,15,,30844,2684,,,1,15,,30847,2684,,,1,15,,30840,2684,,,1,55,,30836,2684,,,1,18,,30862,2684,,,1,20,,30861,2684,,,1,60,,30845,2684,,,1,20,,30864,2684,,,1,70,,30857,2684,,,1,30,,30838,2684,,,1,70,,30846,2684,,,1,30,,30830,2684,,,1,70,,30860,2684,,,1,30,,30831,2684,,,1,70,,30832,2684,,,1,30,,30848,2684,,,1,70,,30867,2684,,,1,30,,30858,2684,,,1,70,,30833,2684,,,1,31,,30839,2684,,,1,71,,30851,2684,,,1,33,,30827,2684,,,1,73,,30849,2684,,,1,18,,30852,2684,,,1,27,,30855,2684,,,1,69,,30850,2684,,,1,30,,30859,2684,,,1,72,,30853,2684,,,1,23,,30865,2684,,,1,70,,30834,2684,,,1,30,,30866,2684,,,1,70,,30829,2684,,,1,30,,30837,2684,,,1,70,,30854,2684,,,1,100,,30828,2684,,,1,100,,30856,2684,,,1,100,,30835,2684,,,1
53401,'F7',901,,40668,1536,,,2
53401,'SE',901,,40669,1536,,,2
64401,'F7',846,,40806,1190,,,2,1,,40805,1190,,,2,1,,40804,1190,,,2
64401,'SE',846,,40809,1190,,,2,1,,40808,1190,,,2,1,,40807,1190,,,2
69101,'F7',837,,40927,1190,,,2,1,,40926,1190,,,2
69101,'SE',837,,40929,1190,,,2,1,,40928,1190,,,2
