8801,'DI',625,,8527,,,1,30,,8540,,,1,70,,8546,,,1,30,,8532,,,1,69,,8528,,,1,30,,8541,,,1,70,,8547,,,1,28,,8533,,,1,69,,8529,,,1,30,,8542,,,1,69,,8548,,,1,30,,8534,,,1,70,,8530,,,1,30,,8543,,,1,70,,8553,,,1,31,,8535,,,1,70,,8531,,,1,31,,8544,,,1,71,,8554,,,1,29,,8525,,,1,70,,8549,,,1,30,,8545,,,1,70,,8536,,,1,34,,8526,,,1,62,,8550,,,1,106,,8537,,,1,101,,8551,,,1,100,,8538,,,1,100,,8552,,,1,100,,8539,,,1,99,,8555,,,1
8801,'F1',623,,8556,,,1,30,,8568,,,1,70,,8573,,,1,29,,8562,,,1,70,,8557,,,1,30,,8585,,,1,70,,8574,,,1,27,,8563,,,1,70,,8558,,,1,29,,8586,,,1,70,,8575,,,1,31,,8564,,,1,70,,8569,,,1,31,,8559,,,1,68,,8576,,,1,31,,8565,,,1,70,,8570,,,1,30,,8560,,,1,70,,8577,,,1,30,,8566,,,1,70,,8571,,,1,31,,8561,,,1,68,,8578,,,1,32,,8567,,,1,62,,8581,,,1,109,,8579,,,1,100,,8582,,,1,100,,8580,,,1,100,,8583,,,1,98,,8584,,,1,100,,8572,,,1
8801,'F7',625,,17561,,,1,30,,17574,,,1,70,,17580,,,1,30,,17566,,,1,69,,17562,,,1,30,,17575,,,1,70,,17581,,,1,28,,17567,,,1,69,,17563,,,1,30,,17576,,,1,69,,17582,,,1,30,,17568,,,1,70,,17564,,,1,30,,17577,,,1,70,,17587,,,1,31,,17569,,,1,70,,17565,,,1,31,,17578,,,1,71,,17588,,,1,29,,17559,,,1,70,,17583,,,1,30,,17579,,,1,70,,17570,,,1,34,,17560,,,1,62,,17584,,,1,106,,17571,,,1,101,,17585,,,1,100,,17572,,,1,100,,17586,,,1,100,,17573,,,1,99,,17589,,,1
8801,'F8',621,,17591,,,1,20,,17593,,,1,15,,17594,,,1,52,,17608,,,1,7,,17595,,,1,18,,17610,,,1,9,,17609,,,1,12,,17599,,,1,52,,17604,,,1,10,,17605,,,1,19,,17629,,,1,18,,17630,,,1,70,,17631,,,1,30,,17624,,,1,70,,17607,,,1,30,,17623,,,1,70,,17627,,,1,30,,17626,,,1,70,,17597,,,1,30,,17596,,,1,70,,17614,,,1,30,,17590,,,1,73,,17600,,,1,29,,17592,,,1,49,,17615,,,1,2,,17620,,,1,2,,17602,,,1,7,,17606,,,1,17,,17632,,,1,18,,17638,,,1,52,,17625,,,1,15,,17628,,,1,17,,17611,,,1,14,,17598,,,1,55,,17601,,,1,14,,17616,,,1,16,,17603,,,1,16,,17633,,,1,57,,17636,,,1,20,,17635,,,1,27,,17634,,,1,72,,17617,,,1,30,,17621,,,1,69,,17637,,,1,30,,17622,,,1,70,,17618,,,1,102,,17612,,,1,98,,17619,,,1,100,,17613,,,1
8801,'F9',623,,17639,,,1,30,,17651,,,1,70,,17656,,,1,29,,17645,,,1,70,,17640,,,1,30,,17668,,,1,70,,17657,,,1,27,,17646,,,1,70,,17641,,,1,29,,17669,,,1,70,,17658,,,1,31,,17647,,,1,70,,17652,,,1,31,,17642,,,1,68,,17659,,,1,31,,17648,,,1,70,,17653,,,1,30,,17643,,,1,70,,17660,,,1,30,,17649,,,1,70,,17654,,,1,31,,17644,,,1,68,,17661,,,1,32,,17650,,,1,62,,17664,,,1,109,,17662,,,1,100,,17665,,,1,100,,17663,,,1,100,,17666,,,1,98,,17667,,,1,100,,17655,,,1
8801,'SA',623,,8587,,,1,30,,8599,,,1,70,,8604,,,1,29,,8593,,,1,70,,8588,,,1,30,,8616,,,1,70,,8605,,,1,27,,8594,,,1,70,,8589,,,1,29,,8617,,,1,70,,8606,,,1,31,,8595,,,1,70,,8600,,,1,31,,8590,,,1,68,,8607,,,1,31,,8596,,,1,70,,8601,,,1,30,,8591,,,1,70,,8608,,,1,30,,8597,,,1,70,,8602,,,1,31,,8592,,,1,68,,8609,,,1,32,,8598,,,1,62,,8612,,,1,109,,8610,,,1,100,,8613,,,1,100,,8611,,,1,100,,8614,,,1,98,,8615,,,1,100,,8603,,,1
8801,'SE',621,,8619,,,1,20,,8621,,,1,15,,8622,,,1,52,,8636,,,1,7,,8623,,,1,18,,8638,,,1,9,,8637,,,1,12,,8627,,,1,52,,8632,,,1,10,,8633,,,1,19,,8657,,,1,18,,8658,,,1,70,,8659,,,1,30,,8652,,,1,70,,8635,,,1,30,,8651,,,1,70,,8655,,,1,30,,8654,,,1,70,,8625,,,1,30,,8624,,,1,70,,8642,,,1,30,,8618,,,1,73,,8628,,,1,29,,8620,,,1,49,,8643,,,1,2,,8648,,,1,2,,8630,,,1,7,,8634,,,1,17,,8660,,,1,18,,8666,,,1,52,,8653,,,1,15,,8656,,,1,17,,8639,,,1,14,,8626,,,1,55,,8629,,,1,14,,8644,,,1,16,,8631,,,1,16,,8661,,,1,57,,8664,,,1,20,,8663,,,1,27,,8662,,,1,72,,8645,,,1,30,,8649,,,1,69,,8665,,,1,30,,8650,,,1,70,,8646,,,1,102,,8640,,,1,98,,8647,,,1,100,,8641,,,1
42800,'DI',617,,9939,,,2,109,,9940,,,2,112,,9941,,,2,109,,9942,,,2,110,,9943,,,2,75,,9949,,,2,75,,9944,,,2,35,,9950,,,2,75,,9945,,,2,35,,9951,,,2,74,,9946,,,2,78,,9952,,,2,34,,9947,,,2,79,,9953,,,2,34,,9948,,,2,152,,9954,,,2,106,,9955,,,2,108,,9956,,,2,110,,9957,,,2,110,,9958,,,2
42800,'F1',617,,9959,,,2,109,,9960,,,2,112,,9961,,,2,109,,9962,,,2,110,,9963,,,2,75,,9969,,,2,75,,9964,,,2,35,,9970,,,2,75,,9965,,,2,35,,9971,,,2,74,,9966,,,2,78,,9972,,,2,34,,9967,,,2,79,,9973,,,2,34,,9968,,,2,152,,9974,,,2,106,,9975,,,2,108,,9976,,,2,110,,9977,,,2,110,,9978,,,2
42800,'F7',617,,18750,,,2,109,,18751,,,2,112,,18752,,,2,109,,18753,,,2,110,,18754,,,2,75,,18760,,,2,75,,18755,,,2,35,,18761,,,2,75,,18756,,,2,35,,18762,,,2,74,,18757,,,2,78,,18763,,,2,34,,18758,,,2,79,,18764,,,2,34,,18759,,,2,152,,18765,,,2,106,,18766,,,2,108,,18767,,,2,110,,18768,,,2,110,,18769,,,2
42800,'F8',532,,18770,,,2,75,,18780,,,2,33,,18771,,,2,84,,18781,,,2,78,,18772,,,2,36,,18782,,,2,77,,18773,,,2,32,,18783,,,2,75,,18774,,,2,35,,18784,,,2,75,,18775,,,2,75,,18785,,,2,33,,18776,,,2,73,,18786,,,2,35,,18777,,,2,74,,18787,,,2,37,,18778,,,2,77,,18788,,,2,76,,18779,,,2,39,,18789,,,2,75,,18796,,,2,79,,18790,,,2,32,,18797,,,2,75,,18791,,,2,107,,18792,,,2,108,,18793,,,2,110,,18794,,,2,110,,18795,,,2
42800,'F9',617,,18798,,,2,109,,18799,,,2,112,,18800,,,2,109,,18801,,,2,110,,18802,,,2,75,,18808,,,2,75,,18803,,,2,35,,18809,,,2,75,,18804,,,2,35,,18810,,,2,74,,18805,,,2,78,,18811,,,2,34,,18806,,,2,79,,18812,,,2,34,,18807,,,2,152,,18813,,,2,106,,18814,,,2,108,,18815,,,2,110,,18816,,,2,110,,18817,,,2
42800,'SA',617,,9979,,,2,109,,9980,,,2,112,,9981,,,2,109,,9982,,,2,110,,9983,,,2,75,,9989,,,2,75,,9984,,,2,35,,9990,,,2,75,,9985,,,2,35,,9991,,,2,74,,9986,,,2,78,,9992,,,2,34,,9987,,,2,79,,9993,,,2,34,,9988,,,2,152,,9994,,,2,106,,9995,,,2,108,,9996,,,2,110,,9997,,,2,110,,9998,,,2
42800,'SE',532,,9999,,,2,75,,10009,,,2,33,,10000,,,2,84,,10010,,,2,78,,10001,,,2,36,,10011,,,2,77,,10002,,,2,32,,10012,,,2,75,,10003,,,2,35,,10013,,,2,75,,10004,,,2,75,,10014,,,2,33,,10005,,,2,73,,10015,,,2,35,,10006,,,2,74,,10016,,,2,37,,10007,,,2,77,,10017,,,2,76,,10008,,,2,39,,10018,,,2,75,,10025,,,2,79,,10019,,,2,32,,10026,,,2,75,,10020,,,2,107,,10021,,,2,108,,10022,,,2,110,,10023,,,2,110,,10024,,,2
