2001,'DI',534,,5767,425,,,2,100,,5778,425,,,2,100,,5772,425,,,2,100,,5768,425,,,2,100,,5779,425,,,2,100,,5773,425,,,2,97,,5769,425,,,2,103,,5770,425,,,2,100,,5774,425,,,2,100,,5780,425,,,2,100,,5771,425,,,2,97,,5775,425,,,2,103,,5776,425,,,2,100,,5783,425,,,2,100,,5766,425,,,2,100,,5781,425,,,2,100,,5777,425,,,2,100,,5765,425,,,2,100,,5764,425,,,2,100,,5782,425,,,2
2001,'F1',535,,5795,425,,,2,100,,5803,425,,,2,100,,5791,425,,,2,100,,5799,425,,,2,100,,5796,425,,,2,100,,5794,425,,,2,100,,5804,425,,,2,100,,5797,425,,,2,100,,5786,425,,,2,100,,5792,425,,,2,100,,5798,425,,,2,96,,5800,425,,,2,104,,5801,425,,,2,104,,5802,425,,,2,96,,5787,425,,,2,100,,5793,425,,,2,100,,5784,425,,,2,100,,5788,425,,,2,100,,5785,425,,,2,100,,5790,425,,,2,100,,5789,425,,,2
2001,'F7',534,,5808,425,,,2,100,,5819,425,,,2,100,,5813,425,,,2,100,,5809,425,,,2,100,,5820,425,,,2,100,,5814,425,,,2,97,,5810,425,,,2,103,,5811,425,,,2,100,,5815,425,,,2,100,,5821,425,,,2,100,,5812,425,,,2,97,,5816,425,,,2,103,,5817,425,,,2,100,,5824,425,,,2,100,,5807,425,,,2,100,,5822,425,,,2,100,,5818,425,,,2,100,,5806,425,,,2,100,,5805,425,,,2,100,,5823,425,,,2
2001,'F8',520,,5857,425,,,2,36,,5867,425,,,2,60,,5879,425,,,2,15,,5834,425,,,2,9,,5868,425,,,2,9,,5873,425,,,2,9,,5844,425,,,2,49,,5832,425,,,2,4,,5837,425,,,2,14,,5842,425,,,2,10,,5827,425,,,2,8,,5828,425,,,2,10,,5841,425,,,2,51,,5843,425,,,2,6,,5826,425,,,2,14,,5833,425,,,2,31,,5877,425,,,2,71,,5835,425,,,2,30,,5830,425,,,2,71,,5838,425,,,2,30,,5845,425,,,2,70,,5825,425,,,2,30,,5870,425,,,2,70,,5859,425,,,2,30,,5846,425,,,2,70,,5863,425,,,2,30,,5869,425,,,2,70,,5878,425,,,2,30,,5847,425,,,2,71,,5839,425,,,2,21,,5876,425,,,2,57,,5858,425,,,2,15,,5874,425,,,2,15,,5862,425,,,2,15,,5855,425,,,2,57,,5865,425,,,2,11,,5860,425,,,2,13,,5853,425,,,2,9,,5850,425,,,2,12,,5871,425,,,2,53,,5856,425,,,2,11,,5836,425,,,2,14,,5848,425,,,2,13,,5854,425,,,2,15,,5851,425,,,2,68,,5861,425,,,2,30,,5866,425,,,2,70,,5840,425,,,2,30,,5831,425,,,2,70,,5872,425,,,2,30,,5849,425,,,2,100,,5852,425,,,2,100,,5864,425,,,2,100,,5829,425,,,2,100,,5875,425,,,2
2001,'F9',535,,5891,425,,,2,100,,5899,425,,,2,100,,5887,425,,,2,100,,5895,425,,,2,100,,5892,425,,,2,100,,5890,425,,,2,100,,5900,425,,,2,100,,5893,425,,,2,100,,5882,425,,,2,100,,5888,425,,,2,100,,5894,425,,,2,96,,5896,425,,,2,104,,5897,425,,,2,104,,5898,425,,,2,96,,5883,425,,,2,100,,5889,425,,,2,100,,5880,425,,,2,100,,5884,425,,,2,100,,5881,425,,,2,100,,5886,425,,,2,100,,5885,425,,,2
2001,'SA',535,,5912,425,,,2,100,,5920,425,,,2,100,,5908,425,,,2,100,,5916,425,,,2,100,,5913,425,,,2,100,,5911,425,,,2,100,,5921,425,,,2,100,,5914,425,,,2,100,,5903,425,,,2,100,,5909,425,,,2,100,,5915,425,,,2,96,,5917,425,,,2,104,,5918,425,,,2,104,,5919,425,,,2,96,,5904,425,,,2,100,,5910,425,,,2,100,,5901,425,,,2,100,,5905,425,,,2,100,,5902,425,,,2,100,,5907,425,,,2,100,,5906,425,,,2
2001,'SE',520,,5954,425,,,2,36,,5964,425,,,2,60,,5976,425,,,2,15,,5931,425,,,2,9,,5965,425,,,2,9,,5970,425,,,2,9,,5941,425,,,2,49,,5929,425,,,2,4,,5934,425,,,2,14,,5939,425,,,2,10,,5924,425,,,2,8,,5925,425,,,2,10,,5938,425,,,2,51,,5940,425,,,2,6,,5923,425,,,2,14,,5930,425,,,2,31,,5974,425,,,2,71,,5932,425,,,2,30,,5927,425,,,2,71,,5935,425,,,2,30,,5942,425,,,2,70,,5922,425,,,2,30,,5967,425,,,2,70,,5956,425,,,2,30,,5943,425,,,2,70,,5960,425,,,2,30,,5966,425,,,2,70,,5975,425,,,2,30,,5944,425,,,2,71,,5936,425,,,2,21,,5973,425,,,2,57,,5955,425,,,2,15,,5971,425,,,2,15,,5959,425,,,2,15,,5952,425,,,2,57,,5962,425,,,2,11,,5957,425,,,2,13,,5950,425,,,2,9,,5947,425,,,2,12,,5968,425,,,2,53,,5953,425,,,2,11,,5933,425,,,2,14,,5945,425,,,2,13,,5951,425,,,2,15,,5948,425,,,2,68,,5958,425,,,2,30,,5963,425,,,2,70,,5937,425,,,2,30,,5928,425,,,2,70,,5969,425,,,2,30,,5946,425,,,2,100,,5949,425,,,2,100,,5961,425,,,2,100,,5926,425,,,2,100,,5972,425,,,2
57001,'F8',831,,18836,6655,,,2
57001,'SE',831,,18837,6655,,,2
67100,'F8',1501,,18976,4177,,,2
67100,'SE',1501,,18977,4177,,,2
