1400,'F8',645,,3793,16536,,,1,57,,3792,16536,,,1,26,,3787,16536,,,1,14,,3790,16536,,,1,17,,3791,16536,,,1,58,,3789,16536,,,1,30,,3786,16536,,,1,60,,3788,16536,,,1,52,,3795,14289,,,1,100,,3808,14289,,,1,100,,3797,14289,,,1,100,,3798,14289,,,1,100,,3807,14289,,,1,100,,3804,14289,,,1,151,,3796,14289,,,1,13,,3803,14289,,,1,18,,3799,14289,,,1,15,,3806,14289,,,1,61,,3802,14289,,,1,17,,3805,14289,,,1,21,,3800,14289,,,1,58,,3794,14289,,,1,29,,3801,14289,,,1
1400,'SE',645,,3816,16536,,,1,57,,3815,16536,,,1,26,,3810,16536,,,1,14,,3813,16536,,,1,17,,3814,16536,,,1,58,,3812,16536,,,1,30,,3809,16536,,,1,60,,3811,16536,,,1,52,,3818,14289,,,1,100,,3831,14289,,,1,100,,3820,14289,,,1,100,,3821,14289,,,1,100,,3830,14289,,,1,100,,3827,14289,,,1,151,,3819,14289,,,1,13,,3826,14289,,,1,18,,3822,14289,,,1,15,,3829,14289,,,1,61,,3825,14289,,,1,17,,3828,14289,,,1,21,,3823,14289,,,1,58,,3817,14289,,,1,29,,3824,14289,,,1
4101,'DI',738,,8297,6148,,,1,100,,8299,6148,,,1,101,,8309,6148,,,1,100,,8300,6148,,,1,100,,8294,6148,,,1,100,,8301,6148,,,1,101,,8293,6148,,,1,100,,8302,6148,,,1,100,,8306,6148,,,1,102,,8307,6148,,,1,98,,8303,6148,,,1,100,,8308,6148,,,1,99,,8310,6148,,,1,100,,8296,6148,,,1,100,,8295,6148,,,1,99,,8311,6148,,,1,100,,8305,6148,,,1,100,,8298,6148,,,1,100,,8304,6148,,,1
4101,'F1',738,,8322,6148,,,1,100,,8328,6148,,,1,101,,8312,6148,,,1,101,,8313,6148,,,1,99,,8323,6148,,,1,100,,8329,6148,,,1,101,,8327,6148,,,1,100,,8314,6148,,,1,100,,8317,6148,,,1,100,,8315,6148,,,1,100,,8324,6148,,,1,100,,8330,6148,,,1,99,,8325,6148,,,1,100,,8318,6148,,,1,100,,8320,6148,,,1,99,,8326,6148,,,1,100,,8316,6148,,,1,100,,8319,6148,,,1,100,,8321,6148,,,1
4101,'F7',738,,8335,6148,,,1,100,,8337,6148,,,1,101,,8347,6148,,,1,100,,8338,6148,,,1,100,,8332,6148,,,1,100,,8339,6148,,,1,101,,8331,6148,,,1,100,,8340,6148,,,1,100,,8344,6148,,,1,102,,8345,6148,,,1,98,,8341,6148,,,1,100,,8346,6148,,,1,99,,8348,6148,,,1,100,,8334,6148,,,1,100,,8333,6148,,,1,99,,8349,6148,,,1,100,,8343,6148,,,1,100,,8336,6148,,,1,100,,8342,6148,,,1
4101,'F8',709,,8350,6148,,,1,30,,8370,6148,,,1,70,,8353,6148,,,1,35,,8354,6148,,,1,65,,8360,6148,,,1,30,,8375,6148,,,1,100,,8371,6148,,,1,100,,8355,6148,,,1,100,,8357,6148,,,1,100,,8351,6148,,,1,101,,8358,6148,,,1,74,,8361,6148,,,1,25,,8362,6148,,,1,68,,8372,6148,,,1,38,,8356,6148,,,1,66,,8369,6148,,,1,28,,8367,6148,,,1,71,,8368,6148,,,1,29,,8373,6148,,,1,100,,8366,6148,,,1,99,,8374,6148,,,1,100,,8364,6148,,,1,100,,8359,6148,,,1,100,,8363,6148,,,1,100,,8365,6148,,,1,100,,8352,6148,,,1
4101,'F9',738,,8386,6148,,,1,100,,8392,6148,,,1,101,,8376,6148,,,1,101,,8377,6148,,,1,99,,8387,6148,,,1,100,,8393,6148,,,1,101,,8391,6148,,,1,100,,8378,6148,,,1,100,,8381,6148,,,1,100,,8379,6148,,,1,100,,8388,6148,,,1,100,,8394,6148,,,1,99,,8389,6148,,,1,100,,8382,6148,,,1,100,,8384,6148,,,1,99,,8390,6148,,,1,100,,8380,6148,,,1,100,,8383,6148,,,1,100,,8385,6148,,,1
4101,'SA',738,,8405,6148,,,1,100,,8411,6148,,,1,101,,8395,6148,,,1,101,,8396,6148,,,1,99,,8406,6148,,,1,100,,8412,6148,,,1,101,,8410,6148,,,1,100,,8397,6148,,,1,100,,8400,6148,,,1,100,,8398,6148,,,1,100,,8407,6148,,,1,100,,8413,6148,,,1,99,,8408,6148,,,1,100,,8401,6148,,,1,100,,8403,6148,,,1,99,,8409,6148,,,1,100,,8399,6148,,,1,100,,8402,6148,,,1,100,,8404,6148,,,1
4101,'SE',709,,8414,6148,,,1,30,,8434,6148,,,1,70,,8417,6148,,,1,35,,8418,6148,,,1,65,,8424,6148,,,1,30,,8439,6148,,,1,100,,8435,6148,,,1,100,,8419,6148,,,1,100,,8421,6148,,,1,100,,8415,6148,,,1,101,,8422,6148,,,1,74,,8425,6148,,,1,25,,8426,6148,,,1,68,,8436,6148,,,1,38,,8420,6148,,,1,66,,8433,6148,,,1,28,,8431,6148,,,1,71,,8432,6148,,,1,29,,8437,6148,,,1,100,,8430,6148,,,1,99,,8438,6148,,,1,100,,8428,6148,,,1,100,,8423,6148,,,1,100,,8427,6148,,,1,100,,8429,6148,,,1,100,,8416,6148,,,1
21401,'DI',834,,17248,3173,,,1,100,,17249,3173,,,1,100,,17250,3173,,,1,100,,17251,3173,,,1,100,,17252,3173,,,1,100,,17253,3173,,,1,100,,17254,3173,,,1,100,,17255,3173,,,1,100,,17246,3173,,,1,100,,17247,3173,,,1
21401,'F1',834,,17264,3173,,,1,100,,17265,3173,,,1,100,,17256,3173,,,1,100,,17257,3173,,,1,100,,17258,3173,,,1,100,,17259,3173,,,1,100,,17260,3173,,,1,100,,17261,3173,,,1,100,,17262,3173,,,1,100,,17263,3173,,,1
21401,'F7',834,,17268,3173,,,1,100,,17269,3173,,,1,100,,17270,3173,,,1,100,,17271,3173,,,1,100,,17272,3173,,,1,100,,17273,3173,,,1,100,,17274,3173,,,1,100,,17275,3173,,,1,100,,17266,3173,,,1,100,,17267,3173,,,1
21401,'F9',834,,17284,3173,,,1,100,,17285,3173,,,1,100,,17276,3173,,,1,100,,17277,3173,,,1,100,,17278,3173,,,1,100,,17279,3173,,,1,100,,17280,3173,,,1,100,,17281,3173,,,1,100,,17282,3173,,,1,100,,17283,3173,,,1
21401,'SA',834,,17294,3173,,,1,100,,17295,3173,,,1,100,,17286,3173,,,1,100,,17287,3173,,,1,100,,17288,3173,,,1,100,,17289,3173,,,1,100,,17290,3173,,,1,100,,17291,3173,,,1,100,,17292,3173,,,1,100,,17293,3173,,,1
61400,'F8',1718,,18884,12347,,,2
61400,'SE',1718,,18885,12347,,,2
68401,'F8',854,,19012,3854,,,2,2,,19013,3854,,,2
68401,'SE',854,,19014,3854,,,2,2,,19015,3854,,,2
