2501,'DI',1552,,6767,3779,,,2
2501,'F1',1552,,6768,3779,,,2
2501,'F7',1552,,6769,3779,,,2
2501,'F8',629,,6778,2142,,,2,74,,6797,3779,,,2,30,,6795,3779,,,2,26,,6773,2142,,,2,70,,6782,2142,,,2,28,,6780,2142,,,2,545,,6790,2142,,,2,30,,6772,2142,,,2,70,,6770,2142,,,2,31,,6800,3779,,,2,19,,6799,3779,,,2,52,,6796,3779,,,2,9,,6794,2142,,,2,19,,6786,2142,,,2,14,,6771,2142,,,2,59,,6774,2142,,,2,28,,6784,2142,,,2,69,,6792,2142,,,2,29,,6775,2142,,,2,99,,6783,2142,,,2,385,,6787,2142,,,2,86,,6801,3779,,,2,13,,6793,2142,,,2,35,,6788,2142,,,2
2501,'F9',1552,,6802,3779,,,2
2501,'SA',1552,,6803,3779,,,2
2501,'SE',629,,6812,2142,,,2,74,,6831,3779,,,2,30,,6829,3779,,,2,26,,6807,2142,,,2,70,,6816,2142,,,2,28,,6814,2142,,,2,545,,6824,2142,,,2,30,,6806,2142,,,2,70,,6804,2142,,,2,31,,6834,3779,,,2,19,,6833,3779,,,2,52,,6830,3779,,,2,9,,6828,2142,,,2,19,,6820,2142,,,2,14,,6805,2142,,,2,59,,6808,2142,,,2,28,,6818,2142,,,2,69,,6826,2142,,,2,29,,6809,2142,,,2,99,,6817,2142,,,2,385,,6821,2142,,,2,86,,6835,3779,,,2,13,,6827,2142,,,2,35,,6822,2142,,,2
12301,'DI',531,,16064,11570,,,2,100,,16071,11570,,,2,100,,16065,11570,,,2,100,,16072,11570,,,2,100,,16066,11570,,,2,100,,16073,11570,,,2,100,,16067,11570,,,2,100,,16074,11570,,,2,100,,16068,11570,,,2,100,,16075,11570,,,2,100,,16069,11570,,,2,100,,16076,11570,,,2,100,,16070,11570,,,2,100,,16077,11570,,,2,100,,16078,11570,,,2,100,,16061,11570,,,2,100,,16079,11570,,,2,100,,16062,11570,,,2,100,,16080,11570,,,2,100,,16063,11570,,,2
12301,'F1',532,,16081,11570,,,2,100,,16094,11570,,,2,100,,16082,11570,,,2,99,,16095,11570,,,2,100,,16083,11570,,,2,100,,16096,11570,,,2,100,,16084,11570,,,2,100,,16097,11570,,,2,100,,16085,11570,,,2,100,,16098,11570,,,2,100,,16086,11570,,,2,100,,16099,11570,,,2,100,,16087,11570,,,2,100,,16100,11570,,,2,100,,16088,11570,,,2,100,,16091,11570,,,2,100,,16089,11570,,,2,100,,16092,11570,,,2,100,,16090,11570,,,2,100,,16093,11570,,,2
12301,'F7',531,,16104,11570,,,2,100,,16111,11570,,,2,100,,16105,11570,,,2,100,,16112,11570,,,2,100,,16106,11570,,,2,100,,16113,11570,,,2,100,,16107,11570,,,2,100,,16114,11570,,,2,100,,16108,11570,,,2,100,,16115,11570,,,2,100,,16109,11570,,,2,100,,16116,11570,,,2,100,,16110,11570,,,2,100,,16117,11570,,,2,100,,16118,11570,,,2,100,,16101,11570,,,2,100,,16119,11570,,,2,100,,16102,11570,,,2,100,,16120,11570,,,2,100,,16103,11570,,,2
12301,'F8',517,,16140,11570,,,2,30,,16141,11570,,,2,60,,16126,11570,,,2,22,,16124,11570,,,2,15,,16123,11570,,,2,66,,16127,11570,,,2,30,,16122,11570,,,2,69,,16121,11570,,,2,30,,16125,11570,,,2,69,,16144,11570,,,2,30,,16145,11570,,,2,96,,16130,11570,,,2,100,,16138,11570,,,2,100,,16128,11570,,,2,100,,16147,11570,,,2,100,,16149,11570,,,2,11,,16156,11570,,,2,65,,16151,11570,,,2,20,,16133,11570,,,2,15,,16132,11570,,,2,59,,16135,11570,,,2,6,,16146,11570,,,2,16,,16154,11570,,,2,10,,16155,11570,,,2,6,,16131,11570,,,2,64,,16153,11570,,,2,29,,16152,11570,,,2,69,,16150,11570,,,2,31,,16136,11570,,,2,66,,16129,11570,,,2,34,,16134,11570,,,2,68,,16137,11570,,,2,30,,16157,11570,,,2,98,,16148,11570,,,2,99,,16142,11570,,,2,100,,16139,11570,,,2,119,,16143,11570,,,2
12301,'F9',532,,16158,11570,,,2,100,,16171,11570,,,2,100,,16159,11570,,,2,99,,16172,11570,,,2,100,,16160,11570,,,2,100,,16173,11570,,,2,100,,16161,11570,,,2,100,,16174,11570,,,2,100,,16162,11570,,,2,100,,16175,11570,,,2,100,,16163,11570,,,2,100,,16176,11570,,,2,100,,16164,11570,,,2,100,,16177,11570,,,2,100,,16165,11570,,,2,100,,16168,11570,,,2,100,,16166,11570,,,2,100,,16169,11570,,,2,100,,16167,11570,,,2,100,,16170,11570,,,2
12301,'SA',532,,16178,11570,,,2,100,,16191,11570,,,2,100,,16179,11570,,,2,99,,16192,11570,,,2,100,,16180,11570,,,2,100,,16193,11570,,,2,100,,16181,11570,,,2,100,,16194,11570,,,2,100,,16182,11570,,,2,100,,16195,11570,,,2,100,,16183,11570,,,2,100,,16196,11570,,,2,100,,16184,11570,,,2,100,,16197,11570,,,2,100,,16185,11570,,,2,100,,16188,11570,,,2,100,,16186,11570,,,2,100,,16189,11570,,,2,100,,16187,11570,,,2,100,,16190,11570,,,2
12301,'SE',517,,16217,11570,,,2,30,,16218,11570,,,2,60,,16203,11570,,,2,22,,16201,11570,,,2,15,,16200,11570,,,2,66,,16204,11570,,,2,30,,16199,11570,,,2,69,,16198,11570,,,2,30,,16202,11570,,,2,69,,16221,11570,,,2,30,,16222,11570,,,2,96,,16207,11570,,,2,100,,16215,11570,,,2,100,,16205,11570,,,2,100,,16224,11570,,,2,100,,16226,11570,,,2,11,,16233,11570,,,2,65,,16228,11570,,,2,20,,16210,11570,,,2,15,,16209,11570,,,2,59,,16212,11570,,,2,6,,16223,11570,,,2,16,,16231,11570,,,2,10,,16232,11570,,,2,6,,16208,11570,,,2,64,,16230,11570,,,2,29,,16229,11570,,,2,69,,16227,11570,,,2,31,,16213,11570,,,2,66,,16206,11570,,,2,34,,16211,11570,,,2,68,,16214,11570,,,2,30,,16234,11570,,,2,98,,16225,11570,,,2,99,,16219,11570,,,2,100,,16216,11570,,,2,119,,16220,11570,,,2
