1001,'DI',645,,3282,7599,,,1,67,,3256,7599,,,1,30,,3283,7599,,,1,70,,3255,7599,,,1,30,,3266,7599,,,1,78,,3257,7599,,,1,30,,3267,7599,,,1,70,,3258,7599,,,1,30,,3268,7599,,,1,70,,3284,7599,,,1,30,,3269,7599,,,1,70,,3285,7599,,,1,30,,3275,7599,,,1,70,,3286,7599,,,1,30,,3276,7599,,,1,70,,3270,7599,,,1,30,,3277,7599,,,1,70,,3271,7599,,,1,30,,3278,7599,,,1,70,,3272,7599,,,1,30,,3279,7599,,,1,70,,3273,7599,,,1,30,,3280,7599,,,1,70,,3274,7599,,,1,30,,3281,7599,,,1,81,,3259,7599,,,1,100,,3260,7599,,,1,100,,3261,7599,,,1,100,,3262,7599,,,1,100,,3263,7599,,,1,100,,3264,7599,,,1
1001,'F1',543,,3318,7599,,,1,96,,3319,7599,,,1,70,,3302,7599,,,1,30,,3295,7599,,,1,70,,3303,7599,,,1,30,,3316,7599,,,1,78,,3301,7599,,,1,32,,3287,7599,,,1,70,,3304,7599,,,1,30,,3288,7599,,,1,70,,3296,7599,,,1,30,,3289,7599,,,1,70,,3309,7599,,,1,32,,3317,7599,,,1,70,,3310,7599,,,1,29,,3290,7599,,,1,70,,3311,7599,,,1,30,,3291,7599,,,1,70,,3312,7599,,,1,30,,3292,7599,,,1,70,,3313,7599,,,1,30,,3293,7599,,,1,69,,3314,7599,,,1,31,,3294,7599,,,1,70,,3315,7599,,,1,30,,3305,7599,,,1,81,,3297,7599,,,1,100,,3298,7599,,,1,100,,3299,7599,,,1,100,,3300,7599,,,1,100,,3306,7599,,,1,100,,3307,7599,,,1
1001,'F7',645,,3347,7599,,,1,67,,3321,7599,,,1,30,,3348,7599,,,1,70,,3320,7599,,,1,30,,3331,7599,,,1,78,,3322,7599,,,1,30,,3332,7599,,,1,70,,3323,7599,,,1,30,,3333,7599,,,1,70,,3349,7599,,,1,30,,3334,7599,,,1,70,,3350,7599,,,1,30,,3340,7599,,,1,70,,3351,7599,,,1,30,,3341,7599,,,1,70,,3335,7599,,,1,30,,3342,7599,,,1,70,,3336,7599,,,1,30,,3343,7599,,,1,70,,3337,7599,,,1,30,,3344,7599,,,1,70,,3338,7599,,,1,30,,3345,7599,,,1,70,,3339,7599,,,1,30,,3346,7599,,,1,81,,3324,7599,,,1,100,,3325,7599,,,1,100,,3326,7599,,,1,100,,3327,7599,,,1,100,,3328,7599,,,1,100,,3329,7599,,,1
1001,'F9',543,,3383,7599,,,1,96,,3384,7599,,,1,70,,3367,7599,,,1,30,,3360,7599,,,1,70,,3368,7599,,,1,30,,3381,7599,,,1,78,,3366,7599,,,1,32,,3352,7599,,,1,70,,3369,7599,,,1,30,,3353,7599,,,1,70,,3361,7599,,,1,30,,3354,7599,,,1,70,,3374,7599,,,1,32,,3382,7599,,,1,70,,3375,7599,,,1,29,,3355,7599,,,1,70,,3376,7599,,,1,30,,3356,7599,,,1,70,,3377,7599,,,1,30,,3357,7599,,,1,70,,3378,7599,,,1,30,,3358,7599,,,1,69,,3379,7599,,,1,31,,3359,7599,,,1,70,,3380,7599,,,1,30,,3370,7599,,,1,81,,3362,7599,,,1,100,,3363,7599,,,1,100,,3364,7599,,,1,100,,3365,7599,,,1,100,,3371,7599,,,1,100,,3372,7599,,,1
1001,'SA',543,,3416,7599,,,1,96,,3417,7599,,,1,70,,3400,7599,,,1,30,,3393,7599,,,1,70,,3401,7599,,,1,30,,3414,7599,,,1,78,,3399,7599,,,1,32,,3385,7599,,,1,70,,3402,7599,,,1,30,,3386,7599,,,1,70,,3394,7599,,,1,30,,3387,7599,,,1,70,,3407,7599,,,1,32,,3415,7599,,,1,70,,3408,7599,,,1,29,,3388,7599,,,1,70,,3409,7599,,,1,30,,3389,7599,,,1,70,,3410,7599,,,1,30,,3390,7599,,,1,70,,3411,7599,,,1,30,,3391,7599,,,1,69,,3412,7599,,,1,31,,3392,7599,,,1,70,,3413,7599,,,1,30,,3403,7599,,,1,81,,3395,7599,,,1,100,,3396,7599,,,1,100,,3397,7599,,,1,100,,3398,7599,,,1,100,,3404,7599,,,1,100,,3405,7599,,,1
1701,'DI',602,,4963,7734,,,1,100,,4961,7734,,,1,30,,4953,7734,,,1,70,,4969,7734,,,1,30,,4948,7734,,,1,70,,4964,7734,,,1,30,,4954,7734,,,1,70,,4962,7734,,,1,30,,4958,7734,,,1,70,,4970,7734,,,1,30,,4944,7734,,,1,70,,4965,7734,,,1,30,,4973,7734,,,1,70,,4971,7734,,,1,30,,4950,7734,,,1,70,,4959,7734,,,1,30,,4955,7734,,,1,70,,4966,7734,,,1,30,,4951,7734,,,1,69,,4945,7734,,,1,30,,4941,7734,,,1,71,,4946,7734,,,1,30,,4942,7734,,,1,70,,4956,7734,,,1,31,,4943,7734,,,1,70,,4957,7734,,,1,99,,4967,7734,,,1,100,,4952,7734,,,1,100,,4972,7734,,,1,100,,4968,7734,,,1,100,,4949,7734,,,1,100,,4947,7734,,,1
1701,'F1',603,,5003,7734,,,1,100,,4993,7734,,,1,30,,4985,7734,,,1,70,,4978,7734,,,1,30,,4994,7734,,,1,70,,4988,7734,,,1,30,,5000,7734,,,1,70,,5001,7734,,,1,30,,4987,7734,,,1,70,,4989,7734,,,1,30,,4979,7734,,,1,70,,5004,7734,,,1,30,,4986,7734,,,1,70,,4990,7734,,,1,30,,4981,7734,,,1,70,,5005,7734,,,1,30,,4995,7734,,,1,70,,5002,7734,,,1,30,,4984,7734,,,1,70,,4991,7734,,,1,30,,4974,7734,,,1,69,,4982,7734,,,1,30,,4996,7734,,,1,71,,4977,7734,,,1,30,,4997,7734,,,1,71,,4992,7734,,,1,99,,4980,7734,,,1,100,,4999,7734,,,1,100,,4983,7734,,,1,100,,4975,7734,,,1,100,,5006,7734,,,1,100,,4976,7734,,,1
1701,'F7',602,,5029,7734,,,1,100,,5027,7734,,,1,30,,5019,7734,,,1,70,,5035,7734,,,1,30,,5014,7734,,,1,70,,5030,7734,,,1,30,,5020,7734,,,1,70,,5028,7734,,,1,30,,5024,7734,,,1,70,,5036,7734,,,1,30,,5010,7734,,,1,70,,5031,7734,,,1,30,,5039,7734,,,1,70,,5037,7734,,,1,30,,5016,7734,,,1,70,,5025,7734,,,1,30,,5021,7734,,,1,70,,5032,7734,,,1,30,,5017,7734,,,1,69,,5011,7734,,,1,30,,5007,7734,,,1,71,,5012,7734,,,1,30,,5008,7734,,,1,70,,5022,7734,,,1,31,,5009,7734,,,1,70,,5023,7734,,,1,99,,5033,7734,,,1,100,,5018,7734,,,1,100,,5038,7734,,,1,100,,5034,7734,,,1,100,,5015,7734,,,1,100,,5013,7734,,,1
1701,'F9',603,,5069,7734,,,1,100,,5059,7734,,,1,30,,5051,7734,,,1,70,,5044,7734,,,1,30,,5060,7734,,,1,70,,5054,7734,,,1,30,,5066,7734,,,1,70,,5067,7734,,,1,30,,5053,7734,,,1,70,,5055,7734,,,1,30,,5045,7734,,,1,70,,5070,7734,,,1,30,,5052,7734,,,1,70,,5056,7734,,,1,30,,5047,7734,,,1,70,,5071,7734,,,1,30,,5061,7734,,,1,70,,5068,7734,,,1,30,,5050,7734,,,1,70,,5057,7734,,,1,30,,5040,7734,,,1,69,,5048,7734,,,1,30,,5062,7734,,,1,71,,5043,7734,,,1,30,,5063,7734,,,1,71,,5058,7734,,,1,99,,5046,7734,,,1,100,,5065,7734,,,1,100,,5049,7734,,,1,100,,5041,7734,,,1,100,,5072,7734,,,1,100,,5042,7734,,,1
1701,'SA',603,,5102,7734,,,1,100,,5092,7734,,,1,30,,5084,7734,,,1,70,,5077,7734,,,1,30,,5093,7734,,,1,70,,5087,7734,,,1,30,,5099,7734,,,1,70,,5100,7734,,,1,30,,5086,7734,,,1,70,,5088,7734,,,1,30,,5078,7734,,,1,70,,5103,7734,,,1,30,,5085,7734,,,1,70,,5089,7734,,,1,30,,5080,7734,,,1,70,,5104,7734,,,1,30,,5094,7734,,,1,70,,5101,7734,,,1,30,,5083,7734,,,1,70,,5090,7734,,,1,30,,5073,7734,,,1,69,,5081,7734,,,1,30,,5095,7734,,,1,71,,5076,7734,,,1,30,,5096,7734,,,1,71,,5091,7734,,,1,99,,5079,7734,,,1,100,,5098,7734,,,1,100,,5082,7734,,,1,100,,5074,7734,,,1,100,,5105,7734,,,1,100,,5075,7734,,,1
7601,'F8',514,,13446,4852,,,1,30,,13425,4852,,,1,70,,13441,4852,,,1,25,,13449,4852,,,1,61,,13450,4852,,,1,20,,13442,4852,,,1,20,,13447,4852,,,1,4,,13432,4852,,,1,5,,13427,4852,,,1,55,,13421,4852,,,1,21,,13416,4852,,,1,23,,13422,4852,,,1,66,,13410,4852,,,1,30,,13420,4852,,,1,70,,13411,4852,,,1,30,,13451,4852,,,1,70,,13407,4852,,,1,30,,13415,4852,,,1,70,,13452,4852,,,1,30,,13428,4852,,,1,70,,13448,4852,,,1,30,,13409,4852,,,1,70,,13413,4852,,,1,32,,13418,4852,,,1,75,,13414,4852,,,1,26,,13424,4852,,,1,72,,13440,4852,,,1,33,,13417,4852,,,1,64,,13433,4852,,,1,16,,13419,4852,,,1,20,,13408,4852,,,1,61,,13423,4852,,,1,17,,13429,4852,,,1,18,,13426,4852,,,1,66,,13443,4852,,,1,30,,13412,4852,,,1,70,,13438,4852,,,1,30,,13430,4852,,,1,70,,13434,4852,,,1,30,,13431,4852,,,1,70,,13435,4852,,,1,29,,13444,4852,,,1,70,,13436,4852,,,1,30,,13445,4852,,,1,70,,13437,4852,,,1,30,,13439,4852,,,1
7601,'SE',514,,13492,4852,,,1,30,,13471,4852,,,1,70,,13487,4852,,,1,25,,13495,4852,,,1,61,,13496,4852,,,1,20,,13488,4852,,,1,20,,13493,4852,,,1,4,,13478,4852,,,1,5,,13473,4852,,,1,55,,13467,4852,,,1,21,,13462,4852,,,1,23,,13468,4852,,,1,66,,13456,4852,,,1,30,,13466,4852,,,1,70,,13457,4852,,,1,30,,13497,4852,,,1,70,,13453,4852,,,1,30,,13461,4852,,,1,70,,13498,4852,,,1,30,,13474,4852,,,1,70,,13494,4852,,,1,30,,13455,4852,,,1,70,,13459,4852,,,1,32,,13464,4852,,,1,75,,13460,4852,,,1,26,,13470,4852,,,1,72,,13486,4852,,,1,33,,13463,4852,,,1,64,,13479,4852,,,1,16,,13465,4852,,,1,20,,13454,4852,,,1,61,,13469,4852,,,1,17,,13475,4852,,,1,18,,13472,4852,,,1,66,,13489,4852,,,1,30,,13458,4852,,,1,70,,13484,4852,,,1,30,,13476,4852,,,1,70,,13480,4852,,,1,30,,13477,4852,,,1,70,,13481,4852,,,1,29,,13490,4852,,,1,70,,13482,4852,,,1,30,,13491,4852,,,1,70,,13483,4852,,,1,30,,13485,4852,,,1
7801,'F8',558,,13834,4680,,,2,70,,13836,4680,,,2,31,,13832,4680,,,2,70,,13837,4680,,,2,73,,13831,4680,,,2,25,,13838,4680,,,2,28,,13841,4680,,,2,753,,13833,4680,,,2,32,,13835,4680,,,2,72,,13839,4680,,,2,33,,13842,4680,,,2,64,,13840,4680,,,2
7801,'SE',558,,13846,4680,,,2,70,,13848,4680,,,2,31,,13844,4680,,,2,70,,13849,4680,,,2,73,,13843,4680,,,2,25,,13850,4680,,,2,28,,13853,4680,,,2,753,,13845,4680,,,2,32,,13847,4680,,,2,72,,13851,4680,,,2,33,,13854,4680,,,2,64,,13852,4680,,,2
12001,'F8',612,,15874,5696,,,2,31,,15872,5696,,,2,66,,15876,5696,,,2,38,,15873,5696,,,2,70,,15878,5696,,,2,32,,15877,5696,,,2,796,,15870,5696,,,2,70,,15871,5696,,,2,35,,15880,5696,,,2,62,,15875,5696,,,2,28,,15879,5696,,,2
12001,'SE',612,,15885,5696,,,2,31,,15883,5696,,,2,66,,15887,5696,,,2,38,,15884,5696,,,2,70,,15889,5696,,,2,32,,15888,5696,,,2,796,,15881,5696,,,2,70,,15882,5696,,,2,35,,15891,5696,,,2,62,,15886,5696,,,2,28,,15890,5696,,,2
16101,'DI',622,,16944,13507,,,2,30,,16935,8784,,,2,70,,16933,8784,,,2,30,,16939,8784,,,2,70,,16937,8784,,,2,30,,16943,8784,,,2,70,,16936,8784,,,2,702,,16941,8784,,,2,28,,16934,8784,,,2,72,,16940,8784,,,2,30,,16945,13507,,,2,70,,16938,8784,,,2,32,,16942,8784,,,2
16101,'F1',622,,16957,13507,,,2,30,,16952,8784,,,2,70,,16946,8784,,,2,30,,16956,8784,,,2,70,,16949,8784,,,2,30,,16953,8784,,,2,70,,16951,8784,,,2,700,,16955,8784,,,2,31,,16947,8784,,,2,71,,16954,8784,,,2,30,,16958,13507,,,2,71,,16948,8784,,,2,31,,16950,8784,,,2
16101,'F7',622,,16970,13507,,,2,30,,16961,8784,,,2,70,,16959,8784,,,2,30,,16965,8784,,,2,70,,16963,8784,,,2,30,,16969,8784,,,2,70,,16962,8784,,,2,702,,16967,8784,,,2,28,,16960,8784,,,2,72,,16966,8784,,,2,30,,16971,13507,,,2,70,,16964,8784,,,2,32,,16968,8784,,,2
16101,'F8',615,,16977,8784,,,2,20,,16975,8784,,,2,66,,16988,13507,,,2,20,,16976,8784,,,2,13,,16985,13507,,,2,17,,16981,8784,,,2,56,,16990,13507,,,2,16,,16972,8784,,,2,23,,16978,8784,,,2,59,,16973,8784,,,2,17,,16982,8784,,,2,20,,16979,8784,,,2,367,,16987,13507,,,2,332,,16986,13507,,,2,15,,16974,8784,,,2,61,,16991,13507,,,2,20,,16983,8784,,,2,18,,16989,13507,,,2,60,,16984,8784,,,2,19,,16980,8784,,,2
16101,'F9',622,,17003,13507,,,2,30,,16998,8784,,,2,70,,16992,8784,,,2,30,,17002,8784,,,2,70,,16995,8784,,,2,30,,16999,8784,,,2,70,,16997,8784,,,2,700,,17001,8784,,,2,31,,16993,8784,,,2,71,,17000,8784,,,2,30,,17004,13507,,,2,71,,16994,8784,,,2,31,,16996,8784,,,2
16101,'SA',622,,17016,13507,,,2,30,,17011,8784,,,2,70,,17005,8784,,,2,30,,17015,8784,,,2,70,,17008,8784,,,2,30,,17012,8784,,,2,70,,17010,8784,,,2,700,,17014,8784,,,2,31,,17006,8784,,,2,71,,17013,8784,,,2,30,,17017,13507,,,2,71,,17007,8784,,,2,31,,17009,8784,,,2
16101,'SE',615,,17023,8784,,,2,20,,17021,8784,,,2,66,,17034,13507,,,2,20,,17022,8784,,,2,13,,17031,13507,,,2,17,,17027,8784,,,2,56,,17036,13507,,,2,16,,17018,8784,,,2,23,,17024,8784,,,2,59,,17019,8784,,,2,17,,17028,8784,,,2,20,,17025,8784,,,2,367,,17033,13507,,,2,332,,17032,13507,,,2,15,,17020,8784,,,2,61,,17037,13507,,,2,20,,17029,8784,,,2,18,,17035,13507,,,2,60,,17030,8784,,,2,19,,17026,8784,,,2
41001,'F8',510,,17462,7599,,,2,30,,17469,7599,,,2,60,,17476,7599,,,2,22,,17447,7599,,,2,20,,17439,7599,,,2,13,,17478,7599,,,2,50,,17440,7599,,,2,8,,17455,7599,,,2,8,,17461,7599,,,2,10,,17441,7599,,,2,6,,17465,7599,,,2,2,,17443,7599,,,2,8,,17460,7599,,,2,3,,17481,7599,,,2,5,,17449,7599,,,2,50,,17479,7599,,,2,13,,17480,7599,,,2,11,,17472,7599,,,2,14,,17452,7599,,,2,16,,17448,7599,,,2,58,,17475,7599,,,2,30,,17453,7599,,,2,70,,17477,7599,,,2,30,,17463,7599,,,2,70,,17466,7599,,,2,30,,17464,7599,,,2,70,,17456,7599,,,2,30,,17436,7599,,,2,70,,17467,7599,,,2,30,,17482,7599,,,2,70,,17457,7599,,,2,31,,17483,7599,,,2,78,,17468,7599,,,2,25,,17484,7599,,,2,69,,17450,7599,,,2,15,,17495,7599,,,2,15,,17489,7599,,,2,55,,17470,7599,,,2,13,,17492,7599,,,2,9,,17437,7599,,,2,9,,17496,7599,,,2,10,,17442,7599,,,2,10,,17490,7599,,,2,55,,17471,7599,,,2,29,,17451,7599,,,2,78,,17444,7599,,,2,28,,17446,7599,,,2,69,,17438,7599,,,2,30,,17497,7599,,,2,70,,17458,7599,,,2,30,,17454,7599,,,2,70,,17474,7599,,,2,30,,17485,7599,,,2,70,,17459,7599,,,2,30,,17486,7599,,,2,100,,17487,7599,,,2
41001,'SE',510,,17525,7599,,,2,30,,17532,7599,,,2,60,,17539,7599,,,2,22,,17510,7599,,,2,20,,17502,7599,,,2,13,,17541,7599,,,2,50,,17503,7599,,,2,8,,17518,7599,,,2,8,,17524,7599,,,2,10,,17504,7599,,,2,6,,17528,7599,,,2,2,,17506,7599,,,2,8,,17523,7599,,,2,3,,17544,7599,,,2,5,,17512,7599,,,2,50,,17542,7599,,,2,13,,17543,7599,,,2,11,,17535,7599,,,2,14,,17515,7599,,,2,16,,17511,7599,,,2,58,,17538,7599,,,2,30,,17516,7599,,,2,70,,17540,7599,,,2,30,,17526,7599,,,2,70,,17529,7599,,,2,30,,17527,7599,,,2,70,,17519,7599,,,2,30,,17499,7599,,,2,70,,17530,7599,,,2,30,,17545,7599,,,2,70,,17520,7599,,,2,31,,17546,7599,,,2,78,,17531,7599,,,2,25,,17547,7599,,,2,69,,17513,7599,,,2,15,,17558,7599,,,2,15,,17552,7599,,,2,55,,17533,7599,,,2,13,,17555,7599,,,2,9,,17500,7599,,,2,9,,17559,7599,,,2,10,,17505,7599,,,2,10,,17553,7599,,,2,55,,17534,7599,,,2,29,,17514,7599,,,2,78,,17507,7599,,,2,28,,17509,7599,,,2,69,,17501,7599,,,2,30,,17560,7599,,,2,70,,17521,7599,,,2,30,,17517,7599,,,2,70,,17537,7599,,,2,30,,17548,7599,,,2,70,,17522,7599,,,2,30,,17549,7599,,,2,100,,17550,7599,,,2
41701,'F8',530,,17705,7734,,,2,20,,17707,7734,,,2,60,,17693,7734,,,2,22,,17692,7734,,,2,18,,17708,7734,,,2,53,,17686,7734,,,2,8,,17702,7734,,,2,7,,17682,7734,,,2,10,,17681,7734,,,2,8,,17701,7734,,,2,6,,17706,7734,,,2,4,,17679,7734,,,2,3,,17716,7734,,,2,3,,17709,7734,,,2,48,,17714,7734,,,2,10,,17699,7734,,,2,14,,17680,7734,,,2,12,,17715,7734,,,2,16,,17717,7734,,,2,56,,17703,7734,,,2,24,,17683,7734,,,2,69,,17710,7734,,,2,30,,17684,7734,,,2,70,,17711,7734,,,2,30,,17685,7734,,,2,70,,17712,7734,,,2,30,,17678,7734,,,2,71,,17713,7734,,,2,30,,17718,7734,,,2,70,,17694,7734,,,2,30,,17719,7734,,,2,70,,17695,7734,,,2,29,,17722,7734,,,2,3,,17688,7734,,,2,5,,17720,7734,,,2,67,,17698,7734,,,2,22,,17724,7734,,,2,14,,17721,7734,,,2,15,,17687,7734,,,2,52,,17696,7734,,,2,11,,17689,7734,,,2,8,,17725,7734,,,2,10,,17700,7734,,,2,10,,17697,7734,,,2,52,,17704,7734,,,2,13,,17728,7734,,,2,15,,17726,7734,,,2,20,,17723,7734,,,2,60,,17729,7734,,,2,24,,17735,7734,,,2,68,,17730,7734,,,2,30,,17736,7734,,,2,70,,17731,7734,,,2,30,,17737,7734,,,2,70,,17732,7734,,,2,29,,17738,7734,,,2,30,,17733,7734,,,2,69,,17739,7734,,,2,30,,17734,7734,,,2,69,,17740,7734,,,2,30,,17742,7734,,,2
41701,'SE',530,,17770,7734,,,2,20,,17772,7734,,,2,60,,17758,7734,,,2,22,,17757,7734,,,2,18,,17773,7734,,,2,53,,17751,7734,,,2,8,,17767,7734,,,2,7,,17747,7734,,,2,10,,17746,7734,,,2,8,,17766,7734,,,2,6,,17771,7734,,,2,4,,17744,7734,,,2,3,,17781,7734,,,2,3,,17774,7734,,,2,48,,17779,7734,,,2,10,,17764,7734,,,2,14,,17745,7734,,,2,12,,17780,7734,,,2,16,,17782,7734,,,2,56,,17768,7734,,,2,24,,17748,7734,,,2,69,,17775,7734,,,2,30,,17749,7734,,,2,70,,17776,7734,,,2,30,,17750,7734,,,2,70,,17777,7734,,,2,30,,17743,7734,,,2,71,,17778,7734,,,2,30,,17783,7734,,,2,70,,17759,7734,,,2,30,,17784,7734,,,2,70,,17760,7734,,,2,29,,17787,7734,,,2,3,,17753,7734,,,2,5,,17785,7734,,,2,67,,17763,7734,,,2,22,,17789,7734,,,2,14,,17786,7734,,,2,15,,17752,7734,,,2,52,,17761,7734,,,2,11,,17754,7734,,,2,8,,17790,7734,,,2,10,,17765,7734,,,2,10,,17762,7734,,,2,52,,17769,7734,,,2,13,,17793,7734,,,2,15,,17791,7734,,,2,20,,17788,7734,,,2,60,,17794,7734,,,2,24,,17800,7734,,,2,68,,17795,7734,,,2,30,,17801,7734,,,2,70,,17796,7734,,,2,30,,17802,7734,,,2,70,,17797,7734,,,2,29,,17803,7734,,,2,30,,17798,7734,,,2,69,,17804,7734,,,2,30,,17799,7734,,,2,69,,17805,7734,,,2,30,,17807,7734,,,2
