1301,'DI',635,,24063,6589,,,1,100,,3602,6589,,,1,100,,24064,6589,,,1,100,,3603,6589,,,1,100,,24065,6589,,,1,100,,3604,6589,,,1,100,,24066,6589,,,1,100,,3605,6589,,,1,100,,24068,6589,,,1,100,,24075,6589,,,1,100,,24060,6589,,,1,100,,24067,6589,,,1,100,,24062,6589,,,1,100,,24069,6589,,,1,100,,24073,6589,,,1,100,,24071,6589,,,1,100,,24070,6589,,,1,100,,24061,6589,,,1,100,,24074,6589,,,1,100,,24072,6589,,,1
1301,'F1',635,,24083,6589,,,1,100,,24076,6589,,,1,100,,24084,6589,,,1,100,,24078,6589,,,1,100,,24079,6589,,,1,100,,24089,6589,,,1,100,,24077,6589,,,1,100,,24085,6589,,,1,100,,24080,6589,,,1,100,,24086,6589,,,1,100,,24094,6589,,,1,100,,24082,6589,,,1,100,,24090,6589,,,1,100,,24087,6589,,,1,100,,24091,6589,,,1,100,,24081,6589,,,1,100,,24093,6589,,,1,100,,24088,6589,,,1,100,,24092,6589,,,1,100,,24095,6589,,,1
1301,'F2',635,,24104,6589,,,1,100,,24097,6589,,,1,100,,24105,6589,,,1,100,,24098,6589,,,1,100,,24099,6589,,,1,100,,24106,6589,,,1,100,,24108,6589,,,1,100,,24100,6589,,,1,100,,24109,6589,,,1,100,,24101,6589,,,1,100,,24096,6589,,,1,100,,24111,6589,,,1,100,,24114,6589,,,1,100,,24102,6589,,,1,100,,24110,6589,,,1,100,,24107,6589,,,1,100,,24115,6589,,,1,100,,24112,6589,,,1,100,,24103,6589,,,1,100,,24113,6589,,,1
1301,'F7',541,,24130,6589,,,1,72,,24131,6589,,,1,31,,24129,6589,,,1,57,,24118,6589,,,1,14,,24154,6589,,,1,13,,24120,6589,,,1,14,,24147,6589,,,1,60,,24121,6589,,,1,14,,24119,6589,,,1,13,,24158,6589,,,1,15,,24140,6589,,,1,15,,24136,6589,,,1,60,,24139,6589,,,1,29,,24132,6589,,,1,70,,24117,6589,,,1,30,,24135,6589,,,1,70,,24149,6589,,,1,30,,24127,6589,,,1,70,,24141,6589,,,1,31,,24128,6589,,,1,70,,24133,6589,,,1,30,,24150,6589,,,1,70,,24137,6589,,,1,30,,24142,6589,,,1,69,,24155,6589,,,1,34,,24152,6589,,,1,69,,24116,6589,,,1,27,,24123,6589,,,1,55,,24138,6589,,,1,20,,24134,6589,,,1,22,,24159,6589,,,1,58,,24145,6589,,,1,20,,24143,6589,,,1,29,,24124,6589,,,1,68,,24157,6589,,,1,30,,24122,6589,,,1,70,,24151,6589,,,1,30,,24153,6589,,,1,70,,24144,6589,,,1,29,,24156,6589,,,1,100,,24146,6589,,,1,100,,24148,6589,,,1,100,,24125,6589,,,1,98,,24126,6589,,,1
1301,'F8',635,,24168,6589,,,1,100,,24161,6589,,,1,100,,24169,6589,,,1,100,,24162,6589,,,1,100,,24163,6589,,,1,100,,24170,6589,,,1,100,,24172,6589,,,1,100,,24164,6589,,,1,100,,24173,6589,,,1,100,,24165,6589,,,1,100,,24160,6589,,,1,100,,24175,6589,,,1,100,,24178,6589,,,1,100,,24166,6589,,,1,100,,24174,6589,,,1,100,,24171,6589,,,1,100,,24179,6589,,,1,100,,24176,6589,,,1,100,,24167,6589,,,1,100,,24177,6589,,,1
1301,'F9',635,,24187,6589,,,1,100,,24182,6589,,,1,100,,24188,6589,,,1,100,,24183,6589,,,1,100,,24189,6589,,,1,100,,24184,6589,,,1,100,,24190,6589,,,1,100,,24185,6589,,,1,100,,24192,6589,,,1,100,,24199,6589,,,1,100,,24180,6589,,,1,100,,24191,6589,,,1,100,,24186,6589,,,1,100,,24193,6589,,,1,100,,24197,6589,,,1,100,,24195,6589,,,1,100,,24194,6589,,,1,100,,24181,6589,,,1,100,,24198,6589,,,1,100,,24196,6589,,,1
1301,'SA',635,,24208,6589,,,1,100,,24201,6589,,,1,100,,24209,6589,,,1,100,,24202,6589,,,1,100,,24203,6589,,,1,100,,24210,6589,,,1,100,,24212,6589,,,1,100,,24204,6589,,,1,100,,24213,6589,,,1,100,,24205,6589,,,1,100,,24200,6589,,,1,100,,24215,6589,,,1,100,,24218,6589,,,1,100,,24206,6589,,,1,100,,24214,6589,,,1,100,,24211,6589,,,1,100,,24219,6589,,,1,100,,24216,6589,,,1,100,,24207,6589,,,1,100,,24217,6589,,,1
1301,'SE',541,,24234,6589,,,1,72,,24235,6589,,,1,31,,24233,6589,,,1,57,,24222,6589,,,1,14,,24258,6589,,,1,13,,24224,6589,,,1,14,,24251,6589,,,1,60,,24225,6589,,,1,14,,24223,6589,,,1,13,,24262,6589,,,1,15,,24244,6589,,,1,15,,24240,6589,,,1,60,,24243,6589,,,1,29,,24236,6589,,,1,70,,24221,6589,,,1,30,,24239,6589,,,1,70,,24253,6589,,,1,30,,24231,6589,,,1,70,,24245,6589,,,1,31,,24232,6589,,,1,70,,24237,6589,,,1,30,,24254,6589,,,1,70,,24241,6589,,,1,30,,24246,6589,,,1,69,,24259,6589,,,1,34,,24256,6589,,,1,69,,24220,6589,,,1,27,,24227,6589,,,1,55,,24242,6589,,,1,20,,24238,6589,,,1,22,,24263,6589,,,1,58,,24249,6589,,,1,20,,24247,6589,,,1,29,,24228,6589,,,1,68,,24261,6589,,,1,30,,24226,6589,,,1,70,,24255,6589,,,1,30,,24257,6589,,,1,70,,24248,6589,,,1,29,,24260,6589,,,1,100,,24250,6589,,,1,100,,24252,6589,,,1,100,,24229,6589,,,1,98,,24230,6589,,,1
1501,'DI',704,,24559,7630,,,1,100,,24556,7630,,,1,100,,24553,7630,,,1,100,,24566,7630,,,1,101,,24571,7630,,,1,100,,24564,7630,,,1,100,,24560,7630,,,1,100,,24554,7630,,,1,100,,24568,7630,,,1,100,,24555,7630,,,1,100,,24563,7630,,,1,100,,24561,7630,,,1,100,,24565,7630,,,1,97,,24569,7630,,,1,100,,24567,7630,,,1,100,,24562,7630,,,1,100,,24557,7630,,,1,100,,24570,7630,,,1,100,,24558,7630,,,1
1501,'F1',703,,24573,7630,,,1,100,,24579,7630,,,1,100,,24588,7630,,,1,100,,24580,7630,,,1,100,,24582,7630,,,1,100,,24581,7630,,,1,100,,24589,7630,,,1,101,,24574,7630,,,1,100,,24583,7630,,,1,102,,24575,7630,,,1,98,,24572,7630,,,1,100,,24585,7630,,,1,100,,24590,7630,,,1,99,,24576,7630,,,1,100,,24577,7630,,,1,100,,24586,7630,,,1,100,,24578,7630,,,1,100,,24587,7630,,,1,100,,24584,7630,,,1
1501,'F2',703,,24606,7630,,,1,100,,24600,7630,,,1,100,,24594,7630,,,1,100,,24607,7630,,,1,100,,24592,7630,,,1,100,,24591,7630,,,1,100,,24603,7630,,,1,101,,24598,7630,,,1,100,,24602,7630,,,1,102,,24599,7630,,,1,98,,24595,7630,,,1,100,,24601,7630,,,1,100,,24604,7630,,,1,99,,24605,7630,,,1,100,,24593,7630,,,1,100,,24608,7630,,,1,100,,24596,7630,,,1,100,,24609,7630,,,1,100,,24597,7630,,,1
1501,'F7',527,,24622,7630,,,1,86,,24614,7630,,,1,30,,24620,7630,,,1,73,,24642,7630,,,1,20,,24630,7630,,,1,20,,24624,7630,,,1,60,,24615,7630,,,1,30,,24611,7630,,,1,71,,24648,7630,,,1,29,,24632,7630,,,1,69,,24621,7630,,,1,30,,24640,7630,,,1,70,,24634,7630,,,1,30,,24616,7630,,,1,71,,24618,7630,,,1,30,,24635,7630,,,1,70,,24637,7630,,,1,30,,24619,7630,,,1,70,,24617,7630,,,1,30,,24643,7630,,,1,72,,24625,7630,,,1,31,,24646,7630,,,1,63,,24641,7630,,,1,39,,24638,7630,,,1,67,,24627,7630,,,1,30,,24613,7630,,,1,70,,24647,7630,,,1,27,,24636,7630,,,1,70,,24626,7630,,,1,30,,24644,7630,,,1,68,,24639,7630,,,1,30,,24612,7630,,,1,70,,24633,7630,,,1,30,,24645,7630,,,1,70,,24629,7630,,,1,30,,24610,7630,,,1,99,,24623,7630,,,1,100,,24628,7630,,,1,99,,24631,7630,,,1
1501,'F8',703,,24664,7630,,,1,100,,24658,7630,,,1,100,,24652,7630,,,1,100,,24665,7630,,,1,100,,24650,7630,,,1,100,,24649,7630,,,1,100,,24661,7630,,,1,101,,24656,7630,,,1,100,,24660,7630,,,1,102,,24657,7630,,,1,98,,24653,7630,,,1,100,,24659,7630,,,1,100,,24662,7630,,,1,99,,24663,7630,,,1,100,,24651,7630,,,1,100,,24666,7630,,,1,100,,24654,7630,,,1,100,,24667,7630,,,1,100,,24655,7630,,,1
1501,'F9',704,,24674,7630,,,1,100,,24671,7630,,,1,100,,24668,7630,,,1,100,,24681,7630,,,1,101,,24686,7630,,,1,100,,24679,7630,,,1,100,,24675,7630,,,1,100,,24669,7630,,,1,100,,24683,7630,,,1,100,,24670,7630,,,1,100,,24678,7630,,,1,100,,24676,7630,,,1,100,,24680,7630,,,1,97,,24684,7630,,,1,100,,24682,7630,,,1,100,,24677,7630,,,1,100,,24672,7630,,,1,100,,24685,7630,,,1,100,,24673,7630,,,1
1501,'SA',703,,24702,7630,,,1,100,,24696,7630,,,1,100,,24690,7630,,,1,100,,24703,7630,,,1,100,,24688,7630,,,1,100,,24687,7630,,,1,100,,24699,7630,,,1,101,,24694,7630,,,1,100,,24698,7630,,,1,102,,24695,7630,,,1,98,,24691,7630,,,1,100,,24697,7630,,,1,100,,24700,7630,,,1,99,,24701,7630,,,1,100,,24689,7630,,,1,100,,24704,7630,,,1,100,,24692,7630,,,1,100,,24705,7630,,,1,100,,24693,7630,,,1
1501,'SE',527,,24718,7630,,,1,86,,24710,7630,,,1,30,,24716,7630,,,1,73,,24738,7630,,,1,20,,24726,7630,,,1,20,,24720,7630,,,1,60,,24711,7630,,,1,30,,24707,7630,,,1,71,,24744,7630,,,1,29,,24728,7630,,,1,69,,24717,7630,,,1,30,,24736,7630,,,1,70,,24730,7630,,,1,30,,24712,7630,,,1,71,,24714,7630,,,1,30,,24731,7630,,,1,70,,24733,7630,,,1,30,,24715,7630,,,1,70,,24713,7630,,,1,30,,24739,7630,,,1,72,,24721,7630,,,1,31,,24742,7630,,,1,63,,24737,7630,,,1,39,,24734,7630,,,1,67,,24723,7630,,,1,30,,24709,7630,,,1,70,,24743,7630,,,1,27,,24732,7630,,,1,70,,24722,7630,,,1,30,,24740,7630,,,1,68,,24735,7630,,,1,30,,24708,7630,,,1,70,,24729,7630,,,1,30,,24741,7630,,,1,70,,24725,7630,,,1,30,,24706,7630,,,1,99,,24719,7630,,,1,100,,24724,7630,,,1,99,,24727,7630,,,1
5501,'F7',620,,32126,726,,,2,20,,32128,726,,,2,15,,32130,726,,,2,55,,32132,726,,,2,15,,32127,726,,,2,15,,32134,726,,,2,15,,32129,726,,,2,55,,32131,726,,,2,20,,32133,726,,,2
5501,'SE',620,,32140,726,,,2,20,,32142,726,,,2,15,,32144,726,,,2,55,,32146,726,,,2,15,,32141,726,,,2,15,,32148,726,,,2,15,,32143,726,,,2,55,,32145,726,,,2,20,,32147,726,,,2
60001,'F7',856,,40739,1563,,,2
60001,'SE',856,,40740,1563,,,2
61301,'F7',859,,40772,5577,,,2
61301,'SE',859,,40773,5577,,,2
61801,'F7',851,,40780,6501,,,2
61801,'SE',851,,40781,6501,,,2
