6101,'DI',713,,11370,7390,,,2,30,,11367,7390,,,2,72,,11373,7390,,,2,17,,11371,7390,,,2,70,,11368,7390,,,2,30,,11374,7390,,,2,70,,11372,7390,,,2,30,,11369,7390,,,2,70,,11375,7390,,,2,30,,11376,7390,,,2,70,,11380,7390,,,2,30,,11384,7390,,,2,70,,11377,7390,,,2,30,,11381,7390,,,2,70,,11385,7390,,,2,30,,11378,7390,,,2,70,,11382,7390,,,2,30,,11386,7390,,,2,70,,11379,7390,,,2,34,,11383,7390,,,2,21,,11387,7390,,,2,75,,11389,7390,,,2,20,,11392,7390,,,2,80,,11388,7390,,,2,25,,11390,7390,,,2,70,,11393,7390,,,2,85,,11391,7390,,,2,100,,11394,7390,,,2,100,,11395,7390,,,2,100,,11396,7390,,,2,100,,11397,7390,,,2,100,,11398,7390,,,2
6101,'F1',713,,11402,7390,,,2,30,,11399,7390,,,2,72,,11405,7390,,,2,17,,11403,7390,,,2,70,,11400,7390,,,2,30,,11406,7390,,,2,70,,11404,7390,,,2,30,,11401,7390,,,2,70,,11407,7390,,,2,30,,11408,7390,,,2,70,,11412,7390,,,2,30,,11414,7390,,,2,70,,11409,7390,,,2,30,,11413,7390,,,2,70,,11415,7390,,,2,30,,11410,7390,,,2,70,,11416,7390,,,2,30,,11420,7390,,,2,70,,11411,7390,,,2,34,,11417,7390,,,2,21,,11421,7390,,,2,75,,11423,7390,,,2,20,,11418,7390,,,2,80,,11422,7390,,,2,25,,11424,7390,,,2,70,,11419,7390,,,2,85,,11425,7390,,,2,100,,11427,7390,,,2,100,,11426,7390,,,2,100,,11429,7390,,,2,100,,11428,7390,,,2,100,,11430,7390,,,2
6101,'F7',713,,11434,7390,,,2,30,,11431,7390,,,2,72,,11437,7390,,,2,17,,11435,7390,,,2,70,,11432,7390,,,2,30,,11438,7390,,,2,70,,11436,7390,,,2,30,,11433,7390,,,2,70,,11439,7390,,,2,30,,11440,7390,,,2,70,,11444,7390,,,2,30,,11448,7390,,,2,70,,11441,7390,,,2,30,,11445,7390,,,2,70,,11449,7390,,,2,30,,11442,7390,,,2,70,,11446,7390,,,2,30,,11450,7390,,,2,70,,11443,7390,,,2,34,,11447,7390,,,2,21,,11451,7390,,,2,75,,11453,7390,,,2,20,,11456,7390,,,2,80,,11452,7390,,,2,25,,11454,7390,,,2,70,,11457,7390,,,2,85,,11455,7390,,,2,100,,11458,7390,,,2,100,,11459,7390,,,2,100,,11460,7390,,,2,100,,11461,7390,,,2,100,,11462,7390,,,2
6101,'F8',551,,11512,7390,,,2,70,,11514,7390,,,2,10,,11467,7390,,,2,15,,11470,7390,,,2,9,,11464,7390,,,2,54,,11473,7390,,,2,14,,11463,7390,,,2,7,,11477,7390,,,2,18,,11471,7390,,,2,9,,11476,7390,,,2,59,,11468,7390,,,2,24,,11465,7390,,,2,62,,11474,7390,,,2,15,,11478,7390,,,2,36,,11469,7390,,,2,70,,11466,7390,,,2,30,,11475,7390,,,2,72,,11513,7390,,,2,30,,11472,7390,,,2,70,,11479,7390,,,2,31,,11483,7390,,,2,70,,11480,7390,,,2,30,,11481,7390,,,2,73,,11485,7390,,,2,21,,11487,7390,,,2,67,,11490,7390,,,2,23,,11482,7390,,,2,60,,11484,7390,,,2,24,,11492,7390,,,2,4,,11494,7390,,,2,25,,11488,7390,,,2,47,,11489,7390,,,2,14,,11495,7390,,,2,13,,11496,7390,,,2,14,,11486,7390,,,2,15,,11499,7390,,,2,46,,11502,7390,,,2,15,,11493,7390,,,2,14,,11491,7390,,,2,24,,11504,7390,,,2,64,,11497,7390,,,2,28,,11507,7390,,,2,69,,11510,7390,,,2,30,,11500,7390,,,2,69,,11503,7390,,,2,29,,11511,7390,,,2,70,,11498,7390,,,2,29,,11508,7390,,,2,70,,11505,7390,,,2,29,,11501,7390,,,2,68,,11509,7390,,,2,30,,11506,7390,,,2
6101,'F9',713,,11518,7390,,,2,30,,11515,7390,,,2,72,,11521,7390,,,2,17,,11519,7390,,,2,70,,11516,7390,,,2,30,,11522,7390,,,2,70,,11520,7390,,,2,30,,11517,7390,,,2,70,,11523,7390,,,2,30,,11524,7390,,,2,70,,11528,7390,,,2,30,,11530,7390,,,2,70,,11525,7390,,,2,30,,11529,7390,,,2,70,,11531,7390,,,2,30,,11526,7390,,,2,70,,11532,7390,,,2,30,,11536,7390,,,2,70,,11527,7390,,,2,34,,11533,7390,,,2,21,,11537,7390,,,2,75,,11539,7390,,,2,20,,11534,7390,,,2,80,,11538,7390,,,2,25,,11540,7390,,,2,70,,11535,7390,,,2,85,,11541,7390,,,2,100,,11543,7390,,,2,100,,11542,7390,,,2,100,,11545,7390,,,2,100,,11544,7390,,,2,100,,11546,7390,,,2
6101,'SA',713,,11550,7390,,,2,30,,11547,7390,,,2,72,,11553,7390,,,2,17,,11551,7390,,,2,70,,11548,7390,,,2,30,,11554,7390,,,2,70,,11552,7390,,,2,30,,11549,7390,,,2,70,,11555,7390,,,2,30,,11556,7390,,,2,70,,11560,7390,,,2,30,,11562,7390,,,2,70,,11557,7390,,,2,30,,11561,7390,,,2,70,,11563,7390,,,2,30,,11558,7390,,,2,70,,11564,7390,,,2,30,,11568,7390,,,2,70,,11559,7390,,,2,34,,11565,7390,,,2,21,,11569,7390,,,2,75,,11571,7390,,,2,20,,11566,7390,,,2,80,,11570,7390,,,2,25,,11572,7390,,,2,70,,11567,7390,,,2,85,,11573,7390,,,2,100,,11575,7390,,,2,100,,11574,7390,,,2,100,,11577,7390,,,2,100,,11576,7390,,,2,100,,11578,7390,,,2
6101,'SE',551,,11628,7390,,,2,70,,11630,7390,,,2,10,,11583,7390,,,2,15,,11586,7390,,,2,9,,11580,7390,,,2,54,,11589,7390,,,2,14,,11579,7390,,,2,7,,11593,7390,,,2,18,,11587,7390,,,2,9,,11592,7390,,,2,59,,11584,7390,,,2,24,,11581,7390,,,2,62,,11590,7390,,,2,15,,11594,7390,,,2,36,,11585,7390,,,2,70,,11582,7390,,,2,30,,11591,7390,,,2,72,,11629,7390,,,2,30,,11588,7390,,,2,70,,11595,7390,,,2,31,,11599,7390,,,2,70,,11596,7390,,,2,30,,11597,7390,,,2,73,,11601,7390,,,2,21,,11603,7390,,,2,67,,11606,7390,,,2,23,,11598,7390,,,2,60,,11600,7390,,,2,24,,11608,7390,,,2,4,,11610,7390,,,2,25,,11604,7390,,,2,47,,11605,7390,,,2,14,,11611,7390,,,2,13,,11612,7390,,,2,14,,11602,7390,,,2,15,,11615,7390,,,2,46,,11618,7390,,,2,15,,11609,7390,,,2,14,,11607,7390,,,2,24,,11620,7390,,,2,64,,11613,7390,,,2,28,,11623,7390,,,2,69,,11626,7390,,,2,30,,11616,7390,,,2,69,,11619,7390,,,2,29,,11627,7390,,,2,70,,11614,7390,,,2,29,,11624,7390,,,2,70,,11621,7390,,,2,29,,11617,7390,,,2,68,,11625,7390,,,2,30,,11622,7390,,,2
8200,'F8',1603,,14468,19214,0,9 14,2,30,,14465,19214,0,9 14,2,67,,14464,19214,0,9 14,2,24,,14466,19214,0,9 14,2,24,,14463,19214,0,9 14,2,70,,14467,19214,0,9 14,2,30,,14469,19214,0,9 14,2,65,,14470,19214,0,9 14,2
8200,'SE',1603,,14483,19214,0,9 14,2,30,,14480,19214,0,9 14,2,67,,14479,19214,0,9 14,2,24,,14481,19214,0,9 14,2,24,,14478,19214,0,9 14,2,70,,14482,19214,0,9 14,2,30,,14484,19214,0,9 14,2,65,,14485,19214,0,9 14,2
8201,'F8',651,,14492,7993,,,2,71,,14489,7993,,,2,30,,14487,7993,,,2,65,,14490,7993,,,2,26,,14488,7993,,,2,70,,14491,7993,,,2,20,,14486,7993,,,2
8201,'SE',651,,14507,7993,,,2,71,,14504,7993,,,2,30,,14502,7993,,,2,65,,14505,7993,,,2,26,,14503,7993,,,2,70,,14506,7993,,,2,20,,14501,7993,,,2
8700,'F8',1709,,14994,36803,,,2,103,,14995,36803,,,2
8700,'SE',1709,,14996,36803,,,2,103,,14997,36803,,,2
8701,'F8',631,,14999,7390,,,2,70,,14998,7390,,,2
8701,'SE',631,,15001,7390,,,2,70,,15000,7390,,,2
