8800,'DI',733,,36639,12290,,,1,70,,36644,12290,,,1,30,,36650,12290,,,1,70,,36659,12290,,,1,30,,36640,12290,,,1,70,,36645,12290,,,1,32,,36651,12290,,,1,70,,36660,12290,,,1,30,,36641,12290,,,1,70,,36646,12290,,,1,31,,36652,12290,,,1,70,,36661,12290,,,1,30,,36642,12290,,,1,70,,36647,12290,,,1,30,,36653,12290,,,1,70,,15002,12290,,,1,30,,36654,12290,,,1,70,,36648,12290,,,1,30,,36662,12290,,,1,70,,15003,12290,,,1,30,,36655,12290,,,1,68,,36649,12290,,,1,30,,36663,12290,,,1,100,,36656,12290,,,1,100,,36664,12290,,,1,100,,36657,12290,,,1,100,,36665,12290,,,1,97,,36658,12290,,,1,100,,36638,12290,,,1,100,,36643,12290,,,1
8800,'F1',733,,36672,12290,,,1,70,,15061,12290,,,1,31,,36685,12290,,,1,70,,36676,12290,,,1,31,,36673,12290,,,1,70,,15062,12290,,,1,32,,36686,12290,,,1,70,,36677,12290,,,1,30,,15046,12290,,,1,70,,36681,12290,,,1,30,,36687,12290,,,1,70,,36678,12290,,,1,30,,15047,12290,,,1,70,,36682,12290,,,1,30,,36688,12290,,,1,70,,36668,12290,,,1,30,,15048,12290,,,1,70,,36683,12290,,,1,30,,36689,12290,,,1,70,,36669,12290,,,1,31,,36690,12290,,,1,69,,36684,12290,,,1,31,,36679,12290,,,1,69,,36670,12290,,,1,30,,36674,12290,,,1,100,,36680,12290,,,1,98,,36675,12290,,,1,97,,36667,12290,,,1,100,,36666,12290,,,1,100,,36671,12290,,,1,100,,15032,12290,,,1
8800,'F2',733,,36694,12290,,,1,70,,36719,12290,,,1,31,,36715,12290,,,1,70,,36706,12290,,,1,31,,36699,12290,,,1,70,,36720,12290,,,1,32,,36716,12290,,,1,70,,36707,12290,,,1,30,,36700,12290,,,1,70,,36711,12290,,,1,30,,36696,12290,,,1,70,,36708,12290,,,1,30,,36701,12290,,,1,70,,36712,12290,,,1,30,,36697,12290,,,1,70,,36691,12290,,,1,30,,36702,12290,,,1,70,,36713,12290,,,1,30,,36698,12290,,,1,70,,36692,12290,,,1,31,,36721,12290,,,1,69,,36714,12290,,,1,31,,36709,12290,,,1,69,,36693,12290,,,1,30,,36703,12290,,,1,100,,36710,12290,,,1,98,,36704,12290,,,1,97,,36718,12290,,,1,100,,36705,12290,,,1,100,,36717,12290,,,1,100,,36695,12290,,,1
8800,'F7',659,,36728,12290,,,1,81,,36732,12290,,,1,2,,36737,12290,,,1,59,,36767,12290,,,1,15,,36768,12290,,,1,14,,36734,12290,,,1,15,,36769,12290,,,1,55,,36735,12290,,,1,13,,36736,12290,,,1,29,,36757,12290,,,1,70,,36733,12290,,,1,30,,36731,12290,,,1,70,,36755,12290,,,1,33,,36758,12290,,,1,70,,36724,12290,,,1,30,,36722,12290,,,1,70,,36759,12290,,,1,30,,36725,12290,,,1,70,,36756,12290,,,1,34,,36771,12290,,,1,3,,36746,12290,,,1,70,,36760,12290,,,1,17,,36762,12290,,,1,16,,36764,12290,,,1,55,,36726,12290,,,1,15,,36738,12290,,,1,15,,36770,12290,,,1,15,,36743,12290,,,1,53,,36747,12290,,,1,10,,36723,12290,,,1,12,,36750,12290,,,1,12,,36740,12290,,,1,11,,36745,12290,,,1,51,,36730,12290,,,1,11,,36765,12290,,,1,12,,36727,12290,,,1,12,,36739,12290,,,1,7,,36763,12290,,,1,59,,36744,12290,,,1,15,,36748,12290,,,1,22,,36741,12290,,,1,68,,36766,12290,,,1,30,,36761,12290,,,1,68,,36749,12290,,,1,30,,36742,12290,,,1,70,,36729,12290,,,1,30,,36753,12290,,,1,100,,36751,12290,,,1,99,,36754,12290,,,1,95,,36752,12290,,,1
8800,'F8',733,,36775,12290,,,1,70,,36800,12290,,,1,31,,36796,12290,,,1,70,,36787,12290,,,1,31,,36780,12290,,,1,70,,36801,12290,,,1,32,,36797,12290,,,1,70,,36788,12290,,,1,30,,36781,12290,,,1,70,,36792,12290,,,1,30,,36777,12290,,,1,70,,36789,12290,,,1,30,,36782,12290,,,1,70,,36793,12290,,,1,30,,36778,12290,,,1,70,,36772,12290,,,1,30,,36783,12290,,,1,70,,36794,12290,,,1,30,,36779,12290,,,1,70,,36773,12290,,,1,31,,36802,12290,,,1,69,,36795,12290,,,1,31,,36790,12290,,,1,69,,36774,12290,,,1,30,,36784,12290,,,1,100,,36791,12290,,,1,98,,36785,12290,,,1,97,,36799,12290,,,1,100,,36786,12290,,,1,100,,36798,12290,,,1,100,,36776,12290,,,1
8800,'F9',733,,36806,12290,,,1,70,,36811,12290,,,1,30,,36817,12290,,,1,70,,36826,12290,,,1,30,,36807,12290,,,1,70,,36812,12290,,,1,32,,36818,12290,,,1,70,,36827,12290,,,1,30,,36808,12290,,,1,70,,36813,12290,,,1,31,,36819,12290,,,1,70,,36828,12290,,,1,30,,36809,12290,,,1,70,,36814,12290,,,1,30,,36820,12290,,,1,70,,36803,12290,,,1,30,,36821,12290,,,1,70,,36815,12290,,,1,30,,36829,12290,,,1,70,,36804,12290,,,1,30,,36822,12290,,,1,68,,36816,12290,,,1,30,,36830,12290,,,1,100,,36823,12290,,,1,100,,36831,12290,,,1,100,,36824,12290,,,1,100,,36832,12290,,,1,97,,36825,12290,,,1,100,,36805,12290,,,1,100,,36810,12290,,,1
8800,'SA',733,,36836,12290,,,1,70,,36860,12290,,,1,31,,36857,12290,,,1,70,,36848,12290,,,1,31,,36841,12290,,,1,70,,36861,12290,,,1,32,,36858,12290,,,1,70,,36849,12290,,,1,30,,36842,12290,,,1,70,,36853,12290,,,1,30,,36838,12290,,,1,70,,36850,12290,,,1,30,,36843,12290,,,1,70,,36854,12290,,,1,30,,36839,12290,,,1,70,,36833,12290,,,1,30,,36844,12290,,,1,70,,36855,12290,,,1,30,,36840,12290,,,1,70,,36834,12290,,,1,31,,36862,12290,,,1,69,,36856,12290,,,1,31,,36851,12290,,,1,69,,36835,12290,,,1,30,,36845,12290,,,1,100,,36852,12290,,,1,98,,36846,12290,,,1,97,,15203,12290,,,1,100,,36847,12290,,,1,100,,36859,12290,,,1,100,,36837,12290,,,1
8800,'SE',659,,36869,12290,,,1,81,,36873,12290,,,1,2,,36877,12290,,,1,59,,36905,12290,,,1,15,,36906,12290,,,1,14,,15219,12290,,,1,15,,36907,12290,,,1,55,,36875,12290,,,1,13,,36876,12290,,,1,29,,36895,12290,,,1,70,,36874,12290,,,1,30,,36872,12290,,,1,70,,36893,12290,,,1,33,,36896,12290,,,1,70,,36865,12290,,,1,30,,36863,12290,,,1,70,,36897,12290,,,1,30,,36866,12290,,,1,70,,36894,12290,,,1,34,,36909,12290,,,1,3,,36886,12290,,,1,70,,36898,12290,,,1,17,,36900,12290,,,1,16,,36902,12290,,,1,55,,36867,12290,,,1,15,,36878,12290,,,1,15,,36908,12290,,,1,15,,36883,12290,,,1,53,,36887,12290,,,1,10,,36864,12290,,,1,12,,36888,12290,,,1,12,,36880,12290,,,1,11,,36885,12290,,,1,51,,36871,12290,,,1,11,,36903,12290,,,1,12,,36868,12290,,,1,12,,36879,12290,,,1,7,,36901,12290,,,1,59,,36884,12290,,,1,15,,15235,12290,,,1,22,,36881,12290,,,1,68,,36904,12290,,,1,30,,36899,12290,,,1,68,,15236,12290,,,1,30,,36882,12290,,,1,70,,36870,12290,,,1,30,,36891,12290,,,1,100,,36889,12290,,,1,99,,36892,12290,,,1,95,,36890,12290,,,1
50500,'F7',1627,,40630,5410,,,2
50500,'SE',1627,,40631,5410,,,2
