8301,'DI',733,,14680,10529,,,1,100,,14681,10529,,,1,108,,14682,10529,,,1,100,,14683,10529,,,1,100,,14684,10529,,,1,100,,14685,10529,,,1,100,,14686,10529,,,1,100,,14687,10529,,,1,100,,14688,10529,,,1,100,,14689,10529,,,1,100,,14690,10529,,,1,100,,14691,10529,,,1,100,,14692,10529,,,1,100,,14693,10529,,,1,100,,14694,10529,,,1,100,,14695,10529,,,1,100,,14696,10529,,,1,100,,14697,10529,,,1
8301,'F1',633,,14698,10529,,,1,100,,14699,10529,,,1,100,,14700,10529,,,1,108,,14701,10529,,,1,100,,14702,10529,,,1,100,,14703,10529,,,1,100,,14704,10529,,,1,100,,14705,10529,,,1,100,,14706,10529,,,1,100,,14707,10529,,,1,100,,14708,10529,,,1,100,,14709,10529,,,1,100,,14710,10529,,,1,100,,14711,10529,,,1,100,,14712,10529,,,1,100,,14713,10529,,,1,100,,14714,10529,,,1,100,,14715,10529,,,1,100,,14716,10529,,,1,100,,14717,10529,,,1
8301,'F7',733,,14718,10529,,,1,100,,14719,10529,,,1,108,,14720,10529,,,1,100,,14721,10529,,,1,100,,14722,10529,,,1,100,,14723,10529,,,1,100,,14724,10529,,,1,100,,14725,10529,,,1,100,,14726,10529,,,1,100,,14727,10529,,,1,100,,14728,10529,,,1,100,,14729,10529,,,1,100,,14730,10529,,,1,100,,14731,10529,,,1,100,,14732,10529,,,1,100,,14733,10529,,,1,100,,14734,10529,,,1,100,,14735,10529,,,1
8301,'F8',558,,14757,10529,,,1,70,,14754,10529,,,1,20,,14748,10529,,,1,56,,14758,10529,,,1,25,,14743,10529,,,1,20,,14760,10529,,,1,62,,14759,10529,,,1,18,,14736,10529,,,1,20,,14744,10529,,,1,62,,14755,10529,,,1,31,,14737,10529,,,1,60,,14769,10529,,,1,40,,14738,10529,,,1,100,,14742,10529,,,1,100,,14750,10529,,,1,100,,14739,10529,,,1,100,,14740,10529,,,1,101,,14741,10529,,,1,15,,14756,10529,,,1,65,,14761,10529,,,1,21,,14770,10529,,,1,62,,14751,10529,,,1,20,,14745,10529,,,1,18,,14746,10529,,,1,60,,14753,10529,,,1,18,,14749,10529,,,1,20,,14752,10529,,,1,60,,14747,10529,,,1,40,,14762,10529,,,1,100,,14763,10529,,,1,100,,14764,10529,,,1,100,,14765,10529,,,1,100,,14766,10529,,,1,100,,14767,10529,,,1,100,,14768,10529,,,1
8301,'F9',633,,14771,10529,,,1,100,,14772,10529,,,1,100,,14773,10529,,,1,108,,14774,10529,,,1,100,,14775,10529,,,1,100,,14776,10529,,,1,100,,14777,10529,,,1,100,,14778,10529,,,1,100,,14779,10529,,,1,100,,14780,10529,,,1,100,,14781,10529,,,1,100,,14782,10529,,,1,100,,14783,10529,,,1,100,,14784,10529,,,1,100,,14785,10529,,,1,100,,14786,10529,,,1,100,,14787,10529,,,1,100,,14788,10529,,,1,100,,14789,10529,,,1,100,,14790,10529,,,1
8301,'SA',633,,14791,10529,,,1,100,,14792,10529,,,1,100,,14793,10529,,,1,108,,14794,10529,,,1,100,,14795,10529,,,1,100,,14796,10529,,,1,100,,14797,10529,,,1,100,,14798,10529,,,1,100,,14799,10529,,,1,100,,14800,10529,,,1,100,,14801,10529,,,1,100,,14802,10529,,,1,100,,14803,10529,,,1,100,,14804,10529,,,1,100,,14805,10529,,,1,100,,14806,10529,,,1,100,,14807,10529,,,1,100,,14808,10529,,,1,100,,14809,10529,,,1,100,,14810,10529,,,1
8301,'SE',558,,14832,10529,,,1,70,,14829,10529,,,1,20,,14823,10529,,,1,56,,14833,10529,,,1,25,,14818,10529,,,1,20,,14835,10529,,,1,62,,14834,10529,,,1,18,,14811,10529,,,1,20,,14819,10529,,,1,62,,14830,10529,,,1,31,,14812,10529,,,1,60,,14844,10529,,,1,40,,14813,10529,,,1,100,,14817,10529,,,1,100,,14825,10529,,,1,100,,14814,10529,,,1,100,,14815,10529,,,1,101,,14816,10529,,,1,15,,14831,10529,,,1,65,,14836,10529,,,1,21,,14845,10529,,,1,62,,14826,10529,,,1,20,,14820,10529,,,1,18,,14821,10529,,,1,60,,14828,10529,,,1,18,,14824,10529,,,1,20,,14827,10529,,,1,60,,14822,10529,,,1,40,,14837,10529,,,1,100,,14838,10529,,,1,100,,14839,10529,,,1,100,,14840,10529,,,1,100,,14841,10529,,,1,100,,14842,10529,,,1,100,,14843,10529,,,1
8601,'F8',714,,14990,6504,,,2,32,,14991,6504,,,2
8601,'SE',714,,14992,6504,,,2,32,,14993,6504,,,2
68301,'F8',726,,19006,8448,,,2
68301,'SE',726,,19007,8448,,,2
