5400,'DI',708,,31627,7509,,,1,100,,31620,7509,,,1,101,,31614,7509,,,1,102,,31621,7509,,,1,100,,31615,7509,,,1,100,,31602,7509,,,1,31,,31624,7509,,,1,70,,31625,7509,,,1,30,,31603,7509,,,1,70,,31616,7509,,,1,30,,31607,7509,,,1,70,,31626,7509,,,1,30,,31622,7509,,,1,70,,31613,7509,,,1,30,,31617,7509,,,1,70,,31618,7509,,,1,29,,31608,7509,,,1,73,,31623,7509,,,1,34,,31619,7509,,,1,63,,31604,7509,,,1,100,,31605,7509,,,1,100,,31606,7509,,,1,100,,31609,7509,,,1,100,,31610,7509,,,1,99,,31611,7509,,,1,100,,31612,7509,,,1
5400,'F1',708,,31649,7509,,,1,30,,31642,7509,,,1,70,,31652,7509,,,1,31,,31655,7509,,,1,70,,31633,7509,,,1,32,,31628,7509,,,1,70,,31650,7509,,,1,30,,31643,7509,,,1,70,,31629,7509,,,1,30,,31651,7509,,,1,70,,31646,7509,,,1,31,,31634,7509,,,1,70,,31644,7509,,,1,30,,31647,7509,,,1,70,,31638,7509,,,1,30,,31645,7509,,,1,70,,31653,7509,,,1,30,,31648,7509,,,1,70,,31630,7509,,,1,30,,31654,7509,,,1,70,,31636,7509,,,1,29,,31631,7509,,,1,73,,31632,7509,,,1,30,,31637,7509,,,1,67,,31635,7509,,,1,100,,31639,7509,,,1,100,,31640,7509,,,1,100,,31641,7509,,,1,100,,31656,7509,,,1,99,,31657,7509,,,1,100,,31658,7509,,,1
5400,'F2',708,,31672,7509,,,1,30,,31680,7509,,,1,70,,31675,7509,,,1,31,,31674,7509,,,1,70,,31673,7509,,,1,32,,31664,7509,,,1,70,,31662,7509,,,1,30,,31681,7509,,,1,70,,31670,7509,,,1,30,,31663,7509,,,1,70,,31665,7509,,,1,31,,31671,7509,,,1,70,,31682,7509,,,1,30,,31666,7509,,,1,70,,31676,7509,,,1,30,,31683,7509,,,1,70,,31659,7509,,,1,30,,31677,7509,,,1,70,,31667,7509,,,1,30,,31660,7509,,,1,70,,31678,7509,,,1,29,,31668,7509,,,1,73,,31661,7509,,,1,30,,31679,7509,,,1,67,,31669,7509,,,1,100,,31684,7509,,,1,100,,31685,7509,,,1,100,,31686,7509,,,1,100,,31687,7509,,,1,99,,31688,7509,,,1,100,,31689,7509,,,1
5400,'F7',702,,31703,7509,,,1,36,,31692,7509,,,1,71,,31702,7509,,,1,34,,31695,7509,,,1,72,,31718,7509,,,1,30,,31715,7509,,,1,70,,31719,7509,,,1,30,,31710,7509,,,1,70,,31707,7509,,,1,30,,31699,7509,,,1,70,,31717,7509,,,1,30,,31691,7509,,,1,71,,31720,7509,,,1,30,,31701,7509,,,1,70,,31694,7509,,,1,30,,31708,7509,,,1,66,,31696,7509,,,1,27,,31706,7509,,,1,70,,31697,7509,,,1,30,,31705,7509,,,1,74,,31709,7509,,,1,23,,31713,7509,,,1,75,,31698,7509,,,1,28,,31721,7509,,,1,75,,31716,7509,,,1,29,,31711,7509,,,1,68,,31690,7509,,,1,30,,31722,7509,,,1,70,,31714,7509,,,1,30,,31693,7509,,,1,68,,31723,7509,,,1,100,,31712,7509,,,1,99,,31700,7509,,,1,100,,31704,7509,,,1
5400,'F8',708,,31737,7509,,,1,30,,31745,7509,,,1,70,,31740,7509,,,1,31,,31739,7509,,,1,70,,31738,7509,,,1,32,,31729,7509,,,1,70,,31727,7509,,,1,30,,31746,7509,,,1,70,,31735,7509,,,1,30,,31728,7509,,,1,70,,31730,7509,,,1,31,,31736,7509,,,1,70,,31747,7509,,,1,30,,31731,7509,,,1,70,,31741,7509,,,1,30,,31748,7509,,,1,70,,31724,7509,,,1,30,,31742,7509,,,1,70,,31732,7509,,,1,30,,31725,7509,,,1,70,,31743,7509,,,1,29,,31733,7509,,,1,73,,31726,7509,,,1,30,,31744,7509,,,1,67,,31734,7509,,,1,100,,31749,7509,,,1,100,,31750,7509,,,1,100,,31751,7509,,,1,100,,31752,7509,,,1,99,,31753,7509,,,1,100,,31754,7509,,,1
5400,'F9',708,,31780,7509,,,1,100,,31773,7509,,,1,101,,31767,7509,,,1,102,,31774,7509,,,1,100,,31768,7509,,,1,100,,31755,7509,,,1,31,,31777,7509,,,1,70,,31778,7509,,,1,30,,31756,7509,,,1,70,,31769,7509,,,1,30,,31760,7509,,,1,70,,31779,7509,,,1,30,,31775,7509,,,1,70,,31766,7509,,,1,30,,31770,7509,,,1,70,,31771,7509,,,1,29,,31761,7509,,,1,73,,31776,7509,,,1,34,,31772,7509,,,1,63,,31757,7509,,,1,100,,31758,7509,,,1,100,,31759,7509,,,1,100,,31762,7509,,,1,100,,31763,7509,,,1,99,,31764,7509,,,1,100,,31765,7509,,,1
5400,'SA',708,,31794,7509,,,1,30,,31802,7509,,,1,70,,31797,7509,,,1,31,,31796,7509,,,1,70,,31795,7509,,,1,32,,31786,7509,,,1,70,,31784,7509,,,1,30,,10589,7509,,,1,70,,31792,7509,,,1,30,,31785,7509,,,1,70,,31787,7509,,,1,31,,31793,7509,,,1,70,,31803,7509,,,1,30,,31788,7509,,,1,70,,31798,7509,,,1,30,,10591,7509,,,1,70,,31781,7509,,,1,30,,31799,7509,,,1,70,,31789,7509,,,1,30,,31782,7509,,,1,70,,31800,7509,,,1,29,,31790,7509,,,1,73,,31783,7509,,,1,30,,31801,7509,,,1,67,,31791,7509,,,1,100,,31804,7509,,,1,100,,31805,7509,,,1,100,,31806,7509,,,1,100,,31807,7509,,,1,99,,31808,7509,,,1,100,,31809,7509,,,1
5400,'SE',702,,31823,7509,,,1,36,,31812,7509,,,1,71,,31822,7509,,,1,34,,31815,7509,,,1,72,,31838,7509,,,1,30,,31835,7509,,,1,70,,31839,7509,,,1,30,,31830,7509,,,1,70,,31827,7509,,,1,30,,31819,7509,,,1,70,,31837,7509,,,1,30,,31811,7509,,,1,71,,31840,7509,,,1,30,,31821,7509,,,1,70,,31814,7509,,,1,30,,31828,7509,,,1,66,,31816,7509,,,1,27,,31826,7509,,,1,70,,31817,7509,,,1,30,,31825,7509,,,1,74,,31829,7509,,,1,23,,31833,7509,,,1,75,,31818,7509,,,1,28,,31841,7509,,,1,75,,31836,7509,,,1,29,,31831,7509,,,1,68,,31810,7509,,,1,30,,31842,7509,,,1,70,,31834,7509,,,1,30,,31813,7509,,,1,68,,31843,7509,,,1,100,,31832,7509,,,1,99,,31820,7509,,,1,100,,31824,7509,,,1
5901,'F7',605,,32173,10028,,,2,30,,32175,10028,,,2,72,,32172,10028,,,2,20,,32176,10028,,,2,20,,32174,10028,,,2,69,,32177,10028,,,2
5901,'SE',605,,32183,10028,,,2,30,,32185,10028,,,2,72,,32182,10028,,,2,20,,32186,10028,,,2,20,,32184,10028,,,2,69,,32187,10028,,,2
7700,'DI',722,,35010,9060,0,21 22 23,1,100,,35013,9060,0,21 22 23,1,100,,35011,9060,0,21 22 23,1,100,,35014,9060,0,21 22 23,1,100,,35012,9060,0,21 22 23,1,100,,35009,9060,0,21 22 23,1,100,,35015,9060,0,21 22 23,1,100,,35018,9060,0,21 22 23,1,100,,35008,9060,0,21 22 23,1,100,,35019,9060,0,21 22 23,1,100,,35020,9060,0,21 22 23,1,100,,35021,9060,0,21 22 23,1,99,,35016,9060,0,21 22 23,1,100,,35022,9060,0,21 22 23,1,100,,35017,9060,0,21 22 23,1
7700,'F1',722,,35026,9060,0,21 22 23,1,100,,35028,9060,0,21 22 23,1,100,,35027,9060,0,21 22 23,1,100,,35029,9060,0,21 22 23,1,100,,35023,9060,0,21 22 23,1,100,,35030,9060,0,21 22 23,1,100,,35031,9060,0,21 22 23,1,97,,35024,9060,0,21 22 23,1,103,,35032,9060,0,21 22 23,1,99,,35034,9060,0,21 22 23,1,101,,35033,9060,0,21 22 23,1,100,,35035,9060,0,21 22 23,1,99,,35036,9060,0,21 22 23,1,100,,35025,9060,0,21 22 23,1,100,,35037,9060,0,21 22 23,1
7700,'F2',722,,35052,9060,0,21 22 23,1,100,,35043,9060,0,21 22 23,1,100,,35039,9060,0,21 22 23,1,100,,35044,9060,0,21 22 23,1,100,,35040,9060,0,21 22 23,1,100,,35042,9060,0,21 22 23,1,100,,35045,9060,0,21 22 23,1,97,,35038,9060,0,21 22 23,1,103,,35046,9060,0,21 22 23,1,99,,35048,9060,0,21 22 23,1,101,,35047,9060,0,21 22 23,1,100,,35049,9060,0,21 22 23,1,99,,35050,9060,0,21 22 23,1,100,,35041,9060,0,21 22 23,1,100,,35051,9060,0,21 22 23,1
7700,'F7',612,,35056,9060,0,21 22 23,1,15,,35057,9060,0,21 22 23,1,20,,35062,9060,0,21 22 23,1,58,,35065,9060,0,21 22 23,1,29,,35068,9060,0,21 22 23,1,23,,35063,9060,0,21 22 23,1,62,,35067,9060,0,21 22 23,1,15,,35058,9060,0,21 22 23,1,71,,35066,9060,0,21 22 23,1,30,,35069,9060,0,21 22 23,1,70,,35064,9060,0,21 22 23,1,30,,35059,9060,0,21 22 23,1,70,,35071,9060,0,21 22 23,1,30,,35070,9060,0,21 22 23,1,70,,35073,9060,0,21 22 23,1,32,,35074,9060,0,21 22 23,1,73,,35072,9060,0,21 22 23,1,30,,35075,9060,0,21 22 23,1,70,,35079,9060,0,21 22 23,1,27,,35081,9060,0,21 22 23,1,20,,35084,9060,0,21 22 23,1,60,,35088,9060,0,21 22 23,1,20,,35076,9060,0,21 22 23,1,5,,35054,9060,0,21 22 23,1,15,,35080,9060,0,21 22 23,1,59,,35060,9060,0,21 22 23,1,18,,35082,9060,0,21 22 23,1,18,,35085,9060,0,21 22 23,1,57,,35089,9060,0,21 22 23,1,18,,35090,9060,0,21 22 23,1,18,,35077,9060,0,21 22 23,1,60,,35061,9060,0,21 22 23,1,18,,35083,9060,0,21 22 23,1,2,,35087,9060,0,21 22 23,1,18,,35086,9060,0,21 22 23,1,16,,35078,9060,0,21 22 23,1,70,,35091,9060,0,21 22 23,1,72,,35093,9060,0,21 22 23,1,31,,35055,9060,0,21 22 23,1,27,,35053,9060,0,21 22 23,1,70,,35092,9060,0,21 22 23,1
7700,'F8',722,,35108,9060,0,21 22 23,1,100,,35099,9060,0,21 22 23,1,100,,35095,9060,0,21 22 23,1,100,,35100,9060,0,21 22 23,1,100,,35096,9060,0,21 22 23,1,100,,35098,9060,0,21 22 23,1,100,,35101,9060,0,21 22 23,1,97,,35094,9060,0,21 22 23,1,103,,35102,9060,0,21 22 23,1,99,,35104,9060,0,21 22 23,1,101,,35103,9060,0,21 22 23,1,100,,35105,9060,0,21 22 23,1,99,,35106,9060,0,21 22 23,1,100,,35097,9060,0,21 22 23,1,100,,35107,9060,0,21 22 23,1
7700,'F9',722,,35111,9060,0,21 22 23,1,100,,35114,9060,0,21 22 23,1,100,,35112,9060,0,21 22 23,1,100,,35115,9060,0,21 22 23,1,100,,35113,9060,0,21 22 23,1,100,,35110,9060,0,21 22 23,1,100,,35116,9060,0,21 22 23,1,100,,35119,9060,0,21 22 23,1,100,,35109,9060,0,21 22 23,1,100,,35120,9060,0,21 22 23,1,100,,35121,9060,0,21 22 23,1,100,,35122,9060,0,21 22 23,1,99,,35117,9060,0,21 22 23,1,100,,35123,9060,0,21 22 23,1,100,,35118,9060,0,21 22 23,1
7700,'SA',722,,35137,9060,0,21 22 23,1,100,,35128,9060,0,21 22 23,1,100,,35125,9060,0,21 22 23,1,100,,35129,9060,0,21 22 23,1,100,,13602,9060,0,21 22 23,1,100,,35127,9060,0,21 22 23,1,100,,35130,9060,0,21 22 23,1,97,,35124,9060,0,21 22 23,1,103,,35131,9060,0,21 22 23,1,99,,35133,9060,0,21 22 23,1,101,,35132,9060,0,21 22 23,1,100,,35134,9060,0,21 22 23,1,99,,35135,9060,0,21 22 23,1,100,,35126,9060,0,21 22 23,1,100,,35136,9060,0,21 22 23,1
7700,'SE',612,,35141,9060,0,21 22 23,1,15,,35142,9060,0,21 22 23,1,20,,35147,9060,0,21 22 23,1,58,,35150,9060,0,21 22 23,1,29,,35153,9060,0,21 22 23,1,23,,35148,9060,0,21 22 23,1,62,,35152,9060,0,21 22 23,1,15,,35143,9060,0,21 22 23,1,71,,35151,9060,0,21 22 23,1,30,,35154,9060,0,21 22 23,1,70,,35149,9060,0,21 22 23,1,30,,35144,9060,0,21 22 23,1,70,,35156,9060,0,21 22 23,1,30,,35155,9060,0,21 22 23,1,70,,35158,9060,0,21 22 23,1,32,,35159,9060,0,21 22 23,1,73,,35157,9060,0,21 22 23,1,30,,35160,9060,0,21 22 23,1,70,,35164,9060,0,21 22 23,1,27,,35166,9060,0,21 22 23,1,20,,35169,9060,0,21 22 23,1,60,,35173,9060,0,21 22 23,1,20,,35161,9060,0,21 22 23,1,5,,35139,9060,0,21 22 23,1,15,,35165,9060,0,21 22 23,1,59,,35145,9060,0,21 22 23,1,18,,35167,9060,0,21 22 23,1,18,,35170,9060,0,21 22 23,1,57,,35174,9060,0,21 22 23,1,18,,13636,9060,0,21 22 23,1,18,,35162,9060,0,21 22 23,1,60,,35146,9060,0,21 22 23,1,18,,35168,9060,0,21 22 23,1,2,,35172,9060,0,21 22 23,1,18,,35171,9060,0,21 22 23,1,16,,35163,9060,0,21 22 23,1,70,,35175,9060,0,21 22 23,1,72,,35177,9060,0,21 22 23,1,31,,35140,9060,0,21 22 23,1,27,,35138,9060,0,21 22 23,1,70,,35176,9060,0,21 22 23,1
