2001,'DI',550,,26482,6970,,,2,100,,26476,6970,,,2,100,,26479,6970,,,2,100,,26483,6970,,,2,100,,26474,6970,,,2,100,,26480,6970,,,2,97,,26484,6970,,,2,103,,26485,6970,,,2,100,,26481,6970,,,2,100,,26486,6970,,,2,100,,26477,6970,,,2,97,,26489,6970,,,2,103,,26490,6970,,,2,100,,26478,6970,,,2,100,,26487,6970,,,2,100,,26475,6970,,,2,100,,26491,6970,,,2,100,,26488,6970,,,2,100,,26492,6970,,,2
2001,'F1',551,,26503,6970,,,2,100,,26511,6970,,,2,100,,26507,6970,,,2,100,,26509,6970,,,2,100,,26508,6970,,,2,100,,5794,6970,,,2,100,,26510,6970,,,2,100,,5797,6970,,,2,100,,26498,6970,,,2,100,,26499,6970,,,2,100,,26496,6970,,,2,96,,26500,6970,,,2,104,,26501,6970,,,2,104,,26502,6970,,,2,96,,26494,6970,,,2,100,,26504,6970,,,2,100,,26505,6970,,,2,100,,26495,6970,,,2,100,,26497,6970,,,2,100,,26506,6970,,,2
2001,'F2',551,,26530,6970,,,2,100,,26532,6970,,,2,100,,26525,6970,,,2,100,,26522,6970,,,2,100,,26516,6970,,,2,100,,26518,6970,,,2,100,,26517,6970,,,2,100,,26526,6970,,,2,100,,26519,6970,,,2,100,,26520,6970,,,2,100,,26531,6970,,,2,96,,26527,6970,,,2,104,,26528,6970,,,2,104,,26529,6970,,,2,96,,26514,6970,,,2,100,,26523,6970,,,2,100,,26521,6970,,,2,100,,26513,6970,,,2,100,,26533,6970,,,2,100,,26524,6970,,,2
2001,'F7',537,,26566,6970,,,2,76,,26554,6970,,,2,20,,26588,6970,,,2,16,,26544,6970,,,2,9,,26567,6970,,,2,49,,26580,6970,,,2,9,,26570,6970,,,2,9,,26557,6970,,,2,4,,26555,6970,,,2,14,,26556,6970,,,2,10,,26552,6970,,,2,48,,26574,6970,,,2,10,,26536,6970,,,2,9,,26543,6970,,,2,6,,26537,6970,,,2,14,,26558,6970,,,2,71,,26553,6970,,,2,31,,26583,6970,,,2,70,,26535,6970,,,2,31,,26577,6970,,,2,70,,26545,6970,,,2,30,,26581,6970,,,2,70,,26540,6970,,,2,30,,26573,6970,,,2,70,,26546,6970,,,2,30,,26584,6970,,,2,70,,26541,6970,,,2,30,,26572,6970,,,2,70,,26547,6970,,,2,31,,26559,6970,,,2,61,,26561,6970,,,2,17,,26549,6970,,,2,15,,26539,6970,,,2,15,,26550,6970,,,2,55,,26575,6970,,,2,17,,26562,6970,,,2,11,,26582,6970,,,2,13,,26563,6970,,,2,9,,26565,6970,,,2,52,,26560,6970,,,2,13,,26576,6970,,,2,10,,26548,6970,,,2,14,,26586,6970,,,2,13,,26564,6970,,,2,55,,26579,6970,,,2,28,,26534,6970,,,2,70,,26578,6970,,,2,30,,26587,6970,,,2,70,,26551,6970,,,2,30,,26585,6970,,,2,70,,26568,6970,,,2,100,,26542,6970,,,2,100,,26569,6970,,,2,100,,26538,6970,,,2
2001,'F8',551,,26606,6970,,,2,100,,26608,6970,,,2,100,,26601,6970,,,2,100,,26598,6970,,,2,100,,26592,6970,,,2,100,,26594,6970,,,2,100,,26593,6970,,,2,100,,26602,6970,,,2,100,,26595,6970,,,2,100,,26596,6970,,,2,100,,26607,6970,,,2,96,,26603,6970,,,2,104,,26604,6970,,,2,104,,26605,6970,,,2,96,,26590,6970,,,2,100,,26599,6970,,,2,100,,26597,6970,,,2,100,,26589,6970,,,2,100,,26609,6970,,,2,100,,26600,6970,,,2
2001,'F9',550,,26618,6970,,,2,100,,26612,6970,,,2,100,,26615,6970,,,2,100,,26619,6970,,,2,100,,26610,6970,,,2,100,,26616,6970,,,2,97,,26620,6970,,,2,103,,26621,6970,,,2,100,,26617,6970,,,2,100,,26622,6970,,,2,100,,26613,6970,,,2,97,,26625,6970,,,2,103,,26626,6970,,,2,100,,26614,6970,,,2,100,,26623,6970,,,2,100,,26611,6970,,,2,100,,26627,6970,,,2,100,,26624,6970,,,2,100,,26628,6970,,,2
2001,'SA',551,,26646,6970,,,2,100,,26648,6970,,,2,100,,5908,6970,,,2,100,,26639,6970,,,2,100,,26633,6970,,,2,100,,26635,6970,,,2,100,,26634,6970,,,2,100,,26642,6970,,,2,100,,26636,6970,,,2,100,,26637,6970,,,2,100,,26647,6970,,,2,96,,26643,6970,,,2,104,,26644,6970,,,2,104,,26645,6970,,,2,96,,26631,6970,,,2,100,,26640,6970,,,2,100,,26638,6970,,,2,100,,26630,6970,,,2,100,,26649,6970,,,2,100,,26641,6970,,,2
2001,'SE',537,,26682,6970,,,2,76,,26670,6970,,,2,20,,26704,6970,,,2,16,,26660,6970,,,2,9,,26683,6970,,,2,49,,26696,6970,,,2,9,,26686,6970,,,2,9,,26673,6970,,,2,4,,26671,6970,,,2,14,,26672,6970,,,2,10,,26668,6970,,,2,48,,26690,6970,,,2,10,,26652,6970,,,2,9,,26659,6970,,,2,6,,26653,6970,,,2,14,,26674,6970,,,2,71,,26669,6970,,,2,31,,26699,6970,,,2,70,,26651,6970,,,2,31,,26693,6970,,,2,70,,26661,6970,,,2,30,,26697,6970,,,2,70,,26656,6970,,,2,30,,26689,6970,,,2,70,,26662,6970,,,2,30,,26700,6970,,,2,70,,26657,6970,,,2,30,,26688,6970,,,2,70,,26663,6970,,,2,31,,26675,6970,,,2,61,,26677,6970,,,2,17,,26665,6970,,,2,15,,26655,6970,,,2,15,,26666,6970,,,2,55,,26691,6970,,,2,17,,26678,6970,,,2,11,,26698,6970,,,2,13,,26679,6970,,,2,9,,26681,6970,,,2,52,,26676,6970,,,2,13,,26692,6970,,,2,10,,26664,6970,,,2,14,,26702,6970,,,2,13,,26680,6970,,,2,55,,26695,6970,,,2,28,,26650,6970,,,2,70,,26694,6970,,,2,30,,26703,6970,,,2,70,,26667,6970,,,2,30,,26701,6970,,,2,70,,26684,6970,,,2,100,,26658,6970,,,2,100,,26685,6970,,,2,100,,26654,6970,,,2
57000,'F7',1625,,40725,14407,,,2
57000,'SE',1625,,40726,14407,,,2
