1600,'DI',624,,4261,5636,0,8,2,30,,4231,5636,0,8,2,70,,4262,5636,0,8,2,30,,4232,5636,0,8,2,70,,4237,5636,0,8,2,30,,4233,5636,0,8,2,70,,4238,5636,0,8,2,30,,4234,5636,0,8,2,70,,4239,5636,0,8,2,30,,4235,5636,0,8,2,70,,4240,5636,0,8,2,28,,4236,5636,0,8,2,72,,4241,5636,0,8,2,33,,4230,5636,0,8,2,67,,4242,5636,0,8,2,30,,4255,5636,0,8,2,70,,4243,5636,0,8,2,30,,4256,5636,0,8,2,70,,4244,5636,0,8,2,30,,4257,5636,0,8,2,70,,4245,5636,0,8,2,30,,4258,5636,0,8,2,70,,4246,5636,0,8,2,31,,4259,5636,0,8,2,69,,4247,5636,0,8,2,100,,4248,5636,0,8,2,100,,4249,5636,0,8,2,100,,4250,5636,0,8,2,100,,4251,5636,0,8,2,100,,4252,5636,0,8,2,100,,4253,5636,0,8,2,100,,4254,5636,0,8,2
1600,'F1',624,,4264,5636,0,8,2,28,,4282,5636,0,8,2,72,,4265,5636,0,8,2,30,,4283,5636,0,8,2,70,,4266,5636,0,8,2,30,,4284,5636,0,8,2,70,,4267,5636,0,8,2,30,,4285,5636,0,8,2,70,,4268,5636,0,8,2,30,,4286,5636,0,8,2,70,,4269,5636,0,8,2,30,,4287,5636,0,8,2,70,,4270,5636,0,8,2,30,,4288,5636,0,8,2,70,,4271,5636,0,8,2,30,,4289,5636,0,8,2,70,,4272,5636,0,8,2,30,,4290,5636,0,8,2,70,,4273,5636,0,8,2,30,,4291,5636,0,8,2,70,,4275,5636,0,8,2,27,,4292,5636,0,8,2,73,,4276,5636,0,8,2,35,,4274,5636,0,8,2,65,,4277,5636,0,8,2,100,,4278,5636,0,8,2,100,,4279,5636,0,8,2,100,,4280,5636,0,8,2,100,,4281,5636,0,8,2,100,,4293,5636,0,8,2,100,,4294,5636,0,8,2,100,,4295,5636,0,8,2
1600,'F7',624,,4327,5636,0,8,2,30,,4297,5636,0,8,2,70,,4328,5636,0,8,2,30,,4298,5636,0,8,2,70,,4303,5636,0,8,2,30,,4299,5636,0,8,2,70,,4304,5636,0,8,2,30,,4300,5636,0,8,2,70,,4305,5636,0,8,2,30,,4301,5636,0,8,2,70,,4306,5636,0,8,2,28,,4302,5636,0,8,2,72,,4307,5636,0,8,2,33,,4296,5636,0,8,2,67,,4308,5636,0,8,2,30,,4321,5636,0,8,2,70,,4309,5636,0,8,2,30,,4322,5636,0,8,2,70,,4310,5636,0,8,2,30,,4323,5636,0,8,2,70,,4311,5636,0,8,2,30,,4324,5636,0,8,2,70,,4312,5636,0,8,2,31,,4325,5636,0,8,2,69,,4313,5636,0,8,2,100,,4314,5636,0,8,2,100,,4315,5636,0,8,2,100,,4316,5636,0,8,2,100,,4317,5636,0,8,2,100,,4318,5636,0,8,2,100,,4319,5636,0,8,2,100,,4320,5636,0,8,2
1600,'F8',555,,4342,5636,0,8,2,68,,4349,5636,0,8,2,12,,4332,5636,0,8,2,14,,4345,5636,0,8,2,59,,4351,5636,0,8,2,12,,4331,5636,0,8,2,11,,4334,5636,0,8,2,10,,4333,5636,0,8,2,9,,4350,5636,0,8,2,9,,4346,5636,0,8,2,55,,4382,5636,0,8,2,14,,4386,5636,0,8,2,27,,4330,5636,0,8,2,70,,4370,5636,0,8,2,30,,4375,5636,0,8,2,70,,4344,5636,0,8,2,30,,4341,5636,0,8,2,70,,4384,5636,0,8,2,30,,4347,5636,0,8,2,70,,4383,5636,0,8,2,30,,4376,5636,0,8,2,70,,4329,5636,0,8,2,30,,4377,5636,0,8,2,70,,4336,5636,0,8,2,19,,4371,5636,0,8,2,58,,4337,5636,0,8,2,15,,4360,5636,0,8,2,15,,4364,5636,0,8,2,15,,4379,5636,0,8,2,55,,4362,5636,0,8,2,12,,4390,5636,0,8,2,12,,4385,5636,0,8,2,12,,4366,5636,0,8,2,12,,4367,5636,0,8,2,52,,4339,5636,0,8,2,12,,4363,5636,0,8,2,12,,4368,5636,0,8,2,12,,4361,5636,0,8,2,11,,4338,5636,0,8,2,53,,4378,5636,0,8,2,14,,4365,5636,0,8,2,20,,4369,5636,0,8,2,20,,4335,5636,0,8,2,69,,4353,5636,0,8,2,30,,4387,5636,0,8,2,69,,4354,5636,0,8,2,30,,4388,5636,0,8,2,70,,4355,5636,0,8,2,30,,4389,5636,0,8,2,70,,4356,5636,0,8,2,100,,4357,5636,0,8,2,100,,4358,5636,0,8,2,99,,4359,5636,0,8,2
1600,'F9',624,,4392,5636,0,8,2,28,,4410,5636,0,8,2,72,,4393,5636,0,8,2,30,,4411,5636,0,8,2,70,,4394,5636,0,8,2,30,,4412,5636,0,8,2,70,,4395,5636,0,8,2,30,,4413,5636,0,8,2,70,,4396,5636,0,8,2,30,,4414,5636,0,8,2,70,,4397,5636,0,8,2,30,,4415,5636,0,8,2,70,,4398,5636,0,8,2,30,,4416,5636,0,8,2,70,,4399,5636,0,8,2,30,,4417,5636,0,8,2,70,,4400,5636,0,8,2,30,,4418,5636,0,8,2,70,,4401,5636,0,8,2,30,,4419,5636,0,8,2,70,,4403,5636,0,8,2,27,,4420,5636,0,8,2,73,,4404,5636,0,8,2,35,,4402,5636,0,8,2,65,,4405,5636,0,8,2,100,,4406,5636,0,8,2,100,,4407,5636,0,8,2,100,,4408,5636,0,8,2,100,,4409,5636,0,8,2,100,,4421,5636,0,8,2,100,,4422,5636,0,8,2,100,,4423,5636,0,8,2
1600,'SA',624,,4425,5636,0,8,2,28,,4443,5636,0,8,2,72,,4426,5636,0,8,2,30,,4444,5636,0,8,2,70,,4427,5636,0,8,2,30,,4445,5636,0,8,2,70,,4428,5636,0,8,2,30,,4446,5636,0,8,2,70,,4429,5636,0,8,2,30,,4447,5636,0,8,2,70,,4430,5636,0,8,2,30,,4448,5636,0,8,2,70,,4431,5636,0,8,2,30,,4449,5636,0,8,2,70,,4432,5636,0,8,2,30,,4450,5636,0,8,2,70,,4433,5636,0,8,2,30,,4451,5636,0,8,2,70,,4434,5636,0,8,2,30,,4452,5636,0,8,2,70,,4436,5636,0,8,2,27,,4453,5636,0,8,2,73,,4437,5636,0,8,2,35,,4435,5636,0,8,2,65,,4438,5636,0,8,2,100,,4439,5636,0,8,2,100,,4440,5636,0,8,2,100,,4441,5636,0,8,2,100,,4442,5636,0,8,2,100,,4454,5636,0,8,2,100,,4455,5636,0,8,2,100,,4456,5636,0,8,2
1600,'SE',555,,4470,5636,0,8,2,68,,4477,5636,0,8,2,12,,4460,5636,0,8,2,14,,4473,5636,0,8,2,59,,4479,5636,0,8,2,12,,4459,5636,0,8,2,11,,4462,5636,0,8,2,10,,4461,5636,0,8,2,9,,4478,5636,0,8,2,9,,4474,5636,0,8,2,55,,4510,5636,0,8,2,14,,4514,5636,0,8,2,27,,4458,5636,0,8,2,70,,4498,5636,0,8,2,30,,4503,5636,0,8,2,70,,4472,5636,0,8,2,30,,4469,5636,0,8,2,70,,4512,5636,0,8,2,30,,4475,5636,0,8,2,70,,4511,5636,0,8,2,30,,4504,5636,0,8,2,70,,4457,5636,0,8,2,30,,4505,5636,0,8,2,70,,4464,5636,0,8,2,19,,4499,5636,0,8,2,58,,4465,5636,0,8,2,15,,4488,5636,0,8,2,15,,4492,5636,0,8,2,15,,4507,5636,0,8,2,55,,4490,5636,0,8,2,12,,4518,5636,0,8,2,12,,4513,5636,0,8,2,12,,4494,5636,0,8,2,12,,4495,5636,0,8,2,52,,4467,5636,0,8,2,12,,4491,5636,0,8,2,12,,4496,5636,0,8,2,12,,4489,5636,0,8,2,11,,4466,5636,0,8,2,53,,4506,5636,0,8,2,14,,4493,5636,0,8,2,20,,4497,5636,0,8,2,20,,4463,5636,0,8,2,69,,4481,5636,0,8,2,30,,4515,5636,0,8,2,69,,4482,5636,0,8,2,30,,4516,5636,0,8,2,70,,4483,5636,0,8,2,30,,4517,5636,0,8,2,70,,4484,5636,0,8,2,100,,4485,5636,0,8,2,100,,4486,5636,0,8,2,99,,4487,5636,0,8,2
57200,'F8',1600,,18838,3609,,,2
57200,'SE',1600,,18839,3609,,,2
61600,'F8',1459,,18886,1620,,,2,41,,18887,1620,,,2
61600,'SE',1459,,18888,1620,,,2,41,,18889,1620,,,2
