2101,'DI',606,,6297,9403,,,1,30,,6302,9403,,,1,70,,6324,9403,,,1,29,,6318,9403,,,1,70,,6321,9403,,,1,30,,6310,9403,,,1,71,,6315,9403,,,1,30,,6325,9403,,,1,70,,6298,9403,,,1,27,,6292,9403,,,1,73,,6323,9403,,,1,30,,6322,9403,,,1,72,,6303,9403,,,1,30,,6319,9403,,,1,71,,6316,9403,,,1,33,,6293,9403,,,1,70,,6299,9403,,,1,30,,6317,9403,,,1,70,,6320,9403,,,1,30,,6294,9403,,,1,70,,6300,9403,,,1,30,,6311,9403,,,1,70,,6306,9403,,,1,30,,6295,9403,,,1,70,,6305,9403,,,1,30,,6312,9403,,,1,67,,6307,9403,,,1,27,,6296,9403,,,1,70,,6286,9403,,,1,30,,6290,9403,,,1,70,,6288,9403,,,1,30,,6313,9403,,,1,70,,6314,9403,,,1,30,,6308,9403,,,1,70,,6304,9403,,,1,30,,6289,9403,,,1,70,,6291,9403,,,1,30,,6309,9403,,,1
2101,'F1',606,,6326,9403,,,1,30,,6334,9403,,,1,70,,6345,9403,,,1,30,,6356,9403,,,1,71,,6344,9403,,,1,30,,6350,9403,,,1,70,,6341,9403,,,1,30,,6346,9403,,,1,70,,6359,9403,,,1,25,,6351,9403,,,1,71,,6327,9403,,,1,34,,6357,9403,,,1,73,,6352,9403,,,1,26,,6347,9403,,,1,74,,6360,9403,,,1,32,,6330,9403,,,1,70,,6353,9403,,,1,30,,6358,9403,,,1,70,,6362,9403,,,1,30,,6331,9403,,,1,70,,6354,9403,,,1,30,,6348,9403,,,1,70,,6363,9403,,,1,30,,6332,9403,,,1,70,,6355,9403,,,1,30,,6349,9403,,,1,67,,6364,9403,,,1,27,,6333,9403,,,1,70,,6335,9403,,,1,30,,6340,9403,,,1,70,,6338,9403,,,1,30,,6337,9403,,,1,70,,6342,9403,,,1,30,,6336,9403,,,1,70,,6328,9403,,,1,30,,6339,9403,,,1,70,,6361,9403,,,1,30,,6343,9403,,,1,70,,6365,9403,,,1
2101,'F7',606,,6377,9403,,,1,30,,6382,9403,,,1,70,,6404,9403,,,1,29,,6398,9403,,,1,70,,6401,9403,,,1,30,,6390,9403,,,1,71,,6395,9403,,,1,30,,6405,9403,,,1,70,,6378,9403,,,1,27,,6372,9403,,,1,73,,6403,9403,,,1,30,,6402,9403,,,1,72,,6383,9403,,,1,30,,6399,9403,,,1,71,,6396,9403,,,1,33,,6373,9403,,,1,70,,6379,9403,,,1,30,,6397,9403,,,1,70,,6400,9403,,,1,30,,6374,9403,,,1,70,,6380,9403,,,1,30,,6391,9403,,,1,70,,6386,9403,,,1,30,,6375,9403,,,1,70,,6385,9403,,,1,30,,6392,9403,,,1,67,,6387,9403,,,1,27,,6376,9403,,,1,70,,6366,9403,,,1,30,,6370,9403,,,1,70,,6368,9403,,,1,30,,6393,9403,,,1,70,,6394,9403,,,1,30,,6388,9403,,,1,70,,6384,9403,,,1,30,,6369,9403,,,1,70,,6371,9403,,,1,30,,6389,9403,,,1
2101,'F8',502,,6409,9403,,,1,46,,6408,9403,,,1,66,,6438,9403,,,1,15,,6439,9403,,,1,15,,6433,9403,,,1,14,,6434,9403,,,1,50,,6432,9403,,,1,10,,6444,9403,,,1,13,,6435,9403,,,1,10,,6441,9403,,,1,10,,6437,9403,,,1,50,,6442,9403,,,1,13,,6440,9403,,,1,18,,6448,9403,,,1,17,,6449,9403,,,1,63,,6445,9403,,,1,15,,6436,9403,,,1,20,,6413,9403,,,1,61,,6410,9403,,,1,27,,6406,9403,,,1,74,,6407,9403,,,1,30,,6419,9403,,,1,70,,6411,9403,,,1,32,,6421,9403,,,1,73,,6429,9403,,,1,30,,6423,9403,,,1,70,,6412,9403,,,1,36,,6414,9403,,,1,65,,6455,9403,,,1,30,,6446,9403,,,1,73,,6454,9403,,,1,15,,6447,9403,,,1,15,,6443,9403,,,1,55,,6450,9403,,,1,15,,6451,9403,,,1,18,,6452,9403,,,1,19,,6453,9403,,,1,57,,6415,9403,,,1,20,,6430,9403,,,1,26,,6427,9403,,,1,67,,6424,9403,,,1,25,,6420,9403,,,1,70,,6426,9403,,,1,30,,6422,9403,,,1,69,,6428,9403,,,1,30,,6416,9403,,,1,70,,6431,9403,,,1,98,,6417,9403,,,1,97,,6425,9403,,,1
2101,'F9',606,,6456,9403,,,1,30,,6464,9403,,,1,70,,6475,9403,,,1,30,,6486,9403,,,1,71,,6474,9403,,,1,30,,6480,9403,,,1,70,,6471,9403,,,1,30,,6476,9403,,,1,70,,6489,9403,,,1,25,,6481,9403,,,1,71,,6457,9403,,,1,34,,6487,9403,,,1,73,,6482,9403,,,1,26,,6477,9403,,,1,74,,6490,9403,,,1,32,,6460,9403,,,1,70,,6483,9403,,,1,30,,6488,9403,,,1,70,,6492,9403,,,1,30,,6461,9403,,,1,70,,6484,9403,,,1,30,,6478,9403,,,1,70,,6493,9403,,,1,30,,6462,9403,,,1,70,,6485,9403,,,1,30,,6479,9403,,,1,67,,6494,9403,,,1,27,,6463,9403,,,1,70,,6465,9403,,,1,30,,6470,9403,,,1,70,,6468,9403,,,1,30,,6467,9403,,,1,70,,6472,9403,,,1,30,,6466,9403,,,1,70,,6458,9403,,,1,30,,6469,9403,,,1,70,,6491,9403,,,1,30,,6473,9403,,,1,70,,6495,9403,,,1
2101,'SA',606,,6496,9403,,,1,30,,6504,9403,,,1,70,,6515,9403,,,1,30,,6526,9403,,,1,71,,6514,9403,,,1,30,,6520,9403,,,1,70,,6511,9403,,,1,30,,6516,9403,,,1,70,,6529,9403,,,1,25,,6521,9403,,,1,71,,6497,9403,,,1,34,,6527,9403,,,1,73,,6522,9403,,,1,26,,6517,9403,,,1,74,,6530,9403,,,1,32,,6500,9403,,,1,70,,6523,9403,,,1,30,,6528,9403,,,1,70,,6532,9403,,,1,30,,6501,9403,,,1,70,,6524,9403,,,1,30,,6518,9403,,,1,70,,6533,9403,,,1,30,,6502,9403,,,1,70,,6525,9403,,,1,30,,6519,9403,,,1,67,,6534,9403,,,1,27,,6503,9403,,,1,70,,6505,9403,,,1,30,,6510,9403,,,1,70,,6508,9403,,,1,30,,6507,9403,,,1,70,,6512,9403,,,1,30,,6506,9403,,,1,70,,6498,9403,,,1,30,,6509,9403,,,1,70,,6531,9403,,,1,30,,6513,9403,,,1,70,,6535,9403,,,1
2101,'SE',502,,6539,9403,,,1,46,,6538,9403,,,1,66,,6568,9403,,,1,15,,6569,9403,,,1,15,,6563,9403,,,1,14,,6564,9403,,,1,50,,6562,9403,,,1,10,,6574,9403,,,1,13,,6565,9403,,,1,10,,6571,9403,,,1,10,,6567,9403,,,1,50,,6572,9403,,,1,13,,6570,9403,,,1,18,,6578,9403,,,1,17,,6579,9403,,,1,63,,6575,9403,,,1,15,,6566,9403,,,1,20,,6543,9403,,,1,61,,6540,9403,,,1,27,,6536,9403,,,1,74,,6537,9403,,,1,30,,6549,9403,,,1,70,,6541,9403,,,1,32,,6551,9403,,,1,73,,6559,9403,,,1,30,,6553,9403,,,1,70,,6542,9403,,,1,36,,6544,9403,,,1,65,,6585,9403,,,1,30,,6576,9403,,,1,73,,6584,9403,,,1,15,,6577,9403,,,1,15,,6573,9403,,,1,55,,6580,9403,,,1,15,,6581,9403,,,1,18,,6582,9403,,,1,19,,6583,9403,,,1,57,,6545,9403,,,1,20,,6560,9403,,,1,26,,6557,9403,,,1,67,,6554,9403,,,1,25,,6550,9403,,,1,70,,6556,9403,,,1,30,,6552,9403,,,1,69,,6558,9403,,,1,30,,6546,9403,,,1,70,,6561,9403,,,1,98,,6547,9403,,,1,97,,6555,9403,,,1
50300,'F8',1621,,18734,2225,,,2
50300,'SE',1621,,18735,2225,,,2
60100,'F8',1605,,18850,2311,,,2
60100,'SE',1605,,18851,2311,,,2
