6101,'DI',705,,11370,3328,,,2,30,,11367,3328,,,2,72,,11373,3328,,,2,17,,11371,3328,,,2,30,,11368,3328,,,2,70,,11374,3328,,,2,30,,11372,3328,,,2,70,,11369,3328,,,2,30,,11375,3328,,,2,70,,11376,3328,,,2,30,,11380,3328,,,2,70,,11384,3328,,,2,30,,11377,3328,,,2,70,,11381,3328,,,2,30,,11385,3328,,,2,70,,11378,3328,,,2,30,,11382,3328,,,2,70,,11386,3328,,,2,30,,11379,3328,,,2,74,,11383,3328,,,2,21,,11387,3328,,,2,75,,11389,3328,,,2,20,,11392,3328,,,2,80,,11388,3328,,,2,25,,11390,3328,,,2,70,,11393,3328,,,2,85,,11391,3328,,,2,100,,11394,3328,,,2,100,,11395,3328,,,2,100,,11396,3328,,,2,100,,11397,3328,,,2,100,,11398,3328,,,2
6101,'F1',705,,11402,3328,,,2,30,,11399,3328,,,2,72,,11405,3328,,,2,17,,11403,3328,,,2,30,,11400,3328,,,2,70,,11406,3328,,,2,30,,11404,3328,,,2,70,,11401,3328,,,2,30,,11407,3328,,,2,70,,11408,3328,,,2,30,,11412,3328,,,2,70,,11414,3328,,,2,30,,11409,3328,,,2,70,,11413,3328,,,2,30,,11415,3328,,,2,70,,11410,3328,,,2,30,,11416,3328,,,2,70,,11420,3328,,,2,30,,11411,3328,,,2,74,,11417,3328,,,2,21,,11421,3328,,,2,75,,11423,3328,,,2,20,,11418,3328,,,2,80,,11422,3328,,,2,25,,11424,3328,,,2,70,,11419,3328,,,2,85,,11425,3328,,,2,100,,11427,3328,,,2,100,,11426,3328,,,2,100,,11429,3328,,,2,100,,11428,3328,,,2,100,,11430,3328,,,2
6101,'F7',705,,11434,3328,,,2,30,,11431,3328,,,2,72,,11437,3328,,,2,17,,11435,3328,,,2,30,,11432,3328,,,2,70,,11438,3328,,,2,30,,11436,3328,,,2,70,,11433,3328,,,2,30,,11439,3328,,,2,70,,11440,3328,,,2,30,,11444,3328,,,2,70,,11448,3328,,,2,30,,11441,3328,,,2,70,,11445,3328,,,2,30,,11449,3328,,,2,70,,11442,3328,,,2,30,,11446,3328,,,2,70,,11450,3328,,,2,30,,11443,3328,,,2,74,,11447,3328,,,2,21,,11451,3328,,,2,75,,11453,3328,,,2,20,,11456,3328,,,2,80,,11452,3328,,,2,25,,11454,3328,,,2,70,,11457,3328,,,2,85,,11455,3328,,,2,100,,11458,3328,,,2,100,,11459,3328,,,2,100,,11460,3328,,,2,100,,11461,3328,,,2,100,,11462,3328,,,2
6101,'F8',543,,11512,3328,,,2,70,,11514,3328,,,2,10,,11467,3328,,,2,14,,11470,3328,,,2,9,,11464,3328,,,2,54,,11473,3328,,,2,14,,11463,3328,,,2,7,,11477,3328,,,2,20,,11471,3328,,,2,9,,11476,3328,,,2,59,,11468,3328,,,2,24,,11465,3328,,,2,22,,11474,3328,,,2,55,,11478,3328,,,2,36,,11469,3328,,,2,70,,11466,3328,,,2,30,,11475,3328,,,2,72,,11513,3328,,,2,30,,11472,3328,,,2,70,,11479,3328,,,2,30,,11483,3328,,,2,70,,11480,3328,,,2,30,,11481,3328,,,2,73,,11485,3328,,,2,21,,11487,3328,,,2,67,,11490,3328,,,2,23,,11482,3328,,,2,20,,11484,3328,,,2,64,,11492,3328,,,2,4,,11494,3328,,,2,25,,11488,3328,,,2,7,,11489,3328,,,2,54,,11495,3328,,,2,13,,11496,3328,,,2,14,,11486,3328,,,2,15,,11499,3328,,,2,6,,11502,3328,,,2,56,,11493,3328,,,2,14,,11491,3328,,,2,24,,11504,3328,,,2,64,,11497,3328,,,2,28,,11507,3328,,,2,69,,11510,3328,,,2,30,,11500,3328,,,2,69,,11503,3328,,,2,30,,11511,3328,,,2,70,,11498,3328,,,2,29,,11508,3328,,,2,70,,11505,3328,,,2,29,,11501,3328,,,2,68,,11509,3328,,,2,30,,11506,3328,,,2
6101,'F9',705,,11518,3328,,,2,30,,11515,3328,,,2,72,,11521,3328,,,2,17,,11519,3328,,,2,30,,11516,3328,,,2,70,,11522,3328,,,2,30,,11520,3328,,,2,70,,11517,3328,,,2,30,,11523,3328,,,2,70,,11524,3328,,,2,30,,11528,3328,,,2,70,,11530,3328,,,2,30,,11525,3328,,,2,70,,11529,3328,,,2,30,,11531,3328,,,2,70,,11526,3328,,,2,30,,11532,3328,,,2,70,,11536,3328,,,2,30,,11527,3328,,,2,74,,11533,3328,,,2,21,,11537,3328,,,2,75,,11539,3328,,,2,20,,11534,3328,,,2,80,,11538,3328,,,2,25,,11540,3328,,,2,70,,11535,3328,,,2,85,,11541,3328,,,2,100,,11543,3328,,,2,100,,11542,3328,,,2,100,,11545,3328,,,2,100,,11544,3328,,,2,100,,11546,3328,,,2
6101,'SA',705,,11550,3328,,,2,30,,11547,3328,,,2,72,,11553,3328,,,2,17,,11551,3328,,,2,30,,11548,3328,,,2,70,,11554,3328,,,2,30,,11552,3328,,,2,70,,11549,3328,,,2,30,,11555,3328,,,2,70,,11556,3328,,,2,30,,11560,3328,,,2,70,,11562,3328,,,2,30,,11557,3328,,,2,70,,11561,3328,,,2,30,,11563,3328,,,2,70,,11558,3328,,,2,30,,11564,3328,,,2,70,,11568,3328,,,2,30,,11559,3328,,,2,74,,11565,3328,,,2,21,,11569,3328,,,2,75,,11571,3328,,,2,20,,11566,3328,,,2,80,,11570,3328,,,2,25,,11572,3328,,,2,70,,11567,3328,,,2,85,,11573,3328,,,2,100,,11575,3328,,,2,100,,11574,3328,,,2,100,,11577,3328,,,2,100,,11576,3328,,,2,100,,11578,3328,,,2
6101,'SE',543,,11628,3328,,,2,70,,11630,3328,,,2,10,,11583,3328,,,2,14,,11586,3328,,,2,9,,11580,3328,,,2,54,,11589,3328,,,2,14,,11579,3328,,,2,7,,11593,3328,,,2,20,,11587,3328,,,2,9,,11592,3328,,,2,59,,11584,3328,,,2,24,,11581,3328,,,2,22,,11590,3328,,,2,55,,11594,3328,,,2,36,,11585,3328,,,2,70,,11582,3328,,,2,30,,11591,3328,,,2,72,,11629,3328,,,2,30,,11588,3328,,,2,70,,11595,3328,,,2,30,,11599,3328,,,2,70,,11596,3328,,,2,30,,11597,3328,,,2,73,,11601,3328,,,2,21,,11603,3328,,,2,67,,11606,3328,,,2,23,,11598,3328,,,2,20,,11600,3328,,,2,64,,11608,3328,,,2,4,,11610,3328,,,2,25,,11604,3328,,,2,7,,11605,3328,,,2,54,,11611,3328,,,2,13,,11612,3328,,,2,14,,11602,3328,,,2,15,,11615,3328,,,2,6,,11618,3328,,,2,56,,11609,3328,,,2,14,,11607,3328,,,2,24,,11620,3328,,,2,64,,11613,3328,,,2,28,,11623,3328,,,2,69,,11626,3328,,,2,30,,11616,3328,,,2,69,,11619,3328,,,2,30,,11627,3328,,,2,70,,11614,3328,,,2,29,,11624,3328,,,2,70,,11621,3328,,,2,29,,11617,3328,,,2,68,,11625,3328,,,2,30,,11622,3328,,,2
8200,'F8',1554,,14468,15152,0,9 14,2,70,,14465,15152,0,9 14,2,27,,14464,15152,0,9 14,2,64,,14466,15152,0,9 14,2,24,,14463,15152,0,9 14,2,70,,14467,15152,0,9 14,2,30,,14469,15152,0,9 14,2,65,,14470,15152,0,9 14,2
8200,'SE',1554,,14483,15152,0,9 14,2,70,,14480,15152,0,9 14,2,27,,14479,15152,0,9 14,2,64,,14481,15152,0,9 14,2,24,,14478,15152,0,9 14,2,70,,14482,15152,0,9 14,2,30,,14484,15152,0,9 14,2,65,,14485,15152,0,9 14,2
8201,'F8',643,,14492,3931,,,2,70,,14489,3931,,,2,30,,14487,3931,,,2,66,,14490,3931,,,2,26,,14488,3931,,,2,70,,14491,3931,,,2,20,,14486,3931,,,2
8201,'SE',643,,14507,3931,,,2,70,,14504,3931,,,2,30,,14502,3931,,,2,66,,14505,3931,,,2,26,,14503,3931,,,2,70,,14506,3931,,,2,20,,14501,3931,,,2
8700,'F8',1657,,14994,32741,,,2,143,,14995,32741,,,2
8700,'SE',1657,,14996,32741,,,2,143,,14997,32741,,,2
8701,'F8',621,,14999,3328,,,2,30,,14998,3328,,,2
8701,'SE',621,,15001,3328,,,2,30,,15000,3328,,,2
