1400,'F8',639,,3793,13791,,,1,17,,3792,13791,,,1,66,,3787,13791,,,1,13,,3790,13791,,,1,17,,3791,13791,,,1,58,,3789,13791,,,1,30,,3786,13791,,,1,60,,3788,13791,,,1,52,,3795,11543,,,1,100,,3808,11543,,,1,100,,3797,11543,,,1,100,,3798,11543,,,1,100,,3807,11543,,,1,100,,3804,11543,,,1,150,,3796,11543,,,1,13,,3803,11543,,,1,18,,3799,11543,,,1,15,,3806,11543,,,1,61,,3802,11543,,,1,18,,3805,11543,,,1,21,,3800,11543,,,1,58,,3794,11543,,,1,29,,3801,11543,,,1
1400,'SE',639,,3816,13791,,,1,17,,3815,13791,,,1,66,,3810,13791,,,1,13,,3813,13791,,,1,17,,3814,13791,,,1,58,,3812,13791,,,1,30,,3809,13791,,,1,60,,3811,13791,,,1,52,,3818,11543,,,1,100,,3831,11543,,,1,100,,3820,11543,,,1,100,,3821,11543,,,1,100,,3830,11543,,,1,100,,3827,11543,,,1,150,,3819,11543,,,1,13,,3826,11543,,,1,18,,3822,11543,,,1,15,,3829,11543,,,1,61,,3825,11543,,,1,18,,3828,11543,,,1,21,,3823,11543,,,1,58,,3817,11543,,,1,29,,3824,11543,,,1
4701,'DI',707,,9596,8444,,,1,100,,9587,8444,,,1,100,,9598,8444,,,1,100,,9588,8444,,,1,100,,9599,8444,,,1,100,,9589,8444,,,1,100,,9584,8444,,,1,100,,9590,8444,,,1,104,,9583,8444,,,1,91,,9591,8444,,,1,108,,9592,8444,,,1,101,,9593,8444,,,1,95,,9597,8444,,,1,96,,9585,8444,,,1,100,,9600,8444,,,1,99,,9594,8444,,,1,100,,9586,8444,,,1,100,,9601,8444,,,1,100,,9595,8444,,,1
4701,'F1',707,,9617,8444,,,1,103,,9607,8444,,,1,101,,9614,8444,,,1,96,,9605,8444,,,1,96,,9608,8444,,,1,104,,9606,8444,,,1,100,,9615,8444,,,1,100,,9603,8444,,,1,95,,9616,8444,,,1,104,,9618,8444,,,1,100,,9604,8444,,,1,101,,9609,8444,,,1,99,,9612,8444,,,1,96,,9602,8444,,,1,100,,9613,8444,,,1,57,,9610,8444,,,1,100,,9611,8444,,,1,100,,9619,8444,,,1,100,,9620,8444,,,1,100,,9621,8444,,,1
4701,'F7',707,,9635,8444,,,1,100,,9626,8444,,,1,100,,9637,8444,,,1,100,,9627,8444,,,1,100,,9638,8444,,,1,100,,9628,8444,,,1,100,,9623,8444,,,1,100,,9629,8444,,,1,104,,9622,8444,,,1,91,,9630,8444,,,1,108,,9631,8444,,,1,101,,9632,8444,,,1,95,,9636,8444,,,1,96,,9624,8444,,,1,100,,9639,8444,,,1,99,,9633,8444,,,1,100,,9625,8444,,,1,100,,9640,8444,,,1,100,,9634,8444,,,1
4701,'F8',625,,9652,8444,,,1,31,,9641,8444,,,1,60,,9651,8444,,,1,15,,9673,8444,,,1,15,,9653,8444,,,1,54,,9675,8444,,,1,15,,9649,8444,,,1,15,,9659,8444,,,1,18,,9648,8444,,,1,60,,9642,8444,,,1,20,,9677,8444,,,1,20,,9654,8444,,,1,70,,9643,8444,,,1,30,,9661,8444,,,1,70,,9656,8444,,,1,30,,9655,8444,,,1,70,,9664,8444,,,1,30,,9678,8444,,,1,70,,9644,8444,,,1,30,,9660,8444,,,1,70,,9663,8444,,,1,30,,9665,8444,,,1,70,,9679,8444,,,1,31,,9681,8444,,,1,71,,9645,8444,,,1,33,,9646,8444,,,1,73,,9669,8444,,,1,18,,9666,8444,,,1,67,,9667,8444,,,1,28,,9676,8444,,,1,70,,9672,8444,,,1,32,,9680,8444,,,1,63,,9668,8444,,,1,30,,9662,8444,,,1,70,,9658,8444,,,1,29,,9647,8444,,,1,70,,9657,8444,,,1,30,,9670,8444,,,1,100,,9674,8444,,,1,100,,9650,8444,,,1,100,,9671,8444,,,1
4701,'F9',707,,9697,8444,,,1,103,,9687,8444,,,1,101,,9694,8444,,,1,96,,9685,8444,,,1,96,,9688,8444,,,1,104,,9686,8444,,,1,100,,9695,8444,,,1,100,,9683,8444,,,1,95,,9696,8444,,,1,104,,9698,8444,,,1,100,,9684,8444,,,1,101,,9689,8444,,,1,99,,9692,8444,,,1,96,,9682,8444,,,1,100,,9693,8444,,,1,57,,9690,8444,,,1,100,,9691,8444,,,1,100,,9699,8444,,,1,100,,9700,8444,,,1,100,,9701,8444,,,1
4701,'SA',707,,9717,8444,,,1,103,,9707,8444,,,1,101,,9714,8444,,,1,96,,9705,8444,,,1,96,,9708,8444,,,1,104,,9706,8444,,,1,100,,9715,8444,,,1,100,,9703,8444,,,1,95,,9716,8444,,,1,104,,9718,8444,,,1,100,,9704,8444,,,1,101,,9709,8444,,,1,99,,9712,8444,,,1,96,,9702,8444,,,1,100,,9713,8444,,,1,57,,9710,8444,,,1,100,,9711,8444,,,1,100,,9719,8444,,,1,100,,9720,8444,,,1,100,,9721,8444,,,1
4701,'SE',625,,9733,8444,,,1,31,,9722,8444,,,1,60,,9732,8444,,,1,15,,9754,8444,,,1,15,,9734,8444,,,1,54,,9756,8444,,,1,15,,9730,8444,,,1,15,,9740,8444,,,1,18,,9729,8444,,,1,60,,9723,8444,,,1,20,,9758,8444,,,1,20,,9735,8444,,,1,70,,9724,8444,,,1,30,,9742,8444,,,1,70,,9737,8444,,,1,30,,9736,8444,,,1,70,,9745,8444,,,1,30,,9759,8444,,,1,70,,9725,8444,,,1,30,,9741,8444,,,1,70,,9744,8444,,,1,30,,9746,8444,,,1,70,,9760,8444,,,1,31,,9762,8444,,,1,71,,9726,8444,,,1,33,,9727,8444,,,1,73,,9750,8444,,,1,18,,9747,8444,,,1,67,,9748,8444,,,1,28,,9757,8444,,,1,70,,9753,8444,,,1,32,,9761,8444,,,1,63,,9749,8444,,,1,30,,9743,8444,,,1,70,,9739,8444,,,1,29,,9728,8444,,,1,70,,9738,8444,,,1,30,,9751,8444,,,1,100,,9755,8444,,,1,100,,9731,8444,,,1,100,,9752,8444,,,1
54601,'F8',907,,18808,5994,,,2
54601,'SE',907,,18809,5994,,,2
61400,'F8',1710,,18884,9601,,,2
61400,'SE',1710,,18885,9601,,,2
65300,'F8',1611,,18924,2441,,,2
65300,'SE',1611,,18925,2441,,,2
66000,'F8',1611,,18936,2441,,,2,1,,18937,2441,,,2,1,,18938,2441,,,2
66000,'SE',1611,,18939,2441,,,2,1,,18940,2441,,,2,1,,18941,2441,,,2
