500,'DI',539,,21658,2842,,,1,70,,21664,2842,,,1,30,,21659,2842,,,1,70,,21665,2842,,,1,30,,21660,2842,,,1,70,,21666,2842,,,1,30,,21686,2842,,,1,70,,21667,2842,,,1,30,,21671,2842,,,1,70,,21668,2842,,,1,30,,21683,2842,,,1,70,,21672,2842,,,1,30,,21661,2842,,,1,71,,21673,2842,,,1,30,,21662,2842,,,1,68,,21687,2842,,,1,32,,21684,2842,,,1,70,,21688,2842,,,1,30,,21674,2842,,,1,69,,21663,2842,,,1,31,,21678,2842,,,1,70,,21685,2842,,,1,30,,21669,2842,,,1,70,,21675,2842,,,1,30,,21689,2842,,,1,99,,21670,2842,,,1,100,,21677,2842,,,1,100,,21676,2842,,,1,100,,21679,2842,,,1,100,,21680,2842,,,1,100,,21681,2842,,,1,100,,21682,2842,,,1
500,'F1',509,,21707,2842,,,1,30,,21715,2842,,,1,70,,21708,2842,,,1,30,,21716,2842,,,1,70,,21698,2842,,,1,30,,21717,2842,,,1,70,,21699,2842,,,1,30,,21718,2842,,,1,70,,21700,2842,,,1,30,,21709,2842,,,1,70,,21701,2842,,,1,30,,21710,2842,,,1,70,,21702,2842,,,1,30,,21704,2842,,,1,71,,21703,2842,,,1,30,,21705,2842,,,1,70,,21713,2842,,,1,30,,1493,2842,,,1,70,,21720,2842,,,1,30,,21719,2842,,,1,70,,21712,2842,,,1,30,,21706,2842,,,1,70,,21714,2842,,,1,30,,1494,2842,,,1,70,,21711,2842,,,1,30,,21721,2842,,,1,99,,21690,2842,,,1,100,,21691,2842,,,1,100,,21692,2842,,,1,100,,21693,2842,,,1,100,,21694,2842,,,1,100,,21695,2842,,,1,100,,21696,2842,,,1,100,,21697,2842,,,1
500,'F2',509,,21722,2842,,,1,30,,21730,2842,,,1,70,,21723,2842,,,1,30,,21731,2842,,,1,70,,21724,2842,,,1,30,,21732,2842,,,1,70,,21725,2842,,,1,30,,21733,2842,,,1,70,,21726,2842,,,1,30,,21735,2842,,,1,70,,21727,2842,,,1,30,,21736,2842,,,1,70,,21728,2842,,,1,30,,21737,2842,,,1,71,,21729,2842,,,1,30,,21738,2842,,,1,70,,21734,2842,,,1,30,,21754,2842,,,1,70,,21749,2842,,,1,30,,21739,2842,,,1,70,,21752,2842,,,1,30,,21748,2842,,,1,70,,21751,2842,,,1,30,,21755,2842,,,1,70,,21750,2842,,,1,30,,21753,2842,,,1,99,,21740,2842,,,1,100,,21741,2842,,,1,100,,21742,2842,,,1,100,,21743,2842,,,1,100,,21744,2842,,,1,100,,21745,2842,,,1,100,,21746,2842,,,1,100,,21747,2842,,,1
500,'F7',446,,21785,2842,,,1,80,,21757,2842,,,1,30,,21758,2842,,,1,55,,21756,2842,,,1,29,,21794,2842,,,1,70,,21761,2842,,,1,30,,21759,2842,,,1,69,,21760,2842,,,1,40,,21788,2842,,,1,60,,21797,2842,,,1,30,,21786,2842,,,1,70,,21795,2842,,,1,30,,21793,2842,,,1,70,,21791,2842,,,1,30,,21784,2842,,,1,70,,21762,2842,,,1,30,,21767,2842,,,1,70,,21765,2842,,,1,30,,21766,2842,,,1,70,,21763,2842,,,1,30,,21771,2842,,,1,73,,21799,2842,,,1,13,,21769,2842,,,1,15,,21768,2842,,,1,14,,21792,2842,,,1,55,,21798,2842,,,1,17,,21770,2842,,,1,16,,21775,2842,,,1,12,,21778,2842,,,1,55,,21772,2842,,,1,15,,21789,2842,,,1,15,,21764,2842,,,1,62,,21796,2842,,,1,18,,21779,2842,,,1,21,,21776,2842,,,1,69,,21787,2842,,,1,30,,21773,2842,,,1,70,,21790,2842,,,1,30,,21800,2842,,,1,70,,21777,2842,,,1,30,,21774,2842,,,1,100,,21780,2842,,,1,100,,21781,2842,,,1,100,,21782,2842,,,1,100,,21783,2842,,,1
500,'F8',509,,21801,2842,,,1,30,,21809,2842,,,1,70,,21802,2842,,,1,30,,21810,2842,,,1,70,,21803,2842,,,1,30,,21811,2842,,,1,70,,21804,2842,,,1,30,,21812,2842,,,1,70,,21805,2842,,,1,30,,21814,2842,,,1,70,,21806,2842,,,1,30,,21815,2842,,,1,70,,21807,2842,,,1,30,,21816,2842,,,1,71,,21808,2842,,,1,30,,21817,2842,,,1,70,,21813,2842,,,1,30,,21833,2842,,,1,70,,21828,2842,,,1,30,,21818,2842,,,1,70,,21831,2842,,,1,30,,21827,2842,,,1,70,,21830,2842,,,1,30,,21834,2842,,,1,70,,21829,2842,,,1,30,,21832,2842,,,1,99,,21819,2842,,,1,100,,21820,2842,,,1,100,,21821,2842,,,1,100,,21822,2842,,,1,100,,21823,2842,,,1,100,,21824,2842,,,1,100,,21825,2842,,,1,100,,21826,2842,,,1
500,'F9',539,,21835,2842,,,1,70,,21841,2842,,,1,30,,21836,2842,,,1,70,,21842,2842,,,1,30,,21837,2842,,,1,70,,21843,2842,,,1,30,,21863,2842,,,1,70,,21844,2842,,,1,30,,21848,2842,,,1,70,,21845,2842,,,1,30,,21860,2842,,,1,70,,21849,2842,,,1,30,,21838,2842,,,1,71,,21850,2842,,,1,30,,21839,2842,,,1,68,,21864,2842,,,1,32,,21861,2842,,,1,70,,21865,2842,,,1,30,,21851,2842,,,1,69,,21840,2842,,,1,31,,21855,2842,,,1,70,,21862,2842,,,1,30,,21846,2842,,,1,70,,21852,2842,,,1,30,,21866,2842,,,1,99,,21847,2842,,,1,100,,21854,2842,,,1,100,,21853,2842,,,1,100,,21856,2842,,,1,100,,21857,2842,,,1,100,,21858,2842,,,1,100,,21859,2842,,,1
500,'SA',509,,21867,2842,,,1,30,,21875,2842,,,1,70,,21868,2842,,,1,30,,21876,2842,,,1,70,,21869,2842,,,1,30,,21877,2842,,,1,70,,21870,2842,,,1,30,,21878,2842,,,1,70,,21871,2842,,,1,30,,21880,2842,,,1,70,,21872,2842,,,1,30,,21881,2842,,,1,70,,21873,2842,,,1,30,,21882,2842,,,1,71,,21874,2842,,,1,30,,21883,2842,,,1,70,,21879,2842,,,1,30,,21899,2842,,,1,70,,21894,2842,,,1,30,,21884,2842,,,1,70,,21897,2842,,,1,30,,21893,2842,,,1,70,,21896,2842,,,1,30,,21900,2842,,,1,70,,21895,2842,,,1,30,,21898,2842,,,1,99,,21885,2842,,,1,100,,21886,2842,,,1,100,,21887,2842,,,1,100,,21888,2842,,,1,100,,21889,2842,,,1,100,,21890,2842,,,1,100,,21891,2842,,,1,100,,21892,2842,,,1
500,'SE',446,,1670,2842,,,1,80,,21902,2842,,,1,30,,21903,2842,,,1,55,,21901,2842,,,1,29,,21938,2842,,,1,70,,21906,2842,,,1,30,,21904,2842,,,1,69,,21905,2842,,,1,40,,21932,2842,,,1,60,,21941,2842,,,1,30,,21930,2842,,,1,70,,21939,2842,,,1,30,,21937,2842,,,1,70,,21935,2842,,,1,30,,21929,2842,,,1,70,,21907,2842,,,1,30,,21912,2842,,,1,70,,21910,2842,,,1,30,,21911,2842,,,1,70,,21908,2842,,,1,30,,21916,2842,,,1,73,,21943,2842,,,1,13,,21914,2842,,,1,15,,21913,2842,,,1,14,,21936,2842,,,1,55,,21942,2842,,,1,17,,21915,2842,,,1,16,,21920,2842,,,1,12,,21923,2842,,,1,55,,21917,2842,,,1,15,,21933,2842,,,1,15,,21909,2842,,,1,62,,21940,2842,,,1,18,,21924,2842,,,1,21,,21921,2842,,,1,69,,21931,2842,,,1,30,,21918,2842,,,1,70,,21934,2842,,,1,30,,21944,2842,,,1,70,,21922,2842,,,1,30,,21919,2842,,,1,100,,21925,2842,,,1,100,,21926,2842,,,1,100,,21927,2842,,,1,100,,21928,2842,,,1
52601,'F7',919,,40646,7944,,,2,1,,40647,7944,,,2
52601,'SE',919,,40648,7944,,,2,1,,40649,7944,,,2
