1400,'F8',637,,3793,12961,,,1,17,,3792,12961,,,1,66,,3787,12961,,,1,13,,3790,12961,,,1,17,,3791,12961,,,1,58,,3789,12961,,,1,30,,3786,12961,,,1,20,,3788,12961,,,1,92,,3795,10714,,,1,100,,3808,10714,,,1,100,,3797,10714,,,1,100,,3798,10714,,,1,100,,3807,10714,,,1,100,,3804,10714,,,1,150,,3796,10714,,,1,13,,3803,10714,,,1,18,,3799,10714,,,1,15,,3806,10714,,,1,61,,3802,10714,,,1,18,,3805,10714,,,1,21,,3800,10714,,,1,58,,3794,10714,,,1,29,,3801,10714,,,1
1400,'SE',637,,3816,12961,,,1,17,,3815,12961,,,1,66,,3810,12961,,,1,13,,3813,12961,,,1,17,,3814,12961,,,1,58,,3812,12961,,,1,30,,3809,12961,,,1,20,,3811,12961,,,1,92,,3818,10714,,,1,100,,3831,10714,,,1,100,,3820,10714,,,1,100,,3821,10714,,,1,100,,3830,10714,,,1,100,,3827,10714,,,1,150,,3819,10714,,,1,13,,3826,10714,,,1,18,,3822,10714,,,1,15,,3829,10714,,,1,61,,3825,10714,,,1,18,,3828,10714,,,1,21,,3823,10714,,,1,58,,3817,10714,,,1,29,,3824,10714,,,1
3101,'F8',538,,7507,1576,,,1,70,,7498,1576,,,1,31,,7492,1576,,,1,70,,7508,1576,,,1,30,,7490,1576,,,1,71,,7502,1576,,,1,29,,7499,1576,,,1,68,,7511,1576,,,1,30,,7493,1576,,,1,70,,7509,1576,,,1,30,,7514,1576,,,1,70,,7491,1576,,,1,31,,7482,1576,,,1,70,,7494,1576,,,1,30,,7483,1576,,,1,70,,7513,1576,,,1,30,,7497,1576,,,1,70,,7496,1576,,,1,31,,7484,1576,,,1,70,,7495,1576,,,1,30,,7500,1576,,,1,70,,7512,1576,,,1,30,,7505,1576,,,1,70,,7515,1576,,,1,30,,7504,1576,,,1,70,,7506,1576,,,1,30,,7501,1576,,,1,71,,7516,1576,,,1,30,,7486,1576,,,1,70,,7510,1576,,,1,29,,7489,1576,,,1,70,,7503,1576,,,1,29,,7487,1576,,,1,100,,7485,1576,,,1,99,,7488,1576,,,1
3101,'SE',538,,7542,1576,,,1,70,,7533,1576,,,1,31,,7527,1576,,,1,70,,7543,1576,,,1,30,,7525,1576,,,1,71,,7537,1576,,,1,29,,7534,1576,,,1,68,,7546,1576,,,1,30,,7528,1576,,,1,70,,7544,1576,,,1,30,,7549,1576,,,1,70,,7526,1576,,,1,31,,7517,1576,,,1,70,,7529,1576,,,1,30,,7518,1576,,,1,70,,7548,1576,,,1,30,,7532,1576,,,1,70,,7531,1576,,,1,31,,7519,1576,,,1,70,,7530,1576,,,1,30,,7535,1576,,,1,70,,7547,1576,,,1,30,,7540,1576,,,1,70,,7550,1576,,,1,30,,7539,1576,,,1,70,,7541,1576,,,1,30,,7536,1576,,,1,71,,7551,1576,,,1,30,,7521,1576,,,1,70,,7545,1576,,,1,29,,7524,1576,,,1,70,,7538,1576,,,1,29,,7522,1576,,,1,100,,7520,1576,,,1,99,,7523,1576,,,1
4101,'DI',733,,8297,3628,,,1,100,,8299,3628,,,1,101,,8309,3628,,,1,100,,8300,3628,,,1,100,,8294,3628,,,1,100,,8301,3628,,,1,100,,8293,3628,,,1,100,,8302,3628,,,1,100,,8306,3628,,,1,102,,8307,3628,,,1,98,,8303,3628,,,1,100,,8308,3628,,,1,100,,8310,3628,,,1,100,,8296,3628,,,1,100,,8295,3628,,,1,99,,8311,3628,,,1,100,,8305,3628,,,1,100,,8298,3628,,,1,100,,8304,3628,,,1
4101,'F1',733,,8322,3628,,,1,100,,8328,3628,,,1,101,,8312,3628,,,1,101,,8313,3628,,,1,99,,8323,3628,,,1,100,,8329,3628,,,1,100,,8327,3628,,,1,100,,8314,3628,,,1,100,,8317,3628,,,1,100,,8315,3628,,,1,100,,8324,3628,,,1,100,,8330,3628,,,1,100,,8325,3628,,,1,100,,8318,3628,,,1,100,,8320,3628,,,1,99,,8326,3628,,,1,100,,8316,3628,,,1,100,,8319,3628,,,1,100,,8321,3628,,,1
4101,'F7',733,,8335,3628,,,1,100,,8337,3628,,,1,101,,8347,3628,,,1,100,,8338,3628,,,1,100,,8332,3628,,,1,100,,8339,3628,,,1,100,,8331,3628,,,1,100,,8340,3628,,,1,100,,8344,3628,,,1,102,,8345,3628,,,1,98,,8341,3628,,,1,100,,8346,3628,,,1,100,,8348,3628,,,1,100,,8334,3628,,,1,100,,8333,3628,,,1,99,,8349,3628,,,1,100,,8343,3628,,,1,100,,8336,3628,,,1,100,,8342,3628,,,1
4101,'F8',704,,8350,3628,,,1,30,,8370,3628,,,1,70,,8353,3628,,,1,35,,8354,3628,,,1,65,,8360,3628,,,1,30,,8375,3628,,,1,100,,8371,3628,,,1,100,,8355,3628,,,1,100,,8357,3628,,,1,100,,8351,3628,,,1,101,,8358,3628,,,1,74,,8361,3628,,,1,25,,8362,3628,,,1,67,,8372,3628,,,1,38,,8356,3628,,,1,66,,8369,3628,,,1,29,,8367,3628,,,1,71,,8368,3628,,,1,29,,8373,3628,,,1,100,,8366,3628,,,1,99,,8374,3628,,,1,100,,8364,3628,,,1,100,,8359,3628,,,1,100,,8363,3628,,,1,100,,8365,3628,,,1,100,,8352,3628,,,1
4101,'F9',733,,8386,3628,,,1,100,,8392,3628,,,1,101,,8376,3628,,,1,101,,8377,3628,,,1,99,,8387,3628,,,1,100,,8393,3628,,,1,100,,8391,3628,,,1,100,,8378,3628,,,1,100,,8381,3628,,,1,100,,8379,3628,,,1,100,,8388,3628,,,1,100,,8394,3628,,,1,100,,8389,3628,,,1,100,,8382,3628,,,1,100,,8384,3628,,,1,99,,8390,3628,,,1,100,,8380,3628,,,1,100,,8383,3628,,,1,100,,8385,3628,,,1
4101,'SA',733,,8405,3628,,,1,100,,8411,3628,,,1,101,,8395,3628,,,1,101,,8396,3628,,,1,99,,8406,3628,,,1,100,,8412,3628,,,1,100,,8410,3628,,,1,100,,8397,3628,,,1,100,,8400,3628,,,1,100,,8398,3628,,,1,100,,8407,3628,,,1,100,,8413,3628,,,1,100,,8408,3628,,,1,100,,8401,3628,,,1,100,,8403,3628,,,1,99,,8409,3628,,,1,100,,8399,3628,,,1,100,,8402,3628,,,1,100,,8404,3628,,,1
4101,'SE',704,,8414,3628,,,1,30,,8434,3628,,,1,70,,8417,3628,,,1,35,,8418,3628,,,1,65,,8424,3628,,,1,30,,8439,3628,,,1,100,,8435,3628,,,1,100,,8419,3628,,,1,100,,8421,3628,,,1,100,,8415,3628,,,1,101,,8422,3628,,,1,74,,8425,3628,,,1,25,,8426,3628,,,1,67,,8436,3628,,,1,38,,8420,3628,,,1,66,,8433,3628,,,1,29,,8431,3628,,,1,71,,8432,3628,,,1,29,,8437,3628,,,1,100,,8430,3628,,,1,99,,8438,3628,,,1,100,,8428,3628,,,1,100,,8423,3628,,,1,100,,8427,3628,,,1,100,,8429,3628,,,1,100,,8416,3628,,,1
4601,'F8',618,,9362,4114,,,2,20,,9367,4114,,,2,20,,9363,4114,,,2,60,,9368,4114,,,2,16,,9371,4114,,,2,14,,9364,4114,,,2,58,,9369,4114,,,2,22,,9372,4114,,,2,20,,9370,4114,,,2,100,,9365,4114,,,2,100,,9360,4114,,,2,100,,9361,4114,,,2,100,,9379,4114,,,2,100,,9357,4114,,,2,100,,9358,4114,,,2,100,,9366,4114,,,2,73,,9373,4114,,,2,18,,9359,4114,,,2,62,,9375,4114,,,2,20,,9374,4114,,,2,15,,9377,4114,,,2,75,,9380,4114,,,2
4601,'SE',618,,9386,4114,,,2,20,,9391,4114,,,2,20,,9387,4114,,,2,60,,9392,4114,,,2,16,,9395,4114,,,2,14,,9388,4114,,,2,58,,9393,4114,,,2,22,,9396,4114,,,2,20,,9394,4114,,,2,100,,9389,4114,,,2,100,,9384,4114,,,2,100,,9385,4114,,,2,100,,9403,4114,,,2,100,,9381,4114,,,2,100,,9382,4114,,,2,100,,9390,4114,,,2,73,,9397,4114,,,2,18,,9383,4114,,,2,62,,9399,4114,,,2,20,,9398,4114,,,2,15,,9401,4114,,,2,75,,9404,4114,,,2
21401,'DI',829,,17248,1576,,,1,100,,17249,1576,,,1,100,,17250,1576,,,1,100,,17251,1576,,,1,100,,17252,1576,,,1,100,,17253,1576,,,1,100,,17254,1576,,,1,100,,17255,1576,,,1,100,,17246,1576,,,1,100,,17247,1576,,,1
21401,'F1',829,,17264,1576,,,1,100,,17265,1576,,,1,100,,17256,1576,,,1,100,,17257,1576,,,1,100,,17258,1576,,,1,100,,17259,1576,,,1,100,,17260,1576,,,1,100,,17261,1576,,,1,100,,17262,1576,,,1,100,,17263,1576,,,1
21401,'F7',829,,17268,1576,,,1,100,,17269,1576,,,1,100,,17270,1576,,,1,100,,17271,1576,,,1,100,,17272,1576,,,1,100,,17273,1576,,,1,100,,17274,1576,,,1,100,,17275,1576,,,1,100,,17266,1576,,,1,100,,17267,1576,,,1
21401,'F9',829,,17284,1576,,,1,100,,17285,1576,,,1,100,,17276,1576,,,1,100,,17277,1576,,,1,100,,17278,1576,,,1,100,,17279,1576,,,1,100,,17280,1576,,,1,100,,17281,1576,,,1,100,,17282,1576,,,1,100,,17283,1576,,,1
21401,'SA',829,,17294,1576,,,1,100,,17295,1576,,,1,100,,17286,1576,,,1,100,,17287,1576,,,1,100,,17288,1576,,,1,100,,17289,1576,,,1,100,,17290,1576,,,1,100,,17291,1576,,,1,100,,17292,1576,,,1,100,,17293,1576,,,1
61400,'F8',1708,,18884,8772,,,2
61400,'SE',1708,,18885,8772,,,2
68901,'F8',849,,19021,1335,,,2,1,,19020,1335,,,2
68901,'SE',849,,19023,1335,,,2,1,,19022,1335,,,2
