801,'DI',538,,2737,8504,,,1,70,,2745,8504,,,1,30,,2752,8504,,,1,70,,2762,8504,,,1,30,,2738,8504,,,1,71,,2746,8504,,,1,30,,2753,8504,,,1,70,,2763,8504,,,1,27,,2739,8504,,,1,70,,2747,8504,,,1,30,,2754,8504,,,1,68,,2764,8504,,,1,30,,2740,8504,,,1,70,,2748,8504,,,1,30,,2755,8504,,,1,70,,2765,8504,,,1,31,,2741,8504,,,1,70,,2749,8504,,,1,31,,2756,8504,,,1,70,,2766,8504,,,1,30,,2769,8504,,,1,70,,2750,8504,,,1,30,,2757,8504,,,1,70,,2767,8504,,,1,19,,2771,8504,,,1,15,,2770,8504,,,1,70,,2751,8504,,,1,28,,2758,8504,,,1,70,,2768,8504,,,1,45,,2742,8504,,,1,102,,2759,8504,,,1,100,,2743,8504,,,1,99,,2760,8504,,,1,100,,2744,8504,,,1,99,,2761,8504,,,1
801,'F1',538,,2772,8504,,,1,70,,2777,8504,,,1,30,,2788,8504,,,1,70,,2800,8504,,,1,30,,2773,8504,,,1,70,,2778,8504,,,1,30,,2789,8504,,,1,70,,2801,8504,,,1,27,,2774,8504,,,1,68,,2779,8504,,,1,30,,2790,8504,,,1,70,,2802,8504,,,1,31,,2775,8504,,,1,70,,2780,8504,,,1,31,,2791,8504,,,1,70,,2803,8504,,,1,31,,2776,8504,,,1,70,,2781,8504,,,1,30,,2792,8504,,,1,70,,2804,8504,,,1,30,,2798,8504,,,1,70,,2782,8504,,,1,30,,2793,8504,,,1,70,,2805,8504,,,1,25,,2784,8504,,,1,10,,2799,8504,,,1,62,,2783,8504,,,1,30,,2794,8504,,,1,70,,2806,8504,,,1,50,,2785,8504,,,1,100,,2795,8504,,,1,100,,2786,8504,,,1,99,,2796,8504,,,1,100,,2787,8504,,,1,101,,2797,8504,,,1
801,'F7',538,,2807,8504,,,1,70,,2815,8504,,,1,30,,2822,8504,,,1,70,,2832,8504,,,1,30,,2808,8504,,,1,71,,2816,8504,,,1,30,,2823,8504,,,1,70,,2833,8504,,,1,27,,2809,8504,,,1,70,,2817,8504,,,1,30,,2824,8504,,,1,68,,2834,8504,,,1,30,,2810,8504,,,1,70,,2818,8504,,,1,30,,2825,8504,,,1,70,,2835,8504,,,1,31,,2811,8504,,,1,70,,2819,8504,,,1,31,,2826,8504,,,1,70,,2836,8504,,,1,30,,2839,8504,,,1,70,,2820,8504,,,1,30,,2827,8504,,,1,70,,2837,8504,,,1,19,,2841,8504,,,1,15,,2840,8504,,,1,70,,2821,8504,,,1,28,,2828,8504,,,1,70,,2838,8504,,,1,45,,2812,8504,,,1,102,,2829,8504,,,1,100,,2813,8504,,,1,99,,2830,8504,,,1,100,,2814,8504,,,1,99,,2831,8504,,,1
801,'F8',504,,2842,8504,,,1,33,,2843,8504,,,1,67,,2885,8504,,,1,21,,2886,8504,,,1,24,,2887,8504,,,1,51,,2855,8504,,,1,9,,2858,8504,,,1,8,,2894,8504,,,1,11,,2864,8504,,,1,9,,2844,8504,,,1,11,,2892,8504,,,1,61,,2865,8504,,,1,18,,2848,8504,,,1,18,,2852,8504,,,1,13,,2856,8504,,,1,55,,2859,8504,,,1,15,,2896,8504,,,1,15,,2845,8504,,,1,57,,2868,8504,,,1,15,,2866,8504,,,1,14,,2849,8504,,,1,15,,2860,8504,,,1,56,,2853,8504,,,1,15,,2881,8504,,,1,15,,2897,8504,,,1,15,,2846,8504,,,1,55,,2893,8504,,,1,15,,2869,8504,,,1,16,,2854,8504,,,1,15,,2850,8504,,,1,55,,2888,8504,,,1,15,,2882,8504,,,1,15,,2910,8504,,,1,15,,2898,8504,,,1,55,,2909,8504,,,1,15,,2911,8504,,,1,17,,2867,8504,,,1,15,,2871,8504,,,1,53,,2900,8504,,,1,20,,2861,8504,,,1,11,,2889,8504,,,1,10,,2883,8504,,,1,14,,2857,8504,,,1,56,,2904,8504,,,1,16,,2847,8504,,,1,15,,2870,8504,,,1,13,,2905,8504,,,1,56,,2851,8504,,,1,15,,2901,8504,,,1,15,,2862,8504,,,1,16,,2890,8504,,,1,61,,2899,8504,,,1,23,,2907,8504,,,1,67,,2906,8504,,,1,28,,2874,8504,,,1,71,,2876,8504,,,1,29,,2872,8504,,,1,73,,2902,8504,,,1,27,,2875,8504,,,1,13,,2878,8504,,,1,60,,2877,8504,,,1,29,,2873,8504,,,1,20,,2903,8504,,,1,92,,2879,8504,,,1,100,,2880,8504,,,1
801,'F9',538,,2916,8504,,,1,70,,2921,8504,,,1,30,,2932,8504,,,1,70,,2944,8504,,,1,30,,2917,8504,,,1,70,,2922,8504,,,1,30,,2933,8504,,,1,70,,2945,8504,,,1,27,,2918,8504,,,1,68,,2923,8504,,,1,30,,2934,8504,,,1,70,,2946,8504,,,1,31,,2919,8504,,,1,70,,2924,8504,,,1,31,,2935,8504,,,1,70,,2947,8504,,,1,31,,2920,8504,,,1,70,,2925,8504,,,1,30,,2936,8504,,,1,70,,2948,8504,,,1,30,,2942,8504,,,1,70,,2926,8504,,,1,30,,2937,8504,,,1,70,,2949,8504,,,1,25,,2928,8504,,,1,10,,2943,8504,,,1,62,,2927,8504,,,1,30,,2938,8504,,,1,70,,2950,8504,,,1,50,,2929,8504,,,1,100,,2939,8504,,,1,100,,2930,8504,,,1,99,,2940,8504,,,1,100,,2931,8504,,,1,101,,2941,8504,,,1
801,'SA',538,,2951,8504,,,1,70,,2956,8504,,,1,30,,2967,8504,,,1,70,,2979,8504,,,1,30,,2952,8504,,,1,70,,2957,8504,,,1,30,,2968,8504,,,1,70,,2980,8504,,,1,27,,2953,8504,,,1,68,,2958,8504,,,1,30,,2969,8504,,,1,70,,2981,8504,,,1,31,,2954,8504,,,1,70,,2959,8504,,,1,31,,2970,8504,,,1,70,,2982,8504,,,1,31,,2955,8504,,,1,70,,2960,8504,,,1,30,,2971,8504,,,1,70,,2983,8504,,,1,30,,2977,8504,,,1,70,,2961,8504,,,1,30,,2972,8504,,,1,70,,2984,8504,,,1,25,,2963,8504,,,1,10,,2978,8504,,,1,62,,2962,8504,,,1,30,,2973,8504,,,1,70,,2985,8504,,,1,50,,2964,8504,,,1,100,,2974,8504,,,1,100,,2965,8504,,,1,99,,2975,8504,,,1,100,,2966,8504,,,1,101,,2976,8504,,,1
801,'SE',504,,2986,8504,,,1,33,,2987,8504,,,1,67,,3029,8504,,,1,21,,3030,8504,,,1,24,,3031,8504,,,1,51,,2999,8504,,,1,9,,3002,8504,,,1,8,,3038,8504,,,1,11,,3008,8504,,,1,9,,2988,8504,,,1,11,,3036,8504,,,1,61,,3009,8504,,,1,18,,2992,8504,,,1,18,,2996,8504,,,1,13,,3000,8504,,,1,55,,3003,8504,,,1,15,,3040,8504,,,1,15,,2989,8504,,,1,57,,3012,8504,,,1,15,,3010,8504,,,1,14,,2993,8504,,,1,15,,3004,8504,,,1,56,,2997,8504,,,1,15,,3025,8504,,,1,15,,3041,8504,,,1,15,,2990,8504,,,1,55,,3037,8504,,,1,15,,3013,8504,,,1,16,,2998,8504,,,1,15,,2994,8504,,,1,55,,3032,8504,,,1,15,,3026,8504,,,1,15,,3054,8504,,,1,15,,3042,8504,,,1,55,,3053,8504,,,1,15,,3055,8504,,,1,17,,3011,8504,,,1,15,,3015,8504,,,1,53,,3044,8504,,,1,20,,3005,8504,,,1,11,,3033,8504,,,1,10,,3027,8504,,,1,14,,3001,8504,,,1,56,,3048,8504,,,1,16,,2991,8504,,,1,15,,3014,8504,,,1,13,,3049,8504,,,1,56,,2995,8504,,,1,15,,3045,8504,,,1,15,,3006,8504,,,1,16,,3034,8504,,,1,61,,3043,8504,,,1,23,,3051,8504,,,1,67,,3050,8504,,,1,28,,3018,8504,,,1,71,,3020,8504,,,1,29,,3016,8504,,,1,73,,3046,8504,,,1,27,,3019,8504,,,1,13,,3022,8504,,,1,60,,3021,8504,,,1,29,,3017,8504,,,1,20,,3047,8504,,,1,92,,3023,8504,,,1,100,,3024,8504,,,1
44201,'F8',720,,18178,9892,,,2,100,,18179,9892,,,2
44201,'SE',720,,18180,9892,,,2,100,,18181,9892,,,2
60801,'F8',1500,,18871,3371,,,2,2,,18870,3371,,,2
60801,'SE',1500,,18873,3371,,,2,2,,18872,3371,,,2
