8001,'DI',645,,35550,293,,,1,100,,35551,293,,,1,100,,35552,293,,,1,100,,35553,293,,,1,100,,35554,293,,,1,100,,35555,293,,,1,100,,35556,293,,,1,100,,35557,293,,,1,100,,35558,293,,,1,100,,35559,293,,,1,100,,35560,293,,,1,102,,35561,293,,,1,100,,35562,293,,,1,100,,35563,293,,,1,100,,35564,293,,,1,100,,35565,293,,,1,100,,35566,293,,,1,100,,35567,293,,,1,100,,35568,293,4,,1
8001,'F1',646,,35575,293,,,1,100,,35576,293,,,1,100,,35577,293,,,1,100,,35578,293,,,1,100,,35579,293,,,1,100,,14023,293,,,1,100,,35580,293,,,1,100,,35581,293,,,1,100,,35582,293,,,1,100,,35583,293,,,1,100,,35584,293,,,1,100,,35585,293,,,1,100,,35586,293,,,1,100,,35571,293,,,1,100,,35572,293,,,1,100,,35569,293,,,1,100,,35573,293,,,1,100,,35570,293,,,1,100,,35574,293,4,,1
8001,'F2',646,,35587,293,,,1,100,,35588,293,,,1,100,,35589,293,,,1,100,,35590,293,,,1,100,,35591,293,,,1,100,,35592,293,,,1,100,,35593,293,,,1,100,,35594,293,,,1,100,,35595,293,,,1,100,,35596,293,,,1,100,,35597,293,,,1,100,,35598,293,,,1,100,,35599,293,,,1,100,,35600,293,,,1,100,,35601,293,,,1,100,,35602,293,,,1,100,,35603,293,,,1,100,,35604,293,,,1,100,,35605,293,4,,1
8001,'F7',542,,35628,293,,,1,70,,35611,293,,,1,36,,35607,293,,,1,70,,35610,293,,,1,30,,35608,293,,,1,70,,35606,293,,,1,33,,35629,293,,,1,97,,35612,293,,,1,100,,35613,293,,,1,100,,35614,293,,,1,100,,35615,293,,,1,100,,35616,293,,,1,100,,35617,293,,,1,102,,35618,293,,,1,65,,35619,293,,,1,35,,35630,293,,,1,70,,35620,293,,,1,24,,35609,293,,,1,89,,35621,293,,,1,93,,35622,293,,,1,100,,35623,293,,,1,99,,35624,293,,,1,100,,35625,293,,,1,100,,35626,293,,,1,100,,35627,293,4,,1
8001,'F8',646,,35631,293,,,1,100,,35632,293,,,1,100,,35633,293,,,1,100,,35634,293,,,1,100,,35635,293,,,1,100,,35636,293,,,1,100,,35637,293,,,1,100,,35638,293,,,1,100,,35639,293,,,1,100,,35640,293,,,1,100,,35641,293,,,1,100,,35642,293,,,1,100,,35643,293,,,1,100,,35644,293,,,1,100,,35645,293,,,1,100,,35646,293,,,1,100,,35647,293,,,1,100,,35648,293,,,1,100,,35649,293,4,,1
8001,'F9',645,,35650,293,,,1,100,,35651,293,,,1,100,,35652,293,,,1,100,,35653,293,,,1,100,,35654,293,,,1,100,,35655,293,,,1,100,,35656,293,,,1,100,,35657,293,,,1,100,,35658,293,,,1,100,,35659,293,,,1,100,,35660,293,,,1,102,,35661,293,,,1,100,,35662,293,,,1,100,,35663,293,,,1,100,,35664,293,,,1,100,,35665,293,,,1,100,,35666,293,,,1,100,,35667,293,,,1,100,,35668,293,4,,1
8001,'SA',646,,35669,293,,,1,100,,35670,293,,,1,100,,35671,293,,,1,100,,35672,293,,,1,100,,35673,293,,,1,100,,35674,293,,,1,100,,35675,293,,,1,100,,35676,293,,,1,100,,35677,293,,,1,100,,35678,293,,,1,100,,35679,293,,,1,100,,35680,293,,,1,100,,35681,293,,,1,100,,35682,293,,,1,100,,35683,293,,,1,100,,35684,293,,,1,100,,35685,293,,,1,100,,35686,293,,,1,100,,35687,293,4,,1
8001,'SE',542,,35709,293,,,1,70,,35693,293,,,1,36,,35689,293,,,1,70,,35692,293,,,1,30,,35690,293,,,1,70,,35688,293,,,1,33,,35710,293,,,1,97,,35694,293,,,1,100,,35695,293,,,1,100,,35696,293,,,1,100,,35697,293,,,1,100,,35698,293,,,1,100,,35699,293,,,1,102,,35700,293,,,1,65,,35701,293,,,1,35,,35711,293,,,1,70,,35702,293,,,1,24,,35691,293,,,1,89,,35703,293,,,1,93,,14127,293,,,1,100,,35704,293,,,1,99,,35705,293,,,1,100,,35706,293,,,1,100,,35707,293,,,1,100,,35708,293,4,,1
18001,'F7',628,,38951,1113,,,2,24,,38955,1113,,,2,53,,38954,1113,,,2,17,,38956,1113,,,2,12,,38953,1113,,,2,18,,38952,1113,,,2,58,,38949,1113,,,2,817,,38958,1113,,,2,31,,38959,1113,,,2,70,,38950,1113,,,2,24,,38957,1113,,,2
18001,'SE',628,,38962,1113,,,2,24,,38966,1113,,,2,53,,38965,1113,,,2,17,,38967,1113,,,2,12,,38964,1113,,,2,18,,38963,1113,,,2,58,,38960,1113,,,2,817,,38969,1113,,,2,31,,38970,1113,,,2,70,,38961,1113,,,2,24,,38968,1113,,,2
