101,'DI',634,,260,6266,,,1,100,,261,6266,,,1,100,,262,6266,,,1,100,,263,6266,,,1,100,,264,6266,,,1,100,,265,6266,,,1,100,,266,6266,,,1,100,,267,6266,,,1,101,,268,6266,,,1,100,,269,6266,,,1,98,,250,6266,,,1,100,,251,6266,,,1,100,,252,6266,,,1,100,,253,6266,,,1,100,,254,6266,,,1,100,,255,6266,,,1,100,,256,6266,,,1,100,,257,6266,,,1,100,,258,6266,,,1,100,,259,6266,,,1
101,'F1',604,,293,6266,,,1,30,,283,6266,,,1,70,,294,6266,,,1,30,,284,6266,,,1,70,,295,6266,,,1,30,,285,6266,,,1,70,,296,6266,,,1,30,,286,6266,,,1,70,,297,6266,,,1,30,,287,6266,,,1,70,,298,6266,,,1,30,,288,6266,,,1,70,,299,6266,,,1,30,,289,6266,,,1,70,,300,6266,,,1,30,,290,6266,,,1,71,,301,6266,,,1,30,,291,6266,,,1,70,,302,6266,,,1,30,,292,6266,,,1,68,,280,6266,,,1,30,,270,6266,,,1,70,,281,6266,,,1,30,,271,6266,,,1,70,,282,6266,,,1,30,,272,6266,,,1,100,,273,6266,,,1,100,,274,6266,,,1,100,,275,6266,,,1,100,,276,6266,,,1,100,,277,6266,,,1,100,,278,6266,,,1,100,,279,6266,,,1
101,'F7',634,,313,6266,,,1,100,,314,6266,,,1,100,,315,6266,,,1,100,,316,6266,,,1,100,,317,6266,,,1,100,,318,6266,,,1,100,,319,6266,,,1,100,,320,6266,,,1,101,,321,6266,,,1,100,,322,6266,,,1,98,,303,6266,,,1,100,,304,6266,,,1,100,,305,6266,,,1,100,,306,6266,,,1,100,,307,6266,,,1,100,,308,6266,,,1,100,,309,6266,,,1,100,,310,6266,,,1,100,,311,6266,,,1,100,,312,6266,,,1
101,'F8',515,,342,6266,,,1,30,,343,6266,,,1,62,,345,6266,,,1,20,,334,6266,,,1,20,,346,6266,,,1,56,,323,6266,,,1,22,,336,6266,,,1,10,,335,6266,,,1,20,,326,6266,,,1,55,,347,6266,,,1,15,,351,6266,,,1,15,,350,6266,,,1,14,,365,6266,,,1,60,,348,6266,,,1,20,,340,6266,,,1,20,,324,6266,,,1,70,,327,6266,,,1,30,,349,6266,,,1,70,,360,6266,,,1,30,,362,6266,,,1,70,,325,6266,,,1,31,,328,6266,,,1,70,,363,6266,,,1,30,,338,6266,,,1,70,,359,6266,,,1,30,,330,6266,,,1,71,,353,6266,,,1,33,,344,6266,,,1,57,,352,6266,,,1,34,,329,6266,,,1,71,,331,6266,,,1,34,,341,6266,,,1,65,,366,6266,,,1,27,,364,6266,,,1,75,,357,6266,,,1,28,,361,6266,,,1,70,,339,6266,,,1,30,,356,6266,,,1,68,,354,6266,,,1,30,,358,6266,,,1,70,,355,6266,,,1,100,,337,6266,,,1,99,,332,6266,,,1,100,,333,6266,,,1
101,'F9',604,,390,6266,,,1,30,,380,6266,,,1,70,,391,6266,,,1,30,,381,6266,,,1,70,,392,6266,,,1,30,,382,6266,,,1,70,,393,6266,,,1,30,,383,6266,,,1,70,,394,6266,,,1,30,,384,6266,,,1,70,,395,6266,,,1,30,,385,6266,,,1,70,,396,6266,,,1,30,,386,6266,,,1,70,,397,6266,,,1,30,,387,6266,,,1,71,,398,6266,,,1,30,,388,6266,,,1,70,,399,6266,,,1,30,,389,6266,,,1,68,,377,6266,,,1,30,,367,6266,,,1,70,,378,6266,,,1,30,,368,6266,,,1,70,,379,6266,,,1,30,,369,6266,,,1,100,,370,6266,,,1,100,,371,6266,,,1,100,,372,6266,,,1,100,,373,6266,,,1,100,,374,6266,,,1,100,,375,6266,,,1,100,,376,6266,,,1
101,'SA',604,,423,6266,,,1,30,,413,6266,,,1,70,,424,6266,,,1,30,,414,6266,,,1,70,,425,6266,,,1,30,,415,6266,,,1,70,,426,6266,,,1,30,,416,6266,,,1,70,,427,6266,,,1,30,,417,6266,,,1,70,,428,6266,,,1,30,,418,6266,,,1,70,,429,6266,,,1,30,,419,6266,,,1,70,,430,6266,,,1,30,,420,6266,,,1,71,,431,6266,,,1,30,,421,6266,,,1,70,,432,6266,,,1,30,,422,6266,,,1,68,,410,6266,,,1,30,,400,6266,,,1,70,,411,6266,,,1,30,,401,6266,,,1,70,,412,6266,,,1,30,,402,6266,,,1,100,,403,6266,,,1,100,,404,6266,,,1,100,,405,6266,,,1,100,,406,6266,,,1,100,,407,6266,,,1,100,,408,6266,,,1,100,,409,6266,,,1
101,'SE',515,,452,6266,,,1,30,,453,6266,,,1,62,,455,6266,,,1,20,,444,6266,,,1,20,,456,6266,,,1,56,,433,6266,,,1,22,,446,6266,,,1,10,,445,6266,,,1,20,,436,6266,,,1,55,,457,6266,,,1,15,,461,6266,,,1,15,,460,6266,,,1,14,,475,6266,,,1,60,,458,6266,,,1,20,,450,6266,,,1,20,,434,6266,,,1,70,,437,6266,,,1,30,,459,6266,,,1,70,,470,6266,,,1,30,,472,6266,,,1,70,,435,6266,,,1,31,,438,6266,,,1,70,,473,6266,,,1,30,,448,6266,,,1,70,,469,6266,,,1,30,,440,6266,,,1,71,,463,6266,,,1,33,,454,6266,,,1,57,,462,6266,,,1,34,,439,6266,,,1,71,,441,6266,,,1,34,,451,6266,,,1,65,,476,6266,,,1,27,,474,6266,,,1,75,,467,6266,,,1,28,,471,6266,,,1,70,,449,6266,,,1,30,,466,6266,,,1,68,,464,6266,,,1,30,,468,6266,,,1,70,,465,6266,,,1,100,,447,6266,,,1,99,,442,6266,,,1,100,,443,6266,,,1
50101,'F8',754,,18730,6554,,,2,100,,18731,6554,,,2
50101,'SE',754,,18732,6554,,,2,100,,18733,6554,,,2
65000,'F8',1650,,18920,12954,,,2
65000,'SE',1650,,18921,12954,,,2
