1700,'DI',626,,4805,3306,,,1,100,,4812,3306,,,1,30,,4793,3306,,,1,70,,4807,3306,,,1,30,,4798,3306,,,1,70,,4806,3306,,,1,30,,4802,3306,,,1,70,,4813,3306,,,1,30,,4789,3306,,,1,70,,4808,3306,,,1,30,,4816,3306,,,1,70,,4814,3306,,,1,30,,4795,3306,,,1,70,,4803,3306,,,1,30,,4799,3306,,,1,70,,4809,3306,,,1,30,,4796,3306,,,1,69,,4790,3306,,,1,30,,4786,3306,,,1,71,,4791,3306,,,1,30,,4787,3306,,,1,70,,4800,3306,,,1,31,,4788,3306,,,1,70,,4801,3306,,,1,99,,4810,3306,,,1,100,,4797,3306,,,1,100,,4815,3306,,,1,100,,4811,3306,,,1,100,,4794,3306,,,1,100,,4792,3306,,,1,100,,4804,3306,,,1
1700,'F1',626,,4835,3306,,,1,100,,4821,3306,,,1,30,,4836,3306,,,1,70,,4830,3306,,,1,30,,4842,3306,,,1,70,,4843,3306,,,1,30,,4829,3306,,,1,70,,4831,3306,,,1,30,,4822,3306,,,1,70,,4845,3306,,,1,30,,4828,3306,,,1,70,,4832,3306,,,1,30,,4824,3306,,,1,70,,4846,3306,,,1,30,,4837,3306,,,1,70,,4844,3306,,,1,30,,4827,3306,,,1,70,,4833,3306,,,1,30,,4817,3306,,,1,69,,4825,3306,,,1,30,,4838,3306,,,1,71,,4820,3306,,,1,30,,4839,3306,,,1,71,,4834,3306,,,1,99,,4823,3306,,,1,100,,4841,3306,,,1,100,,4826,3306,,,1,100,,4818,3306,,,1,100,,4847,3306,,,1,100,,4819,3306,,,1,100,,4840,3306,,,1
1700,'F7',626,,4867,3306,,,1,100,,4874,3306,,,1,30,,4855,3306,,,1,70,,4869,3306,,,1,30,,4860,3306,,,1,70,,4868,3306,,,1,30,,4864,3306,,,1,70,,4875,3306,,,1,30,,4851,3306,,,1,70,,4870,3306,,,1,30,,4878,3306,,,1,70,,4876,3306,,,1,30,,4857,3306,,,1,70,,4865,3306,,,1,30,,4861,3306,,,1,70,,4871,3306,,,1,30,,4858,3306,,,1,69,,4852,3306,,,1,30,,4848,3306,,,1,71,,4853,3306,,,1,30,,4849,3306,,,1,70,,4862,3306,,,1,31,,4850,3306,,,1,70,,4863,3306,,,1,99,,4872,3306,,,1,100,,4859,3306,,,1,100,,4877,3306,,,1,100,,4873,3306,,,1,100,,4856,3306,,,1,100,,4854,3306,,,1,100,,4866,3306,,,1
1700,'F9',626,,4897,3306,,,1,100,,4883,3306,,,1,30,,4898,3306,,,1,70,,4892,3306,,,1,30,,4904,3306,,,1,70,,4905,3306,,,1,30,,4891,3306,,,1,70,,4893,3306,,,1,30,,4884,3306,,,1,70,,4907,3306,,,1,30,,4890,3306,,,1,70,,4894,3306,,,1,30,,4886,3306,,,1,70,,4908,3306,,,1,30,,4899,3306,,,1,70,,4906,3306,,,1,30,,4889,3306,,,1,70,,4895,3306,,,1,30,,4879,3306,,,1,69,,4887,3306,,,1,30,,4900,3306,,,1,71,,4882,3306,,,1,30,,4901,3306,,,1,71,,4896,3306,,,1,99,,4885,3306,,,1,100,,4903,3306,,,1,100,,4888,3306,,,1,100,,4880,3306,,,1,100,,4909,3306,,,1,100,,4881,3306,,,1,100,,4902,3306,,,1
1700,'SA',626,,4928,3306,,,1,100,,4914,3306,,,1,30,,4929,3306,,,1,70,,4923,3306,,,1,30,,4935,3306,,,1,70,,4936,3306,,,1,30,,4922,3306,,,1,70,,4924,3306,,,1,30,,4915,3306,,,1,70,,4938,3306,,,1,30,,4921,3306,,,1,70,,4925,3306,,,1,30,,4917,3306,,,1,70,,4939,3306,,,1,30,,4930,3306,,,1,70,,4937,3306,,,1,30,,4920,3306,,,1,70,,4926,3306,,,1,30,,4910,3306,,,1,69,,4918,3306,,,1,30,,4931,3306,,,1,71,,4913,3306,,,1,30,,4932,3306,,,1,71,,4927,3306,,,1,99,,4916,3306,,,1,100,,4934,3306,,,1,100,,4919,3306,,,1,100,,4911,3306,,,1,100,,4940,3306,,,1,100,,4912,3306,,,1,100,,4933,3306,,,1
2500,'DI',659,,6710,3383,,,2
2500,'F1',659,,6711,3383,,,2
2500,'F7',659,,6712,3383,,,2
2500,'F8',521,,6729,3383,,,2,30,,6719,3383,,,2,69,,6735,3383,,,2,19,,6733,3383,,,2,61,,6722,3383,,,2,19,,6715,3383,,,2,29,,6721,3383,,,2,68,,6720,3383,,,2,36,,6730,3383,,,2,70,,6718,3383,,,2,430,,6714,3383,,,2,70,,6713,3383,,,2,29,,6737,3383,,,2,53,,6736,3383,,,2,18,,6734,3383,,,2,30,,6726,3383,,,2,72,,6716,3383,,,2,29,,6724,3383,,,2,70,,6731,3383,,,2,31,,6717,3383,,,2,68,,6725,3383,,,2,30,,6723,3383,,,2,375,,6727,3383,,,2,83,,6738,3383,,,2,15,,6732,3383,,,2,85,,6728,3383,,,2
2500,'F9',659,,6739,3383,,,2
2500,'SA',659,,6740,3383,,,2
2500,'SE',521,,6757,3383,,,2,30,,6747,3383,,,2,69,,6763,3383,,,2,19,,6761,3383,,,2,61,,6750,3383,,,2,19,,6743,3383,,,2,29,,6749,3383,,,2,68,,6748,3383,,,2,36,,6758,3383,,,2,70,,6746,3383,,,2,430,,6742,3383,,,2,70,,6741,3383,,,2,29,,6765,3383,,,2,53,,6764,3383,,,2,18,,6762,3383,,,2,30,,6754,3383,,,2,72,,6744,3383,,,2,29,,6752,3383,,,2,70,,6759,3383,,,2,31,,6745,3383,,,2,68,,6753,3383,,,2,30,,6751,3383,,,2,375,,6755,3383,,,2,83,,6766,3383,,,2,15,,6760,3383,,,2,85,,6756,3383,,,2
7600,'F8',603,,13355,3306,,,1,21,,13356,3306,,,1,20,,13348,3306,,,1,63,,13331,3306,,,1,17,,13325,3306,,,1,20,,13320,3306,,,1,63,,13326,3306,,,1,27,,13314,3306,,,1,71,,13324,3306,,,1,30,,13315,3306,,,1,70,,13357,3306,,,1,30,,13311,3306,,,1,70,,13319,3306,,,1,30,,13358,3306,,,1,70,,13332,3306,,,1,30,,13354,3306,,,1,70,,13313,3306,,,1,30,,13317,3306,,,1,71,,13322,3306,,,1,34,,13318,3306,,,1,66,,13328,3306,,,1,32,,13346,3306,,,1,71,,13321,3306,,,1,24,,13337,3306,,,1,18,,13323,3306,,,1,60,,13312,3306,,,1,21,,13327,3306,,,1,18,,13333,3306,,,1,60,,13330,3306,,,1,27,,13349,3306,,,1,70,,13316,3306,,,1,30,,13343,3306,,,1,70,,13334,3306,,,1,30,,13338,3306,,,1,70,,13335,3306,,,1,30,,13339,3306,,,1,70,,13350,3306,,,1,30,,13340,3306,,,1,70,,13351,3306,,,1,30,,13341,3306,,,1,70,,13344,3306,,,1,30,,13342,3306,,,1,70,,13345,3306,,,1
7600,'SE',603,,13403,3306,,,1,21,,13404,3306,,,1,20,,13396,3306,,,1,63,,13379,3306,,,1,17,,13373,3306,,,1,20,,13368,3306,,,1,63,,13374,3306,,,1,27,,13362,3306,,,1,71,,13372,3306,,,1,30,,13363,3306,,,1,70,,13405,3306,,,1,30,,13359,3306,,,1,70,,13367,3306,,,1,30,,13406,3306,,,1,70,,13380,3306,,,1,30,,13402,3306,,,1,70,,13361,3306,,,1,30,,13365,3306,,,1,71,,13370,3306,,,1,34,,13366,3306,,,1,66,,13376,3306,,,1,32,,13394,3306,,,1,71,,13369,3306,,,1,24,,13385,3306,,,1,18,,13371,3306,,,1,60,,13360,3306,,,1,21,,13375,3306,,,1,18,,13381,3306,,,1,60,,13378,3306,,,1,27,,13397,3306,,,1,70,,13364,3306,,,1,30,,13391,3306,,,1,70,,13382,3306,,,1,30,,13386,3306,,,1,70,,13383,3306,,,1,30,,13387,3306,,,1,70,,13398,3306,,,1,30,,13388,3306,,,1,70,,13399,3306,,,1,30,,13389,3306,,,1,70,,13392,3306,,,1,30,,13390,3306,,,1,70,,13393,3306,,,1
