1901,'DI',546,,25993,4079,,,2,100,,25994,4079,,,2,100,,25995,4079,,,2,100,,25996,4079,,,2,104,,25997,4079,,,2,100,,25998,4079,,,2,100,,25999,4079,,,2,100,,26000,4079,,,2,100,,26001,4079,,,2,100,,26002,4079,,,2,100,,26003,4079,,,2,100,,26004,4079,,,2,100,,26005,4079,,,2,100,,26006,4079,,,2,100,,26007,4079,,,2,100,,26008,4079,,,2,100,,26009,4079,,,2,100,,26010,4079,,,2,100,,26011,4079,,,2,100,,26012,4079,,,2
1901,'F1',546,,26029,4079,,,2,70,,26025,4079,,,2,30,,26030,4079,,,2,70,,26026,4079,,,2,30,,26031,4079,,,2,70,,26027,4079,,,2,30,,26032,4079,,,2,70,,26028,4079,,,2,34,,26018,4079,,,2,70,,26013,4079,,,2,30,,26019,4079,,,2,70,,26014,4079,,,2,30,,26020,4079,,,2,70,,26015,4079,,,2,30,,26021,4079,,,2,70,,26016,4079,,,2,30,,26022,4079,,,2,70,,26023,4079,,,2,30,,5378,4079,,,2,70,,26024,4079,,,2,30,,5379,4079,,,2,70,,26033,4079,,,2,30,,5380,4079,,,2,70,,26034,4079,,,2,30,,5381,4079,,,2,70,,26035,4079,,,2,30,,5382,4079,,,2,100,,26036,4079,,,2,100,,26037,4079,,,2,100,,26038,4079,,,2,100,,26039,4079,,,2,100,,26040,4079,,,2,100,,26041,4079,,,2
1901,'F2',546,,26042,4079,,,2,70,,26052,4079,,,2,30,,26043,4079,,,2,70,,26053,4079,,,2,30,,26044,4079,,,2,70,,26054,4079,,,2,30,,26045,4079,,,2,70,,26055,4079,,,2,34,,26046,4079,,,2,70,,26056,4079,,,2,30,,26047,4079,,,2,70,,26057,4079,,,2,30,,26048,4079,,,2,70,,26069,4079,,,2,30,,26049,4079,,,2,70,,26070,4079,,,2,30,,26050,4079,,,2,70,,26071,4079,,,2,30,,26051,4079,,,2,70,,26072,4079,,,2,30,,26058,4079,,,2,70,,26073,4079,,,2,30,,26059,4079,,,2,70,,26074,4079,,,2,30,,26060,4079,,,2,70,,26075,4079,,,2,30,,26061,4079,,,2,100,,26062,4079,,,2,100,,26063,4079,,,2,100,,26064,4079,,,2,100,,26065,4079,,,2,100,,26066,4079,,,2,100,,26067,4079,,,2
1901,'F7',505,,26090,4079,,,2,35,,26089,4079,,,2,70,,26113,4079,,,2,24,,26105,4079,,,2,14,,26111,4079,,,2,55,,26106,4079,,,2,12,,26109,4079,,,2,12,,26110,4079,,,2,12,,26103,4079,,,2,12,,26108,4079,,,2,55,,26102,4079,,,2,21,,26107,4079,,,2,20,,26104,4079,,,2,71,,26076,4079,,,2,34,,26098,4079,,,2,70,,26077,4079,,,2,30,,26078,4079,,,2,70,,26091,4079,,,2,30,,26079,4079,,,2,70,,26092,4079,,,2,30,,26095,4079,,,2,70,,26093,4079,,,2,30,,26096,4079,,,2,72,,26094,4079,,,2,30,,26114,4079,,,2,70,,26112,4079,,,2,29,,26121,4079,,,2,61,,26120,4079,,,2,23,,26118,4079,,,2,20,,26117,4079,,,2,61,,26119,4079,,,2,18,,26115,4079,,,2,17,,26116,4079,,,2,61,,26122,4079,,,2,19,,26084,4079,,,2,24,,26097,4079,,,2,65,,26080,4079,,,2,30,,26099,4079,,,2,70,,26081,4079,,,2,30,,26100,4079,,,2,70,,26082,4079,,,2,29,,26101,4079,,,2,100,,26085,4079,,,2,100,,26086,4079,,,2,100,,26087,4079,,,2
1901,'F8',546,,26123,4079,,,2,70,,26133,4079,,,2,30,,26124,4079,,,2,70,,26134,4079,,,2,30,,26125,4079,,,2,70,,26135,4079,,,2,30,,26126,4079,,,2,70,,26136,4079,,,2,34,,26127,4079,,,2,70,,26137,4079,,,2,30,,26128,4079,,,2,70,,26138,4079,,,2,30,,26129,4079,,,2,70,,26150,4079,,,2,30,,26130,4079,,,2,70,,26151,4079,,,2,30,,26131,4079,,,2,70,,26152,4079,,,2,30,,26132,4079,,,2,70,,26153,4079,,,2,30,,26139,4079,,,2,70,,26154,4079,,,2,30,,26140,4079,,,2,70,,26155,4079,,,2,30,,26141,4079,,,2,70,,26156,4079,,,2,30,,26142,4079,,,2,100,,26143,4079,,,2,100,,26144,4079,,,2,100,,26145,4079,,,2,100,,26146,4079,,,2,100,,26147,4079,,,2,100,,26148,4079,,,2
1901,'F9',546,,26158,4079,,,2,100,,26159,4079,,,2,100,,26160,4079,,,2,100,,26161,4079,,,2,104,,26162,4079,,,2,100,,26163,4079,,,2,100,,26164,4079,,,2,100,,26165,4079,,,2,100,,26166,4079,,,2,100,,26167,4079,,,2,100,,26168,4079,,,2,100,,26169,4079,,,2,100,,26170,4079,,,2,100,,26171,4079,,,2,100,,26172,4079,,,2,100,,26173,4079,,,2,100,,26174,4079,,,2,100,,26175,4079,,,2,100,,26176,4079,,,2,100,,26177,4079,,,2
1901,'SA',546,,26178,4079,,,2,70,,26188,4079,,,2,30,,26179,4079,,,2,70,,26189,4079,,,2,30,,26180,4079,,,2,70,,26190,4079,,,2,30,,26181,4079,,,2,70,,26191,4079,,,2,34,,26182,4079,,,2,70,,26192,4079,,,2,30,,26183,4079,,,2,70,,26193,4079,,,2,30,,26184,4079,,,2,70,,26205,4079,,,2,30,,26185,4079,,,2,70,,26206,4079,,,2,30,,26186,4079,,,2,70,,26207,4079,,,2,30,,26187,4079,,,2,70,,26208,4079,,,2,30,,26194,4079,,,2,70,,26209,4079,,,2,30,,26195,4079,,,2,70,,26210,4079,,,2,30,,26196,4079,,,2,70,,26211,4079,,,2,30,,26197,4079,,,2,100,,26198,4079,,,2,100,,26199,4079,,,2,100,,26200,4079,,,2,100,,26201,4079,,,2,100,,26202,4079,,,2,100,,26203,4079,,,2
1901,'SE',505,,26226,4079,,,2,35,,26225,4079,,,2,70,,26249,4079,,,2,24,,26241,4079,,,2,14,,26247,4079,,,2,55,,26242,4079,,,2,12,,26245,4079,,,2,12,,26246,4079,,,2,12,,26239,4079,,,2,12,,26244,4079,,,2,55,,26238,4079,,,2,21,,26243,4079,,,2,20,,26240,4079,,,2,71,,26212,4079,,,2,34,,26234,4079,,,2,70,,26213,4079,,,2,30,,26214,4079,,,2,70,,26227,4079,,,2,30,,26215,4079,,,2,70,,26228,4079,,,2,30,,26231,4079,,,2,70,,26229,4079,,,2,30,,26232,4079,,,2,72,,26230,4079,,,2,30,,26250,4079,,,2,70,,26248,4079,,,2,29,,26257,4079,,,2,61,,26256,4079,,,2,23,,26254,4079,,,2,20,,26253,4079,,,2,61,,26255,4079,,,2,18,,26251,4079,,,2,17,,26252,4079,,,2,61,,26258,4079,,,2,19,,26220,4079,,,2,24,,26233,4079,,,2,65,,26216,4079,,,2,30,,26235,4079,,,2,70,,26217,4079,,,2,30,,26236,4079,,,2,70,,26218,4079,,,2,29,,26237,4079,,,2,100,,26221,4079,,,2,100,,26222,4079,,,2,100,,26223,4079,,,2
53901,'F7',855,,40684,633,,,2
53901,'SE',855,,40685,633,,,2
60101,'F7',836,,40743,1692,,,2
60101,'SE',836,,40744,1692,,,2
