2301,'F1',617,,6669,6017,,,2,103,,6670,6017,,,2,101,,6671,6017,,,2,100,,6667,6017,,,2,103,,6668,6017,,,2,99,,6672,6017,,,2,103,,6673,6017,,,2,97,,6664,6017,,,2,99,,6665,6017,,,2,100,,6666,6017,,,2,100,,6675,6017,,,2,100,,6674,6017,,,2
2301,'F8',1025,,6678,6017,,,2,100,,6676,6017,,,2,100,,6679,6017,,,2,101,,6677,6017,,,2,100,,6680,6017,,,2
2301,'F9',617,,6686,6017,,,2,103,,6687,6017,,,2,101,,6688,6017,,,2,100,,6684,6017,,,2,103,,6685,6017,,,2,99,,6689,6017,,,2,103,,6690,6017,,,2,97,,6681,6017,,,2,99,,6682,6017,,,2,100,,6683,6017,,,2,100,,6692,6017,,,2,100,,6691,6017,,,2
2301,'SA',617,,6698,6017,,,2,103,,6699,6017,,,2,101,,6700,6017,,,2,100,,6696,6017,,,2,103,,6697,6017,,,2,99,,6701,6017,,,2,103,,6702,6017,,,2,97,,6693,6017,,,2,99,,6694,6017,,,2,100,,6695,6017,,,2,100,,6704,6017,,,2,100,,6703,6017,,,2
2301,'SE',1025,,6707,6017,,,2,100,,6705,6017,,,2,100,,6708,6017,,,2,101,,6706,6017,,,2,100,,6709,6017,,,2
12301,'DI',551,,16064,20313,,,2,100,,16071,20313,,,2,100,,16065,20313,,,2,100,,16072,20313,,,2,101,,16066,20313,,,2,100,,16073,20313,,,2,100,,16067,20313,,,2,100,,16074,20313,,,2,100,,16068,20313,,,2,100,,16075,20313,,,2,100,,16069,20313,,,2,100,,16076,20313,,,2,100,,16070,20313,,,2,100,,16077,20313,,,2,100,,16078,20313,,,2,99,,16061,20313,,,2,100,,16079,20313,,,2,100,,16062,20313,,,2,100,,16080,20313,,,2,100,,16063,20313,,,2
12301,'F1',550,,16081,20313,,,2,100,,16094,20313,,,2,100,,16082,20313,,,2,100,,16095,20313,,,2,100,,16083,20313,,,2,100,,16096,20313,,,2,100,,16084,20313,,,2,100,,16097,20313,,,2,100,,16085,20313,,,2,100,,16098,20313,,,2,100,,16086,20313,,,2,100,,16099,20313,,,2,100,,16087,20313,,,2,100,,16100,20313,,,2,100,,16088,20313,,,2,100,,16091,20313,,,2,100,,16089,20313,,,2,100,,16092,20313,,,2,100,,16090,20313,,,2,100,,16093,20313,,,2
12301,'F7',551,,16104,20313,,,2,100,,16111,20313,,,2,100,,16105,20313,,,2,100,,16112,20313,,,2,101,,16106,20313,,,2,100,,16113,20313,,,2,100,,16107,20313,,,2,100,,16114,20313,,,2,100,,16108,20313,,,2,100,,16115,20313,,,2,100,,16109,20313,,,2,100,,16116,20313,,,2,100,,16110,20313,,,2,100,,16117,20313,,,2,100,,16118,20313,,,2,99,,16101,20313,,,2,100,,16119,20313,,,2,100,,16102,20313,,,2,100,,16120,20313,,,2,100,,16103,20313,,,2
12301,'F8',537,,16140,20313,,,2,70,,16141,20313,,,2,20,,16126,20313,,,2,25,,16124,20313,,,2,55,,16123,20313,,,2,27,,16127,20313,,,2,70,,16122,20313,,,2,28,,16121,20313,,,2,70,,16125,20313,,,2,28,,16144,20313,,,2,70,,16145,20313,,,2,56,,16130,20313,,,2,101,,16138,20313,,,2,100,,16128,20313,,,2,100,,16147,20313,,,2,100,,16149,20313,,,2,51,,16156,20313,,,2,27,,16151,20313,,,2,20,,16133,20313,,,2,55,,16132,20313,,,2,19,,16135,20313,,,2,6,,16146,20313,,,2,16,,16154,20313,,,2,50,,16155,20313,,,2,6,,16131,20313,,,2,24,,16153,20313,,,2,26,,16152,20313,,,2,67,,16150,20313,,,2,31,,16136,20313,,,2,66,,16129,20313,,,2,34,,16134,20313,,,2,68,,16137,20313,,,2,30,,16157,20313,,,2,98,,16148,20313,,,2,98,,16142,20313,,,2,100,,16139,20313,,,2,157,,16143,20313,,,2
12301,'F9',550,,16158,20313,,,2,100,,16171,20313,,,2,100,,16159,20313,,,2,100,,16172,20313,,,2,100,,16160,20313,,,2,100,,16173,20313,,,2,100,,16161,20313,,,2,100,,16174,20313,,,2,100,,16162,20313,,,2,100,,16175,20313,,,2,100,,16163,20313,,,2,100,,16176,20313,,,2,100,,16164,20313,,,2,100,,16177,20313,,,2,100,,16165,20313,,,2,100,,16168,20313,,,2,100,,16166,20313,,,2,100,,16169,20313,,,2,100,,16167,20313,,,2,100,,16170,20313,,,2
12301,'SA',550,,16178,20313,,,2,100,,16191,20313,,,2,100,,16179,20313,,,2,100,,16192,20313,,,2,100,,16180,20313,,,2,100,,16193,20313,,,2,100,,16181,20313,,,2,100,,16194,20313,,,2,100,,16182,20313,,,2,100,,16195,20313,,,2,100,,16183,20313,,,2,100,,16196,20313,,,2,100,,16184,20313,,,2,100,,16197,20313,,,2,100,,16185,20313,,,2,100,,16188,20313,,,2,100,,16186,20313,,,2,100,,16189,20313,,,2,100,,16187,20313,,,2,100,,16190,20313,,,2
12301,'SE',537,,16217,20313,,,2,70,,16218,20313,,,2,20,,16203,20313,,,2,25,,16201,20313,,,2,55,,16200,20313,,,2,27,,16204,20313,,,2,70,,16199,20313,,,2,28,,16198,20313,,,2,70,,16202,20313,,,2,28,,16221,20313,,,2,70,,16222,20313,,,2,56,,16207,20313,,,2,101,,16215,20313,,,2,100,,16205,20313,,,2,100,,16224,20313,,,2,100,,16226,20313,,,2,51,,16233,20313,,,2,27,,16228,20313,,,2,20,,16210,20313,,,2,55,,16209,20313,,,2,19,,16212,20313,,,2,6,,16223,20313,,,2,16,,16231,20313,,,2,50,,16232,20313,,,2,6,,16208,20313,,,2,24,,16230,20313,,,2,26,,16229,20313,,,2,67,,16227,20313,,,2,31,,16213,20313,,,2,66,,16206,20313,,,2,34,,16211,20313,,,2,68,,16214,20313,,,2,30,,16234,20313,,,2,98,,16225,20313,,,2,98,,16219,20313,,,2,100,,16216,20313,,,2,157,,16220,20313,,,2
17001,'F8',517,,17082,3013,0,48 49,2,30,,17083,3013,0,48 49,2,62,,17066,3013,0,48 49,2,30,,17070,3013,0,48 49,2,70,,17067,3013,0,48 49,2,30,,17071,3013,0,48 49,2,70,,17068,3013,0,48 49,2,35,,17072,3013,0,48 49,2,70,,17069,3013,0,48 49,2,616,,17078,3013,0,48 49,2,70,,17073,3013,0,48 49,2,30,,17079,3013,0,48 49,2,70,,17074,3013,0,48 49,2,30,,17080,3013,0,48 49,2,70,,17075,3013,0,48 49,2,30,,17081,3013,0,48 49,2,70,,17076,3013,0,48 49,2
17001,'SE',517,,17100,3013,0,48 49,2,30,,17101,3013,0,48 49,2,62,,17084,3013,0,48 49,2,30,,17088,3013,0,48 49,2,70,,17085,3013,0,48 49,2,30,,17089,3013,0,48 49,2,70,,17086,3013,0,48 49,2,35,,17090,3013,0,48 49,2,70,,17087,3013,0,48 49,2,616,,17096,3013,0,48 49,2,70,,17091,3013,0,48 49,2,30,,17097,3013,0,48 49,2,70,,17092,3013,0,48 49,2,30,,17098,3013,0,48 49,2,70,,17093,3013,0,48 49,2,30,,17099,3013,0,48 49,2,70,,17094,3013,0,48 49,2
57501,'F8',851,,18844,9391,,,2
57501,'SE',851,,18845,9391,,,2
