6101,'DI',723,,32655,11948,,,2,30,,32652,11948,,,2,72,,32658,11948,,,2,17,,32656,11948,,,2,70,,32653,11948,,,2,30,,32659,11948,,,2,70,,32657,11948,,,2,30,,32654,11948,,,2,70,,32660,11948,,,2,30,,32661,11948,,,2,70,,32665,11948,,,2,30,,32669,11948,,,2,70,,32662,11948,,,2,30,,32666,11948,,,2,70,,32670,11948,,,2,30,,32663,11948,,,2,70,,32667,11948,,,2,30,,32671,11948,,,2,70,,32664,11948,,,2,34,,32668,11948,,,2,61,,32672,11948,,,2,35,,32674,11948,,,2,60,,32677,11948,,,2,40,,32673,11948,,,2,65,,32675,11948,,,2,30,,32678,11948,,,2,85,,32676,11948,,,2,100,,32679,11948,,,2,100,,32680,11948,,,2,100,,32681,11948,,,2
6101,'F1',723,,32687,11948,,,2,30,,32684,11948,,,2,72,,32690,11948,,,2,17,,32688,11948,,,2,70,,32685,11948,,,2,30,,32691,11948,,,2,70,,32689,11948,,,2,30,,32686,11948,,,2,70,,32692,11948,,,2,30,,32693,11948,,,2,70,,32697,11948,,,2,30,,32699,11948,,,2,70,,32694,11948,,,2,30,,32698,11948,,,2,70,,32700,11948,,,2,30,,32695,11948,,,2,70,,32701,11948,,,2,30,,32705,11948,,,2,70,,32696,11948,,,2,34,,32702,11948,,,2,61,,32706,11948,,,2,35,,32708,11948,,,2,60,,32703,11948,,,2,40,,32707,11948,,,2,65,,32709,11948,,,2,30,,32704,11948,,,2,85,,32710,11948,,,2,100,,32712,11948,,,2,100,,32711,11948,,,2,100,,32714,11948,,,2
6101,'F2',723,,32719,11948,,,2,30,,32716,11948,,,2,72,,32722,11948,,,2,17,,32720,11948,,,2,70,,32717,11948,,,2,30,,32723,11948,,,2,70,,32721,11948,,,2,30,,32718,11948,,,2,70,,32724,11948,,,2,30,,32725,11948,,,2,70,,32729,11948,,,2,30,,32731,11948,,,2,70,,32726,11948,,,2,30,,32730,11948,,,2,70,,32732,11948,,,2,30,,32727,11948,,,2,70,,32733,11948,,,2,30,,32737,11948,,,2,70,,32728,11948,,,2,34,,32734,11948,,,2,61,,32738,11948,,,2,35,,32740,11948,,,2,60,,32735,11948,,,2,40,,32739,11948,,,2,65,,32741,11948,,,2,30,,32736,11948,,,2,85,,32742,11948,,,2,100,,32744,11948,,,2,100,,32743,11948,,,2,100,,32746,11948,,,2
6101,'F7',603,,32797,11948,,,2,30,,32799,11948,,,2,10,,32752,11948,,,2,16,,32755,11948,,,2,49,,32749,11948,,,2,14,,32758,11948,,,2,15,,32748,11948,,,2,7,,32762,11948,,,2,56,,32756,11948,,,2,9,,32761,11948,,,2,19,,32753,11948,,,2,24,,32750,11948,,,2,62,,32759,11948,,,2,15,,32763,11948,,,2,76,,32754,11948,,,2,30,,32751,11948,,,2,70,,32760,11948,,,2,32,,32798,11948,,,2,70,,32757,11948,,,2,30,,32764,11948,,,2,72,,32768,11948,,,2,30,,32765,11948,,,2,70,,32766,11948,,,2,33,,32770,11948,,,2,61,,32772,11948,,,2,27,,32775,11948,,,2,23,,32767,11948,,,2,60,,32769,11948,,,2,24,,32777,11948,,,2,4,,32779,11948,,,2,65,,32773,11948,,,2,7,,32774,11948,,,2,14,,32780,11948,,,2,13,,32781,11948,,,2,14,,32771,11948,,,2,54,,32784,11948,,,2,6,,32787,11948,,,2,14,,32778,11948,,,2,14,,32776,11948,,,2,64,,32789,11948,,,2,24,,32782,11948,,,2,28,,32792,11948,,,2,68,,32795,11948,,,2,30,,32785,11948,,,2,69,,32788,11948,,,2,29,,32796,11948,,,2,70,,32783,11948,,,2,29,,32793,11948,,,2,70,,32790,11948,,,2
6101,'F8',723,,32803,11948,,,2,30,,32800,11948,,,2,72,,32806,11948,,,2,17,,32804,11948,,,2,70,,32801,11948,,,2,30,,32807,11948,,,2,70,,32805,11948,,,2,30,,32802,11948,,,2,70,,32808,11948,,,2,30,,32809,11948,,,2,70,,32813,11948,,,2,30,,32815,11948,,,2,70,,32810,11948,,,2,30,,32814,11948,,,2,70,,32816,11948,,,2,30,,32811,11948,,,2,70,,32817,11948,,,2,30,,32821,11948,,,2,70,,32812,11948,,,2,34,,32818,11948,,,2,61,,32822,11948,,,2,35,,32824,11948,,,2,60,,32819,11948,,,2,40,,32823,11948,,,2,65,,32825,11948,,,2,30,,32820,11948,,,2,85,,32826,11948,,,2,100,,32828,11948,,,2,100,,32827,11948,,,2,100,,32830,11948,,,2
6101,'F9',723,,32835,11948,,,2,30,,32832,11948,,,2,72,,32838,11948,,,2,17,,32836,11948,,,2,70,,32833,11948,,,2,30,,32839,11948,,,2,70,,32837,11948,,,2,30,,32834,11948,,,2,70,,32840,11948,,,2,30,,32841,11948,,,2,70,,32845,11948,,,2,30,,32849,11948,,,2,70,,32842,11948,,,2,30,,32846,11948,,,2,70,,32850,11948,,,2,30,,32843,11948,,,2,70,,32847,11948,,,2,30,,32851,11948,,,2,70,,32844,11948,,,2,34,,32848,11948,,,2,61,,32852,11948,,,2,35,,32854,11948,,,2,60,,32857,11948,,,2,40,,32853,11948,,,2,65,,32855,11948,,,2,30,,32858,11948,,,2,85,,32856,11948,,,2,100,,32859,11948,,,2,100,,32860,11948,,,2,100,,32861,11948,,,2
6101,'SA',723,,32867,11948,,,2,30,,32864,11948,,,2,72,,32870,11948,,,2,17,,32868,11948,,,2,70,,32865,11948,,,2,30,,32871,11948,,,2,70,,32869,11948,,,2,30,,32866,11948,,,2,70,,32872,11948,,,2,30,,32873,11948,,,2,70,,32877,11948,,,2,30,,32879,11948,,,2,70,,32874,11948,,,2,30,,32878,11948,,,2,70,,32880,11948,,,2,30,,32875,11948,,,2,70,,32881,11948,,,2,30,,32885,11948,,,2,70,,32876,11948,,,2,34,,32882,11948,,,2,61,,32886,11948,,,2,35,,32888,11948,,,2,60,,32883,11948,,,2,40,,32887,11948,,,2,65,,32889,11948,,,2,30,,32884,11948,,,2,85,,32890,11948,,,2,100,,32892,11948,,,2,100,,32891,11948,,,2,100,,32894,11948,,,2
6101,'SE',603,,32945,11948,,,2,30,,32947,11948,,,2,10,,32900,11948,,,2,16,,32903,11948,,,2,49,,32897,11948,,,2,14,,32906,11948,,,2,15,,32896,11948,,,2,7,,32910,11948,,,2,56,,32904,11948,,,2,9,,32909,11948,,,2,19,,32901,11948,,,2,24,,32898,11948,,,2,62,,32907,11948,,,2,15,,32911,11948,,,2,76,,32902,11948,,,2,30,,32899,11948,,,2,70,,32908,11948,,,2,32,,32946,11948,,,2,70,,32905,11948,,,2,30,,32912,11948,,,2,72,,32916,11948,,,2,30,,32913,11948,,,2,70,,32914,11948,,,2,33,,32918,11948,,,2,61,,32920,11948,,,2,27,,32923,11948,,,2,23,,32915,11948,,,2,60,,32917,11948,,,2,24,,32925,11948,,,2,4,,32927,11948,,,2,65,,32921,11948,,,2,7,,32922,11948,,,2,14,,32928,11948,,,2,13,,32929,11948,,,2,14,,32919,11948,,,2,54,,32932,11948,,,2,6,,32935,11948,,,2,14,,32926,11948,,,2,14,,32924,11948,,,2,64,,32937,11948,,,2,24,,32930,11948,,,2,28,,32940,11948,,,2,68,,32943,11948,,,2,30,,32933,11948,,,2,69,,32936,11948,,,2,29,,32944,11948,,,2,70,,32931,11948,,,2,29,,32941,11948,,,2,70,,32938,11948,,,2
16101,'DI',558,,38767,3415,0,35 36,2,1172,,38766,3415,0,35 36,2
16101,'F1',558,,38778,3415,0,35 36,2,1172,,38779,3415,0,35 36,2
16101,'F2',558,,38791,3415,0,35 36,2,1172,,38792,3415,0,35 36,2
16101,'F7',634,,38809,3415,0,35 36,2,73,,38807,3415,0,35 36,2,32,,38810,3415,0,35 36,2,502,,38806,3415,0,35 36,2,372,,38812,3415,0,35 36,2,36,,38808,3415,0,35 36,2,78,,38811,3415,0,35 36,2
16101,'F8',558,,38824,3415,0,35 36,2,1172,,38825,3415,0,35 36,2
16101,'F9',558,,38838,3415,0,35 36,2,1172,,38837,3415,0,35 36,2
16101,'SA',558,,38849,3415,0,35 36,2,1172,,38850,3415,0,35 36,2
16101,'SE',634,,38867,3415,0,35 36,2,73,,38865,3415,0,35 36,2,32,,38868,3415,0,35 36,2,502,,38864,3415,0,35 36,2,372,,38870,3415,0,35 36,2,36,,38866,3415,0,35 36,2,78,,38869,3415,0,35 36,2
68300,'F7',1700,,40894,20261,4,,2
68300,'SE',1700,,40895,20261,4,,2
