5000,'DI',724,,31252,4710,,,2,100,,31260,4710,,,2,100,,31258,4710,,,2,103,,31259,4710,,,2,94,,31261,4710,,,2,103,,31262,4710,,,2,103,,31263,4710,,,2,97,,31251,4710,,,2,96,,31264,4710,,,2,103,,31249,4710,,,2,106,,31248,4710,,,2,95,,31257,4710,,,2,100,,31250,4710,,,2,100,,31253,4710,,,2,100,,31255,4710,,,2,100,,31265,4710,,,2,100,,31254,4710,,,2,100,,31256,4710,,,2,100,,31266,4710,,,2
5000,'F1',624,,31279,4710,,,2,98,,31273,4710,,,2,102,,31284,4710,,,2,97,,31269,4710,,,2,103,,31270,4710,,,2,96,,31286,4710,,,2,102,,31285,4710,,,2,98,,31268,4710,,,2,99,,31280,4710,,,2,103,,31281,4710,,,2,103,,31282,4710,,,2,103,,31283,4710,,,2,96,,31271,4710,,,2,100,,31277,4710,,,2,100,,31274,4710,,,2,100,,31287,4710,,,2,97,,31275,4710,,,2,103,,31276,4710,,,2,101,,31278,4710,,,2,99,,31272,4710,,,2
5000,'F2',624,,31294,4710,,,2,98,,31293,4710,,,2,102,,31298,4710,,,2,97,,31302,4710,,,2,103,,31303,4710,,,2,96,,31307,4710,,,2,102,,31304,4710,,,2,98,,31288,4710,,,2,99,,31289,4710,,,2,103,,31290,4710,,,2,103,,31291,4710,,,2,103,,31292,4710,,,2,96,,31295,4710,,,2,100,,31306,4710,,,2,100,,31305,4710,,,2,100,,31296,4710,,,2,97,,31299,4710,,,2,103,,31300,4710,,,2,101,,31301,4710,,,2,99,,31297,4710,,,2
5000,'F7',714,,31317,4710,,,2,30,,31313,4710,,,2,70,,31319,4710,,,2,33,,31322,4710,,,2,67,,31330,4710,,,2,100,,31333,4710,,,2,100,,31320,4710,,,2,100,,31315,4710,,,2,100,,31323,4710,,,2,99,,31308,4710,,,2,102,,31324,4710,,,2,28,,31334,4710,,,2,70,,31312,4710,,,2,34,,31335,4710,,,2,66,,31325,4710,,,2,30,,31309,4710,,,2,70,,31331,4710,,,2,31,,31314,4710,,,2,70,,31332,4710,,,2,100,,31310,4710,,,2,100,,31326,4710,,,2,100,,31311,4710,,,2,100,,31327,4710,,,2,100,,31328,4710,,,2,100,,31329,4710,,,2
5000,'F8',624,,31342,4710,,,2,98,,31341,4710,,,2,102,,31346,4710,,,2,97,,31350,4710,,,2,103,,31351,4710,,,2,96,,31355,4710,,,2,102,,31352,4710,,,2,98,,31336,4710,,,2,99,,31337,4710,,,2,103,,31338,4710,,,2,103,,31339,4710,,,2,103,,31340,4710,,,2,96,,31343,4710,,,2,100,,31354,4710,,,2,100,,31353,4710,,,2,100,,31344,4710,,,2,97,,31347,4710,,,2,103,,31348,4710,,,2,101,,31349,4710,,,2,99,,31345,4710,,,2
5000,'F9',724,,31360,4710,,,2,100,,31368,4710,,,2,100,,31366,4710,,,2,103,,31367,4710,,,2,94,,31369,4710,,,2,103,,31370,4710,,,2,103,,31371,4710,,,2,97,,31359,4710,,,2,96,,31372,4710,,,2,103,,31357,4710,,,2,106,,31356,4710,,,2,95,,31365,4710,,,2,100,,31358,4710,,,2,100,,31361,4710,,,2,100,,31363,4710,,,2,100,,31373,4710,,,2,100,,31362,4710,,,2,100,,31364,4710,,,2,100,,31374,4710,,,2
5000,'SA',624,,31382,4710,,,2,98,,31381,4710,,,2,102,,31386,4710,,,2,97,,31390,4710,,,2,103,,31391,4710,,,2,96,,31395,4710,,,2,102,,31392,4710,,,2,98,,31376,4710,,,2,99,,31377,4710,,,2,103,,31378,4710,,,2,103,,31379,4710,,,2,103,,31380,4710,,,2,96,,31383,4710,,,2,100,,31394,4710,,,2,100,,31393,4710,,,2,100,,31384,4710,,,2,97,,31387,4710,,,2,103,,31388,4710,,,2,101,,31389,4710,,,2,99,,31385,4710,,,2
5000,'SE',714,,31405,4710,,,2,30,,31401,4710,,,2,70,,31407,4710,,,2,33,,31410,4710,,,2,67,,31418,4710,,,2,100,,31421,4710,,,2,100,,31408,4710,,,2,100,,31403,4710,,,2,100,,31411,4710,,,2,99,,31396,4710,,,2,102,,31412,4710,,,2,28,,31422,4710,,,2,70,,31400,4710,,,2,34,,31423,4710,,,2,66,,31413,4710,,,2,30,,31397,4710,,,2,70,,31419,4710,,,2,31,,31402,4710,,,2,70,,31420,4710,,,2,100,,31398,4710,,,2,100,,31414,4710,,,2,100,,31399,4710,,,2,100,,31415,4710,,,2,100,,31416,4710,,,2,100,,31417,4710,,,2
53201,'F7',916,,40658,7783,,,2,1,,40659,7783,,,2
53201,'SE',916,,40660,7783,,,2,1,,40661,7783,,,2
66500,'F7',1619,,40850,4233,4,,2
66500,'SE',1619,,40851,4233,4,,2
