6101,'DI',702,,11370,1525,,,2,30,,11367,1525,,,2,72,,11373,1525,,,2,17,,11371,1525,,,2,30,,11368,1525,,,2,70,,11374,1525,,,2,30,,11372,1525,,,2,70,,11369,1525,,,2,30,,11375,1525,,,2,70,,11376,1525,,,2,30,,11380,1525,,,2,70,,11384,1525,,,2,30,,11377,1525,,,2,70,,11381,1525,,,2,30,,11385,1525,,,2,70,,11378,1525,,,2,30,,11382,1525,,,2,70,,11386,1525,,,2,30,,11379,1525,,,2,74,,11383,1525,,,2,21,,11387,1525,,,2,75,,11389,1525,,,2,20,,11392,1525,,,2,80,,11388,1525,,,2,25,,11390,1525,,,2,70,,11393,1525,,,2,85,,11391,1525,,,2,100,,11394,1525,,,2,100,,11395,1525,,,2,100,,11396,1525,,,2,100,,11397,1525,,,2,100,,11398,1525,,,2
6101,'F1',702,,11402,1525,,,2,30,,11399,1525,,,2,72,,11405,1525,,,2,17,,11403,1525,,,2,30,,11400,1525,,,2,70,,11406,1525,,,2,30,,11404,1525,,,2,70,,11401,1525,,,2,30,,11407,1525,,,2,70,,11408,1525,,,2,30,,11412,1525,,,2,70,,11414,1525,,,2,30,,11409,1525,,,2,70,,11413,1525,,,2,30,,11415,1525,,,2,70,,11410,1525,,,2,30,,11416,1525,,,2,70,,11420,1525,,,2,30,,11411,1525,,,2,74,,11417,1525,,,2,21,,11421,1525,,,2,75,,11423,1525,,,2,20,,11418,1525,,,2,80,,11422,1525,,,2,25,,11424,1525,,,2,70,,11419,1525,,,2,85,,11425,1525,,,2,100,,11427,1525,,,2,100,,11426,1525,,,2,100,,11429,1525,,,2,100,,11428,1525,,,2,100,,11430,1525,,,2
6101,'F7',702,,11434,1525,,,2,30,,11431,1525,,,2,72,,11437,1525,,,2,17,,11435,1525,,,2,30,,11432,1525,,,2,70,,11438,1525,,,2,30,,11436,1525,,,2,70,,11433,1525,,,2,30,,11439,1525,,,2,70,,11440,1525,,,2,30,,11444,1525,,,2,70,,11448,1525,,,2,30,,11441,1525,,,2,70,,11445,1525,,,2,30,,11449,1525,,,2,70,,11442,1525,,,2,30,,11446,1525,,,2,70,,11450,1525,,,2,30,,11443,1525,,,2,74,,11447,1525,,,2,21,,11451,1525,,,2,75,,11453,1525,,,2,20,,11456,1525,,,2,80,,11452,1525,,,2,25,,11454,1525,,,2,70,,11457,1525,,,2,85,,11455,1525,,,2,100,,11458,1525,,,2,100,,11459,1525,,,2,100,,11460,1525,,,2,100,,11461,1525,,,2,100,,11462,1525,,,2
6101,'F8',540,,11512,1525,,,2,70,,11514,1525,,,2,10,,11467,1525,,,2,14,,11470,1525,,,2,9,,11464,1525,,,2,14,,11473,1525,,,2,54,,11463,1525,,,2,7,,11477,1525,,,2,20,,11471,1525,,,2,9,,11476,1525,,,2,59,,11468,1525,,,2,24,,11465,1525,,,2,22,,11474,1525,,,2,55,,11478,1525,,,2,36,,11469,1525,,,2,70,,11466,1525,,,2,30,,11475,1525,,,2,72,,11513,1525,,,2,30,,11472,1525,,,2,70,,11479,1525,,,2,30,,11483,1525,,,2,70,,11480,1525,,,2,30,,11481,1525,,,2,73,,11485,1525,,,2,21,,11487,1525,,,2,67,,11490,1525,,,2,23,,11482,1525,,,2,20,,11484,1525,,,2,64,,11492,1525,,,2,4,,11494,1525,,,2,25,,11488,1525,,,2,7,,11489,1525,,,2,54,,11495,1525,,,2,13,,11496,1525,,,2,14,,11486,1525,,,2,15,,11499,1525,,,2,6,,11502,1525,,,2,56,,11493,1525,,,2,14,,11491,1525,,,2,24,,11504,1525,,,2,64,,11497,1525,,,2,28,,11507,1525,,,2,69,,11510,1525,,,2,30,,11500,1525,,,2,69,,11503,1525,,,2,30,,11511,1525,,,2,70,,11498,1525,,,2,29,,11508,1525,,,2,70,,11505,1525,,,2,29,,11501,1525,,,2,68,,11509,1525,,,2,30,,11506,1525,,,2
6101,'F9',702,,11518,1525,,,2,30,,11515,1525,,,2,72,,11521,1525,,,2,17,,11519,1525,,,2,30,,11516,1525,,,2,70,,11522,1525,,,2,30,,11520,1525,,,2,70,,11517,1525,,,2,30,,11523,1525,,,2,70,,11524,1525,,,2,30,,11528,1525,,,2,70,,11530,1525,,,2,30,,11525,1525,,,2,70,,11529,1525,,,2,30,,11531,1525,,,2,70,,11526,1525,,,2,30,,11532,1525,,,2,70,,11536,1525,,,2,30,,11527,1525,,,2,74,,11533,1525,,,2,21,,11537,1525,,,2,75,,11539,1525,,,2,20,,11534,1525,,,2,80,,11538,1525,,,2,25,,11540,1525,,,2,70,,11535,1525,,,2,85,,11541,1525,,,2,100,,11543,1525,,,2,100,,11542,1525,,,2,100,,11545,1525,,,2,100,,11544,1525,,,2,100,,11546,1525,,,2
6101,'SA',702,,11550,1525,,,2,30,,11547,1525,,,2,72,,11553,1525,,,2,17,,11551,1525,,,2,30,,11548,1525,,,2,70,,11554,1525,,,2,30,,11552,1525,,,2,70,,11549,1525,,,2,30,,11555,1525,,,2,70,,11556,1525,,,2,30,,11560,1525,,,2,70,,11562,1525,,,2,30,,11557,1525,,,2,70,,11561,1525,,,2,30,,11563,1525,,,2,70,,11558,1525,,,2,30,,11564,1525,,,2,70,,11568,1525,,,2,30,,11559,1525,,,2,74,,11565,1525,,,2,21,,11569,1525,,,2,75,,11571,1525,,,2,20,,11566,1525,,,2,80,,11570,1525,,,2,25,,11572,1525,,,2,70,,11567,1525,,,2,85,,11573,1525,,,2,100,,11575,1525,,,2,100,,11574,1525,,,2,100,,11577,1525,,,2,100,,11576,1525,,,2,100,,11578,1525,,,2
6101,'SE',540,,11628,1525,,,2,70,,11630,1525,,,2,10,,11583,1525,,,2,14,,11586,1525,,,2,9,,11580,1525,,,2,14,,11589,1525,,,2,54,,11579,1525,,,2,7,,11593,1525,,,2,20,,11587,1525,,,2,9,,11592,1525,,,2,59,,11584,1525,,,2,24,,11581,1525,,,2,22,,11590,1525,,,2,55,,11594,1525,,,2,36,,11585,1525,,,2,70,,11582,1525,,,2,30,,11591,1525,,,2,72,,11629,1525,,,2,30,,11588,1525,,,2,70,,11595,1525,,,2,30,,11599,1525,,,2,70,,11596,1525,,,2,30,,11597,1525,,,2,73,,11601,1525,,,2,21,,11603,1525,,,2,67,,11606,1525,,,2,23,,11598,1525,,,2,20,,11600,1525,,,2,64,,11608,1525,,,2,4,,11610,1525,,,2,25,,11604,1525,,,2,7,,11605,1525,,,2,54,,11611,1525,,,2,13,,11612,1525,,,2,14,,11602,1525,,,2,15,,11615,1525,,,2,6,,11618,1525,,,2,56,,11609,1525,,,2,14,,11607,1525,,,2,24,,11620,1525,,,2,64,,11613,1525,,,2,28,,11623,1525,,,2,69,,11626,1525,,,2,30,,11616,1525,,,2,69,,11619,1525,,,2,30,,11627,1525,,,2,70,,11614,1525,,,2,29,,11624,1525,,,2,70,,11621,1525,,,2,29,,11617,1525,,,2,68,,11625,1525,,,2,30,,11622,1525,,,2
8200,'F8',1549,,14468,13349,0,28 30,2,70,,14465,13349,0,28 30,2,27,,14464,13349,0,28 30,2,64,,14466,13349,0,28 30,2,24,,14463,13349,0,28 30,2,70,,14467,13349,0,28 30,2,30,,14469,13349,0,28 30,2,25,,14470,13349,0,28 30,2
8200,'SE',1549,,14483,13349,0,28 30,2,70,,14480,13349,0,28 30,2,27,,14479,13349,0,28 30,2,64,,14481,13349,0,28 30,2,24,,14478,13349,0,28 30,2,70,,14482,13349,0,28 30,2,30,,14484,13349,0,28 30,2,25,,14485,13349,0,28 30,2
8201,'F8',639,,14492,2129,,,2,70,,14489,2129,,,2,30,,14487,2129,,,2,67,,14490,2129,,,2,26,,14488,2129,,,2,70,,14491,2129,,,2,20,,14486,2129,,,2
8201,'SE',639,,14507,2129,,,2,70,,14504,2129,,,2,30,,14502,2129,,,2,67,,14505,2129,,,2,26,,14503,2129,,,2,70,,14506,2129,,,2,20,,14501,2129,,,2
8700,'F8',1654,,14994,30939,,,2,103,,14995,30939,,,2
8700,'SE',1654,,14996,30939,,,2,103,,14997,30939,,,2
8701,'F8',617,,14999,1525,,,2,30,,14998,1525,,,2
8701,'SE',617,,15001,1525,,,2,30,,15000,1525,,,2
28401,'F8',908,,17296,5792,,,2,100,,17297,5792,,,2,100,,17298,5792,,,2,100,,17299,5792,,,2,100,,17300,5792,,,2,100,,17301,5792,,,2,100,,17302,5792,,,2
28401,'SE',908,,17303,5792,,,2,100,,17304,5792,,,2,100,,17305,5792,,,2,100,,17306,5792,,,2,100,,17307,5792,,,2,100,,17308,5792,,,2,100,,17309,5792,,,2
