7101,'DI',525,,33239,2298,,,2,30,,33251,2298,,,2,69,,33246,2298,,,2,30,,33225,2298,,,2,70,,33249,2298,,,2,30,,33241,2298,,,2,70,,33252,2298,,,2,30,,33240,2298,,,2,71,,33222,2298,,,2,29,,33220,2298,,,2,71,,33221,2298,,,2,30,,33228,2298,,,2,70,,33242,2298,,,2,30,,33253,2298,,,2,70,,33247,2298,,,2,75,,33226,2298,,,2,25,,33248,2298,,,2,30,,33227,2298,,,2,70,,33250,2298,,,2,30,,33245,2298,,,2,70,,33235,2298,,,2,30,,33231,2298,,,2,70,,33238,2298,,,2,30,,33232,2298,,,2,68,,33229,2298,,,2,32,,33233,2298,,,2,70,,33230,2298,,,2,30,,33234,2298,,,2,100,,33236,2298,,,2,99,,33237,2298,,,2,100,,33244,2298,,,2,100,,33223,2298,,,2,100,,33224,2298,,,2
7101,'F1',525,,33276,2298,,,2,30,,33268,2298,,,2,69,,33270,2298,,,2,30,,33274,2298,,,2,70,,11910,2298,,,2,30,,33277,2298,,,2,71,,33254,2298,,,2,29,,33257,2298,,,2,70,,33256,2298,,,2,30,,33278,2298,,,2,71,,33284,2298,,,2,30,,33279,2298,,,2,70,,33259,2298,,,2,30,,33258,2298,,,2,70,,33260,2298,,,2,30,,33275,2298,,,2,70,,33261,2298,,,2,30,,33280,2298,,,2,70,,33262,2298,,,2,30,,33281,2298,,,2,70,,33263,2298,,,2,30,,33282,2298,,,2,70,,33264,2298,,,2,28,,33283,2298,,,2,70,,33265,2298,,,2,36,,33271,2298,,,2,66,,33266,2298,,,2,32,,33272,2298,,,2,98,,33273,2298,,,2,100,,11912,2298,,,2,100,,33267,2298,,,2,100,,33285,2298,,,2,100,,33255,2298,,,2,100,,33286,2298,,,2
7101,'F2',525,,33299,2298,,,2,30,,33296,2298,,,2,69,,33320,2298,,,2,30,,33295,2298,,,2,70,,33290,2298,,,2,30,,33300,2298,,,2,71,,33321,2298,,,2,29,,33297,2298,,,2,70,,33287,2298,,,2,30,,33303,2298,,,2,71,,33316,2298,,,2,30,,33304,2298,,,2,70,,33317,2298,,,2,30,,33305,2298,,,2,70,,33318,2298,,,2,30,,33306,2298,,,2,70,,33319,2298,,,2,30,,33307,2298,,,2,70,,33310,2298,,,2,30,,33308,2298,,,2,70,,33311,2298,,,2,30,,33309,2298,,,2,70,,33312,2298,,,2,28,,33293,2298,,,2,70,,33313,2298,,,2,36,,33298,2298,,,2,66,,33314,2298,,,2,32,,33294,2298,,,2,98,,33301,2298,,,2,100,,33292,2298,,,2,100,,33291,2298,,,2,100,,33289,2298,,,2,100,,33288,2298,,,2,100,,33315,2298,,,2
7101,'F7',448,,33333,2298,,,2,70,,33339,2298,,,2,30,,33334,2298,,,2,70,,33357,2298,,,2,30,,33324,2298,,,2,55,,33346,2298,,,2,25,,33325,2298,,,2,20,,33347,2298,,,2,62,,33359,2298,,,2,18,,33360,2298,,,2,28,,33341,2298,,,2,71,,33330,2298,,,2,29,,33355,2298,,,2,70,,33326,2298,,,2,30,,33356,2298,,,2,70,,33327,2298,,,2,30,,33332,2298,,,2,70,,33328,2298,,,2,30,,33342,2298,,,2,70,,33340,2298,,,2,30,,33343,2298,,,2,70,,33329,2298,,,2,31,,33335,2298,,,2,71,,33361,2298,,,2,31,,33358,2298,,,2,81,,33344,2298,,,2,82,,33338,2298,,,2,37,,33348,2298,,,2,72,,33336,2298,,,2,26,,33349,2298,,,2,70,,33363,2298,,,2,29,,33331,2298,,,2,69,,33364,2298,,,2,30,,33323,2298,,,2,70,,33365,2298,,,2,30,,33350,2298,,,2,70,,33366,2298,,,2,30,,33351,2298,,,2,70,,33322,2298,,,2,30,,33352,2298,,,2,68,,33362,2298,,,2
7101,'F8',525,,33380,2298,,,2,30,,33377,2298,,,2,69,,33401,2298,,,2,30,,33376,2298,,,2,70,,33371,2298,,,2,30,,33381,2298,,,2,71,,33402,2298,,,2,29,,33378,2298,,,2,70,,33368,2298,,,2,30,,33384,2298,,,2,71,,33397,2298,,,2,30,,33385,2298,,,2,70,,33398,2298,,,2,30,,33386,2298,,,2,70,,33399,2298,,,2,30,,33387,2298,,,2,70,,33400,2298,,,2,30,,33388,2298,,,2,70,,33391,2298,,,2,30,,33389,2298,,,2,70,,33392,2298,,,2,30,,33390,2298,,,2,70,,33393,2298,,,2,28,,33374,2298,,,2,70,,33394,2298,,,2,36,,33379,2298,,,2,66,,33395,2298,,,2,32,,33375,2298,,,2,98,,33382,2298,,,2,100,,33373,2298,,,2,100,,33372,2298,,,2,100,,33370,2298,,,2,100,,33369,2298,,,2,100,,33396,2298,,,2
7101,'F9',525,,33422,2298,,,2,30,,33434,2298,,,2,69,,33429,2298,,,2,30,,33408,2298,,,2,70,,33432,2298,,,2,30,,33424,2298,,,2,70,,33435,2298,,,2,30,,33423,2298,,,2,71,,33405,2298,,,2,29,,33403,2298,,,2,71,,33404,2298,,,2,30,,33411,2298,,,2,70,,33425,2298,,,2,30,,33436,2298,,,2,70,,33430,2298,,,2,75,,33409,2298,,,2,25,,33431,2298,,,2,30,,33410,2298,,,2,70,,33433,2298,,,2,30,,33428,2298,,,2,70,,33418,2298,,,2,30,,33414,2298,,,2,70,,33421,2298,,,2,30,,33415,2298,,,2,68,,33412,2298,,,2,32,,33416,2298,,,2,70,,33413,2298,,,2,30,,33417,2298,,,2,100,,33419,2298,,,2,99,,33420,2298,,,2,100,,33427,2298,,,2,100,,33406,2298,,,2,100,,33407,2298,,,2
7101,'SA',525,,33449,2298,,,2,30,,33446,2298,,,2,69,,33468,2298,,,2,30,,33445,2298,,,2,70,,33440,2298,,,2,30,,33450,2298,,,2,71,,33469,2298,,,2,29,,33447,2298,,,2,70,,33437,2298,,,2,30,,33451,2298,,,2,71,,33464,2298,,,2,30,,33452,2298,,,2,70,,33465,2298,,,2,30,,33453,2298,,,2,70,,33466,2298,,,2,30,,33454,2298,,,2,70,,33467,2298,,,2,30,,33455,2298,,,2,70,,33458,2298,,,2,30,,33456,2298,,,2,70,,33459,2298,,,2,30,,33457,2298,,,2,70,,33460,2298,,,2,28,,33443,2298,,,2,70,,33461,2298,,,2,36,,33448,2298,,,2,66,,33462,2298,,,2,32,,33444,2298,,,2,98,,12078,2298,,,2,100,,33442,2298,,,2,100,,33441,2298,,,2,100,,33439,2298,,,2,100,,33438,2298,,,2,100,,33463,2298,,,2
7101,'SE',448,,33481,2298,,,2,70,,33487,2298,,,2,30,,33482,2298,,,2,70,,33505,2298,,,2,30,,33472,2298,,,2,55,,33494,2298,,,2,25,,33473,2298,,,2,20,,33495,2298,,,2,62,,33507,2298,,,2,18,,33508,2298,,,2,28,,33489,2298,,,2,71,,33478,2298,,,2,29,,33503,2298,,,2,70,,33474,2298,,,2,30,,33504,2298,,,2,70,,33475,2298,,,2,30,,33480,2298,,,2,70,,33476,2298,,,2,30,,33490,2298,,,2,70,,33488,2298,,,2,30,,33491,2298,,,2,70,,33477,2298,,,2,31,,33483,2298,,,2,71,,33509,2298,,,2,31,,33506,2298,,,2,81,,33492,2298,,,2,82,,33486,2298,,,2,37,,33496,2298,,,2,72,,33484,2298,,,2,26,,33497,2298,,,2,70,,33511,2298,,,2,29,,33479,2298,,,2,69,,33512,2298,,,2,30,,33471,2298,,,2,70,,33513,2298,,,2,30,,33498,2298,,,2,70,,33514,2298,,,2,30,,33499,2298,,,2,70,,33470,2298,,,2,30,,33500,2298,,,2,68,,33510,2298,,,2
56501,'F7',838,,40723,4107,,,2
56501,'SE',838,,40724,4107,,,2
