3700,'F7',1610,,28882,2202,,,2,36,,28883,2202,,,2,65,,28885,2202,,,2,30,,28881,2202,,,2,67,,28884,2202,,,2
3700,'SE',1610,,28889,2202,,,2,36,,28890,2202,,,2,65,,28892,2202,,,2,30,,28888,2202,,,2,67,,28891,2202,,,2
3701,'F7',631,,28896,759,0,31,2,70,,28894,759,0,31,2,30,,28893,759,0,31,2,70,,28897,759,0,31,2,30,,28895,759,0,31,2
3701,'SE',631,,28903,759,0,31,2,70,,28901,759,0,31,2,30,,28900,759,0,31,2,70,,28904,759,0,31,2,30,,28902,759,0,31,2
50001,'F7',833,,40616,320,,,2
50001,'SE',833,,40617,320,,,2
65000,'F7',1619,,40810,4111,,,2
65000,'SE',1619,,40811,4111,,,2
65001,'F7',841,,40812,6808,,,2
65001,'SE',841,,40813,6808,,,2
69501,'F7',835,,40954,0,,,2,1,,40955,0,,,2
69501,'SE',835,,40956,0,,,2,1,,40957,0,,,2
