13201,'DI',713,,38200,5475,,,2,100,,38198,5475,,,2,100,,38199,5475,,,2,100,,38204,5475,,,2,100,,38201,5475,,,2,100,,38202,5475,,,2,100,,38205,5475,,,2,100,,38208,5475,,,2,100,,38206,5475,,,2,105,,38210,5475,,,2,95,,38209,5475,,,2,100,,38207,5475,,,2,101,,38211,5475,,,2,98,,38212,5475,,,2,100,,38203,5475,,,2,100,,38197,5475,,,2,100,,38213,5475,,,2,100,,38214,5475,,,2
13201,'F1',713,,38215,5475,,,2,100,,38228,5475,,,2,100,,38219,5475,,,2,100,,38229,5475,,,2,103,,38216,5475,,,2,97,,38220,5475,,,2,104,,38230,5475,,,2,96,,38227,5475,,,2,104,,38231,5475,,,2,96,,38221,5475,,,2,100,,38217,5475,,,2,100,,38218,5475,,,2,101,,38222,5475,,,2,98,,38223,5475,,,2,100,,16454,5475,,,2,100,,38226,5475,,,2,100,,38224,5475,,,2,100,,38225,5475,,,2
13201,'F2',713,,38233,5475,,,2,100,,38249,5475,,,2,100,,38237,5475,,,2,100,,38232,5475,,,2,103,,38234,5475,,,2,97,,38238,5475,,,2,104,,38235,5475,,,2,96,,38248,5475,,,2,104,,38239,5475,,,2,96,,38241,5475,,,2,100,,38236,5475,,,2,100,,38240,5475,,,2,101,,38242,5475,,,2,98,,38244,5475,,,2,100,,38243,5475,,,2,100,,38246,5475,,,2,100,,38245,5475,,,2,100,,38247,5475,,,2
13201,'F7',546,,38256,5475,,,2,70,,38253,5475,,,2,32,,38263,5475,,,2,60,,38255,5475,,,2,23,,38261,5475,,,2,10,,38267,5475,,,2,10,,38265,5475,,,2,62,,38264,5475,,,2,18,,38257,5475,,,2,17,,38262,5475,,,2,60,,38266,5475,,,2,20,,38277,5475,,,2,19,,38258,5475,,,2,97,,38278,5475,,,2,99,,38275,5475,,,2,96,,38276,5475,,,2,100,,38268,5475,,,2,110,,38269,5475,,,2,51,,38272,5475,,,2,3,,38250,5475,,,2,43,,38259,5475,,,2,65,,38270,5475,,,2,19,,38273,5475,,,2,19,,38254,5475,,,2,63,,38260,5475,,,2,19,,38252,5475,,,2,19,,38271,5475,,,2,59,,38251,5475,,,2,40,,38274,5475,,,2
13201,'F8',713,,38280,5475,,,2,100,,38296,5475,,,2,100,,38284,5475,,,2,100,,38279,5475,,,2,103,,38281,5475,,,2,97,,38285,5475,,,2,104,,38282,5475,,,2,96,,38295,5475,,,2,104,,38286,5475,,,2,96,,38288,5475,,,2,100,,38283,5475,,,2,100,,38287,5475,,,2,101,,38289,5475,,,2,98,,38291,5475,,,2,100,,38290,5475,,,2,100,,38293,5475,,,2,100,,38292,5475,,,2,100,,38294,5475,,,2
13201,'F9',713,,38300,5475,,,2,100,,38298,5475,,,2,100,,38299,5475,,,2,100,,38304,5475,,,2,100,,38301,5475,,,2,100,,38302,5475,,,2,100,,38305,5475,,,2,100,,38308,5475,,,2,100,,38306,5475,,,2,105,,38310,5475,,,2,95,,38309,5475,,,2,100,,38307,5475,,,2,101,,38311,5475,,,2,98,,38312,5475,,,2,100,,38303,5475,,,2,100,,38297,5475,,,2,100,,38313,5475,,,2,100,,38314,5475,,,2
13201,'SA',713,,38316,5475,,,2,100,,38332,5475,,,2,100,,38320,5475,,,2,100,,38315,5475,,,2,103,,38317,5475,,,2,97,,38321,5475,,,2,104,,38318,5475,,,2,96,,38331,5475,,,2,104,,38322,5475,,,2,96,,38324,5475,,,2,100,,38319,5475,,,2,100,,38323,5475,,,2,101,,38325,5475,,,2,98,,38327,5475,,,2,100,,38326,5475,,,2,100,,38329,5475,,,2,100,,38328,5475,,,2,100,,38330,5475,,,2
13201,'SE',546,,38339,5475,,,2,70,,38336,5475,,,2,32,,38345,5475,,,2,60,,38338,5475,,,2,23,,38343,5475,,,2,10,,38349,5475,,,2,10,,38347,5475,,,2,62,,38346,5475,,,2,18,,38340,5475,,,2,17,,38344,5475,,,2,60,,38348,5475,,,2,20,,38358,5475,,,2,19,,16560,5475,,,2,97,,38359,5475,,,2,99,,16564,5475,,,2,96,,38357,5475,,,2,100,,38350,5475,,,2,110,,38351,5475,,,2,51,,38354,5475,,,2,3,,38333,5475,,,2,43,,38341,5475,,,2,65,,38352,5475,,,2,19,,38355,5475,,,2,19,,38337,5475,,,2,63,,38342,5475,,,2,19,,38335,5475,,,2,19,,38353,5475,,,2,59,,38334,5475,,,2,40,,38356,5475,,,2
54000,'F7',1627,,40686,3065,,,2
54000,'SE',1627,,40687,3065,,,2
