2000,'DI',631,,3168,,,2,100,,3162,,,2,100,,3158,,,2,100,,3169,,,2,100,,3163,,,2,97,,3159,,,2,103,,3160,,,2,100,,3164,,,2,100,,3170,,,2,100,,3161,,,2,97,,3165,,,2,103,,3166,,,2,100,,3173,,,2,100,,3157,,,2,100,,3171,,,2,100,,3167,,,2,100,,3156,,,2,100,,3155,,,2,100,,3172,,,2
2000,'F1',632,,3192,,,2,100,,3181,,,2,100,,3188,,,2,100,,3185,,,2,100,,3184,,,2,100,,3193,,,2,100,,3186,,,2,100,,3176,,,2,100,,3182,,,2,100,,3187,,,2,96,,3189,,,2,104,,3190,,,2,104,,3191,,,2,96,,3177,,,2,100,,3183,,,2,100,,3174,,,2,100,,3178,,,2,100,,3175,,,2,100,,3180,,,2,100,,3179,,,2
2000,'SA',632,,3212,,,2,100,,3201,,,2,100,,3208,,,2,100,,3205,,,2,100,,3204,,,2,100,,3213,,,2,100,,3206,,,2,100,,3196,,,2,100,,3202,,,2,100,,3207,,,2,96,,3209,,,2,104,,3210,,,2,104,,3211,,,2,96,,3197,,,2,100,,3203,,,2,100,,3194,,,2,100,,3198,,,2,100,,3195,,,2,100,,3200,,,2,100,,3199,,,2
2000,'SE',553,,3244,,,2,60,,3254,,,2,24,,3245,,,2,71,,3219,,,2,14,,3261,,,2,9,,3256,,,2,8,,3257,,,2,10,,3260,,,2,51,,3262,,,2,6,,3255,,,2,14,,3258,,,2,32,,3263,,,2,71,,3259,,,2,29,,3216,,,2,71,,3220,,,2,30,,3223,,,2,70,,3214,,,2,30,,3247,,,2,70,,3236,,,2,30,,3224,,,2,70,,3240,,,2,30,,3246,,,2,70,,3253,,,2,30,,3225,,,2,71,,3221,,,2,21,,3252,,,2,57,,3235,,,2,15,,3250,,,2,15,,3239,,,2,15,,3233,,,2,57,,3242,,,2,11,,3237,,,2,13,,3231,,,2,9,,3228,,,2,12,,3248,,,2,53,,3234,,,2,11,,3218,,,2,14,,3226,,,2,13,,3232,,,2,15,,3229,,,2,68,,3238,,,2,30,,3243,,,2,70,,3222,,,2,30,,3217,,,2,70,,3249,,,2,30,,3227,,,2,100,,3230,,,2,100,,3241,,,2,100,,3215,,,2,100,,3251,,,2
2201,'SE',541,,3734,,,2,92,,3736,,,2,25,,3735,,,2,70,,3741,,,2,30,,3737,,,2,948,,3738,,,2,40,,3739,,,2,60,,3740,,,2
16101,'DI',610,,9469,,,2,30,,9460,,,2,70,,9458,,,2,30,,9464,,,2,70,,9462,,,2,30,,9468,,,2,70,,9461,,,2,702,,9466,,,2,28,,9459,,,2,72,,9465,,,2,30,,9470,,,2,70,,9463,,,2,32,,9467,,,2
16101,'F1',610,,9482,,,2,30,,9477,,,2,70,,9471,,,2,30,,9481,,,2,70,,9474,,,2,30,,9478,,,2,70,,9476,,,2,700,,9480,,,2,31,,9472,,,2,71,,9479,,,2,30,,9483,,,2,71,,9473,,,2,31,,9475,,,2
16101,'SA',610,,9495,,,2,30,,9490,,,2,70,,9484,,,2,30,,9494,,,2,70,,9487,,,2,30,,9491,,,2,70,,9489,,,2,700,,9493,,,2,31,,9485,,,2,71,,9492,,,2,30,,9496,,,2,71,,9486,,,2,31,,9488,,,2
16101,'SE',604,,9502,,,2,20,,9500,,,2,23,,9513,,,2,60,,9501,,,2,13,,9510,,,2,17,,9506,,,2,16,,9515,,,2,57,,9497,,,2,23,,9503,,,2,20,,9498,,,2,57,,9507,,,2,20,,9504,,,2,325,,9512,,,2,372,,9511,,,2,15,,9499,,,2,61,,9516,,,2,20,,9508,,,2,18,,9514,,,2,61,,9509,,,2,20,,9505,,,2
57001,'SE',827,,10481,,,2
67301,'SE',735,,10556,,,2
