2901,'DI',659,,28112,863,,,1,100,,28113,863,,,1,100,,28114,863,,,1,100,,28115,863,,,1,100,,28116,863,,,1,100,,28117,863,,,1,100,,28118,863,,,1,100,,28119,863,,,1,100,,28120,863,,,1,100,,28121,863,,,1,100,,28122,863,,,1,100,,28123,863,,,1,100,,28124,863,,,1,100,,28125,863,,,1,100,,28126,863,,,1,100,,28127,863,,,1,100,,28128,863,,,1,160,,28129,863,,,1,100,,28130,863,,,1
2901,'F1',659,,28131,863,,,1,100,,28132,863,,,1,100,,28133,863,,,1,100,,28134,863,,,1,100,,28135,863,,,1,100,,28136,863,,,1,100,,28137,863,,,1,100,,28138,863,,,1,99,,28139,863,,,1,99,,28140,863,,,1,99,,28141,863,,,1,148,,28142,863,,,1,99,,28143,863,,,1,97,,28144,863,,,1,59,,28145,863,,,1,100,,28146,863,,,1,100,,28147,863,,,1,160,,28148,863,,,1,100,,28149,863,,,1
2901,'F2',659,,28163,863,,,1,100,,28164,863,,,1,100,,28165,863,,,1,100,,28166,863,,,1,100,,28167,863,,,1,100,,28168,863,,,1,100,,28150,863,,,1,100,,28151,863,,,1,99,,28152,863,,,1,99,,28153,863,,,1,99,,28154,863,,,1,148,,28155,863,,,1,99,,28156,863,,,1,97,,28157,863,,,1,59,,28158,863,,,1,100,,28159,863,,,1,100,,28160,863,,,1,160,,28161,863,,,1,100,,28162,863,,,1
2901,'F7',629,,28183,863,,,1,26,,28178,863,,,1,72,,28194,863,,,1,5,,28185,863,,,1,27,,28179,863,,,1,70,,28182,863,,,1,30,,28184,863,,,1,143,,28177,863,,,1,100,,28196,863,,,1,101,,28176,863,,,1,100,,28171,863,,,1,100,,28174,863,,,1,99,,28172,863,,,1,35,,28186,863,,,1,66,,28187,863,,,1,34,,28173,863,,,1,20,,28175,863,,,1,69,,28181,863,,,1,14,,28195,863,,,1,68,,28180,863,,,1,28,,28188,863,,,1,67,,28170,863,,,1,99,,28169,863,,,1,99,,28189,863,,,1,99,,28190,863,,,1,58,,28191,863,,,1,161,,28192,863,,,1,96,,28193,863,,,1
2901,'F8',659,,28210,863,,,1,100,,28211,863,,,1,100,,28212,863,,,1,100,,28213,863,,,1,100,,28214,863,,,1,100,,28215,863,,,1,100,,28197,863,,,1,100,,28198,863,,,1,99,,28199,863,,,1,99,,28200,863,,,1,99,,28201,863,,,1,148,,28202,863,,,1,99,,28203,863,,,1,97,,28204,863,,,1,59,,28205,863,,,1,100,,28206,863,,,1,100,,28207,863,,,1,160,,28208,863,,,1,100,,28209,863,,,1
2901,'F9',659,,28216,863,,,1,100,,28217,863,,,1,100,,28218,863,,,1,100,,28219,863,,,1,100,,28220,863,,,1,100,,28221,863,,,1,100,,28222,863,,,1,100,,28223,863,,,1,100,,28224,863,,,1,100,,28225,863,,,1,100,,28226,863,,,1,100,,28227,863,,,1,100,,28228,863,,,1,100,,28229,863,,,1,100,,28230,863,,,1,100,,28231,863,,,1,100,,28232,863,,,1,160,,28233,863,,,1,100,,28234,863,,,1
2901,'SA',659,,28248,863,,,1,100,,28249,863,,,1,100,,28250,863,,,1,100,,28251,863,,,1,100,,28252,863,,,1,100,,28253,863,,,1,100,,28235,863,,,1,100,,28236,863,,,1,99,,28237,863,,,1,99,,28238,863,,,1,99,,28239,863,,,1,148,,28240,863,,,1,99,,28241,863,,,1,97,,28242,863,,,1,59,,28243,863,,,1,100,,28244,863,,,1,100,,28245,863,,,1,160,,28246,863,,,1,100,,28247,863,,,1
2901,'SE',629,,28267,863,,,1,26,,7376,863,,,1,72,,28278,863,,,1,5,,28269,863,,,1,27,,28263,863,,,1,70,,28266,863,,,1,30,,28268,863,,,1,143,,28262,863,,,1,100,,28280,863,,,1,101,,28261,863,,,1,100,,28256,863,,,1,100,,28259,863,,,1,99,,28257,863,,,1,35,,28270,863,,,1,66,,28271,863,,,1,34,,28258,863,,,1,20,,28260,863,,,1,69,,28265,863,,,1,14,,28279,863,,,1,68,,28264,863,,,1,28,,28272,863,,,1,67,,28255,863,,,1,99,,28254,863,,,1,99,,28273,863,,,1,99,,28274,863,,,1,58,,28275,863,,,1,161,,28276,863,,,1,96,,28277,863,,,1
12301,'DI',513,,37798,863,,,1,100,,37808,863,,,1,100,,37799,863,,,1,100,,37809,863,,,1,100,,37800,863,,,1,100,,37810,863,,,1,100,,37801,863,,,1,100,,37811,863,,,1,100,,37802,863,,,1,100,,37812,863,,,1,100,,37803,863,,,1,100,,37813,863,,,1,100,,37804,863,,,1,100,,37814,863,,,1,100,,37805,863,,,1,100,,37815,863,,,1,100,,37806,863,,,1,100,,37816,863,,,1,100,,37807,863,,,1,100,,37817,863,,,1
12301,'F1',513,,37826,863,,,1,100,,37831,863,,,1,100,,37827,863,,,1,100,,37832,863,,,1,100,,37820,863,,,1,100,,37833,863,,,1,100,,37821,863,,,1,100,,37818,863,,,1,100,,37822,863,,,1,100,,37819,863,,,1,100,,37823,863,,,1,100,,37824,863,,,1,100,,37834,863,,,1,100,,37825,863,,,1,100,,37835,863,,,1,100,,37828,863,,,1,100,,37836,863,,,1,100,,37829,863,,,1,100,,37837,863,,,1,100,,37830,863,,,1
12301,'F2',513,,37840,863,,,1,100,,37838,863,,,1,100,,37841,863,,,1,100,,37839,863,,,1,100,,37842,863,,,1,100,,37850,863,,,1,100,,37843,863,,,1,100,,37851,863,,,1,100,,37844,863,,,1,100,,37852,863,,,1,100,,37845,863,,,1,100,,37853,863,,,1,100,,37846,863,,,1,100,,37854,863,,,1,100,,37847,863,,,1,100,,37855,863,,,1,100,,37848,863,,,1,100,,37856,863,,,1,100,,37849,863,,,1,100,,37857,863,,,1
12301,'F7',458,,37869,863,,,1,70,,37879,863,,,1,20,,37862,863,,,1,60,,37861,863,,,1,15,,37863,863,,,1,25,,37864,863,,,1,70,,37858,863,,,1,30,,37859,863,,,1,70,,37860,863,,,1,30,,37880,863,,,1,70,,37883,863,,,1,96,,37870,863,,,1,100,,37866,863,,,1,100,,37876,863,,,1,100,,37881,863,,,1,100,,37886,863,,,1,11,,37874,863,,,1,23,,37887,863,,,1,60,,37889,863,,,1,15,,37875,863,,,1,19,,37873,863,,,1,6,,37884,863,,,1,55,,37890,863,,,1,10,,37892,863,,,1,6,,37878,863,,,1,24,,37877,863,,,1,70,,37888,863,,,1,31,,37893,863,,,1,71,,37868,863,,,1,26,,37865,863,,,1,74,,37867,863,,,1,28,,37885,863,,,1,70,,37882,863,,,1,98,,37891,863,,,1,100,,37871,863,,,1,100,,37894,863,,,1,120,,37872,863,,,1
12301,'F8',513,,37897,863,,,1,100,,37895,863,,,1,100,,37898,863,,,1,100,,37896,863,,,1,100,,37899,863,,,1,100,,37907,863,,,1,100,,37900,863,,,1,100,,37908,863,,,1,100,,37901,863,,,1,100,,37909,863,,,1,100,,37902,863,,,1,100,,37910,863,,,1,100,,37903,863,,,1,100,,37911,863,,,1,100,,37904,863,,,1,100,,37912,863,,,1,100,,37905,863,,,1,100,,37913,863,,,1,100,,37906,863,,,1,100,,37914,863,,,1
12301,'F9',513,,37915,863,,,1,100,,37925,863,,,1,100,,37916,863,,,1,100,,37926,863,,,1,100,,37917,863,,,1,100,,37927,863,,,1,100,,37918,863,,,1,100,,37928,863,,,1,100,,37919,863,,,1,100,,37929,863,,,1,100,,37920,863,,,1,100,,37930,863,,,1,100,,37921,863,,,1,100,,37931,863,,,1,100,,37922,863,,,1,100,,37932,863,,,1,100,,37923,863,,,1,100,,37933,863,,,1,100,,37924,863,,,1,100,,37934,863,,,1
12301,'SA',513,,37937,863,,,1,100,,37935,863,,,1,100,,37938,863,,,1,100,,37936,863,,,1,100,,37939,863,,,1,100,,37947,863,,,1,100,,37940,863,,,1,100,,37948,863,,,1,100,,37941,863,,,1,100,,37949,863,,,1,100,,37942,863,,,1,100,,37950,863,,,1,100,,37943,863,,,1,100,,37951,863,,,1,100,,37944,863,,,1,100,,37952,863,,,1,100,,37945,863,,,1,100,,37953,863,,,1,100,,37946,863,,,1,100,,37954,863,,,1
12301,'SE',458,,37966,863,,,1,70,,37976,863,,,1,20,,37959,863,,,1,60,,37958,863,,,1,15,,37960,863,,,1,25,,37961,863,,,1,70,,37955,863,,,1,30,,37956,863,,,1,70,,37957,863,,,1,30,,37977,863,,,1,70,,37980,863,,,1,96,,37967,863,,,1,100,,37963,863,,,1,100,,37973,863,,,1,100,,37978,863,,,1,100,,37983,863,,,1,11,,37971,863,,,1,23,,37984,863,,,1,60,,37986,863,,,1,15,,37972,863,,,1,19,,37970,863,,,1,6,,37981,863,,,1,55,,37987,863,,,1,10,,37989,863,,,1,6,,37975,863,,,1,24,,37974,863,,,1,70,,37985,863,,,1,31,,37990,863,,,1,71,,37965,863,,,1,26,,37962,863,,,1,74,,37964,863,,,1,28,,37982,863,,,1,70,,37979,863,,,1,98,,37988,863,,,1,100,,37968,863,,,1,100,,37991,863,,,1,120,,37969,863,,,1
