100,'DI',650,,12,0,26,1,100,,13,0,26,1,100,,14,0,26,1,100,,15,0,26,1,100,,16,0,26,1,100,,17,0,26,1,100,,18,0,26,1,101,,19,0,26,1,100,,20,0,26,1,98,,1,0,26,1,100,,2,0,26,1,100,,3,0,26,1,100,,4,0,26,1,100,,5,0,26,1,100,,6,0,26,1,100,,7,0,26,1,100,,8,0,26,1,100,,9,0,26,1,100,,10,0,26,1,100,,11,0,26,1
100,'F1',620,,47,0,26,1,30,,37,0,26,1,70,,48,0,26,1,30,,38,0,26,1,70,,49,0,26,1,30,,39,0,26,1,70,,50,0,26,1,30,,40,0,26,1,70,,51,0,26,1,30,,41,0,26,1,70,,52,0,26,1,30,,42,0,26,1,70,,54,0,26,1,30,,43,0,26,1,71,,55,0,26,1,30,,44,0,26,1,70,,56,0,26,1,30,,45,0,26,1,68,,33,0,26,1,30,,22,0,26,1,70,,34,0,26,1,30,,23,0,26,1,70,,35,0,26,1,30,,24,0,26,1,70,,36,0,26,1,30,,25,0,26,1,100,,26,0,26,1,100,,27,0,26,1,100,,28,0,26,1,100,,29,0,26,1,100,,30,0,26,1,100,,31,0,26,1,100,,32,0,26,1
100,'SA',620,,82,0,26,1,30,,72,0,26,1,70,,83,0,26,1,30,,73,0,26,1,70,,84,0,26,1,30,,74,0,26,1,70,,85,0,26,1,30,,75,0,26,1,70,,86,0,26,1,30,,76,0,26,1,70,,87,0,26,1,30,,77,0,26,1,70,,89,0,26,1,30,,78,0,26,1,71,,90,0,26,1,30,,79,0,26,1,70,,91,0,26,1,30,,80,0,26,1,68,,68,0,26,1,30,,57,0,26,1,70,,69,0,26,1,30,,58,0,26,1,70,,70,0,26,1,30,,59,0,26,1,70,,71,0,26,1,30,,60,0,26,1,100,,61,0,26,1,100,,62,0,26,1,100,,63,0,26,1,100,,64,0,26,1,100,,65,0,26,1,100,,66,0,26,1,100,,67,0,26,1
100,'SE',543,,108,0,26,1,76,,92,0,26,1,29,,109,0,26,1,75,,122,0,26,1,27,,125,0,26,1,75,,123,0,26,1,80,,93,0,26,1,30,,95,0,26,1,70,,124,0,26,1,30,,136,0,26,1,70,,138,0,26,1,30,,94,0,26,1,71,,96,0,26,1,30,,139,0,26,1,70,,113,0,26,1,30,,135,0,26,1,70,,101,0,26,1,30,,128,0,26,1,70,,119,0,26,1,18,,127,0,26,1,21,,129,0,26,1,55,,99,0,26,1,19,,111,0,26,1,12,,103,0,26,1,19,,102,0,26,1,52,,116,0,26,1,13,,100,0,26,1,15,,142,0,26,1,15,,104,0,26,1,55,,140,0,26,1,15,,97,0,26,1,20,,133,0,26,1,69,,137,0,26,1,30,,114,0,26,1,70,,132,0,26,1,30,,130,0,26,1,70,,134,0,26,1,30,,131,0,26,1,100,,112,0,26,1,100,,105,0,26,1,100,,106,0,26,1,99,,107,0,26,1
5400,'DI',653,,5847,,,1,100,,5861,,,1,100,,5848,,,1,100,,5844,,,1,100,,5858,,,1,100,,5841,,,1,70,,5864,,,1,30,,5849,,,1,70,,5859,,,1,30,,5866,,,1,70,,5850,,,1,30,,5860,,,1,70,,5842,,,1,30,,5862,,,1,70,,5863,,,1,30,,5851,,,1,70,,5843,,,1,33,,5865,,,1,74,,5852,,,1,25,,5845,,,1,100,,5846,,,1,100,,5853,,,1,100,,5854,,,1,100,,5855,,,1,100,,5856,,,1,100,,5857,,,1
5400,'F1',653,,5878,,,1,70,,5874,,,1,30,,5894,,,1,70,,5873,,,1,30,,5867,,,1,72,,5870,,,1,28,,5886,,,1,70,,5891,,,1,30,,5868,,,1,70,,5887,,,1,30,,5871,,,1,70,,5892,,,1,30,,5875,,,1,70,,5872,,,1,30,,5869,,,1,70,,5893,,,1,30,,5895,,,1,70,,5888,,,1,30,,5876,,,1,70,,5896,,,1,30,,5889,,,1,70,,5877,,,1,33,,5897,,,1,70,,5890,,,1,29,,5879,,,1,100,,5880,,,1,100,,5881,,,1,100,,5882,,,1,100,,5883,,,1,100,,5884,,,1,100,,5885,,,1
5400,'SA',653,,5909,,,1,70,,5905,,,1,30,,5925,,,1,70,,5904,,,1,30,,5898,,,1,72,,5901,,,1,28,,5917,,,1,70,,5922,,,1,30,,5899,,,1,70,,5918,,,1,30,,5902,,,1,70,,5923,,,1,30,,5906,,,1,70,,5903,,,1,30,,5900,,,1,70,,5924,,,1,30,,5926,,,1,70,,5919,,,1,30,,5907,,,1,70,,5927,,,1,30,,5920,,,1,70,,5908,,,1,33,,5928,,,1,70,,5921,,,1,29,,5910,,,1,100,,5911,,,1,100,,5912,,,1,100,,5913,,,1,100,,5914,,,1,100,,5915,,,1,100,,5916,,,1
5400,'SE',646,,5933,,,1,74,,5951,,,1,29,,5953,,,1,74,,5932,,,1,32,,5955,,,1,70,,5954,,,1,30,,5944,,,1,70,,5948,,,1,30,,5929,,,1,70,,5930,,,1,30,,5934,,,1,70,,5935,,,1,31,,5961,,,1,70,,5945,,,1,30,,5936,,,1,70,,5960,,,1,26,,5938,,,1,67,,5937,,,1,30,,5946,,,1,70,,5962,,,1,34,,5939,,,1,64,,5956,,,1,35,,5931,,,1,68,,5942,,,1,35,,5959,,,1,70,,5940,,,1,30,,5952,,,1,70,,5947,,,1,30,,5957,,,1,70,,5943,,,1,28,,5949,,,1,100,,5941,,,1,100,,5958,,,1,100,,5950,,,1
44200,'SE',1609,,10115,0,27,2,100,,10116,0,27,2
50600,'SE',912,,10434,,,2
60600,'SE',1640,,10494,,,2
61400,'SE',1641,,10505,,,2
