4901,'DI',626,,31060,4756,,,2,100,,31072,4756,,,2,100,,31061,4756,,,2,100,,31067,4756,,,2,102,,31068,4756,,,2,100,,31069,4756,,,2,100,,31070,4756,,,2,100,,31071,4756,,,2,100,,31062,4756,,,2,100,,31063,4756,,,2,100,,31073,4756,,,2,100,,31074,4756,,,2,100,,31059,4756,,,2,99,,31064,4756,,,2,99,,31065,4756,,,2,100,,31075,4756,,,2,100,,31076,4756,,,2,98,,31066,4756,,,2,100,,31058,4756,,,2
4901,'F1',626,,31078,4756,,,2,100,,31077,4756,,,2,100,,31088,4756,,,2,100,,31094,4756,,,2,102,,31095,4756,,,2,100,,31096,4756,,,2,100,,31081,4756,,,2,100,,31082,4756,,,2,100,,31083,4756,,,2,100,,31084,4756,,,2,100,,31085,4756,,,2,100,,31086,4756,,,2,100,,31087,4756,,,2,99,,31090,4756,,,2,99,,31091,4756,,,2,100,,31079,4756,,,2,100,,31080,4756,,,2,98,,31092,4756,,,2,100,,31089,4756,,,2
4901,'F2',626,,31113,4756,,,2,100,,31097,4756,,,2,100,,31114,4756,,,2,100,,31106,4756,,,2,102,,31100,4756,,,2,100,,31101,4756,,,2,100,,31102,4756,,,2,100,,31103,4756,,,2,100,,31107,4756,,,2,100,,31108,4756,,,2,100,,31109,4756,,,2,100,,31110,4756,,,2,100,,31111,4756,,,2,99,,31098,4756,,,2,99,,31112,4756,,,2,100,,31104,4756,,,2,100,,31099,4756,,,2,98,,31115,4756,,,2,100,,31105,4756,,,2
4901,'F7',624,,31135,4756,,,2,20,,31148,4756,,,2,15,,31124,4756,,,2,58,,31138,4756,,,2,15,,31117,4756,,,2,16,,31136,4756,,,2,54,,31139,4756,,,2,15,,31133,4756,,,2,15,,31137,4756,,,2,15,,31140,4756,,,2,60,,31134,4756,,,2,20,,31141,4756,,,2,101,,31149,4756,,,2,100,,31125,4756,,,2,101,,31118,4756,,,2,100,,31126,4756,,,2,97,,31128,4756,,,2,100,,31122,4756,,,2,103,,31121,4756,,,2,12,,31150,4756,,,2,59,,31129,4756,,,2,11,,31145,4756,,,2,15,,31142,4756,,,2,15,,31152,4756,,,2,15,,31146,4756,,,2,55,,31143,4756,,,2,15,,31130,4756,,,2,14,,31147,4756,,,2,15,,31144,4756,,,2,71,,31151,4756,,,2,100,,31119,4756,,,2,98,,31131,4756,,,2,100,,31120,4756,,,2,99,,31132,4756,,,2,100,,31127,4756,,,2
4901,'F8',626,,31169,4756,,,2,100,,31153,4756,,,2,100,,31170,4756,,,2,100,,31162,4756,,,2,102,,31156,4756,,,2,100,,31157,4756,,,2,100,,31158,4756,,,2,100,,31159,4756,,,2,100,,31163,4756,,,2,100,,31164,4756,,,2,100,,31165,4756,,,2,100,,31166,4756,,,2,100,,31167,4756,,,2,99,,31154,4756,,,2,99,,31168,4756,,,2,100,,31160,4756,,,2,100,,31155,4756,,,2,98,,31171,4756,,,2,100,,31161,4756,,,2
4901,'F9',626,,31175,4756,,,2,100,,31187,4756,,,2,100,,31176,4756,,,2,100,,31182,4756,,,2,102,,31183,4756,,,2,100,,31184,4756,,,2,100,,31185,4756,,,2,100,,31186,4756,,,2,100,,31177,4756,,,2,100,,31178,4756,,,2,100,,31188,4756,,,2,100,,31189,4756,,,2,100,,31174,4756,,,2,99,,31179,4756,,,2,99,,31180,4756,,,2,100,,31190,4756,,,2,100,,31191,4756,,,2,98,,31181,4756,,,2,100,,31173,4756,,,2
4901,'SA',626,,31208,4756,,,2,100,,31192,4756,,,2,100,,31209,4756,,,2,100,,31201,4756,,,2,102,,31195,4756,,,2,100,,31196,4756,,,2,100,,31197,4756,,,2,100,,31198,4756,,,2,100,,31202,4756,,,2,100,,31203,4756,,,2,100,,31204,4756,,,2,100,,31205,4756,,,2,100,,31206,4756,,,2,99,,31193,4756,,,2,99,,31207,4756,,,2,100,,31199,4756,,,2,100,,31194,4756,,,2,98,,31210,4756,,,2,100,,31200,4756,,,2
4901,'SE',624,,31230,4756,,,2,20,,31243,4756,,,2,15,,31219,4756,,,2,58,,31233,4756,,,2,15,,31212,4756,,,2,16,,31231,4756,,,2,54,,31234,4756,,,2,15,,31228,4756,,,2,15,,31232,4756,,,2,15,,31235,4756,,,2,60,,31229,4756,,,2,20,,31236,4756,,,2,101,,31244,4756,,,2,100,,31220,4756,,,2,101,,31213,4756,,,2,100,,31221,4756,,,2,97,,31223,4756,,,2,100,,31217,4756,,,2,103,,31216,4756,,,2,12,,31245,4756,,,2,59,,31224,4756,,,2,11,,31240,4756,,,2,15,,31237,4756,,,2,15,,31247,4756,,,2,15,,31241,4756,,,2,55,,31238,4756,,,2,15,,31225,4756,,,2,14,,31242,4756,,,2,15,,31239,4756,,,2,71,,31246,4756,,,2,100,,31214,4756,,,2,98,,31226,4756,,,2,100,,31215,4756,,,2,99,,31227,4756,,,2,100,,31222,4756,,,2
55001,'F7',903,,40711,947,,,2
55001,'SE',903,,40712,947,,,2
