1001,'DI',628,,23694,1668,,,1,27,,23668,1668,,,1,70,,23695,1668,,,1,30,,23693,1668,,,1,70,,23686,1668,,,1,78,,23669,1668,,,1,30,,23687,1668,,,1,70,,23670,1668,,,1,30,,23688,1668,,,1,70,,23671,1668,,,1,30,,23689,1668,,,1,70,,23672,1668,,,1,30,,23690,1668,,,1,70,,23673,1668,,,1,30,,23691,1668,,,1,70,,23674,1668,,,1,30,,23692,1668,,,1,70,,23675,1668,,,1,30,,23696,1668,,,1,70,,23676,1668,,,1,30,,23697,1668,,,1,70,,23677,1668,,,1,30,,23698,1668,,,1,70,,23678,1668,,,1,30,,23699,1668,,,1,81,,23679,1668,,,1,100,,23680,1668,,,1,100,,23681,1668,,,1,100,,23682,1668,,,1,100,,23683,1668,,,1,100,,23684,1668,,,1,100,,23685,1668,,,1
1001,'F1',528,,23712,1668,,,1,96,,23713,1668,,,1,30,,23711,1668,,,1,70,,23700,1668,,,1,30,,23715,1668,,,1,70,,23714,1668,,,1,78,,23701,1668,,,1,30,,23728,1668,,,1,70,,23702,1668,,,1,30,,23729,1668,,,1,70,,23703,1668,,,1,30,,23730,1668,,,1,70,,23704,1668,,,1,32,,23731,1668,,,1,70,,23705,1668,,,1,30,,23732,1668,,,1,70,,23716,1668,,,1,30,,23707,1668,,,1,70,,23717,1668,,,1,30,,23708,1668,,,1,70,,23718,1668,,,1,30,,23709,1668,,,1,69,,23719,1668,,,1,31,,23710,1668,,,1,70,,23720,1668,,,1,30,,23706,1668,,,1,81,,23721,1668,,,1,100,,23722,1668,,,1,100,,23723,1668,,,1,100,,23724,1668,,,1,100,,23725,1668,,,1,100,,23726,1668,,,1,100,,23727,1668,,,1
1001,'F2',528,,23743,1668,,,1,96,,23744,1668,,,1,30,,23739,1668,,,1,70,,23733,1668,,,1,30,,23746,1668,,,1,70,,23745,1668,,,1,78,,23755,1668,,,1,30,,23754,1668,,,1,70,,23756,1668,,,1,30,,23762,1668,,,1,70,,23757,1668,,,1,30,,23763,1668,,,1,70,,23747,1668,,,1,32,,23764,1668,,,1,70,,23748,1668,,,1,30,,23765,1668,,,1,70,,23749,1668,,,1,30,,23734,1668,,,1,70,,23750,1668,,,1,30,,23735,1668,,,1,70,,23751,1668,,,1,30,,23736,1668,,,1,69,,23752,1668,,,1,31,,23737,1668,,,1,70,,23753,1668,,,1,30,,23738,1668,,,1,81,,23758,1668,,,1,100,,23759,1668,,,1,100,,23760,1668,,,1,100,,23761,1668,,,1,100,,23740,1668,,,1,100,,23741,1668,,,1,100,,23742,1668,,,1
1001,'F8',528,,23776,1668,,,1,96,,23777,1668,,,1,30,,23772,1668,,,1,70,,23766,1668,,,1,30,,23779,1668,,,1,70,,23778,1668,,,1,78,,23788,1668,,,1,30,,23787,1668,,,1,70,,23789,1668,,,1,30,,23795,1668,,,1,70,,23790,1668,,,1,30,,23796,1668,,,1,70,,23780,1668,,,1,32,,23797,1668,,,1,70,,23781,1668,,,1,30,,23798,1668,,,1,70,,23782,1668,,,1,30,,23767,1668,,,1,70,,23783,1668,,,1,30,,23768,1668,,,1,70,,23784,1668,,,1,30,,23769,1668,,,1,69,,23785,1668,,,1,31,,23770,1668,,,1,70,,23786,1668,,,1,30,,23771,1668,,,1,81,,23791,1668,,,1,100,,23792,1668,,,1,100,,23793,1668,,,1,100,,23794,1668,,,1,100,,23773,1668,,,1,100,,23774,1668,,,1,100,,23775,1668,,,1
1001,'F9',628,,23825,1668,,,1,27,,23799,1668,,,1,70,,23826,1668,,,1,30,,23824,1668,,,1,70,,23817,1668,,,1,78,,23800,1668,,,1,30,,23818,1668,,,1,70,,23801,1668,,,1,30,,23819,1668,,,1,70,,23802,1668,,,1,30,,23820,1668,,,1,70,,23803,1668,,,1,30,,23821,1668,,,1,70,,23804,1668,,,1,30,,23822,1668,,,1,70,,23805,1668,,,1,30,,23823,1668,,,1,70,,23806,1668,,,1,30,,23827,1668,,,1,70,,23807,1668,,,1,30,,23828,1668,,,1,70,,23808,1668,,,1,30,,23829,1668,,,1,70,,23809,1668,,,1,30,,23830,1668,,,1,81,,23810,1668,,,1,100,,23811,1668,,,1,100,,23812,1668,,,1,100,,23813,1668,,,1,100,,23814,1668,,,1,100,,23815,1668,,,1,100,,23816,1668,,,1
1001,'SA',528,,23841,1668,,,1,96,,23842,1668,,,1,30,,23837,1668,,,1,70,,23831,1668,,,1,30,,23844,1668,,,1,70,,23843,1668,,,1,78,,23853,1668,,,1,30,,23852,1668,,,1,70,,23854,1668,,,1,30,,23860,1668,,,1,70,,23855,1668,,,1,30,,23861,1668,,,1,70,,23845,1668,,,1,32,,23862,1668,,,1,70,,23846,1668,,,1,30,,23863,1668,,,1,70,,23847,1668,,,1,30,,23832,1668,,,1,70,,23848,1668,,,1,30,,23833,1668,,,1,70,,23849,1668,,,1,30,,23834,1668,,,1,69,,23850,1668,,,1,31,,23835,1668,,,1,70,,23851,1668,,,1,30,,23836,1668,,,1,81,,23856,1668,,,1,100,,23857,1668,,,1,100,,23858,1668,,,1,100,,23859,1668,,,1,100,,23838,1668,,,1,100,,23839,1668,,,1,100,,23840,1668,,,1
2201,'F1',545,,27402,5318,,,2,92,,27404,5318,,,2,65,,27403,5318,,,2,30,,27406,5318,,,2,70,,27405,5318,,,2,909,,27407,5318,,,2,40,,27408,5318,,,2,60,,27401,5318,,,2
2201,'F7',545,,27410,5318,,,2,92,,27412,5318,,,2,65,,27411,5318,,,2,30,,27409,5318,,,2,70,,27413,5318,,,2,909,,27415,5318,,,2,40,,27414,5318,,,2,60,,27416,5318,,,2
2201,'SE',545,,27418,5318,,,2,92,,27420,5318,,,2,65,,27419,5318,,,2,30,,27417,5318,,,2,70,,27421,5318,,,2,909,,27423,5318,,,2,40,,27422,5318,,,2,60,,27424,5318,,,2
41001,'F7',457,,39296,1668,,,2,70,,39289,1668,,,2,20,,39270,1668,,,2,60,,39266,1668,,,2,20,,39290,1668,,,2,13,,39302,1668,,,2,10,,39276,1668,,,2,8,,39267,1668,,,2,45,,39271,1668,,,2,10,,39288,1668,,,2,6,,39304,1668,,,2,2,,39278,1668,,,2,8,,39291,1668,,,2,3,,39280,1668,,,2,5,,39294,1668,,,2,10,,39260,1668,,,2,53,,39303,1668,,,2,12,,39261,1668,,,2,14,,39305,1668,,,2,16,,39281,1668,,,2,58,,39293,1668,,,2,30,,39285,1668,,,2,70,,39272,1668,,,2,30,,39297,1668,,,2,70,,39262,1668,,,2,30,,39298,1668,,,2,70,,39273,1668,,,2,30,,39299,1668,,,2,70,,39263,1668,,,2,30,,39279,1668,,,2,70,,39274,1668,,,2,31,,39284,1668,,,2,78,,39264,1668,,,2,4,,39269,1668,,,2,1,,39306,1668,,,2,1,,39292,1668,,,2,2,,39310,1668,,,2,18,,39283,1668,,,2,69,,39265,1668,,,2,15,,39307,1668,,,2,15,,39316,1668,,,2,15,,39286,1668,,,2,53,,39314,1668,,,2,9,,39275,1668,,,2,9,,39308,1668,,,2,10,,39311,1668,,,2,10,,39317,1668,,,2,15,,39287,1668,,,2,52,,39315,1668,,,2,17,,39309,1668,,,2,20,,39318,1668,,,2,58,,39295,1668,,,2,30,,39312,1668,,,2,69,,39258,1668,,,2,30,,39268,1668,,,2,70,,39259,1668,,,2,30,,39313,1668,,,2,70,,39282,1668,,,2,30,,39300,1668,,,2,70,,39277,1668,,,2,30,,39301,1668,,,2,100,,39319,1668,,,2,100,,39320,1668,,,2
41001,'SE',457,,39359,1668,,,2,70,,39352,1668,,,2,20,,39333,1668,,,2,60,,39329,1668,,,2,20,,39353,1668,,,2,13,,39365,1668,,,2,10,,39339,1668,,,2,8,,39330,1668,,,2,45,,39334,1668,,,2,10,,39351,1668,,,2,6,,39367,1668,,,2,2,,39341,1668,,,2,8,,39354,1668,,,2,3,,39343,1668,,,2,5,,39357,1668,,,2,10,,39323,1668,,,2,53,,39366,1668,,,2,12,,39324,1668,,,2,14,,39368,1668,,,2,16,,39344,1668,,,2,58,,39356,1668,,,2,30,,39348,1668,,,2,70,,39335,1668,,,2,30,,39360,1668,,,2,70,,39325,1668,,,2,30,,39361,1668,,,2,70,,39336,1668,,,2,30,,39362,1668,,,2,70,,39326,1668,,,2,30,,39342,1668,,,2,70,,39337,1668,,,2,31,,39347,1668,,,2,78,,39327,1668,,,2,4,,39332,1668,,,2,1,,39369,1668,,,2,1,,39355,1668,,,2,2,,39373,1668,,,2,18,,39346,1668,,,2,69,,39328,1668,,,2,15,,39370,1668,,,2,15,,39379,1668,,,2,15,,39349,1668,,,2,53,,39377,1668,,,2,9,,39338,1668,,,2,9,,39371,1668,,,2,10,,39374,1668,,,2,10,,39380,1668,,,2,15,,39350,1668,,,2,52,,39378,1668,,,2,17,,39372,1668,,,2,20,,39381,1668,,,2,58,,39358,1668,,,2,30,,39375,1668,,,2,69,,39321,1668,,,2,30,,39331,1668,,,2,70,,39322,1668,,,2,30,,39376,1668,,,2,70,,39345,1668,,,2,30,,39363,1668,,,2,70,,39340,1668,,,2,30,,39364,1668,,,2,100,,39382,1668,,,2,100,,39383,1668,,,2
