5001,'DI',646,,31443,3341,,,2,102,,31428,3341,,,2,100,,31436,3341,,,2,100,,31434,3341,,,2,103,,31435,3341,,,2,94,,31437,3341,,,2,103,,31438,3341,,,2,103,,31439,3341,,,2,97,,31427,3341,,,2,96,,31440,3341,,,2,103,,31425,3341,,,2,106,,31424,3341,,,2,95,,31433,3341,,,2,100,,31426,3341,,,2,100,,31429,3341,,,2,100,,31431,3341,,,2,100,,31441,3341,,,2,100,,31430,3341,,,2,100,,31432,3341,,,2
5001,'F1',648,,31455,3341,,,2,98,,31449,3341,,,2,102,,31460,3341,,,2,97,,31445,3341,,,2,103,,31446,3341,,,2,96,,31462,3341,,,2,102,,31461,3341,,,2,98,,31444,3341,,,2,99,,31456,3341,,,2,103,,31457,3341,,,2,103,,31458,3341,,,2,103,,31459,3341,,,2,96,,31447,3341,,,2,100,,31453,3341,,,2,100,,31450,3341,,,2,100,,31463,3341,,,2,97,,31451,3341,,,2,103,,31452,3341,,,2,101,,31454,3341,,,2
5001,'F2',648,,31470,3341,,,2,98,,31469,3341,,,2,102,,31474,3341,,,2,97,,31478,3341,,,2,103,,31479,3341,,,2,96,,31483,3341,,,2,102,,31480,3341,,,2,98,,31464,3341,,,2,99,,31465,3341,,,2,103,,31466,3341,,,2,103,,31467,3341,,,2,103,,31468,3341,,,2,96,,31471,3341,,,2,100,,31482,3341,,,2,100,,31481,3341,,,2,100,,31472,3341,,,2,97,,31475,3341,,,2,103,,31476,3341,,,2,101,,31477,3341,,,2
5001,'F7',539,,31489,3341,,,2,70,,31493,3341,,,2,30,,31495,3341,,,2,70,,31498,3341,,,2,30,,31494,3341,,,2,70,,31490,3341,,,2,30,,31496,3341,,,2,73,,31499,3341,,,2,27,,31507,3341,,,2,100,,31510,3341,,,2,100,,31497,3341,,,2,100,,31492,3341,,,2,100,,31500,3341,,,2,99,,31484,3341,,,2,102,,31501,3341,,,2,68,,31511,3341,,,2,33,,31488,3341,,,2,74,,31512,3341,,,2,26,,31502,3341,,,2,70,,31485,3341,,,2,30,,31508,3341,,,2,98,,31509,3341,,,2,100,,31486,3341,,,2,100,,31503,3341,,,2,100,,31487,3341,,,2,100,,31504,3341,,,2,100,,31505,3341,,,2
5001,'F8',648,,31519,3341,,,2,98,,31518,3341,,,2,102,,31523,3341,,,2,97,,31527,3341,,,2,103,,31528,3341,,,2,96,,31532,3341,,,2,102,,31529,3341,,,2,98,,31513,3341,,,2,99,,31514,3341,,,2,103,,31515,3341,,,2,103,,31516,3341,,,2,103,,31517,3341,,,2,96,,31520,3341,,,2,100,,31531,3341,,,2,100,,31530,3341,,,2,100,,31521,3341,,,2,97,,31524,3341,,,2,103,,31525,3341,,,2,101,,31526,3341,,,2
5001,'F9',646,,31552,3341,,,2,102,,31537,3341,,,2,100,,31545,3341,,,2,100,,31543,3341,,,2,103,,31544,3341,,,2,94,,31546,3341,,,2,103,,31547,3341,,,2,103,,31548,3341,,,2,97,,31536,3341,,,2,96,,31549,3341,,,2,103,,31534,3341,,,2,106,,31533,3341,,,2,95,,31542,3341,,,2,100,,31535,3341,,,2,100,,31538,3341,,,2,100,,31540,3341,,,2,100,,31550,3341,,,2,100,,31539,3341,,,2,100,,31541,3341,,,2
5001,'SA',648,,31559,3341,,,2,98,,31558,3341,,,2,102,,31563,3341,,,2,97,,31567,3341,,,2,103,,31568,3341,,,2,96,,31572,3341,,,2,102,,31569,3341,,,2,98,,31553,3341,,,2,99,,31554,3341,,,2,103,,31555,3341,,,2,103,,31556,3341,,,2,103,,31557,3341,,,2,96,,31560,3341,,,2,100,,31571,3341,,,2,100,,31570,3341,,,2,100,,31561,3341,,,2,97,,31564,3341,,,2,103,,31565,3341,,,2,101,,31566,3341,,,2
5001,'SE',539,,31578,3341,,,2,70,,31582,3341,,,2,30,,31584,3341,,,2,70,,31587,3341,,,2,30,,31583,3341,,,2,70,,31579,3341,,,2,30,,31585,3341,,,2,73,,31588,3341,,,2,27,,31596,3341,,,2,100,,31599,3341,,,2,100,,31586,3341,,,2,100,,31581,3341,,,2,100,,31589,3341,,,2,99,,31573,3341,,,2,102,,31590,3341,,,2,68,,31600,3341,,,2,33,,31577,3341,,,2,74,,31601,3341,,,2,26,,31591,3341,,,2,70,,31574,3341,,,2,30,,31597,3341,,,2,98,,31598,3341,,,2,100,,31575,3341,,,2,100,,31592,3341,,,2,100,,31576,3341,,,2,100,,31593,3341,,,2,100,,31594,3341,,,2
50501,'F7',919,,40632,9194,,,2
50501,'SE',919,,40633,9194,,,2
