400,'DI',629,,920,1208,,,1,30,,929,1208,,,1,70,,930,1208,,,1,30,,927,1208,,,1,72,,921,1208,,,1,70,,918,1208,,,1,32,,942,1208,,,1,70,,939,1208,,,1,30,,922,1208,,,1,71,,919,1208,,,1,30,,943,1208,,,1,67,,940,1208,,,1,31,,923,1208,,,1,72,,951,1208,,,1,30,,935,1208,,,1,68,,941,1208,,,1,31,,924,1208,,,1,69,,945,1208,,,1,30,,949,1208,,,1,72,,947,1208,,,1,30,,925,1208,,,1,70,,946,1208,,,1,30,,950,1208,,,1,72,,948,1208,,,1,28,,931,1208,,,1,70,,934,1208,,,1,30,,936,1208,,,1,70,,938,1208,,,1,30,,932,1208,,,1,70,,933,1208,,,1,30,,917,1208,,,1,70,,928,1208,,,1,100,,944,1208,,,1,100,,937,1208,,,1
400,'F1',629,,965,1208,,,1,30,,956,1208,,,1,70,,957,1208,,,1,30,,955,1208,,,1,72,,966,1208,,,1,70,,981,1208,,,1,32,,958,1208,,,1,71,,972,1208,,,1,30,,967,1208,,,1,70,,970,1208,,,1,30,,959,1208,,,1,70,,976,1208,,,1,30,,953,1208,,,1,70,,978,1208,,,1,30,,973,1208,,,1,70,,983,1208,,,1,30,,952,1208,,,1,70,,960,1208,,,1,30,,977,1208,,,1,70,,971,1208,,,1,30,,984,1208,,,1,70,,980,1208,,,1,30,,975,1208,,,1,70,,974,1208,,,1,30,,986,1208,,,1,70,,969,1208,,,1,30,,961,1208,,,1,70,,982,1208,,,1,30,,985,1208,,,1,70,,962,1208,,,1,30,,979,1208,,,1,70,,968,1208,,,1,100,,964,1208,,,1,100,,963,1208,,,1
400,'F7',629,,990,1208,,,1,30,,999,1208,,,1,70,,1000,1208,,,1,30,,997,1208,,,1,72,,991,1208,,,1,70,,988,1208,,,1,32,,1012,1208,,,1,70,,1009,1208,,,1,30,,992,1208,,,1,71,,989,1208,,,1,30,,1013,1208,,,1,67,,1010,1208,,,1,31,,993,1208,,,1,72,,1021,1208,,,1,30,,1005,1208,,,1,68,,1011,1208,,,1,31,,994,1208,,,1,69,,1015,1208,,,1,30,,1019,1208,,,1,72,,1017,1208,,,1,30,,995,1208,,,1,70,,1016,1208,,,1,30,,1020,1208,,,1,72,,1018,1208,,,1,28,,1001,1208,,,1,70,,1004,1208,,,1,30,,1006,1208,,,1,70,,1008,1208,,,1,30,,1002,1208,,,1,70,,1003,1208,,,1,30,,987,1208,,,1,70,,998,1208,,,1,100,,1014,1208,,,1,100,,1007,1208,,,1
400,'F8',556,,1047,1208,,,1,60,,1057,1208,,,1,15,,1051,1208,,,1,20,,1048,1208,,,1,66,,1050,1208,,,1,17,,1056,1208,,,1,24,,1062,1208,,,1,52,,1059,1208,,,1,32,,1058,1208,,,1,13,,1035,1208,,,1,63,,1032,1208,,,1,30,,1034,1208,,,1,70,,1022,1208,,,1,30,,1027,1208,,,1,70,,1046,1208,,,1,30,,1037,1208,,,1,70,,1036,1208,,,1,30,,1031,1208,,,1,70,,1041,1208,,,1,29,,1029,1208,,,1,69,,1024,1208,,,1,31,,1060,1208,,,1,66,,1053,1208,,,1,34,,1052,1208,,,1,71,,1054,1208,,,1,30,,1061,1208,,,1,69,,1063,1208,,,1,25,,1025,1208,,,1,60,,1042,1208,,,1,34,,1038,1208,,,1,74,,1039,1208,,,1,30,,1033,1208,,,1,70,,1045,1208,,,1,30,,1043,1208,,,1,70,,1023,1208,,,1,30,,1030,1208,,,1,70,,1044,1208,,,1,30,,1028,1208,,,1,100,,1040,1208,,,1,100,,1026,1208,,,1
400,'F9',629,,1077,1208,,,1,30,,1068,1208,,,1,70,,1069,1208,,,1,30,,1067,1208,,,1,72,,1078,1208,,,1,70,,1093,1208,,,1,32,,1070,1208,,,1,71,,1084,1208,,,1,30,,1079,1208,,,1,70,,1082,1208,,,1,30,,1071,1208,,,1,70,,1088,1208,,,1,30,,1065,1208,,,1,70,,1090,1208,,,1,30,,1085,1208,,,1,70,,1095,1208,,,1,30,,1064,1208,,,1,70,,1072,1208,,,1,30,,1089,1208,,,1,70,,1083,1208,,,1,30,,1096,1208,,,1,70,,1092,1208,,,1,30,,1087,1208,,,1,70,,1086,1208,,,1,30,,1098,1208,,,1,70,,1081,1208,,,1,30,,1073,1208,,,1,70,,1094,1208,,,1,30,,1097,1208,,,1,70,,1074,1208,,,1,30,,1091,1208,,,1,70,,1080,1208,,,1,100,,1076,1208,,,1,100,,1075,1208,,,1
400,'SA',629,,1112,1208,,,1,30,,1103,1208,,,1,70,,1104,1208,,,1,30,,1102,1208,,,1,72,,1113,1208,,,1,70,,1128,1208,,,1,32,,1105,1208,,,1,71,,1119,1208,,,1,30,,1114,1208,,,1,70,,1117,1208,,,1,30,,1106,1208,,,1,70,,1123,1208,,,1,30,,1100,1208,,,1,70,,1125,1208,,,1,30,,1120,1208,,,1,70,,1130,1208,,,1,30,,1099,1208,,,1,70,,1107,1208,,,1,30,,1124,1208,,,1,70,,1118,1208,,,1,30,,1131,1208,,,1,70,,1127,1208,,,1,30,,1122,1208,,,1,70,,1121,1208,,,1,30,,1133,1208,,,1,70,,1116,1208,,,1,30,,1108,1208,,,1,70,,1129,1208,,,1,30,,1132,1208,,,1,70,,1109,1208,,,1,30,,1126,1208,,,1,70,,1115,1208,,,1,100,,1111,1208,,,1,100,,1110,1208,,,1
400,'SE',556,,1159,1208,,,1,60,,1169,1208,,,1,15,,1163,1208,,,1,20,,1160,1208,,,1,66,,1162,1208,,,1,17,,1168,1208,,,1,24,,1174,1208,,,1,52,,1171,1208,,,1,32,,1170,1208,,,1,13,,1147,1208,,,1,63,,1144,1208,,,1,30,,1146,1208,,,1,70,,1134,1208,,,1,30,,1139,1208,,,1,70,,1158,1208,,,1,30,,1149,1208,,,1,70,,1148,1208,,,1,30,,1143,1208,,,1,70,,1153,1208,,,1,29,,1141,1208,,,1,69,,1136,1208,,,1,31,,1172,1208,,,1,66,,1165,1208,,,1,34,,1164,1208,,,1,71,,1166,1208,,,1,30,,1173,1208,,,1,69,,1175,1208,,,1,25,,1137,1208,,,1,60,,1154,1208,,,1,34,,1150,1208,,,1,74,,1151,1208,,,1,30,,1145,1208,,,1,70,,1157,1208,,,1,30,,1155,1208,,,1,70,,1135,1208,,,1,30,,1142,1208,,,1,70,,1156,1208,,,1,30,,1140,1208,,,1,100,,1152,1208,,,1,100,,1138,1208,,,1
3200,'DI',602,,7552,1208,0,44,2,101,,7553,1208,0,44,2,99,,7554,1208,0,44,2,100,,7556,1208,0,44,2,100,,7559,1208,0,44,2,100,,7571,1208,0,44,2,101,,7557,1208,0,44,2,100,,7560,1208,0,44,2,98,,7570,1208,0,44,2,104,,7562,1208,0,44,2,96,,7561,1208,0,44,2,100,,7564,1208,0,44,2,100,,7563,1208,0,44,2,101,,7558,1208,0,44,2,100,,7565,1208,0,44,2,100,,7566,1208,0,44,2,100,,7569,1208,0,44,2,100,,7568,1208,0,44,2,100,,7567,1208,0,44,2,100,,7555,1208,0,44,2
3200,'F1',602,,7573,1208,0,44,2,101,,7574,1208,0,44,2,56,,7575,1208,0,44,2,141,,7576,1208,0,44,2,101,,7572,1208,0,44,2,101,,7578,1208,0,44,2,99,,7580,1208,0,44,2,103,,7581,1208,0,44,2,102,,7579,1208,0,44,2,97,,7583,1208,0,44,2,98,,7582,1208,0,44,2,100,,7585,1208,0,44,2,100,,7584,1208,0,44,2,101,,7587,1208,0,44,2,100,,7586,1208,0,44,2,100,,7588,1208,0,44,2,100,,7591,1208,0,44,2,100,,7590,1208,0,44,2,100,,7589,1208,0,44,2,100,,7577,1208,0,44,2
3200,'F7',602,,7592,1208,0,44,2,101,,7593,1208,0,44,2,99,,7594,1208,0,44,2,100,,7596,1208,0,44,2,100,,7599,1208,0,44,2,100,,7611,1208,0,44,2,101,,7597,1208,0,44,2,100,,7600,1208,0,44,2,98,,7610,1208,0,44,2,104,,7602,1208,0,44,2,96,,7601,1208,0,44,2,100,,7604,1208,0,44,2,100,,7603,1208,0,44,2,101,,7598,1208,0,44,2,100,,7605,1208,0,44,2,100,,7606,1208,0,44,2,100,,7609,1208,0,44,2,100,,7608,1208,0,44,2,100,,7607,1208,0,44,2,100,,7595,1208,0,44,2
3200,'F8',612,,7629,1208,,,2,32,,7630,1208,,,2,64,,7631,1208,,,2,30,,7637,1208,,,2,76,,7636,1208,,,2,20,,7614,1208,0,44,2,96,,7613,1208,0,44,2,100,,7623,1208,0,44,2,100,,7620,1208,0,44,2,100,,7619,1208,0,44,2,100,,7622,1208,0,44,2,104,,7612,1208,0,44,2,104,,7632,1208,,,2,68,,7628,1208,,,2,30,,7626,1208,,,2,70,,7633,1208,,,2,25,,7635,1208,,,2,75,,7634,1208,,,2,25,,7627,1208,,,2,74,,7621,1208,0,44,2,30,,7617,1208,0,44,2,100,,7625,1208,0,44,2,100,,7618,1208,0,44,2,100,,7624,1208,0,44,2,100,,7615,1208,0,44,2,101,,7616,1208,0,44,2
3200,'F9',602,,7639,1208,0,44,2,101,,7640,1208,0,44,2,56,,7641,1208,0,44,2,141,,7642,1208,0,44,2,101,,7638,1208,0,44,2,101,,7644,1208,0,44,2,99,,7646,1208,0,44,2,103,,7647,1208,0,44,2,102,,7645,1208,0,44,2,97,,7649,1208,0,44,2,98,,7648,1208,0,44,2,100,,7651,1208,0,44,2,100,,7650,1208,0,44,2,101,,7653,1208,0,44,2,100,,7652,1208,0,44,2,100,,7654,1208,0,44,2,100,,7657,1208,0,44,2,100,,7656,1208,0,44,2,100,,7655,1208,0,44,2,100,,7643,1208,0,44,2
3200,'SA',602,,7659,1208,0,44,2,101,,7660,1208,0,44,2,56,,7661,1208,0,44,2,141,,7662,1208,0,44,2,101,,7658,1208,0,44,2,101,,7664,1208,0,44,2,99,,7666,1208,0,44,2,103,,7667,1208,0,44,2,102,,7665,1208,0,44,2,97,,7669,1208,0,44,2,98,,7668,1208,0,44,2,100,,7671,1208,0,44,2,100,,7670,1208,0,44,2,101,,7673,1208,0,44,2,100,,7672,1208,0,44,2,100,,7674,1208,0,44,2,100,,7677,1208,0,44,2,100,,7676,1208,0,44,2,100,,7675,1208,0,44,2,100,,7663,1208,0,44,2
3200,'SE',612,,7695,1208,,,2,32,,7696,1208,,,2,64,,7697,1208,,,2,30,,7703,1208,,,2,76,,7702,1208,,,2,20,,7680,1208,0,44,2,96,,7679,1208,0,44,2,100,,7689,1208,0,44,2,100,,7686,1208,0,44,2,100,,7685,1208,0,44,2,100,,7688,1208,0,44,2,104,,7678,1208,0,44,2,104,,7698,1208,,,2,68,,7694,1208,,,2,30,,7692,1208,,,2,70,,7699,1208,,,2,25,,7701,1208,,,2,75,,7700,1208,,,2,25,,7693,1208,,,2,74,,7687,1208,0,44,2,30,,7683,1208,0,44,2,100,,7691,1208,0,44,2,100,,7684,1208,0,44,2,100,,7690,1208,0,44,2,100,,7681,1208,0,44,2,101,,7682,1208,0,44,2
13200,'DI',829,,16281,1208,0,21 45,2,100,,16296,1208,0,21 45,2,100,,16279,1208,0,21 45,2,100,,16282,1208,0,21 45,2,100,,16295,1208,0,21 45,2,100,,16285,1208,0,21 45,2,100,,16283,1208,0,21 45,2,105,,16287,1208,0,21 45,2,95,,16286,1208,0,21 45,2,100,,16284,1208,0,21 45,2,101,,16288,1208,0,21 45,2,99,,16289,1208,0,21 45,2,100,,16280,1208,0,21 45,2,100,,16292,1208,0,21 45,2,100,,16290,1208,0,21 45,2,100,,16294,1208,0,21 45,2,100,,16293,1208,0,21 45,2,100,,16291,1208,0,21 45,2
13200,'F1',729,,16314,1208,0,21 45,2,100,,16298,1208,0,21 45,2,100,,16299,1208,0,21 45,2,103,,16301,1208,0,21 45,2,97,,16297,1208,0,21 45,2,104,,16300,1208,0,21 45,2,96,,16304,1208,0,21 45,2,104,,16302,1208,0,21 45,2,96,,16306,1208,0,21 45,2,100,,16305,1208,0,21 45,2,100,,16303,1208,0,21 45,2,101,,16307,1208,0,21 45,2,99,,16309,1208,0,21 45,2,100,,16308,1208,0,21 45,2,100,,16312,1208,0,21 45,2,100,,16310,1208,0,21 45,2,100,,16315,1208,0,21 45,2,100,,16313,1208,0,21 45,2,100,,16311,1208,0,21 45,2
13200,'F7',829,,16318,1208,0,21 45,2,100,,16333,1208,0,21 45,2,100,,16316,1208,0,21 45,2,100,,16319,1208,0,21 45,2,100,,16332,1208,0,21 45,2,100,,16322,1208,0,21 45,2,100,,16320,1208,0,21 45,2,105,,16324,1208,0,21 45,2,95,,16323,1208,0,21 45,2,100,,16321,1208,0,21 45,2,101,,16325,1208,0,21 45,2,99,,16326,1208,0,21 45,2,100,,16317,1208,0,21 45,2,100,,16329,1208,0,21 45,2,100,,16327,1208,0,21 45,2,100,,16331,1208,0,21 45,2,100,,16330,1208,0,21 45,2,100,,16328,1208,0,21 45,2
13200,'F8',640,,16342,1208,0,21 45,2,61,,16346,1208,0,21 45,2,11,,16338,1208,0,21 45,2,9,,16345,1208,0,21 45,2,4,,16353,1208,0,21 45,2,22,,16340,1208,0,21 45,2,58,,16343,1208,0,21 45,2,20,,16347,1208,0,21 45,2,79,,16348,1208,0,21 45,2,97,,16357,1208,0,21 45,2,99,,16354,1208,0,21 45,2,56,,16355,1208,0,21 45,2,100,,16334,1208,0,21 45,2,148,,16351,1208,0,21 45,2,53,,16358,1208,0,21 45,2,64,,16352,1208,0,21 45,2,20,,16341,1208,0,21 45,2,60,,16344,1208,0,21 45,2,21,,16359,1208,0,21 45,2,20,,16335,1208,0,21 45,2,60,,16349,1208,0,21 45,2,20,,16336,1208,0,21 45,2,21,,16339,1208,0,21 45,2,59,,16356,1208,0,21 45,2,21,,16350,1208,0,21 45,2,19,,16337,1208,0,21 45,2
13200,'F9',729,,16377,1208,0,21 45,2,100,,16361,1208,0,21 45,2,100,,16362,1208,0,21 45,2,103,,16364,1208,0,21 45,2,97,,16360,1208,0,21 45,2,104,,16363,1208,0,21 45,2,96,,16367,1208,0,21 45,2,104,,16365,1208,0,21 45,2,96,,16369,1208,0,21 45,2,100,,16368,1208,0,21 45,2,100,,16366,1208,0,21 45,2,101,,16370,1208,0,21 45,2,99,,16372,1208,0,21 45,2,100,,16371,1208,0,21 45,2,100,,16375,1208,0,21 45,2,100,,16373,1208,0,21 45,2,100,,16378,1208,0,21 45,2,100,,16376,1208,0,21 45,2,100,,16374,1208,0,21 45,2
13200,'SA',729,,16396,1208,0,21 45,2,100,,16380,1208,0,21 45,2,100,,16381,1208,0,21 45,2,103,,16383,1208,0,21 45,2,97,,16379,1208,0,21 45,2,104,,16382,1208,0,21 45,2,96,,16386,1208,0,21 45,2,104,,16384,1208,0,21 45,2,96,,16388,1208,0,21 45,2,100,,16387,1208,0,21 45,2,100,,16385,1208,0,21 45,2,101,,16389,1208,0,21 45,2,99,,16391,1208,0,21 45,2,100,,16390,1208,0,21 45,2,100,,16394,1208,0,21 45,2,100,,16392,1208,0,21 45,2,100,,16397,1208,0,21 45,2,100,,16395,1208,0,21 45,2,100,,16393,1208,0,21 45,2
13200,'SE',640,,16406,1208,0,21 45,2,61,,16410,1208,0,21 45,2,11,,16402,1208,0,21 45,2,9,,16409,1208,0,21 45,2,4,,16417,1208,0,21 45,2,22,,16404,1208,0,21 45,2,58,,16407,1208,0,21 45,2,20,,16411,1208,0,21 45,2,79,,16412,1208,0,21 45,2,97,,16421,1208,0,21 45,2,99,,16418,1208,0,21 45,2,56,,16419,1208,0,21 45,2,100,,16398,1208,0,21 45,2,148,,16415,1208,0,21 45,2,53,,16422,1208,0,21 45,2,64,,16416,1208,0,21 45,2,20,,16405,1208,0,21 45,2,60,,16408,1208,0,21 45,2,21,,16423,1208,0,21 45,2,20,,16399,1208,0,21 45,2,60,,16413,1208,0,21 45,2,20,,16400,1208,0,21 45,2,21,,16403,1208,0,21 45,2,59,,16420,1208,0,21 45,2,21,,16414,1208,0,21 45,2,19,,16401,1208,0,21 45,2
69301,'F8',831,,19049,186,,,2,1,,19048,186,,,2
69301,'SE',831,,19051,186,,,2,1,,19050,186,,,2
