7100,'DI',618,,6538,4,,2,30,,6526,4,,2,70,,6541,4,,2,30,,6545,4,,2,70,,6543,4,,2,30,,6527,4,,2,71,,6542,4,,2,29,,6521,4,,2,71,,6517,4,,2,30,,6522,4,,2,70,,6534,4,,2,30,,6523,4,,2,70,,6531,4,,2,35,,6539,4,,2,65,,6544,4,,2,30,,6540,4,,2,70,,6532,4,,2,30,,6518,4,,2,70,,6530,4,,2,30,,6524,4,,2,70,,6537,4,,2,30,,6525,4,,2,68,,6528,4,,2,32,,6519,4,,2,70,,6529,4,,2,30,,6520,4,,2,100,,6533,4,,2,99,,6547,4,,2,100,,6516,4,,2,100,,6535,4,,2,100,,6536,4,,2,100,,6546,4,,2
7100,'F1',618,,6563,4,,2,30,,6549,4,,2,70,,6550,4,,2,30,,6565,4,,2,71,,6564,4,,2,29,,6575,4,,2,70,,6551,4,,2,30,,6576,4,,2,71,,6578,4,,2,30,,6577,4,,2,70,,6553,4,,2,30,,6569,4,,2,70,,6554,4,,2,30,,6570,4,,2,70,,6555,4,,2,30,,6571,4,,2,70,,6556,4,,2,30,,6572,4,,2,70,,6557,4,,2,30,,6579,4,,2,70,,6558,4,,2,28,,6580,4,,2,70,,6559,4,,2,36,,6573,4,,2,66,,6560,4,,2,32,,6574,4,,2,98,,6567,4,,2,100,,6552,4,,2,100,,6561,4,,2,100,,6562,4,,2,100,,6548,4,,2,100,,6566,4,,2,100,,6568,4,,2
7100,'F7',618,,15964,4,,2,30,,15952,4,,2,70,,15967,4,,2,30,,15971,4,,2,70,,15969,4,,2,30,,15953,4,,2,71,,15968,4,,2,29,,15947,4,,2,71,,15943,4,,2,30,,15948,4,,2,70,,15960,4,,2,30,,15949,4,,2,70,,15957,4,,2,35,,15965,4,,2,65,,15970,4,,2,30,,15966,4,,2,70,,15958,4,,2,30,,15944,4,,2,70,,15956,4,,2,30,,15950,4,,2,70,,15963,4,,2,30,,15951,4,,2,68,,15954,4,,2,32,,15945,4,,2,70,,15955,4,,2,30,,15946,4,,2,100,,15959,4,,2,99,,15973,4,,2,100,,15942,4,,2,100,,15961,4,,2,100,,15962,4,,2,100,,15972,4,,2
7100,'F8',541,,15980,4,,2,100,,15982,4,,2,80,,15977,4,,2,82,,16004,4,,2,46,,15997,4,,2,71,,15981,4,,2,29,,16012,4,,2,70,,15974,4,,2,30,,15998,4,,2,70,,16010,4,,2,30,,15999,4,,2,70,,16011,4,,2,30,,16000,4,,2,70,,15987,4,,2,30,,16005,4,,2,70,,15988,4,,2,31,,16006,4,,2,71,,16009,4,,2,31,,15983,4,,2,60,,15975,4,,2,21,,15985,4,,2,25,,16003,4,,2,57,,15986,4,,2,18,,15984,4,,2,19,,16001,4,,2,72,,16013,4,,2,26,,16002,4,,2,70,,15989,4,,2,30,,15978,4,,2,69,,15990,4,,2,30,,15979,4,,2,70,,15991,4,,2,30,,15976,4,,2,70,,15992,4,,2,30,,16007,4,,2,70,,15993,4,,2,30,,15995,4,,2,68,,15994,4,,2,30,,15996,4,,2,70,,16008,4,,2
7100,'F9',618,,16029,4,,2,30,,16015,4,,2,70,,16016,4,,2,30,,16031,4,,2,71,,16030,4,,2,29,,16041,4,,2,70,,16017,4,,2,30,,16042,4,,2,71,,16044,4,,2,30,,16043,4,,2,70,,16019,4,,2,30,,16035,4,,2,70,,16020,4,,2,30,,16036,4,,2,70,,16021,4,,2,30,,16037,4,,2,70,,16022,4,,2,30,,16038,4,,2,70,,16023,4,,2,30,,16045,4,,2,70,,16024,4,,2,28,,16046,4,,2,70,,16025,4,,2,36,,16039,4,,2,66,,16026,4,,2,32,,16040,4,,2,98,,16033,4,,2,100,,16018,4,,2,100,,16027,4,,2,100,,16028,4,,2,100,,16014,4,,2,100,,16032,4,,2,100,,16034,4,,2
7100,'SA',618,,6596,4,,2,30,,6582,4,,2,70,,6583,4,,2,30,,6598,4,,2,71,,6597,4,,2,29,,6608,4,,2,70,,6584,4,,2,30,,6609,4,,2,71,,6611,4,,2,30,,6610,4,,2,70,,6586,4,,2,30,,6602,4,,2,70,,6587,4,,2,30,,6603,4,,2,70,,6588,4,,2,30,,6604,4,,2,70,,6589,4,,2,30,,6605,4,,2,70,,6590,4,,2,30,,6612,4,,2,70,,6591,4,,2,28,,6613,4,,2,70,,6592,4,,2,36,,6606,4,,2,66,,6593,4,,2,32,,6607,4,,2,98,,6600,4,,2,100,,6585,4,,2,100,,6594,4,,2,100,,6595,4,,2,100,,6581,4,,2,100,,6599,4,,2,100,,6601,4,,2
7100,'SE',541,,6620,4,,2,100,,6622,4,,2,80,,6617,4,,2,82,,6644,4,,2,46,,6637,4,,2,71,,6621,4,,2,29,,6652,4,,2,70,,6614,4,,2,30,,6638,4,,2,70,,6650,4,,2,30,,6639,4,,2,70,,6651,4,,2,30,,6640,4,,2,70,,6627,4,,2,30,,6645,4,,2,70,,6628,4,,2,31,,6646,4,,2,71,,6649,4,,2,31,,6623,4,,2,60,,6615,4,,2,21,,6625,4,,2,25,,6643,4,,2,57,,6626,4,,2,18,,6624,4,,2,19,,6641,4,,2,72,,6653,4,,2,26,,6642,4,,2,70,,6629,4,,2,30,,6618,4,,2,69,,6630,4,,2,30,,6619,4,,2,70,,6631,4,,2,30,,6616,4,,2,70,,6632,4,,2,30,,6647,4,,2,70,,6633,4,,2,30,,6635,4,,2,68,,6634,4,,2,30,,6636,4,,2,70,,6648,4,,2
7101,'DI',519,,6673,,,2,30,,6684,,,2,69,,6677,,,2,30,,6664,,,2,70,,6680,,,2,30,,6685,,,2,70,,6682,,,2,30,,6665,,,2,71,,6681,,,2,29,,6659,,,2,71,,6655,,,2,30,,6660,,,2,70,,6672,,,2,30,,6661,,,2,70,,6669,,,2,35,,6678,,,2,65,,6683,,,2,30,,6679,,,2,70,,6670,,,2,30,,6656,,,2,70,,6668,,,2,30,,6662,,,2,70,,6676,,,2,30,,6663,,,2,68,,6666,,,2,32,,6657,,,2,70,,6667,,,2,30,,6658,,,2,100,,6671,,,2,99,,6687,,,2,100,,6654,,,2,100,,6674,,,2,100,,6675,,,2,100,,6686,,,2
7101,'F1',519,,6705,,,2,30,,6716,,,2,69,,6703,,,2,30,,6689,,,2,70,,6690,,,2,30,,6706,,,2,71,,6704,,,2,29,,6717,,,2,70,,6691,,,2,30,,6718,,,2,71,,6720,,,2,30,,6719,,,2,70,,6693,,,2,30,,6710,,,2,70,,6694,,,2,30,,6711,,,2,70,,6695,,,2,30,,6712,,,2,70,,6696,,,2,30,,6713,,,2,70,,6697,,,2,30,,6721,,,2,70,,6698,,,2,28,,6722,,,2,70,,6699,,,2,36,,6714,,,2,66,,6700,,,2,32,,6715,,,2,98,,6708,,,2,100,,6692,,,2,100,,6701,,,2,100,,6702,,,2,100,,6688,,,2,100,,6707,,,2,100,,6709,,,2
7101,'F7',519,,16066,,,2,30,,16077,,,2,69,,16070,,,2,30,,16057,,,2,70,,16073,,,2,30,,16078,,,2,70,,16075,,,2,30,,16058,,,2,71,,16074,,,2,29,,16052,,,2,71,,16048,,,2,30,,16053,,,2,70,,16065,,,2,30,,16054,,,2,70,,16062,,,2,35,,16071,,,2,65,,16076,,,2,30,,16072,,,2,70,,16063,,,2,30,,16049,,,2,70,,16061,,,2,30,,16055,,,2,70,,16069,,,2,30,,16056,,,2,68,,16059,,,2,32,,16050,,,2,70,,16060,,,2,30,,16051,,,2,100,,16064,,,2,99,,16080,,,2,100,,16047,,,2,100,,16067,,,2,100,,16068,,,2,100,,16079,,,2
7101,'F8',441,,16093,,,2,70,,16099,,,2,30,,16087,,,2,70,,16096,,,2,30,,16091,,,2,15,,16088,,,2,65,,16084,,,2,20,,16089,,,2,62,,16117,,,2,18,,16098,,,2,28,,16110,,,2,71,,16090,,,2,29,,16125,,,2,70,,16081,,,2,30,,16111,,,2,70,,16123,,,2,30,,16112,,,2,70,,16124,,,2,30,,16113,,,2,70,,16100,,,2,30,,16118,,,2,70,,16101,,,2,31,,16119,,,2,71,,16122,,,2,31,,16092,,,2,60,,16082,,,2,21,,16095,,,2,25,,16116,,,2,57,,16097,,,2,18,,16094,,,2,19,,16114,,,2,72,,16126,,,2,26,,16115,,,2,70,,16102,,,2,30,,16085,,,2,69,,16103,,,2,30,,16086,,,2,70,,16104,,,2,30,,16083,,,2,70,,16105,,,2,30,,16120,,,2,70,,16106,,,2,30,,16108,,,2,68,,16107,,,2,30,,16109,,,2,70,,16121,,,2
7101,'F9',519,,16144,,,2,30,,16155,,,2,69,,16142,,,2,30,,16128,,,2,70,,16129,,,2,30,,16145,,,2,71,,16143,,,2,29,,16156,,,2,70,,16130,,,2,30,,16157,,,2,71,,16159,,,2,30,,16158,,,2,70,,16132,,,2,30,,16149,,,2,70,,16133,,,2,30,,16150,,,2,70,,16134,,,2,30,,16151,,,2,70,,16135,,,2,30,,16152,,,2,70,,16136,,,2,30,,16160,,,2,70,,16137,,,2,28,,16161,,,2,70,,16138,,,2,36,,16153,,,2,66,,16139,,,2,32,,16154,,,2,98,,16147,,,2,100,,16131,,,2,100,,16140,,,2,100,,16141,,,2,100,,16127,,,2,100,,16146,,,2,100,,16148,,,2
7101,'SA',519,,6740,,,2,30,,6751,,,2,69,,6738,,,2,30,,6724,,,2,70,,6725,,,2,30,,6741,,,2,71,,6739,,,2,29,,6752,,,2,70,,6726,,,2,30,,6753,,,2,71,,6755,,,2,30,,6754,,,2,70,,6728,,,2,30,,6745,,,2,70,,6729,,,2,30,,6746,,,2,70,,6730,,,2,30,,6747,,,2,70,,6731,,,2,30,,6748,,,2,70,,6732,,,2,30,,6756,,,2,70,,6733,,,2,28,,6757,,,2,70,,6734,,,2,36,,6749,,,2,66,,6735,,,2,32,,6750,,,2,98,,6743,,,2,100,,6727,,,2,100,,6736,,,2,100,,6737,,,2,100,,6723,,,2,100,,6742,,,2,100,,6744,,,2
7101,'SE',441,,6770,,,2,70,,6776,,,2,30,,6764,,,2,70,,6773,,,2,30,,6768,,,2,15,,6765,,,2,65,,6761,,,2,20,,6766,,,2,62,,6794,,,2,18,,6775,,,2,28,,6787,,,2,71,,6767,,,2,29,,6802,,,2,70,,6758,,,2,30,,6788,,,2,70,,6800,,,2,30,,6789,,,2,70,,6801,,,2,30,,6790,,,2,70,,6777,,,2,30,,6795,,,2,70,,6778,,,2,31,,6796,,,2,71,,6799,,,2,31,,6769,,,2,60,,6759,,,2,21,,6772,,,2,25,,6793,,,2,57,,6774,,,2,18,,6771,,,2,19,,6791,,,2,72,,6803,,,2,26,,6792,,,2,70,,6779,,,2,30,,6762,,,2,69,,6780,,,2,30,,6763,,,2,70,,6781,,,2,30,,6760,,,2,70,,6782,,,2,30,,6797,,,2,70,,6783,,,2,30,,6785,,,2,68,,6784,,,2,30,,6786,,,2,70,,6798,,,2
56500,'F8',1613,,19179,,,2
56500,'SE',1613,,10478,,,2
