100,'DI',659,,12,0,26,1,100,,13,0,26,1,100,,14,0,26,1,100,,15,0,26,1,100,,16,0,26,1,100,,17,0,26,1,100,,18,0,26,1,141,,19,0,26,1,100,,20,0,26,1,58,,1,0,26,1,100,,2,0,26,1,100,,3,0,26,1,100,,4,0,26,1,100,,5,0,26,1,100,,6,0,26,1,100,,7,0,26,1,100,,8,0,26,1,100,,9,0,26,1,100,,10,0,26,1,100,,11,0,26,1
100,'F1',629,,47,0,26,1,30,,37,0,26,1,70,,48,0,26,1,30,,38,0,26,1,70,,49,0,26,1,30,,39,0,26,1,70,,50,0,26,1,30,,40,0,26,1,70,,51,0,26,1,30,,41,0,26,1,70,,52,0,26,1,30,,42,0,26,1,70,,54,0,26,1,30,,43,0,26,1,71,,55,0,26,1,70,,44,0,26,1,30,,56,0,26,1,70,,45,0,26,1,28,,33,0,26,1,30,,22,0,26,1,70,,34,0,26,1,30,,23,0,26,1,70,,35,0,26,1,30,,24,0,26,1,70,,36,0,26,1,30,,25,0,26,1,100,,26,0,26,1,100,,27,0,26,1,100,,28,0,26,1,100,,29,0,26,1,100,,30,0,26,1,100,,31,0,26,1,100,,32,0,26,1
100,'SA',629,,82,0,26,1,30,,72,0,26,1,70,,83,0,26,1,30,,73,0,26,1,70,,84,0,26,1,30,,74,0,26,1,70,,85,0,26,1,30,,75,0,26,1,70,,86,0,26,1,30,,76,0,26,1,70,,87,0,26,1,30,,77,0,26,1,70,,89,0,26,1,30,,78,0,26,1,71,,90,0,26,1,70,,79,0,26,1,30,,91,0,26,1,70,,80,0,26,1,28,,68,0,26,1,30,,57,0,26,1,70,,69,0,26,1,30,,58,0,26,1,70,,70,0,26,1,30,,59,0,26,1,70,,71,0,26,1,30,,60,0,26,1,100,,61,0,26,1,100,,62,0,26,1,100,,63,0,26,1,100,,64,0,26,1,100,,65,0,26,1,100,,66,0,26,1,100,,67,0,26,1
100,'SE',551,,108,0,26,1,76,,92,0,26,1,29,,109,0,26,1,75,,122,0,26,1,69,,125,0,26,1,35,,123,0,26,1,80,,93,0,26,1,30,,95,0,26,1,70,,124,0,26,1,30,,136,0,26,1,70,,138,0,26,1,30,,94,0,26,1,71,,96,0,26,1,30,,139,0,26,1,70,,113,0,26,1,30,,135,0,26,1,70,,101,0,26,1,30,,128,0,26,1,72,,119,0,26,1,18,,127,0,26,1,21,,129,0,26,1,55,,99,0,26,1,19,,111,0,26,1,12,,103,0,26,1,62,,102,0,26,1,12,,116,0,26,1,12,,100,0,26,1,15,,142,0,26,1,12,,104,0,26,1,55,,140,0,26,1,15,,97,0,26,1,20,,133,0,26,1,68,,137,0,26,1,30,,114,0,26,1,70,,132,0,26,1,30,,130,0,26,1,70,,134,0,26,1,30,,131,0,26,1,100,,112,0,26,1,99,,105,0,26,1,100,,106,0,26,1,99,,107,0,26,1
600,'DI',636,,1142,,,1,70,,1141,,,1,30,,1125,,,1,71,,1151,,,1,30,,1122,,,1,70,,1120,,,1,31,,1146,,,1,70,,1150,,,1,30,,1132,,,1,69,,1126,,,1,31,,1149,,,1,69,,1143,,,1,30,,1123,,,1,74,,1128,,,1,29,,1144,,,1,70,,1124,,,1,27,,1127,,,1,73,,1145,,,1,30,,1134,,,1,69,,1137,,,1,31,,1129,,,1,67,,1135,,,1,30,,1138,,,1,70,,1130,,,1,29,,1136,,,1,71,,1148,,,1,104,,1133,,,1,100,,1139,,,1,99,,1131,,,1,100,,1121,,,1,100,,1147,,,1,100,,1140,,,1
600,'F1',636,,1174,,,1,71,,1183,,,1,29,,1162,,,1,70,,1157,,,1,34,,1163,,,1,66,,1180,,,1,35,,1167,,,1,63,,1164,,,1,32,,1179,,,1,69,,1168,,,1,30,,1177,,,1,77,,1152,,,1,30,,1178,,,1,67,,1169,,,1,31,,1154,,,1,67,,1158,,,1,30,,1170,,,1,70,,1181,,,1,30,,1175,,,1,70,,1171,,,1,30,,1182,,,1,70,,1176,,,1,30,,1172,,,1,70,,1165,,,1,30,,1153,,,1,70,,1159,,,1,105,,1161,,,1,100,,1166,,,1,100,,1155,,,1,100,,1160,,,1,100,,1173,,,1,100,,1156,,,1
600,'SA',636,,1206,,,1,71,,1215,,,1,29,,1194,,,1,70,,1189,,,1,34,,1195,,,1,66,,1212,,,1,35,,1199,,,1,63,,1196,,,1,32,,1211,,,1,69,,1200,,,1,30,,1209,,,1,77,,1184,,,1,30,,1210,,,1,67,,1201,,,1,31,,1186,,,1,67,,1190,,,1,30,,1202,,,1,70,,1213,,,1,30,,1207,,,1,70,,1203,,,1,30,,1214,,,1,70,,1208,,,1,30,,1204,,,1,70,,1197,,,1,30,,1185,,,1,70,,1191,,,1,105,,1193,,,1,100,,1198,,,1,100,,1187,,,1,100,,1192,,,1,100,,1205,,,1,100,,1188,,,1
600,'SE',547,,1233,,,1,70,,1237,,,1,30,,1223,,,1,71,,1243,,,1,32,,1216,,,1,67,,1244,,,1,33,,1228,,,1,69,,1238,,,1,30,,1221,,,1,70,,1229,,,1,30,,1224,,,1,70,,1232,,,1,30,,1239,,,1,70,,1235,,,1,30,,1222,,,1,70,,1249,,,1,30,,1225,,,1,71,,1240,,,1,29,,1217,,,1,72,,1251,,,1,30,,1245,,,1,69,,1242,,,1,37,,1246,,,1,65,,1227,,,1,30,,1234,,,1,68,,1230,,,1,29,,1218,,,1,70,,1247,,,1,29,,1250,,,1,70,,1248,,,1,30,,1241,,,1,70,,1226,,,1,100,,1219,,,1,100,,1220,,,1,100,,1231,,,1,100,,1236,,,1
5500,'SE',1619,,6097,0,28,2,18,,6103,0,28,2,15,,6101,0,28,2,56,,6095,0,28,2,14,,6099,0,28,2,15,,6098,0,28,2,15,,6104,0,28,2,55,,6102,0,28,2,20,,6096,0,28,2,20,,6100,0,28,2
50000,'SE',1556,,10424,,,2
50100,'SE',1503,,10427,,,2,144,,10426,,,2
60600,'SE',1655,,10494,,,2
65001,'SE',827,,10524,,,2
