300,'DI',708,,477,7304,,,1,100,,488,7304,,,1,100,,478,7304,,,1,100,,489,7304,,,1,100,,479,7304,,,1,100,,490,7304,,,1,100,,480,7304,,,1,100,,491,7304,,,1,100,,492,7304,,,1,100,,493,7304,,,1,100,,494,7304,,,1,100,,495,7304,,,1,100,,481,7304,,,1,100,,482,7304,,,1,100,,483,7304,,,1,100,,484,7304,,,1,100,,485,7304,,,1,100,,486,7304,,,1,100,,487,7304,,,1
300,'F1',638,,496,7304,,,1,70,,519,7304,,,1,30,,497,7304,,,1,70,,521,7304,,,1,30,,498,7304,,,1,70,,520,7304,,,1,30,,499,7304,,,1,70,,515,7304,,,1,30,,500,7304,,,1,70,,516,7304,,,1,30,,501,7304,,,1,70,,524,7304,,,1,30,,502,7304,,,1,70,,522,7304,,,1,30,,503,7304,,,1,70,,525,7304,,,1,30,,504,7304,,,1,70,,523,7304,,,1,30,,505,7304,,,1,70,,517,7304,,,1,30,,506,7304,,,1,70,,518,7304,,,1,30,,507,7304,,,1,70,,527,7304,,,1,30,,508,7304,,,1,70,,509,7304,,,1,100,,510,7304,,,1,100,,511,7304,,,1,100,,512,7304,,,1,100,,513,7304,,,1,100,,526,7304,,,1,100,,514,7304,,,1
300,'F7',708,,528,7304,,,1,100,,539,7304,,,1,100,,529,7304,,,1,100,,540,7304,,,1,100,,530,7304,,,1,100,,541,7304,,,1,100,,531,7304,,,1,100,,542,7304,,,1,100,,543,7304,,,1,100,,544,7304,,,1,100,,545,7304,,,1,100,,546,7304,,,1,100,,532,7304,,,1,100,,533,7304,,,1,100,,534,7304,,,1,100,,535,7304,,,1,100,,536,7304,,,1,100,,537,7304,,,1,100,,538,7304,,,1
300,'F8',556,,573,7304,,,1,83,,554,7304,,,1,80,,570,7304,,,1,40,,556,7304,,,1,81,,555,7304,,,1,69,,567,7304,,,1,30,,571,7304,,,1,70,,564,7304,,,1,30,,572,7304,,,1,70,,548,7304,,,1,30,,557,7304,,,1,70,,549,7304,,,1,30,,558,7304,,,1,70,,550,7304,,,1,30,,559,7304,,,1,70,,551,7304,,,1,30,,560,7304,,,1,72,,552,7304,,,1,21,,547,7304,,,1,18,,584,7304,,,1,63,,553,7304,,,1,21,,566,7304,,,1,23,,565,7304,,,1,58,,580,7304,,,1,18,,574,7304,,,1,20,,583,7304,,,1,58,,563,7304,,,1,32,,581,7304,,,1,67,,575,7304,,,1,28,,561,7304,,,1,70,,576,7304,,,1,30,,562,7304,,,1,70,,577,7304,,,1,30,,582,7304,,,1,70,,578,7304,,,1,100,,579,7304,,,1,100,,568,7304,,,1,100,,569,7304,,,1
300,'F9',638,,585,7304,,,1,70,,608,7304,,,1,30,,586,7304,,,1,70,,610,7304,,,1,30,,587,7304,,,1,70,,609,7304,,,1,30,,588,7304,,,1,70,,604,7304,,,1,30,,589,7304,,,1,70,,605,7304,,,1,30,,590,7304,,,1,70,,613,7304,,,1,30,,591,7304,,,1,70,,611,7304,,,1,30,,592,7304,,,1,70,,614,7304,,,1,30,,593,7304,,,1,70,,612,7304,,,1,30,,594,7304,,,1,70,,606,7304,,,1,30,,595,7304,,,1,70,,607,7304,,,1,30,,596,7304,,,1,70,,616,7304,,,1,30,,597,7304,,,1,70,,598,7304,,,1,100,,599,7304,,,1,100,,600,7304,,,1,100,,601,7304,,,1,100,,602,7304,,,1,100,,615,7304,,,1,100,,603,7304,,,1
300,'SA',638,,617,7304,,,1,70,,640,7304,,,1,30,,618,7304,,,1,70,,642,7304,,,1,30,,619,7304,,,1,70,,641,7304,,,1,30,,620,7304,,,1,70,,636,7304,,,1,30,,621,7304,,,1,70,,637,7304,,,1,30,,622,7304,,,1,70,,645,7304,,,1,30,,623,7304,,,1,70,,643,7304,,,1,30,,624,7304,,,1,70,,646,7304,,,1,30,,625,7304,,,1,70,,644,7304,,,1,30,,626,7304,,,1,70,,638,7304,,,1,30,,627,7304,,,1,70,,639,7304,,,1,30,,628,7304,,,1,70,,648,7304,,,1,30,,629,7304,,,1,70,,630,7304,,,1,100,,631,7304,,,1,100,,632,7304,,,1,100,,633,7304,,,1,100,,634,7304,,,1,100,,647,7304,,,1,100,,635,7304,,,1
300,'SE',556,,675,7304,,,1,83,,656,7304,,,1,80,,672,7304,,,1,40,,658,7304,,,1,81,,657,7304,,,1,69,,669,7304,,,1,30,,673,7304,,,1,70,,666,7304,,,1,30,,674,7304,,,1,70,,650,7304,,,1,30,,659,7304,,,1,70,,651,7304,,,1,30,,660,7304,,,1,70,,652,7304,,,1,30,,661,7304,,,1,70,,653,7304,,,1,30,,662,7304,,,1,72,,654,7304,,,1,21,,649,7304,,,1,18,,686,7304,,,1,63,,655,7304,,,1,21,,668,7304,,,1,23,,667,7304,,,1,58,,682,7304,,,1,18,,676,7304,,,1,20,,685,7304,,,1,58,,665,7304,,,1,32,,683,7304,,,1,67,,677,7304,,,1,28,,663,7304,,,1,70,,678,7304,,,1,30,,664,7304,,,1,70,,679,7304,,,1,30,,684,7304,,,1,70,,680,7304,,,1,100,,681,7304,,,1,100,,670,7304,,,1,100,,671,7304,,,1
50301,'F8',909,,18736,2061,,,2
50301,'SE',909,,18737,2061,,,2
60100,'F8',1616,,18850,6537,,,2
60100,'SE',1616,,18851,6537,,,2
