800,'DI',617,,1409,,,1,34,,1385,,,1,70,,1393,,,1,30,,1399,,,1,70,,1410,,,1,30,,1386,,,1,75,,1394,,,1,30,,1400,,,1,70,,1411,,,1,30,,1387,,,1,70,,1395,,,1,30,,1401,,,1,72,,1412,,,1,30,,1388,,,1,70,,1396,,,1,30,,1402,,,1,70,,1413,,,1,30,,1416,,,1,70,,1397,,,1,29,,1403,,,1,70,,1414,,,1,30,,1417,,,1,67,,1398,,,1,30,,1404,,,1,72,,1415,,,1,83,,1389,,,1,98,,1405,,,1,100,,1390,,,1,99,,1406,,,1,100,,1391,,,1,100,,1407,,,1,100,,1392,,,1,100,,1408,,,1
800,'F1',619,,1445,,,1,30,,1418,,,1,72,,1422,,,1,30,,1433,,,1,71,,1446,,,1,30,,1419,,,1,70,,1423,,,1,33,,1434,,,1,70,,1447,,,1,32,,1420,,,1,70,,1424,,,1,30,,1435,,,1,68,,1448,,,1,32,,1421,,,1,70,,1425,,,1,30,,1436,,,1,70,,1449,,,1,30,,1443,,,1,70,,1426,,,1,30,,1437,,,1,70,,1450,,,1,30,,1444,,,1,70,,1427,,,1,30,,1438,,,1,71,,1451,,,1,28,,1429,,,1,70,,1428,,,1,86,,1439,,,1,96,,1430,,,1,100,,1440,,,1,100,,1431,,,1,100,,1441,,,1,100,,1432,,,1,100,,1442,,,1
800,'SA',619,,1479,,,1,30,,1452,,,1,72,,1456,,,1,30,,1467,,,1,71,,1480,,,1,30,,1453,,,1,70,,1457,,,1,33,,1468,,,1,70,,1481,,,1,32,,1454,,,1,70,,1458,,,1,30,,1469,,,1,68,,1482,,,1,32,,1455,,,1,70,,1459,,,1,30,,1470,,,1,70,,1483,,,1,30,,1477,,,1,70,,1460,,,1,30,,1471,,,1,70,,1484,,,1,30,,1478,,,1,70,,1461,,,1,30,,1472,,,1,71,,1485,,,1,28,,1463,,,1,70,,1462,,,1,86,,1473,,,1,96,,1464,,,1,100,,1474,,,1,100,,1465,,,1,100,,1475,,,1,100,,1466,,,1,100,,1476,,,1
800,'SE',522,,1529,,,1,28,,1531,,,1,62,,1532,,,1,42,,1486,,,1,67,,1504,,,1,2,,1505,,,1,2,,1530,,,1,21,,1490,,,1,59,,1494,,,1,13,,1497,,,1,15,,1499,,,1,15,,1537,,,1,55,,1487,,,1,17,,1509,,,1,15,,1506,,,1,13,,1491,,,1,55,,1500,,,1,15,,1495,,,1,15,,1524,,,1,15,,1538,,,1,55,,1488,,,1,15,,1536,,,1,15,,1510,,,1,16,,1496,,,1,55,,1492,,,1,15,,1533,,,1,15,,1527,,,1,15,,1552,,,1,55,,1539,,,1,15,,1550,,,1,15,,1553,,,1,15,,1507,,,1,55,,1512,,,1,17,,1501,,,1,15,,1534,,,1,18,,1528,,,1,55,,1498,,,1,16,,1544,,,1,14,,1489,,,1,4,,1548,,,1,13,,1511,,,1,55,,1545,,,1,15,,1493,,,1,15,,1541,,,1,15,,1502,,,1,52,,1535,,,1,11,,1549,,,1,13,,1540,,,1,11,,1519,,,1,10,,1547,,,1,52,,1526,,,1,9,,1508,,,1,12,,1546,,,1,12,,1525,,,1,10,,1551,,,1,10,,1515,,,1,50,,1503,,,1,20,,1517,,,1,27,,1513,,,1,69,,1542,,,1,29,,1516,,,1,68,,1518,,,1,30,,1514,,,1,70,,1543,,,1,85,,1520,,,1,100,,1522,,,1,97,,1521,,,1,100,,1523,,,1
4200,'DI',630,,4761,,,1,100,,4744,,,1,100,,4745,,,1,100,,4746,,,1,100,,4747,,,1,101,,4748,,,1,100,,4749,,,1,100,,4750,,,1,100,,4751,,,1,100,,4752,,,1,100,,4753,,,1,100,,4754,,,1,100,,4755,,,1,100,,4762,,,1,98,,4763,,,1,100,,4756,,,1,100,,4757,,,1,100,,4758,,,1,100,,4759,,,1,100,,4760,,,1
4200,'F1',630,,4764,,,1,100,,4765,,,1,100,,4766,,,1,100,,4767,,,1,100,,4768,,,1,101,,4769,,,1,100,,4770,,,1,100,,4771,,,1,100,,4772,,,1,100,,4773,,,1,100,,4774,,,1,100,,4775,,,1,100,,4776,,,1,100,,4777,,,1,98,,4778,,,1,100,,4779,,,1,100,,4780,,,1,100,,4781,,,1,100,,4782,,,1,100,,4783,,,1
4200,'SA',630,,4784,,,1,100,,4785,,,1,100,,4786,,,1,100,,4787,,,1,100,,4788,,,1,101,,4789,,,1,100,,4790,,,1,100,,4791,,,1,100,,4792,,,1,100,,4793,,,1,100,,4794,,,1,100,,4795,,,1,100,,4796,,,1,100,,4797,,,1,98,,4798,,,1,100,,4799,,,1,100,,4800,,,1,100,,4801,,,1,100,,4802,,,1,100,,4803,,,1
4200,'SE',612,,4840,,,1,36,,4814,,,1,72,,4811,,,1,13,,4805,,,1,5,,4835,,,1,4,,4815,,,1,6,,4813,,,1,5,,4806,,,1,64,,4834,,,1,21,,4812,,,1,69,,4841,,,1,29,,4847,,,1,70,,4838,,,1,30,,4808,,,1,70,,4816,,,1,30,,4832,,,1,70,,4846,,,1,30,,4819,,,1,70,,4818,,,1,30,,4845,,,1,70,,4817,,,1,30,,4833,,,1,70,,4809,,,1,31,,4839,,,1,64,,4831,,,1,16,,4820,,,1,17,,4821,,,1,14,,4848,,,1,54,,4804,,,1,14,,4823,,,1,14,,4807,,,1,14,,4822,,,1,12,,4849,,,1,55,,4810,,,1,27,,4842,,,1,70,,4824,,,1,31,,4843,,,1,74,,4825,,,1,30,,4844,,,1,68,,4826,,,1,30,,4836,,,1,70,,4827,,,1,30,,4837,,,1,91,,4828,,,1,100,,4829,,,1,100,,4830,,,1
13200,'DI',851,,9092,,,2,100,,9107,,,2,100,,9090,,,2,100,,9093,,,2,100,,9106,,,2,100,,9096,,,2,100,,9094,,,2,105,,9098,,,2,95,,9097,,,2,100,,9095,,,2,101,,9099,,,2,98,,9100,,,2,100,,9091,,,2,100,,9103,,,2,100,,9101,,,2,100,,9105,,,2,100,,9104,,,2,100,,9102,,,2
13200,'F1',751,,9125,,,2,100,,9109,,,2,100,,9110,,,2,103,,9112,,,2,97,,9108,,,2,104,,9111,,,2,96,,9115,,,2,104,,9113,,,2,96,,9117,,,2,100,,9116,,,2,100,,9114,,,2,101,,9118,,,2,98,,9120,,,2,100,,9119,,,2,100,,9123,,,2,100,,9121,,,2,100,,9126,,,2,100,,9124,,,2,100,,9122,,,2
13200,'SA',751,,9144,,,2,100,,9128,,,2,100,,9129,,,2,103,,9131,,,2,97,,9127,,,2,104,,9130,,,2,96,,9134,,,2,104,,9132,,,2,96,,9136,,,2,100,,9135,,,2,100,,9133,,,2,101,,9137,,,2,98,,9139,,,2,100,,9138,,,2,100,,9142,,,2,100,,9140,,,2,100,,9145,,,2,100,,9143,,,2,100,,9141,,,2
13200,'SE',700,,9154,,,2,21,,9158,,,2,11,,9150,,,2,9,,9157,,,2,4,,9165,,,2,61,,9152,,,2,18,,9155,,,2,20,,9159,,,2,79,,9160,,,2,97,,9169,,,2,99,,9166,,,2,96,,9167,,,2,100,,9146,,,2,108,,9163,,,2,95,,9170,,,2,24,,9164,,,2,60,,9153,,,2,20,,9156,,,2,23,,9171,,,2,60,,9147,,,2,20,,9161,,,2,20,,9148,,,2,61,,9151,,,2,19,,9168,,,2,19,,9162,,,2,59,,9149,,,2
44200,'SE',1631,,10115,0,27,2,98,,10116,0,27,2
