4101,'DI',729,,4665,0,45,1,100,,4667,0,45,1,101,,4677,0,45,1,100,,4668,0,45,1,100,,4662,0,45,1,100,,4669,0,45,1,100,,4661,0,45,1,100,,4670,0,45,1,100,,4674,0,45,1,102,,4675,0,45,1,98,,4671,0,45,1,100,,4676,0,45,1,100,,4678,0,45,1,100,,4664,0,45,1,100,,4663,0,45,1,99,,4679,0,45,1,100,,4673,0,45,1,100,,4666,0,45,1,100,,4672,0,45,1
4101,'F1',729,,4690,0,45,1,100,,4696,0,45,1,101,,4680,0,45,1,101,,4681,0,45,1,99,,4691,0,45,1,100,,4697,0,45,1,100,,4695,0,45,1,100,,4682,0,45,1,100,,4685,0,45,1,100,,4683,0,45,1,100,,4692,0,45,1,100,,4698,0,45,1,100,,4693,0,45,1,100,,4686,0,45,1,100,,4688,0,45,1,99,,4694,0,45,1,100,,4684,0,45,1,100,,4687,0,45,1,100,,4689,0,45,1
4101,'F7',729,,14463,0,45,1,100,,14465,0,45,1,101,,14475,0,45,1,100,,14466,0,45,1,100,,14460,0,45,1,100,,14467,0,45,1,100,,14459,0,45,1,100,,14468,0,45,1,100,,14472,0,45,1,102,,14473,0,45,1,98,,14469,0,45,1,100,,14474,0,45,1,100,,14476,0,45,1,100,,14462,0,45,1,100,,14461,0,45,1,99,,14477,0,45,1,100,,14471,0,45,1,100,,14464,0,45,1,100,,14470,0,45,1
4101,'F8',700,,14478,0,45,1,30,,14498,0,45,1,70,,14481,0,45,1,35,,14482,0,45,1,65,,14488,0,45,1,30,,14503,0,45,1,100,,14499,0,45,1,100,,14483,0,45,1,100,,14485,0,45,1,100,,14479,0,45,1,101,,14486,0,45,1,74,,14489,0,45,1,25,,14490,0,45,1,27,,14500,0,45,1,78,,14484,0,45,1,66,,14497,0,45,1,29,,14495,0,45,1,71,,14496,0,45,1,29,,14501,0,45,1,100,,14494,0,45,1,100,,14502,0,45,1,100,,14492,0,45,1,100,,14487,0,45,1,100,,14491,0,45,1,100,,14493,0,45,1,100,,14480,0,45,1
4101,'F9',729,,14514,0,45,1,100,,14520,0,45,1,101,,14504,0,45,1,101,,14505,0,45,1,99,,14515,0,45,1,100,,14521,0,45,1,100,,14519,0,45,1,100,,14506,0,45,1,100,,14509,0,45,1,100,,14507,0,45,1,100,,14516,0,45,1,100,,14522,0,45,1,100,,14517,0,45,1,100,,14510,0,45,1,100,,14512,0,45,1,99,,14518,0,45,1,100,,14508,0,45,1,100,,14511,0,45,1,100,,14513,0,45,1
4101,'SA',729,,4709,0,45,1,100,,4715,0,45,1,101,,4699,0,45,1,101,,4700,0,45,1,99,,4710,0,45,1,100,,4716,0,45,1,100,,4714,0,45,1,100,,4701,0,45,1,100,,4704,0,45,1,100,,4702,0,45,1,100,,4711,0,45,1,100,,4717,0,45,1,100,,4712,0,45,1,100,,4705,0,45,1,100,,4707,0,45,1,99,,4713,0,45,1,100,,4703,0,45,1,100,,4706,0,45,1,100,,4708,0,45,1
4101,'SE',700,,4718,0,45,1,30,,4738,0,45,1,70,,4721,0,45,1,35,,4722,0,45,1,65,,4728,0,45,1,30,,4743,0,45,1,100,,4739,0,45,1,100,,4723,0,45,1,100,,4725,0,45,1,100,,4719,0,45,1,101,,4726,0,45,1,74,,4729,0,45,1,25,,4730,0,45,1,27,,4740,0,45,1,78,,4724,0,45,1,66,,4737,0,45,1,29,,4735,0,45,1,71,,4736,0,45,1,29,,4741,0,45,1,100,,4734,0,45,1,100,,4742,0,45,1,100,,4732,0,45,1,100,,4727,0,45,1,100,,4731,0,45,1,100,,4733,0,45,1,100,,4720,0,45,1
4700,'DI',615,,5289,,,1,100,,5279,,,1,100,,5291,,,1,100,,5280,,,1,100,,5292,,,1,100,,5281,,,1,100,,5276,,,1,100,,5282,,,1,104,,5275,,,1,91,,5283,,,1,108,,5284,,,1,102,,5286,,,1,95,,5285,,,1,99,,5277,,,1,100,,5293,,,1,100,,5290,,,1,100,,5278,,,1,100,,5294,,,1,100,,5287,,,1,100,,5288,,,1
4700,'F1',615,,5309,,,1,103,,5299,,,1,101,,5306,,,1,96,,5311,,,1,96,,5300,,,1,104,,5298,,,1,100,,5307,,,1,100,,5296,,,1,95,,5308,,,1,104,,5310,,,1,100,,5297,,,1,101,,5301,,,1,100,,5304,,,1,99,,5295,,,1,100,,5305,,,1,100,,5302,,,1,100,,5303,,,1,100,,5312,,,1,100,,5313,,,1,100,,5314,,,1
4700,'F7',615,,14971,,,1,100,,14961,,,1,100,,14973,,,1,100,,14962,,,1,100,,14974,,,1,100,,14963,,,1,100,,14958,,,1,100,,14964,,,1,104,,14957,,,1,91,,14965,,,1,108,,14966,,,1,102,,14968,,,1,95,,14967,,,1,99,,14959,,,1,100,,14975,,,1,100,,14972,,,1,100,,14960,,,1,100,,14976,,,1,100,,14969,,,1,100,,14970,,,1
4700,'F8',619,,14984,,,1,32,,14985,,,1,69,,14981,,,1,33,,14980,,,1,74,,15009,,,1,30,,14987,,,1,70,,15014,,,1,30,,14994,,,1,70,,14989,,,1,30,,14988,,,1,70,,14996,,,1,30,,15012,,,1,70,,14977,,,1,30,,14992,,,1,70,,14995,,,1,30,,14997,,,1,70,,15013,,,1,30,,14986,,,1,68,,14978,,,1,28,,15005,,,1,74,,15011,,,1,15,,14998,,,1,15,,15001,,,1,55,,14999,,,1,15,,14991,,,1,15,,15010,,,1,15,,15002,,,1,55,,15006,,,1,15,,14993,,,1,18,,14982,,,1,70,,15000,,,1,30,,15015,,,1,70,,15007,,,1,30,,14979,,,1,70,,14990,,,1,30,,15003,,,1,100,,15008,,,1,100,,14983,,,1,100,,15004,,,1
4700,'F9',615,,15030,,,1,103,,15020,,,1,101,,15027,,,1,96,,15032,,,1,96,,15021,,,1,104,,15019,,,1,100,,15028,,,1,100,,15017,,,1,95,,15029,,,1,104,,15031,,,1,100,,15018,,,1,101,,15022,,,1,100,,15025,,,1,99,,15016,,,1,100,,15026,,,1,100,,15023,,,1,100,,15024,,,1,100,,15033,,,1,100,,15034,,,1,100,,15035,,,1
4700,'SA',615,,5329,,,1,103,,5319,,,1,101,,5326,,,1,96,,5331,,,1,96,,5320,,,1,104,,5318,,,1,100,,5327,,,1,100,,5316,,,1,95,,5328,,,1,104,,5330,,,1,100,,5317,,,1,101,,5321,,,1,100,,5324,,,1,99,,5315,,,1,100,,5325,,,1,100,,5322,,,1,100,,5323,,,1,100,,5332,,,1,100,,5333,,,1,100,,5334,,,1
4700,'SE',619,,5342,,,1,32,,5343,,,1,69,,5339,,,1,33,,5338,,,1,74,,5367,,,1,30,,5345,,,1,70,,5372,,,1,30,,5352,,,1,70,,5347,,,1,30,,5346,,,1,70,,5354,,,1,30,,5370,,,1,70,,5335,,,1,30,,5350,,,1,70,,5353,,,1,30,,5355,,,1,70,,5371,,,1,30,,5344,,,1,68,,5336,,,1,28,,5363,,,1,74,,5369,,,1,15,,5356,,,1,15,,5359,,,1,55,,5357,,,1,15,,5349,,,1,15,,5368,,,1,15,,5360,,,1,55,,5364,,,1,15,,5351,,,1,18,,5340,,,1,70,,5358,,,1,30,,5373,,,1,70,,5365,,,1,30,,5337,,,1,70,,5348,,,1,30,,5361,,,1,100,,5366,,,1,100,,5341,,,1,100,,5362,,,1
54600,'F8',1630,,19167,,,2
54600,'SE',1630,,10466,,,2
55000,'F8',1632,,19173,,,2
55000,'SE',1632,,10472,,,2
65301,'F8',853,,19227,,,2
65301,'SE',853,,10526,,,2
66001,'F8',851,,19237,,,2,1,,19235,,,2,1,,19236,,,2
66001,'SE',851,,10536,,,2,1,,10534,,,2,1,,10535,,,2
68400,'F8',1615,,19269,,,2,1,,19268,,,2
68400,'SE',1615,,10568,,,2,1,,10567,,,2
69201,'F8',844,,19285,,,2
69201,'SE',844,,10584,,,2
