7100,'DI',612,,32973,4732,,,2,30,,32953,4732,,,2,70,,32976,4732,,,2,30,,32968,4732,,,2,70,,32978,4732,,,2,30,,32967,4732,,,2,71,,32950,4732,,,2,29,,32948,4732,,,2,71,,32949,4732,,,2,30,,32956,4732,,,2,70,,32969,4732,,,2,30,,32979,4732,,,2,70,,32974,4732,,,2,35,,32954,4732,,,2,65,,32975,4732,,,2,30,,32955,4732,,,2,70,,32977,4732,,,2,30,,32972,4732,,,2,70,,32963,4732,,,2,30,,32959,4732,,,2,70,,32966,4732,,,2,30,,32960,4732,,,2,68,,32957,4732,,,2,32,,32961,4732,,,2,70,,32958,4732,,,2,30,,32962,4732,,,2,100,,32964,4732,,,2,99,,32965,4732,,,2,100,,32971,4732,,,2,100,,32951,4732,,,2,100,,32952,4732,,,2,100,,32970,4732,,,2
7100,'F1',612,,32995,4732,,,2,30,,32999,4732,,,2,70,,11665,4732,,,2,30,,33001,4732,,,2,71,,32980,4732,,,2,29,,32983,4732,,,2,70,,32982,4732,,,2,30,,33002,4732,,,2,71,,33008,4732,,,2,30,,33003,4732,,,2,70,,32985,4732,,,2,30,,32984,4732,,,2,70,,32986,4732,,,2,30,,33000,4732,,,2,70,,32987,4732,,,2,30,,33004,4732,,,2,70,,32988,4732,,,2,30,,33005,4732,,,2,70,,32989,4732,,,2,30,,33006,4732,,,2,70,,32990,4732,,,2,28,,33007,4732,,,2,70,,32991,4732,,,2,36,,32996,4732,,,2,66,,32992,4732,,,2,32,,32997,4732,,,2,98,,32998,4732,,,2,100,,11667,4732,,,2,100,,32993,4732,,,2,100,,33009,4732,,,2,100,,32981,4732,,,2,100,,33010,4732,,,2,100,,32994,4732,,,2
7100,'F2',612,,33042,4732,,,2,30,,33019,4732,,,2,70,,33014,4732,,,2,30,,33022,4732,,,2,71,,33043,4732,,,2,29,,33020,4732,,,2,70,,33011,4732,,,2,30,,33025,4732,,,2,71,,33038,4732,,,2,30,,33026,4732,,,2,70,,33039,4732,,,2,30,,33027,4732,,,2,70,,33040,4732,,,2,30,,33028,4732,,,2,70,,33041,4732,,,2,30,,33029,4732,,,2,70,,33032,4732,,,2,30,,33030,4732,,,2,70,,33033,4732,,,2,30,,33031,4732,,,2,70,,33034,4732,,,2,28,,33017,4732,,,2,70,,33035,4732,,,2,36,,33021,4732,,,2,66,,33036,4732,,,2,32,,33018,4732,,,2,98,,33023,4732,,,2,100,,33016,4732,,,2,100,,33015,4732,,,2,100,,33013,4732,,,2,100,,33012,4732,,,2,100,,33037,4732,,,2,100,,33024,4732,,,2
7100,'F7',535,,33055,4732,,,2,100,,33046,4732,,,2,79,,33047,4732,,,2,42,,33076,4732,,,2,86,,33061,4732,,,2,71,,33052,4732,,,2,29,,33073,4732,,,2,70,,33048,4732,,,2,30,,33074,4732,,,2,70,,33049,4732,,,2,30,,33054,4732,,,2,70,,33050,4732,,,2,30,,33062,4732,,,2,70,,33060,4732,,,2,30,,33063,4732,,,2,70,,33051,4732,,,2,31,,33056,4732,,,2,70,,33077,4732,,,2,32,,33075,4732,,,2,60,,33058,4732,,,2,21,,33064,4732,,,2,25,,33072,4732,,,2,57,,33059,4732,,,2,18,,33065,4732,,,2,19,,33066,4732,,,2,72,,33057,4732,,,2,27,,33067,4732,,,2,70,,33079,4732,,,2,30,,33053,4732,,,2,69,,33080,4732,,,2,30,,33045,4732,,,2,70,,33081,4732,,,2,30,,33068,4732,,,2,70,,33082,4732,,,2,30,,33069,4732,,,2,70,,33044,4732,,,2,30,,33070,4732,,,2,68,,33078,4732,,,2,30,,33071,4732,,,2,70,,33083,4732,,,2
7100,'F8',612,,33115,4732,,,2,30,,33092,4732,,,2,70,,33087,4732,,,2,30,,33095,4732,,,2,71,,33116,4732,,,2,29,,33093,4732,,,2,70,,33084,4732,,,2,30,,33098,4732,,,2,71,,33111,4732,,,2,30,,33099,4732,,,2,70,,33112,4732,,,2,30,,33100,4732,,,2,70,,33113,4732,,,2,30,,33101,4732,,,2,70,,33114,4732,,,2,30,,33102,4732,,,2,70,,33105,4732,,,2,30,,33103,4732,,,2,70,,33106,4732,,,2,30,,33104,4732,,,2,70,,33107,4732,,,2,28,,33090,4732,,,2,70,,33108,4732,,,2,36,,33094,4732,,,2,66,,33109,4732,,,2,32,,33091,4732,,,2,98,,33096,4732,,,2,100,,33089,4732,,,2,100,,33088,4732,,,2,100,,33086,4732,,,2,100,,33085,4732,,,2,100,,33110,4732,,,2,100,,33097,4732,,,2
7100,'F9',612,,33142,4732,,,2,30,,33122,4732,,,2,70,,33145,4732,,,2,30,,33137,4732,,,2,70,,33147,4732,,,2,30,,33136,4732,,,2,71,,33119,4732,,,2,29,,33117,4732,,,2,71,,33118,4732,,,2,30,,33125,4732,,,2,70,,33138,4732,,,2,30,,33148,4732,,,2,70,,33143,4732,,,2,35,,33123,4732,,,2,65,,33144,4732,,,2,30,,33124,4732,,,2,70,,33146,4732,,,2,30,,33141,4732,,,2,70,,33132,4732,,,2,30,,33128,4732,,,2,70,,33135,4732,,,2,30,,33129,4732,,,2,68,,33126,4732,,,2,32,,33130,4732,,,2,70,,33127,4732,,,2,30,,33131,4732,,,2,100,,33133,4732,,,2,99,,33134,4732,,,2,100,,33140,4732,,,2,100,,33120,4732,,,2,100,,33121,4732,,,2,100,,33139,4732,,,2
7100,'SA',612,,33178,4732,,,2,30,,33157,4732,,,2,70,,33152,4732,,,2,30,,33160,4732,,,2,71,,33179,4732,,,2,29,,33158,4732,,,2,70,,33149,4732,,,2,30,,33161,4732,,,2,71,,33174,4732,,,2,30,,33162,4732,,,2,70,,33175,4732,,,2,30,,33163,4732,,,2,70,,33176,4732,,,2,30,,33164,4732,,,2,70,,33177,4732,,,2,30,,33165,4732,,,2,70,,33168,4732,,,2,30,,33166,4732,,,2,70,,33169,4732,,,2,30,,33167,4732,,,2,70,,33170,4732,,,2,28,,33155,4732,,,2,70,,33171,4732,,,2,36,,33159,4732,,,2,66,,33172,4732,,,2,32,,33156,4732,,,2,98,,11820,4732,,,2,100,,33154,4732,,,2,100,,33153,4732,,,2,100,,33151,4732,,,2,100,,33150,4732,,,2,100,,33173,4732,,,2,100,,11821,4732,,,2
7100,'SE',535,,33191,4732,,,2,100,,33182,4732,,,2,79,,33183,4732,,,2,42,,33212,4732,,,2,86,,33197,4732,,,2,71,,33188,4732,,,2,29,,33209,4732,,,2,70,,33184,4732,,,2,30,,33210,4732,,,2,70,,33185,4732,,,2,30,,33190,4732,,,2,70,,33186,4732,,,2,30,,33198,4732,,,2,70,,33196,4732,,,2,30,,33199,4732,,,2,70,,33187,4732,,,2,31,,33192,4732,,,2,70,,33213,4732,,,2,32,,33211,4732,,,2,60,,33194,4732,,,2,21,,33200,4732,,,2,25,,33208,4732,,,2,57,,33195,4732,,,2,18,,33201,4732,,,2,19,,33202,4732,,,2,72,,33193,4732,,,2,27,,33203,4732,,,2,70,,33215,4732,,,2,30,,33189,4732,,,2,69,,33216,4732,,,2,30,,33181,4732,,,2,70,,33217,4732,,,2,30,,33204,4732,,,2,70,,33218,4732,,,2,30,,33205,4732,,,2,70,,33180,4732,,,2,30,,33206,4732,,,2,68,,33214,4732,,,2,30,,33207,4732,,,2,70,,33219,4732,,,2
56500,'F7',1606,,40721,5247,,,2
56500,'SE',1606,,40722,5247,,,2
