7700,'DI',707,,35010,3251,0,21 22 23,1,100,,35013,3251,0,21 22 23,1,100,,35011,3251,0,21 22 23,1,100,,35014,3251,0,21 22 23,1,100,,35012,3251,0,21 22 23,1,100,,35009,3251,0,21 22 23,1,100,,35015,3251,0,21 22 23,1,100,,35018,3251,0,21 22 23,1,100,,35008,3251,0,21 22 23,1,100,,35019,3251,0,21 22 23,1,100,,35020,3251,0,21 22 23,1,100,,35021,3251,0,21 22 23,1,100,,35016,3251,0,21 22 23,1,100,,35022,3251,0,21 22 23,1,100,,35017,3251,0,21 22 23,1
7700,'F1',707,,35026,3251,0,21 22 23,1,100,,35028,3251,0,21 22 23,1,100,,35027,3251,0,21 22 23,1,100,,35029,3251,0,21 22 23,1,100,,35023,3251,0,21 22 23,1,100,,35030,3251,0,21 22 23,1,100,,35031,3251,0,21 22 23,1,97,,35024,3251,0,21 22 23,1,103,,35032,3251,0,21 22 23,1,99,,35034,3251,0,21 22 23,1,101,,35033,3251,0,21 22 23,1,100,,35035,3251,0,21 22 23,1,100,,35036,3251,0,21 22 23,1,100,,35025,3251,0,21 22 23,1,100,,35037,3251,0,21 22 23,1
7700,'F2',707,,35052,3251,0,21 22 23,1,100,,35043,3251,0,21 22 23,1,100,,35039,3251,0,21 22 23,1,100,,35044,3251,0,21 22 23,1,100,,35040,3251,0,21 22 23,1,100,,35042,3251,0,21 22 23,1,100,,35045,3251,0,21 22 23,1,97,,35038,3251,0,21 22 23,1,103,,35046,3251,0,21 22 23,1,99,,35048,3251,0,21 22 23,1,101,,35047,3251,0,21 22 23,1,100,,35049,3251,0,21 22 23,1,100,,35050,3251,0,21 22 23,1,100,,35041,3251,0,21 22 23,1,100,,35051,3251,0,21 22 23,1
7700,'F7',559,,35056,3251,0,21 22 23,1,55,,35057,3251,0,21 22 23,1,20,,35062,3251,0,21 22 23,1,16,,35065,3251,0,21 22 23,1,68,,35068,3251,0,21 22 23,1,23,,35063,3251,0,21 22 23,1,62,,35067,3251,0,21 22 23,1,15,,35058,3251,0,21 22 23,1,31,,35066,3251,0,21 22 23,1,70,,35069,3251,0,21 22 23,1,30,,35064,3251,0,21 22 23,1,70,,35059,3251,0,21 22 23,1,30,,35071,3251,0,21 22 23,1,70,,35070,3251,0,21 22 23,1,30,,35073,3251,0,21 22 23,1,70,,35074,3251,0,21 22 23,1,33,,35072,3251,0,21 22 23,1,70,,35075,3251,0,21 22 23,1,30,,35079,3251,0,21 22 23,1,66,,35081,3251,0,21 22 23,1,20,,35084,3251,0,21 22 23,1,20,,35088,3251,0,21 22 23,1,60,,35076,3251,0,21 22 23,1,5,,35054,3251,0,21 22 23,1,15,,35080,3251,0,21 22 23,1,19,,35060,3251,0,21 22 23,1,58,,35082,3251,0,21 22 23,1,18,,35085,3251,0,21 22 23,1,18,,35089,3251,0,21 22 23,1,58,,35090,3251,0,21 22 23,1,20,,35077,3251,0,21 22 23,1,20,,35061,3251,0,21 22 23,1,58,,35083,3251,0,21 22 23,1,2,,35087,3251,0,21 22 23,1,19,,35086,3251,0,21 22 23,1,17,,35078,3251,0,21 22 23,1,70,,35091,3251,0,21 22 23,1,32,,35093,3251,0,21 22 23,1,71,,35055,3251,0,21 22 23,1,28,,35053,3251,0,21 22 23,1,70,,35092,3251,0,21 22 23,1
7700,'F8',707,,35108,3251,0,21 22 23,1,100,,35099,3251,0,21 22 23,1,100,,35095,3251,0,21 22 23,1,100,,35100,3251,0,21 22 23,1,100,,35096,3251,0,21 22 23,1,100,,35098,3251,0,21 22 23,1,100,,35101,3251,0,21 22 23,1,97,,35094,3251,0,21 22 23,1,103,,35102,3251,0,21 22 23,1,99,,35104,3251,0,21 22 23,1,101,,35103,3251,0,21 22 23,1,100,,35105,3251,0,21 22 23,1,100,,35106,3251,0,21 22 23,1,100,,35097,3251,0,21 22 23,1,100,,35107,3251,0,21 22 23,1
7700,'F9',707,,35111,3251,0,21 22 23,1,100,,35114,3251,0,21 22 23,1,100,,35112,3251,0,21 22 23,1,100,,35115,3251,0,21 22 23,1,100,,35113,3251,0,21 22 23,1,100,,35110,3251,0,21 22 23,1,100,,35116,3251,0,21 22 23,1,100,,35119,3251,0,21 22 23,1,100,,35109,3251,0,21 22 23,1,100,,35120,3251,0,21 22 23,1,100,,35121,3251,0,21 22 23,1,100,,35122,3251,0,21 22 23,1,100,,35117,3251,0,21 22 23,1,100,,35123,3251,0,21 22 23,1,100,,35118,3251,0,21 22 23,1
7700,'SA',707,,35137,3251,0,21 22 23,1,100,,35128,3251,0,21 22 23,1,100,,35125,3251,0,21 22 23,1,100,,35129,3251,0,21 22 23,1,100,,13602,3251,0,21 22 23,1,100,,35127,3251,0,21 22 23,1,100,,35130,3251,0,21 22 23,1,97,,35124,3251,0,21 22 23,1,103,,35131,3251,0,21 22 23,1,99,,35133,3251,0,21 22 23,1,101,,35132,3251,0,21 22 23,1,100,,35134,3251,0,21 22 23,1,100,,35135,3251,0,21 22 23,1,100,,35126,3251,0,21 22 23,1,100,,35136,3251,0,21 22 23,1
7700,'SE',559,,35141,3251,0,21 22 23,1,55,,35142,3251,0,21 22 23,1,20,,35147,3251,0,21 22 23,1,16,,35150,3251,0,21 22 23,1,68,,35153,3251,0,21 22 23,1,23,,35148,3251,0,21 22 23,1,62,,35152,3251,0,21 22 23,1,15,,35143,3251,0,21 22 23,1,31,,35151,3251,0,21 22 23,1,70,,35154,3251,0,21 22 23,1,30,,35149,3251,0,21 22 23,1,70,,35144,3251,0,21 22 23,1,30,,35156,3251,0,21 22 23,1,70,,35155,3251,0,21 22 23,1,30,,35158,3251,0,21 22 23,1,70,,35159,3251,0,21 22 23,1,33,,35157,3251,0,21 22 23,1,70,,35160,3251,0,21 22 23,1,30,,35164,3251,0,21 22 23,1,66,,35166,3251,0,21 22 23,1,20,,35169,3251,0,21 22 23,1,20,,35173,3251,0,21 22 23,1,60,,35161,3251,0,21 22 23,1,5,,35139,3251,0,21 22 23,1,15,,35165,3251,0,21 22 23,1,19,,35145,3251,0,21 22 23,1,58,,35167,3251,0,21 22 23,1,18,,35170,3251,0,21 22 23,1,18,,35174,3251,0,21 22 23,1,58,,13636,3251,0,21 22 23,1,20,,35162,3251,0,21 22 23,1,20,,35146,3251,0,21 22 23,1,58,,35168,3251,0,21 22 23,1,2,,35172,3251,0,21 22 23,1,19,,35171,3251,0,21 22 23,1,17,,35163,3251,0,21 22 23,1,70,,35175,3251,0,21 22 23,1,32,,35177,3251,0,21 22 23,1,71,,35140,3251,0,21 22 23,1,28,,35138,3251,0,21 22 23,1,70,,35176,3251,0,21 22 23,1
60501,'F7',840,,40749,6436,,,2,1,,40750,6436,,,2
60501,'SE',840,,40751,6436,,,2,1,,40752,6436,,,2
