1701,'DI',605,,25564,9330,,,1,100,,25567,9330,,,1,30,,25560,9330,,,1,70,,25550,9330,,,1,30,,25556,9330,,,1,70,,25565,9330,,,1,30,,25578,9330,,,1,70,,25568,9330,,,1,30,,25573,9330,,,1,70,,25551,9330,,,1,30,,25575,9330,,,1,70,,25562,9330,,,1,30,,25571,9330,,,1,70,,25579,9330,,,1,30,,25557,9330,,,1,70,,25574,9330,,,1,30,,25563,9330,,,1,70,,25561,9330,,,1,30,,25577,9330,,,1,69,,25569,9330,,,1,30,,25552,9330,,,1,71,,25559,9330,,,1,30,,25553,9330,,,1,70,,25548,9330,,,1,31,,25554,9330,,,1,70,,25547,9330,,,1,99,,25576,9330,,,1,100,,25570,9330,,,1,100,,25555,9330,,,1,100,,25572,9330,,,1,100,,25558,9330,,,1,100,,25549,9330,,,1
1701,'F1',605,,25608,9330,,,1,100,,25587,9330,,,1,30,,25609,9330,,,1,70,,25600,9330,,,1,30,,25590,9330,,,1,70,,25603,9330,,,1,30,,25607,9330,,,1,70,,25598,9330,,,1,30,,25594,9330,,,1,70,,25610,9330,,,1,30,,25588,9330,,,1,70,,25601,9330,,,1,30,,25597,9330,,,1,70,,25611,9330,,,1,30,,25591,9330,,,1,70,,25602,9330,,,1,30,,25583,9330,,,1,70,,25604,9330,,,1,30,,25589,9330,,,1,70,,25612,9330,,,1,30,,25592,9330,,,1,69,,25580,9330,,,1,30,,25595,9330,,,1,71,,25581,9330,,,1,30,,25596,9330,,,1,71,,25582,9330,,,1,99,,25593,9330,,,1,100,,25584,9330,,,1,100,,25605,9330,,,1,100,,25585,9330,,,1,100,,25606,9330,,,1,100,,25586,9330,,,1
1701,'F2',605,,25640,9330,,,1,100,,25634,9330,,,1,30,,25629,9330,,,1,70,,25644,9330,,,1,30,,25616,9330,,,1,70,,25628,9330,,,1,30,,25641,9330,,,1,70,,25626,9330,,,1,30,,25615,9330,,,1,70,,25635,9330,,,1,30,,25617,9330,,,1,70,,25621,9330,,,1,30,,25613,9330,,,1,70,,25623,9330,,,1,30,,25630,9330,,,1,70,,25636,9330,,,1,30,,25642,9330,,,1,70,,25622,9330,,,1,30,,25643,9330,,,1,70,,25631,9330,,,1,30,,25638,9330,,,1,69,,25637,9330,,,1,30,,25618,9330,,,1,71,,25620,9330,,,1,30,,25619,9330,,,1,71,,25624,9330,,,1,99,,25639,9330,,,1,100,,25632,9330,,,1,100,,25627,9330,,,1,100,,25625,9330,,,1,100,,25614,9330,,,1,100,,25645,9330,,,1
1701,'F8',605,,25673,9330,,,1,100,,25667,9330,,,1,30,,25662,9330,,,1,70,,25677,9330,,,1,30,,25649,9330,,,1,70,,25661,9330,,,1,30,,25674,9330,,,1,70,,25659,9330,,,1,30,,25648,9330,,,1,70,,25668,9330,,,1,30,,25650,9330,,,1,70,,25654,9330,,,1,30,,25646,9330,,,1,70,,25656,9330,,,1,30,,25663,9330,,,1,70,,25669,9330,,,1,30,,25675,9330,,,1,70,,25655,9330,,,1,30,,25676,9330,,,1,70,,25664,9330,,,1,30,,25671,9330,,,1,69,,25670,9330,,,1,30,,25651,9330,,,1,71,,25653,9330,,,1,30,,25652,9330,,,1,71,,25657,9330,,,1,99,,25672,9330,,,1,100,,25665,9330,,,1,100,,25660,9330,,,1,100,,25658,9330,,,1,100,,25647,9330,,,1,100,,25678,9330,,,1
1701,'F9',605,,25696,9330,,,1,100,,25699,9330,,,1,30,,25692,9330,,,1,70,,25682,9330,,,1,30,,25688,9330,,,1,70,,25697,9330,,,1,30,,25710,9330,,,1,70,,25700,9330,,,1,30,,25705,9330,,,1,70,,25683,9330,,,1,30,,25707,9330,,,1,70,,25694,9330,,,1,30,,25703,9330,,,1,70,,25711,9330,,,1,30,,25689,9330,,,1,70,,25706,9330,,,1,30,,25695,9330,,,1,70,,25693,9330,,,1,30,,25709,9330,,,1,69,,25701,9330,,,1,30,,25684,9330,,,1,71,,25691,9330,,,1,30,,25685,9330,,,1,70,,25680,9330,,,1,31,,25686,9330,,,1,70,,25679,9330,,,1,99,,25708,9330,,,1,100,,25702,9330,,,1,100,,25687,9330,,,1,100,,25704,9330,,,1,100,,25690,9330,,,1,100,,25681,9330,,,1
1701,'SA',605,,25737,9330,,,1,100,,25731,9330,,,1,30,,25727,9330,,,1,70,,25741,9330,,,1,30,,25715,9330,,,1,70,,5087,9330,,,1,30,,25738,9330,,,1,70,,25725,9330,,,1,30,,25714,9330,,,1,70,,25732,9330,,,1,30,,25716,9330,,,1,70,,25720,9330,,,1,30,,25712,9330,,,1,70,,25722,9330,,,1,30,,25728,9330,,,1,70,,25733,9330,,,1,30,,25739,9330,,,1,70,,25721,9330,,,1,30,,25740,9330,,,1,70,,25729,9330,,,1,30,,25735,9330,,,1,69,,25734,9330,,,1,30,,25717,9330,,,1,71,,25719,9330,,,1,30,,25718,9330,,,1,71,,25723,9330,,,1,99,,25736,9330,,,1,100,,5098,9330,,,1,100,,25726,9330,,,1,100,,25724,9330,,,1,100,,25713,9330,,,1,100,,25742,9330,,,1
2501,'DI',1612,,27599,14412,,,2
2501,'F1',1612,,27600,14412,,,2
2501,'F2',1612,,27601,14412,,,2
2501,'F7',523,,27606,12776,,,2,30,,27608,12776,,,2,63,,27603,12776,,,2,34,,27607,12776,,,2,76,,27628,14412,,,2,30,,27627,14412,,,2,65,,27609,12776,,,2,30,,27611,12776,,,2,68,,27612,12776,,,2,505,,27623,12776,,,2,31,,27613,12776,,,2,72,,27614,12776,,,2,31,,27631,14412,,,2,60,,27630,14412,,,2,12,,27629,14412,,,2,9,,27604,12776,,,2,19,,27616,12776,,,2,54,,27615,12776,,,2,15,,27619,12776,,,2,28,,27621,12776,,,2,67,,27624,12776,,,2,29,,27620,12776,,,2,99,,27618,12776,,,2,385,,27626,12776,,,2,86,,27633,14412,,,2,12,,27625,12776,,,2,75,,27617,12776,,,2
2501,'F8',1612,,27634,14412,,,2
2501,'F9',1612,,27635,14412,,,2
2501,'SA',1612,,27636,14412,,,2
2501,'SE',523,,27641,12776,,,2,30,,27643,12776,,,2,63,,27638,12776,,,2,34,,27642,12776,,,2,76,,27663,14412,,,2,30,,27662,14412,,,2,65,,27644,12776,,,2,30,,27646,12776,,,2,68,,27647,12776,,,2,505,,27658,12776,,,2,31,,27648,12776,,,2,72,,27649,12776,,,2,31,,27666,14412,,,2,60,,27665,14412,,,2,12,,27664,14412,,,2,9,,27639,12776,,,2,19,,27651,12776,,,2,54,,27650,12776,,,2,15,,27654,12776,,,2,28,,27656,12776,,,2,67,,27659,12776,,,2,29,,27655,12776,,,2,99,,27653,12776,,,2,385,,27661,12776,,,2,86,,27668,14412,,,2,12,,27660,12776,,,2,75,,27652,12776,,,2
7601,'F7',517,,34930,6448,,,1,30,,34932,6448,,,1,70,,34939,6448,,,1,26,,34926,6448,,,1,61,,34922,6448,,,1,20,,34953,6448,,,1,21,,34928,6448,,,1,4,,34944,6448,,,1,5,,34923,6448,,,1,55,,34954,6448,,,1,21,,34940,6448,,,1,22,,34920,6448,,,1,66,,34955,6448,,,1,29,,34916,6448,,,1,70,,34927,6448,,,1,30,,34919,6448,,,1,70,,34958,6448,,,1,30,,34917,6448,,,1,70,,34921,6448,,,1,30,,34934,6448,,,1,70,,34936,6448,,,1,30,,34924,6448,,,1,70,,34945,6448,,,1,32,,34959,6448,,,1,76,,34946,6448,,,1,26,,34935,6448,,,1,72,,34931,6448,,,1,34,,34947,6448,,,1,64,,34925,6448,,,1,15,,34933,6448,,,1,19,,34961,6448,,,1,61,,34960,6448,,,1,17,,34938,6448,,,1,18,,34956,6448,,,1,66,,34952,6448,,,1,30,,34937,6448,,,1,70,,34929,6448,,,1,30,,34941,6448,,,1,70,,34948,6448,,,1,30,,34942,6448,,,1,70,,34949,6448,,,1,29,,34943,6448,,,1,70,,34950,6448,,,1,30,,34918,6448,,,1,70,,34951,6448,,,1,30,,34957,6448,,,1
7601,'SE',517,,34976,6448,,,1,30,,34978,6448,,,1,70,,34985,6448,,,1,26,,34972,6448,,,1,61,,34968,6448,,,1,20,,34999,6448,,,1,21,,34974,6448,,,1,4,,34990,6448,,,1,5,,34969,6448,,,1,55,,35000,6448,,,1,21,,34986,6448,,,1,22,,34966,6448,,,1,66,,35001,6448,,,1,29,,34962,6448,,,1,70,,34973,6448,,,1,30,,34965,6448,,,1,70,,35004,6448,,,1,30,,34963,6448,,,1,70,,34967,6448,,,1,30,,34980,6448,,,1,70,,34982,6448,,,1,30,,34970,6448,,,1,70,,34991,6448,,,1,32,,35005,6448,,,1,76,,34992,6448,,,1,26,,34981,6448,,,1,72,,34977,6448,,,1,34,,34993,6448,,,1,64,,34971,6448,,,1,15,,34979,6448,,,1,19,,35007,6448,,,1,61,,35006,6448,,,1,17,,34984,6448,,,1,18,,35002,6448,,,1,66,,34998,6448,,,1,30,,34983,6448,,,1,70,,34975,6448,,,1,30,,34987,6448,,,1,70,,34994,6448,,,1,30,,34988,6448,,,1,70,,34995,6448,,,1,29,,34989,6448,,,1,70,,34996,6448,,,1,30,,34964,6448,,,1,70,,34997,6448,,,1,30,,35003,6448,,,1
