100,'DI',654,,12,3186,0,14,1,100,,13,3186,0,14,1,100,,14,3186,0,14,1,100,,15,3186,0,14,1,100,,16,3186,0,14,1,100,,17,3186,0,14,1,100,,18,3186,0,14,1,101,,19,3186,0,14,1,100,,20,3186,0,14,1,98,,1,3186,0,14,1,100,,2,3186,0,14,1,100,,3,3186,0,14,1,100,,4,3186,0,14,1,100,,5,3186,0,14,1,100,,6,3186,0,14,1,100,,7,3186,0,14,1,100,,8,3186,0,14,1,100,,9,3186,0,14,1,100,,10,3186,0,14,1,100,,11,3186,0,14,1
100,'F1',624,,47,3186,0,14,1,30,,37,3186,0,14,1,70,,48,3186,0,14,1,30,,38,3186,0,14,1,70,,49,3186,0,14,1,30,,39,3186,0,14,1,70,,50,3186,0,14,1,30,,40,3186,0,14,1,70,,51,3186,0,14,1,30,,41,3186,0,14,1,70,,52,3186,0,14,1,30,,42,3186,0,14,1,70,,54,3186,0,14,1,30,,43,3186,0,14,1,71,,55,3186,0,14,1,30,,44,3186,0,14,1,70,,56,3186,0,14,1,30,,45,3186,0,14,1,68,,33,3186,0,14,1,30,,22,3186,0,14,1,70,,34,3186,0,14,1,30,,23,3186,0,14,1,70,,35,3186,0,14,1,30,,24,3186,0,14,1,70,,36,3186,0,14,1,30,,25,3186,0,14,1,100,,26,3186,0,14,1,100,,27,3186,0,14,1,100,,28,3186,0,14,1,100,,29,3186,0,14,1,100,,30,3186,0,14,1,100,,31,3186,0,14,1,100,,32,3186,0,14,1
100,'F7',654,,68,3186,0,14,1,100,,69,3186,0,14,1,100,,70,3186,0,14,1,100,,71,3186,0,14,1,100,,72,3186,0,14,1,100,,73,3186,0,14,1,100,,74,3186,0,14,1,101,,75,3186,0,14,1,100,,76,3186,0,14,1,98,,57,3186,0,14,1,100,,58,3186,0,14,1,100,,59,3186,0,14,1,100,,60,3186,0,14,1,100,,61,3186,0,14,1,100,,62,3186,0,14,1,100,,63,3186,0,14,1,100,,64,3186,0,14,1,100,,65,3186,0,14,1,100,,66,3186,0,14,1,100,,67,3186,0,14,1
100,'F8',547,,94,3186,0,14,1,76,,78,3186,0,14,1,29,,95,3186,0,14,1,75,,108,3186,0,14,1,28,,111,3186,0,14,1,75,,109,3186,0,14,1,80,,79,3186,0,14,1,30,,81,3186,0,14,1,70,,110,3186,0,14,1,30,,122,3186,0,14,1,70,,124,3186,0,14,1,30,,80,3186,0,14,1,71,,82,3186,0,14,1,30,,125,3186,0,14,1,70,,99,3186,0,14,1,30,,121,3186,0,14,1,70,,87,3186,0,14,1,30,,114,3186,0,14,1,70,,105,3186,0,14,1,18,,113,3186,0,14,1,21,,115,3186,0,14,1,55,,85,3186,0,14,1,19,,97,3186,0,14,1,12,,89,3186,0,14,1,21,,88,3186,0,14,1,52,,102,3186,0,14,1,13,,86,3186,0,14,1,15,,128,3186,0,14,1,13,,90,3186,0,14,1,55,,126,3186,0,14,1,15,,83,3186,0,14,1,20,,119,3186,0,14,1,69,,123,3186,0,14,1,30,,100,3186,0,14,1,70,,118,3186,0,14,1,30,,116,3186,0,14,1,70,,120,3186,0,14,1,30,,117,3186,0,14,1,100,,98,3186,0,14,1,99,,91,3186,0,14,1,100,,92,3186,0,14,1,99,,93,3186,0,14,1
100,'F9',624,,154,3186,0,14,1,30,,144,3186,0,14,1,70,,155,3186,0,14,1,30,,145,3186,0,14,1,70,,156,3186,0,14,1,30,,146,3186,0,14,1,70,,157,3186,0,14,1,30,,147,3186,0,14,1,70,,158,3186,0,14,1,30,,148,3186,0,14,1,70,,159,3186,0,14,1,30,,149,3186,0,14,1,70,,161,3186,0,14,1,30,,150,3186,0,14,1,71,,162,3186,0,14,1,30,,151,3186,0,14,1,70,,163,3186,0,14,1,30,,152,3186,0,14,1,68,,140,3186,0,14,1,30,,129,3186,0,14,1,70,,141,3186,0,14,1,30,,130,3186,0,14,1,70,,142,3186,0,14,1,30,,131,3186,0,14,1,70,,143,3186,0,14,1,30,,132,3186,0,14,1,100,,133,3186,0,14,1,100,,134,3186,0,14,1,100,,135,3186,0,14,1,100,,136,3186,0,14,1,100,,137,3186,0,14,1,100,,138,3186,0,14,1,100,,139,3186,0,14,1
100,'SA',624,,189,3186,0,14,1,30,,179,3186,0,14,1,70,,190,3186,0,14,1,30,,180,3186,0,14,1,70,,191,3186,0,14,1,30,,181,3186,0,14,1,70,,192,3186,0,14,1,30,,182,3186,0,14,1,70,,193,3186,0,14,1,30,,183,3186,0,14,1,70,,194,3186,0,14,1,30,,184,3186,0,14,1,70,,196,3186,0,14,1,30,,185,3186,0,14,1,71,,197,3186,0,14,1,30,,186,3186,0,14,1,70,,198,3186,0,14,1,30,,187,3186,0,14,1,68,,175,3186,0,14,1,30,,164,3186,0,14,1,70,,176,3186,0,14,1,30,,165,3186,0,14,1,70,,177,3186,0,14,1,30,,166,3186,0,14,1,70,,178,3186,0,14,1,30,,167,3186,0,14,1,100,,168,3186,0,14,1,100,,169,3186,0,14,1,100,,170,3186,0,14,1,100,,171,3186,0,14,1,100,,172,3186,0,14,1,100,,173,3186,0,14,1,100,,174,3186,0,14,1
100,'SE',547,,215,3186,0,14,1,76,,199,3186,0,14,1,29,,216,3186,0,14,1,75,,229,3186,0,14,1,28,,232,3186,0,14,1,75,,230,3186,0,14,1,80,,200,3186,0,14,1,30,,202,3186,0,14,1,70,,231,3186,0,14,1,30,,243,3186,0,14,1,70,,245,3186,0,14,1,30,,201,3186,0,14,1,71,,203,3186,0,14,1,30,,246,3186,0,14,1,70,,220,3186,0,14,1,30,,242,3186,0,14,1,70,,208,3186,0,14,1,30,,235,3186,0,14,1,70,,226,3186,0,14,1,18,,234,3186,0,14,1,21,,236,3186,0,14,1,55,,206,3186,0,14,1,19,,218,3186,0,14,1,12,,210,3186,0,14,1,21,,209,3186,0,14,1,52,,223,3186,0,14,1,13,,207,3186,0,14,1,15,,249,3186,0,14,1,13,,211,3186,0,14,1,55,,247,3186,0,14,1,15,,204,3186,0,14,1,20,,240,3186,0,14,1,69,,244,3186,0,14,1,30,,221,3186,0,14,1,70,,239,3186,0,14,1,30,,237,3186,0,14,1,70,,241,3186,0,14,1,30,,238,3186,0,14,1,100,,219,3186,0,14,1,99,,212,3186,0,14,1,100,,213,3186,0,14,1,99,,214,3186,0,14,1
50100,'F8',1458,,18727,3186,,,2,184,,18726,3186,,,2
50100,'SE',1458,,18729,3186,,,2,184,,18728,3186,,,2
65001,'F8',823,,18922,947,,,2
65001,'SE',823,,18923,947,,,2
