12800,'F7',614,,38024,13466,,,2,100,,38025,13466,,,2,895,,38026,13466,,,2
12800,'SE',614,,38027,13466,,,2,100,,38028,13466,,,2,895,,38029,13466,,,2
42800,'DI',623,,39684,13466,,,1,111,,39685,13466,,,1,111,,39686,13466,,,1,108,,39687,13466,,,1,150,,39688,13466,,,1,35,,39694,13466,,,1,75,,39689,13466,,,1,35,,39695,13466,,,1,75,,39690,13466,,,1,35,,39696,13466,,,1,75,,39691,13466,,,1,77,,39697,13466,,,1,34,,39692,13466,,,1,81,,39698,13466,,,1,34,,39693,13466,,,1,150,,39699,13466,,,1,106,,39700,13466,,,1,108,,39701,13466,,,1,110,,39702,13466,,,1,110,,39703,13466,,,1
42800,'F1',623,,17882,13466,,,1,111,,17883,13466,,,1,111,,17884,13466,,,1,108,,17885,13466,,,1,150,,17886,13466,,,1,35,,17892,13466,,,1,75,,17887,13466,,,1,35,,17893,13466,,,1,75,,17888,13466,,,1,35,,17894,13466,,,1,75,,17889,13466,,,1,77,,17895,13466,,,1,34,,17890,13466,,,1,81,,17896,13466,,,1,34,,17891,13466,,,1,150,,17897,13466,,,1,106,,17898,13466,,,1,108,,17899,13466,,,1,110,,17900,13466,,,1,110,,17901,13466,,,1
42800,'F2',623,,39704,13466,,,1,111,,39705,13466,,,1,111,,39706,13466,,,1,108,,39707,13466,,,1,150,,39708,13466,,,1,35,,39714,13466,,,1,75,,39709,13466,,,1,35,,39715,13466,,,1,75,,39710,13466,,,1,35,,39716,13466,,,1,75,,39711,13466,,,1,77,,39717,13466,,,1,34,,39712,13466,,,1,81,,39718,13466,,,1,34,,39713,13466,,,1,150,,39719,13466,,,1,106,,39720,13466,,,1,108,,39721,13466,,,1,110,,39722,13466,,,1,110,,39723,13466,,,1
42800,'F7',538,,39724,13466,,,1,75,,39734,13466,,,1,33,,39725,13466,,,1,86,,39735,13466,,,1,78,,39726,13466,,,1,35,,39736,13466,,,1,76,,39727,13466,,,1,32,,39737,13466,,,1,75,,39728,13466,,,1,75,,39738,13466,,,1,35,,39729,13466,,,1,75,,39739,13466,,,1,33,,39730,13466,,,1,73,,39740,13466,,,1,35,,39731,13466,,,1,75,,39741,13466,,,1,76,,39732,13466,,,1,37,,39742,13466,,,1,76,,39733,13466,,,1,41,,39743,13466,,,1,73,,39750,13466,,,1,79,,39744,13466,,,1,32,,39751,13466,,,1,75,,39745,13466,,,1,107,,39746,13466,,,1,108,,39747,13466,,,1,110,,39748,13466,,,1,110,,39749,13466,,,1
42800,'F8',623,,39752,13466,,,1,111,,39753,13466,,,1,111,,39754,13466,,,1,108,,39755,13466,,,1,150,,39756,13466,,,1,35,,39762,13466,,,1,75,,39757,13466,,,1,35,,39763,13466,,,1,75,,39758,13466,,,1,35,,39764,13466,,,1,75,,39759,13466,,,1,77,,39765,13466,,,1,34,,39760,13466,,,1,81,,39766,13466,,,1,34,,39761,13466,,,1,150,,39767,13466,,,1,106,,39768,13466,,,1,108,,39769,13466,,,1,110,,39770,13466,,,1,110,,39771,13466,,,1
42800,'F9',623,,39772,13466,,,1,111,,39773,13466,,,1,111,,39774,13466,,,1,108,,39775,13466,,,1,150,,39776,13466,,,1,35,,39782,13466,,,1,75,,39777,13466,,,1,35,,39783,13466,,,1,75,,39778,13466,,,1,35,,39784,13466,,,1,75,,39779,13466,,,1,77,,39785,13466,,,1,34,,39780,13466,,,1,81,,39786,13466,,,1,34,,39781,13466,,,1,150,,39787,13466,,,1,106,,39788,13466,,,1,108,,39789,13466,,,1,110,,39790,13466,,,1,110,,39791,13466,,,1
42800,'SA',623,,39792,13466,,,1,111,,39793,13466,,,1,111,,39794,13466,,,1,108,,39795,13466,,,1,150,,39796,13466,,,1,35,,39802,13466,,,1,75,,39797,13466,,,1,35,,39803,13466,,,1,75,,39798,13466,,,1,35,,39804,13466,,,1,75,,39799,13466,,,1,77,,39805,13466,,,1,34,,39800,13466,,,1,81,,39806,13466,,,1,34,,39801,13466,,,1,150,,39807,13466,,,1,106,,39808,13466,,,1,108,,39809,13466,,,1,110,,39810,13466,,,1,110,,39811,13466,,,1
42800,'SE',538,,39812,13466,,,1,75,,39822,13466,,,1,33,,39813,13466,,,1,86,,39823,13466,,,1,78,,39814,13466,,,1,35,,39824,13466,,,1,76,,39815,13466,,,1,32,,39825,13466,,,1,75,,39816,13466,,,1,75,,39826,13466,,,1,35,,39817,13466,,,1,75,,39827,13466,,,1,33,,39818,13466,,,1,73,,39828,13466,,,1,35,,39819,13466,,,1,75,,39829,13466,,,1,76,,39820,13466,,,1,37,,39830,13466,,,1,76,,39821,13466,,,1,41,,39831,13466,,,1,73,,39838,13466,,,1,79,,39832,13466,,,1,32,,39839,13466,,,1,75,,39833,13466,,,1,107,,39834,13466,,,1,108,,39835,13466,,,1,110,,39836,13466,,,1,110,,39837,13466,,,1
