8800,'DI',738,,36639,15002,,,1,70,,36644,15002,,,1,30,,36650,15002,,,1,70,,36659,15002,,,1,30,,36640,15002,,,1,70,,36645,15002,,,1,33,,36651,15002,,,1,70,,36660,15002,,,1,30,,36641,15002,,,1,70,,36646,15002,,,1,31,,36652,15002,,,1,70,,36661,15002,,,1,30,,36642,15002,,,1,70,,36647,15002,,,1,30,,36653,15002,,,1,70,,15002,15002,,,1,30,,36654,15002,,,1,70,,36648,15002,,,1,30,,36662,15002,,,1,70,,15003,15002,,,1,30,,36655,15002,,,1,67,,36649,15002,,,1,30,,36663,15002,,,1,100,,36656,15002,,,1,100,,36664,15002,,,1,100,,36657,15002,,,1,100,,36665,15002,,,1,97,,36658,15002,,,1,100,,36638,15002,,,1,100,,36643,15002,,,1
8800,'F1',738,,36672,15002,,,1,70,,15061,15002,,,1,31,,36685,15002,,,1,70,,36676,15002,,,1,31,,36673,15002,,,1,70,,15062,15002,,,1,32,,36686,15002,,,1,70,,36677,15002,,,1,30,,15046,15002,,,1,70,,36681,15002,,,1,30,,36687,15002,,,1,70,,36678,15002,,,1,30,,15047,15002,,,1,70,,36682,15002,,,1,30,,36688,15002,,,1,70,,36668,15002,,,1,30,,15048,15002,,,1,70,,36683,15002,,,1,30,,36689,15002,,,1,70,,36669,15002,,,1,31,,36690,15002,,,1,69,,36684,15002,,,1,31,,36679,15002,,,1,69,,36670,15002,,,1,30,,36674,15002,,,1,100,,36680,15002,,,1,98,,36675,15002,,,1,97,,36667,15002,,,1,100,,36666,15002,,,1,100,,36671,15002,,,1,100,,15032,15002,,,1
8800,'F2',738,,36694,15002,,,1,70,,36719,15002,,,1,31,,36715,15002,,,1,70,,36706,15002,,,1,31,,36699,15002,,,1,70,,36720,15002,,,1,32,,36716,15002,,,1,70,,36707,15002,,,1,30,,36700,15002,,,1,70,,36711,15002,,,1,30,,36696,15002,,,1,70,,36708,15002,,,1,30,,36701,15002,,,1,70,,36712,15002,,,1,30,,36697,15002,,,1,70,,36691,15002,,,1,30,,36702,15002,,,1,70,,36713,15002,,,1,30,,36698,15002,,,1,70,,36692,15002,,,1,31,,36721,15002,,,1,69,,36714,15002,,,1,31,,36709,15002,,,1,69,,36693,15002,,,1,30,,36703,15002,,,1,100,,36710,15002,,,1,98,,36704,15002,,,1,97,,36718,15002,,,1,100,,36705,15002,,,1,100,,36717,15002,,,1,100,,36695,15002,,,1
8800,'F7',706,,36728,15002,,,1,41,,36732,15002,,,1,2,,36737,15002,,,1,59,,36767,15002,,,1,15,,36768,15002,,,1,14,,36734,15002,,,1,15,,36769,15002,,,1,55,,36735,15002,,,1,12,,36736,15002,,,1,29,,36757,15002,,,1,70,,36733,15002,,,1,30,,36731,15002,,,1,70,,36755,15002,,,1,32,,36758,15002,,,1,70,,36724,15002,,,1,30,,36722,15002,,,1,70,,36759,15002,,,1,30,,36725,15002,,,1,70,,36756,15002,,,1,34,,36771,15002,,,1,5,,36746,15002,,,1,70,,36760,15002,,,1,17,,36762,15002,,,1,56,,36764,15002,,,1,15,,36726,15002,,,1,15,,36738,15002,,,1,15,,36770,15002,,,1,55,,36743,15002,,,1,13,,36747,15002,,,1,9,,36723,15002,,,1,12,,36750,15002,,,1,12,,36740,15002,,,1,11,,36745,15002,,,1,51,,36730,15002,,,1,11,,36765,15002,,,1,12,,36727,15002,,,1,12,,36739,15002,,,1,7,,36763,15002,,,1,59,,36744,15002,,,1,15,,36748,15002,,,1,22,,36741,15002,,,1,68,,36766,15002,,,1,30,,36761,15002,,,1,68,,36749,15002,,,1,30,,36742,15002,,,1,70,,36729,15002,,,1,30,,36753,15002,,,1,100,,36751,15002,,,1,99,,36754,15002,,,1,94,,36752,15002,,,1
8800,'F8',738,,36775,15002,,,1,70,,36800,15002,,,1,31,,36796,15002,,,1,70,,36787,15002,,,1,31,,36780,15002,,,1,70,,36801,15002,,,1,32,,36797,15002,,,1,70,,36788,15002,,,1,30,,36781,15002,,,1,70,,36792,15002,,,1,30,,36777,15002,,,1,70,,36789,15002,,,1,30,,36782,15002,,,1,70,,36793,15002,,,1,30,,36778,15002,,,1,70,,36772,15002,,,1,30,,36783,15002,,,1,70,,36794,15002,,,1,30,,36779,15002,,,1,70,,36773,15002,,,1,31,,36802,15002,,,1,69,,36795,15002,,,1,31,,36790,15002,,,1,69,,36774,15002,,,1,30,,36784,15002,,,1,100,,36791,15002,,,1,98,,36785,15002,,,1,97,,36799,15002,,,1,100,,36786,15002,,,1,100,,36798,15002,,,1,100,,36776,15002,,,1
8800,'F9',738,,36806,15002,,,1,70,,36811,15002,,,1,30,,36817,15002,,,1,70,,36826,15002,,,1,30,,36807,15002,,,1,70,,36812,15002,,,1,33,,36818,15002,,,1,70,,36827,15002,,,1,30,,36808,15002,,,1,70,,36813,15002,,,1,31,,36819,15002,,,1,70,,36828,15002,,,1,30,,36809,15002,,,1,70,,36814,15002,,,1,30,,36820,15002,,,1,70,,36803,15002,,,1,30,,36821,15002,,,1,70,,36815,15002,,,1,30,,36829,15002,,,1,70,,36804,15002,,,1,30,,36822,15002,,,1,67,,36816,15002,,,1,30,,36830,15002,,,1,100,,36823,15002,,,1,100,,36831,15002,,,1,100,,36824,15002,,,1,100,,36832,15002,,,1,97,,36825,15002,,,1,100,,36805,15002,,,1,100,,36810,15002,,,1
8800,'SA',738,,36836,15002,,,1,70,,36860,15002,,,1,31,,36857,15002,,,1,70,,36848,15002,,,1,31,,36841,15002,,,1,70,,36861,15002,,,1,32,,36858,15002,,,1,70,,36849,15002,,,1,30,,36842,15002,,,1,70,,36853,15002,,,1,30,,36838,15002,,,1,70,,36850,15002,,,1,30,,36843,15002,,,1,70,,36854,15002,,,1,30,,36839,15002,,,1,70,,36833,15002,,,1,30,,36844,15002,,,1,70,,36855,15002,,,1,30,,36840,15002,,,1,70,,36834,15002,,,1,31,,36862,15002,,,1,69,,36856,15002,,,1,31,,36851,15002,,,1,69,,36835,15002,,,1,30,,36845,15002,,,1,100,,36852,15002,,,1,98,,36846,15002,,,1,97,,15203,15002,,,1,100,,36847,15002,,,1,100,,36859,15002,,,1,100,,36837,15002,,,1
8800,'SE',706,,36869,15002,,,1,41,,36873,15002,,,1,2,,36877,15002,,,1,59,,36905,15002,,,1,15,,36906,15002,,,1,14,,15219,15002,,,1,15,,36907,15002,,,1,55,,36875,15002,,,1,12,,36876,15002,,,1,29,,36895,15002,,,1,70,,36874,15002,,,1,30,,36872,15002,,,1,70,,36893,15002,,,1,32,,36896,15002,,,1,70,,36865,15002,,,1,30,,36863,15002,,,1,70,,36897,15002,,,1,30,,36866,15002,,,1,70,,36894,15002,,,1,34,,36909,15002,,,1,5,,36886,15002,,,1,70,,36898,15002,,,1,17,,36900,15002,,,1,56,,36902,15002,,,1,15,,36867,15002,,,1,15,,36878,15002,,,1,15,,36908,15002,,,1,55,,36883,15002,,,1,13,,36887,15002,,,1,9,,36864,15002,,,1,12,,36888,15002,,,1,12,,36880,15002,,,1,11,,36885,15002,,,1,51,,36871,15002,,,1,11,,36903,15002,,,1,12,,36868,15002,,,1,12,,36879,15002,,,1,7,,36901,15002,,,1,59,,36884,15002,,,1,15,,15235,15002,,,1,22,,36881,15002,,,1,68,,36904,15002,,,1,30,,36899,15002,,,1,68,,15236,15002,,,1,30,,36882,15002,,,1,70,,36870,15002,,,1,30,,36891,15002,,,1,100,,36889,15002,,,1,99,,36892,15002,,,1,94,,36890,15002,,,1
50500,'F7',1634,,40630,8122,,,2
50500,'SE',1634,,40631,8122,,,2
