1601,'DI',549,,25074,3770,,,2,100,,25075,3770,,,2,70,,25066,3770,,,2,30,,25076,3770,,,2,70,,25067,3770,,,2,30,,25077,3770,,,2,70,,25068,3770,,,2,30,,25078,3770,,,2,70,,25069,3770,,,2,30,,25079,3770,,,2,70,,25070,3770,,,2,30,,25080,3770,,,2,68,,25071,3770,,,2,32,,25081,3770,,,2,73,,25072,3770,,,2,27,,25082,3770,,,2,70,,25073,3770,,,2,30,,25083,3770,,,2,70,,25085,3770,,,2,30,,25084,3770,,,2,70,,25086,3770,,,2,30,,25088,3770,,,2,70,,25087,3770,,,2,30,,25089,3770,,,2,100,,25090,3770,,,2,100,,25091,3770,,,2,100,,25092,3770,,,2,100,,25093,3770,,,2,100,,25094,3770,,,2,100,,25095,3770,,,2,100,,25096,3770,,,2
1601,'F1',549,,25102,3770,,,2,100,,25103,3770,,,2,68,,25111,3770,,,2,32,,25104,3770,,,2,70,,25112,3770,,,2,30,,25105,3770,,,2,70,,25113,3770,,,2,30,,25106,3770,,,2,70,,25114,3770,,,2,30,,25107,3770,,,2,70,,25115,3770,,,2,30,,25108,3770,,,2,70,,25116,3770,,,2,30,,25109,3770,,,2,70,,25123,3770,,,2,30,,25110,3770,,,2,70,,25124,3770,,,2,30,,25117,3770,,,2,70,,25125,3770,,,2,30,,25118,3770,,,2,70,,25126,3770,,,2,30,,25119,3770,,,2,67,,25127,3770,,,2,33,,25120,3770,,,2,100,,25121,3770,,,2,100,,25122,3770,,,2,100,,25097,3770,,,2,100,,25098,3770,,,2,100,,25099,3770,,,2,100,,25100,3770,,,2,100,,25101,3770,,,2
1601,'F2',549,,25133,3770,,,2,100,,25134,3770,,,2,68,,25137,3770,,,2,32,,25135,3770,,,2,70,,25138,3770,,,2,30,,25136,3770,,,2,70,,25139,3770,,,2,30,,25155,3770,,,2,70,,25140,3770,,,2,30,,25156,3770,,,2,70,,25141,3770,,,2,30,,25157,3770,,,2,70,,25142,3770,,,2,30,,25158,3770,,,2,70,,25148,3770,,,2,30,,25128,3770,,,2,70,,25149,3770,,,2,30,,25129,3770,,,2,70,,25150,3770,,,2,30,,25130,3770,,,2,70,,25151,3770,,,2,30,,25131,3770,,,2,67,,25152,3770,,,2,33,,25132,3770,,,2,100,,25143,3770,,,2,100,,25144,3770,,,2,100,,25145,3770,,,2,100,,25146,3770,,,2,100,,25147,3770,,,2,100,,25153,3770,,,2,100,,25154,3770,,,2
1601,'F7',517,,25194,3770,,,2,30,,25199,3770,,,2,55,,25171,3770,,,2,17,,25160,3770,,,2,15,,25209,3770,,,2,13,,25200,3770,,,2,12,,25164,3770,,,2,50,,25204,3770,,,2,7,,25210,3770,,,2,8,,25184,3770,,,2,6,,25185,3770,,,2,5,,25161,3770,,,2,5,,25205,3770,,,2,3,,25169,3770,,,2,6,,25163,3770,,,2,51,,25162,3770,,,2,10,,25165,3770,,,2,10,,25183,3770,,,2,9,,25211,3770,,,2,14,,25186,3770,,,2,13,,25170,3770,,,2,65,,25159,3770,,,2,30,,25195,3770,,,2,70,,25174,3770,,,2,30,,25172,3770,,,2,70,,25207,3770,,,2,30,,25201,3770,,,2,70,,25196,3770,,,2,30,,25173,3770,,,2,70,,25167,3770,,,2,30,,25197,3770,,,2,70,,25175,3770,,,2,31,,25212,3770,,,2,59,,25187,3770,,,2,21,,25176,3770,,,2,15,,25198,3770,,,2,55,,25213,3770,,,2,14,,25208,3770,,,2,15,,25168,3770,,,2,11,,25214,3770,,,2,12,,25190,3770,,,2,52,,25193,3770,,,2,12,,25203,3770,,,2,12,,25166,3770,,,2,24,,25189,3770,,,2,61,,25206,3770,,,2,27,,25188,3770,,,2,80,,25202,3770,,,2,28,,25177,3770,,,2,70,,25191,3770,,,2,28,,25178,3770,,,2,70,,25192,3770,,,2,30,,25179,3770,,,2,99,,25180,3770,,,2,100,,25181,3770,,,2,100,,25182,3770,,,2
1601,'F8',549,,25220,3770,,,2,100,,25221,3770,,,2,68,,25224,3770,,,2,32,,25222,3770,,,2,70,,25225,3770,,,2,30,,25223,3770,,,2,70,,25226,3770,,,2,30,,25242,3770,,,2,70,,25227,3770,,,2,30,,25243,3770,,,2,70,,25228,3770,,,2,30,,25244,3770,,,2,70,,25229,3770,,,2,30,,25245,3770,,,2,70,,25235,3770,,,2,30,,25215,3770,,,2,70,,25236,3770,,,2,30,,25216,3770,,,2,70,,25237,3770,,,2,30,,25217,3770,,,2,70,,25238,3770,,,2,30,,25218,3770,,,2,67,,25239,3770,,,2,33,,25219,3770,,,2,100,,25230,3770,,,2,100,,25231,3770,,,2,100,,25232,3770,,,2,100,,25233,3770,,,2,100,,25234,3770,,,2,100,,25240,3770,,,2,100,,25241,3770,,,2
1601,'F9',549,,25254,3770,,,2,100,,25255,3770,,,2,70,,25246,3770,,,2,30,,25256,3770,,,2,70,,25247,3770,,,2,30,,25257,3770,,,2,70,,25248,3770,,,2,30,,25258,3770,,,2,70,,25249,3770,,,2,30,,25259,3770,,,2,70,,25250,3770,,,2,30,,25260,3770,,,2,68,,25251,3770,,,2,32,,25261,3770,,,2,73,,25252,3770,,,2,27,,25262,3770,,,2,70,,25253,3770,,,2,30,,25263,3770,,,2,70,,25265,3770,,,2,30,,25264,3770,,,2,70,,25266,3770,,,2,30,,25268,3770,,,2,70,,25267,3770,,,2,30,,25269,3770,,,2,100,,25270,3770,,,2,100,,25271,3770,,,2,100,,25272,3770,,,2,100,,25273,3770,,,2,100,,25274,3770,,,2,100,,25275,3770,,,2,100,,25276,3770,,,2
1601,'SA',549,,25282,3770,,,2,100,,25283,3770,,,2,68,,25286,3770,,,2,32,,25284,3770,,,2,70,,25287,3770,,,2,30,,25285,3770,,,2,70,,25288,3770,,,2,30,,25304,3770,,,2,70,,25289,3770,,,2,30,,25305,3770,,,2,70,,25290,3770,,,2,30,,25306,3770,,,2,70,,25291,3770,,,2,30,,25307,3770,,,2,70,,25297,3770,,,2,30,,25277,3770,,,2,70,,25298,3770,,,2,30,,25278,3770,,,2,70,,25299,3770,,,2,30,,25279,3770,,,2,70,,25300,3770,,,2,30,,25280,3770,,,2,67,,25301,3770,,,2,33,,25281,3770,,,2,100,,25292,3770,,,2,100,,25293,3770,,,2,100,,25294,3770,,,2,100,,25295,3770,,,2,100,,25296,3770,,,2,100,,25302,3770,,,2,100,,25303,3770,,,2
1601,'SE',517,,25342,3770,,,2,30,,25347,3770,,,2,55,,25320,3770,,,2,17,,25309,3770,,,2,15,,25357,3770,,,2,13,,25348,3770,,,2,12,,25313,3770,,,2,50,,25352,3770,,,2,7,,25358,3770,,,2,8,,4744,3770,,,2,6,,25333,3770,,,2,5,,25310,3770,,,2,5,,25353,3770,,,2,3,,25318,3770,,,2,6,,25312,3770,,,2,51,,25311,3770,,,2,10,,25314,3770,,,2,10,,25332,3770,,,2,9,,25359,3770,,,2,14,,25334,3770,,,2,13,,25319,3770,,,2,65,,25308,3770,,,2,30,,25343,3770,,,2,70,,25323,3770,,,2,30,,25321,3770,,,2,70,,25355,3770,,,2,30,,25349,3770,,,2,70,,25344,3770,,,2,30,,25322,3770,,,2,70,,25316,3770,,,2,30,,25345,3770,,,2,70,,25324,3770,,,2,31,,25360,3770,,,2,59,,25335,3770,,,2,21,,25325,3770,,,2,15,,25346,3770,,,2,55,,25361,3770,,,2,14,,25356,3770,,,2,15,,25317,3770,,,2,11,,25362,3770,,,2,12,,25338,3770,,,2,52,,25341,3770,,,2,12,,25351,3770,,,2,12,,25315,3770,,,2,24,,25337,3770,,,2,61,,25354,3770,,,2,27,,25336,3770,,,2,80,,25350,3770,,,2,28,,25326,3770,,,2,70,,25339,3770,,,2,28,,25327,3770,,,2,70,,25340,3770,,,2,30,,25328,3770,,,2,99,,25329,3770,,,2,100,,25330,3770,,,2,100,,25331,3770,,,2
57501,'F7',851,,40735,9638,,,2
57501,'SE',851,,40736,9638,,,2
