801,'DI',600,,1554,,,1,30,,1562,,,1,70,,1569,,,1,30,,1579,,,1,70,,1555,,,1,32,,1563,,,1,70,,1570,,,1,30,,1580,,,1,69,,1556,,,1,30,,1564,,,1,70,,1571,,,1,29,,1581,,,1,70,,1557,,,1,30,,1565,,,1,70,,1572,,,1,30,,1582,,,1,71,,1558,,,1,30,,1566,,,1,71,,1573,,,1,30,,1583,,,1,69,,1586,,,1,30,,1567,,,1,70,,1574,,,1,30,,1584,,,1,19,,1588,,,1,53,,1587,,,1,30,,1568,,,1,68,,1575,,,1,30,,1585,,,1,85,,1559,,,1,100,,1576,,,1,100,,1560,,,1,99,,1577,,,1,100,,1561,,,1,99,,1578,,,1
801,'F1',600,,1589,,,1,30,,1594,,,1,70,,1605,,,1,30,,1617,,,1,70,,1590,,,1,32,,1595,,,1,70,,1606,,,1,30,,1618,,,1,27,,1591,,,1,70,,1596,,,1,30,,1607,,,1,70,,1619,,,1,71,,1592,,,1,30,,1597,,,1,71,,1608,,,1,30,,1620,,,1,71,,1593,,,1,30,,1598,,,1,70,,1609,,,1,30,,1621,,,1,70,,1615,,,1,30,,1599,,,1,70,,1610,,,1,30,,1622,,,1,25,,1601,,,1,50,,1616,,,1,19,,1600,,,1,30,,1611,,,1,70,,1623,,,1,90,,1602,,,1,100,,1612,,,1,100,,1603,,,1,96,,1613,,,1,100,,1604,,,1,100,,1614,,,1
801,'F7',600,,12010,,,1,30,,12018,,,1,70,,12025,,,1,30,,12035,,,1,70,,12011,,,1,32,,12019,,,1,70,,12026,,,1,30,,12036,,,1,69,,12012,,,1,30,,12020,,,1,70,,12027,,,1,29,,12037,,,1,70,,12013,,,1,30,,12021,,,1,70,,12028,,,1,30,,12038,,,1,71,,12014,,,1,30,,12022,,,1,71,,12029,,,1,30,,12039,,,1,69,,12042,,,1,30,,12023,,,1,70,,12030,,,1,30,,12040,,,1,19,,12044,,,1,53,,12043,,,1,30,,12024,,,1,68,,12031,,,1,30,,12041,,,1,85,,12015,,,1,100,,12032,,,1,100,,12016,,,1,99,,12033,,,1,100,,12017,,,1,99,,12034,,,1
801,'F8',526,,12045,,,1,33,,12046,,,1,67,,12088,,,1,21,,12089,,,1,6,,12094,,,1,55,,12116,,,1,5,,12090,,,1,11,,12058,,,1,4,,12117,,,1,5,,12061,,,1,3,,12115,,,1,5,,12097,,,1,4,,12118,,,1,3,,12111,,,1,3,,12098,,,1,4,,12067,,,1,49,,12047,,,1,6,,12066,,,1,5,,12095,,,1,7,,12087,,,1,12,,12068,,,1,18,,12051,,,1,58,,12055,,,1,13,,12059,,,1,15,,12062,,,1,15,,12099,,,1,55,,12048,,,1,17,,12071,,,1,15,,12069,,,1,14,,12052,,,1,55,,12063,,,1,16,,12056,,,1,15,,12084,,,1,15,,12100,,,1,55,,12049,,,1,15,,12096,,,1,15,,12072,,,1,16,,12057,,,1,55,,12053,,,1,15,,12091,,,1,15,,12085,,,1,15,,12113,,,1,55,,12101,,,1,15,,12112,,,1,15,,12114,,,1,18,,12070,,,1,55,,12074,,,1,13,,12103,,,1,22,,12064,,,1,51,,12092,,,1,10,,12086,,,1,14,,12060,,,1,16,,12107,,,1,18,,12050,,,1,55,,12073,,,1,12,,12108,,,1,16,,12054,,,1,15,,12104,,,1,55,,12065,,,1,13,,12093,,,1,21,,12102,,,1,61,,12110,,,1,27,,12109,,,1,68,,12077,,,1,31,,12079,,,1,27,,12075,,,1,73,,12105,,,1,27,,12078,,,1,52,,12081,,,1,20,,12080,,,1,69,,12076,,,1,20,,12106,,,1,91,,12082,,,1,100,,12083,,,1
801,'F9',600,,12119,,,1,30,,12124,,,1,70,,12135,,,1,30,,12147,,,1,70,,12120,,,1,32,,12125,,,1,70,,12136,,,1,30,,12148,,,1,27,,12121,,,1,70,,12126,,,1,30,,12137,,,1,70,,12149,,,1,71,,12122,,,1,30,,12127,,,1,71,,12138,,,1,30,,12150,,,1,71,,12123,,,1,30,,12128,,,1,70,,12139,,,1,30,,12151,,,1,70,,12145,,,1,30,,12129,,,1,70,,12140,,,1,30,,12152,,,1,25,,12131,,,1,50,,12146,,,1,19,,12130,,,1,30,,12141,,,1,70,,12153,,,1,90,,12132,,,1,100,,12142,,,1,100,,12133,,,1,96,,12143,,,1,100,,12134,,,1,100,,12144,,,1
801,'SA',600,,1624,,,1,30,,1629,,,1,70,,1640,,,1,30,,1652,,,1,70,,1625,,,1,32,,1630,,,1,70,,1641,,,1,30,,1653,,,1,27,,1626,,,1,70,,1631,,,1,30,,1642,,,1,70,,1654,,,1,71,,1627,,,1,30,,1632,,,1,71,,1643,,,1,30,,1655,,,1,71,,1628,,,1,30,,1633,,,1,70,,1644,,,1,30,,1656,,,1,70,,1650,,,1,30,,1634,,,1,70,,1645,,,1,30,,1657,,,1,25,,1636,,,1,50,,1651,,,1,19,,1635,,,1,30,,1646,,,1,70,,1658,,,1,90,,1637,,,1,100,,1647,,,1,100,,1638,,,1,96,,1648,,,1,100,,1639,,,1,100,,1649,,,1
801,'SE',526,,1659,,,1,33,,1660,,,1,67,,1702,,,1,21,,1703,,,1,6,,1708,,,1,55,,1730,,,1,5,,1704,,,1,11,,1672,,,1,4,,1731,,,1,5,,1675,,,1,3,,1729,,,1,5,,1711,,,1,4,,1732,,,1,3,,1725,,,1,3,,1712,,,1,4,,1681,,,1,49,,1661,,,1,6,,1680,,,1,5,,1709,,,1,7,,1701,,,1,12,,1682,,,1,18,,1665,,,1,58,,1669,,,1,13,,1673,,,1,15,,1676,,,1,15,,1713,,,1,55,,1662,,,1,17,,1685,,,1,15,,1683,,,1,14,,1666,,,1,55,,1677,,,1,16,,1670,,,1,15,,1698,,,1,15,,1714,,,1,55,,1663,,,1,15,,1710,,,1,15,,1686,,,1,16,,1671,,,1,55,,1667,,,1,15,,1705,,,1,15,,1699,,,1,15,,1727,,,1,55,,1715,,,1,15,,1726,,,1,15,,1728,,,1,18,,1684,,,1,55,,1688,,,1,13,,1717,,,1,22,,1678,,,1,51,,1706,,,1,10,,1700,,,1,14,,1674,,,1,16,,1721,,,1,18,,1664,,,1,55,,1687,,,1,12,,1722,,,1,16,,1668,,,1,15,,1718,,,1,55,,1679,,,1,13,,1707,,,1,21,,1716,,,1,61,,1724,,,1,27,,1723,,,1,68,,1691,,,1,31,,1693,,,1,27,,1689,,,1,73,,1719,,,1,27,,1692,,,1,52,,1695,,,1,20,,1694,,,1,69,,1690,,,1,20,,1720,,,1,91,,1696,,,1,100,,1697,,,1
2801,'DI',948,,3937,,,1,100,,3939,,,1,100,,3942,,,1,101,,3938,,,1,100,,3941,,,1,100,,3943,,,1,98,,3936,,,1,99,,3935,,,1,96,,3944,,,1,105,,3940,,,1
2801,'F1',948,,3948,,,1,100,,3947,,,1,100,,3952,,,1,101,,3954,,,1,100,,3951,,,1,100,,3945,,,1,98,,3946,,,1,96,,3949,,,1,99,,3950,,,1,105,,3953,,,1
2801,'F7',948,,13862,,,1,100,,13864,,,1,100,,13867,,,1,101,,13863,,,1,100,,13866,,,1,100,,13868,,,1,98,,13861,,,1,99,,13860,,,1,96,,13869,,,1,105,,13865,,,1
2801,'F8',658,,13889,,,1,64,,13904,,,1,18,,13896,,,1,61,,13905,,,1,27,,13907,,,1,20,,13895,,,1,60,,13901,,,1,24,,13886,,,1,69,,13890,,,1,30,,13874,,,1,70,,13870,,,1,30,,13891,,,1,70,,13875,,,1,30,,13871,,,1,70,,13892,,,1,30,,13884,,,1,70,,13872,,,1,32,,13893,,,1,70,,13885,,,1,20,,13887,,,1,13,,13878,,,1,17,,13880,,,1,50,,13902,,,1,17,,13897,,,1,13,,13876,,,1,15,,13899,,,1,58,,13906,,,1,13,,13879,,,1,16,,13881,,,1,13,,13903,,,1,58,,13877,,,1,14,,13894,,,1,20,,13888,,,1,61,,13873,,,1,23,,13883,,,1,100,,13898,,,1,100,,13882,,,1,100,,13900,,,1
2801,'F9',948,,13911,,,1,100,,13910,,,1,100,,13915,,,1,101,,13917,,,1,100,,13914,,,1,100,,13908,,,1,98,,13909,,,1,96,,13912,,,1,99,,13913,,,1,105,,13916,,,1
2801,'SA',948,,3958,,,1,100,,3957,,,1,100,,3962,,,1,101,,3964,,,1,100,,3961,,,1,100,,3955,,,1,98,,3956,,,1,96,,3959,,,1,99,,3960,,,1,105,,3963,,,1
2801,'SE',658,,3984,,,1,64,,3999,,,1,18,,3991,,,1,61,,4000,,,1,27,,4002,,,1,20,,3990,,,1,60,,3996,,,1,24,,3981,,,1,69,,3985,,,1,30,,3969,,,1,70,,3965,,,1,30,,3986,,,1,70,,3970,,,1,30,,3966,,,1,70,,3987,,,1,30,,3979,,,1,70,,3967,,,1,32,,3988,,,1,70,,3980,,,1,20,,3982,,,1,13,,3973,,,1,17,,3975,,,1,50,,3997,,,1,17,,3992,,,1,13,,3971,,,1,15,,3994,,,1,58,,4001,,,1,13,,3974,,,1,16,,3976,,,1,13,,3998,,,1,58,,3972,,,1,14,,3989,,,1,20,,3983,,,1,61,,3968,,,1,23,,3978,,,1,100,,3993,,,1,100,,3977,,,1,100,,3995,,,1
8101,'DI',646,,8005,,,1,100,,8002,,,1,100,,8006,,,1,103,,8008,,,1,100,,8003,,,1,100,,8007,,,1,100,,7998,,,1,100,,8011,,,1,100,,7999,,,1,100,,8004,,,1,100,,8012,,,1,96,,8009,,,1,108,,8015,,,1,96,,8013,,,1,100,,8000,,,1,100,,8016,,,1,100,,8014,,,1,100,,8001,,,1,100,,8017,,,1
8101,'F1',646,,8028,,,1,100,,8025,,,1,100,,8021,,,1,103,,8026,,,1,100,,8022,,,1,100,,8033,,,1,100,,8020,,,1,100,,8030,,,1,100,,8023,,,1,100,,8027,,,1,100,,8024,,,1,100,,8018,,,1,104,,8034,,,1,96,,8037,,,1,100,,8019,,,1,100,,8035,,,1,100,,8038,,,1,100,,8032,,,1,100,,8036,,,1,100,,8031,,,1
8101,'F7',646,,17131,,,1,100,,17128,,,1,100,,17132,,,1,103,,17134,,,1,100,,17129,,,1,100,,17133,,,1,100,,17124,,,1,100,,17137,,,1,100,,17125,,,1,100,,17130,,,1,100,,17138,,,1,96,,17135,,,1,108,,17141,,,1,96,,17139,,,1,100,,17126,,,1,100,,17142,,,1,100,,17140,,,1,100,,17127,,,1,100,,17143,,,1
8101,'F8',617,,17162,,,1,30,,17155,,,1,62,,17149,,,1,38,,17161,,,1,70,,17147,,,1,31,,17163,,,1,69,,17144,,,1,36,,17169,,,1,98,,17148,,,1,100,,17156,,,1,100,,17150,,,1,100,,17157,,,1,100,,17154,,,1,100,,17172,,,1,71,,17145,,,1,31,,17158,,,1,70,,17151,,,1,30,,17164,,,1,70,,17146,,,1,30,,17159,,,1,70,,17170,,,1,26,,17167,,,1,100,,17171,,,1,100,,17152,,,1,100,,17165,,,1,100,,17168,,,1,100,,17153,,,1,100,,17166,,,1
8101,'F9',646,,17183,,,1,100,,17180,,,1,100,,17176,,,1,103,,17181,,,1,100,,17177,,,1,100,,17188,,,1,100,,17175,,,1,100,,17185,,,1,100,,17178,,,1,100,,17182,,,1,100,,17179,,,1,100,,17173,,,1,104,,17189,,,1,96,,17192,,,1,100,,17174,,,1,100,,17190,,,1,100,,17193,,,1,100,,17187,,,1,100,,17191,,,1,100,,17186,,,1
8101,'SA',646,,8049,,,1,100,,8046,,,1,100,,8042,,,1,103,,8047,,,1,100,,8043,,,1,100,,8054,,,1,100,,8041,,,1,100,,8051,,,1,100,,8044,,,1,100,,8048,,,1,100,,8045,,,1,100,,8039,,,1,104,,8055,,,1,96,,8058,,,1,100,,8040,,,1,100,,8056,,,1,100,,8059,,,1,100,,8053,,,1,100,,8057,,,1,100,,8052,,,1
8101,'SE',617,,8078,,,1,30,,8071,,,1,62,,8065,,,1,38,,8077,,,1,70,,8063,,,1,31,,8079,,,1,69,,8060,,,1,36,,8085,,,1,98,,8064,,,1,100,,8072,,,1,100,,8066,,,1,100,,8073,,,1,100,,8070,,,1,100,,8088,,,1,71,,8061,,,1,31,,8074,,,1,70,,8067,,,1,30,,8080,,,1,70,,8062,,,1,30,,8075,,,1,70,,8086,,,1,26,,8083,,,1,100,,8087,,,1,100,,8068,,,1,100,,8081,,,1,100,,8084,,,1,100,,8069,,,1,100,,8082,,,1
8801,'DI',647,,8527,,,1,70,,8540,,,1,30,,8546,,,1,70,,8532,,,1,30,,8528,,,1,70,,8541,,,1,30,,8547,,,1,69,,8533,,,1,29,,8529,,,1,70,,8542,,,1,30,,8548,,,1,70,,8534,,,1,30,,8530,,,1,70,,8543,,,1,30,,8553,,,1,71,,8535,,,1,30,,8531,,,1,71,,8544,,,1,30,,8554,,,1,69,,8525,,,1,30,,8549,,,1,70,,8545,,,1,30,,8536,,,1,72,,8526,,,1,22,,8550,,,1,106,,8537,,,1,100,,8551,,,1,100,,8538,,,1,98,,8552,,,1,100,,8539,,,1,99,,8555,,,1
8801,'F1',645,,8556,,,1,70,,8568,,,1,30,,8573,,,1,69,,8562,,,1,30,,8557,,,1,70,,8585,,,1,33,,8574,,,1,67,,8563,,,1,30,,8558,,,1,69,,8586,,,1,30,,8575,,,1,71,,8564,,,1,30,,8569,,,1,71,,8559,,,1,28,,8576,,,1,71,,8565,,,1,30,,8570,,,1,70,,8560,,,1,30,,8577,,,1,70,,8566,,,1,30,,8571,,,1,71,,8561,,,1,28,,8578,,,1,72,,8567,,,1,20,,8581,,,1,109,,8579,,,1,100,,8582,,,1,100,,8580,,,1,100,,8583,,,1,95,,8584,,,1,100,,8572,,,1
8801,'F7',647,,17561,,,1,70,,17574,,,1,30,,17580,,,1,70,,17566,,,1,30,,17562,,,1,70,,17575,,,1,30,,17581,,,1,69,,17567,,,1,29,,17563,,,1,70,,17576,,,1,30,,17582,,,1,70,,17568,,,1,30,,17564,,,1,70,,17577,,,1,30,,17587,,,1,71,,17569,,,1,30,,17565,,,1,71,,17578,,,1,30,,17588,,,1,69,,17559,,,1,30,,17583,,,1,70,,17579,,,1,30,,17570,,,1,72,,17560,,,1,22,,17584,,,1,106,,17571,,,1,100,,17585,,,1,100,,17572,,,1,98,,17586,,,1,100,,17573,,,1,99,,17589,,,1
8801,'F8',643,,17591,,,1,60,,17593,,,1,15,,17594,,,1,12,,17608,,,1,7,,17595,,,1,21,,17610,,,1,49,,17609,,,1,12,,17599,,,1,11,,17604,,,1,10,,17605,,,1,19,,17629,,,1,58,,17630,,,1,30,,17631,,,1,70,,17624,,,1,30,,17607,,,1,70,,17623,,,1,30,,17627,,,1,70,,17626,,,1,30,,17597,,,1,70,,17596,,,1,30,,17614,,,1,70,,17590,,,1,33,,17600,,,1,69,,17592,,,1,9,,17615,,,1,2,,17620,,,1,2,,17602,,,1,7,,17606,,,1,20,,17632,,,1,58,,17638,,,1,12,,17625,,,1,15,,17628,,,1,60,,17611,,,1,12,,17598,,,1,15,,17601,,,1,14,,17616,,,1,56,,17603,,,1,13,,17633,,,1,17,,17636,,,1,17,,17635,,,1,67,,17634,,,1,32,,17617,,,1,70,,17621,,,1,27,,17637,,,1,70,,17622,,,1,30,,17618,,,1,100,,17612,,,1,98,,17619,,,1,100,,17613,,,1
8801,'F9',645,,17639,,,1,70,,17651,,,1,30,,17656,,,1,69,,17645,,,1,30,,17640,,,1,70,,17668,,,1,33,,17657,,,1,67,,17646,,,1,30,,17641,,,1,69,,17669,,,1,30,,17658,,,1,71,,17647,,,1,30,,17652,,,1,71,,17642,,,1,28,,17659,,,1,71,,17648,,,1,30,,17653,,,1,70,,17643,,,1,30,,17660,,,1,70,,17649,,,1,30,,17654,,,1,71,,17644,,,1,28,,17661,,,1,72,,17650,,,1,20,,17664,,,1,109,,17662,,,1,100,,17665,,,1,100,,17663,,,1,100,,17666,,,1,95,,17667,,,1,100,,17655,,,1
8801,'SA',645,,8587,,,1,70,,8599,,,1,30,,8604,,,1,69,,8593,,,1,30,,8588,,,1,70,,8616,,,1,33,,8605,,,1,67,,8594,,,1,30,,8589,,,1,69,,8617,,,1,30,,8606,,,1,71,,8595,,,1,30,,8600,,,1,71,,8590,,,1,28,,8607,,,1,71,,8596,,,1,30,,8601,,,1,70,,8591,,,1,30,,8608,,,1,70,,8597,,,1,30,,8602,,,1,71,,8592,,,1,28,,8609,,,1,72,,8598,,,1,20,,8612,,,1,109,,8610,,,1,100,,8613,,,1,100,,8611,,,1,100,,8614,,,1,95,,8615,,,1,100,,8603,,,1
8801,'SE',643,,8619,,,1,60,,8621,,,1,15,,8622,,,1,12,,8636,,,1,7,,8623,,,1,21,,8638,,,1,49,,8637,,,1,12,,8627,,,1,11,,8632,,,1,10,,8633,,,1,19,,8657,,,1,58,,8658,,,1,30,,8659,,,1,70,,8652,,,1,30,,8635,,,1,70,,8651,,,1,30,,8655,,,1,70,,8654,,,1,30,,8625,,,1,70,,8624,,,1,30,,8642,,,1,70,,8618,,,1,33,,8628,,,1,69,,8620,,,1,9,,8643,,,1,2,,8648,,,1,2,,8630,,,1,7,,8634,,,1,20,,8660,,,1,58,,8666,,,1,12,,8653,,,1,15,,8656,,,1,60,,8639,,,1,12,,8626,,,1,15,,8629,,,1,14,,8644,,,1,56,,8631,,,1,13,,8661,,,1,17,,8664,,,1,17,,8663,,,1,67,,8662,,,1,32,,8645,,,1,70,,8649,,,1,27,,8665,,,1,70,,8650,,,1,30,,8646,,,1,100,,8640,,,1,98,,8647,,,1,100,,8641,,,1
60801,'F8',1525,,19200,,,2,2,,19199,,,2
60801,'SE',1525,,10499,,,2,2,,10498,,,2
