3301,'F7',1617,,28825,1307,,,2,34,,28822,1307,,,2,67,,28823,1307,,,2,30,,28824,1307,,,2
3301,'SE',1617,,28836,1307,,,2,34,,28833,1307,,,2,67,,28834,1307,,,2,30,,28835,1307,,,2
7701,'DI',749,,35180,2472,0,25 26,1,100,,35183,2472,0,25 26,1,100,,35181,2472,0,25 26,1,100,,35184,2472,0,25 26,1,100,,35182,2472,0,25 26,1,100,,35179,2472,0,25 26,1,100,,35185,2472,0,25 26,1,100,,35188,2472,0,25 26,1,100,,35178,2472,0,25 26,1,100,,35189,2472,0,25 26,1,100,,35190,2472,0,25 26,1,100,,35191,2472,0,25 26,1,99,,35186,2472,0,25 26,1,100,,35192,2472,0,25 26,1,100,,35187,2472,0,25 26,1
7701,'F1',749,,35196,2472,0,25 26,1,100,,35198,2472,0,25 26,1,100,,35197,2472,0,25 26,1,100,,35199,2472,0,25 26,1,100,,35193,2472,0,25 26,1,100,,35200,2472,0,25 26,1,100,,35201,2472,0,25 26,1,97,,35194,2472,0,25 26,1,103,,35202,2472,0,25 26,1,99,,35204,2472,0,25 26,1,101,,35203,2472,0,25 26,1,100,,35205,2472,0,25 26,1,99,,35206,2472,0,25 26,1,100,,35195,2472,0,25 26,1,100,,35207,2472,0,25 26,1
7701,'F2',749,,35222,2472,0,25 26,1,100,,35213,2472,0,25 26,1,100,,35209,2472,0,25 26,1,100,,35214,2472,0,25 26,1,100,,35210,2472,0,25 26,1,100,,35212,2472,0,25 26,1,100,,35215,2472,0,25 26,1,97,,35208,2472,0,25 26,1,103,,35216,2472,0,25 26,1,99,,35218,2472,0,25 26,1,101,,35217,2472,0,25 26,1,100,,35219,2472,0,25 26,1,99,,35220,2472,0,25 26,1,100,,35211,2472,0,25 26,1,100,,35221,2472,0,25 26,1
7701,'F7',629,,35229,2472,0,25 26,1,11,,35225,2472,0,25 26,1,7,,35232,2472,0,25 26,1,7,,35235,2472,0,25 26,1,51,,35226,2472,0,25 26,1,2,,35238,2472,0,25 26,1,8,,35231,2472,0,25 26,1,18,,35236,2472,0,25 26,1,74,,35240,2472,0,25 26,1,28,,35233,2472,0,25 26,1,67,,35239,2472,0,25 26,1,5,,35227,2472,0,25 26,1,30,,35237,2472,0,25 26,1,70,,35241,2472,0,25 26,1,30,,35234,2472,0,25 26,1,70,,35228,2472,0,25 26,1,30,,35243,2472,0,25 26,1,71,,35242,2472,0,25 26,1,30,,35245,2472,0,25 26,1,71,,35246,2472,0,25 26,1,33,,35244,2472,0,25 26,1,70,,35247,2472,0,25 26,1,30,,35251,2472,0,25 26,1,68,,35253,2472,0,25 26,1,20,,35255,2472,0,25 26,1,20,,35258,2472,0,25 26,1,60,,35248,2472,0,25 26,1,20,,35252,2472,0,25 26,1,19,,35230,2472,0,25 26,1,58,,35254,2472,0,25 26,1,22,,35256,2472,0,25 26,1,71,,35259,2472,0,25 26,1,24,,35249,2472,0,25 26,1,33,,35257,2472,0,25 26,1,73,,35250,2472,0,25 26,1,70,,35260,2472,0,25 26,1,31,,35261,2472,0,25 26,1,71,,35224,2472,0,25 26,1,25,,35223,2472,0,25 26,1
7701,'F8',749,,35276,2472,0,25 26,1,100,,35267,2472,0,25 26,1,100,,35263,2472,0,25 26,1,100,,35268,2472,0,25 26,1,100,,35264,2472,0,25 26,1,100,,35266,2472,0,25 26,1,100,,35269,2472,0,25 26,1,97,,35262,2472,0,25 26,1,103,,35270,2472,0,25 26,1,99,,35272,2472,0,25 26,1,101,,35271,2472,0,25 26,1,100,,35273,2472,0,25 26,1,99,,35274,2472,0,25 26,1,100,,35265,2472,0,25 26,1,100,,35275,2472,0,25 26,1
7701,'F9',749,,35279,2472,0,25 26,1,100,,35282,2472,0,25 26,1,100,,35280,2472,0,25 26,1,100,,35283,2472,0,25 26,1,100,,35281,2472,0,25 26,1,100,,35278,2472,0,25 26,1,100,,35284,2472,0,25 26,1,100,,35287,2472,0,25 26,1,100,,35277,2472,0,25 26,1,100,,35288,2472,0,25 26,1,100,,35289,2472,0,25 26,1,100,,35290,2472,0,25 26,1,99,,35285,2472,0,25 26,1,100,,35291,2472,0,25 26,1,100,,35286,2472,0,25 26,1
7701,'SA',749,,35305,2472,0,25 26,1,100,,35296,2472,0,25 26,1,100,,35293,2472,0,25 26,1,100,,35297,2472,0,25 26,1,100,,13757,2472,0,25 26,1,100,,35295,2472,0,25 26,1,100,,35298,2472,0,25 26,1,97,,35292,2472,0,25 26,1,103,,35299,2472,0,25 26,1,99,,35301,2472,0,25 26,1,101,,35300,2472,0,25 26,1,100,,35302,2472,0,25 26,1,99,,35303,2472,0,25 26,1,100,,35294,2472,0,25 26,1,100,,35304,2472,0,25 26,1
7701,'SE',629,,35312,2472,0,25 26,1,11,,35308,2472,0,25 26,1,7,,35315,2472,0,25 26,1,7,,35318,2472,0,25 26,1,51,,35309,2472,0,25 26,1,2,,35321,2472,0,25 26,1,8,,35314,2472,0,25 26,1,18,,35319,2472,0,25 26,1,74,,35323,2472,0,25 26,1,28,,35316,2472,0,25 26,1,67,,35322,2472,0,25 26,1,5,,35310,2472,0,25 26,1,30,,35320,2472,0,25 26,1,70,,35324,2472,0,25 26,1,30,,35317,2472,0,25 26,1,70,,35311,2472,0,25 26,1,30,,35326,2472,0,25 26,1,71,,35325,2472,0,25 26,1,30,,35328,2472,0,25 26,1,71,,35329,2472,0,25 26,1,33,,35327,2472,0,25 26,1,70,,35330,2472,0,25 26,1,30,,35334,2472,0,25 26,1,68,,35336,2472,0,25 26,1,20,,35338,2472,0,25 26,1,20,,35341,2472,0,25 26,1,60,,35331,2472,0,25 26,1,20,,35335,2472,0,25 26,1,19,,35313,2472,0,25 26,1,58,,35337,2472,0,25 26,1,22,,35339,2472,0,25 26,1,71,,13794,2472,0,25 26,1,24,,35332,2472,0,25 26,1,33,,35340,2472,0,25 26,1,73,,35333,2472,0,25 26,1,70,,35342,2472,0,25 26,1,31,,35343,2472,0,25 26,1,71,,35307,2472,0,25 26,1,25,,35306,2472,0,25 26,1
