1401,'F7',609,,24311,8611,,,1,31,,24313,8611,,,1,60,,24316,8611,,,1,16,,24315,8611,,,1,16,,24318,8611,,,1,13,,24312,8611,,,1,55,,24309,8611,,,1,14,,24314,8611,,,1,14,,24317,8611,,,1,16,,24320,8611,,,1,56,,24310,8611,,,1,21,,24319,8611,,,1
1401,'SE',609,,24339,8611,,,1,31,,24341,8611,,,1,60,,24344,8611,,,1,16,,24343,8611,,,1,16,,24346,8611,,,1,13,,24340,8611,,,1,55,,24337,8611,,,1,14,,24342,8611,,,1,14,,24345,8611,,,1,16,,24348,8611,,,1,56,,24338,8611,,,1,21,,24347,8611,,,1
4600,'F7',645,,30387,4167,,,2,60,,30391,4167,,,2,16,,30388,4167,,,2,14,,30384,4167,,,2,17,,30392,4167,,,2,63,,30389,4167,,,2,20,,30393,4167,,,2,100,,30390,4167,,,2,100,,30381,4167,,,2,100,,30401,4167,,,2,100,,30385,4167,,,2,100,,30383,4167,,,2,100,,30399,4167,,,2,100,,30398,4167,,,2,72,,30382,4167,,,2,18,,30396,4167,,,2,22,,30394,4167,,,2,60,,30386,4167,,,2,15,,30397,4167,,,2,15,,30395,4167,,,2,20,,30380,4167,,,2,62,,30400,4167,,,2
4600,'SE',645,,30409,4167,,,2,60,,30413,4167,,,2,16,,30410,4167,,,2,14,,30406,4167,,,2,17,,30414,4167,,,2,63,,30411,4167,,,2,20,,30415,4167,,,2,100,,30412,4167,,,2,100,,30403,4167,,,2,100,,30423,4167,,,2,100,,30407,4167,,,2,100,,30405,4167,,,2,100,,30421,4167,,,2,100,,30420,4167,,,2,72,,30404,4167,,,2,18,,30418,4167,,,2,22,,30416,4167,,,2,60,,30408,4167,,,2,15,,30419,4167,,,2,15,,30417,4167,,,2,20,,30402,4167,,,2,62,,30422,4167,,,2
54600,'F7',1640,,40697,10008,,,2
54600,'SE',1640,,40698,10008,,,2
68900,'F7',1617,,40906,4076,,,2,1,,40907,4076,,,2
68900,'SE',1617,,40908,4076,,,2,1,,40909,4076,,,2
69201,'F7',849,,40932,6757,,,2
69201,'SE',849,,40933,6757,,,2
