8001,'DI',648,,35550,2164,,,1,100,,35551,2164,,,1,100,,35552,2164,,,1,100,,35553,2164,,,1,100,,35554,2164,,,1,100,,35555,2164,,,1,100,,35556,2164,,,1,100,,35557,2164,,,1,100,,35558,2164,,,1,100,,35559,2164,,,1,100,,35560,2164,,,1,102,,35561,2164,,,1,100,,35562,2164,,,1,100,,35563,2164,,,1,100,,35564,2164,,,1,100,,35565,2164,,,1,100,,35566,2164,,,1,100,,35567,2164,,,1
8001,'F1',649,,35575,2164,,,1,100,,35576,2164,,,1,100,,35577,2164,,,1,100,,35578,2164,,,1,100,,35579,2164,,,1,101,,14023,2164,,,1,100,,35580,2164,,,1,100,,35581,2164,,,1,100,,35582,2164,,,1,100,,35583,2164,,,1,100,,35584,2164,,,1,100,,35585,2164,,,1,99,,35586,2164,,,1,100,,35571,2164,,,1,100,,35572,2164,,,1,100,,35569,2164,,,1,100,,35573,2164,,,1,100,,35570,2164,,,1
8001,'F2',649,,35587,2164,,,1,100,,35588,2164,,,1,100,,35589,2164,,,1,100,,35590,2164,,,1,100,,35591,2164,,,1,101,,35592,2164,,,1,100,,35593,2164,,,1,100,,35594,2164,,,1,100,,35595,2164,,,1,100,,35596,2164,,,1,100,,35597,2164,,,1,100,,35598,2164,,,1,99,,35599,2164,,,1,100,,35600,2164,,,1,100,,35601,2164,,,1,100,,35602,2164,,,1,100,,35603,2164,,,1,100,,35604,2164,,,1
8001,'F7',545,,35628,2164,,,1,70,,35611,2164,,,1,36,,35607,2164,,,1,70,,35610,2164,,,1,30,,35608,2164,,,1,70,,35606,2164,,,1,32,,35629,2164,,,1,97,,35612,2164,,,1,100,,35613,2164,,,1,100,,35614,2164,,,1,100,,35615,2164,,,1,100,,35616,2164,,,1,100,,35617,2164,,,1,102,,35618,2164,,,1,65,,35619,2164,,,1,35,,35630,2164,,,1,70,,35620,2164,,,1,24,,35609,2164,,,1,89,,35621,2164,,,1,93,,35622,2164,,,1,100,,35623,2164,,,1,99,,35624,2164,,,1,100,,35625,2164,,,1,100,,35626,2164,,,1
8001,'F8',649,,35631,2164,,,1,100,,35632,2164,,,1,100,,35633,2164,,,1,100,,35634,2164,,,1,100,,35635,2164,,,1,101,,35636,2164,,,1,100,,35637,2164,,,1,100,,35638,2164,,,1,100,,35639,2164,,,1,100,,35640,2164,,,1,100,,35641,2164,,,1,100,,35642,2164,,,1,99,,35643,2164,,,1,100,,35644,2164,,,1,100,,35645,2164,,,1,100,,35646,2164,,,1,100,,35647,2164,,,1,100,,35648,2164,,,1
8001,'F9',648,,35650,2164,,,1,100,,35651,2164,,,1,100,,35652,2164,,,1,100,,35653,2164,,,1,100,,35654,2164,,,1,100,,35655,2164,,,1,100,,35656,2164,,,1,100,,35657,2164,,,1,100,,35658,2164,,,1,100,,35659,2164,,,1,100,,35660,2164,,,1,102,,35661,2164,,,1,100,,35662,2164,,,1,100,,35663,2164,,,1,100,,35664,2164,,,1,100,,35665,2164,,,1,100,,35666,2164,,,1,100,,35667,2164,,,1
8001,'SA',649,,35669,2164,,,1,100,,35670,2164,,,1,100,,35671,2164,,,1,100,,35672,2164,,,1,100,,35673,2164,,,1,101,,35674,2164,,,1,100,,35675,2164,,,1,100,,35676,2164,,,1,100,,35677,2164,,,1,100,,35678,2164,,,1,100,,35679,2164,,,1,100,,35680,2164,,,1,99,,35681,2164,,,1,100,,35682,2164,,,1,100,,35683,2164,,,1,100,,35684,2164,,,1,100,,35685,2164,,,1,100,,35686,2164,,,1
8001,'SE',545,,35709,2164,,,1,70,,35693,2164,,,1,36,,35689,2164,,,1,70,,35692,2164,,,1,30,,35690,2164,,,1,70,,35688,2164,,,1,32,,35710,2164,,,1,97,,35694,2164,,,1,100,,35695,2164,,,1,100,,35696,2164,,,1,100,,35697,2164,,,1,100,,35698,2164,,,1,100,,35699,2164,,,1,102,,35700,2164,,,1,65,,35701,2164,,,1,35,,35711,2164,,,1,70,,35702,2164,,,1,24,,35691,2164,,,1,89,,35703,2164,,,1,93,,14127,2164,,,1,100,,35704,2164,,,1,99,,35705,2164,,,1,100,,35706,2164,,,1,100,,35707,2164,,,1
18001,'F7',633,,38951,2984,,,2,24,,38955,2984,,,2,53,,38954,2984,,,2,17,,38956,2984,,,2,12,,38953,2984,,,2,18,,38952,2984,,,2,58,,38949,2984,,,2,816,,38958,2984,,,2,71,,38959,2984,,,2,30,,38950,2984,,,2,24,,38957,2984,,,2
18001,'SE',633,,38962,2984,,,2,24,,38966,2984,,,2,53,,38965,2984,,,2,17,,38967,2984,,,2,12,,38964,2984,,,2,18,,38963,2984,,,2,58,,38960,2984,,,2,816,,38969,2984,,,2,71,,38970,2984,,,2,30,,38961,2984,,,2,24,,38968,2984,,,2
