4301,'DI',802,,29856,2358,0,40 41,1,100,,29849,2358,0,40 41,1,100,,29850,2358,0,40 41,1,100,,29851,2358,0,40 41,1,101,,29852,2358,0,40 41,1,99,,29841,2358,0,40 41,1,100,,29842,2358,0,40 41,1,100,,29847,2358,0,40 41,1,100,,29848,2358,0,40 41,1,100,,29853,2358,0,40 41,1,100,,29843,2358,0,40 41,1,100,,29844,2358,0,40 41,1,100,,29845,2358,0,40 41,1,100,,29854,2358,0,40 41,1,100,,29846,2358,0,40 41,1,100,,29857,2358,0,40 41,1,100,,29855,2358,0,40 41,1,100,,29858,2358,0,40 41,1
4301,'F1',702,,29868,2358,0,40 41,1,100,,29859,2358,0,40 41,1,100,,29869,2358,0,40 41,1,100,,29876,2358,0,40 41,1,100,,29870,2358,0,40 41,1,100,,29874,2358,0,40 41,1,100,,29861,2358,0,40 41,1,100,,29873,2358,0,40 41,1,100,,29871,2358,0,40 41,1,100,,29875,2358,0,40 41,1,100,,29877,2358,0,40 41,1,100,,29860,2358,0,40 41,1,100,,29863,2358,0,40 41,1,100,,29864,2358,0,40 41,1,100,,29872,2358,0,40 41,1,100,,29865,2358,0,40 41,1,100,,29862,2358,0,40 41,1,100,,29866,2358,0,40 41,1,100,,29867,2358,0,40 41,1
4301,'F2',702,,29886,2358,0,40 41,1,100,,29880,2358,0,40 41,1,100,,29895,2358,0,40 41,1,100,,29891,2358,0,40 41,1,100,,29896,2358,0,40 41,1,100,,29878,2358,0,40 41,1,100,,29885,2358,0,40 41,1,100,,29888,2358,0,40 41,1,100,,29894,2358,0,40 41,1,100,,29879,2358,0,40 41,1,100,,29887,2358,0,40 41,1,100,,29883,2358,0,40 41,1,100,,29889,2358,0,40 41,1,100,,29881,2358,0,40 41,1,100,,29892,2358,0,40 41,1,100,,29884,2358,0,40 41,1,100,,29882,2358,0,40 41,1,100,,29890,2358,0,40 41,1,100,,29893,2358,0,40 41,1
4301,'F7',649,,29914,2358,0,40 41,1,73,,29917,2358,0,40 41,1,33,,29898,2358,0,40 41,1,62,,29908,2358,0,40 41,1,40,,29918,2358,0,40 41,1,65,,29897,2358,0,40 41,1,30,,29915,2358,0,40 41,1,100,,29919,2358,0,40 41,1,100,,29899,2358,0,40 41,1,100,,29907,2358,0,40 41,1,100,,29900,2358,0,40 41,1,96,,29916,2358,0,40 41,1,74,,29912,2358,0,40 41,1,27,,29901,2358,0,40 41,1,81,,29902,2358,0,40 41,1,26,,29904,2358,0,40 41,1,68,,29913,2358,0,40 41,1,31,,29910,2358,0,40 41,1,70,,29906,2358,0,40 41,1,30,,29909,2358,0,40 41,1,100,,29922,2358,0,40 41,1,100,,29903,2358,0,40 41,1,100,,29905,2358,0,40 41,1,99,,29920,2358,0,40 41,1,100,,29911,2358,0,40 41,1,100,,29921,2358,0,40 41,1
4301,'F8',702,,29931,2358,0,40 41,1,100,,29925,2358,0,40 41,1,100,,29940,2358,0,40 41,1,100,,29936,2358,0,40 41,1,100,,29941,2358,0,40 41,1,100,,29923,2358,0,40 41,1,100,,29930,2358,0,40 41,1,100,,29933,2358,0,40 41,1,100,,29939,2358,0,40 41,1,100,,29924,2358,0,40 41,1,100,,29932,2358,0,40 41,1,100,,29928,2358,0,40 41,1,100,,29934,2358,0,40 41,1,100,,29926,2358,0,40 41,1,100,,29937,2358,0,40 41,1,100,,29929,2358,0,40 41,1,100,,29927,2358,0,40 41,1,100,,29935,2358,0,40 41,1,100,,29938,2358,0,40 41,1
4301,'F9',802,,29957,2358,0,40 41,1,100,,29950,2358,0,40 41,1,100,,29951,2358,0,40 41,1,100,,29952,2358,0,40 41,1,101,,29953,2358,0,40 41,1,99,,29942,2358,0,40 41,1,100,,29943,2358,0,40 41,1,100,,29948,2358,0,40 41,1,100,,29949,2358,0,40 41,1,100,,29954,2358,0,40 41,1,100,,29944,2358,0,40 41,1,100,,29945,2358,0,40 41,1,100,,29946,2358,0,40 41,1,100,,29955,2358,0,40 41,1,100,,29947,2358,0,40 41,1,100,,29958,2358,0,40 41,1,100,,29956,2358,0,40 41,1,100,,29959,2358,0,40 41,1
4301,'SA',702,,29968,2358,0,40 41,1,100,,29962,2358,0,40 41,1,100,,29976,2358,0,40 41,1,100,,29973,2358,0,40 41,1,100,,29977,2358,0,40 41,1,100,,29960,2358,0,40 41,1,100,,29967,2358,0,40 41,1,100,,29970,2358,0,40 41,1,100,,8946,2358,0,40 41,1,100,,29961,2358,0,40 41,1,100,,29969,2358,0,40 41,1,100,,29965,2358,0,40 41,1,100,,29971,2358,0,40 41,1,100,,29963,2358,0,40 41,1,100,,29974,2358,0,40 41,1,100,,29966,2358,0,40 41,1,100,,29964,2358,0,40 41,1,100,,29972,2358,0,40 41,1,100,,29975,2358,0,40 41,1
4301,'SE',649,,29995,2358,0,40 41,1,73,,29998,2358,0,40 41,1,33,,29979,2358,0,40 41,1,62,,29989,2358,0,40 41,1,40,,29999,2358,0,40 41,1,65,,29978,2358,0,40 41,1,30,,29996,2358,0,40 41,1,100,,30000,2358,0,40 41,1,100,,29980,2358,0,40 41,1,100,,29988,2358,0,40 41,1,100,,29981,2358,0,40 41,1,96,,29997,2358,0,40 41,1,74,,29993,2358,0,40 41,1,27,,29982,2358,0,40 41,1,81,,29983,2358,0,40 41,1,26,,29985,2358,0,40 41,1,68,,29994,2358,0,40 41,1,31,,29991,2358,0,40 41,1,70,,29987,2358,0,40 41,1,30,,29990,2358,0,40 41,1,100,,30003,2358,0,40 41,1,100,,29984,2358,0,40 41,1,100,,29986,2358,0,40 41,1,99,,30001,2358,0,40 41,1,100,,29992,2358,0,40 41,1,100,,30002,2358,0,40 41,1
53600,'F7',1633,,40674,6165,4,,2
53600,'SE',1633,,40675,6165,4,,2
54201,'F7',901,,40692,2424,,,2
54201,'SE',901,,40693,2424,,,2
69601,'F7',844,,40962,5165,,,2,1,,40963,5165,,,2
69601,'SE',844,,40964,5165,,,2,1,,40965,5165,,,2
