4101,'DI',732,,29270,3090,0,40 41,1,100,,29274,3090,0,40 41,1,101,,29264,3090,0,40 41,1,100,,29260,3090,0,40 41,1,100,,29271,3090,0,40 41,1,100,,29261,3090,0,40 41,1,100,,29272,3090,0,40 41,1,100,,29265,3090,0,40 41,1,100,,29257,3090,0,40 41,1,102,,29262,3090,0,40 41,1,98,,29266,3090,0,40 41,1,100,,29258,3090,0,40 41,1,100,,29267,3090,0,40 41,1,100,,29259,3090,0,40 41,1,100,,29263,3090,0,40 41,1,99,,29268,3090,0,40 41,1,100,,29273,3090,0,40 41,1,100,,29269,3090,0,40 41,1,100,,29275,3090,0,40 41,1
4101,'F1',732,,29292,3090,0,40 41,1,100,,29294,3090,0,40 41,1,101,,29279,3090,0,40 41,1,101,,29288,3090,0,40 41,1,99,,29276,3090,0,40 41,1,100,,29289,3090,0,40 41,1,100,,29277,3090,0,40 41,1,100,,29290,3090,0,40 41,1,100,,29280,3090,0,40 41,1,100,,29285,3090,0,40 41,1,100,,29281,3090,0,40 41,1,100,,29286,3090,0,40 41,1,100,,29282,3090,0,40 41,1,100,,29291,3090,0,40 41,1,100,,29283,3090,0,40 41,1,99,,29293,3090,0,40 41,1,100,,29287,3090,0,40 41,1,100,,29278,3090,0,40 41,1,100,,29284,3090,0,40 41,1
4101,'F2',732,,29298,3090,0,40 41,1,100,,29311,3090,0,40 41,1,101,,29299,3090,0,40 41,1,101,,29304,3090,0,40 41,1,99,,29312,3090,0,40 41,1,100,,29305,3090,0,40 41,1,100,,29300,3090,0,40 41,1,100,,29306,3090,0,40 41,1,100,,29301,3090,0,40 41,1,100,,29297,3090,0,40 41,1,100,,29302,3090,0,40 41,1,100,,29295,3090,0,40 41,1,100,,29307,3090,0,40 41,1,100,,29296,3090,0,40 41,1,100,,29313,3090,0,40 41,1,99,,29308,3090,0,40 41,1,100,,29303,3090,0,40 41,1,100,,29309,3090,0,40 41,1,100,,29310,3090,0,40 41,1
4101,'F7',703,,29314,3090,0,40 41,1,30,,29331,3090,0,40 41,1,70,,29325,3090,0,40 41,1,35,,29326,3090,0,40 41,1,65,,29332,3090,0,40 41,1,30,,29333,3090,0,40 41,1,100,,29328,3090,0,40 41,1,100,,29334,3090,0,40 41,1,100,,29329,3090,0,40 41,1,100,,29318,3090,0,40 41,1,101,,29337,3090,0,40 41,1,74,,29338,3090,0,40 41,1,25,,29335,3090,0,40 41,1,67,,29321,3090,0,40 41,1,38,,29327,3090,0,40 41,1,66,,29316,3090,0,40 41,1,29,,29319,3090,0,40 41,1,71,,29339,3090,0,40 41,1,29,,29324,3090,0,40 41,1,100,,29315,3090,0,40 41,1,99,,29330,3090,0,40 41,1,100,,29317,3090,0,40 41,1,100,,29322,3090,0,40 41,1,100,,29336,3090,0,40 41,1,100,,29323,3090,0,40 41,1,100,,29320,3090,0,40 41,1
4101,'F8',732,,29343,3090,0,40 41,1,100,,29356,3090,0,40 41,1,101,,29344,3090,0,40 41,1,101,,29349,3090,0,40 41,1,99,,29357,3090,0,40 41,1,100,,29350,3090,0,40 41,1,100,,29345,3090,0,40 41,1,100,,29351,3090,0,40 41,1,100,,29346,3090,0,40 41,1,100,,29342,3090,0,40 41,1,100,,29347,3090,0,40 41,1,100,,29340,3090,0,40 41,1,100,,29352,3090,0,40 41,1,100,,29341,3090,0,40 41,1,100,,29358,3090,0,40 41,1,99,,29353,3090,0,40 41,1,100,,29348,3090,0,40 41,1,100,,29354,3090,0,40 41,1,100,,29355,3090,0,40 41,1
4101,'F9',732,,29372,3090,0,40 41,1,100,,29376,3090,0,40 41,1,101,,29366,3090,0,40 41,1,100,,29362,3090,0,40 41,1,100,,29373,3090,0,40 41,1,100,,29363,3090,0,40 41,1,100,,29374,3090,0,40 41,1,100,,29367,3090,0,40 41,1,100,,29359,3090,0,40 41,1,102,,29364,3090,0,40 41,1,98,,29368,3090,0,40 41,1,100,,29360,3090,0,40 41,1,100,,29369,3090,0,40 41,1,100,,29361,3090,0,40 41,1,100,,29365,3090,0,40 41,1,99,,29370,3090,0,40 41,1,100,,29375,3090,0,40 41,1,100,,29371,3090,0,40 41,1,100,,29377,3090,0,40 41,1
4101,'SA',732,,29381,3090,0,40 41,1,100,,29394,3090,0,40 41,1,101,,29382,3090,0,40 41,1,101,,29387,3090,0,40 41,1,99,,29395,3090,0,40 41,1,100,,29388,3090,0,40 41,1,100,,29383,3090,0,40 41,1,100,,29389,3090,0,40 41,1,100,,29384,3090,0,40 41,1,100,,29380,3090,0,40 41,1,100,,29385,3090,0,40 41,1,100,,29378,3090,0,40 41,1,100,,29390,3090,0,40 41,1,100,,29379,3090,0,40 41,1,100,,29396,3090,0,40 41,1,99,,29391,3090,0,40 41,1,100,,29386,3090,0,40 41,1,100,,29392,3090,0,40 41,1,100,,29393,3090,0,40 41,1
4101,'SE',703,,29397,3090,0,40 41,1,30,,29414,3090,0,40 41,1,70,,29408,3090,0,40 41,1,35,,29409,3090,0,40 41,1,65,,29415,3090,0,40 41,1,30,,29416,3090,0,40 41,1,100,,29411,3090,0,40 41,1,100,,29417,3090,0,40 41,1,100,,29412,3090,0,40 41,1,100,,29401,3090,0,40 41,1,101,,29420,3090,0,40 41,1,74,,29421,3090,0,40 41,1,25,,29418,3090,0,40 41,1,67,,29404,3090,0,40 41,1,38,,29410,3090,0,40 41,1,66,,29399,3090,0,40 41,1,29,,29402,3090,0,40 41,1,71,,29422,3090,0,40 41,1,29,,29407,3090,0,40 41,1,100,,29398,3090,0,40 41,1,99,,29413,3090,0,40 41,1,100,,29400,3090,0,40 41,1,100,,29405,3090,0,40 41,1,100,,29419,3090,0,40 41,1,100,,29406,3090,0,40 41,1,100,,29403,3090,0,40 41,1
54600,'F7',1639,,40697,9576,,,2
54600,'SE',1639,,40698,9576,,,2
68400,'F7',1620,,40899,4575,,,2,1,,40898,4575,,,2
68400,'SE',1620,,40901,4575,,,2,1,,40900,4575,,,2
69201,'F7',848,,40932,6325,,,2
69201,'SE',848,,40933,6325,,,2
