1601,'DI',547,,2579,,,2,100,,2580,,,2,70,,2552,,,2,30,,2581,,,2,70,,2553,,,2,30,,2558,,,2,70,,2554,,,2,30,,2559,,,2,70,,2555,,,2,30,,2560,,,2,70,,2556,,,2,30,,2561,,,2,68,,2557,,,2,32,,2562,,,2,73,,2551,,,2,27,,2563,,,2,70,,2575,,,2,30,,2564,,,2,70,,2576,,,2,30,,2565,,,2,70,,2577,,,2,30,,2566,,,2,70,,2578,,,2,30,,2567,,,2,100,,2568,,,2,100,,2569,,,2,100,,2570,,,2,100,,2571,,,2,100,,2572,,,2,100,,2573,,,2,100,,2574,,,2
1601,'F1',547,,2582,,,2,100,,2583,,,2,68,,2600,,,2,32,,2584,,,2,70,,2601,,,2,30,,2585,,,2,70,,2602,,,2,30,,2586,,,2,70,,2603,,,2,30,,2587,,,2,70,,2604,,,2,30,,2588,,,2,70,,2605,,,2,30,,2589,,,2,70,,2606,,,2,30,,2590,,,2,70,,2607,,,2,30,,2591,,,2,70,,2608,,,2,30,,2592,,,2,70,,2609,,,2,30,,2593,,,2,67,,2610,,,2,33,,2594,,,2,100,,2595,,,2,100,,2596,,,2,100,,2597,,,2,100,,2598,,,2,100,,2599,,,2,100,,2611,,,2,100,,2612,,,2
1601,'F7',547,,12823,,,2,100,,12824,,,2,70,,12796,,,2,30,,12825,,,2,70,,12797,,,2,30,,12802,,,2,70,,12798,,,2,30,,12803,,,2,70,,12799,,,2,30,,12804,,,2,70,,12800,,,2,30,,12805,,,2,68,,12801,,,2,32,,12806,,,2,73,,12795,,,2,27,,12807,,,2,70,,12819,,,2,30,,12808,,,2,70,,12820,,,2,30,,12809,,,2,70,,12821,,,2,30,,12810,,,2,70,,12822,,,2,30,,12811,,,2,100,,12812,,,2,100,,12813,,,2,100,,12814,,,2,100,,12815,,,2,100,,12816,,,2,100,,12817,,,2,100,,12818,,,2
1601,'F8',515,,12865,,,2,30,,12845,,,2,55,,12837,,,2,17,,12839,,,2,15,,12866,,,2,13,,12846,,,2,12,,12829,,,2,50,,12872,,,2,6,,12842,,,2,8,,12840,,,2,6,,12873,,,2,5,,12848,,,2,5,,12867,,,2,3,,12849,,,2,6,,12828,,,2,11,,12831,,,2,50,,12830,,,2,10,,12847,,,2,9,,12843,,,2,15,,12874,,,2,13,,12878,,,2,65,,12827,,,2,30,,12863,,,2,70,,12868,,,2,30,,12841,,,2,70,,12838,,,2,30,,12876,,,2,70,,12844,,,2,30,,12875,,,2,70,,12869,,,2,30,,12826,,,2,70,,12870,,,2,30,,12833,,,2,59,,12864,,,2,21,,12834,,,2,15,,12856,,,2,15,,12858,,,2,55,,12871,,,2,15,,12857,,,2,11,,12881,,,2,12,,12877,,,2,52,,12860,,,2,12,,12861,,,2,12,,12836,,,2,24,,12862,,,2,61,,12835,,,2,27,,12859,,,2,80,,12832,,,2,28,,12850,,,2,70,,12879,,,2,28,,12851,,,2,70,,12880,,,2,30,,12852,,,2,99,,12853,,,2,100,,12854,,,2,100,,12855,,,2
1601,'F9',547,,12882,,,2,100,,12883,,,2,68,,12900,,,2,32,,12884,,,2,70,,12901,,,2,30,,12885,,,2,70,,12902,,,2,30,,12886,,,2,70,,12903,,,2,30,,12887,,,2,70,,12904,,,2,30,,12888,,,2,70,,12905,,,2,30,,12889,,,2,70,,12906,,,2,30,,12890,,,2,70,,12907,,,2,30,,12891,,,2,70,,12908,,,2,30,,12892,,,2,70,,12909,,,2,30,,12893,,,2,67,,12910,,,2,33,,12894,,,2,100,,12895,,,2,100,,12896,,,2,100,,12897,,,2,100,,12898,,,2,100,,12899,,,2,100,,12911,,,2,100,,12912,,,2
1601,'SA',547,,2613,,,2,100,,2614,,,2,68,,2631,,,2,32,,2615,,,2,70,,2632,,,2,30,,2616,,,2,70,,2633,,,2,30,,2617,,,2,70,,2634,,,2,30,,2618,,,2,70,,2635,,,2,30,,2619,,,2,70,,2636,,,2,30,,2620,,,2,70,,2637,,,2,30,,2621,,,2,70,,2638,,,2,30,,2622,,,2,70,,2639,,,2,30,,2623,,,2,70,,2640,,,2,30,,2624,,,2,67,,2641,,,2,33,,2625,,,2,100,,2626,,,2,100,,2627,,,2,100,,2628,,,2,100,,2629,,,2,100,,2630,,,2,100,,2642,,,2,100,,2643,,,2
1601,'SE',515,,2683,,,2,30,,2663,,,2,55,,2655,,,2,17,,2657,,,2,15,,2684,,,2,13,,2664,,,2,12,,2647,,,2,50,,2690,,,2,6,,2660,,,2,8,,2658,,,2,6,,2691,,,2,5,,2666,,,2,5,,2685,,,2,3,,2667,,,2,6,,2646,,,2,11,,2649,,,2,50,,2648,,,2,10,,2665,,,2,9,,2661,,,2,15,,2692,,,2,13,,2696,,,2,65,,2645,,,2,30,,2681,,,2,70,,2686,,,2,30,,2659,,,2,70,,2656,,,2,30,,2694,,,2,70,,2662,,,2,30,,2693,,,2,70,,2687,,,2,30,,2644,,,2,70,,2688,,,2,30,,2651,,,2,59,,2682,,,2,21,,2652,,,2,15,,2674,,,2,15,,2676,,,2,55,,2689,,,2,15,,2675,,,2,11,,2699,,,2,12,,2695,,,2,52,,2678,,,2,12,,2679,,,2,12,,2654,,,2,24,,2680,,,2,61,,2653,,,2,27,,2677,,,2,80,,2650,,,2,28,,2668,,,2,70,,2697,,,2,28,,2669,,,2,70,,2698,,,2,30,,2670,,,2,99,,2671,,,2,100,,2672,,,2,100,,2673,,,2
7301,'DI',513,,6983,,,2,30,,6985,,,2,70,,6984,,,2,30,,6980,,,2,70,,6999,,,2,36,,6981,,,2,71,,7000,,,2,30,,6996,,,2,74,,7001,,,2,31,,6997,,,2,69,,6982,,,2,30,,6993,,,2,70,,6986,,,2,30,,6987,,,2,70,,6995,,,2,30,,6990,,,2,70,,6979,,,2,32,,6971,,,2,70,,6969,,,2,30,,6998,,,2,70,,6977,,,2,30,,6973,,,2,69,,6994,,,2,31,,6988,,,2,68,,6974,,,2,31,,6978,,,2,70,,6970,,,2,33,,6991,,,2,96,,7002,,,2,99,,6989,,,2,98,,6975,,,2,100,,6976,,,2,100,,6992,,,2,100,,6972,,,2
7301,'F1',513,,7032,,,2,30,,7021,,,2,70,,7033,,,2,30,,7027,,,2,70,,7034,,,2,36,,7028,,,2,71,,7003,,,2,29,,7035,,,2,75,,7004,,,2,30,,7036,,,2,70,,7018,,,2,30,,7022,,,2,70,,7025,,,2,30,,7017,,,2,70,,7013,,,2,30,,7008,,,2,70,,7005,,,2,31,,7029,,,2,70,,7023,,,2,30,,7019,,,2,70,,7009,,,2,30,,7014,,,2,70,,7026,,,2,25,,7006,,,2,73,,7011,,,2,34,,7007,,,2,73,,7012,,,2,25,,7010,,,2,98,,7020,,,2,102,,7015,,,2,96,,7030,,,2,100,,7031,,,2,100,,7024,,,2,100,,7016,,,2
7301,'F7',513,,16308,,,2,30,,16310,,,2,70,,16309,,,2,30,,16305,,,2,70,,16324,,,2,36,,16306,,,2,71,,16325,,,2,30,,16321,,,2,74,,16326,,,2,31,,16322,,,2,69,,16307,,,2,30,,16318,,,2,70,,16311,,,2,30,,16312,,,2,70,,16320,,,2,30,,16315,,,2,70,,16304,,,2,32,,16296,,,2,70,,16294,,,2,30,,16323,,,2,70,,16302,,,2,30,,16298,,,2,69,,16319,,,2,31,,16313,,,2,68,,16299,,,2,31,,16303,,,2,70,,16295,,,2,33,,16316,,,2,96,,16327,,,2,99,,16314,,,2,98,,16300,,,2,100,,16301,,,2,100,,16317,,,2,100,,16297,,,2
7301,'F8',500,,16341,,,2,20,,16345,,,2,20,,16391,,,2,15,,16328,,,2,52,,16358,,,2,12,,16346,,,2,10,,16386,,,2,11,,16332,,,2,10,,16344,,,2,8,,16362,,,2,46,,16355,,,2,6,,16359,,,2,6,,16389,,,2,6,,16395,,,2,6,,16396,,,2,6,,16360,,,2,6,,16330,,,2,6,,16383,,,2,6,,16390,,,2,48,,16329,,,2,7,,16334,,,2,7,,16378,,,2,8,,16338,,,2,7,,16361,,,2,10,,16367,,,2,9,,16349,,,2,10,,16342,,,2,55,,16392,,,2,20,,16363,,,2,20,,16357,,,2,60,,16368,,,2,20,,16335,,,2,20,,16364,,,2,60,,16393,,,2,20,,16379,,,2,22,,16336,,,2,60,,16369,,,2,20,,16348,,,2,20,,16377,,,2,60,,16337,,,2,20,,16394,,,2,20,,16365,,,2,60,,16370,,,2,20,,16350,,,2,20,,16354,,,2,62,,16371,,,2,20,,16331,,,2,64,,16356,,,2,22,,16384,,,2,21,,16366,,,2,15,,16351,,,2,56,,16380,,,2,24,,16372,,,2,15,,16388,,,2,61,,16352,,,2,22,,16385,,,2,21,,16387,,,2,66,,16353,,,2,30,,16333,,,2,69,,16339,,,2,30,,16376,,,2,70,,16343,,,2,30,,16347,,,2,70,,16340,,,2,30,,16381,,,2,70,,16382,,,2,30,,16373,,,2,66,,16375,,,2,30,,16374,,,2
7301,'F9',513,,16426,,,2,30,,16415,,,2,70,,16427,,,2,30,,16421,,,2,70,,16428,,,2,36,,16422,,,2,71,,16397,,,2,29,,16429,,,2,75,,16398,,,2,30,,16430,,,2,70,,16412,,,2,30,,16416,,,2,70,,16419,,,2,30,,16411,,,2,70,,16407,,,2,30,,16402,,,2,70,,16399,,,2,31,,16423,,,2,70,,16417,,,2,30,,16413,,,2,70,,16403,,,2,30,,16408,,,2,70,,16420,,,2,25,,16400,,,2,73,,16405,,,2,34,,16401,,,2,73,,16406,,,2,25,,16404,,,2,98,,16414,,,2,102,,16409,,,2,96,,16424,,,2,100,,16425,,,2,100,,16418,,,2,100,,16410,,,2
7301,'SA',513,,7066,,,2,30,,7055,,,2,70,,7067,,,2,30,,7061,,,2,70,,7068,,,2,36,,7062,,,2,71,,7037,,,2,29,,7069,,,2,75,,7038,,,2,30,,7070,,,2,70,,7052,,,2,30,,7056,,,2,70,,7059,,,2,30,,7051,,,2,70,,7047,,,2,30,,7042,,,2,70,,7039,,,2,31,,7063,,,2,70,,7057,,,2,30,,7053,,,2,70,,7043,,,2,30,,7048,,,2,70,,7060,,,2,25,,7040,,,2,73,,7045,,,2,34,,7041,,,2,73,,7046,,,2,25,,7044,,,2,98,,7054,,,2,102,,7049,,,2,96,,7064,,,2,100,,7065,,,2,100,,7058,,,2,100,,7050,,,2
7301,'SE',500,,7084,,,2,20,,7088,,,2,20,,7134,,,2,15,,7071,,,2,52,,7101,,,2,12,,7089,,,2,10,,7129,,,2,11,,7075,,,2,10,,7087,,,2,8,,7105,,,2,46,,7098,,,2,6,,7102,,,2,6,,7132,,,2,6,,7138,,,2,6,,7139,,,2,6,,7103,,,2,6,,7073,,,2,6,,7126,,,2,6,,7133,,,2,48,,7072,,,2,7,,7077,,,2,7,,7121,,,2,8,,7081,,,2,7,,7104,,,2,10,,7110,,,2,9,,7092,,,2,10,,7085,,,2,55,,7135,,,2,20,,7106,,,2,20,,7100,,,2,60,,7111,,,2,20,,7078,,,2,20,,7107,,,2,60,,7136,,,2,20,,7122,,,2,22,,7079,,,2,60,,7112,,,2,20,,7091,,,2,20,,7120,,,2,60,,7080,,,2,20,,7137,,,2,20,,7108,,,2,60,,7113,,,2,20,,7093,,,2,20,,7097,,,2,62,,7114,,,2,20,,7074,,,2,64,,7099,,,2,22,,7127,,,2,21,,7109,,,2,15,,7094,,,2,56,,7123,,,2,24,,7115,,,2,15,,7131,,,2,61,,7095,,,2,22,,7128,,,2,21,,7130,,,2,66,,7096,,,2,30,,7076,,,2,69,,7082,,,2,30,,7119,,,2,70,,7086,,,2,30,,7090,,,2,70,,7083,,,2,30,,7124,,,2,70,,7125,,,2,30,,7116,,,2,66,,7118,,,2,30,,7117,,,2
57201,'F8',848,,19184,,,2
57201,'SE',848,,10483,,,2
