300,'DI',654,,20635,1775,,,1,100,,488,1775,,,1,100,,20636,1775,,,1,100,,489,1775,,,1,100,,20637,1775,,,1,100,,490,1775,,,1,100,,20638,1775,,,1,100,,491,1775,,,1,100,,492,1775,,,1,100,,493,1775,,,1,100,,494,1775,,,1,100,,495,1775,,,1,100,,20628,1775,,,1,100,,20629,1775,,,1,100,,20630,1775,,,1,100,,20631,1775,,,1,100,,20632,1775,,,1,100,,20633,1775,,,1,100,,20634,1775,,,1
300,'F1',624,,20656,1775,,,1,30,,20661,1775,,,1,70,,20657,1775,,,1,30,,20670,1775,,,1,70,,20658,1775,,,1,30,,20662,1775,,,1,70,,20659,1775,,,1,30,,20663,1775,,,1,70,,20660,1775,,,1,30,,20664,1775,,,1,70,,20667,1775,,,1,30,,20665,1775,,,1,70,,20668,1775,,,1,30,,20645,1775,,,1,70,,20669,1775,,,1,30,,20666,1775,,,1,70,,20651,1775,,,1,30,,20639,1775,,,1,70,,20652,1775,,,1,30,,20640,1775,,,1,70,,20653,1775,,,1,30,,20641,1775,,,1,70,,20654,1775,,,1,30,,20642,1775,,,1,70,,20655,1775,,,1,30,,20643,1775,,,1,100,,20644,1775,,,1,100,,20646,1775,,,1,100,,20647,1775,,,1,100,,20648,1775,,,1,100,,20649,1775,,,1,100,,20650,1775,,,1
300,'F2',624,,20671,1775,,,1,30,,20687,1775,,,1,70,,20672,1775,,,1,30,,20678,1775,,,1,70,,20673,1775,,,1,30,,20688,1775,,,1,70,,20674,1775,,,1,30,,20689,1775,,,1,70,,20675,1775,,,1,30,,20679,1775,,,1,70,,20676,1775,,,1,30,,20680,1775,,,1,70,,20677,1775,,,1,30,,20696,1775,,,1,70,,20690,1775,,,1,30,,20681,1775,,,1,70,,20691,1775,,,1,30,,20697,1775,,,1,70,,20692,1775,,,1,30,,20698,1775,,,1,70,,20693,1775,,,1,30,,20699,1775,,,1,70,,20694,1775,,,1,30,,20700,1775,,,1,70,,20695,1775,,,1,30,,20701,1775,,,1,100,,20682,1775,,,1,100,,20683,1775,,,1,100,,20684,1775,,,1,100,,20685,1775,,,1,100,,20702,1775,,,1,100,,20686,1775,,,1
300,'F7',542,,20717,1775,,,1,82,,20719,1775,,,1,80,,20703,1775,,,1,40,,20704,1775,,,1,81,,20731,1775,,,1,29,,20726,1775,,,1,70,,20720,1775,,,1,30,,20727,1775,,,1,70,,20721,1775,,,1,30,,20705,1775,,,1,70,,20722,1775,,,1,30,,20706,1775,,,1,70,,20723,1775,,,1,30,,20707,1775,,,1,70,,20724,1775,,,1,30,,20708,1775,,,1,70,,20725,1775,,,1,30,,20709,1775,,,1,61,,20732,1775,,,1,18,,20739,1775,,,1,22,,20710,1775,,,1,61,,20730,1775,,,1,22,,20740,1775,,,1,18,,20714,1775,,,1,59,,20718,1775,,,1,20,,20738,1775,,,1,20,,20737,1775,,,1,72,,20733,1775,,,1,27,,20735,1775,,,1,70,,20734,1775,,,1,30,,20736,1775,,,1,70,,20715,1775,,,1,30,,20713,1775,,,1,70,,20716,1775,,,1,30,,20728,1775,,,1,100,,20729,1775,,,1,100,,20711,1775,,,1,100,,20712,1775,,,1
300,'F8',624,,20741,1775,,,1,30,,20757,1775,,,1,70,,20742,1775,,,1,30,,20748,1775,,,1,70,,20743,1775,,,1,30,,20758,1775,,,1,70,,20744,1775,,,1,30,,20759,1775,,,1,70,,20745,1775,,,1,30,,20749,1775,,,1,70,,20746,1775,,,1,30,,20750,1775,,,1,70,,20747,1775,,,1,30,,20766,1775,,,1,70,,20760,1775,,,1,30,,20751,1775,,,1,70,,20761,1775,,,1,30,,20767,1775,,,1,70,,20762,1775,,,1,30,,20768,1775,,,1,70,,20763,1775,,,1,30,,20769,1775,,,1,70,,20764,1775,,,1,30,,20770,1775,,,1,70,,20765,1775,,,1,30,,20771,1775,,,1,100,,20752,1775,,,1,100,,20753,1775,,,1,100,,20754,1775,,,1,100,,20755,1775,,,1,100,,20772,1775,,,1,100,,20756,1775,,,1
300,'F9',654,,20788,1775,,,1,100,,20773,1775,,,1,100,,20789,1775,,,1,100,,20774,1775,,,1,100,,20790,1775,,,1,100,,20775,1775,,,1,100,,20791,1775,,,1,100,,20776,1775,,,1,100,,20777,1775,,,1,100,,20778,1775,,,1,100,,20779,1775,,,1,100,,20780,1775,,,1,100,,20781,1775,,,1,100,,20782,1775,,,1,100,,20783,1775,,,1,100,,20784,1775,,,1,100,,20785,1775,,,1,100,,20786,1775,,,1,100,,20787,1775,,,1
300,'SA',624,,20792,1775,,,1,30,,20808,1775,,,1,70,,20793,1775,,,1,30,,20799,1775,,,1,70,,20794,1775,,,1,30,,20809,1775,,,1,70,,20795,1775,,,1,30,,20810,1775,,,1,70,,20796,1775,,,1,30,,20800,1775,,,1,70,,20797,1775,,,1,30,,20801,1775,,,1,70,,20798,1775,,,1,30,,20811,1775,,,1,70,,624,1775,,,1,30,,20802,1775,,,1,70,,625,1775,,,1,30,,20812,1775,,,1,70,,626,1775,,,1,30,,20813,1775,,,1,70,,627,1775,,,1,30,,20814,1775,,,1,70,,628,1775,,,1,30,,20815,1775,,,1,70,,629,1775,,,1,30,,20816,1775,,,1,100,,20803,1775,,,1,100,,20804,1775,,,1,100,,20805,1775,,,1,100,,20806,1775,,,1,100,,20817,1775,,,1,100,,20807,1775,,,1
300,'SE',542,,20832,1775,,,1,82,,20834,1775,,,1,80,,20818,1775,,,1,40,,20819,1775,,,1,81,,20846,1775,,,1,29,,20841,1775,,,1,70,,20835,1775,,,1,30,,20842,1775,,,1,70,,20836,1775,,,1,30,,20820,1775,,,1,70,,20837,1775,,,1,30,,20821,1775,,,1,70,,20838,1775,,,1,30,,20822,1775,,,1,70,,20839,1775,,,1,30,,20823,1775,,,1,70,,20840,1775,,,1,30,,20824,1775,,,1,61,,20847,1775,,,1,18,,20854,1775,,,1,22,,20825,1775,,,1,61,,20845,1775,,,1,22,,20855,1775,,,1,18,,20829,1775,,,1,59,,20833,1775,,,1,20,,20853,1775,,,1,20,,20852,1775,,,1,72,,20848,1775,,,1,27,,20850,1775,,,1,70,,20849,1775,,,1,30,,20851,1775,,,1,70,,20830,1775,,,1,30,,20828,1775,,,1,70,,20831,1775,,,1,30,,20843,1775,,,1,100,,20844,1775,,,1,100,,20826,1775,,,1,100,,20827,1775,,,1
401,'DI',701,,21399,1717,,,1,30,,21385,1717,,,1,70,,21392,1717,,,1,32,,21405,1717,,,1,70,,21407,1717,,,1,30,,21386,1717,,,1,70,,21393,1717,,,1,30,,21406,1717,,,1,70,,21408,1717,,,1,30,,21387,1717,,,1,70,,21413,1717,,,1,30,,21414,1717,,,1,70,,21409,1717,,,1,31,,21388,1717,,,1,69,,21394,1717,,,1,30,,21416,1717,,,1,70,,21397,1717,,,1,32,,21389,1717,,,1,69,,21395,1717,,,1,30,,21417,1717,,,1,74,,21398,1717,,,1,25,,21410,1717,,,1,70,,21415,1717,,,1,30,,21412,1717,,,1,70,,21390,1717,,,1,31,,21411,1717,,,1,69,,21400,1717,,,1,30,,21383,1717,,,1,70,,21396,1717,,,1,100,,21402,1717,,,1,100,,21404,1717,,,1,100,,21401,1717,,,1
401,'F1',701,,21423,1717,,,1,30,,21419,1717,,,1,70,,21427,1717,,,1,32,,21448,1717,,,1,70,,21424,1717,,,1,30,,21420,1717,,,1,70,,21438,1717,,,1,30,,21449,1717,,,1,70,,1236,1717,,,1,30,,21446,1717,,,1,70,,21428,1717,,,1,30,,21450,1717,,,1,70,,21431,1717,,,1,30,,21439,1717,,,1,70,,21421,1717,,,1,30,,21430,1717,,,1,70,,21447,1717,,,1,30,,21440,1717,,,1,70,,21436,1717,,,1,30,,21441,1717,,,1,70,,21435,1717,,,1,30,,21444,1717,,,1,70,,21445,1717,,,1,30,,21422,1717,,,1,70,,21433,1717,,,1,30,,21443,1717,,,1,70,,21432,1717,,,1,30,,21437,1717,,,1,70,,21425,1717,,,1,100,,21442,1717,,,1,100,,1223,1717,,,1,100,,21434,1717,,,1
401,'F2',701,,21456,1717,,,1,30,,21453,1717,,,1,70,,21460,1717,,,1,32,,21462,1717,,,1,70,,21457,1717,,,1,30,,21454,1717,,,1,70,,21480,1717,,,1,30,,21463,1717,,,1,70,,21474,1717,,,1,30,,21484,1717,,,1,70,,21472,1717,,,1,30,,21483,1717,,,1,70,,21467,1717,,,1,30,,21451,1717,,,1,70,,21464,1717,,,1,30,,21475,1717,,,1,70,,21485,1717,,,1,30,,21482,1717,,,1,70,,21471,1717,,,1,30,,21477,1717,,,1,70,,21470,1717,,,1,30,,21458,1717,,,1,70,,21476,1717,,,1,30,,21466,1717,,,1,70,,21455,1717,,,1,30,,21479,1717,,,1,70,,21465,1717,,,1,30,,21478,1717,,,1,70,,21481,1717,,,1,100,,21473,1717,,,1,100,,21469,1717,,,1,100,,21468,1717,,,1
401,'F7',616,,21512,1717,,,1,21,,21488,1717,,,1,69,,21486,1717,,,1,32,,21489,1717,,,1,73,,21521,1717,,,1,30,,21497,1717,,,1,73,,21504,1717,,,1,30,,21513,1717,,,1,70,,21523,1717,,,1,30,,21515,1717,,,1,70,,21490,1717,,,1,30,,21508,1717,,,1,70,,21511,1717,,,1,32,,21509,1717,,,1,70,,21498,1717,,,1,30,,21507,1717,,,1,66,,21487,1717,,,1,34,,21519,1717,,,1,55,,21516,1717,,,1,23,,21491,1717,,,1,22,,21510,1717,,,1,59,,21493,1717,,,1,20,,21494,1717,,,1,21,,21514,1717,,,1,58,,21522,1717,,,1,20,,21518,1717,,,1,24,,21503,1717,,,1,58,,21517,1717,,,1,27,,21492,1717,,,1,70,,21520,1717,,,1,27,,21500,1717,,,1,70,,21495,1717,,,1,30,,21506,1717,,,1,70,,21524,1717,,,1,30,,21525,1717,,,1,100,,21496,1717,,,1,100,,21502,1717,,,1,100,,21505,1717,,,1
401,'F8',701,,21531,1717,,,1,30,,21528,1717,,,1,70,,21535,1717,,,1,32,,21537,1717,,,1,70,,21532,1717,,,1,30,,21529,1717,,,1,70,,21555,1717,,,1,30,,21538,1717,,,1,70,,21549,1717,,,1,30,,21559,1717,,,1,70,,21547,1717,,,1,30,,21558,1717,,,1,70,,21542,1717,,,1,30,,21526,1717,,,1,70,,21539,1717,,,1,30,,21550,1717,,,1,70,,21560,1717,,,1,30,,21557,1717,,,1,70,,21546,1717,,,1,30,,21552,1717,,,1,70,,21545,1717,,,1,30,,21533,1717,,,1,70,,21551,1717,,,1,30,,21541,1717,,,1,70,,21530,1717,,,1,30,,21554,1717,,,1,70,,21540,1717,,,1,30,,21553,1717,,,1,70,,21556,1717,,,1,100,,21548,1717,,,1,100,,21544,1717,,,1,100,,21543,1717,,,1
401,'F9',701,,21577,1717,,,1,30,,21563,1717,,,1,70,,21570,1717,,,1,32,,21583,1717,,,1,70,,21585,1717,,,1,30,,21564,1717,,,1,70,,21571,1717,,,1,30,,21584,1717,,,1,70,,21586,1717,,,1,30,,21565,1717,,,1,70,,21591,1717,,,1,30,,21592,1717,,,1,70,,21587,1717,,,1,31,,21566,1717,,,1,69,,21572,1717,,,1,30,,21594,1717,,,1,70,,21575,1717,,,1,32,,21567,1717,,,1,69,,21573,1717,,,1,30,,21595,1717,,,1,74,,21576,1717,,,1,25,,21588,1717,,,1,70,,21593,1717,,,1,30,,21590,1717,,,1,70,,21568,1717,,,1,31,,21589,1717,,,1,69,,21578,1717,,,1,30,,21561,1717,,,1,70,,21574,1717,,,1,100,,21580,1717,,,1,100,,21582,1717,,,1,100,,21579,1717,,,1
401,'SA',701,,1358,1717,,,1,30,,21597,1717,,,1,70,,1361,1717,,,1,32,,1363,1717,,,1,70,,1359,1717,,,1,30,,21598,1717,,,1,70,,21616,1717,,,1,30,,1364,1717,,,1,70,,21610,1717,,,1,30,,21620,1717,,,1,70,,21608,1717,,,1,30,,21619,1717,,,1,70,,21603,1717,,,1,30,,1356,1717,,,1,70,,1365,1717,,,1,30,,21611,1717,,,1,70,,21621,1717,,,1,30,,21618,1717,,,1,70,,21607,1717,,,1,30,,21613,1717,,,1,70,,21606,1717,,,1,30,,21600,1717,,,1,70,,21612,1717,,,1,30,,21602,1717,,,1,70,,21599,1717,,,1,30,,21615,1717,,,1,70,,21601,1717,,,1,30,,21614,1717,,,1,70,,21617,1717,,,1,100,,21609,1717,,,1,100,,21605,1717,,,1,100,,21604,1717,,,1
401,'SE',616,,21647,1717,,,1,21,,21624,1717,,,1,69,,21622,1717,,,1,32,,21625,1717,,,1,73,,21653,1717,,,1,30,,21633,1717,,,1,73,,21640,1717,,,1,30,,1417,1717,,,1,70,,21655,1717,,,1,30,,21649,1717,,,1,70,,21626,1717,,,1,30,,21644,1717,,,1,70,,1416,1717,,,1,32,,21645,1717,,,1,70,,21634,1717,,,1,30,,21643,1717,,,1,66,,21623,1717,,,1,34,,21651,1717,,,1,55,,1420,1717,,,1,23,,21627,1717,,,1,22,,21646,1717,,,1,59,,21629,1717,,,1,20,,21630,1717,,,1,21,,21648,1717,,,1,58,,21654,1717,,,1,20,,21650,1717,,,1,24,,21639,1717,,,1,58,,1421,1717,,,1,27,,21628,1717,,,1,70,,21652,1717,,,1,27,,21636,1717,,,1,70,,21631,1717,,,1,30,,21642,1717,,,1,70,,21656,1717,,,1,30,,21657,1717,,,1,100,,21632,1717,,,1,100,,21638,1717,,,1,100,,21641,1717,,,1
900,'F7',649,,23441,1775,0,58 7,2,70,,23442,1775,0,58 7,2,30,,23443,1775,0,58 7,2,860,,23447,1775,0,58 7,2,33,,23446,1775,0,58 7,2,67,,23448,1775,0,58 7,2,30,,23444,1775,0,58 7,2,70,,23445,1775,0,58 7,2
900,'SE',649,,23449,1775,0,58 7,2,70,,23450,1775,0,58 7,2,30,,23451,1775,0,58 7,2,860,,23454,1775,0,58 7,2,33,,23453,1775,0,58 7,2,67,,23455,1775,0,58 7,2,30,,3071,1775,0,58 7,2,70,,23452,1775,0,58 7,2
1900,'DI',619,,25744,1775,0,9,2,100,,25745,1775,0,9,2,100,,25746,1775,0,9,2,104,,25747,1775,0,9,2,100,,25748,1775,0,9,2,100,,25749,1775,0,9,2,100,,25750,1775,0,9,2,100,,25751,1775,0,9,2,100,,25752,1775,0,9,2,100,,25753,1775,0,9,2,100,,25754,1775,0,9,2,100,,25755,1775,0,9,2,100,,25756,1775,0,9,2,100,,25757,1775,0,9,2,100,,25758,1775,0,9,2,100,,25759,1775,0,9,2,100,,25760,1775,0,9,2,100,,25761,1775,0,9,2,100,,25762,1775,0,9,2,100,,25743,1775,0,9,2
1900,'F1',619,,25778,1775,0,9,2,30,,25775,1775,0,9,2,70,,25779,1775,0,9,2,30,,25776,1775,0,9,2,70,,25780,1775,0,9,2,30,,25777,1775,0,9,2,74,,25768,1775,0,9,2,30,,25763,1775,0,9,2,70,,25769,1775,0,9,2,30,,25764,1775,0,9,2,70,,25770,1775,0,9,2,30,,25765,1775,0,9,2,70,,25771,1775,0,9,2,30,,25766,1775,0,9,2,70,,25772,1775,0,9,2,30,,25773,1775,0,9,2,70,,5153,1775,0,9,2,30,,25774,1775,0,9,2,70,,5154,1775,0,9,2,30,,25781,1775,0,9,2,70,,5155,1775,0,9,2,30,,25782,1775,0,9,2,70,,5156,1775,0,9,2,30,,25783,1775,0,9,2,70,,5157,1775,0,9,2,100,,25784,1775,0,9,2,100,,25785,1775,0,9,2,100,,25786,1775,0,9,2,100,,25787,1775,0,9,2,100,,25788,1775,0,9,2,100,,25789,1775,0,9,2,100,,25767,1775,0,9,2
1900,'F2',619,,25790,1775,0,9,2,30,,25799,1775,0,9,2,70,,25791,1775,0,9,2,30,,25800,1775,0,9,2,70,,25792,1775,0,9,2,30,,25801,1775,0,9,2,74,,25793,1775,0,9,2,30,,25802,1775,0,9,2,70,,25794,1775,0,9,2,30,,25803,1775,0,9,2,70,,25795,1775,0,9,2,30,,25815,1775,0,9,2,70,,25796,1775,0,9,2,30,,25816,1775,0,9,2,70,,25797,1775,0,9,2,30,,25817,1775,0,9,2,70,,25798,1775,0,9,2,30,,25818,1775,0,9,2,70,,25804,1775,0,9,2,30,,25819,1775,0,9,2,70,,25805,1775,0,9,2,30,,25820,1775,0,9,2,70,,25806,1775,0,9,2,30,,25821,1775,0,9,2,70,,25807,1775,0,9,2,100,,25808,1775,0,9,2,100,,25809,1775,0,9,2,100,,25810,1775,0,9,2,100,,25811,1775,0,9,2,100,,25812,1775,0,9,2,100,,25813,1775,0,9,2,100,,25814,1775,0,9,2
1900,'F7',542,,25841,1775,0,9,2,76,,25860,1775,0,9,2,27,,25842,1775,0,9,2,12,,25843,1775,0,9,2,52,,25825,1775,0,9,2,12,,25840,1775,0,9,2,15,,25822,1775,0,9,2,21,,25839,1775,0,9,2,60,,25826,1775,0,9,2,32,,25823,1775,0,9,2,74,,25854,1775,0,9,2,30,,25824,1775,0,9,2,70,,25827,1775,0,9,2,30,,25844,1775,0,9,2,70,,25828,1775,0,9,2,30,,25845,1775,0,9,2,70,,25848,1775,0,9,2,30,,25846,1775,0,9,2,70,,25849,1775,0,9,2,31,,25847,1775,0,9,2,70,,25850,1775,0,9,2,30,,25838,1775,0,9,2,67,,25863,1775,0,9,2,21,,25861,1775,0,9,2,62,,25858,1775,0,9,2,20,,25855,1775,0,9,2,20,,25859,1775,0,9,2,59,,25851,1775,0,9,2,17,,25852,1775,0,9,2,23,,25864,1775,0,9,2,60,,25833,1775,0,9,2,24,,25853,1775,0,9,2,26,,25829,1775,0,9,2,70,,25856,1775,0,9,2,30,,25830,1775,0,9,2,70,,25857,1775,0,9,2,30,,25831,1775,0,9,2,70,,25862,1775,0,9,2,30,,25832,1775,0,9,2,70,,25834,1775,0,9,2,100,,25835,1775,0,9,2,100,,25836,1775,0,9,2,100,,25837,1775,0,9,2
1900,'F8',619,,25865,1775,0,9,2,30,,25874,1775,0,9,2,70,,25866,1775,0,9,2,30,,25875,1775,0,9,2,70,,25867,1775,0,9,2,30,,25876,1775,0,9,2,74,,25868,1775,0,9,2,30,,25877,1775,0,9,2,70,,25869,1775,0,9,2,30,,25878,1775,0,9,2,70,,25870,1775,0,9,2,30,,25890,1775,0,9,2,70,,25871,1775,0,9,2,30,,25891,1775,0,9,2,70,,25872,1775,0,9,2,30,,25892,1775,0,9,2,70,,25873,1775,0,9,2,30,,25893,1775,0,9,2,70,,25879,1775,0,9,2,30,,25894,1775,0,9,2,70,,25880,1775,0,9,2,30,,25895,1775,0,9,2,70,,25881,1775,0,9,2,30,,25896,1775,0,9,2,70,,25882,1775,0,9,2,100,,25883,1775,0,9,2,100,,25884,1775,0,9,2,100,,25885,1775,0,9,2,100,,25886,1775,0,9,2,100,,25887,1775,0,9,2,100,,25888,1775,0,9,2,100,,25889,1775,0,9,2
1900,'F9',619,,25898,1775,0,9,2,100,,25899,1775,0,9,2,100,,25900,1775,0,9,2,104,,25901,1775,0,9,2,100,,25902,1775,0,9,2,100,,25903,1775,0,9,2,100,,25904,1775,0,9,2,100,,25905,1775,0,9,2,100,,25906,1775,0,9,2,100,,25907,1775,0,9,2,100,,25908,1775,0,9,2,100,,25909,1775,0,9,2,100,,25910,1775,0,9,2,100,,25911,1775,0,9,2,100,,25912,1775,0,9,2,100,,25913,1775,0,9,2,100,,25914,1775,0,9,2,100,,25915,1775,0,9,2,100,,25916,1775,0,9,2,100,,25897,1775,0,9,2
1900,'SA',619,,25917,1775,0,9,2,30,,25926,1775,0,9,2,70,,25918,1775,0,9,2,30,,25927,1775,0,9,2,70,,25919,1775,0,9,2,30,,25928,1775,0,9,2,74,,25920,1775,0,9,2,30,,25929,1775,0,9,2,70,,25921,1775,0,9,2,30,,25930,1775,0,9,2,70,,25922,1775,0,9,2,30,,25942,1775,0,9,2,70,,25923,1775,0,9,2,30,,25943,1775,0,9,2,70,,25924,1775,0,9,2,30,,25944,1775,0,9,2,70,,25925,1775,0,9,2,30,,25945,1775,0,9,2,70,,25931,1775,0,9,2,30,,25946,1775,0,9,2,70,,25932,1775,0,9,2,30,,25947,1775,0,9,2,70,,25933,1775,0,9,2,30,,25948,1775,0,9,2,70,,25934,1775,0,9,2,100,,25935,1775,0,9,2,100,,25936,1775,0,9,2,100,,25937,1775,0,9,2,100,,25938,1775,0,9,2,100,,25939,1775,0,9,2,100,,25940,1775,0,9,2,100,,25941,1775,0,9,2
1900,'SE',542,,25968,1775,0,9,2,76,,25987,1775,0,9,2,27,,25969,1775,0,9,2,12,,25970,1775,0,9,2,52,,25952,1775,0,9,2,12,,25967,1775,0,9,2,15,,25949,1775,0,9,2,21,,25966,1775,0,9,2,60,,25953,1775,0,9,2,32,,25950,1775,0,9,2,74,,25981,1775,0,9,2,30,,25951,1775,0,9,2,70,,25954,1775,0,9,2,30,,25971,1775,0,9,2,70,,25955,1775,0,9,2,30,,25972,1775,0,9,2,70,,25975,1775,0,9,2,30,,25973,1775,0,9,2,70,,25976,1775,0,9,2,31,,25974,1775,0,9,2,70,,25977,1775,0,9,2,30,,25965,1775,0,9,2,67,,25990,1775,0,9,2,21,,25988,1775,0,9,2,62,,25985,1775,0,9,2,20,,25982,1775,0,9,2,20,,25986,1775,0,9,2,59,,25978,1775,0,9,2,17,,25979,1775,0,9,2,23,,25991,1775,0,9,2,60,,25960,1775,0,9,2,24,,25980,1775,0,9,2,26,,25956,1775,0,9,2,70,,25983,1775,0,9,2,30,,25957,1775,0,9,2,70,,25984,1775,0,9,2,30,,25958,1775,0,9,2,70,,25989,1775,0,9,2,30,,25959,1775,0,9,2,70,,25961,1775,0,9,2,100,,25962,1775,0,9,2,100,,25963,1775,0,9,2,100,,25964,1775,0,9,2
2100,'DI',556,,26733,1717,0,12 13,1,69,,26735,1717,0,12 13,1,30,,26737,1717,0,12 13,1,70,,26728,1717,0,12 13,1,31,,26729,1717,0,12 13,1,70,,26734,1717,0,12 13,1,30,,26718,1717,0,12 13,1,67,,26731,1717,0,12 13,1,33,,26744,1717,0,12 13,1,70,,26742,1717,0,12 13,1,32,,26732,1717,0,12 13,1,67,,26719,1717,0,12 13,1,31,,26738,1717,0,12 13,1,70,,26730,1717,0,12 13,1,30,,26736,1717,0,12 13,1,70,,26745,1717,0,12 13,1,30,,26743,1717,0,12 13,1,70,,26720,1717,0,12 13,1,30,,26722,1717,0,12 13,1,70,,26711,1717,0,12 13,1,30,,26725,1717,0,12 13,1,70,,26721,1717,0,12 13,1,30,,26705,1717,0,12 13,1,70,,26712,1717,0,12 13,1,30,,26726,1717,0,12 13,1,70,,26709,1717,0,12 13,1,30,,26706,1717,0,12 13,1,70,,26708,1717,0,12 13,1,30,,26740,1717,0,12 13,1,70,,26723,1717,0,12 13,1,30,,26713,1717,0,12 13,1,70,,26727,1717,0,12 13,1,30,,26714,1717,0,12 13,1,70,,26716,1717,0,12 13,1,30,,26739,1717,0,12 13,1,70,,26741,1717,0,12 13,1,30,,26707,1717,0,12 13,1,70,,26724,1717,0,12 13,1,30,,26715,1717,0,12 13,1
2100,'F1',556,,26772,1717,0,12 13,1,70,,6049,1717,0,12 13,1,30,,26775,1717,0,12 13,1,70,,26757,1717,0,12 13,1,30,,26746,1717,0,12 13,1,70,,6039,1717,0,12 13,1,30,,26761,1717,0,12 13,1,65,,26766,1717,0,12 13,1,31,,26752,1717,0,12 13,1,74,,6050,1717,0,12 13,1,33,,26763,1717,0,12 13,1,63,,26754,1717,0,12 13,1,34,,26758,1717,0,12 13,1,70,,26753,1717,0,12 13,1,30,,26764,1717,0,12 13,1,70,,26776,1717,0,12 13,1,30,,26779,1717,0,12 13,1,70,,26771,1717,0,12 13,1,30,,26765,1717,0,12 13,1,70,,26773,1717,0,12 13,1,30,,26759,1717,0,12 13,1,70,,26755,1717,0,12 13,1,30,,26762,1717,0,12 13,1,70,,26774,1717,0,12 13,1,30,,26760,1717,0,12 13,1,70,,26756,1717,0,12 13,1,30,,6027,1717,0,12 13,1,70,,26749,1717,0,12 13,1,30,,26767,1717,0,12 13,1,70,,26770,1717,0,12 13,1,30,,26777,1717,0,12 13,1,70,,6028,1717,0,12 13,1,30,,26747,1717,0,12 13,1,70,,26768,1717,0,12 13,1,30,,26780,1717,0,12 13,1,70,,26778,1717,0,12 13,1,30,,26769,1717,0,12 13,1,70,,26748,1717,0,12 13,1,29,,26750,1717,0,12 13,1
2100,'F2',556,,26802,1717,0,12 13,1,70,,26811,1717,0,12 13,1,30,,26812,1717,0,12 13,1,70,,26800,1717,0,12 13,1,30,,26815,1717,0,12 13,1,70,,26803,1717,0,12 13,1,30,,26790,1717,0,12 13,1,65,,26785,1717,0,12 13,1,31,,26799,1717,0,12 13,1,74,,26804,1717,0,12 13,1,33,,26786,1717,0,12 13,1,63,,26791,1717,0,12 13,1,34,,26795,1717,0,12 13,1,70,,26808,1717,0,12 13,1,30,,26813,1717,0,12 13,1,70,,26805,1717,0,12 13,1,30,,26816,1717,0,12 13,1,70,,26809,1717,0,12 13,1,30,,26814,1717,0,12 13,1,70,,26806,1717,0,12 13,1,30,,26818,1717,0,12 13,1,70,,26792,1717,0,12 13,1,30,,26817,1717,0,12 13,1,70,,26807,1717,0,12 13,1,30,,26819,1717,0,12 13,1,70,,26781,1717,0,12 13,1,30,,26796,1717,0,12 13,1,70,,26810,1717,0,12 13,1,30,,26793,1717,0,12 13,1,70,,26801,1717,0,12 13,1,30,,26787,1717,0,12 13,1,70,,26797,1717,0,12 13,1,30,,26783,1717,0,12 13,1,70,,26794,1717,0,12 13,1,30,,26821,1717,0,12 13,1,70,,26788,1717,0,12 13,1,30,,26820,1717,0,12 13,1,70,,26784,1717,0,12 13,1,29,,26782,1717,0,12 13,1
2100,'F7',541,,26825,1717,0,12 13,1,12,,26827,1717,0,12 13,1,50,,26859,1717,0,12 13,1,20,,26863,1717,0,12 13,1,14,,26826,1717,0,12 13,1,64,,26834,1717,0,12 13,1,11,,26828,1717,0,12 13,1,17,,26860,1717,0,12 13,1,23,,26835,1717,0,12 13,1,60,,26872,1717,0,12 13,1,20,,26861,1717,0,12 13,1,21,,26854,1717,0,12 13,1,70,,26856,1717,0,12 13,1,32,,26864,1717,0,12 13,1,70,,26862,1717,0,12 13,1,30,,26822,1717,0,12 13,1,70,,26848,1717,0,12 13,1,30,,26850,1717,0,12 13,1,70,,26829,1717,0,12 13,1,30,,26865,1717,0,12 13,1,69,,26873,1717,0,12 13,1,28,,26857,1717,0,12 13,1,76,,26855,1717,0,12 13,1,10,,26849,1717,0,12 13,1,17,,26845,1717,0,12 13,1,55,,26837,1717,0,12 13,1,15,,26830,1717,0,12 13,1,15,,26866,1717,0,12 13,1,15,,26858,1717,0,12 13,1,56,,26842,1717,0,12 13,1,19,,26869,1717,0,12 13,1,17,,26868,1717,0,12 13,1,10,,26846,1717,0,12 13,1,54,,26838,1717,0,12 13,1,15,,26831,1717,0,12 13,1,14,,26867,1717,0,12 13,1,15,,26847,1717,0,12 13,1,55,,26843,1717,0,12 13,1,20,,26870,1717,0,12 13,1,20,,26852,1717,0,12 13,1,60,,26839,1717,0,12 13,1,30,,26853,1717,0,12 13,1,70,,26823,1717,0,12 13,1,30,,26851,1717,0,12 13,1,70,,26844,1717,0,12 13,1,100,,26840,1717,0,12 13,1,100,,26871,1717,0,12 13,1,100,,26824,1717,0,12 13,1,100,,26841,1717,0,12 13,1
2100,'F8',556,,26895,1717,0,12 13,1,70,,26904,1717,0,12 13,1,30,,26905,1717,0,12 13,1,70,,26893,1717,0,12 13,1,30,,26908,1717,0,12 13,1,70,,26896,1717,0,12 13,1,30,,26883,1717,0,12 13,1,65,,26878,1717,0,12 13,1,31,,26892,1717,0,12 13,1,74,,26897,1717,0,12 13,1,33,,26879,1717,0,12 13,1,63,,26884,1717,0,12 13,1,34,,26888,1717,0,12 13,1,70,,26901,1717,0,12 13,1,30,,26906,1717,0,12 13,1,70,,26898,1717,0,12 13,1,30,,26909,1717,0,12 13,1,70,,26902,1717,0,12 13,1,30,,26907,1717,0,12 13,1,70,,26899,1717,0,12 13,1,30,,26911,1717,0,12 13,1,70,,26885,1717,0,12 13,1,30,,26910,1717,0,12 13,1,70,,26900,1717,0,12 13,1,30,,26912,1717,0,12 13,1,70,,26874,1717,0,12 13,1,30,,26889,1717,0,12 13,1,70,,26903,1717,0,12 13,1,30,,26886,1717,0,12 13,1,70,,26894,1717,0,12 13,1,30,,26880,1717,0,12 13,1,70,,26890,1717,0,12 13,1,30,,26876,1717,0,12 13,1,70,,26887,1717,0,12 13,1,30,,26914,1717,0,12 13,1,70,,26881,1717,0,12 13,1,30,,26913,1717,0,12 13,1,70,,26877,1717,0,12 13,1,29,,26875,1717,0,12 13,1
2100,'F9',556,,26943,1717,0,12 13,1,69,,26945,1717,0,12 13,1,30,,26947,1717,0,12 13,1,70,,26938,1717,0,12 13,1,31,,26939,1717,0,12 13,1,70,,26944,1717,0,12 13,1,30,,26928,1717,0,12 13,1,67,,26941,1717,0,12 13,1,33,,26954,1717,0,12 13,1,70,,26952,1717,0,12 13,1,32,,26942,1717,0,12 13,1,67,,26929,1717,0,12 13,1,31,,26948,1717,0,12 13,1,70,,26940,1717,0,12 13,1,30,,26946,1717,0,12 13,1,70,,26955,1717,0,12 13,1,30,,26953,1717,0,12 13,1,70,,26930,1717,0,12 13,1,30,,26932,1717,0,12 13,1,70,,26921,1717,0,12 13,1,30,,26935,1717,0,12 13,1,70,,26931,1717,0,12 13,1,30,,26915,1717,0,12 13,1,70,,26922,1717,0,12 13,1,30,,26936,1717,0,12 13,1,70,,26919,1717,0,12 13,1,30,,26916,1717,0,12 13,1,70,,26918,1717,0,12 13,1,30,,26950,1717,0,12 13,1,70,,26933,1717,0,12 13,1,30,,26923,1717,0,12 13,1,70,,26937,1717,0,12 13,1,30,,26924,1717,0,12 13,1,70,,26926,1717,0,12 13,1,30,,26949,1717,0,12 13,1,70,,26951,1717,0,12 13,1,30,,26917,1717,0,12 13,1,70,,26934,1717,0,12 13,1,30,,26925,1717,0,12 13,1
2100,'SA',556,,26977,1717,0,12 13,1,70,,26986,1717,0,12 13,1,30,,26987,1717,0,12 13,1,70,,26975,1717,0,12 13,1,30,,26988,1717,0,12 13,1,70,,26978,1717,0,12 13,1,30,,26965,1717,0,12 13,1,65,,26960,1717,0,12 13,1,31,,26974,1717,0,12 13,1,74,,26979,1717,0,12 13,1,33,,26961,1717,0,12 13,1,63,,26966,1717,0,12 13,1,34,,26970,1717,0,12 13,1,70,,26983,1717,0,12 13,1,30,,6221,1717,0,12 13,1,70,,26980,1717,0,12 13,1,30,,26989,1717,0,12 13,1,70,,26984,1717,0,12 13,1,30,,6222,1717,0,12 13,1,70,,26981,1717,0,12 13,1,30,,26991,1717,0,12 13,1,70,,26967,1717,0,12 13,1,30,,26990,1717,0,12 13,1,70,,26982,1717,0,12 13,1,30,,26992,1717,0,12 13,1,70,,26956,1717,0,12 13,1,30,,26971,1717,0,12 13,1,70,,26985,1717,0,12 13,1,30,,26968,1717,0,12 13,1,70,,26976,1717,0,12 13,1,30,,26962,1717,0,12 13,1,70,,26972,1717,0,12 13,1,30,,26958,1717,0,12 13,1,70,,26969,1717,0,12 13,1,30,,26993,1717,0,12 13,1,70,,26963,1717,0,12 13,1,30,,6233,1717,0,12 13,1,70,,26959,1717,0,12 13,1,29,,26957,1717,0,12 13,1
2100,'SE',541,,26997,1717,0,12 13,1,12,,26999,1717,0,12 13,1,50,,27031,1717,0,12 13,1,20,,27035,1717,0,12 13,1,14,,26998,1717,0,12 13,1,64,,27006,1717,0,12 13,1,11,,27000,1717,0,12 13,1,17,,27032,1717,0,12 13,1,23,,27007,1717,0,12 13,1,60,,27044,1717,0,12 13,1,20,,27033,1717,0,12 13,1,21,,27026,1717,0,12 13,1,70,,27028,1717,0,12 13,1,32,,27036,1717,0,12 13,1,70,,27034,1717,0,12 13,1,30,,26994,1717,0,12 13,1,70,,27020,1717,0,12 13,1,30,,27022,1717,0,12 13,1,70,,27001,1717,0,12 13,1,30,,27037,1717,0,12 13,1,69,,27045,1717,0,12 13,1,28,,27029,1717,0,12 13,1,76,,27027,1717,0,12 13,1,10,,27021,1717,0,12 13,1,17,,27017,1717,0,12 13,1,55,,27009,1717,0,12 13,1,15,,27002,1717,0,12 13,1,15,,27038,1717,0,12 13,1,15,,27030,1717,0,12 13,1,56,,27014,1717,0,12 13,1,19,,27041,1717,0,12 13,1,17,,27040,1717,0,12 13,1,10,,27018,1717,0,12 13,1,54,,27010,1717,0,12 13,1,15,,27003,1717,0,12 13,1,14,,27039,1717,0,12 13,1,15,,27019,1717,0,12 13,1,55,,27015,1717,0,12 13,1,20,,27042,1717,0,12 13,1,20,,27024,1717,0,12 13,1,60,,27011,1717,0,12 13,1,30,,27025,1717,0,12 13,1,70,,26995,1717,0,12 13,1,30,,27023,1717,0,12 13,1,70,,27016,1717,0,12 13,1,100,,27012,1717,0,12 13,1,100,,27043,1717,0,12 13,1,100,,26996,1717,0,12 13,1,100,,27013,1717,0,12 13,1
42100,'F7',633,,39633,1717,0,12 13,1,71,,39640,1717,0,12 13,1,16,,39638,1717,0,12 13,1,722,,39636,1717,0,12 13,1,61,,39641,1717,0,12 13,1,30,,39637,1717,0,12 13,1,70,,39642,1717,0,12 13,1,31,,39635,1717,0,12 13,1,70,,39639,1717,0,12 13,1
42100,'SE',633,,39646,1717,0,12 13,1,71,,39653,1717,0,12 13,1,16,,39651,1717,0,12 13,1,722,,39649,1717,0,12 13,1,61,,39654,1717,0,12 13,1,30,,39650,1717,0,12 13,1,70,,39655,1717,0,12 13,1,31,,39648,1717,0,12 13,1,70,,39652,1717,0,12 13,1
