1301,'DI',621,,24063,662,,,1,100,,3602,662,,,1,100,,24064,662,,,1,100,,3603,662,,,1,100,,24065,662,,,1,100,,3604,662,,,1,100,,24066,662,,,1,100,,3605,662,,,1,100,,24068,662,,,1,100,,24075,662,,,1,100,,24060,662,,,1,100,,24067,662,,,1,100,,24062,662,,,1,100,,24069,662,,,1,100,,24073,662,,,1,100,,24071,662,,,1,100,,24070,662,,,1,100,,24061,662,,,1,100,,24074,662,,,1,100,,24072,662,,,1
1301,'F1',621,,24083,662,,,1,100,,24076,662,,,1,100,,24084,662,,,1,100,,24078,662,,,1,100,,24079,662,,,1,100,,24089,662,,,1,100,,24077,662,,,1,100,,24085,662,,,1,100,,24080,662,,,1,100,,24086,662,,,1,100,,24094,662,,,1,100,,24082,662,,,1,100,,24090,662,,,1,100,,24087,662,,,1,100,,24091,662,,,1,100,,24081,662,,,1,100,,24093,662,,,1,100,,24088,662,,,1,100,,24092,662,,,1,100,,24095,662,,,1
1301,'F2',621,,24104,662,,,1,100,,24097,662,,,1,100,,24105,662,,,1,100,,24098,662,,,1,100,,24099,662,,,1,100,,24106,662,,,1,100,,24108,662,,,1,100,,24100,662,,,1,100,,24109,662,,,1,100,,24101,662,,,1,100,,24096,662,,,1,100,,24111,662,,,1,100,,24114,662,,,1,100,,24102,662,,,1,100,,24110,662,,,1,100,,24107,662,,,1,100,,24115,662,,,1,100,,24112,662,,,1,100,,24103,662,,,1,100,,24113,662,,,1
1301,'F7',528,,24130,662,,,1,72,,24131,662,,,1,30,,24129,662,,,1,16,,24118,662,,,1,54,,24154,662,,,1,13,,24120,662,,,1,14,,24147,662,,,1,19,,24121,662,,,1,55,,24119,662,,,1,13,,24158,662,,,1,15,,24140,662,,,1,15,,24136,662,,,1,60,,24139,662,,,1,30,,24132,662,,,1,70,,24117,662,,,1,30,,24135,662,,,1,70,,24149,662,,,1,30,,24127,662,,,1,70,,24141,662,,,1,30,,24128,662,,,1,70,,24133,662,,,1,30,,24150,662,,,1,70,,24137,662,,,1,30,,24142,662,,,1,69,,24155,662,,,1,34,,24152,662,,,1,69,,24116,662,,,1,27,,24123,662,,,1,15,,24138,662,,,1,60,,24134,662,,,1,22,,24159,662,,,1,18,,24145,662,,,1,60,,24143,662,,,1,29,,24124,662,,,1,70,,24157,662,,,1,30,,24122,662,,,1,70,,24151,662,,,1,30,,24153,662,,,1,70,,24144,662,,,1,30,,24156,662,,,1,100,,24146,662,,,1,100,,24148,662,,,1,100,,24125,662,,,1,100,,24126,662,,,1
1301,'F8',621,,24168,662,,,1,100,,24161,662,,,1,100,,24169,662,,,1,100,,24162,662,,,1,100,,24163,662,,,1,100,,24170,662,,,1,100,,24172,662,,,1,100,,24164,662,,,1,100,,24173,662,,,1,100,,24165,662,,,1,100,,24160,662,,,1,100,,24175,662,,,1,100,,24178,662,,,1,100,,24166,662,,,1,100,,24174,662,,,1,100,,24171,662,,,1,100,,24179,662,,,1,100,,24176,662,,,1,100,,24167,662,,,1,100,,24177,662,,,1
1301,'F9',621,,24187,662,,,1,100,,24182,662,,,1,100,,24188,662,,,1,100,,24183,662,,,1,100,,24189,662,,,1,100,,24184,662,,,1,100,,24190,662,,,1,100,,24185,662,,,1,100,,24192,662,,,1,100,,24199,662,,,1,100,,24180,662,,,1,100,,24191,662,,,1,100,,24186,662,,,1,100,,24193,662,,,1,100,,24197,662,,,1,100,,24195,662,,,1,100,,24194,662,,,1,100,,24181,662,,,1,100,,24198,662,,,1,100,,24196,662,,,1
1301,'SA',621,,24208,662,,,1,100,,24201,662,,,1,100,,24209,662,,,1,100,,24202,662,,,1,100,,24203,662,,,1,100,,24210,662,,,1,100,,24212,662,,,1,100,,24204,662,,,1,100,,24213,662,,,1,100,,24205,662,,,1,100,,24200,662,,,1,100,,24215,662,,,1,100,,24218,662,,,1,100,,24206,662,,,1,100,,24214,662,,,1,100,,24211,662,,,1,100,,24219,662,,,1,100,,24216,662,,,1,100,,24207,662,,,1,100,,24217,662,,,1
1301,'SE',528,,24234,662,,,1,72,,24235,662,,,1,30,,24233,662,,,1,16,,24222,662,,,1,54,,24258,662,,,1,13,,24224,662,,,1,14,,24251,662,,,1,19,,24225,662,,,1,55,,24223,662,,,1,13,,24262,662,,,1,15,,24244,662,,,1,15,,24240,662,,,1,60,,24243,662,,,1,30,,24236,662,,,1,70,,24221,662,,,1,30,,24239,662,,,1,70,,24253,662,,,1,30,,24231,662,,,1,70,,24245,662,,,1,30,,24232,662,,,1,70,,24237,662,,,1,30,,24254,662,,,1,70,,24241,662,,,1,30,,24246,662,,,1,69,,24259,662,,,1,34,,24256,662,,,1,69,,24220,662,,,1,27,,24227,662,,,1,15,,24242,662,,,1,60,,24238,662,,,1,22,,24263,662,,,1,18,,24249,662,,,1,60,,24247,662,,,1,29,,24228,662,,,1,70,,24261,662,,,1,30,,24226,662,,,1,70,,24255,662,,,1,30,,24257,662,,,1,70,,24248,662,,,1,30,,24260,662,,,1,100,,24250,662,,,1,100,,24252,662,,,1,100,,24229,662,,,1,100,,24230,662,,,1
1501,'DI',646,,24559,662,,,1,100,,24556,662,,,1,100,,24553,662,,,1,100,,24566,662,,,1,100,,24571,662,,,1,100,,24564,662,,,1,100,,24560,662,,,1,100,,24554,662,,,1,100,,24568,662,,,1,100,,24555,662,,,1,100,,24563,662,,,1,100,,24561,662,,,1,100,,24565,662,,,1,100,,24569,662,,,1,100,,24567,662,,,1,100,,24562,662,,,1,100,,24557,662,,,1,100,,24570,662,,,1,100,,24558,662,,,1
1501,'F1',646,,24573,662,,,1,100,,24579,662,,,1,100,,24588,662,,,1,100,,24580,662,,,1,100,,24582,662,,,1,100,,24581,662,,,1,100,,24589,662,,,1,100,,24574,662,,,1,100,,24583,662,,,1,102,,24575,662,,,1,98,,24572,662,,,1,100,,24585,662,,,1,100,,24590,662,,,1,100,,24576,662,,,1,100,,24577,662,,,1,100,,24586,662,,,1,100,,24578,662,,,1,100,,24587,662,,,1,100,,24584,662,,,1
1501,'F2',646,,24606,662,,,1,100,,24600,662,,,1,100,,24594,662,,,1,100,,24607,662,,,1,100,,24592,662,,,1,100,,24591,662,,,1,100,,24603,662,,,1,100,,24598,662,,,1,100,,24602,662,,,1,102,,24599,662,,,1,98,,24595,662,,,1,100,,24601,662,,,1,100,,24604,662,,,1,100,,24605,662,,,1,100,,24593,662,,,1,100,,24608,662,,,1,100,,24596,662,,,1,100,,24609,662,,,1,100,,24597,662,,,1
1501,'F7',510,,24622,662,,,1,46,,24614,662,,,1,70,,24620,662,,,1,30,,24642,662,,,1,60,,24630,662,,,1,20,,24624,662,,,1,20,,24615,662,,,1,70,,24611,662,,,1,30,,24648,662,,,1,71,,24632,662,,,1,29,,24621,662,,,1,70,,24640,662,,,1,30,,24634,662,,,1,70,,24616,662,,,1,31,,24618,662,,,1,70,,24635,662,,,1,30,,24637,662,,,1,70,,24619,662,,,1,30,,24617,662,,,1,70,,24643,662,,,1,30,,24625,662,,,1,71,,24646,662,,,1,23,,24641,662,,,1,79,,24638,662,,,1,27,,24627,662,,,1,70,,24613,662,,,1,31,,24647,662,,,1,68,,24636,662,,,1,30,,24626,662,,,1,70,,24644,662,,,1,30,,24639,662,,,1,70,,24612,662,,,1,30,,24633,662,,,1,70,,24645,662,,,1,30,,24629,662,,,1,70,,24610,662,,,1,100,,24623,662,,,1,100,,24628,662,,,1,100,,24631,662,,,1
1501,'F8',646,,24664,662,,,1,100,,24658,662,,,1,100,,24652,662,,,1,100,,24665,662,,,1,100,,24650,662,,,1,100,,24649,662,,,1,100,,24661,662,,,1,100,,24656,662,,,1,100,,24660,662,,,1,102,,24657,662,,,1,98,,24653,662,,,1,100,,24659,662,,,1,100,,24662,662,,,1,100,,24663,662,,,1,100,,24651,662,,,1,100,,24666,662,,,1,100,,24654,662,,,1,100,,24667,662,,,1,100,,24655,662,,,1
1501,'F9',646,,24674,662,,,1,100,,24671,662,,,1,100,,24668,662,,,1,100,,24681,662,,,1,100,,24686,662,,,1,100,,24679,662,,,1,100,,24675,662,,,1,100,,24669,662,,,1,100,,24683,662,,,1,100,,24670,662,,,1,100,,24678,662,,,1,100,,24676,662,,,1,100,,24680,662,,,1,100,,24684,662,,,1,100,,24682,662,,,1,100,,24677,662,,,1,100,,24672,662,,,1,100,,24685,662,,,1,100,,24673,662,,,1
1501,'SA',646,,24702,662,,,1,100,,24696,662,,,1,100,,24690,662,,,1,100,,24703,662,,,1,100,,24688,662,,,1,100,,24687,662,,,1,100,,24699,662,,,1,100,,24694,662,,,1,100,,24698,662,,,1,102,,24695,662,,,1,98,,24691,662,,,1,100,,24697,662,,,1,100,,24700,662,,,1,100,,24701,662,,,1,100,,24689,662,,,1,100,,24704,662,,,1,100,,24692,662,,,1,100,,24705,662,,,1,100,,24693,662,,,1
1501,'SE',510,,24718,662,,,1,46,,24710,662,,,1,70,,24716,662,,,1,30,,24738,662,,,1,60,,24726,662,,,1,20,,24720,662,,,1,20,,24711,662,,,1,70,,24707,662,,,1,30,,24744,662,,,1,71,,24728,662,,,1,29,,24717,662,,,1,70,,24736,662,,,1,30,,24730,662,,,1,70,,24712,662,,,1,31,,24714,662,,,1,70,,24731,662,,,1,30,,24733,662,,,1,70,,24715,662,,,1,30,,24713,662,,,1,70,,24739,662,,,1,30,,24721,662,,,1,71,,24742,662,,,1,23,,24737,662,,,1,79,,24734,662,,,1,27,,24723,662,,,1,70,,24709,662,,,1,31,,24743,662,,,1,68,,24732,662,,,1,30,,24722,662,,,1,70,,24740,662,,,1,30,,24735,662,,,1,70,,24708,662,,,1,30,,24729,662,,,1,70,,24741,662,,,1,30,,24725,662,,,1,70,,24706,662,,,1,100,,24719,662,,,1,100,,24724,662,,,1,100,,24727,662,,,1
3001,'F7',556,,28281,628,0,60 23,2,70,,28282,628,0,60 23,2,30,,28283,628,0,60 23,2,70,,28285,628,0,60 23,2,32,,28284,628,0,60 23,2,72,,28286,628,0,60 23,2,721,,28289,628,0,60 23,2,71,,28290,628,0,60 23,2,28,,28287,628,0,60 23,2,72,,28288,628,0,60 23,2,31,,28291,628,0,60 23,2
3001,'SE',556,,28292,628,0,60 23,2,70,,28293,628,0,60 23,2,30,,28294,628,0,60 23,2,70,,28296,628,0,60 23,2,32,,28295,628,0,60 23,2,72,,28297,628,0,60 23,2,721,,28300,628,0,60 23,2,71,,28301,628,0,60 23,2,28,,28298,628,0,60 23,2,72,,28299,628,0,60 23,2,31,,28302,628,0,60 23,2
52600,'F7',1630,,40643,4726,,,2,1,,40642,4726,,,2
52600,'SE',1630,,40645,4726,,,2,1,,40644,4726,,,2
61801,'F7',834,,40780,575,,,2
61801,'SE',834,,40781,575,,,2
