2800,'F7',638,,27734,12147,,,1,86,,27732,12147,,,1,22,,27735,12147,,,1,3,,27736,12147,,,1,84,,27733,12147,,,1,693,,27737,12147,,,1,102,,27739,12147,,,1,81,,27738,12147,,,1
2800,'SE',638,,27804,12147,,,1,86,,27802,12147,,,1,22,,27805,12147,,,1,3,,27806,12147,,,1,84,,27803,12147,,,1,693,,27807,12147,,,1,102,,27809,12147,,,1,81,,27808,12147,,,1
2801,'DI',923,,27810,312,,,1,100,,27815,312,,,1,100,,27813,312,,,1,100,,27811,312,,,1,100,,27812,312,,,1,100,,27816,312,,,1,100,,27819,312,,,1,99,,27818,312,,,1,96,,27817,312,,,1,105,,27814,312,,,1
2801,'F1',923,,27826,312,,,1,100,,27824,312,,,1,100,,27820,312,,,1,100,,27827,312,,,1,100,,27825,312,,,1,100,,27829,312,,,1,100,,27821,312,,,1,96,,27823,312,,,1,99,,27828,312,,,1,105,,27822,312,,,1
2801,'F2',923,,27837,312,,,1,100,,27832,312,,,1,100,,27830,312,,,1,100,,27834,312,,,1,100,,27833,312,,,1,100,,27835,312,,,1,100,,27831,312,,,1,96,,27839,312,,,1,99,,27838,312,,,1,105,,27836,312,,,1
2801,'F7',633,,27855,312,,,1,21,,27873,2021,,,1,58,,27862,312,,,1,21,,27871,2021,,,1,67,,27874,2021,,,1,22,,27853,312,,,1,20,,27872,2021,,,1,64,,27844,312,,,1,29,,27856,312,,,1,70,,27840,312,,,1,30,,27854,312,,,1,70,,27857,312,,,1,30,,27841,312,,,1,70,,27863,312,,,1,30,,27858,312,,,1,70,,27842,312,,,1,30,,27864,312,,,1,70,,27859,312,,,1,30,,27843,312,,,1,21,,27865,312,,,1,52,,27845,312,,,1,17,,27847,312,,,1,10,,27875,2021,,,1,17,,27869,312,,,1,53,,27867,312,,,1,15,,27850,312,,,1,18,,27877,2021,,,1,13,,27846,312,,,1,56,,27848,312,,,1,13,,27876,2021,,,1,18,,27868,312,,,1,14,,27860,312,,,1,64,,27866,312,,,1,21,,27870,312,,,1,63,,27852,312,,,1,100,,27849,312,,,1,100,,27861,312,,,1,100,,27851,312,,,1
2801,'F8',923,,27885,312,,,1,100,,27880,312,,,1,100,,27878,312,,,1,100,,27882,312,,,1,100,,27881,312,,,1,100,,27883,312,,,1,100,,27879,312,,,1,96,,27887,312,,,1,99,,27886,312,,,1,105,,27884,312,,,1
2801,'F9',923,,27888,312,,,1,100,,27893,312,,,1,100,,27891,312,,,1,100,,27889,312,,,1,100,,27890,312,,,1,100,,27894,312,,,1,100,,27897,312,,,1,99,,27896,312,,,1,96,,27895,312,,,1,105,,27892,312,,,1
2801,'SA',923,,27904,312,,,1,100,,27900,312,,,1,100,,27898,312,,,1,100,,27901,312,,,1,100,,7052,312,,,1,100,,27902,312,,,1,100,,27899,312,,,1,96,,27906,312,,,1,99,,27905,312,,,1,105,,27903,312,,,1
2801,'SE',633,,27922,312,,,1,21,,27940,2021,,,1,58,,27929,312,,,1,21,,27938,2021,,,1,67,,27941,2021,,,1,22,,27920,312,,,1,20,,27939,2021,,,1,64,,27911,312,,,1,29,,27923,312,,,1,70,,27907,312,,,1,30,,27921,312,,,1,70,,27924,312,,,1,30,,27908,312,,,1,70,,27930,312,,,1,30,,27925,312,,,1,70,,27909,312,,,1,30,,27931,312,,,1,70,,27926,312,,,1,30,,27910,312,,,1,21,,27932,312,,,1,52,,27912,312,,,1,17,,27914,312,,,1,10,,27942,2021,,,1,17,,27936,312,,,1,53,,27934,312,,,1,15,,27917,312,,,1,18,,27944,2021,,,1,13,,27913,312,,,1,56,,27915,312,,,1,13,,27943,2021,,,1,18,,27935,312,,,1,14,,27927,312,,,1,64,,27933,312,,,1,21,,27937,312,,,1,63,,27919,312,,,1,100,,27916,312,,,1,100,,27928,312,,,1,100,,27918,312,,,1
