900,'F7',659,,23441,6875,0,58 7,2,70,,23442,6875,0,58 7,2,30,,23443,6875,0,58 7,2,860,,23447,6875,0,58 7,2,34,,23446,6875,0,58 7,2,66,,23448,6875,0,58 7,2,29,,23444,6875,0,58 7,2,69,,23445,6875,0,58 7,2
900,'SE',659,,23449,6875,0,58 7,2,70,,23450,6875,0,58 7,2,30,,23451,6875,0,58 7,2,860,,23454,6875,0,58 7,2,34,,23453,6875,0,58 7,2,66,,23455,6875,0,58 7,2,29,,3071,6875,0,58 7,2,69,,23452,6875,0,58 7,2
1900,'DI',627,,25744,6875,0,9,2,100,,25745,6875,0,9,2,100,,25746,6875,0,9,2,104,,25747,6875,0,9,2,100,,25748,6875,0,9,2,100,,25749,6875,0,9,2,100,,25750,6875,0,9,2,100,,25751,6875,0,9,2,100,,25752,6875,0,9,2,100,,25753,6875,0,9,2,100,,25754,6875,0,9,2,100,,25755,6875,0,9,2,100,,25756,6875,0,9,2,100,,25757,6875,0,9,2,100,,25758,6875,0,9,2,100,,25759,6875,0,9,2,100,,25760,6875,0,9,2,100,,25761,6875,0,9,2,100,,25762,6875,0,9,2,100,,25743,6875,0,9,2
1900,'F1',627,,25778,6875,0,9,2,30,,25775,6875,0,9,2,70,,25779,6875,0,9,2,30,,25776,6875,0,9,2,70,,25780,6875,0,9,2,30,,25777,6875,0,9,2,74,,25768,6875,0,9,2,70,,25763,6875,0,9,2,30,,25769,6875,0,9,2,70,,25764,6875,0,9,2,30,,25770,6875,0,9,2,70,,25765,6875,0,9,2,30,,25771,6875,0,9,2,70,,25766,6875,0,9,2,30,,25772,6875,0,9,2,70,,25773,6875,0,9,2,30,,5153,6875,0,9,2,70,,25774,6875,0,9,2,30,,5154,6875,0,9,2,70,,25781,6875,0,9,2,30,,5155,6875,0,9,2,70,,25782,6875,0,9,2,30,,5156,6875,0,9,2,70,,25783,6875,0,9,2,30,,5157,6875,0,9,2,100,,25784,6875,0,9,2,100,,25785,6875,0,9,2,100,,25786,6875,0,9,2,100,,25787,6875,0,9,2,100,,25788,6875,0,9,2,100,,25789,6875,0,9,2,100,,25767,6875,0,9,2
1900,'F2',627,,25790,6875,0,9,2,30,,25799,6875,0,9,2,70,,25791,6875,0,9,2,30,,25800,6875,0,9,2,70,,25792,6875,0,9,2,30,,25801,6875,0,9,2,74,,25793,6875,0,9,2,70,,25802,6875,0,9,2,30,,25794,6875,0,9,2,70,,25803,6875,0,9,2,30,,25795,6875,0,9,2,70,,25815,6875,0,9,2,30,,25796,6875,0,9,2,70,,25816,6875,0,9,2,30,,25797,6875,0,9,2,70,,25817,6875,0,9,2,30,,25798,6875,0,9,2,70,,25818,6875,0,9,2,30,,25804,6875,0,9,2,70,,25819,6875,0,9,2,30,,25805,6875,0,9,2,70,,25820,6875,0,9,2,30,,25806,6875,0,9,2,70,,25821,6875,0,9,2,30,,25807,6875,0,9,2,100,,25808,6875,0,9,2,100,,25809,6875,0,9,2,100,,25810,6875,0,9,2,100,,25811,6875,0,9,2,100,,25812,6875,0,9,2,100,,25813,6875,0,9,2,100,,25814,6875,0,9,2
1900,'F7',551,,25841,6875,0,9,2,76,,25860,6875,0,9,2,27,,25842,6875,0,9,2,52,,25843,6875,0,9,2,12,,25825,6875,0,9,2,12,,25840,6875,0,9,2,15,,25822,6875,0,9,2,61,,25839,6875,0,9,2,20,,25826,6875,0,9,2,32,,25823,6875,0,9,2,74,,25854,6875,0,9,2,70,,25824,6875,0,9,2,30,,25827,6875,0,9,2,70,,25844,6875,0,9,2,30,,25828,6875,0,9,2,70,,25845,6875,0,9,2,30,,25848,6875,0,9,2,70,,25846,6875,0,9,2,30,,25849,6875,0,9,2,71,,25847,6875,0,9,2,30,,25850,6875,0,9,2,70,,25838,6875,0,9,2,27,,25863,6875,0,9,2,21,,25861,6875,0,9,2,63,,25858,6875,0,9,2,20,,25855,6875,0,9,2,21,,25859,6875,0,9,2,58,,25851,6875,0,9,2,17,,25852,6875,0,9,2,22,,25864,6875,0,9,2,60,,25833,6875,0,9,2,24,,25853,6875,0,9,2,66,,25829,6875,0,9,2,30,,25856,6875,0,9,2,70,,25830,6875,0,9,2,30,,25857,6875,0,9,2,70,,25831,6875,0,9,2,30,,25862,6875,0,9,2,70,,25832,6875,0,9,2,30,,25834,6875,0,9,2,100,,25835,6875,0,9,2,100,,25836,6875,0,9,2,100,,25837,6875,0,9,2
1900,'F8',627,,25865,6875,0,9,2,30,,25874,6875,0,9,2,70,,25866,6875,0,9,2,30,,25875,6875,0,9,2,70,,25867,6875,0,9,2,30,,25876,6875,0,9,2,74,,25868,6875,0,9,2,70,,25877,6875,0,9,2,30,,25869,6875,0,9,2,70,,25878,6875,0,9,2,30,,25870,6875,0,9,2,70,,25890,6875,0,9,2,30,,25871,6875,0,9,2,70,,25891,6875,0,9,2,30,,25872,6875,0,9,2,70,,25892,6875,0,9,2,30,,25873,6875,0,9,2,70,,25893,6875,0,9,2,30,,25879,6875,0,9,2,70,,25894,6875,0,9,2,30,,25880,6875,0,9,2,70,,25895,6875,0,9,2,30,,25881,6875,0,9,2,70,,25896,6875,0,9,2,30,,25882,6875,0,9,2,100,,25883,6875,0,9,2,100,,25884,6875,0,9,2,100,,25885,6875,0,9,2,100,,25886,6875,0,9,2,100,,25887,6875,0,9,2,100,,25888,6875,0,9,2,100,,25889,6875,0,9,2
1900,'F9',627,,25898,6875,0,9,2,100,,25899,6875,0,9,2,100,,25900,6875,0,9,2,104,,25901,6875,0,9,2,100,,25902,6875,0,9,2,100,,25903,6875,0,9,2,100,,25904,6875,0,9,2,100,,25905,6875,0,9,2,100,,25906,6875,0,9,2,100,,25907,6875,0,9,2,100,,25908,6875,0,9,2,100,,25909,6875,0,9,2,100,,25910,6875,0,9,2,100,,25911,6875,0,9,2,100,,25912,6875,0,9,2,100,,25913,6875,0,9,2,100,,25914,6875,0,9,2,100,,25915,6875,0,9,2,100,,25916,6875,0,9,2,100,,25897,6875,0,9,2
1900,'SA',627,,25917,6875,0,9,2,30,,25926,6875,0,9,2,70,,25918,6875,0,9,2,30,,25927,6875,0,9,2,70,,25919,6875,0,9,2,30,,25928,6875,0,9,2,74,,25920,6875,0,9,2,70,,25929,6875,0,9,2,30,,25921,6875,0,9,2,70,,25930,6875,0,9,2,30,,25922,6875,0,9,2,70,,25942,6875,0,9,2,30,,25923,6875,0,9,2,70,,25943,6875,0,9,2,30,,25924,6875,0,9,2,70,,25944,6875,0,9,2,30,,25925,6875,0,9,2,70,,25945,6875,0,9,2,30,,25931,6875,0,9,2,70,,25946,6875,0,9,2,30,,25932,6875,0,9,2,70,,25947,6875,0,9,2,30,,25933,6875,0,9,2,70,,25948,6875,0,9,2,30,,25934,6875,0,9,2,100,,25935,6875,0,9,2,100,,25936,6875,0,9,2,100,,25937,6875,0,9,2,100,,25938,6875,0,9,2,100,,25939,6875,0,9,2,100,,25940,6875,0,9,2,100,,25941,6875,0,9,2
1900,'SE',551,,25968,6875,0,9,2,76,,25987,6875,0,9,2,27,,25969,6875,0,9,2,52,,25970,6875,0,9,2,12,,25952,6875,0,9,2,12,,25967,6875,0,9,2,15,,25949,6875,0,9,2,61,,25966,6875,0,9,2,20,,25953,6875,0,9,2,32,,25950,6875,0,9,2,74,,25981,6875,0,9,2,70,,25951,6875,0,9,2,30,,25954,6875,0,9,2,70,,25971,6875,0,9,2,30,,25955,6875,0,9,2,70,,25972,6875,0,9,2,30,,25975,6875,0,9,2,70,,25973,6875,0,9,2,30,,25976,6875,0,9,2,71,,25974,6875,0,9,2,30,,25977,6875,0,9,2,70,,25965,6875,0,9,2,27,,25990,6875,0,9,2,21,,25988,6875,0,9,2,63,,25985,6875,0,9,2,20,,25982,6875,0,9,2,21,,25986,6875,0,9,2,58,,25978,6875,0,9,2,17,,25979,6875,0,9,2,22,,25991,6875,0,9,2,60,,25960,6875,0,9,2,24,,25980,6875,0,9,2,66,,25956,6875,0,9,2,30,,25983,6875,0,9,2,70,,25957,6875,0,9,2,30,,25984,6875,0,9,2,70,,25958,6875,0,9,2,30,,25989,6875,0,9,2,70,,25959,6875,0,9,2,30,,25961,6875,0,9,2,100,,25962,6875,0,9,2,100,,25963,6875,0,9,2,100,,25964,6875,0,9,2
