4200,'DI',620,,8457,4074,,,1,100,,8440,4074,,,1,100,,8441,4074,,,1,100,,8442,4074,,,1,100,,8443,4074,,,1,100,,8444,4074,,,1,100,,8445,4074,,,1,100,,8446,4074,,,1,100,,8447,4074,,,1,100,,8448,4074,,,1,100,,8449,4074,,,1,100,,8450,4074,,,1,100,,8451,4074,,,1,100,,8458,4074,,,1,100,,8459,4074,,,1,100,,8452,4074,,,1,100,,8453,4074,,,1,100,,8454,4074,,,1,100,,8455,4074,,,1,100,,8456,4074,,,1
4200,'F1',620,,8460,4074,,,1,100,,8461,4074,,,1,100,,8462,4074,,,1,100,,8463,4074,,,1,100,,8464,4074,,,1,100,,8465,4074,,,1,100,,8466,4074,,,1,100,,8467,4074,,,1,100,,8468,4074,,,1,100,,8469,4074,,,1,100,,8470,4074,,,1,100,,8471,4074,,,1,100,,8472,4074,,,1,100,,8473,4074,,,1,100,,8474,4074,,,1,100,,8475,4074,,,1,100,,8476,4074,,,1,100,,8477,4074,,,1,100,,8478,4074,,,1,100,,8479,4074,,,1
4200,'F7',620,,8497,4074,,,1,100,,8480,4074,,,1,100,,8481,4074,,,1,100,,8482,4074,,,1,100,,8483,4074,,,1,100,,8484,4074,,,1,100,,8485,4074,,,1,100,,8486,4074,,,1,100,,8487,4074,,,1,100,,8488,4074,,,1,100,,8489,4074,,,1,100,,8490,4074,,,1,100,,8491,4074,,,1,100,,8498,4074,,,1,100,,8499,4074,,,1,100,,8492,4074,,,1,100,,8493,4074,,,1,100,,8494,4074,,,1,100,,8495,4074,,,1,100,,8496,4074,,,1
4200,'F8',602,,8536,4074,,,1,36,,8510,4074,,,1,69,,8507,4074,,,1,13,,8501,4074,,,1,5,,8531,4074,,,1,4,,8511,4074,,,1,6,,8509,4074,,,1,6,,8502,4074,,,1,64,,8530,4074,,,1,21,,8508,4074,,,1,29,,8537,4074,,,1,69,,8543,4074,,,1,30,,8534,4074,,,1,70,,8504,4074,,,1,30,,8512,4074,,,1,70,,8528,4074,,,1,30,,8542,4074,,,1,70,,8515,4074,,,1,30,,8514,4074,,,1,70,,8541,4074,,,1,30,,8513,4074,,,1,70,,8529,4074,,,1,30,,8505,4074,,,1,70,,8535,4074,,,1,24,,8527,4074,,,1,56,,8516,4074,,,1,16,,8517,4074,,,1,14,,8544,4074,,,1,14,,8500,4074,,,1,54,,8519,4074,,,1,14,,8503,4074,,,1,14,,8518,4074,,,1,14,,8545,4074,,,1,15,,8506,4074,,,1,67,,8538,4074,,,1,30,,8520,4074,,,1,72,,8539,4074,,,1,74,,8521,4074,,,1,30,,8540,4074,,,1,69,,8522,4074,,,1,30,,8532,4074,,,1,70,,8523,4074,,,1,30,,8533,4074,,,1,91,,8524,4074,,,1,100,,8525,4074,,,1,100,,8526,4074,,,1
4200,'F9',620,,8546,4074,,,1,100,,8547,4074,,,1,100,,8548,4074,,,1,100,,8549,4074,,,1,100,,8550,4074,,,1,100,,8551,4074,,,1,100,,8552,4074,,,1,100,,8553,4074,,,1,100,,8554,4074,,,1,100,,8555,4074,,,1,100,,8556,4074,,,1,100,,8557,4074,,,1,100,,8558,4074,,,1,100,,8559,4074,,,1,100,,8560,4074,,,1,100,,8561,4074,,,1,100,,8562,4074,,,1,100,,8563,4074,,,1,100,,8564,4074,,,1,100,,8565,4074,,,1
4200,'SA',620,,8566,4074,,,1,100,,8567,4074,,,1,100,,8568,4074,,,1,100,,8569,4074,,,1,100,,8570,4074,,,1,100,,8571,4074,,,1,100,,8572,4074,,,1,100,,8573,4074,,,1,100,,8574,4074,,,1,100,,8575,4074,,,1,100,,8576,4074,,,1,100,,8577,4074,,,1,100,,8578,4074,,,1,100,,8579,4074,,,1,100,,8580,4074,,,1,100,,8581,4074,,,1,100,,8582,4074,,,1,100,,8583,4074,,,1,100,,8584,4074,,,1,100,,8585,4074,,,1
4200,'SE',602,,8622,4074,,,1,36,,8596,4074,,,1,69,,8593,4074,,,1,13,,8587,4074,,,1,5,,8617,4074,,,1,4,,8597,4074,,,1,6,,8595,4074,,,1,6,,8588,4074,,,1,64,,8616,4074,,,1,21,,8594,4074,,,1,29,,8623,4074,,,1,69,,8629,4074,,,1,30,,8620,4074,,,1,70,,8590,4074,,,1,30,,8598,4074,,,1,70,,8614,4074,,,1,30,,8628,4074,,,1,70,,8601,4074,,,1,30,,8600,4074,,,1,70,,8627,4074,,,1,30,,8599,4074,,,1,70,,8615,4074,,,1,30,,8591,4074,,,1,70,,8621,4074,,,1,24,,8613,4074,,,1,56,,8602,4074,,,1,16,,8603,4074,,,1,14,,8630,4074,,,1,14,,8586,4074,,,1,54,,8605,4074,,,1,14,,8589,4074,,,1,14,,8604,4074,,,1,14,,8631,4074,,,1,15,,8592,4074,,,1,67,,8624,4074,,,1,30,,8606,4074,,,1,72,,8625,4074,,,1,74,,8607,4074,,,1,30,,8626,4074,,,1,69,,8608,4074,,,1,30,,8618,4074,,,1,70,,8609,4074,,,1,30,,8619,4074,,,1,91,,8610,4074,,,1,100,,8611,4074,,,1,100,,8612,4074,,,1
6000,'F8',631,,10967,4074,,,1,85,,10958,4074,,,1,38,,10959,4074,,,1,84,,10961,4074,,,1,101,,10960,4074,,,1,100,,10947,4074,,,1,100,,10951,4074,,,1,100,,10957,4074,,,1,100,,10948,4074,,,1,100,,10956,4074,,,1,93,,10962,4074,,,1,24,,10952,4074,,,1,71,,10949,4074,,,1,28,,10950,4074,,,1,68,,10963,4074,,,1,28,,10964,4074,,,1,65,,10953,4074,,,1,30,,10969,4074,,,1,68,,10965,4074,,,1,99,,10968,4074,,,1,99,,10970,4074,,,1,100,,10966,4074,,,1,90,,10955,4074,,,1,100,,10954,4074,,,1
6000,'SE',631,,10991,4074,,,1,85,,10982,4074,,,1,38,,10983,4074,,,1,84,,10985,4074,,,1,101,,10984,4074,,,1,100,,10971,4074,,,1,100,,10975,4074,,,1,100,,10981,4074,,,1,100,,10972,4074,,,1,100,,10980,4074,,,1,93,,10986,4074,,,1,24,,10976,4074,,,1,71,,10973,4074,,,1,28,,10974,4074,,,1,68,,10987,4074,,,1,28,,10988,4074,,,1,65,,10977,4074,,,1,30,,10993,4074,,,1,68,,10989,4074,,,1,99,,10992,4074,,,1,99,,10994,4074,,,1,100,,10990,4074,,,1,90,,10979,4074,,,1,100,,10978,4074,,,1
16000,'DI',701,,16575,4074,0,19 20,1,100,,16570,4074,0,19 20,1,100,,16582,4074,0,19 20,1,100,,16579,4074,0,19 20,1,100,,16583,4074,0,19 20,1,100,,16572,4074,0,19 20,1,100,,16577,4074,0,19 20,1,100,,16578,4074,0,19 20,1,100,,16573,4074,0,19 20,1,100,,16584,4074,0,19 20,1,100,,16576,4074,0,19 20,1,100,,16574,4074,0,19 20,1,100,,16580,4074,0,19 20,1,102,,16571,4074,0,19 20,1,98,,16581,4074,0,19 20,1
16000,'F1',701,,16595,4074,0,19 20,1,99,,16598,4074,0,19 20,1,101,,16588,4074,0,19 20,1,100,,16585,4074,0,19 20,1,100,,16596,4074,0,19 20,1,99,,16591,4074,0,19 20,1,101,,16589,4074,0,19 20,1,100,,16586,4074,0,19 20,1,100,,16592,4074,0,19 20,1,100,,16599,4074,0,19 20,1,100,,16587,4074,0,19 20,1,100,,16593,4074,0,19 20,1,100,,16597,4074,0,19 20,1,101,,16594,4074,0,19 20,1,99,,16590,4074,0,19 20,1
16000,'F7',701,,16605,4074,0,19 20,1,100,,16600,4074,0,19 20,1,100,,16612,4074,0,19 20,1,100,,16609,4074,0,19 20,1,100,,16613,4074,0,19 20,1,100,,16602,4074,0,19 20,1,100,,16607,4074,0,19 20,1,100,,16608,4074,0,19 20,1,100,,16603,4074,0,19 20,1,100,,16614,4074,0,19 20,1,100,,16606,4074,0,19 20,1,100,,16604,4074,0,19 20,1,100,,16610,4074,0,19 20,1,102,,16601,4074,0,19 20,1,98,,16611,4074,0,19 20,1
16000,'F8',615,,16619,4074,0,19 20,1,95,,16622,4074,0,19 20,1,40,,16620,4074,0,19 20,1,92,,16623,4074,0,19 20,1,90,,16621,4074,0,19 20,1,86,,16618,4074,0,19 20,1,100,,16615,4074,0,19 20,1,100,,16628,4074,0,19 20,1,100,,16629,4074,0,19 20,1,100,,16631,4074,0,19 20,1,98,,16633,4074,0,19 20,1,24,,16627,4074,0,19 20,1,72,,16635,4074,0,19 20,1,28,,16632,4074,0,19 20,1,68,,16624,4074,0,19 20,1,28,,16634,4074,0,19 20,1,70,,16616,4074,0,19 20,1,30,,16630,4074,0,19 20,1,70,,16625,4074,0,19 20,1,47,,16636,4074,0,19 20,1,100,,16617,4074,0,19 20,1,100,,16637,4074,0,19 20,1,92,,16626,4074,0,19 20,1,100,,16638,4074,0,19 20,1
16000,'F9',701,,16649,4074,0,19 20,1,99,,16652,4074,0,19 20,1,101,,16642,4074,0,19 20,1,100,,16639,4074,0,19 20,1,100,,16650,4074,0,19 20,1,99,,16645,4074,0,19 20,1,101,,16643,4074,0,19 20,1,100,,16640,4074,0,19 20,1,100,,16646,4074,0,19 20,1,100,,16653,4074,0,19 20,1,100,,16641,4074,0,19 20,1,100,,16647,4074,0,19 20,1,100,,16651,4074,0,19 20,1,101,,16648,4074,0,19 20,1,99,,16644,4074,0,19 20,1
16000,'SA',701,,16664,4074,0,19 20,1,99,,16667,4074,0,19 20,1,101,,16657,4074,0,19 20,1,100,,16654,4074,0,19 20,1,100,,16665,4074,0,19 20,1,99,,16660,4074,0,19 20,1,101,,16658,4074,0,19 20,1,100,,16655,4074,0,19 20,1,100,,16661,4074,0,19 20,1,100,,16668,4074,0,19 20,1,100,,16656,4074,0,19 20,1,100,,16662,4074,0,19 20,1,100,,16666,4074,0,19 20,1,101,,16663,4074,0,19 20,1,99,,16659,4074,0,19 20,1
16000,'SE',615,,16673,4074,0,19 20,1,95,,16676,4074,0,19 20,1,40,,16674,4074,0,19 20,1,92,,16677,4074,0,19 20,1,90,,16675,4074,0,19 20,1,86,,16672,4074,0,19 20,1,100,,16669,4074,0,19 20,1,100,,16682,4074,0,19 20,1,100,,16683,4074,0,19 20,1,100,,16685,4074,0,19 20,1,98,,16687,4074,0,19 20,1,24,,16681,4074,0,19 20,1,72,,16689,4074,0,19 20,1,28,,16686,4074,0,19 20,1,68,,16678,4074,0,19 20,1,28,,16688,4074,0,19 20,1,70,,16670,4074,0,19 20,1,30,,16684,4074,0,19 20,1,70,,16679,4074,0,19 20,1,47,,16690,4074,0,19 20,1,100,,16671,4074,0,19 20,1,100,,16691,4074,0,19 20,1,92,,16680,4074,0,19 20,1,100,,16692,4074,0,19 20,1
53201,'F8',917,,18767,8255,,,2,1,,18766,8255,,,2
53201,'SE',917,,18769,8255,,,2,1,,18768,8255,,,2
54201,'F8',906,,18800,4161,,,2
54201,'SE',906,,18801,4161,,,2
