1401,'F7',606,,24311,7385,,,1,31,,24313,7385,,,1,20,,24316,7385,,,1,56,,24315,7385,,,1,16,,24318,7385,,,1,13,,24312,7385,,,1,15,,24309,7385,,,1,54,,24314,7385,,,1,14,,24317,7385,,,1,16,,24320,7385,,,1,16,,24310,7385,,,1,61,,24319,7385,,,1,24,,24328,7385,,,1,100,,24329,7385,,,1,100,,24333,7385,,,1,100,,24334,7385,,,1,100,,24321,7385,,,1,100,,24325,7385,,,1,100,,24323,7385,,,1,85,,24332,7385,,,1,16,,24327,7385,,,1,59,,24322,7385,,,1,24,,24336,7385,,,1,19,,24335,7385,,,1,60,,24330,7385,,,1,20,,24324,7385,,,1,18,,24326,7385,,,1,68,,24331,7385,,,1
1401,'SE',606,,24339,7385,,,1,31,,24341,7385,,,1,20,,24344,7385,,,1,56,,24343,7385,,,1,16,,24346,7385,,,1,13,,24340,7385,,,1,15,,24337,7385,,,1,54,,24342,7385,,,1,14,,24345,7385,,,1,16,,24348,7385,,,1,16,,24338,7385,,,1,61,,24347,7385,,,1,24,,24356,7385,,,1,100,,24357,7385,,,1,100,,24361,7385,,,1,100,,24362,7385,,,1,100,,24349,7385,,,1,100,,24353,7385,,,1,100,,24351,7385,,,1,85,,24360,7385,,,1,16,,24355,7385,,,1,59,,24350,7385,,,1,24,,24364,7385,,,1,19,,24363,7385,,,1,60,,24358,7385,,,1,20,,24352,7385,,,1,18,,24354,7385,,,1,68,,24359,7385,,,1
4700,'DI',616,,30486,1838,,,1,100,,30472,1838,,,1,100,,30489,1838,,,1,100,,30490,1838,,,1,100,,30473,1838,,,1,100,,30478,1838,,,1,100,,30487,1838,,,1,100,,30474,1838,,,1,104,,30475,1838,,,1,91,,30481,1838,,,1,108,,30482,1838,,,1,102,,30476,1838,,,1,95,,30483,1838,,,1,99,,30479,1838,,,1,100,,30484,1838,,,1,100,,30477,1838,,,1,100,,30480,1838,,,1,100,,30485,1838,,,1,100,,30488,1838,,,1,100,,30491,1838,,,1
4700,'F1',616,,30505,1838,,,1,103,,30509,1838,,,1,101,,30494,1838,,,1,96,,30499,1838,,,1,96,,30495,1838,,,1,104,,30500,1838,,,1,100,,30492,1838,,,1,100,,30501,1838,,,1,95,,30493,1838,,,1,104,,30510,1838,,,1,100,,30506,1838,,,1,101,,30508,1838,,,1,100,,30507,1838,,,1,99,,30496,1838,,,1,100,,30511,1838,,,1,100,,30502,1838,,,1,100,,30503,1838,,,1,100,,30504,1838,,,1,100,,30497,1838,,,1,100,,30498,1838,,,1
4700,'F2',616,,30529,1838,,,1,103,,30515,1838,,,1,101,,30512,1838,,,1,96,,30519,1838,,,1,96,,30513,1838,,,1,104,,30520,1838,,,1,100,,30516,1838,,,1,100,,30521,1838,,,1,95,,30514,1838,,,1,104,,30517,1838,,,1,100,,30522,1838,,,1,101,,30518,1838,,,1,100,,30523,1838,,,1,99,,30526,1838,,,1,100,,30524,1838,,,1,100,,30525,1838,,,1,100,,30527,1838,,,1,100,,30528,1838,,,1,100,,30530,1838,,,1,100,,30531,1838,,,1
4700,'F7',620,,30542,1838,,,1,32,,30543,1838,,,1,69,,30541,1838,,,1,33,,30565,1838,,,1,74,,30545,1838,,,1,30,,30566,1838,,,1,70,,30558,1838,,,1,30,,30564,1838,,,1,70,,30544,1838,,,1,30,,30534,1838,,,1,70,,30561,1838,,,1,30,,30535,1838,,,1,70,,30536,1838,,,1,30,,30546,1838,,,1,70,,30570,1838,,,1,30,,30559,1838,,,1,70,,30537,1838,,,1,30,,30563,1838,,,1,68,,30549,1838,,,1,28,,30568,1838,,,1,74,,30547,1838,,,1,15,,30550,1838,,,1,15,,30553,1838,,,1,55,,30555,1838,,,1,15,,30562,1838,,,1,15,,30548,1838,,,1,15,,30554,1838,,,1,55,,30560,1838,,,1,15,,30556,1838,,,1,18,,30551,1838,,,1,70,,30567,1838,,,1,30,,30538,1838,,,1,70,,30569,1838,,,1,30,,30533,1838,,,1,70,,30540,1838,,,1,30,,30552,1838,,,1,100,,30532,1838,,,1,100,,30557,1838,,,1,100,,30539,1838,,,1
4700,'F8',616,,30588,1838,,,1,103,,30574,1838,,,1,101,,30571,1838,,,1,96,,30578,1838,,,1,96,,30572,1838,,,1,104,,30579,1838,,,1,100,,30575,1838,,,1,100,,30580,1838,,,1,95,,30573,1838,,,1,104,,30576,1838,,,1,100,,30581,1838,,,1,101,,30577,1838,,,1,100,,30582,1838,,,1,99,,30585,1838,,,1,100,,30583,1838,,,1,100,,30584,1838,,,1,100,,30586,1838,,,1,100,,30587,1838,,,1,100,,30589,1838,,,1,100,,30590,1838,,,1
4700,'F9',616,,30605,1838,,,1,100,,30591,1838,,,1,100,,30608,1838,,,1,100,,30609,1838,,,1,100,,30592,1838,,,1,100,,30597,1838,,,1,100,,30606,1838,,,1,100,,30593,1838,,,1,104,,30594,1838,,,1,91,,30600,1838,,,1,108,,30601,1838,,,1,102,,30595,1838,,,1,95,,30602,1838,,,1,99,,30598,1838,,,1,100,,30603,1838,,,1,100,,30596,1838,,,1,100,,30599,1838,,,1,100,,30604,1838,,,1,100,,30607,1838,,,1,100,,30610,1838,,,1
4700,'SA',616,,30628,1838,,,1,103,,30614,1838,,,1,101,,30611,1838,,,1,96,,30618,1838,,,1,96,,30612,1838,,,1,104,,30619,1838,,,1,100,,30615,1838,,,1,100,,30620,1838,,,1,95,,30613,1838,,,1,104,,30616,1838,,,1,100,,30621,1838,,,1,101,,30617,1838,,,1,100,,30622,1838,,,1,99,,30625,1838,,,1,100,,30623,1838,,,1,100,,30624,1838,,,1,100,,30626,1838,,,1,100,,30627,1838,,,1,100,,30629,1838,,,1,100,,30630,1838,,,1
4700,'SE',620,,30641,1838,,,1,32,,30642,1838,,,1,69,,30640,1838,,,1,33,,30662,1838,,,1,74,,30644,1838,,,1,30,,30663,1838,,,1,70,,30655,1838,,,1,30,,30661,1838,,,1,70,,30643,1838,,,1,30,,30633,1838,,,1,70,,30658,1838,,,1,30,,30634,1838,,,1,70,,30635,1838,,,1,30,,30645,1838,,,1,70,,30667,1838,,,1,30,,30656,1838,,,1,70,,30636,1838,,,1,30,,30660,1838,,,1,68,,30648,1838,,,1,28,,30665,1838,,,1,74,,30646,1838,,,1,15,,30649,1838,,,1,15,,9568,1838,,,1,55,,30652,1838,,,1,15,,30659,1838,,,1,15,,30647,1838,,,1,15,,9569,1838,,,1,55,,30657,1838,,,1,15,,30653,1838,,,1,18,,30650,1838,,,1,70,,30664,1838,,,1,30,,30637,1838,,,1,70,,30666,1838,,,1,30,,30632,1838,,,1,70,,30639,1838,,,1,30,,30651,1838,,,1,100,,30631,1838,,,1,100,,30654,1838,,,1,100,,30638,1838,,,1
54600,'F7',1630,,40697,6232,,,2
54600,'SE',1630,,40698,6232,,,2
65301,'F7',854,,40816,3913,,,2
65301,'SE',854,,40817,3913,,,2
66001,'F7',851,,40833,5131,,,2,1,,40832,5131,,,2,1,,40834,5131,,,2
66001,'SE',851,,40836,5131,,,2,1,,40835,5131,,,2,1,,40837,5131,,,2
