3301,'F7',1619,,28825,2283,,,2,34,,28822,2283,,,2,67,,28823,2283,,,2,30,,28824,2283,,,2
3301,'SE',1619,,28836,2283,,,2,34,,28833,2283,,,2,67,,28834,2283,,,2,30,,28835,2283,,,2
7701,'DI',751,,35180,3448,0,25 26,1,100,,35183,3448,0,25 26,1,100,,35181,3448,0,25 26,1,100,,35184,3448,0,25 26,1,100,,35182,3448,0,25 26,1,100,,35179,3448,0,25 26,1,100,,35185,3448,0,25 26,1,100,,35188,3448,0,25 26,1,100,,35178,3448,0,25 26,1,100,,35189,3448,0,25 26,1,100,,35190,3448,0,25 26,1,100,,35191,3448,0,25 26,1,99,,35186,3448,0,25 26,1,100,,35192,3448,0,25 26,1,100,,35187,3448,0,25 26,1
7701,'F1',751,,35196,3448,0,25 26,1,100,,35198,3448,0,25 26,1,100,,35197,3448,0,25 26,1,100,,35199,3448,0,25 26,1,100,,35193,3448,0,25 26,1,100,,35200,3448,0,25 26,1,100,,35201,3448,0,25 26,1,97,,35194,3448,0,25 26,1,103,,35202,3448,0,25 26,1,99,,35204,3448,0,25 26,1,101,,35203,3448,0,25 26,1,100,,35205,3448,0,25 26,1,99,,35206,3448,0,25 26,1,100,,35195,3448,0,25 26,1,100,,35207,3448,0,25 26,1
7701,'F2',751,,35222,3448,0,25 26,1,100,,35213,3448,0,25 26,1,100,,35209,3448,0,25 26,1,100,,35214,3448,0,25 26,1,100,,35210,3448,0,25 26,1,100,,35212,3448,0,25 26,1,100,,35215,3448,0,25 26,1,97,,35208,3448,0,25 26,1,103,,35216,3448,0,25 26,1,99,,35218,3448,0,25 26,1,101,,35217,3448,0,25 26,1,100,,35219,3448,0,25 26,1,99,,35220,3448,0,25 26,1,100,,35211,3448,0,25 26,1,100,,35221,3448,0,25 26,1
7701,'F7',631,,35229,3448,0,25 26,1,11,,35225,3448,0,25 26,1,7,,35232,3448,0,25 26,1,7,,35235,3448,0,25 26,1,51,,35226,3448,0,25 26,1,2,,35238,3448,0,25 26,1,8,,35231,3448,0,25 26,1,18,,35236,3448,0,25 26,1,74,,35240,3448,0,25 26,1,28,,35233,3448,0,25 26,1,67,,35239,3448,0,25 26,1,5,,35227,3448,0,25 26,1,30,,35237,3448,0,25 26,1,70,,35241,3448,0,25 26,1,30,,35234,3448,0,25 26,1,70,,35228,3448,0,25 26,1,30,,35243,3448,0,25 26,1,71,,35242,3448,0,25 26,1,30,,35245,3448,0,25 26,1,71,,35246,3448,0,25 26,1,33,,35244,3448,0,25 26,1,70,,35247,3448,0,25 26,1,30,,35251,3448,0,25 26,1,68,,35253,3448,0,25 26,1,20,,35255,3448,0,25 26,1,20,,35258,3448,0,25 26,1,60,,35248,3448,0,25 26,1,20,,35252,3448,0,25 26,1,19,,35230,3448,0,25 26,1,58,,35254,3448,0,25 26,1,22,,35256,3448,0,25 26,1,71,,35259,3448,0,25 26,1,24,,35249,3448,0,25 26,1,33,,35257,3448,0,25 26,1,73,,35250,3448,0,25 26,1,70,,35260,3448,0,25 26,1,31,,35261,3448,0,25 26,1,71,,35224,3448,0,25 26,1,25,,35223,3448,0,25 26,1
7701,'F8',751,,35276,3448,0,25 26,1,100,,35267,3448,0,25 26,1,100,,35263,3448,0,25 26,1,100,,35268,3448,0,25 26,1,100,,35264,3448,0,25 26,1,100,,35266,3448,0,25 26,1,100,,35269,3448,0,25 26,1,97,,35262,3448,0,25 26,1,103,,35270,3448,0,25 26,1,99,,35272,3448,0,25 26,1,101,,35271,3448,0,25 26,1,100,,35273,3448,0,25 26,1,99,,35274,3448,0,25 26,1,100,,35265,3448,0,25 26,1,100,,35275,3448,0,25 26,1
7701,'F9',751,,35279,3448,0,25 26,1,100,,35282,3448,0,25 26,1,100,,35280,3448,0,25 26,1,100,,35283,3448,0,25 26,1,100,,35281,3448,0,25 26,1,100,,35278,3448,0,25 26,1,100,,35284,3448,0,25 26,1,100,,35287,3448,0,25 26,1,100,,35277,3448,0,25 26,1,100,,35288,3448,0,25 26,1,100,,35289,3448,0,25 26,1,100,,35290,3448,0,25 26,1,99,,35285,3448,0,25 26,1,100,,35291,3448,0,25 26,1,100,,35286,3448,0,25 26,1
7701,'SA',751,,35305,3448,0,25 26,1,100,,35296,3448,0,25 26,1,100,,35293,3448,0,25 26,1,100,,35297,3448,0,25 26,1,100,,13757,3448,0,25 26,1,100,,35295,3448,0,25 26,1,100,,35298,3448,0,25 26,1,97,,35292,3448,0,25 26,1,103,,35299,3448,0,25 26,1,99,,35301,3448,0,25 26,1,101,,35300,3448,0,25 26,1,100,,35302,3448,0,25 26,1,99,,35303,3448,0,25 26,1,100,,35294,3448,0,25 26,1,100,,35304,3448,0,25 26,1
7701,'SE',631,,35312,3448,0,25 26,1,11,,35308,3448,0,25 26,1,7,,35315,3448,0,25 26,1,7,,35318,3448,0,25 26,1,51,,35309,3448,0,25 26,1,2,,35321,3448,0,25 26,1,8,,35314,3448,0,25 26,1,18,,35319,3448,0,25 26,1,74,,35323,3448,0,25 26,1,28,,35316,3448,0,25 26,1,67,,35322,3448,0,25 26,1,5,,35310,3448,0,25 26,1,30,,35320,3448,0,25 26,1,70,,35324,3448,0,25 26,1,30,,35317,3448,0,25 26,1,70,,35311,3448,0,25 26,1,30,,35326,3448,0,25 26,1,71,,35325,3448,0,25 26,1,30,,35328,3448,0,25 26,1,71,,35329,3448,0,25 26,1,33,,35327,3448,0,25 26,1,70,,35330,3448,0,25 26,1,30,,35334,3448,0,25 26,1,68,,35336,3448,0,25 26,1,20,,35338,3448,0,25 26,1,20,,35341,3448,0,25 26,1,60,,35331,3448,0,25 26,1,20,,35335,3448,0,25 26,1,19,,35313,3448,0,25 26,1,58,,35337,3448,0,25 26,1,22,,35339,3448,0,25 26,1,71,,13794,3448,0,25 26,1,24,,35332,3448,0,25 26,1,33,,35340,3448,0,25 26,1,73,,35333,3448,0,25 26,1,70,,35342,3448,0,25 26,1,31,,35343,3448,0,25 26,1,71,,35307,3448,0,25 26,1,25,,35306,3448,0,25 26,1
