2500,'DI',651,,3800,,,2
2500,'F1',651,,3801,,,2
2500,'F7',651,,13737,,,2
2500,'F8',513,,13754,,,2,30,,13744,,,2,69,,13760,,,2,19,,13758,,,2,21,,13747,,,2,59,,13740,,,2,28,,13746,,,2,68,,13745,,,2,37,,13755,,,2,70,,13743,,,2,430,,13739,,,2,70,,13738,,,2,29,,13762,,,2,13,,13761,,,2,58,,13759,,,2,30,,13751,,,2,70,,13741,,,2,30,,13749,,,2,70,,13756,,,2,31,,13742,,,2,69,,13750,,,2,30,,13748,,,2,375,,13752,,,2,85,,13763,,,2,15,,13757,,,2,85,,13753,,,2
2500,'F9',651,,13764,,,2
2500,'SA',651,,3802,,,2
2500,'SE',513,,3819,,,2,30,,3809,,,2,69,,3825,,,2,19,,3823,,,2,21,,3812,,,2,59,,3805,,,2,28,,3811,,,2,68,,3810,,,2,37,,3820,,,2,70,,3808,,,2,430,,3804,,,2,70,,3803,,,2,29,,3827,,,2,13,,3826,,,2,58,,3824,,,2,30,,3816,,,2,70,,3806,,,2,30,,3814,,,2,70,,3821,,,2,31,,3807,,,2,69,,3815,,,2,30,,3813,,,2,375,,3817,,,2,85,,3828,,,2,15,,3822,,,2,85,,3818,,,2
2501,'DI',1621,,3829,4,,2
2501,'F1',1621,,3830,4,,2
2501,'F7',1621,,13765,4,,2
2501,'F8',535,,13773,4,,2,70,,13775,4,,2,23,,13777,4,,2,74,,13774,4,,2,36,,13793,4,,2,70,,13791,4,,2,26,,13769,4,,2,70,,13778,4,,2,26,,13776,4,,2,505,,13786,4,,2,71,,13768,4,,2,34,,13766,4,,2,71,,13796,4,,2,20,,13795,4,,2,12,,13792,4,,2,9,,13790,4,,2,59,,13782,4,,2,14,,13767,4,,2,13,,13770,4,,2,68,,13780,4,,2,27,,13788,4,,2,69,,13771,4,,2,99,,13779,4,,2,345,,13783,4,,2,86,,13797,4,,2,12,,13789,4,,2,75,,13784,4,,2
2501,'F9',1621,,13798,4,,2
2501,'SA',1621,,3831,4,,2
2501,'SE',535,,3839,4,,2,70,,3841,4,,2,23,,3843,4,,2,74,,3840,4,,2,36,,3859,4,,2,70,,3857,4,,2,26,,3835,4,,2,70,,3844,4,,2,26,,3842,4,,2,505,,3852,4,,2,71,,3834,4,,2,34,,3832,4,,2,71,,3862,4,,2,20,,3861,4,,2,12,,3858,4,,2,9,,3856,4,,2,59,,3848,4,,2,14,,3833,4,,2,13,,3836,4,,2,68,,3846,4,,2,27,,3854,4,,2,69,,3837,4,,2,99,,3845,4,,2,345,,3849,4,,2,86,,3863,4,,2,12,,3855,4,,2,75,,3850,4,,2
8000,'DI',620,,7749,0,13,1,100,,7750,0,13,1,100,,7751,0,13,1,100,,7752,0,13,1,100,,7753,0,13,1,100,,7754,0,13,1,100,,7755,0,13,1,100,,7756,0,13,1,100,,7757,0,13,1,100,,7758,0,13,1,100,,7759,0,13,1,100,,7760,0,13,1,100,,7761,0,13,1,100,,7762,0,13,1,100,,7763,0,13,1,100,,7764,0,13,1,100,,7765,0,13,1,100,,7766,0,13,1,100,,7767,0,13,1
8000,'F1',620,,7769,0,13,1,100,,7770,0,13,1,100,,7771,0,13,1,100,,7772,0,13,1,100,,7773,0,13,1,100,,7774,0,13,1,100,,7775,0,13,1,100,,7776,0,13,1,100,,7777,0,13,1,100,,7778,0,13,1,100,,7779,0,13,1,100,,7780,0,13,1,100,,7781,0,13,1,100,,7782,0,13,1,100,,7783,0,13,1,100,,7784,0,13,1,100,,7785,0,13,1,100,,7768,0,13,1,100,,7786,0,13,1
8000,'F7',620,,16933,0,13,1,100,,16934,0,13,1,100,,16935,0,13,1,100,,16936,0,13,1,100,,16937,0,13,1,100,,16938,0,13,1,100,,16939,0,13,1,100,,16940,0,13,1,100,,16941,0,13,1,100,,16942,0,13,1,100,,16943,0,13,1,100,,16944,0,13,1,100,,16945,0,13,1,100,,16946,0,13,1,100,,16947,0,13,1,100,,16948,0,13,1,100,,16949,0,13,1,100,,16950,0,13,1,100,,16951,0,13,1
8000,'F8',542,,16954,0,13,1,80,,16972,0,13,1,29,,16970,0,13,1,68,,16952,0,13,1,30,,16956,0,13,1,73,,16971,0,13,1,97,,16962,0,13,1,101,,16963,0,13,1,100,,16964,0,13,1,100,,16965,0,13,1,100,,16966,0,13,1,100,,16967,0,13,1,100,,16968,0,13,1,25,,16973,0,13,1,75,,16957,0,13,1,30,,16974,0,13,1,64,,16955,0,13,1,86,,16975,0,13,1,100,,16961,0,13,1,100,,16953,0,13,1,100,,16959,0,13,1,100,,16960,0,13,1,100,,16958,0,13,1,100,,16969,0,13,1
8000,'F9',620,,16977,0,13,1,100,,16978,0,13,1,100,,16979,0,13,1,100,,16980,0,13,1,100,,16981,0,13,1,100,,16982,0,13,1,100,,16983,0,13,1,100,,16984,0,13,1,100,,16985,0,13,1,100,,16986,0,13,1,100,,16987,0,13,1,100,,16988,0,13,1,100,,16989,0,13,1,100,,16990,0,13,1,100,,16991,0,13,1,100,,16992,0,13,1,100,,16993,0,13,1,100,,16976,0,13,1,100,,16994,0,13,1
8000,'SA',620,,7788,0,13,1,100,,7789,0,13,1,100,,7790,0,13,1,100,,7791,0,13,1,100,,7792,0,13,1,100,,7793,0,13,1,100,,7794,0,13,1,100,,7795,0,13,1,100,,7796,0,13,1,100,,7797,0,13,1,100,,7798,0,13,1,100,,7799,0,13,1,100,,7800,0,13,1,100,,7801,0,13,1,100,,7802,0,13,1,100,,7803,0,13,1,100,,7804,0,13,1,100,,7787,0,13,1,100,,7805,0,13,1
8000,'SE',542,,7808,0,13,1,80,,7826,0,13,1,29,,7824,0,13,1,68,,7806,0,13,1,30,,7810,0,13,1,73,,7825,0,13,1,97,,7816,0,13,1,101,,7817,0,13,1,100,,7818,0,13,1,100,,7819,0,13,1,100,,7820,0,13,1,100,,7821,0,13,1,100,,7822,0,13,1,25,,7827,0,13,1,75,,7811,0,13,1,30,,7828,0,13,1,64,,7809,0,13,1,86,,7829,0,13,1,100,,7815,0,13,1,100,,7807,0,13,1,100,,7813,0,13,1,100,,7814,0,13,1,100,,7812,0,13,1,100,,7823,0,13,1
8001,'DI',711,,7830,4,,1,100,,7831,4,,1,100,,7832,4,,1,100,,7833,4,,1,100,,7834,4,,1,100,,7835,4,,1,100,,7836,4,,1,100,,7837,4,,1,100,,7838,4,,1,100,,7839,4,,1,100,,7840,4,,1,102,,7841,4,,1,98,,7842,4,,1,100,,7843,4,,1,100,,7844,4,,1,100,,7845,4,,1,100,,7846,4,,1,100,,7847,4,,1
8001,'F1',710,,7850,4,,1,100,,7851,4,,1,100,,7852,4,,1,100,,7853,4,,1,100,,7854,4,,1,103,,7855,4,,1,100,,7856,4,,1,100,,7857,4,,1,100,,7858,4,,1,100,,7859,4,,1,100,,7860,4,,1,100,,7861,4,,1,96,,7862,4,,1,100,,7863,4,,1,100,,7864,4,,1,100,,7865,4,,1,100,,7866,4,,1,100,,7849,4,,1
8001,'F7',711,,16995,4,,1,100,,16996,4,,1,100,,16997,4,,1,100,,16998,4,,1,100,,16999,4,,1,100,,17000,4,,1,100,,17001,4,,1,100,,17002,4,,1,100,,17003,4,,1,100,,17004,4,,1,100,,17005,4,,1,102,,17006,4,,1,98,,17007,4,,1,100,,17008,4,,1,100,,17009,4,,1,100,,17010,4,,1,100,,17011,4,,1,100,,17012,4,,1
8001,'F8',608,,17033,4,,1,30,,17016,4,,1,77,,17035,4,,1,31,,17032,4,,1,70,,17014,4,,1,30,,17018,4,,1,70,,17034,4,,1,97,,17024,4,,1,100,,17025,4,,1,100,,17026,4,,1,100,,17027,4,,1,100,,17028,4,,1,100,,17029,4,,1,102,,17030,4,,1,25,,17036,4,,1,76,,17019,4,,1,30,,17037,4,,1,64,,17017,4,,1,47,,17038,4,,1,91,,17023,4,,1,100,,17015,4,,1,99,,17021,4,,1,100,,17022,4,,1,100,,17020,4,,1
8001,'F9',710,,17040,4,,1,100,,17041,4,,1,100,,17042,4,,1,100,,17043,4,,1,100,,17044,4,,1,103,,17045,4,,1,100,,17046,4,,1,100,,17047,4,,1,100,,17048,4,,1,100,,17049,4,,1,100,,17050,4,,1,100,,17051,4,,1,96,,17052,4,,1,100,,17053,4,,1,100,,17054,4,,1,100,,17055,4,,1,100,,17056,4,,1,100,,17039,4,,1
8001,'SA',710,,7869,4,,1,100,,7870,4,,1,100,,7871,4,,1,100,,7872,4,,1,100,,7873,4,,1,103,,7874,4,,1,100,,7875,4,,1,100,,7876,4,,1,100,,7877,4,,1,100,,7878,4,,1,100,,7879,4,,1,100,,7880,4,,1,96,,7881,4,,1,100,,7882,4,,1,100,,7883,4,,1,100,,7884,4,,1,100,,7885,4,,1,100,,7868,4,,1
8001,'SE',608,,7906,4,,1,30,,7889,4,,1,77,,7908,4,,1,31,,7905,4,,1,70,,7887,4,,1,30,,7891,4,,1,70,,7907,4,,1,97,,7897,4,,1,100,,7898,4,,1,100,,7899,4,,1,100,,7900,4,,1,100,,7901,4,,1,100,,7902,4,,1,102,,7903,4,,1,25,,7909,4,,1,76,,7892,4,,1,30,,7910,4,,1,64,,7890,4,,1,47,,7911,4,,1,91,,7896,4,,1,100,,7888,4,,1,99,,7894,4,,1,100,,7895,4,,1,100,,7893,4,,1
8100,'DI',647,,7916,,,1,100,,7919,,,1,103,,7921,,,1,100,,7917,,,1,100,,7920,,,1,100,,7912,,,1,100,,7924,,,1,100,,7913,,,1,100,,7918,,,1,100,,7925,,,1,96,,7922,,,1,108,,7928,,,1,96,,7926,,,1,100,,7914,,,1,100,,7929,,,1,100,,7927,,,1,100,,7915,,,1,100,,7930,,,1,100,,7923,,,1
8100,'F1',647,,7938,,,1,100,,7934,,,1,103,,7939,,,1,100,,7935,,,1,100,,7945,,,1,100,,7933,,,1,100,,7942,,,1,100,,7936,,,1,100,,7940,,,1,100,,7937,,,1,100,,7931,,,1,104,,7946,,,1,96,,7949,,,1,100,,7932,,,1,100,,7947,,,1,100,,7950,,,1,100,,7944,,,1,100,,7948,,,1,100,,7943,,,1,100,,7941,,,1
8100,'F7',647,,17062,,,1,100,,17065,,,1,103,,17067,,,1,100,,17063,,,1,100,,17066,,,1,100,,17058,,,1,100,,17070,,,1,100,,17059,,,1,100,,17064,,,1,100,,17071,,,1,96,,17068,,,1,108,,17074,,,1,96,,17072,,,1,100,,17060,,,1,100,,17075,,,1,100,,17073,,,1,100,,17061,,,1,100,,17076,,,1,100,,17069,,,1
8100,'F8',608,,17082,,,1,38,,17093,,,1,69,,17080,,,1,31,,17094,,,1,68,,17077,,,1,36,,17100,,,1,100,,17081,,,1,100,,17088,,,1,100,,17083,,,1,100,,17089,,,1,100,,17087,,,1,100,,17103,,,1,68,,17078,,,1,32,,17090,,,1,70,,17084,,,1,30,,17095,,,1,70,,17079,,,1,30,,17091,,,1,70,,17101,,,1,30,,17098,,,1,100,,17102,,,1,100,,17085,,,1,100,,17096,,,1,100,,17099,,,1,100,,17086,,,1,100,,17097,,,1,100,,17092,,,1
8100,'F9',647,,17111,,,1,100,,17107,,,1,103,,17112,,,1,100,,17108,,,1,100,,17118,,,1,100,,17106,,,1,100,,17115,,,1,100,,17109,,,1,100,,17113,,,1,100,,17110,,,1,100,,17104,,,1,104,,17119,,,1,96,,17122,,,1,100,,17105,,,1,100,,17120,,,1,100,,17123,,,1,100,,17117,,,1,100,,17121,,,1,100,,17116,,,1,100,,17114,,,1
8100,'SA',647,,7958,,,1,100,,7954,,,1,103,,7959,,,1,100,,7955,,,1,100,,7965,,,1,100,,7953,,,1,100,,7962,,,1,100,,7956,,,1,100,,7960,,,1,100,,7957,,,1,100,,7951,,,1,104,,7966,,,1,96,,7969,,,1,100,,7952,,,1,100,,7967,,,1,100,,7970,,,1,100,,7964,,,1,100,,7968,,,1,100,,7963,,,1,100,,7961,,,1
8100,'SE',608,,7976,,,1,38,,7987,,,1,69,,7974,,,1,31,,7988,,,1,68,,7971,,,1,36,,7994,,,1,100,,7975,,,1,100,,7982,,,1,100,,7977,,,1,100,,7983,,,1,100,,7981,,,1,100,,7997,,,1,68,,7972,,,1,32,,7984,,,1,70,,7978,,,1,30,,7989,,,1,70,,7973,,,1,30,,7985,,,1,70,,7995,,,1,30,,7992,,,1,100,,7996,,,1,100,,7979,,,1,100,,7990,,,1,100,,7993,,,1,100,,7980,,,1,100,,7991,,,1,100,,7986,,,1
8101,'DI',655,,8005,4,,1,100,,8002,4,,1,100,,8006,4,,1,103,,8008,4,,1,100,,8003,4,,1,100,,8007,4,,1,100,,7998,4,,1,100,,8011,4,,1,100,,7999,4,,1,100,,8004,4,,1,100,,8012,4,,1,96,,8009,4,,1,148,,8015,4,,1,56,,8013,4,,1,100,,8000,4,,1,100,,8016,4,,1,100,,8014,4,,1,100,,8001,4,,1,100,,8017,4,,1
8101,'F1',655,,8028,4,,1,100,,8025,4,,1,100,,8021,4,,1,103,,8026,4,,1,100,,8022,4,,1,100,,8033,4,,1,100,,8020,4,,1,100,,8030,4,,1,100,,8023,4,,1,100,,8027,4,,1,100,,8024,4,,1,100,,8018,4,,1,144,,8034,4,,1,56,,8037,4,,1,100,,8019,4,,1,100,,8035,4,,1,100,,8038,4,,1,100,,8032,4,,1,100,,8036,4,,1,100,,8031,4,,1
8101,'F7',655,,17131,4,,1,100,,17128,4,,1,100,,17132,4,,1,103,,17134,4,,1,100,,17129,4,,1,100,,17133,4,,1,100,,17124,4,,1,100,,17137,4,,1,100,,17125,4,,1,100,,17130,4,,1,100,,17138,4,,1,96,,17135,4,,1,148,,17141,4,,1,56,,17139,4,,1,100,,17126,4,,1,100,,17142,4,,1,100,,17140,4,,1,100,,17127,4,,1,100,,17143,4,,1
8101,'F8',626,,17162,4,,1,30,,17155,4,,1,62,,17149,4,,1,38,,17161,4,,1,70,,17147,4,,1,31,,17163,4,,1,69,,17144,4,,1,76,,17169,4,,1,98,,17148,4,,1,100,,17156,4,,1,100,,17150,4,,1,100,,17157,4,,1,100,,17154,4,,1,100,,17172,4,,1,31,,17145,4,,1,70,,17158,4,,1,30,,17151,4,,1,70,,17164,4,,1,30,,17146,4,,1,70,,17159,4,,1,30,,17170,4,,1,26,,17167,4,,1,100,,17171,4,,1,100,,17152,4,,1,100,,17165,4,,1,100,,17168,4,,1,100,,17153,4,,1,100,,17166,4,,1
8101,'F9',655,,17183,4,,1,100,,17180,4,,1,100,,17176,4,,1,103,,17181,4,,1,100,,17177,4,,1,100,,17188,4,,1,100,,17175,4,,1,100,,17185,4,,1,100,,17178,4,,1,100,,17182,4,,1,100,,17179,4,,1,100,,17173,4,,1,144,,17189,4,,1,56,,17192,4,,1,100,,17174,4,,1,100,,17190,4,,1,100,,17193,4,,1,100,,17187,4,,1,100,,17191,4,,1,100,,17186,4,,1
8101,'SA',655,,8049,4,,1,100,,8046,4,,1,100,,8042,4,,1,103,,8047,4,,1,100,,8043,4,,1,100,,8054,4,,1,100,,8041,4,,1,100,,8051,4,,1,100,,8044,4,,1,100,,8048,4,,1,100,,8045,4,,1,100,,8039,4,,1,144,,8055,4,,1,56,,8058,4,,1,100,,8040,4,,1,100,,8056,4,,1,100,,8059,4,,1,100,,8053,4,,1,100,,8057,4,,1,100,,8052,4,,1
8101,'SE',626,,8078,4,,1,30,,8071,4,,1,62,,8065,4,,1,38,,8077,4,,1,70,,8063,4,,1,31,,8079,4,,1,69,,8060,4,,1,76,,8085,4,,1,98,,8064,4,,1,100,,8072,4,,1,100,,8066,4,,1,100,,8073,4,,1,100,,8070,4,,1,100,,8088,4,,1,31,,8061,4,,1,70,,8074,4,,1,30,,8067,4,,1,70,,8080,4,,1,30,,8062,4,,1,70,,8075,4,,1,30,,8086,4,,1,26,,8083,4,,1,100,,8087,4,,1,100,,8068,4,,1,100,,8081,4,,1,100,,8084,4,,1,100,,8069,4,,1,100,,8082,4,,1
8200,'F8',625,,17200,0,52,2,30,,17197,0,52,2,70,,17195,0,52,2,27,,17198,0,52,2,66,,17196,0,52,2,30,,17199,0,52,2,60,,17194,0,52,2,627,,17206,0,52,2,70,,17203,0,52,2,27,,17202,0,52,2,24,,17204,0,52,2,64,,17201,0,52,2,30,,17205,0,52,2,70,,17207,0,52,2,25,,17208,0,52,2
8200,'SE',625,,8095,0,52,2,30,,8092,0,52,2,70,,8090,0,52,2,27,,8093,0,52,2,66,,8091,0,52,2,30,,8094,0,52,2,60,,8089,0,52,2,627,,8101,0,52,2,70,,8098,0,52,2,27,,8097,0,52,2,24,,8099,0,52,2,64,,8096,0,52,2,30,,8100,0,52,2,70,,8102,0,52,2,25,,8103,0,52,2
8201,'F8',709,,17215,4,,2,32,,17212,4,,2,70,,17210,4,,2,24,,17213,4,,2,66,,17211,4,,2,30,,17214,4,,2,20,,17209,4,,2,668,,17221,4,,2,30,,17218,4,,2,67,,17217,4,,2,24,,17219,4,,2,64,,17216,4,,2,30,,17220,4,,2,70,,17222,4,,2,25,,17223,4,,2
8201,'SE',709,,8110,4,,2,32,,8107,4,,2,70,,8105,4,,2,24,,8108,4,,2,66,,8106,4,,2,30,,8109,4,,2,20,,8104,4,,2,668,,8116,4,,2,30,,8113,4,,2,67,,8112,4,,2,24,,8114,4,,2,64,,8111,4,,2,30,,8115,4,,2,70,,8117,4,,2,25,,8118,4,,2
8300,'DI',702,,8119,,,1,100,,8120,,,1,108,,8121,,,1,100,,8122,,,1,100,,8123,,,1,100,,8124,,,1,100,,8125,,,1,100,,8126,,,1,100,,8127,,,1,100,,8128,,,1,100,,8129,,,1,100,,8130,,,1,100,,8131,,,1,100,,8132,,,1,100,,8133,,,1,100,,8134,,,1,100,,8135,,,1,100,,8136,,,1
8300,'F1',602,,8137,,,1,100,,8138,,,1,100,,8139,,,1,108,,8140,,,1,100,,8141,,,1,100,,8142,,,1,100,,8143,,,1,100,,8144,,,1,100,,8145,,,1,100,,8146,,,1,100,,8147,,,1,100,,8148,,,1,100,,8149,,,1,100,,8150,,,1,100,,8151,,,1,100,,8152,,,1,100,,8153,,,1,100,,8154,,,1,100,,8155,,,1,100,,8156,,,1
8300,'F7',702,,17224,,,1,100,,17225,,,1,108,,17226,,,1,100,,17227,,,1,100,,17228,,,1,100,,17229,,,1,100,,17230,,,1,100,,17231,,,1,100,,17232,,,1,100,,17233,,,1,100,,17234,,,1,100,,17235,,,1,100,,17236,,,1,100,,17237,,,1,100,,17238,,,1,100,,17239,,,1,100,,17240,,,1,100,,17241,,,1
8300,'F8',555,,17260,,,1,59,,17254,,,1,16,,17263,,,1,25,,17249,,,1,60,,17265,,,1,22,,17264,,,1,18,,17242,,,1,60,,17250,,,1,23,,17261,,,1,71,,17243,,,1,20,,17274,,,1,80,,17244,,,1,100,,17248,,,1,100,,17256,,,1,100,,17245,,,1,100,,17246,,,1,101,,17247,,,1,15,,17262,,,1,25,,17266,,,1,60,,17275,,,1,22,,17257,,,1,20,,17251,,,1,58,,17252,,,1,20,,17259,,,1,20,,17255,,,1,60,,17258,,,1,20,,17253,,,1,80,,17267,,,1,100,,17268,,,1,100,,17269,,,1,100,,17270,,,1,100,,17271,,,1,100,,17272,,,1,100,,17273,,,1
8300,'F9',602,,17276,,,1,100,,17277,,,1,100,,17278,,,1,108,,17279,,,1,100,,17280,,,1,100,,17281,,,1,100,,17282,,,1,100,,17283,,,1,100,,17284,,,1,100,,17285,,,1,100,,17286,,,1,100,,17287,,,1,100,,17288,,,1,100,,17289,,,1,100,,17290,,,1,100,,17291,,,1,100,,17292,,,1,100,,17293,,,1,100,,17294,,,1,100,,17295,,,1
8300,'SA',602,,8157,,,1,100,,8158,,,1,100,,8159,,,1,108,,8160,,,1,100,,8161,,,1,100,,8162,,,1,100,,8163,,,1,100,,8164,,,1,100,,8165,,,1,100,,8166,,,1,100,,8167,,,1,100,,8168,,,1,100,,8169,,,1,100,,8170,,,1,100,,8171,,,1,100,,8172,,,1,100,,8173,,,1,100,,8174,,,1,100,,8175,,,1,100,,8176,,,1
8300,'SE',555,,8195,,,1,59,,8189,,,1,16,,8198,,,1,25,,8184,,,1,60,,8200,,,1,22,,8199,,,1,18,,8177,,,1,60,,8185,,,1,23,,8196,,,1,71,,8178,,,1,20,,8209,,,1,80,,8179,,,1,100,,8183,,,1,100,,8191,,,1,100,,8180,,,1,100,,8181,,,1,101,,8182,,,1,15,,8197,,,1,25,,8201,,,1,60,,8210,,,1,22,,8192,,,1,20,,8186,,,1,58,,8187,,,1,20,,8194,,,1,20,,8190,,,1,60,,8193,,,1,20,,8188,,,1,80,,8202,,,1,100,,8203,,,1,100,,8204,,,1,100,,8205,,,1,100,,8206,,,1,100,,8207,,,1,100,,8208,,,1
8301,'DI',755,,8211,4,,1,100,,8212,4,,1,148,,8213,4,,1,100,,8214,4,,1,100,,8215,4,,1,100,,8216,4,,1,100,,8217,4,,1,100,,8218,4,,1,100,,8219,4,,1,100,,8220,4,,1,100,,8221,4,,1,100,,8222,4,,1,100,,8223,4,,1,100,,8224,4,,1,100,,8225,4,,1,100,,8226,4,,1,100,,8227,4,,1
8301,'F1',655,,8229,4,,1,100,,8230,4,,1,100,,8231,4,,1,148,,8232,4,,1,100,,8233,4,,1,100,,8234,4,,1,100,,8235,4,,1,100,,8236,4,,1,100,,8237,4,,1,100,,8238,4,,1,100,,8239,4,,1,100,,8240,4,,1,100,,8241,4,,1,100,,8242,4,,1,100,,8243,4,,1,100,,8244,4,,1,100,,8245,4,,1,100,,8246,4,,1,100,,8247,4,,1
8301,'F7',755,,17296,4,,1,100,,17297,4,,1,148,,17298,4,,1,100,,17299,4,,1,100,,17300,4,,1,100,,17301,4,,1,100,,17302,4,,1,100,,17303,4,,1,100,,17304,4,,1,100,,17305,4,,1,100,,17306,4,,1,100,,17307,4,,1,100,,17308,4,,1,100,,17309,4,,1,100,,17310,4,,1,100,,17311,4,,1,100,,17312,4,,1
8301,'F8',622,,17335,4,,1,30,,17332,4,,1,62,,17326,4,,1,16,,17336,4,,1,25,,17321,4,,1,60,,17338,4,,1,22,,17337,4,,1,18,,17314,4,,1,60,,17322,4,,1,19,,17333,4,,1,71,,17315,4,,1,20,,17347,4,,1,80,,17316,4,,1,100,,17320,4,,1,100,,17328,4,,1,100,,17317,4,,1,100,,17318,4,,1,101,,17319,4,,1,15,,17334,4,,1,25,,17339,4,,1,62,,17348,4,,1,22,,17329,4,,1,20,,17323,4,,1,58,,17324,4,,1,20,,17331,4,,1,16,,17327,4,,1,60,,17330,4,,1,20,,17325,4,,1,80,,17340,4,,1,100,,17341,4,,1,100,,17342,4,,1,100,,17343,4,,1,100,,17344,4,,1,100,,17345,4,,1
8301,'F9',655,,17349,4,,1,100,,17350,4,,1,100,,17351,4,,1,148,,17352,4,,1,100,,17353,4,,1,100,,17354,4,,1,100,,17355,4,,1,100,,17356,4,,1,100,,17357,4,,1,100,,17358,4,,1,100,,17359,4,,1,100,,17360,4,,1,100,,17361,4,,1,100,,17362,4,,1,100,,17363,4,,1,100,,17364,4,,1,100,,17365,4,,1,100,,17366,4,,1,100,,17367,4,,1
8301,'SA',655,,8249,4,,1,100,,8250,4,,1,100,,8251,4,,1,148,,8252,4,,1,100,,8253,4,,1,100,,8254,4,,1,100,,8255,4,,1,100,,8256,4,,1,100,,8257,4,,1,100,,8258,4,,1,100,,8259,4,,1,100,,8260,4,,1,100,,8261,4,,1,100,,8262,4,,1,100,,8263,4,,1,100,,8264,4,,1,100,,8265,4,,1,100,,8266,4,,1,100,,8267,4,,1
8301,'SE',622,,8290,4,,1,30,,8287,4,,1,62,,8281,4,,1,16,,8291,4,,1,25,,8276,4,,1,60,,8293,4,,1,22,,8292,4,,1,18,,8269,4,,1,60,,8277,4,,1,19,,8288,4,,1,71,,8270,4,,1,20,,8302,4,,1,80,,8271,4,,1,100,,8275,4,,1,100,,8283,4,,1,100,,8272,4,,1,100,,8273,4,,1,101,,8274,4,,1,15,,8289,4,,1,25,,8294,4,,1,62,,8303,4,,1,22,,8284,4,,1,20,,8278,4,,1,58,,8279,4,,1,20,,8286,4,,1,16,,8282,4,,1,60,,8285,4,,1,20,,8280,4,,1,80,,8295,4,,1,100,,8296,4,,1,100,,8297,4,,1,100,,8298,4,,1,100,,8299,4,,1,100,,8300,4,,1
8400,'F8',709,,17378,,,2,24,,17396,,,2,16,,17370,,,2,60,,17374,,,2,20,,17387,,,2,26,,17369,,,2,87,,17383,,,2,100,,17384,,,2,100,,17375,,,2,100,,17376,,,2,100,,17388,,,2,100,,17385,,,2,78,,17382,,,2,19,,17377,,,2,20,,17386,,,2,61,,17389,,,2,21,,17371,,,2,59,,17397,,,2,20,,17392,,,2,20,,17379,,,2,61,,17381,,,2,19,,17380,,,2,20,,17393,,,2,100,,17394,,,2,100,,17395,,,2,100,,17372,,,2,100,,17373,,,2,100,,17390,,,2,100,,17391,,,2
8400,'SE',709,,8313,,,2,24,,8331,,,2,16,,8305,,,2,60,,8309,,,2,20,,8322,,,2,26,,8304,,,2,87,,8318,,,2,100,,8319,,,2,100,,8310,,,2,100,,8311,,,2,100,,8323,,,2,100,,8320,,,2,78,,8317,,,2,19,,8312,,,2,20,,8321,,,2,61,,8324,,,2,21,,8306,,,2,59,,8332,,,2,20,,8327,,,2,20,,8314,,,2,61,,8316,,,2,19,,8315,,,2,20,,8328,,,2,100,,8329,,,2,100,,8330,,,2,100,,8307,,,2,100,,8308,,,2,100,,8325,,,2,100,,8326,,,2
8401,'F8',704,,17405,4,,2,15,,17418,4,,2,25,,17407,4,,2,61,,17409,4,,2,24,,17429,4,,2,16,,17399,4,,2,60,,17403,4,,2,18,,17419,4,,2,26,,17398,4,,2,87,,17414,4,,2,102,,17415,4,,2,100,,17404,4,,2,100,,17406,4,,2,100,,17420,4,,2,97,,17424,4,,2,5,,17416,4,,2,78,,17413,4,,2,19,,17408,4,,2,20,,17417,4,,2,61,,17421,4,,2,20,,17400,4,,2,19,,17430,4,,2,60,,17425,4,,2,18,,17410,4,,2,21,,17412,4,,2,59,,17411,4,,2,20,,17426,4,,2,100,,17427,4,,2,98,,17428,4,,2,100,,17401,4,,2,100,,17402,4,,2,100,,17422,4,,2
8401,'SE',704,,8340,4,,2,15,,8353,4,,2,25,,8342,4,,2,61,,8344,4,,2,24,,8364,4,,2,16,,8334,4,,2,60,,8338,4,,2,18,,8354,4,,2,26,,8333,4,,2,87,,8349,4,,2,102,,8350,4,,2,100,,8339,4,,2,100,,8341,4,,2,100,,8355,4,,2,97,,8359,4,,2,5,,8351,4,,2,78,,8348,4,,2,19,,8343,4,,2,20,,8352,4,,2,61,,8356,4,,2,20,,8335,4,,2,19,,8365,4,,2,60,,8360,4,,2,18,,8345,4,,2,21,,8347,4,,2,59,,8346,4,,2,20,,8361,4,,2,100,,8362,4,,2,98,,8363,4,,2,100,,8336,4,,2,100,,8337,4,,2,100,,8357,4,,2
8500,'F8',1614,,17432,,,2,24,,17431,,,2,64,,17433,,,2,28,,17434,,,2
8500,'SE',1614,,8367,,,2,24,,8366,,,2,64,,8368,,,2,28,,8369,,,2
8501,'F8',702,,17437,4,,2,29,,17438,4,,2,27,,17436,4,,2,70,,17435,4,,2
8501,'SE',702,,8372,4,,2,29,,8373,4,,2,27,,8371,4,,2,70,,8370,4,,2
18000,'F8',1555,,18380,0,13,2,71,,18385,0,13,2,18,,18383,0,13,2,64,,18381,0,13,2,32,,18386,0,13,2,70,,18384,0,13,2,20,,18382,0,13,2
18000,'SE',1555,,9549,0,13,2,71,,9554,0,13,2,18,,9552,0,13,2,64,,9550,0,13,2,32,,9555,0,13,2,70,,9553,0,13,2,20,,9551,0,13,2
18001,'F8',657,,18391,4,,2,64,,18392,4,,2,13,,18395,4,,2,18,,18394,4,,2,52,,18393,4,,2,18,,18390,4,,2,18,,18396,4,,2,815,,18387,4,,2,71,,18397,4,,2,30,,18389,4,,2,64,,18388,4,,2
18001,'SE',657,,9560,4,,2,64,,9561,4,,2,13,,9564,4,,2,18,,9563,4,,2,52,,9562,4,,2,18,,9559,4,,2,18,,9565,4,,2,815,,9556,4,,2,71,,9566,4,,2,30,,9558,4,,2,64,,9557,4,,2
18500,'F8',605,,18400,,,2,29,,18403,,,2,24,,18399,,,2,68,,18398,,,2,91,,18402,,,2,24,,18401,,,2
18500,'SE',605,,9569,,,2,29,,9572,,,2,24,,9568,,,2,68,,9567,,,2,91,,9571,,,2,24,,9570,,,2
18501,'F8',1607,,18405,4,,2,21,,18407,4,,2,84,,18406,4,,2,25,,18404,4,,2
18501,'SE',1607,,9574,4,,2,21,,9576,4,,2,84,,9575,4,,2,25,,9573,4,,2
