1300,'DI',659,,3422,4186,,,1,100,,23867,4186,,,1,100,,3423,4186,,,1,100,,23868,4186,,,1,100,,3424,4186,,,1,100,,23869,4186,,,1,100,,3425,4186,,,1,95,,23870,4186,,,1,105,,23878,4186,,,1,100,,23864,4186,,,1,100,,23871,4186,,,1,100,,23866,4186,,,1,100,,23872,4186,,,1,100,,23876,4186,,,1,100,,23874,4186,,,1,100,,23873,4186,,,1,100,,23865,4186,,,1,100,,23877,4186,,,1,100,,23875,4186,,,1
1300,'F1',659,,23879,4186,,,1,100,,23887,4186,,,1,100,,23881,4186,,,1,141,,23882,4186,,,1,59,,23892,4186,,,1,100,,23880,4186,,,1,100,,23888,4186,,,1,100,,23883,4186,,,1,100,,23889,4186,,,1,100,,23897,4186,,,1,100,,23885,4186,,,1,100,,23893,4186,,,1,100,,23890,4186,,,1,100,,23894,4186,,,1,100,,23884,4186,,,1,100,,23896,4186,,,1,100,,23891,4186,,,1,100,,23895,4186,,,1,100,,23898,4186,,,1,100,,23886,4186,,,1
1300,'F2',659,,23900,4186,,,1,100,,23907,4186,,,1,100,,23901,4186,,,1,141,,23902,4186,,,1,59,,23908,4186,,,1,100,,23910,4186,,,1,100,,23903,4186,,,1,100,,23911,4186,,,1,100,,23904,4186,,,1,100,,23899,4186,,,1,100,,23914,4186,,,1,100,,23917,4186,,,1,100,,23905,4186,,,1,100,,23912,4186,,,1,100,,23909,4186,,,1,100,,23918,4186,,,1,100,,23915,4186,,,1,100,,23906,4186,,,1,100,,23916,4186,,,1,100,,23913,4186,,,1
1300,'F7',603,,23933,4186,,,1,33,,23955,4186,,,1,66,,23949,4186,,,1,32,,23923,4186,,,1,15,,23941,4186,,,1,55,,23924,4186,,,1,15,,23936,4186,,,1,25,,23927,4186,,,1,65,,23919,4186,,,1,29,,23921,4186,,,1,70,,23931,4186,,,1,30,,23930,4186,,,1,70,,23925,4186,,,1,30,,23943,4186,,,1,70,,23922,4186,,,1,30,,23932,4186,,,1,70,,23951,4186,,,1,30,,23938,4186,,,1,70,,23944,4186,,,1,30,,23956,4186,,,1,71,,23953,4186,,,1,30,,23920,4186,,,1,61,,23946,4186,,,1,20,,23939,4186,,,1,15,,23940,4186,,,1,13,,23942,4186,,,1,10,,23959,4186,,,1,57,,23947,4186,,,1,20,,23937,4186,,,1,20,,23935,4186,,,1,60,,23934,4186,,,1,26,,23958,4186,,,1,69,,23926,4186,,,1,32,,23952,4186,,,1,70,,23954,4186,,,1,30,,23945,4186,,,1,70,,23957,4186,,,1,100,,23948,4186,,,1,100,,23950,4186,,,1,100,,23928,4186,,,1,103,,23929,4186,,,1
1300,'F8',659,,23961,4186,,,1,100,,23968,4186,,,1,100,,23962,4186,,,1,141,,23963,4186,,,1,59,,23969,4186,,,1,100,,23971,4186,,,1,100,,23964,4186,,,1,100,,23972,4186,,,1,100,,23965,4186,,,1,100,,23960,4186,,,1,100,,23975,4186,,,1,100,,23978,4186,,,1,100,,23966,4186,,,1,100,,23973,4186,,,1,100,,23970,4186,,,1,100,,23979,4186,,,1,100,,23976,4186,,,1,100,,23967,4186,,,1,100,,23977,4186,,,1,100,,23974,4186,,,1
1300,'F9',659,,23982,4186,,,1,100,,23987,4186,,,1,100,,23983,4186,,,1,100,,23988,4186,,,1,100,,23984,4186,,,1,100,,23989,4186,,,1,100,,23985,4186,,,1,95,,23990,4186,,,1,105,,23998,4186,,,1,100,,23980,4186,,,1,100,,23991,4186,,,1,100,,23986,4186,,,1,100,,23992,4186,,,1,100,,23996,4186,,,1,100,,23994,4186,,,1,100,,23993,4186,,,1,100,,23981,4186,,,1,100,,23997,4186,,,1,100,,23995,4186,,,1
1300,'SA',659,,24000,4186,,,1,100,,24007,4186,,,1,100,,24001,4186,,,1,141,,24002,4186,,,1,59,,24008,4186,,,1,100,,24010,4186,,,1,100,,24003,4186,,,1,100,,24011,4186,,,1,100,,24004,4186,,,1,100,,23999,4186,,,1,100,,24014,4186,,,1,100,,24017,4186,,,1,100,,24005,4186,,,1,100,,24012,4186,,,1,100,,24009,4186,,,1,100,,24018,4186,,,1,100,,24015,4186,,,1,100,,24006,4186,,,1,100,,24016,4186,,,1,100,,24013,4186,,,1
1300,'SE',603,,24033,4186,,,1,33,,24055,4186,,,1,66,,24049,4186,,,1,32,,24023,4186,,,1,15,,24041,4186,,,1,55,,24024,4186,,,1,15,,24036,4186,,,1,25,,24027,4186,,,1,65,,24019,4186,,,1,29,,24021,4186,,,1,70,,24031,4186,,,1,30,,24030,4186,,,1,70,,24025,4186,,,1,30,,24043,4186,,,1,70,,24022,4186,,,1,30,,24032,4186,,,1,70,,24051,4186,,,1,30,,24038,4186,,,1,70,,24044,4186,,,1,30,,24056,4186,,,1,71,,24053,4186,,,1,30,,24020,4186,,,1,61,,24046,4186,,,1,20,,24039,4186,,,1,15,,24040,4186,,,1,13,,24042,4186,,,1,10,,24059,4186,,,1,57,,24047,4186,,,1,20,,24037,4186,,,1,20,,24035,4186,,,1,60,,24034,4186,,,1,26,,24058,4186,,,1,69,,24026,4186,,,1,32,,24052,4186,,,1,70,,24054,4186,,,1,30,,24045,4186,,,1,70,,24057,4186,,,1,100,,24048,4186,,,1,100,,24050,4186,,,1,100,,24028,4186,,,1,103,,24029,4186,,,1
61300,'F7',1642,,40770,3609,,,2,13,,40769,3609,,,2
61300,'SE',1642,,18881,3609,,,2,13,,40771,3609,,,2
