4900,'DI',612,,30870,4054,,,2,100,,30882,4054,,,2,100,,30871,4054,,,2,100,,30877,4054,,,2,101,,30878,4054,,,2,100,,30879,4054,,,2,100,,30880,4054,,,2,100,,30881,4054,,,2,100,,30872,4054,,,2,100,,30873,4054,,,2,100,,30883,4054,,,2,100,,30884,4054,,,2,100,,30869,4054,,,2,99,,30874,4054,,,2,100,,30875,4054,,,2,100,,30885,4054,,,2,100,,30886,4054,,,2,99,,30876,4054,,,2,100,,30868,4054,,,2
4900,'F1',612,,30888,4054,,,2,100,,30887,4054,,,2,100,,30898,4054,,,2,100,,30904,4054,,,2,101,,30905,4054,,,2,100,,30906,4054,,,2,100,,30891,4054,,,2,100,,30892,4054,,,2,100,,30893,4054,,,2,100,,30894,4054,,,2,100,,30895,4054,,,2,100,,30896,4054,,,2,100,,30897,4054,,,2,99,,30900,4054,,,2,100,,30901,4054,,,2,100,,30889,4054,,,2,100,,30890,4054,,,2,99,,30902,4054,,,2,100,,30899,4054,,,2,100,,30903,4054,,,2
4900,'F2',612,,30923,4054,,,2,100,,30907,4054,,,2,100,,30924,4054,,,2,100,,30916,4054,,,2,101,,30910,4054,,,2,100,,30911,4054,,,2,100,,30912,4054,,,2,100,,30913,4054,,,2,100,,30917,4054,,,2,100,,30918,4054,,,2,100,,30919,4054,,,2,100,,30920,4054,,,2,100,,30921,4054,,,2,99,,30908,4054,,,2,100,,30922,4054,,,2,100,,30914,4054,,,2,100,,30909,4054,,,2,99,,30925,4054,,,2,100,,30915,4054,,,2,100,,30926,4054,,,2
4900,'F7',613,,30945,4054,,,2,20,,30958,4054,,,2,15,,30934,4054,,,2,55,,30948,4054,,,2,14,,30927,4054,,,2,16,,30946,4054,,,2,14,,30949,4054,,,2,55,,30943,4054,,,2,15,,30947,4054,,,2,15,,30950,4054,,,2,20,,30944,4054,,,2,61,,30951,4054,,,2,101,,30959,4054,,,2,100,,30935,4054,,,2,101,,30928,4054,,,2,100,,30936,4054,,,2,97,,30938,4054,,,2,100,,30932,4054,,,2,102,,30931,4054,,,2,12,,30960,4054,,,2,19,,30939,4054,,,2,11,,30955,4054,,,2,55,,30952,4054,,,2,15,,30962,4054,,,2,15,,30956,4054,,,2,15,,30953,4054,,,2,55,,30940,4054,,,2,14,,30957,4054,,,2,15,,30954,4054,,,2,72,,30961,4054,,,2,100,,30929,4054,,,2,100,,30941,4054,,,2,100,,30930,4054,,,2,99,,30942,4054,,,2,100,,30937,4054,,,2,100,,30933,4054,,,2
4900,'F8',612,,30979,4054,,,2,100,,30963,4054,,,2,100,,30980,4054,,,2,100,,30972,4054,,,2,101,,30966,4054,,,2,100,,30967,4054,,,2,100,,30968,4054,,,2,100,,30969,4054,,,2,100,,30973,4054,,,2,100,,30974,4054,,,2,100,,30975,4054,,,2,100,,30976,4054,,,2,100,,30977,4054,,,2,99,,30964,4054,,,2,100,,30978,4054,,,2,100,,30970,4054,,,2,100,,30965,4054,,,2,99,,30981,4054,,,2,100,,30971,4054,,,2,100,,30982,4054,,,2
4900,'F9',612,,30985,4054,,,2,100,,30997,4054,,,2,100,,30986,4054,,,2,100,,30992,4054,,,2,101,,30993,4054,,,2,100,,30994,4054,,,2,100,,30995,4054,,,2,100,,30996,4054,,,2,100,,30987,4054,,,2,100,,30988,4054,,,2,100,,30998,4054,,,2,100,,30999,4054,,,2,100,,30984,4054,,,2,99,,30989,4054,,,2,100,,30990,4054,,,2,100,,31000,4054,,,2,100,,31001,4054,,,2,99,,30991,4054,,,2,100,,30983,4054,,,2
4900,'SA',612,,31018,4054,,,2,100,,31002,4054,,,2,100,,31019,4054,,,2,100,,31011,4054,,,2,101,,31005,4054,,,2,100,,31006,4054,,,2,100,,31007,4054,,,2,100,,31008,4054,,,2,100,,31012,4054,,,2,100,,31013,4054,,,2,100,,31014,4054,,,2,100,,31015,4054,,,2,100,,31016,4054,,,2,99,,31003,4054,,,2,100,,31017,4054,,,2,100,,31009,4054,,,2,100,,31004,4054,,,2,99,,31020,4054,,,2,100,,31010,4054,,,2,100,,31021,4054,,,2
4900,'SE',613,,31040,4054,,,2,20,,31053,4054,,,2,15,,31029,4054,,,2,55,,31043,4054,,,2,14,,31022,4054,,,2,16,,31041,4054,,,2,14,,31044,4054,,,2,55,,31038,4054,,,2,15,,31042,4054,,,2,15,,31045,4054,,,2,20,,31039,4054,,,2,61,,31046,4054,,,2,101,,31054,4054,,,2,100,,31030,4054,,,2,101,,31023,4054,,,2,100,,31031,4054,,,2,97,,31033,4054,,,2,100,,31027,4054,,,2,102,,31026,4054,,,2,12,,31055,4054,,,2,19,,31034,4054,,,2,11,,31050,4054,,,2,55,,31047,4054,,,2,15,,31057,4054,,,2,15,,31051,4054,,,2,15,,31048,4054,,,2,55,,31035,4054,,,2,14,,31052,4054,,,2,15,,31049,4054,,,2,72,,31056,4054,,,2,100,,31024,4054,,,2,100,,31036,4054,,,2,100,,31025,4054,,,2,99,,31037,4054,,,2,100,,31032,4054,,,2,100,,31028,4054,,,2
55000,'F7',1642,,40709,9546,4,,2
55000,'SE',1642,,40710,9546,4,,2
