2300,'F1',649,,6623,3948,,,2,100,,6624,3948,,,2,100,,6621,3948,,,2,101,,6622,3948,,,2,99,,6625,3948,,,2,103,,6626,3948,,,2,97,,6618,3948,,,2,100,,6619,3948,,,2,100,,6620,3948,,,2,100,,6629,3948,,,2,100,,6627,3948,,,2,102,,6628,3948,,,2
2300,'F8',950,,6632,3948,,,2,100,,6630,3948,,,2,100,,6633,3948,,,2,100,,6631,3948,,,2,100,,6634,3948,,,2
2300,'F9',649,,6640,3948,,,2,100,,6641,3948,,,2,100,,6638,3948,,,2,101,,6639,3948,,,2,99,,6642,3948,,,2,103,,6643,3948,,,2,97,,6635,3948,,,2,100,,6636,3948,,,2,100,,6637,3948,,,2,100,,6646,3948,,,2,100,,6644,3948,,,2,102,,6645,3948,,,2
2300,'SA',649,,6652,3948,,,2,100,,6653,3948,,,2,100,,6650,3948,,,2,101,,6651,3948,,,2,99,,6654,3948,,,2,103,,6655,3948,,,2,97,,6647,3948,,,2,100,,6648,3948,,,2,100,,6649,3948,,,2,100,,6658,3948,,,2,100,,6656,3948,,,2,102,,6657,3948,,,2
2300,'SE',950,,6661,3948,,,2,100,,6659,3948,,,2,100,,6662,3948,,,2,100,,6660,3948,,,2,100,,6663,3948,,,2
12300,'DI',619,,15895,3948,0,42 43,2,100,,15901,3948,0,42 43,2,100,,15896,3948,0,42 43,2,100,,15902,3948,0,42 43,2,100,,15897,3948,0,42 43,2,100,,15903,3948,0,42 43,2,105,,15898,3948,0,42 43,2,95,,15904,3948,0,42 43,2,100,,15899,3948,0,42 43,2,100,,15905,3948,0,42 43,2,100,,15900,3948,0,42 43,2,100,,15906,3948,0,42 43,2,100,,15907,3948,0,42 43,2,100,,15892,3948,0,42 43,2,100,,15908,3948,0,42 43,2,100,,15893,3948,0,42 43,2,100,,15909,3948,0,42 43,2,100,,15894,3948,0,42 43,2,100,,15910,3948,0,42 43,2
12300,'F1',619,,15911,3948,0,42 43,2,100,,15924,3948,0,42 43,2,100,,15912,3948,0,42 43,2,105,,15925,3948,0,42 43,2,99,,15913,3948,0,42 43,2,100,,15926,3948,0,42 43,2,100,,15914,3948,0,42 43,2,96,,15927,3948,0,42 43,2,100,,15915,3948,0,42 43,2,100,,15928,3948,0,42 43,2,104,,15916,3948,0,42 43,2,101,,15929,3948,0,42 43,2,99,,15917,3948,0,42 43,2,96,,15921,3948,0,42 43,2,100,,15918,3948,0,42 43,2,100,,15922,3948,0,42 43,2,100,,15919,3948,0,42 43,2,100,,15923,3948,0,42 43,2,100,,15920,3948,0,42 43,2
12300,'F7',619,,15933,3948,0,42 43,2,100,,15939,3948,0,42 43,2,100,,15934,3948,0,42 43,2,100,,15940,3948,0,42 43,2,100,,15935,3948,0,42 43,2,100,,15941,3948,0,42 43,2,105,,15936,3948,0,42 43,2,95,,15942,3948,0,42 43,2,100,,15937,3948,0,42 43,2,100,,15943,3948,0,42 43,2,100,,15938,3948,0,42 43,2,100,,15944,3948,0,42 43,2,100,,15945,3948,0,42 43,2,100,,15930,3948,0,42 43,2,100,,15946,3948,0,42 43,2,100,,15931,3948,0,42 43,2,100,,15947,3948,0,42 43,2,100,,15932,3948,0,42 43,2,100,,15948,3948,0,42 43,2
12300,'F8',511,,15964,3948,0,42 43,2,33,,15951,3948,0,42 43,2,15,,15954,3948,0,42 43,2,50,,15968,3948,0,42 43,2,10,,15953,3948,0,42 43,2,10,,15956,3948,0,42 43,2,12,,15969,3948,0,42 43,2,8,,15952,3948,0,42 43,2,52,,15973,3948,0,42 43,2,10,,15970,3948,0,42 43,2,21,,15974,3948,0,42 43,2,17,,15976,3948,0,42 43,2,69,,15977,3948,0,42 43,2,29,,15975,3948,0,42 43,2,69,,15955,3948,0,42 43,2,102,,15965,3948,0,42 43,2,100,,15949,3948,0,42 43,2,99,,15979,3948,0,42 43,2,101,,15959,3948,0,42 43,2,5,,15984,3948,0,42 43,2,93,,15957,3948,0,42 43,2,30,,15978,3948,0,42 43,2,71,,15960,3948,0,42 43,2,26,,15983,3948,0,42 43,2,71,,15982,3948,0,42 43,2,31,,15981,3948,0,42 43,2,71,,15962,3948,0,42 43,2,30,,15950,3948,0,42 43,2,76,,15961,3948,0,42 43,2,28,,15963,3948,0,42 43,2,70,,15985,3948,0,42 43,2,30,,15958,3948,0,42 43,2,70,,15980,3948,0,42 43,2,100,,15971,3948,0,42 43,2,100,,15966,3948,0,42 43,2,98,,15972,3948,0,42 43,2,100,,15967,3948,0,42 43,2
12300,'F9',619,,15986,3948,0,42 43,2,100,,15999,3948,0,42 43,2,100,,15987,3948,0,42 43,2,105,,16000,3948,0,42 43,2,99,,15988,3948,0,42 43,2,100,,16001,3948,0,42 43,2,100,,15989,3948,0,42 43,2,96,,16002,3948,0,42 43,2,100,,15990,3948,0,42 43,2,100,,16003,3948,0,42 43,2,104,,15991,3948,0,42 43,2,101,,16004,3948,0,42 43,2,99,,15992,3948,0,42 43,2,96,,15996,3948,0,42 43,2,100,,15993,3948,0,42 43,2,100,,15997,3948,0,42 43,2,100,,15994,3948,0,42 43,2,100,,15998,3948,0,42 43,2,100,,15995,3948,0,42 43,2
12300,'SA',619,,16005,3948,0,42 43,2,100,,16018,3948,0,42 43,2,100,,16006,3948,0,42 43,2,105,,16019,3948,0,42 43,2,99,,16007,3948,0,42 43,2,100,,16020,3948,0,42 43,2,100,,16008,3948,0,42 43,2,96,,16021,3948,0,42 43,2,100,,16009,3948,0,42 43,2,100,,16022,3948,0,42 43,2,104,,16010,3948,0,42 43,2,101,,16023,3948,0,42 43,2,99,,16011,3948,0,42 43,2,96,,16015,3948,0,42 43,2,100,,16012,3948,0,42 43,2,100,,16016,3948,0,42 43,2,100,,16013,3948,0,42 43,2,100,,16017,3948,0,42 43,2,100,,16014,3948,0,42 43,2
12300,'SE',511,,16039,3948,0,42 43,2,33,,16026,3948,0,42 43,2,15,,16029,3948,0,42 43,2,50,,16043,3948,0,42 43,2,10,,16028,3948,0,42 43,2,10,,16031,3948,0,42 43,2,12,,16044,3948,0,42 43,2,8,,16027,3948,0,42 43,2,52,,16048,3948,0,42 43,2,10,,16045,3948,0,42 43,2,21,,16049,3948,0,42 43,2,17,,16051,3948,0,42 43,2,69,,16052,3948,0,42 43,2,29,,16050,3948,0,42 43,2,69,,16030,3948,0,42 43,2,102,,16040,3948,0,42 43,2,100,,16024,3948,0,42 43,2,99,,16054,3948,0,42 43,2,101,,16034,3948,0,42 43,2,5,,16059,3948,0,42 43,2,93,,16032,3948,0,42 43,2,30,,16053,3948,0,42 43,2,71,,16035,3948,0,42 43,2,26,,16058,3948,0,42 43,2,71,,16057,3948,0,42 43,2,31,,16056,3948,0,42 43,2,71,,16037,3948,0,42 43,2,30,,16025,3948,0,42 43,2,76,,16036,3948,0,42 43,2,28,,16038,3948,0,42 43,2,70,,16060,3948,0,42 43,2,30,,16033,3948,0,42 43,2,70,,16055,3948,0,42 43,2,100,,16046,3948,0,42 43,2,100,,16041,3948,0,42 43,2,98,,16047,3948,0,42 43,2,100,,16042,3948,0,42 43,2
17000,'F8',550,,17038,6576,0,46,2,70,,17042,6576,0,46,2,31,,17039,6576,0,46,2,70,,17043,6576,0,46,2,30,,17040,6576,0,46,2,73,,17044,6576,0,46,2,28,,17041,6576,0,46,2,692,,17045,6576,0,46,2,70,,17049,6576,0,46,2,30,,17046,6576,0,46,2,70,,17050,6576,0,46,2,30,,17047,6576,0,46,2,70,,17051,6576,0,46,2,30,,17048,6576,0,46,2
17000,'SE',550,,17052,6576,0,46,2,70,,17056,6576,0,46,2,31,,17053,6576,0,46,2,70,,17057,6576,0,46,2,30,,17054,6576,0,46,2,73,,17058,6576,0,46,2,28,,17055,6576,0,46,2,692,,17059,6576,0,46,2,70,,17063,6576,0,46,2,30,,17060,6576,0,46,2,70,,17064,6576,0,46,2,30,,17061,6576,0,46,2,70,,17065,6576,0,46,2,30,,17062,6576,0,46,2
