5001,'DI',645,,31443,2989,,,2,102,,31428,2989,,,2,100,,31436,2989,,,2,100,,31434,2989,,,2,103,,31435,2989,,,2,94,,31437,2989,,,2,103,,31438,2989,,,2,103,,31439,2989,,,2,97,,31427,2989,,,2,96,,31440,2989,,,2,103,,31425,2989,,,2,106,,31424,2989,,,2,95,,31433,2989,,,2,100,,31426,2989,,,2,100,,31429,2989,,,2,100,,31431,2989,,,2,100,,31441,2989,,,2,100,,31430,2989,,,2,100,,31432,2989,,,2
5001,'F1',647,,31455,2989,,,2,98,,31449,2989,,,2,102,,31460,2989,,,2,97,,31445,2989,,,2,103,,31446,2989,,,2,96,,31462,2989,,,2,102,,31461,2989,,,2,98,,31444,2989,,,2,99,,31456,2989,,,2,103,,31457,2989,,,2,103,,31458,2989,,,2,103,,31459,2989,,,2,96,,31447,2989,,,2,100,,31453,2989,,,2,100,,31450,2989,,,2,100,,31463,2989,,,2,97,,31451,2989,,,2,103,,31452,2989,,,2,101,,31454,2989,,,2
5001,'F2',647,,31470,2989,,,2,98,,31469,2989,,,2,102,,31474,2989,,,2,97,,31478,2989,,,2,103,,31479,2989,,,2,96,,31483,2989,,,2,102,,31480,2989,,,2,98,,31464,2989,,,2,99,,31465,2989,,,2,103,,31466,2989,,,2,103,,31467,2989,,,2,103,,31468,2989,,,2,96,,31471,2989,,,2,100,,31482,2989,,,2,100,,31481,2989,,,2,100,,31472,2989,,,2,97,,31475,2989,,,2,103,,31476,2989,,,2,101,,31477,2989,,,2
5001,'F7',538,,31489,2989,,,2,70,,31493,2989,,,2,30,,31495,2989,,,2,70,,31498,2989,,,2,30,,31494,2989,,,2,70,,31490,2989,,,2,30,,31496,2989,,,2,73,,31499,2989,,,2,27,,31507,2989,,,2,100,,31510,2989,,,2,100,,31497,2989,,,2,100,,31492,2989,,,2,100,,31500,2989,,,2,99,,31484,2989,,,2,102,,31501,2989,,,2,68,,31511,2989,,,2,33,,31488,2989,,,2,74,,31512,2989,,,2,26,,31502,2989,,,2,70,,31485,2989,,,2,30,,31508,2989,,,2,98,,31509,2989,,,2,100,,31486,2989,,,2,100,,31503,2989,,,2,100,,31487,2989,,,2,100,,31504,2989,,,2,100,,31505,2989,,,2
5001,'F8',647,,31519,2989,,,2,98,,31518,2989,,,2,102,,31523,2989,,,2,97,,31527,2989,,,2,103,,31528,2989,,,2,96,,31532,2989,,,2,102,,31529,2989,,,2,98,,31513,2989,,,2,99,,31514,2989,,,2,103,,31515,2989,,,2,103,,31516,2989,,,2,103,,31517,2989,,,2,96,,31520,2989,,,2,100,,31531,2989,,,2,100,,31530,2989,,,2,100,,31521,2989,,,2,97,,31524,2989,,,2,103,,31525,2989,,,2,101,,31526,2989,,,2
5001,'F9',645,,31552,2989,,,2,102,,31537,2989,,,2,100,,31545,2989,,,2,100,,31543,2989,,,2,103,,31544,2989,,,2,94,,31546,2989,,,2,103,,31547,2989,,,2,103,,31548,2989,,,2,97,,31536,2989,,,2,96,,31549,2989,,,2,103,,31534,2989,,,2,106,,31533,2989,,,2,95,,31542,2989,,,2,100,,31535,2989,,,2,100,,31538,2989,,,2,100,,31540,2989,,,2,100,,31550,2989,,,2,100,,31539,2989,,,2,100,,31541,2989,,,2
5001,'SA',647,,31559,2989,,,2,98,,31558,2989,,,2,102,,31563,2989,,,2,97,,31567,2989,,,2,103,,31568,2989,,,2,96,,31572,2989,,,2,102,,31569,2989,,,2,98,,31553,2989,,,2,99,,31554,2989,,,2,103,,31555,2989,,,2,103,,31556,2989,,,2,103,,31557,2989,,,2,96,,31560,2989,,,2,100,,31571,2989,,,2,100,,31570,2989,,,2,100,,31561,2989,,,2,97,,31564,2989,,,2,103,,31565,2989,,,2,101,,31566,2989,,,2
5001,'SE',538,,31578,2989,,,2,70,,31582,2989,,,2,30,,31584,2989,,,2,70,,31587,2989,,,2,30,,31583,2989,,,2,70,,31579,2989,,,2,30,,31585,2989,,,2,73,,31588,2989,,,2,27,,31596,2989,,,2,100,,31599,2989,,,2,100,,31586,2989,,,2,100,,31581,2989,,,2,100,,31589,2989,,,2,99,,31573,2989,,,2,102,,31590,2989,,,2,68,,31600,2989,,,2,33,,31577,2989,,,2,74,,31601,2989,,,2,26,,31591,2989,,,2,70,,31574,2989,,,2,30,,31597,2989,,,2,98,,31598,2989,,,2,100,,31575,2989,,,2,100,,31592,2989,,,2,100,,31576,2989,,,2,100,,31593,2989,,,2,100,,31594,2989,,,2
50501,'F7',918,,40632,8843,,,2
50501,'SE',918,,40633,8843,,,2
