8000,'DI',633,,35390,12932,0,50,1,100,,35391,12932,0,50,1,100,,35392,12932,0,50,1,100,,35393,12932,0,50,1,100,,35394,12932,0,50,1,100,,35395,12932,0,50,1,100,,35396,12932,0,50,1,100,,35397,12932,0,50,1,100,,35398,12932,0,50,1,100,,35399,12932,0,50,1,100,,35400,12932,0,50,1,101,,35401,12932,0,50,1,100,,35402,12932,0,50,1,100,,35403,12932,0,50,1,100,,35404,12932,0,50,1,100,,35405,12932,0,50,1,100,,35406,12932,0,50,1,100,,35407,12932,0,50,1,100,,35408,12932,0,50,1
8000,'F1',634,,35415,12932,0,50,1,100,,35416,12932,0,50,1,100,,35417,12932,0,50,1,100,,35418,12932,0,50,1,100,,35419,12932,0,50,1,100,,13880,12932,0,50,1,100,,35420,12932,0,50,1,100,,35421,12932,0,50,1,100,,35422,12932,0,50,1,100,,35423,12932,0,50,1,100,,35424,12932,0,50,1,100,,35425,12932,0,50,1,100,,35426,12932,0,50,1,100,,35411,12932,0,50,1,100,,35412,12932,0,50,1,100,,35409,12932,0,50,1,100,,35413,12932,0,50,1,100,,35410,12932,0,50,1,100,,35414,12932,0,50,1
8000,'F2',634,,35427,12932,0,50,1,100,,35428,12932,0,50,1,100,,35429,12932,0,50,1,100,,35430,12932,0,50,1,100,,35431,12932,0,50,1,100,,35432,12932,0,50,1,100,,35433,12932,0,50,1,100,,35434,12932,0,50,1,100,,35435,12932,0,50,1,100,,35436,12932,0,50,1,100,,35437,12932,0,50,1,100,,35438,12932,0,50,1,100,,35439,12932,0,50,1,100,,35440,12932,0,50,1,100,,35441,12932,0,50,1,100,,35442,12932,0,50,1,100,,35443,12932,0,50,1,100,,35444,12932,0,50,1,100,,35445,12932,0,50,1
8000,'F7',555,,35451,12932,0,50,1,80,,35447,12932,0,50,1,69,,35450,12932,0,50,1,29,,35448,12932,0,50,1,70,,35446,12932,0,50,1,33,,35468,12932,0,50,1,97,,35452,12932,0,50,1,101,,35453,12932,0,50,1,100,,35454,12932,0,50,1,100,,35455,12932,0,50,1,100,,35456,12932,0,50,1,100,,35457,12932,0,50,1,101,,35458,12932,0,50,1,65,,35459,12932,0,50,1,35,,35469,12932,0,50,1,70,,35460,12932,0,50,1,24,,35449,12932,0,50,1,86,,35461,12932,0,50,1,99,,35462,12932,0,50,1,100,,35463,12932,0,50,1,99,,35464,12932,0,50,1,100,,35465,12932,0,50,1,100,,35466,12932,0,50,1,100,,35467,12932,0,50,1
8000,'F8',634,,35470,12932,0,50,1,100,,35471,12932,0,50,1,100,,35472,12932,0,50,1,100,,35473,12932,0,50,1,100,,35474,12932,0,50,1,100,,35475,12932,0,50,1,100,,35476,12932,0,50,1,100,,35477,12932,0,50,1,100,,35478,12932,0,50,1,100,,35479,12932,0,50,1,100,,35480,12932,0,50,1,100,,35481,12932,0,50,1,100,,35482,12932,0,50,1,100,,35483,12932,0,50,1,100,,35484,12932,0,50,1,100,,35485,12932,0,50,1,100,,35486,12932,0,50,1,100,,35487,12932,0,50,1,100,,35488,12932,0,50,1
8000,'F9',633,,35489,12932,0,50,1,100,,35490,12932,0,50,1,100,,35491,12932,0,50,1,100,,35492,12932,0,50,1,100,,35493,12932,0,50,1,100,,35494,12932,0,50,1,100,,35495,12932,0,50,1,100,,35496,12932,0,50,1,100,,35497,12932,0,50,1,100,,35498,12932,0,50,1,100,,35499,12932,0,50,1,101,,35500,12932,0,50,1,100,,35501,12932,0,50,1,100,,35502,12932,0,50,1,100,,35503,12932,0,50,1,100,,35504,12932,0,50,1,100,,35505,12932,0,50,1,100,,35506,12932,0,50,1,100,,35507,12932,0,50,1
8000,'SA',634,,35508,12932,0,50,1,100,,35509,12932,0,50,1,100,,35510,12932,0,50,1,100,,35511,12932,0,50,1,100,,35512,12932,0,50,1,100,,35513,12932,0,50,1,100,,35514,12932,0,50,1,100,,35515,12932,0,50,1,100,,35516,12932,0,50,1,100,,35517,12932,0,50,1,100,,35518,12932,0,50,1,100,,35519,12932,0,50,1,100,,35520,12932,0,50,1,100,,35521,12932,0,50,1,100,,35522,12932,0,50,1,100,,35523,12932,0,50,1,100,,35524,12932,0,50,1,100,,35525,12932,0,50,1,100,,35526,12932,0,50,1
8000,'SE',555,,35532,12932,0,50,1,80,,35528,12932,0,50,1,69,,35531,12932,0,50,1,29,,35529,12932,0,50,1,70,,35527,12932,0,50,1,33,,35548,12932,0,50,1,97,,35533,12932,0,50,1,101,,35534,12932,0,50,1,100,,35535,12932,0,50,1,100,,35536,12932,0,50,1,100,,35537,12932,0,50,1,100,,35538,12932,0,50,1,101,,35539,12932,0,50,1,65,,35540,12932,0,50,1,35,,35549,12932,0,50,1,70,,35541,12932,0,50,1,24,,35530,12932,0,50,1,86,,35542,12932,0,50,1,99,,13983,12932,0,50,1,100,,35543,12932,0,50,1,99,,35544,12932,0,50,1,100,,35545,12932,0,50,1,100,,35546,12932,0,50,1,100,,35547,12932,0,50,1
18000,'F7',1610,,38940,12932,0,50,2,31,,38941,12932,0,50,2,18,,38936,12932,0,50,2,64,,38938,12932,0,50,2,32,,38935,12932,0,50,2,70,,38937,12932,0,50,2,20,,38939,12932,0,50,2
18000,'SE',1610,,38947,12932,0,50,2,31,,38948,12932,0,50,2,18,,38943,12932,0,50,2,64,,38945,12932,0,50,2,32,,38942,12932,0,50,2,70,,38944,12932,0,50,2,20,,38946,12932,0,50,2
