12001,'F7',603,,37590,2015,,,2,31,,37596,2015,,,2,66,,37588,2015,,,2,37,,37597,2015,,,2,69,,37589,2015,,,2,33,,37591,2015,,,2,795,,37592,2015,,,2,71,,37593,2015,,,2,36,,37598,2015,,,2,62,,37595,2015,,,2,29,,37594,2015,,,2
12001,'SE',603,,37601,2015,,,2,31,,37607,2015,,,2,66,,37599,2015,,,2,37,,37608,2015,,,2,69,,37600,2015,,,2,33,,37602,2015,,,2,795,,37603,2015,,,2,71,,37604,2015,,,2,36,,37609,2015,,,2,62,,37606,2015,,,2,29,,37605,2015,,,2
12300,'DI',646,,37610,17304,0,42 43,1,100,,37620,17304,0,42 43,1,100,,37611,17304,0,42 43,1,100,,37621,17304,0,42 43,1,100,,37612,17304,0,42 43,1,100,,37622,17304,0,42 43,1,105,,37613,17304,0,42 43,1,95,,37623,17304,0,42 43,1,100,,37614,17304,0,42 43,1,100,,37624,17304,0,42 43,1,100,,37615,17304,0,42 43,1,100,,37625,17304,0,42 43,1,100,,37616,17304,0,42 43,1,100,,37626,17304,0,42 43,1,100,,37617,17304,0,42 43,1,100,,37627,17304,0,42 43,1,100,,37618,17304,0,42 43,1,100,,37628,17304,0,42 43,1,100,,37619,17304,0,42 43,1
12300,'F1',646,,37637,17304,0,42 43,1,100,,37641,17304,0,42 43,1,100,,37631,17304,0,42 43,1,105,,37642,17304,0,42 43,1,99,,37632,17304,0,42 43,1,100,,37629,17304,0,42 43,1,100,,37633,17304,0,42 43,1,96,,37630,17304,0,42 43,1,100,,37634,17304,0,42 43,1,100,,37635,17304,0,42 43,1,104,,37643,17304,0,42 43,1,101,,37636,17304,0,42 43,1,99,,37644,17304,0,42 43,1,96,,37638,17304,0,42 43,1,100,,37645,17304,0,42 43,1,100,,37639,17304,0,42 43,1,100,,37646,17304,0,42 43,1,100,,37640,17304,0,42 43,1,100,,37647,17304,0,42 43,1
12300,'F2',646,,37649,17304,0,42 43,1,100,,37648,17304,0,42 43,1,100,,37650,17304,0,42 43,1,105,,37659,17304,0,42 43,1,99,,37651,17304,0,42 43,1,100,,37660,17304,0,42 43,1,100,,37652,17304,0,42 43,1,96,,37661,17304,0,42 43,1,100,,37653,17304,0,42 43,1,100,,37662,17304,0,42 43,1,104,,37654,17304,0,42 43,1,101,,37663,17304,0,42 43,1,99,,37655,17304,0,42 43,1,96,,37664,17304,0,42 43,1,100,,37656,17304,0,42 43,1,100,,37665,17304,0,42 43,1,100,,37657,17304,0,42 43,1,100,,37666,17304,0,42 43,1,100,,37658,17304,0,42 43,1
12300,'F7',541,,37686,17304,0,42 43,1,73,,37667,17304,0,42 43,1,15,,37674,17304,0,42 43,1,10,,37668,17304,0,42 43,1,10,,37688,17304,0,42 43,1,10,,37679,17304,0,42 43,1,55,,37689,17304,0,42 43,1,8,,37669,17304,0,42 43,1,12,,37693,17304,0,42 43,1,10,,37670,17304,0,42 43,1,61,,37694,17304,0,42 43,1,17,,37690,17304,0,42 43,1,30,,37696,17304,0,42 43,1,65,,37695,17304,0,42 43,1,29,,37676,17304,0,42 43,1,102,,37671,17304,0,42 43,1,100,,37681,17304,0,42 43,1,99,,37691,17304,0,42 43,1,105,,37683,17304,0,42 43,1,5,,37680,17304,0,42 43,1,93,,37687,17304,0,42 43,1,70,,37697,17304,0,42 43,1,32,,37684,17304,0,42 43,1,66,,37682,17304,0,42 43,1,28,,37699,17304,0,42 43,1,71,,37701,17304,0,42 43,1,31,,37673,17304,0,42 43,1,68,,37685,17304,0,42 43,1,35,,37672,17304,0,42 43,1,68,,37698,17304,0,42 43,1,30,,37692,17304,0,42 43,1,68,,37675,17304,0,42 43,1,30,,37700,17304,0,42 43,1,100,,37677,17304,0,42 43,1,100,,37702,17304,0,42 43,1,96,,37678,17304,0,42 43,1,100,,37703,17304,0,42 43,1
12300,'F8',646,,37705,17304,0,42 43,1,100,,37704,17304,0,42 43,1,100,,37706,17304,0,42 43,1,105,,37715,17304,0,42 43,1,99,,37707,17304,0,42 43,1,100,,37716,17304,0,42 43,1,100,,37708,17304,0,42 43,1,96,,37717,17304,0,42 43,1,100,,37709,17304,0,42 43,1,100,,37718,17304,0,42 43,1,104,,37710,17304,0,42 43,1,101,,37719,17304,0,42 43,1,99,,37711,17304,0,42 43,1,96,,37720,17304,0,42 43,1,100,,37712,17304,0,42 43,1,100,,37721,17304,0,42 43,1,100,,37713,17304,0,42 43,1,100,,37722,17304,0,42 43,1,100,,37714,17304,0,42 43,1
12300,'F9',646,,37723,17304,0,42 43,1,100,,37733,17304,0,42 43,1,100,,37724,17304,0,42 43,1,100,,37734,17304,0,42 43,1,100,,37725,17304,0,42 43,1,100,,37735,17304,0,42 43,1,105,,37726,17304,0,42 43,1,95,,37736,17304,0,42 43,1,100,,37727,17304,0,42 43,1,100,,37737,17304,0,42 43,1,100,,37728,17304,0,42 43,1,100,,37738,17304,0,42 43,1,100,,37729,17304,0,42 43,1,100,,37739,17304,0,42 43,1,100,,37730,17304,0,42 43,1,100,,37740,17304,0,42 43,1,100,,37731,17304,0,42 43,1,100,,37741,17304,0,42 43,1,100,,37732,17304,0,42 43,1
12300,'SA',646,,37743,17304,0,42 43,1,100,,37742,17304,0,42 43,1,100,,37744,17304,0,42 43,1,105,,37753,17304,0,42 43,1,99,,37745,17304,0,42 43,1,100,,37754,17304,0,42 43,1,100,,37746,17304,0,42 43,1,96,,37755,17304,0,42 43,1,100,,37747,17304,0,42 43,1,100,,37756,17304,0,42 43,1,104,,37748,17304,0,42 43,1,101,,37757,17304,0,42 43,1,99,,37749,17304,0,42 43,1,96,,37758,17304,0,42 43,1,100,,37750,17304,0,42 43,1,100,,37759,17304,0,42 43,1,100,,37751,17304,0,42 43,1,100,,37760,17304,0,42 43,1,100,,37752,17304,0,42 43,1
12300,'SE',541,,37780,17304,0,42 43,1,73,,37761,17304,0,42 43,1,15,,37768,17304,0,42 43,1,10,,37762,17304,0,42 43,1,10,,37782,17304,0,42 43,1,10,,37773,17304,0,42 43,1,55,,37783,17304,0,42 43,1,8,,37763,17304,0,42 43,1,12,,37787,17304,0,42 43,1,10,,37764,17304,0,42 43,1,61,,37788,17304,0,42 43,1,17,,37784,17304,0,42 43,1,30,,37790,17304,0,42 43,1,65,,37789,17304,0,42 43,1,29,,37770,17304,0,42 43,1,102,,37765,17304,0,42 43,1,100,,37775,17304,0,42 43,1,99,,37785,17304,0,42 43,1,105,,37777,17304,0,42 43,1,5,,37774,17304,0,42 43,1,93,,37781,17304,0,42 43,1,70,,37791,17304,0,42 43,1,32,,37778,17304,0,42 43,1,66,,37776,17304,0,42 43,1,28,,37793,17304,0,42 43,1,71,,37795,17304,0,42 43,1,31,,37767,17304,0,42 43,1,68,,37779,17304,0,42 43,1,35,,37766,17304,0,42 43,1,68,,37792,17304,0,42 43,1,30,,37786,17304,0,42 43,1,68,,37769,17304,0,42 43,1,30,,37794,17304,0,42 43,1,100,,37771,17304,0,42 43,1,100,,37796,17304,0,42 43,1,96,,37772,17304,0,42 43,1,100,,37797,17304,0,42 43,1
