2901,'DI',715,,7243,7894,,,1,100,,7244,7894,,,1,100,,7245,7894,,,1,100,,7246,7894,,,1,100,,7247,7894,,,1,100,,7248,7894,,,1,100,,7249,7894,,,1,100,,7250,7894,,,1,100,,7251,7894,,,1,100,,7252,7894,,,1,100,,7253,7894,,,1,100,,7254,7894,,,1,98,,7255,7894,,,1,100,,7256,7894,,,1,100,,7257,7894,,,1,100,,7258,7894,,,1,100,,7259,7894,,,1,120,,7260,7894,,,1
2901,'F1',715,,7270,7894,,,1,100,,7271,7894,,,1,100,,7272,7894,,,1,100,,7273,7894,,,1,100,,7274,7894,,,1,100,,7275,7894,,,1,100,,7276,7894,,,1,100,,7277,7894,,,1,99,,7278,7894,,,1,99,,7279,7894,,,1,99,,7280,7894,,,1,108,,7262,7894,,,1,97,,7263,7894,,,1,97,,7264,7894,,,1,99,,7265,7894,,,1,100,,7266,7894,,,1,100,,7267,7894,,,1,120,,7268,7894,,,1
2901,'F7',715,,7281,7894,,,1,100,,7282,7894,,,1,100,,7283,7894,,,1,100,,7284,7894,,,1,100,,7285,7894,,,1,100,,7286,7894,,,1,100,,7287,7894,,,1,100,,7288,7894,,,1,100,,7289,7894,,,1,100,,7290,7894,,,1,100,,7291,7894,,,1,100,,7292,7894,,,1,98,,7293,7894,,,1,100,,7294,7894,,,1,100,,7295,7894,,,1,100,,7296,7894,,,1,100,,7297,7894,,,1,120,,7298,7894,,,1
2901,'F8',646,,7311,7894,,,1,66,,7310,7894,,,1,36,,7308,7894,,,1,3,,7314,7894,,,1,67,,7304,7894,,,1,30,,7301,7894,,,1,68,,7312,7894,,,1,103,,7309,7894,,,1,100,,7302,7894,,,1,101,,7303,7894,,,1,100,,7326,7894,,,1,100,,7300,7894,,,1,102,,7325,7894,,,1,35,,7327,7894,,,1,64,,7324,7894,,,1,34,,7315,7894,,,1,60,,7307,7894,,,1,28,,7323,7894,,,1,13,,7322,7894,,,1,68,,7313,7894,,,1,28,,7316,7894,,,1,67,,7305,7894,,,1,98,,7306,7894,,,1,99,,7317,7894,,,1,99,,7318,7894,,,1,98,,7319,7894,,,1,120,,7320,7894,,,1
2901,'F9',715,,7336,7894,,,1,100,,7337,7894,,,1,100,,7338,7894,,,1,100,,7339,7894,,,1,100,,7340,7894,,,1,100,,7341,7894,,,1,100,,7342,7894,,,1,100,,7343,7894,,,1,99,,7344,7894,,,1,99,,7345,7894,,,1,99,,7346,7894,,,1,108,,7328,7894,,,1,97,,7329,7894,,,1,97,,7330,7894,,,1,99,,7331,7894,,,1,100,,7332,7894,,,1,100,,7333,7894,,,1,120,,7334,7894,,,1
2901,'SA',715,,7355,7894,,,1,100,,7356,7894,,,1,100,,7357,7894,,,1,100,,7358,7894,,,1,100,,7359,7894,,,1,100,,7360,7894,,,1,100,,7361,7894,,,1,100,,7362,7894,,,1,99,,7363,7894,,,1,99,,7364,7894,,,1,99,,7365,7894,,,1,108,,7347,7894,,,1,97,,7348,7894,,,1,97,,7349,7894,,,1,99,,7350,7894,,,1,100,,7351,7894,,,1,100,,7352,7894,,,1,120,,7353,7894,,,1
2901,'SE',646,,7377,7894,,,1,66,,7376,7894,,,1,36,,7374,7894,,,1,3,,7380,7894,,,1,67,,7370,7894,,,1,30,,7367,7894,,,1,68,,7378,7894,,,1,103,,7375,7894,,,1,100,,7368,7894,,,1,101,,7369,7894,,,1,100,,7392,7894,,,1,100,,7366,7894,,,1,102,,7391,7894,,,1,35,,7393,7894,,,1,64,,7390,7894,,,1,34,,7381,7894,,,1,60,,7373,7894,,,1,28,,7389,7894,,,1,13,,7388,7894,,,1,68,,7379,7894,,,1,28,,7382,7894,,,1,67,,7371,7894,,,1,98,,7372,7894,,,1,99,,7383,7894,,,1,99,,7384,7894,,,1,98,,7385,7894,,,1,120,,7386,7894,,,1
56501,'F8',852,,18832,9550,,,2
56501,'SE',852,,18833,9550,,,2
62400,'F8',1450,,18894,0,,,2
62400,'SE',1450,,18895,0,,,2
