600,'DI',643,,22284,6837,,,1,70,,22276,6837,,,1,30,,22272,6837,,,1,71,,22283,6837,,,1,30,,22269,6837,,,1,70,,22261,6837,,,1,31,,22273,6837,,,1,70,,22280,6837,,,1,30,,22257,6837,,,1,69,,1973,6837,,,1,31,,22265,6837,,,1,70,,22258,6837,,,1,30,,22262,6837,,,1,74,,22268,6837,,,1,29,,22259,6837,,,1,70,,22270,6837,,,1,27,,22266,6837,,,1,73,,22263,6837,,,1,30,,22274,6837,,,1,69,,22285,6837,,,1,31,,22277,6837,,,1,67,,22275,6837,,,1,30,,22286,6837,,,1,70,,22278,6837,,,1,27,,22260,6837,,,1,71,,22267,6837,,,1,104,,22281,6837,,,1,100,,22271,6837,,,1,99,,22264,6837,,,1,100,,22256,6837,,,1,100,,22279,6837,,,1,100,,22282,6837,,,1
600,'F1',643,,22312,6837,,,1,71,,22304,6837,,,1,29,,22301,6837,,,1,70,,22290,6837,,,1,34,,22302,6837,,,1,66,,22305,6837,,,1,35,,22287,6837,,,1,63,,2011,6837,,,1,32,,22314,6837,,,1,69,,22307,6837,,,1,30,,22315,6837,,,1,78,,22308,6837,,,1,30,,22313,6837,,,1,67,,22288,6837,,,1,31,,22309,6837,,,1,67,,22294,6837,,,1,30,,22289,6837,,,1,70,,22291,6837,,,1,30,,22295,6837,,,1,70,,22310,6837,,,1,30,,22292,6837,,,1,70,,22296,6837,,,1,30,,22311,6837,,,1,70,,22293,6837,,,1,30,,22298,6837,,,1,70,,22303,6837,,,1,105,,22316,6837,,,1,100,,22297,6837,,,1,99,,22299,6837,,,1,100,,22317,6837,,,1,100,,22306,6837,,,1,100,,22300,6837,,,1
600,'F2',643,,22349,6837,,,1,71,,22338,6837,,,1,29,,22334,6837,,,1,70,,22331,6837,,,1,34,,22335,6837,,,1,66,,22339,6837,,,1,35,,22348,6837,,,1,63,,22336,6837,,,1,32,,22345,6837,,,1,69,,22332,6837,,,1,30,,22325,6837,,,1,78,,22333,6837,,,1,30,,22326,6837,,,1,67,,22318,6837,,,1,31,,22340,6837,,,1,67,,22327,6837,,,1,30,,22319,6837,,,1,70,,22341,6837,,,1,30,,22328,6837,,,1,70,,22320,6837,,,1,30,,22342,6837,,,1,70,,22329,6837,,,1,30,,22321,6837,,,1,70,,22343,6837,,,1,30,,22330,6837,,,1,70,,22346,6837,,,1,105,,22337,6837,,,1,100,,22322,6837,,,1,99,,22324,6837,,,1,100,,22347,6837,,,1,100,,22344,6837,,,1,100,,22323,6837,,,1
600,'F7',554,,22368,6837,,,1,70,,22351,6837,,,1,30,,22369,6837,,,1,72,,22375,6837,,,1,32,,22371,6837,,,1,67,,22382,6837,,,1,33,,22370,6837,,,1,69,,22354,6837,,,1,30,,22365,6837,,,1,70,,22364,6837,,,1,30,,22383,6837,,,1,70,,22373,6837,,,1,31,,22374,6837,,,1,70,,22380,6837,,,1,30,,22378,6837,,,1,70,,22362,6837,,,1,30,,22366,6837,,,1,71,,22361,6837,,,1,29,,22356,6837,,,1,72,,22372,6837,,,1,70,,22379,6837,,,1,29,,22377,6837,,,1,78,,22359,6837,,,1,25,,22363,6837,,,1,69,,22360,6837,,,1,28,,22350,6837,,,1,29,,22357,6837,,,1,70,,22376,6837,,,1,28,,22385,6837,,,1,70,,22353,6837,,,1,29,,22381,6837,,,1,70,,22358,6837,,,1,100,,22352,6837,,,1,100,,22384,6837,,,1,100,,22355,6837,,,1,100,,22367,6837,,,1
600,'F8',643,,22417,6837,,,1,71,,22406,6837,,,1,29,,22402,6837,,,1,70,,22399,6837,,,1,34,,22403,6837,,,1,66,,22407,6837,,,1,35,,22416,6837,,,1,63,,22404,6837,,,1,32,,22413,6837,,,1,69,,22400,6837,,,1,30,,22393,6837,,,1,78,,22401,6837,,,1,30,,22394,6837,,,1,67,,22386,6837,,,1,31,,22408,6837,,,1,67,,22395,6837,,,1,30,,22387,6837,,,1,70,,22409,6837,,,1,30,,22396,6837,,,1,70,,22388,6837,,,1,30,,22410,6837,,,1,70,,22397,6837,,,1,30,,22389,6837,,,1,70,,22411,6837,,,1,30,,22398,6837,,,1,70,,22414,6837,,,1,105,,22405,6837,,,1,100,,22390,6837,,,1,99,,22392,6837,,,1,100,,22415,6837,,,1,100,,22412,6837,,,1,100,,22391,6837,,,1
600,'F9',643,,22447,6837,,,1,70,,22439,6837,,,1,30,,22435,6837,,,1,71,,22446,6837,,,1,30,,22432,6837,,,1,70,,22423,6837,,,1,31,,22436,6837,,,1,70,,22443,6837,,,1,30,,22419,6837,,,1,69,,22424,6837,,,1,31,,22428,6837,,,1,70,,22420,6837,,,1,30,,22425,6837,,,1,74,,22431,6837,,,1,29,,22421,6837,,,1,70,,22433,6837,,,1,27,,22429,6837,,,1,73,,22426,6837,,,1,30,,22437,6837,,,1,69,,22448,6837,,,1,31,,22440,6837,,,1,67,,22438,6837,,,1,30,,22449,6837,,,1,70,,22441,6837,,,1,27,,22422,6837,,,1,71,,22430,6837,,,1,104,,22444,6837,,,1,100,,22434,6837,,,1,99,,22427,6837,,,1,100,,22418,6837,,,1,100,,22442,6837,,,1,100,,22445,6837,,,1
600,'SA',643,,22481,6837,,,1,71,,22470,6837,,,1,29,,22466,6837,,,1,70,,22463,6837,,,1,34,,22467,6837,,,1,66,,22471,6837,,,1,35,,22480,6837,,,1,63,,22468,6837,,,1,32,,22477,6837,,,1,69,,22464,6837,,,1,30,,22457,6837,,,1,78,,22465,6837,,,1,30,,22458,6837,,,1,67,,22450,6837,,,1,31,,22472,6837,,,1,67,,22459,6837,,,1,30,,22451,6837,,,1,70,,22473,6837,,,1,30,,22460,6837,,,1,70,,22452,6837,,,1,30,,22474,6837,,,1,70,,22461,6837,,,1,30,,22453,6837,,,1,70,,22475,6837,,,1,30,,22462,6837,,,1,70,,22478,6837,,,1,105,,22469,6837,,,1,100,,22454,6837,,,1,99,,22456,6837,,,1,100,,22479,6837,,,1,100,,22476,6837,,,1,100,,22455,6837,,,1
600,'SE',554,,22500,6837,,,1,70,,22483,6837,,,1,30,,22501,6837,,,1,72,,22507,6837,,,1,32,,22503,6837,,,1,67,,22514,6837,,,1,33,,22502,6837,,,1,69,,22486,6837,,,1,30,,22497,6837,,,1,70,,22496,6837,,,1,30,,22515,6837,,,1,70,,22505,6837,,,1,31,,22506,6837,,,1,70,,22512,6837,,,1,30,,22510,6837,,,1,70,,22494,6837,,,1,30,,22498,6837,,,1,71,,22493,6837,,,1,29,,22488,6837,,,1,72,,22504,6837,,,1,70,,22511,6837,,,1,29,,22509,6837,,,1,78,,22491,6837,,,1,25,,22495,6837,,,1,69,,22492,6837,,,1,28,,22482,6837,,,1,29,,22489,6837,,,1,70,,22508,6837,,,1,28,,22517,6837,,,1,70,,22485,6837,,,1,29,,22513,6837,,,1,70,,22490,6837,,,1,100,,22484,6837,,,1,100,,22516,6837,,,1,100,,22487,6837,,,1,100,,22499,6837,,,1
60600,'F7',1705,,40753,6434,,,2
60600,'SE',1705,,40754,6434,,,2
