3201,'DI',536,,28612,5086,,,2,99,,28613,5086,,,2,101,,28614,5086,,,2,99,,28615,5086,,,2,102,,28616,5086,,,2,100,,28619,5086,,,2,101,,28621,5086,,,2,102,,28617,5086,,,2,103,,28623,5086,,,2,98,,28622,5086,,,2,104,,28625,5086,,,2,96,,28624,5086,,,2,99,,28627,5086,,,2,100,,28626,5086,,,2,99,,28620,5086,,,2,100,,28610,5086,,,2,100,,28628,5086,,,2,100,,28630,5086,,,2,100,,28618,5086,,,2,100,,28629,5086,,,2,99,,28611,5086,,,2
3201,'F1',536,,28631,5086,,,2,99,,28632,5086,,,2,101,,28633,5086,,,2,96,,28634,5086,,,2,103,,28635,5086,,,2,101,,28641,5086,,,2,102,,28649,5086,,,2,100,,28648,5086,,,2,106,,28651,5086,,,2,102,,28650,5086,,,2,97,,28636,5086,,,2,98,,28638,5086,,,2,99,,28642,5086,,,2,100,,28637,5086,,,2,99,,28639,5086,,,2,100,,28643,5086,,,2,100,,28644,5086,,,2,100,,28646,5086,,,2,100,,28647,5086,,,2,100,,28645,5086,,,2,99,,28640,5086,,,2
3201,'F2',536,,28653,5086,,,2,99,,28654,5086,,,2,101,,28655,5086,,,2,96,,28656,5086,,,2,103,,28657,5086,,,2,101,,28663,5086,,,2,102,,28658,5086,,,2,100,,28672,5086,,,2,106,,28664,5086,,,2,102,,28659,5086,,,2,97,,28660,5086,,,2,98,,28665,5086,,,2,99,,28666,5086,,,2,100,,28661,5086,,,2,99,,28668,5086,,,2,100,,28667,5086,,,2,100,,28669,5086,,,2,100,,28671,5086,,,2,100,,28670,5086,,,2,100,,28662,5086,,,2,99,,28652,5086,,,2
3201,'F7',512,,28689,9373,,,2,30,,28695,9373,,,2,70,,28693,9373,,,2,29,,28698,9373,,,2,75,,28696,9373,,,2,27,,28690,9373,,,2,64,,28687,9373,,,2,30,,28694,9373,,,2,75,,28685,9373,,,2,96,,28680,5086,,,2,101,,28681,5086,,,2,100,,28684,5086,,,2,100,,28675,5086,,,2,100,,28683,5086,,,2,103,,28676,5086,,,2,105,,28673,5086,,,2,20,,28688,9373,,,2,70,,28692,9373,,,2,30,,28699,9373,,,2,70,,28697,9373,,,2,23,,28691,9373,,,2,73,,28700,9373,,,2,25,,28686,9373,,,2,87,,28682,5086,,,2,100,,28678,5086,,,2,98,,28679,5086,,,2,100,,28674,5086,,,2,98,,28677,5086,,,2
3201,'F8',536,,28702,5086,,,2,99,,28703,5086,,,2,101,,28704,5086,,,2,96,,28705,5086,,,2,103,,28706,5086,,,2,101,,28712,5086,,,2,102,,28707,5086,,,2,100,,28721,5086,,,2,106,,28713,5086,,,2,102,,28708,5086,,,2,97,,28709,5086,,,2,98,,28714,5086,,,2,99,,28715,5086,,,2,100,,28710,5086,,,2,99,,28717,5086,,,2,100,,28716,5086,,,2,100,,28718,5086,,,2,100,,28720,5086,,,2,100,,28719,5086,,,2,100,,28711,5086,,,2,99,,28701,5086,,,2
3201,'F9',536,,28724,5086,,,2,99,,28725,5086,,,2,101,,28726,5086,,,2,99,,28727,5086,,,2,102,,28728,5086,,,2,100,,28731,5086,,,2,101,,28733,5086,,,2,102,,28729,5086,,,2,103,,28735,5086,,,2,98,,28734,5086,,,2,104,,28737,5086,,,2,96,,28736,5086,,,2,99,,28739,5086,,,2,100,,28738,5086,,,2,99,,28732,5086,,,2,100,,28722,5086,,,2,100,,28740,5086,,,2,100,,28742,5086,,,2,100,,28730,5086,,,2,100,,28741,5086,,,2,99,,28723,5086,,,2
3201,'SA',536,,28744,5086,,,2,99,,28745,5086,,,2,101,,28746,5086,,,2,96,,28747,5086,,,2,103,,28748,5086,,,2,101,,28754,5086,,,2,102,,28749,5086,,,2,100,,28763,5086,,,2,106,,28755,5086,,,2,102,,28750,5086,,,2,97,,28751,5086,,,2,98,,28756,5086,,,2,99,,28757,5086,,,2,100,,28752,5086,,,2,99,,28759,5086,,,2,100,,28758,5086,,,2,100,,28760,5086,,,2,100,,28762,5086,,,2,100,,28761,5086,,,2,100,,28753,5086,,,2,99,,28743,5086,,,2
3201,'SE',512,,28779,9373,,,2,30,,28785,9373,,,2,70,,28783,9373,,,2,29,,28788,9373,,,2,75,,28786,9373,,,2,27,,28780,9373,,,2,64,,28777,9373,,,2,30,,28784,9373,,,2,75,,28775,9373,,,2,96,,28771,5086,,,2,101,,28772,5086,,,2,100,,28774,5086,,,2,100,,28766,5086,,,2,100,,7845,5086,,,2,103,,28767,5086,,,2,105,,28764,5086,,,2,20,,28778,9373,,,2,70,,28782,9373,,,2,30,,28789,9373,,,2,70,,28787,9373,,,2,23,,28781,9373,,,2,73,,28790,9373,,,2,25,,28776,9373,,,2,87,,28773,5086,,,2,100,,28769,5086,,,2,98,,28770,5086,,,2,100,,28765,5086,,,2,98,,28768,5086,,,2
13201,'DI',718,,38200,7836,,,2,100,,38198,7836,,,2,100,,38199,7836,,,2,100,,38204,7836,,,2,100,,38201,7836,,,2,100,,38202,7836,,,2,100,,38205,7836,,,2,100,,38208,7836,,,2,100,,38206,7836,,,2,105,,38210,7836,,,2,95,,38209,7836,,,2,100,,38207,7836,,,2,101,,38211,7836,,,2,97,,38212,7836,,,2,100,,38203,7836,,,2,100,,38197,7836,,,2,100,,38213,7836,,,2,100,,38214,7836,,,2
13201,'F1',718,,38215,7836,,,2,100,,38228,7836,,,2,100,,38219,7836,,,2,100,,38229,7836,,,2,103,,38216,7836,,,2,97,,38220,7836,,,2,104,,38230,7836,,,2,96,,38227,7836,,,2,104,,38231,7836,,,2,96,,38221,7836,,,2,100,,38217,7836,,,2,100,,38218,7836,,,2,101,,38222,7836,,,2,97,,38223,7836,,,2,100,,16454,7836,,,2,100,,38226,7836,,,2,100,,38224,7836,,,2,100,,38225,7836,,,2
13201,'F2',718,,38233,7836,,,2,100,,38249,7836,,,2,100,,38237,7836,,,2,100,,38232,7836,,,2,103,,38234,7836,,,2,97,,38238,7836,,,2,104,,38235,7836,,,2,96,,38248,7836,,,2,104,,38239,7836,,,2,96,,38241,7836,,,2,100,,38236,7836,,,2,100,,38240,7836,,,2,101,,38242,7836,,,2,97,,38244,7836,,,2,100,,38243,7836,,,2,100,,38246,7836,,,2,100,,38245,7836,,,2,100,,38247,7836,,,2
13201,'F7',552,,38256,7836,,,2,70,,38253,7836,,,2,32,,38263,7836,,,2,60,,38255,7836,,,2,23,,38261,7836,,,2,10,,38267,7836,,,2,10,,38265,7836,,,2,62,,38264,7836,,,2,18,,38257,7836,,,2,16,,38262,7836,,,2,60,,38266,7836,,,2,20,,38277,7836,,,2,19,,38258,7836,,,2,97,,38278,7836,,,2,99,,38275,7836,,,2,96,,38276,7836,,,2,100,,38268,7836,,,2,110,,38269,7836,,,2,51,,38272,7836,,,2,3,,38250,7836,,,2,43,,38259,7836,,,2,65,,38270,7836,,,2,20,,38273,7836,,,2,18,,38254,7836,,,2,63,,38260,7836,,,2,19,,38252,7836,,,2,19,,38271,7836,,,2,59,,38251,7836,,,2,40,,38274,7836,,,2
13201,'F8',718,,38280,7836,,,2,100,,38296,7836,,,2,100,,38284,7836,,,2,100,,38279,7836,,,2,103,,38281,7836,,,2,97,,38285,7836,,,2,104,,38282,7836,,,2,96,,38295,7836,,,2,104,,38286,7836,,,2,96,,38288,7836,,,2,100,,38283,7836,,,2,100,,38287,7836,,,2,101,,38289,7836,,,2,97,,38291,7836,,,2,100,,38290,7836,,,2,100,,38293,7836,,,2,100,,38292,7836,,,2,100,,38294,7836,,,2
13201,'F9',718,,38300,7836,,,2,100,,38298,7836,,,2,100,,38299,7836,,,2,100,,38304,7836,,,2,100,,38301,7836,,,2,100,,38302,7836,,,2,100,,38305,7836,,,2,100,,38308,7836,,,2,100,,38306,7836,,,2,105,,38310,7836,,,2,95,,38309,7836,,,2,100,,38307,7836,,,2,101,,38311,7836,,,2,97,,38312,7836,,,2,100,,38303,7836,,,2,100,,38297,7836,,,2,100,,38313,7836,,,2,100,,38314,7836,,,2
13201,'SA',718,,38316,7836,,,2,100,,38332,7836,,,2,100,,38320,7836,,,2,100,,38315,7836,,,2,103,,38317,7836,,,2,97,,38321,7836,,,2,104,,38318,7836,,,2,96,,38331,7836,,,2,104,,38322,7836,,,2,96,,38324,7836,,,2,100,,38319,7836,,,2,100,,38323,7836,,,2,101,,38325,7836,,,2,97,,38327,7836,,,2,100,,38326,7836,,,2,100,,38329,7836,,,2,100,,38328,7836,,,2,100,,38330,7836,,,2
13201,'SE',552,,38339,7836,,,2,70,,38336,7836,,,2,32,,38345,7836,,,2,60,,38338,7836,,,2,23,,38343,7836,,,2,10,,38349,7836,,,2,10,,38347,7836,,,2,62,,38346,7836,,,2,18,,38340,7836,,,2,16,,38344,7836,,,2,60,,38348,7836,,,2,20,,38358,7836,,,2,19,,16560,7836,,,2,97,,38359,7836,,,2,99,,16564,7836,,,2,96,,38357,7836,,,2,100,,38350,7836,,,2,110,,38351,7836,,,2,51,,38354,7836,,,2,3,,38333,7836,,,2,43,,38341,7836,,,2,65,,38352,7836,,,2,20,,38355,7836,,,2,18,,38337,7836,,,2,63,,38342,7836,,,2,19,,38335,7836,,,2,19,,38353,7836,,,2,59,,38334,7836,,,2,40,,38356,7836,,,2
52101,'F7',907,,40640,470,,,2
52101,'SE',907,,40641,470,,,2
54000,'F7',1633,,40686,5426,,,2
54000,'SE',1633,,40687,5426,,,2
