1401,'F8',554,,3833,2472,,,1,70,,3836,2472,,,1,20,,3838,2472,,,1,15,,3832,2472,,,1,56,,3842,2472,,,1,12,,3841,2472,,,1,16,,3834,2472,,,1,14,,3837,2472,,,1,54,,3839,2472,,,1,16,,3840,2472,,,1,16,,3843,2472,,,1,61,,3835,2472,,,1,23,,3844,2472,,,1,100,,3846,2472,,,1,100,,3859,2472,,,1,100,,3847,2472,,,1,100,,3849,2472,,,1,100,,3858,2472,,,1,100,,3856,2472,,,1,85,,3855,2472,,,1,17,,3848,2472,,,1,19,,3851,2472,,,1,64,,3850,2472,,,1,19,,3857,2472,,,1,21,,3854,2472,,,1,60,,3845,2472,,,1,18,,3853,2472,,,1,29,,3852,2472,,,1
1401,'SE',554,,3861,2472,,,1,70,,3864,2472,,,1,20,,3866,2472,,,1,15,,3860,2472,,,1,56,,3870,2472,,,1,12,,3869,2472,,,1,16,,3862,2472,,,1,14,,3865,2472,,,1,54,,3867,2472,,,1,16,,3868,2472,,,1,16,,3871,2472,,,1,61,,3863,2472,,,1,23,,3872,2472,,,1,100,,3874,2472,,,1,100,,3887,2472,,,1,100,,3875,2472,,,1,100,,3877,2472,,,1,100,,3886,2472,,,1,100,,3884,2472,,,1,85,,3883,2472,,,1,17,,3876,2472,,,1,19,,3879,2472,,,1,64,,3878,2472,,,1,19,,3885,2472,,,1,21,,3882,2472,,,1,60,,3873,2472,,,1,18,,3881,2472,,,1,29,,3880,2472,,,1
21400,'DI',907,,17199,2472,,,1,100,,17200,2472,,,1,100,,17201,2472,,,1,100,,17202,2472,,,1,100,,17203,2472,,,1,100,,17204,2472,,,1,100,,17205,2472,,,1,100,,17196,2472,,,1,100,,17197,2472,,,1,100,,17198,2472,,,1
21400,'F1',907,,17215,2472,,,1,100,,17206,2472,,,1,100,,17207,2472,,,1,100,,17208,2472,,,1,100,,17209,2472,,,1,100,,17210,2472,,,1,100,,17211,2472,,,1,100,,17212,2472,,,1,100,,17213,2472,,,1,100,,17214,2472,,,1
21400,'F7',907,,17219,2472,,,1,100,,17220,2472,,,1,100,,17221,2472,,,1,100,,17222,2472,,,1,100,,17223,2472,,,1,100,,17224,2472,,,1,100,,17225,2472,,,1,100,,17216,2472,,,1,100,,17217,2472,,,1,100,,17218,2472,,,1
21400,'F9',907,,17235,2472,,,1,100,,17226,2472,,,1,100,,17227,2472,,,1,100,,17228,2472,,,1,100,,17229,2472,,,1,100,,17230,2472,,,1,100,,17231,2472,,,1,100,,17232,2472,,,1,100,,17233,2472,,,1,100,,17234,2472,,,1
21400,'SA',907,,17245,2472,,,1,100,,17236,2472,,,1,100,,17237,2472,,,1,100,,17238,2472,,,1,100,,17239,2472,,,1,100,,17240,2472,,,1,100,,17241,2472,,,1,100,,17242,2472,,,1,100,,17243,2472,,,1,100,,17244,2472,,,1
55101,'F8',903,,18824,1743,,,2
55101,'SE',903,,18825,1743,,,2
69301,'F8',832,,19049,486,,,2,1,,19048,486,,,2
69301,'SE',832,,19051,486,,,2,1,,19050,486,,,2
