13201,'DI',714,,38200,6002,,,2,100,,38198,6002,,,2,100,,38199,6002,,,2,100,,38204,6002,,,2,100,,38201,6002,,,2,100,,38202,6002,,,2,100,,38205,6002,,,2,100,,38208,6002,,,2,100,,38206,6002,,,2,105,,38210,6002,,,2,95,,38209,6002,,,2,100,,38207,6002,,,2,101,,38211,6002,,,2,98,,38212,6002,,,2,100,,38203,6002,,,2,100,,38197,6002,,,2,100,,38213,6002,,,2,100,,38214,6002,,,2
13201,'F1',714,,38215,6002,,,2,100,,38228,6002,,,2,100,,38219,6002,,,2,100,,38229,6002,,,2,103,,38216,6002,,,2,97,,38220,6002,,,2,104,,38230,6002,,,2,96,,38227,6002,,,2,104,,38231,6002,,,2,96,,38221,6002,,,2,100,,38217,6002,,,2,100,,38218,6002,,,2,101,,38222,6002,,,2,98,,38223,6002,,,2,100,,16454,6002,,,2,100,,38226,6002,,,2,100,,38224,6002,,,2,100,,38225,6002,,,2
13201,'F2',714,,38233,6002,,,2,100,,38249,6002,,,2,100,,38237,6002,,,2,100,,38232,6002,,,2,103,,38234,6002,,,2,97,,38238,6002,,,2,104,,38235,6002,,,2,96,,38248,6002,,,2,104,,38239,6002,,,2,96,,38241,6002,,,2,100,,38236,6002,,,2,100,,38240,6002,,,2,101,,38242,6002,,,2,98,,38244,6002,,,2,100,,38243,6002,,,2,100,,38246,6002,,,2,100,,38245,6002,,,2,100,,38247,6002,,,2
13201,'F7',547,,38256,6002,,,2,70,,38253,6002,,,2,32,,38263,6002,,,2,60,,38255,6002,,,2,23,,38261,6002,,,2,10,,38267,6002,,,2,10,,38265,6002,,,2,62,,38264,6002,,,2,19,,38257,6002,,,2,16,,38262,6002,,,2,60,,38266,6002,,,2,20,,38277,6002,,,2,19,,38258,6002,,,2,97,,38278,6002,,,2,99,,38275,6002,,,2,96,,38276,6002,,,2,100,,38268,6002,,,2,110,,38269,6002,,,2,51,,38272,6002,,,2,3,,38250,6002,,,2,43,,38259,6002,,,2,65,,38270,6002,,,2,19,,38273,6002,,,2,19,,38254,6002,,,2,63,,38260,6002,,,2,19,,38252,6002,,,2,19,,38271,6002,,,2,59,,38251,6002,,,2,40,,38274,6002,,,2
13201,'F8',714,,38280,6002,,,2,100,,38296,6002,,,2,100,,38284,6002,,,2,100,,38279,6002,,,2,103,,38281,6002,,,2,97,,38285,6002,,,2,104,,38282,6002,,,2,96,,38295,6002,,,2,104,,38286,6002,,,2,96,,38288,6002,,,2,100,,38283,6002,,,2,100,,38287,6002,,,2,101,,38289,6002,,,2,98,,38291,6002,,,2,100,,38290,6002,,,2,100,,38293,6002,,,2,100,,38292,6002,,,2,100,,38294,6002,,,2
13201,'F9',714,,38300,6002,,,2,100,,38298,6002,,,2,100,,38299,6002,,,2,100,,38304,6002,,,2,100,,38301,6002,,,2,100,,38302,6002,,,2,100,,38305,6002,,,2,100,,38308,6002,,,2,100,,38306,6002,,,2,105,,38310,6002,,,2,95,,38309,6002,,,2,100,,38307,6002,,,2,101,,38311,6002,,,2,98,,38312,6002,,,2,100,,38303,6002,,,2,100,,38297,6002,,,2,100,,38313,6002,,,2,100,,38314,6002,,,2
13201,'SA',714,,38316,6002,,,2,100,,38332,6002,,,2,100,,38320,6002,,,2,100,,38315,6002,,,2,103,,38317,6002,,,2,97,,38321,6002,,,2,104,,38318,6002,,,2,96,,38331,6002,,,2,104,,38322,6002,,,2,96,,38324,6002,,,2,100,,38319,6002,,,2,100,,38323,6002,,,2,101,,38325,6002,,,2,98,,38327,6002,,,2,100,,38326,6002,,,2,100,,38329,6002,,,2,100,,38328,6002,,,2,100,,38330,6002,,,2
13201,'SE',547,,38339,6002,,,2,70,,38336,6002,,,2,32,,38345,6002,,,2,60,,38338,6002,,,2,23,,38343,6002,,,2,10,,38349,6002,,,2,10,,38347,6002,,,2,62,,38346,6002,,,2,19,,38340,6002,,,2,16,,38344,6002,,,2,60,,38348,6002,,,2,20,,38358,6002,,,2,19,,16560,6002,,,2,97,,38359,6002,,,2,99,,16564,6002,,,2,96,,38357,6002,,,2,100,,38350,6002,,,2,110,,38351,6002,,,2,51,,38354,6002,,,2,3,,38333,6002,,,2,43,,38341,6002,,,2,65,,38352,6002,,,2,19,,38355,6002,,,2,19,,38337,6002,,,2,63,,38342,6002,,,2,19,,38335,6002,,,2,19,,38353,6002,,,2,59,,38334,6002,,,2,40,,38356,6002,,,2
54000,'F7',1628,,40686,3593,,,2
54000,'SE',1628,,40687,3593,,,2
