4601,'F7',615,,30431,2947,,,2,20,,30436,2947,,,2,20,,30432,2947,,,2,60,,30437,2947,,,2,16,,30433,2947,,,2,14,,30428,2947,,,2,58,,30438,2947,,,2,22,,30434,2947,,,2,20,,30439,2947,,,2,100,,30435,2947,,,2,100,,30425,2947,,,2,100,,30447,2947,,,2,100,,30429,2947,,,2,100,,30427,2947,,,2,100,,30445,2947,,,2,100,,30444,2947,,,2,73,,30426,2947,,,2,18,,30442,2947,,,2,22,,30440,2947,,,2,60,,30430,2947,,,2,15,,30443,2947,,,2,75,,30424,2947,,,2
4601,'SE',615,,30455,2947,,,2,20,,30460,2947,,,2,20,,30456,2947,,,2,60,,30461,2947,,,2,16,,30457,2947,,,2,14,,30452,2947,,,2,58,,30462,2947,,,2,22,,30458,2947,,,2,20,,30463,2947,,,2,100,,30459,2947,,,2,100,,30449,2947,,,2,100,,30471,2947,,,2,100,,30453,2947,,,2,100,,30451,2947,,,2,100,,30469,2947,,,2,100,,30468,2947,,,2,73,,30450,2947,,,2,18,,30466,2947,,,2,22,,30464,2947,,,2,60,,30454,2947,,,2,15,,30467,2947,,,2,75,,30448,2947,,,2
54601,'F7',855,,40699,1452,,,2
54601,'SE',855,,40700,1452,,,2
68901,'F7',845,,40910,168,,,2,1,,40911,168,,,2
68901,'SE',845,,40912,168,,,2,1,,40913,168,,,2
84801,'DI',650,,19943,4973,,,2,70,,19944,4973,,,2,30,,19945,4973,,,2,70,,19946,4973,,,2,30,,19947,4973,,,2,70,,19948,4973,,,2,30,,19949,4973,,,2,70,,19950,4973,,,2,30,,19951,4973,,,2,70,,19952,4973,,,2,30,,19953,4973,,,2,70,,19954,4973,,,2,30,,19955,4973,,,2,70,,19956,4973,,,2,30,,19957,4973,,,2,70,,19958,4973,,,2,30,,19959,4973,,,2,70,,19960,4973,,,2,30,,19961,4973,,,2,70,,19962,4973,,,2,30,,19963,4973,,,2,70,,19964,4973,,,2,30,,19965,4973,,,2,70,,19966,4973,,,2,30,,19967,4973,,,2,70,,19968,4973,,,2,30,,19969,4973,,,2,70,,19970,4973,,,2,30,,19971,4973,,,2,70,,19972,4973,,,2,30,,19973,4973,,,2,70,,19974,4973,,,2,30,,19975,4973,,,2,70,,19976,4973,,,2,30,,19977,4973,,,2,70,,19978,4973,,,2,30,,19979,4973,,,2
84801,'F1',650,,19980,4973,,,2,70,,19981,4973,,,2,30,,19982,4973,,,2,70,,19983,4973,,,2,30,,19984,4973,,,2,70,,19985,4973,,,2,30,,19986,4973,,,2,70,,19987,4973,,,2,30,,19988,4973,,,2,70,,19989,4973,,,2,30,,19990,4973,,,2,70,,19991,4973,,,2,30,,19992,4973,,,2,70,,19993,4973,,,2,30,,19994,4973,,,2,70,,19995,4973,,,2,30,,19996,4973,,,2,70,,19997,4973,,,2,30,,19998,4973,,,2,70,,19999,4973,,,2,30,,20000,4973,,,2,70,,20001,4973,,,2,30,,20002,4973,,,2,70,,20003,4973,,,2,30,,20004,4973,,,2,70,,20005,4973,,,2,30,,20006,4973,,,2,70,,20007,4973,,,2,30,,20008,4973,,,2,70,,20009,4973,,,2,30,,20010,4973,,,2,70,,20011,4973,,,2,30,,20012,4973,,,2,70,,20013,4973,,,2,30,,20014,4973,,,2,70,,20015,4973,,,2,30,,20016,4973,,,2
84801,'F2',650,,42125,4973,,,2,70,,42126,4973,,,2,30,,42127,4973,,,2,70,,42128,4973,,,2,30,,42129,4973,,,2,70,,42130,4973,,,2,30,,42131,4973,,,2,70,,42132,4973,,,2,30,,42133,4973,,,2,70,,42134,4973,,,2,30,,42135,4973,,,2,70,,42136,4973,,,2,30,,42137,4973,,,2,70,,42138,4973,,,2,30,,42139,4973,,,2,70,,42140,4973,,,2,30,,42141,4973,,,2,70,,42142,4973,,,2,30,,42143,4973,,,2,70,,42144,4973,,,2,30,,42145,4973,,,2,70,,42146,4973,,,2,30,,42147,4973,,,2,70,,42148,4973,,,2,30,,42149,4973,,,2,70,,42150,4973,,,2,30,,42151,4973,,,2,70,,42152,4973,,,2,30,,42153,4973,,,2,70,,42154,4973,,,2,30,,42155,4973,,,2,70,,42156,4973,,,2,30,,42157,4973,,,2,70,,42158,4973,,,2,30,,42159,4973,,,2,70,,42160,4973,,,2,30,,42161,4973,,,2
84801,'F8',650,,42162,4973,,,2,70,,42163,4973,,,2,30,,42164,4973,,,2,70,,42165,4973,,,2,30,,42166,4973,,,2,70,,42167,4973,,,2,30,,42168,4973,,,2,70,,42169,4973,,,2,30,,42170,4973,,,2,70,,42171,4973,,,2,30,,42172,4973,,,2,70,,42173,4973,,,2,30,,42174,4973,,,2,70,,42175,4973,,,2,30,,42176,4973,,,2,70,,42177,4973,,,2,30,,42178,4973,,,2,70,,42179,4973,,,2,30,,42180,4973,,,2,70,,42181,4973,,,2,30,,42182,4973,,,2,70,,42183,4973,,,2,30,,42184,4973,,,2,70,,42185,4973,,,2,30,,42186,4973,,,2,70,,42187,4973,,,2,30,,42188,4973,,,2,70,,42189,4973,,,2,30,,42190,4973,,,2,70,,42191,4973,,,2,30,,42192,4973,,,2,70,,42193,4973,,,2,30,,42194,4973,,,2,70,,42195,4973,,,2,30,,42196,4973,,,2,70,,42197,4973,,,2,30,,42198,4973,,,2
84801,'F9',650,,42199,4973,,,2,70,,42200,4973,,,2,30,,42201,4973,,,2,70,,42202,4973,,,2,30,,42203,4973,,,2,70,,42204,4973,,,2,30,,42205,4973,,,2,70,,42206,4973,,,2,30,,42207,4973,,,2,70,,42208,4973,,,2,30,,42209,4973,,,2,70,,42210,4973,,,2,30,,42211,4973,,,2,70,,42212,4973,,,2,30,,42213,4973,,,2,70,,42214,4973,,,2,30,,42215,4973,,,2,70,,42216,4973,,,2,30,,42217,4973,,,2,70,,42218,4973,,,2,30,,42219,4973,,,2,70,,42220,4973,,,2,30,,42221,4973,,,2,70,,42222,4973,,,2,30,,42223,4973,,,2,70,,42224,4973,,,2,30,,42225,4973,,,2,70,,42226,4973,,,2,30,,42227,4973,,,2,70,,42228,4973,,,2,30,,42229,4973,,,2,70,,42230,4973,,,2,30,,42231,4973,,,2,70,,42232,4973,,,2,30,,42233,4973,,,2,70,,42234,4973,,,2,30,,42235,4973,,,2
84801,'SA',650,,20091,4973,,,2,70,,20092,4973,,,2,30,,20093,4973,,,2,70,,20094,4973,,,2,30,,20095,4973,,,2,70,,20096,4973,,,2,30,,20097,4973,,,2,70,,20098,4973,,,2,30,,20099,4973,,,2,70,,20100,4973,,,2,30,,20101,4973,,,2,70,,20102,4973,,,2,30,,20103,4973,,,2,70,,20104,4973,,,2,30,,20105,4973,,,2,70,,20106,4973,,,2,30,,20107,4973,,,2,70,,20108,4973,,,2,30,,20109,4973,,,2,70,,20110,4973,,,2,30,,20111,4973,,,2,70,,20112,4973,,,2,30,,20113,4973,,,2,70,,20114,4973,,,2,30,,20115,4973,,,2,70,,20116,4973,,,2,30,,20117,4973,,,2,70,,20118,4973,,,2,30,,20119,4973,,,2,70,,20120,4973,,,2,30,,20121,4973,,,2,70,,20122,4973,,,2,30,,20123,4973,,,2,70,,20124,4973,,,2,30,,20125,4973,,,2,70,,20126,4973,,,2,30,,20127,4973,,,2
