1900,'DI',636,,25744,11021,0,9,2,100,,25745,11021,0,9,2,100,,25746,11021,0,9,2,104,,25747,11021,0,9,2,100,,25748,11021,0,9,2,100,,25749,11021,0,9,2,100,,25750,11021,0,9,2,100,,25751,11021,0,9,2,100,,25752,11021,0,9,2,100,,25753,11021,0,9,2,100,,25754,11021,0,9,2,100,,25755,11021,0,9,2,100,,25756,11021,0,9,2,100,,25757,11021,0,9,2,100,,25758,11021,0,9,2,100,,25759,11021,0,9,2,100,,25760,11021,0,9,2,100,,25761,11021,0,9,2,100,,25762,11021,0,9,2,100,,25743,11021,0,9,2
1900,'F1',636,,25778,11021,0,9,2,70,,25775,11021,0,9,2,30,,25779,11021,0,9,2,70,,25776,11021,0,9,2,30,,25780,11021,0,9,2,70,,25777,11021,0,9,2,34,,25768,11021,0,9,2,70,,25763,11021,0,9,2,30,,25769,11021,0,9,2,70,,25764,11021,0,9,2,30,,25770,11021,0,9,2,70,,25765,11021,0,9,2,30,,25771,11021,0,9,2,70,,25766,11021,0,9,2,30,,25772,11021,0,9,2,70,,25773,11021,0,9,2,30,,5153,11021,0,9,2,70,,25774,11021,0,9,2,30,,5154,11021,0,9,2,70,,25781,11021,0,9,2,30,,5155,11021,0,9,2,70,,25782,11021,0,9,2,30,,5156,11021,0,9,2,70,,25783,11021,0,9,2,30,,5157,11021,0,9,2,100,,25784,11021,0,9,2,100,,25785,11021,0,9,2,100,,25786,11021,0,9,2,100,,25787,11021,0,9,2,100,,25788,11021,0,9,2,100,,25789,11021,0,9,2,100,,25767,11021,0,9,2
1900,'F2',636,,25790,11021,0,9,2,70,,25799,11021,0,9,2,30,,25791,11021,0,9,2,70,,25800,11021,0,9,2,30,,25792,11021,0,9,2,70,,25801,11021,0,9,2,34,,25793,11021,0,9,2,70,,25802,11021,0,9,2,30,,25794,11021,0,9,2,70,,25803,11021,0,9,2,30,,25795,11021,0,9,2,70,,25815,11021,0,9,2,30,,25796,11021,0,9,2,70,,25816,11021,0,9,2,30,,25797,11021,0,9,2,70,,25817,11021,0,9,2,30,,25798,11021,0,9,2,70,,25818,11021,0,9,2,30,,25804,11021,0,9,2,70,,25819,11021,0,9,2,30,,25805,11021,0,9,2,70,,25820,11021,0,9,2,30,,25806,11021,0,9,2,70,,25821,11021,0,9,2,30,,25807,11021,0,9,2,100,,25808,11021,0,9,2,100,,25809,11021,0,9,2,100,,25810,11021,0,9,2,100,,25811,11021,0,9,2,100,,25812,11021,0,9,2,100,,25813,11021,0,9,2,100,,25814,11021,0,9,2
1900,'F7',600,,25841,11021,0,9,2,36,,25860,11021,0,9,2,67,,25842,11021,0,9,2,12,,25843,11021,0,9,2,12,,25825,11021,0,9,2,12,,25840,11021,0,9,2,15,,25822,11021,0,9,2,61,,25839,11021,0,9,2,20,,25826,11021,0,9,2,72,,25823,11021,0,9,2,34,,25854,11021,0,9,2,70,,25824,11021,0,9,2,30,,25827,11021,0,9,2,70,,25844,11021,0,9,2,30,,25828,11021,0,9,2,70,,25845,11021,0,9,2,30,,25848,11021,0,9,2,70,,25846,11021,0,9,2,30,,25849,11021,0,9,2,72,,25847,11021,0,9,2,30,,25850,11021,0,9,2,70,,25838,11021,0,9,2,29,,25863,11021,0,9,2,61,,25861,11021,0,9,2,23,,25858,11021,0,9,2,20,,25855,11021,0,9,2,61,,25859,11021,0,9,2,18,,25851,11021,0,9,2,17,,25852,11021,0,9,2,61,,25864,11021,0,9,2,19,,25833,11021,0,9,2,24,,25853,11021,0,9,2,65,,25829,11021,0,9,2,30,,25856,11021,0,9,2,70,,25830,11021,0,9,2,30,,25857,11021,0,9,2,70,,25831,11021,0,9,2,30,,25862,11021,0,9,2,70,,25832,11021,0,9,2,30,,25834,11021,0,9,2,100,,25835,11021,0,9,2,100,,25836,11021,0,9,2,100,,25837,11021,0,9,2
1900,'F8',636,,25865,11021,0,9,2,70,,25874,11021,0,9,2,30,,25866,11021,0,9,2,70,,25875,11021,0,9,2,30,,25867,11021,0,9,2,70,,25876,11021,0,9,2,34,,25868,11021,0,9,2,70,,25877,11021,0,9,2,30,,25869,11021,0,9,2,70,,25878,11021,0,9,2,30,,25870,11021,0,9,2,70,,25890,11021,0,9,2,30,,25871,11021,0,9,2,70,,25891,11021,0,9,2,30,,25872,11021,0,9,2,70,,25892,11021,0,9,2,30,,25873,11021,0,9,2,70,,25893,11021,0,9,2,30,,25879,11021,0,9,2,70,,25894,11021,0,9,2,30,,25880,11021,0,9,2,70,,25895,11021,0,9,2,30,,25881,11021,0,9,2,70,,25896,11021,0,9,2,30,,25882,11021,0,9,2,100,,25883,11021,0,9,2,100,,25884,11021,0,9,2,100,,25885,11021,0,9,2,100,,25886,11021,0,9,2,100,,25887,11021,0,9,2,100,,25888,11021,0,9,2,100,,25889,11021,0,9,2
1900,'F9',636,,25898,11021,0,9,2,100,,25899,11021,0,9,2,100,,25900,11021,0,9,2,104,,25901,11021,0,9,2,100,,25902,11021,0,9,2,100,,25903,11021,0,9,2,100,,25904,11021,0,9,2,100,,25905,11021,0,9,2,100,,25906,11021,0,9,2,100,,25907,11021,0,9,2,100,,25908,11021,0,9,2,100,,25909,11021,0,9,2,100,,25910,11021,0,9,2,100,,25911,11021,0,9,2,100,,25912,11021,0,9,2,100,,25913,11021,0,9,2,100,,25914,11021,0,9,2,100,,25915,11021,0,9,2,100,,25916,11021,0,9,2,100,,25897,11021,0,9,2
1900,'SA',636,,25917,11021,0,9,2,70,,25926,11021,0,9,2,30,,25918,11021,0,9,2,70,,25927,11021,0,9,2,30,,25919,11021,0,9,2,70,,25928,11021,0,9,2,34,,25920,11021,0,9,2,70,,25929,11021,0,9,2,30,,25921,11021,0,9,2,70,,25930,11021,0,9,2,30,,25922,11021,0,9,2,70,,25942,11021,0,9,2,30,,25923,11021,0,9,2,70,,25943,11021,0,9,2,30,,25924,11021,0,9,2,70,,25944,11021,0,9,2,30,,25925,11021,0,9,2,70,,25945,11021,0,9,2,30,,25931,11021,0,9,2,70,,25946,11021,0,9,2,30,,25932,11021,0,9,2,70,,25947,11021,0,9,2,30,,25933,11021,0,9,2,70,,25948,11021,0,9,2,30,,25934,11021,0,9,2,100,,25935,11021,0,9,2,100,,25936,11021,0,9,2,100,,25937,11021,0,9,2,100,,25938,11021,0,9,2,100,,25939,11021,0,9,2,100,,25940,11021,0,9,2,100,,25941,11021,0,9,2
1900,'SE',600,,25968,11021,0,9,2,36,,25987,11021,0,9,2,67,,25969,11021,0,9,2,12,,25970,11021,0,9,2,12,,25952,11021,0,9,2,12,,25967,11021,0,9,2,15,,25949,11021,0,9,2,61,,25966,11021,0,9,2,20,,25953,11021,0,9,2,72,,25950,11021,0,9,2,34,,25981,11021,0,9,2,70,,25951,11021,0,9,2,30,,25954,11021,0,9,2,70,,25971,11021,0,9,2,30,,25955,11021,0,9,2,70,,25972,11021,0,9,2,30,,25975,11021,0,9,2,70,,25973,11021,0,9,2,30,,25976,11021,0,9,2,72,,25974,11021,0,9,2,30,,25977,11021,0,9,2,70,,25965,11021,0,9,2,29,,25990,11021,0,9,2,61,,25988,11021,0,9,2,23,,25985,11021,0,9,2,20,,25982,11021,0,9,2,61,,25986,11021,0,9,2,18,,25978,11021,0,9,2,17,,25979,11021,0,9,2,61,,25991,11021,0,9,2,19,,25960,11021,0,9,2,24,,25980,11021,0,9,2,65,,25956,11021,0,9,2,30,,25983,11021,0,9,2,70,,25957,11021,0,9,2,30,,25984,11021,0,9,2,70,,25958,11021,0,9,2,30,,25989,11021,0,9,2,70,,25959,11021,0,9,2,30,,25961,11021,0,9,2,100,,25962,11021,0,9,2,100,,25963,11021,0,9,2,100,,25964,11021,0,9,2
53901,'F7',902,,40684,3610,,,2
53901,'SE',902,,40685,3610,,,2
60100,'F7',1625,,40741,10385,,,2
60100,'SE',1625,,40742,10385,,,2
