7400,'DI',808,,34185,4676,,,1,100,,34186,4676,,,1,100,,34187,4676,,,1,100,,34188,4676,,,1,99,,34189,4676,,,1,105,,34190,4676,,,1,96,,34179,4676,,,1,100,,34180,4676,,,1,100,,34191,4676,,,1,100,,34192,4676,,,1,104,,34193,4676,,,1,96,,34194,4676,,,1,100,,34195,4676,,,1,100,,34182,4676,,,1,100,,34183,4676,,,1,100,,34184,4676,,,1,100,,34181,4676,,,1
7400,'F1',808,,34199,4676,,,1,100,,34200,4676,,,1,99,,34201,4676,,,1,100,,34213,4676,,,1,101,,34209,4676,,,1,100,,34210,4676,,,1,100,,34211,4676,,,1,99,,34196,4676,,,1,101,,34202,4676,,,1,100,,34203,4676,,,1,102,,34204,4676,,,1,98,,34212,4676,,,1,100,,34205,4676,,,1,100,,34206,4676,,,1,100,,34207,4676,,,1,100,,34208,4676,,,1,100,,34197,4676,,,1,100,,34198,4676,,,1
7400,'F2',808,,34217,4676,,,1,100,,34218,4676,,,1,99,,34219,4676,,,1,100,,34216,4676,,,1,101,,34220,4676,,,1,100,,34221,4676,,,1,100,,34222,4676,,,1,99,,34223,4676,,,1,101,,34224,4676,,,1,100,,34225,4676,,,1,102,,34214,4676,,,1,98,,34226,4676,,,1,100,,34227,4676,,,1,100,,34228,4676,,,1,100,,34229,4676,,,1,100,,34230,4676,,,1,100,,34231,4676,,,1,100,,34215,4676,,,1
7400,'F7',637,,34233,4676,,,1,65,,34232,4676,,,1,39,,34245,4676,,,1,66,,34247,4676,,,1,30,,34246,4676,,,1,70,,34253,4676,,,1,101,,34240,4676,,,1,100,,34238,4676,,,1,101,,34254,4676,,,1,100,,34255,4676,,,1,101,,34241,4676,,,1,100,,34243,4676,,,1,30,,34248,4676,,,1,67,,34244,4676,,,1,36,,34237,4676,,,1,69,,34251,4676,,,1,30,,34239,4676,,,1,68,,34252,4676,,,1,30,,34235,4676,,,1,68,,34256,4676,,,1,100,,34257,4676,,,1,100,,34236,4676,,,1,99,,34249,4676,,,1,100,,34250,4676,,,1,100,,34242,4676,,,1,100,,34234,4676,,,1
7400,'F8',808,,34261,4676,,,1,100,,34262,4676,,,1,99,,34263,4676,,,1,100,,34260,4676,,,1,101,,34264,4676,,,1,100,,34265,4676,,,1,100,,34266,4676,,,1,99,,34267,4676,,,1,101,,34268,4676,,,1,100,,34269,4676,,,1,102,,34258,4676,,,1,98,,34270,4676,,,1,100,,34271,4676,,,1,100,,34272,4676,,,1,100,,34273,4676,,,1,100,,34274,4676,,,1,100,,34275,4676,,,1,100,,34259,4676,,,1
7400,'F9',808,,34282,4676,,,1,100,,34283,4676,,,1,100,,34284,4676,,,1,100,,34285,4676,,,1,99,,34286,4676,,,1,105,,34287,4676,,,1,96,,34276,4676,,,1,100,,34277,4676,,,1,100,,34288,4676,,,1,100,,34289,4676,,,1,104,,34290,4676,,,1,96,,34291,4676,,,1,100,,34292,4676,,,1,100,,34279,4676,,,1,100,,34280,4676,,,1,100,,34281,4676,,,1,100,,34278,4676,,,1
7400,'SA',808,,34296,4676,,,1,100,,34297,4676,,,1,99,,34298,4676,,,1,100,,34295,4676,,,1,101,,34299,4676,,,1,100,,34300,4676,,,1,100,,34301,4676,,,1,99,,34302,4676,,,1,101,,34303,4676,,,1,100,,34304,4676,,,1,102,,34293,4676,,,1,98,,34305,4676,,,1,100,,34306,4676,,,1,100,,34307,4676,,,1,100,,34308,4676,,,1,100,,34309,4676,,,1,100,,34310,4676,,,1,100,,34294,4676,,,1
7400,'SE',637,,34312,4676,,,1,65,,34311,4676,,,1,39,,34324,4676,,,1,66,,34326,4676,,,1,30,,34325,4676,,,1,70,,34332,4676,,,1,101,,34319,4676,,,1,100,,34317,4676,,,1,101,,34333,4676,,,1,100,,34334,4676,,,1,101,,34320,4676,,,1,100,,34322,4676,,,1,30,,34327,4676,,,1,67,,34323,4676,,,1,36,,34316,4676,,,1,69,,34330,4676,,,1,30,,34318,4676,,,1,68,,34331,4676,,,1,30,,34314,4676,,,1,68,,34335,4676,,,1,100,,34336,4676,,,1,100,,34315,4676,,,1,99,,34328,4676,,,1,100,,34329,4676,,,1,100,,34321,4676,,,1,100,,34313,4676,,,1
56501,'F7',828,,40723,584,,,2
56501,'SE',828,,40724,584,,,2
