4700,'DI',633,,30486,7042,,,1,100,,30472,7042,,,1,100,,30489,7042,,,1,100,,30490,7042,,,1,100,,30473,7042,,,1,100,,30478,7042,,,1,100,,30487,7042,,,1,100,,30474,7042,,,1,104,,30475,7042,,,1,91,,30481,7042,,,1,108,,30482,7042,,,1,102,,30476,7042,,,1,95,,30483,7042,,,1,96,,30479,7042,,,1,100,,30484,7042,,,1,100,,30477,7042,,,1,100,,30480,7042,,,1,100,,30485,7042,,,1,100,,30488,7042,,,1,100,,30491,7042,,,1
4700,'F1',633,,30505,7042,,,1,103,,30509,7042,,,1,101,,30494,7042,,,1,96,,30499,7042,,,1,96,,30495,7042,,,1,104,,30500,7042,,,1,100,,30492,7042,,,1,100,,30501,7042,,,1,95,,30493,7042,,,1,104,,30510,7042,,,1,100,,30506,7042,,,1,101,,30508,7042,,,1,100,,30507,7042,,,1,96,,30496,7042,,,1,100,,30511,7042,,,1,100,,30502,7042,,,1,100,,30503,7042,,,1,100,,30504,7042,,,1,100,,30497,7042,,,1,100,,30498,7042,,,1
4700,'F2',633,,30529,7042,,,1,103,,30515,7042,,,1,101,,30512,7042,,,1,96,,30519,7042,,,1,96,,30513,7042,,,1,104,,30520,7042,,,1,100,,30516,7042,,,1,100,,30521,7042,,,1,95,,30514,7042,,,1,104,,30517,7042,,,1,100,,30522,7042,,,1,101,,30518,7042,,,1,100,,30523,7042,,,1,96,,30526,7042,,,1,100,,30524,7042,,,1,100,,30525,7042,,,1,100,,30527,7042,,,1,100,,30528,7042,,,1,100,,30530,7042,,,1,100,,30531,7042,,,1
4700,'F7',633,,30542,7042,,,1,72,,30543,7042,,,1,30,,30541,7042,,,1,73,,30565,7042,,,1,34,,30545,7042,,,1,69,,30566,7042,,,1,30,,30558,7042,,,1,70,,30564,7042,,,1,30,,30544,7042,,,1,70,,30534,7042,,,1,30,,30561,7042,,,1,70,,30535,7042,,,1,30,,30536,7042,,,1,70,,30546,7042,,,1,30,,30570,7042,,,1,70,,30559,7042,,,1,30,,30537,7042,,,1,70,,30563,7042,,,1,28,,30549,7042,,,1,68,,30568,7042,,,1,37,,30547,7042,,,1,15,,30550,7042,,,1,55,,30553,7042,,,1,14,,30555,7042,,,1,15,,30562,7042,,,1,15,,30548,7042,,,1,55,,30554,7042,,,1,15,,30560,7042,,,1,15,,30556,7042,,,1,58,,30551,7042,,,1,27,,30567,7042,,,1,30,,30538,7042,,,1,70,,30569,7042,,,1,30,,30533,7042,,,1,70,,30540,7042,,,1,30,,30552,7042,,,1,100,,30532,7042,,,1,100,,30557,7042,,,1,100,,30539,7042,,,1
4700,'F8',633,,30588,7042,,,1,103,,30574,7042,,,1,101,,30571,7042,,,1,96,,30578,7042,,,1,96,,30572,7042,,,1,104,,30579,7042,,,1,100,,30575,7042,,,1,100,,30580,7042,,,1,95,,30573,7042,,,1,104,,30576,7042,,,1,100,,30581,7042,,,1,101,,30577,7042,,,1,100,,30582,7042,,,1,96,,30585,7042,,,1,100,,30583,7042,,,1,100,,30584,7042,,,1,100,,30586,7042,,,1,100,,30587,7042,,,1,100,,30589,7042,,,1,100,,30590,7042,,,1
4700,'F9',633,,30605,7042,,,1,100,,30591,7042,,,1,100,,30608,7042,,,1,100,,30609,7042,,,1,100,,30592,7042,,,1,100,,30597,7042,,,1,100,,30606,7042,,,1,100,,30593,7042,,,1,104,,30594,7042,,,1,91,,30600,7042,,,1,108,,30601,7042,,,1,102,,30595,7042,,,1,95,,30602,7042,,,1,96,,30598,7042,,,1,100,,30603,7042,,,1,100,,30596,7042,,,1,100,,30599,7042,,,1,100,,30604,7042,,,1,100,,30607,7042,,,1,100,,30610,7042,,,1
4700,'SA',633,,30628,7042,,,1,103,,30614,7042,,,1,101,,30611,7042,,,1,96,,30618,7042,,,1,96,,30612,7042,,,1,104,,30619,7042,,,1,100,,30615,7042,,,1,100,,30620,7042,,,1,95,,30613,7042,,,1,104,,30616,7042,,,1,100,,30621,7042,,,1,101,,30617,7042,,,1,100,,30622,7042,,,1,96,,30625,7042,,,1,100,,30623,7042,,,1,100,,30624,7042,,,1,100,,30626,7042,,,1,100,,30627,7042,,,1,100,,30629,7042,,,1,100,,30630,7042,,,1
4700,'SE',633,,30641,7042,,,1,72,,30642,7042,,,1,30,,30640,7042,,,1,73,,30662,7042,,,1,34,,30644,7042,,,1,69,,30663,7042,,,1,30,,30655,7042,,,1,70,,30661,7042,,,1,30,,30643,7042,,,1,70,,30633,7042,,,1,30,,30658,7042,,,1,70,,30634,7042,,,1,30,,30635,7042,,,1,70,,30645,7042,,,1,30,,30667,7042,,,1,70,,30656,7042,,,1,30,,30636,7042,,,1,70,,30660,7042,,,1,28,,30648,7042,,,1,68,,30665,7042,,,1,37,,30646,7042,,,1,15,,30649,7042,,,1,55,,9568,7042,,,1,14,,30652,7042,,,1,15,,30659,7042,,,1,15,,30647,7042,,,1,55,,9569,7042,,,1,15,,30657,7042,,,1,15,,30653,7042,,,1,58,,30650,7042,,,1,27,,30664,7042,,,1,30,,30637,7042,,,1,70,,30666,7042,,,1,30,,30632,7042,,,1,70,,30639,7042,,,1,30,,30651,7042,,,1,100,,30631,7042,,,1,100,,30654,7042,,,1,100,,30638,7042,,,1
64400,'F7',1614,,40800,3344,,,2,1,,40799,3344,,,2,1,,40798,3344,,,2
64400,'SE',1614,,40803,3344,,,2,1,,40802,3344,,,2,1,,40801,3344,,,2
69100,'F7',1618,,40922,2651,,,2,1,,40923,2651,,,2,5,,40922,4675,,,2,1,,40923,4675,,,2
69100,'SE',1618,,40924,2651,,,2,1,,40925,2651,,,2,5,,40924,4675,,,2,1,,40925,4675,,,2
