7300,'DI',550,,12154,7283,,,2,70,,12151,7283,,,2,30,,12168,7283,,,2,76,,12152,7283,,,2,31,,12169,7283,,,2,70,,12165,7283,,,2,32,,12170,7283,,,2,73,,12166,7283,,,2,69,,12153,7283,,,2,30,,12162,7283,,,2,70,,12155,7283,,,2,30,,12156,7283,,,2,70,,12164,7283,,,2,30,,12159,7283,,,2,70,,12150,7283,,,2,31,,12141,7283,,,2,70,,12139,7283,,,2,30,,12167,7283,,,2,70,,12148,7283,,,2,30,,12144,7283,,,2,70,,12163,7283,,,2,30,,12157,7283,,,2,69,,12145,7283,,,2,31,,12149,7283,,,2,70,,12140,7283,,,2,33,,12160,7283,,,2,97,,12171,7283,,,2,100,,12158,7283,,,2,98,,12146,7283,,,2,100,,12147,7283,,,2,100,,12161,7283,,,2,100,,12142,7283,,,2,100,,12143,7283,,,2
7300,'F1',550,,12201,7283,,,2,70,,12196,7283,,,2,30,,12202,7283,,,2,76,,12197,7283,,,2,31,,12172,7283,,,2,69,,12203,7283,,,2,33,,12173,7283,,,2,72,,12204,7283,,,2,70,,12188,7283,,,2,30,,12191,7283,,,2,70,,12194,7283,,,2,30,,12187,7283,,,2,70,,12182,7283,,,2,30,,12177,7283,,,2,70,,12174,7283,,,2,31,,12198,7283,,,2,70,,12192,7283,,,2,30,,12189,7283,,,2,70,,12178,7283,,,2,30,,12183,7283,,,2,70,,12195,7283,,,2,25,,12175,7283,,,2,73,,12180,7283,,,2,34,,12176,7283,,,2,73,,12181,7283,,,2,25,,12179,7283,,,2,99,,12190,7283,,,2,103,,12184,7283,,,2,96,,12199,7283,,,2,100,,12200,7283,,,2,100,,12193,7283,,,2,100,,12185,7283,,,2,100,,12186,7283,,,2
7300,'F7',550,,12220,7283,,,2,70,,12217,7283,,,2,30,,12234,7283,,,2,76,,12218,7283,,,2,31,,12235,7283,,,2,70,,12231,7283,,,2,32,,12236,7283,,,2,73,,12232,7283,,,2,69,,12219,7283,,,2,30,,12228,7283,,,2,70,,12221,7283,,,2,30,,12222,7283,,,2,70,,12230,7283,,,2,30,,12225,7283,,,2,70,,12216,7283,,,2,31,,12207,7283,,,2,70,,12205,7283,,,2,30,,12233,7283,,,2,70,,12214,7283,,,2,30,,12210,7283,,,2,70,,12229,7283,,,2,30,,12223,7283,,,2,69,,12211,7283,,,2,31,,12215,7283,,,2,70,,12206,7283,,,2,33,,12226,7283,,,2,97,,12237,7283,,,2,100,,12224,7283,,,2,98,,12212,7283,,,2,100,,12213,7283,,,2,100,,12227,7283,,,2,100,,12208,7283,,,2,100,,12209,7283,,,2
7300,'F8',544,,12268,7283,,,2,72,,12241,7283,,,2,30,,12269,7283,,,2,70,,12238,7283,,,2,25,,12243,7283,,,2,73,,12276,7283,,,2,35,,12301,7283,,,2,60,,12270,7283,,,2,21,,12267,7283,,,2,20,,12277,7283,,,2,60,,12244,7283,,,2,20,,12271,7283,,,2,20,,12302,7283,,,2,60,,12291,7283,,,2,22,,12245,7283,,,2,20,,12278,7283,,,2,60,,12256,7283,,,2,20,,12290,7283,,,2,20,,12246,7283,,,2,60,,12303,7283,,,2,20,,12272,7283,,,2,20,,12279,7283,,,2,60,,12257,7283,,,2,20,,12262,7283,,,2,21,,12280,7283,,,2,60,,12240,7283,,,2,12,,12273,7283,,,2,12,,12266,7283,,,2,12,,12263,7283,,,2,10,,12295,7283,,,2,51,,12250,7283,,,2,10,,12274,7283,,,2,9,,12264,7283,,,2,6,,12258,7283,,,2,8,,12265,7283,,,2,8,,12292,7283,,,2,49,,12281,7283,,,2,6,,12283,7283,,,2,9,,12282,7283,,,2,7,,12299,7283,,,2,8,,12253,7283,,,2,6,,12239,7283,,,2,8,,12300,7283,,,2,7,,12259,7283,,,2,8,,12252,7283,,,2,46,,12255,7283,,,2,8,,12297,7283,,,2,7,,12248,7283,,,2,7,,12275,7283,,,2,8,,12298,7283,,,2,10,,12296,7283,,,2,13,,12260,7283,,,2,53,,12261,7283,,,2,20,,12242,7283,,,2,70,,12247,7283,,,2,30,,12289,7283,,,2,70,,12251,7283,,,2,30,,12254,7283,,,2,70,,12249,7283,,,2,30,,12293,7283,,,2,70,,12294,7283,,,2,30,,12284,7283,,,2,26,,12287,7283,,,2,70,,12285,7283,,,2,30,,12288,7283,,,2,70,,12286,7283,,,2
7300,'F9',550,,12333,7283,,,2,70,,12328,7283,,,2,30,,12334,7283,,,2,76,,12329,7283,,,2,31,,12304,7283,,,2,69,,12335,7283,,,2,33,,12305,7283,,,2,72,,12336,7283,,,2,70,,12320,7283,,,2,30,,12323,7283,,,2,70,,12326,7283,,,2,30,,12319,7283,,,2,70,,12314,7283,,,2,30,,12309,7283,,,2,70,,12306,7283,,,2,31,,12330,7283,,,2,70,,12324,7283,,,2,30,,12321,7283,,,2,70,,12310,7283,,,2,30,,12315,7283,,,2,70,,12327,7283,,,2,25,,12307,7283,,,2,73,,12312,7283,,,2,34,,12308,7283,,,2,73,,12313,7283,,,2,25,,12311,7283,,,2,99,,12322,7283,,,2,103,,12316,7283,,,2,96,,12331,7283,,,2,100,,12332,7283,,,2,100,,12325,7283,,,2,100,,12317,7283,,,2,100,,12318,7283,,,2
7300,'SA',550,,12366,7283,,,2,70,,12361,7283,,,2,30,,12367,7283,,,2,76,,12362,7283,,,2,31,,12337,7283,,,2,69,,12368,7283,,,2,33,,12338,7283,,,2,72,,12369,7283,,,2,70,,12353,7283,,,2,30,,12356,7283,,,2,70,,12359,7283,,,2,30,,12352,7283,,,2,70,,12347,7283,,,2,30,,12342,7283,,,2,70,,12339,7283,,,2,31,,12363,7283,,,2,70,,12357,7283,,,2,30,,12354,7283,,,2,70,,12343,7283,,,2,30,,12348,7283,,,2,70,,12360,7283,,,2,25,,12340,7283,,,2,73,,12345,7283,,,2,34,,12341,7283,,,2,73,,12346,7283,,,2,25,,12344,7283,,,2,99,,12355,7283,,,2,103,,12349,7283,,,2,96,,12364,7283,,,2,100,,12365,7283,,,2,100,,12358,7283,,,2,100,,12350,7283,,,2,100,,12351,7283,,,2
7300,'SE',544,,12400,7283,,,2,72,,12373,7283,,,2,30,,12401,7283,,,2,70,,12370,7283,,,2,25,,12375,7283,,,2,73,,12408,7283,,,2,35,,12433,7283,,,2,60,,12402,7283,,,2,21,,12399,7283,,,2,20,,12409,7283,,,2,60,,12376,7283,,,2,20,,12403,7283,,,2,20,,12434,7283,,,2,60,,12423,7283,,,2,22,,12377,7283,,,2,20,,12410,7283,,,2,60,,12388,7283,,,2,20,,12422,7283,,,2,20,,12378,7283,,,2,60,,12435,7283,,,2,20,,12404,7283,,,2,20,,12411,7283,,,2,60,,12389,7283,,,2,20,,12394,7283,,,2,21,,12412,7283,,,2,60,,12372,7283,,,2,12,,12405,7283,,,2,12,,12398,7283,,,2,12,,12395,7283,,,2,10,,12427,7283,,,2,51,,12382,7283,,,2,10,,12406,7283,,,2,9,,12396,7283,,,2,6,,12390,7283,,,2,8,,12397,7283,,,2,8,,12424,7283,,,2,49,,12413,7283,,,2,6,,12415,7283,,,2,9,,12414,7283,,,2,7,,12431,7283,,,2,8,,12385,7283,,,2,6,,12371,7283,,,2,8,,12432,7283,,,2,7,,12391,7283,,,2,8,,12384,7283,,,2,46,,12387,7283,,,2,8,,12429,7283,,,2,7,,12380,7283,,,2,7,,12407,7283,,,2,8,,12430,7283,,,2,10,,12428,7283,,,2,13,,12392,7283,,,2,53,,12393,7283,,,2,20,,12374,7283,,,2,70,,12379,7283,,,2,30,,12421,7283,,,2,70,,12383,7283,,,2,30,,12386,7283,,,2,70,,12381,7283,,,2,30,,12425,7283,,,2,70,,12426,7283,,,2,30,,12416,7283,,,2,26,,12419,7283,,,2,70,,12417,7283,,,2,30,,12420,7283,,,2,70,,12418,7283,,,2
57500,'F8',1605,,18842,6004,,,2
57500,'SE',1605,,18843,6004,,,2
60500,'F8',1638,,18854,12493,,,2,1,,18855,12493,,,2
60500,'SE',1638,,18856,12493,,,2,1,,18857,12493,,,2
