12000,'F7',614,,37569,8357,,,2,26,,37566,8357,,,2,77,,37570,8357,,,2,29,,37567,8357,,,2,70,,37568,8357,,,2,797,,37571,8115,,,2,31,,37572,8115,,,2,76,,37576,8115,,,2,22,,37575,8115,,,2,69,,37574,8115,,,2,28,,37573,8115,,,2
12000,'SE',614,,37580,8357,,,2,26,,37577,8357,,,2,77,,37581,8357,,,2,29,,37578,8357,,,2,70,,37579,8357,,,2,797,,37582,8115,,,2,31,,37583,8115,,,2,76,,37587,8115,,,2,22,,37586,8115,,,2,69,,37585,8115,,,2,28,,37584,8115,,,2
12301,'DI',524,,37798,6957,,,1,100,,37808,6957,,,1,100,,37799,6957,,,1,100,,37809,6957,,,1,100,,37800,6957,,,1,100,,37810,6957,,,1,100,,37801,6957,,,1,100,,37811,6957,,,1,100,,37802,6957,,,1,100,,37812,6957,,,1,100,,37803,6957,,,1,100,,37813,6957,,,1,100,,37804,6957,,,1,100,,37814,6957,,,1,100,,37805,6957,,,1,100,,37815,6957,,,1,100,,37806,6957,,,1,100,,37816,6957,,,1,100,,37807,6957,,,1,100,,37817,6957,,,1
12301,'F1',525,,37826,6957,,,1,100,,37831,6957,,,1,100,,37827,6957,,,1,99,,37832,6957,,,1,100,,37820,6957,,,1,100,,37833,6957,,,1,100,,37821,6957,,,1,100,,37818,6957,,,1,100,,37822,6957,,,1,100,,37819,6957,,,1,100,,37823,6957,,,1,100,,37824,6957,,,1,100,,37834,6957,,,1,100,,37825,6957,,,1,100,,37835,6957,,,1,100,,37828,6957,,,1,100,,37836,6957,,,1,100,,37829,6957,,,1,100,,37837,6957,,,1,100,,37830,6957,,,1
12301,'F2',525,,37840,6957,,,1,100,,37838,6957,,,1,100,,37841,6957,,,1,99,,37839,6957,,,1,100,,37842,6957,,,1,100,,37850,6957,,,1,100,,37843,6957,,,1,100,,37851,6957,,,1,100,,37844,6957,,,1,100,,37852,6957,,,1,100,,37845,6957,,,1,100,,37853,6957,,,1,100,,37846,6957,,,1,100,,37854,6957,,,1,100,,37847,6957,,,1,100,,37855,6957,,,1,100,,37848,6957,,,1,100,,37856,6957,,,1,100,,37849,6957,,,1,100,,37857,6957,,,1
12301,'F7',510,,37869,6957,,,1,30,,37879,6957,,,1,60,,37862,6957,,,1,20,,37861,6957,,,1,15,,37863,6957,,,1,65,,37864,6957,,,1,30,,37858,6957,,,1,71,,37859,6957,,,1,30,,37860,6957,,,1,69,,37880,6957,,,1,30,,37883,6957,,,1,96,,37870,6957,,,1,100,,37866,6957,,,1,100,,37876,6957,,,1,100,,37881,6957,,,1,100,,37886,6957,,,1,11,,37874,6957,,,1,64,,37887,6957,,,1,20,,37889,6957,,,1,15,,37875,6957,,,1,19,,37873,6957,,,1,46,,37884,6957,,,1,16,,37890,6957,,,1,10,,37892,6957,,,1,6,,37878,6957,,,1,24,,37877,6957,,,1,69,,37888,6957,,,1,30,,37893,6957,,,1,71,,37868,6957,,,1,26,,37865,6957,,,1,74,,37867,6957,,,1,28,,37885,6957,,,1,70,,37882,6957,,,1,98,,37891,6957,,,1,100,,37871,6957,,,1,100,,37894,6957,,,1,119,,37872,6957,,,1
12301,'F8',525,,37897,6957,,,1,100,,37895,6957,,,1,100,,37898,6957,,,1,99,,37896,6957,,,1,100,,37899,6957,,,1,100,,37907,6957,,,1,100,,37900,6957,,,1,100,,37908,6957,,,1,100,,37901,6957,,,1,100,,37909,6957,,,1,100,,37902,6957,,,1,100,,37910,6957,,,1,100,,37903,6957,,,1,100,,37911,6957,,,1,100,,37904,6957,,,1,100,,37912,6957,,,1,100,,37905,6957,,,1,100,,37913,6957,,,1,100,,37906,6957,,,1,100,,37914,6957,,,1
12301,'F9',524,,37915,6957,,,1,100,,37925,6957,,,1,100,,37916,6957,,,1,100,,37926,6957,,,1,100,,37917,6957,,,1,100,,37927,6957,,,1,100,,37918,6957,,,1,100,,37928,6957,,,1,100,,37919,6957,,,1,100,,37929,6957,,,1,100,,37920,6957,,,1,100,,37930,6957,,,1,100,,37921,6957,,,1,100,,37931,6957,,,1,100,,37922,6957,,,1,100,,37932,6957,,,1,100,,37923,6957,,,1,100,,37933,6957,,,1,100,,37924,6957,,,1,100,,37934,6957,,,1
12301,'SA',525,,37937,6957,,,1,100,,37935,6957,,,1,100,,37938,6957,,,1,99,,37936,6957,,,1,100,,37939,6957,,,1,100,,37947,6957,,,1,100,,37940,6957,,,1,100,,37948,6957,,,1,100,,37941,6957,,,1,100,,37949,6957,,,1,100,,37942,6957,,,1,100,,37950,6957,,,1,100,,37943,6957,,,1,100,,37951,6957,,,1,100,,37944,6957,,,1,100,,37952,6957,,,1,100,,37945,6957,,,1,100,,37953,6957,,,1,100,,37946,6957,,,1,100,,37954,6957,,,1
12301,'SE',510,,37966,6957,,,1,30,,37976,6957,,,1,60,,37959,6957,,,1,20,,37958,6957,,,1,15,,37960,6957,,,1,65,,37961,6957,,,1,30,,37955,6957,,,1,71,,37956,6957,,,1,30,,37957,6957,,,1,69,,37977,6957,,,1,30,,37980,6957,,,1,96,,37967,6957,,,1,100,,37963,6957,,,1,100,,37973,6957,,,1,100,,37978,6957,,,1,100,,37983,6957,,,1,11,,37971,6957,,,1,64,,37984,6957,,,1,20,,37986,6957,,,1,15,,37972,6957,,,1,19,,37970,6957,,,1,46,,37981,6957,,,1,16,,37987,6957,,,1,10,,37989,6957,,,1,6,,37975,6957,,,1,24,,37974,6957,,,1,69,,37985,6957,,,1,30,,37990,6957,,,1,71,,37965,6957,,,1,26,,37962,6957,,,1,74,,37964,6957,,,1,28,,37982,6957,,,1,70,,37979,6957,,,1,98,,37988,6957,,,1,100,,37968,6957,,,1,100,,37991,6957,,,1,119,,37969,6957,,,1
