101,'DI',620,,153,,,1,100,,154,,,1,100,,155,,,1,100,,156,,,1,100,,157,,,1,100,,158,,,1,100,,159,,,1,100,,160,,,1,101,,161,,,1,100,,162,,,1,98,,143,,,1,100,,144,,,1,100,,145,,,1,100,,146,,,1,100,,147,,,1,100,,148,,,1,100,,149,,,1,100,,150,,,1,100,,151,,,1,100,,152,,,1
101,'F1',550,,186,,,1,70,,176,,,1,30,,187,,,1,70,,177,,,1,30,,188,,,1,70,,178,,,1,30,,189,,,1,70,,179,,,1,30,,190,,,1,70,,180,,,1,30,,191,,,1,70,,181,,,1,30,,192,,,1,70,,182,,,1,30,,193,,,1,70,,183,,,1,31,,194,,,1,70,,184,,,1,30,,195,,,1,70,,185,,,1,28,,173,,,1,70,,163,,,1,30,,174,,,1,70,,164,,,1,30,,175,,,1,70,,165,,,1,100,,166,,,1,100,,167,,,1,100,,168,,,1,100,,169,,,1,100,,170,,,1,100,,171,,,1,100,,172,,,1
101,'F7',620,,10944,,,1,100,,10945,,,1,100,,10946,,,1,100,,10947,,,1,100,,10948,,,1,100,,10949,,,1,100,,10950,,,1,100,,10951,,,1,101,,10952,,,1,100,,10953,,,1,98,,10934,,,1,100,,10935,,,1,100,,10936,,,1,100,,10937,,,1,100,,10938,,,1,100,,10939,,,1,100,,10940,,,1,100,,10941,,,1,100,,10942,,,1,100,,10943,,,1
101,'F8',503,,10973,,,1,30,,10974,,,1,20,,10976,,,1,60,,10965,,,1,20,,10977,,,1,16,,10954,,,1,60,,10967,,,1,10,,10966,,,1,20,,10957,,,1,15,,10978,,,1,55,,10982,,,1,15,,10981,,,1,14,,10996,,,1,20,,10979,,,1,60,,10971,,,1,20,,10955,,,1,70,,10958,,,1,30,,10980,,,1,70,,10991,,,1,30,,10993,,,1,70,,10956,,,1,31,,10959,,,1,70,,10994,,,1,30,,10969,,,1,70,,10990,,,1,30,,10961,,,1,71,,10984,,,1,33,,10975,,,1,57,,10983,,,1,36,,10960,,,1,71,,10962,,,1,34,,10972,,,1,66,,10997,,,1,27,,10995,,,1,75,,10988,,,1,28,,10992,,,1,70,,10970,,,1,30,,10987,,,1,68,,10985,,,1,30,,10989,,,1,70,,10986,,,1,100,,10968,,,1,99,,10963,,,1,100,,10964,,,1
101,'F9',550,,11021,,,1,70,,11011,,,1,30,,11022,,,1,70,,11012,,,1,30,,11023,,,1,70,,11013,,,1,30,,11024,,,1,70,,11014,,,1,30,,11025,,,1,70,,11015,,,1,30,,11026,,,1,70,,11016,,,1,30,,11027,,,1,70,,11017,,,1,30,,11028,,,1,70,,11018,,,1,31,,11029,,,1,70,,11019,,,1,30,,11030,,,1,70,,11020,,,1,28,,11008,,,1,70,,10998,,,1,30,,11009,,,1,70,,10999,,,1,30,,11010,,,1,70,,11000,,,1,100,,11001,,,1,100,,11002,,,1,100,,11003,,,1,100,,11004,,,1,100,,11005,,,1,100,,11006,,,1,100,,11007,,,1
101,'SA',550,,219,,,1,70,,209,,,1,30,,220,,,1,70,,210,,,1,30,,221,,,1,70,,211,,,1,30,,222,,,1,70,,212,,,1,30,,223,,,1,70,,213,,,1,30,,224,,,1,70,,214,,,1,30,,225,,,1,70,,215,,,1,30,,226,,,1,70,,216,,,1,31,,227,,,1,70,,217,,,1,30,,228,,,1,70,,218,,,1,28,,206,,,1,70,,196,,,1,30,,207,,,1,70,,197,,,1,30,,208,,,1,70,,198,,,1,100,,199,,,1,100,,200,,,1,100,,201,,,1,100,,202,,,1,100,,203,,,1,100,,204,,,1,100,,205,,,1
101,'SE',503,,248,,,1,30,,249,,,1,20,,251,,,1,60,,240,,,1,20,,252,,,1,16,,229,,,1,60,,242,,,1,10,,241,,,1,20,,232,,,1,15,,253,,,1,55,,257,,,1,15,,256,,,1,14,,271,,,1,20,,254,,,1,60,,246,,,1,20,,230,,,1,70,,233,,,1,30,,255,,,1,70,,266,,,1,30,,268,,,1,70,,231,,,1,31,,234,,,1,70,,269,,,1,30,,244,,,1,70,,265,,,1,30,,236,,,1,71,,259,,,1,33,,250,,,1,57,,258,,,1,36,,235,,,1,71,,237,,,1,34,,247,,,1,66,,272,,,1,27,,270,,,1,75,,263,,,1,28,,267,,,1,70,,245,,,1,30,,262,,,1,68,,260,,,1,30,,264,,,1,70,,261,,,1,100,,243,,,1,99,,238,,,1,100,,239,,,1
2101,'DI',611,,3567,,,1,30,,3572,,,1,70,,3594,,,1,29,,3588,,,1,70,,3591,,,1,30,,3580,,,1,71,,3585,,,1,30,,3595,,,1,70,,3568,,,1,27,,3562,,,1,73,,3593,,,1,30,,3592,,,1,72,,3573,,,1,30,,3589,,,1,71,,3586,,,1,34,,3563,,,1,70,,3569,,,1,30,,3587,,,1,70,,3590,,,1,30,,3564,,,1,70,,3570,,,1,30,,3581,,,1,70,,3576,,,1,30,,3565,,,1,70,,3575,,,1,30,,3582,,,1,66,,3577,,,1,27,,3566,,,1,70,,3556,,,1,30,,3560,,,1,70,,3558,,,1,30,,3583,,,1,70,,3584,,,1,30,,3578,,,1,70,,3574,,,1,30,,3559,,,1,70,,3561,,,1,30,,3579,,,1
2101,'F1',611,,3596,,,1,30,,3604,,,1,70,,3615,,,1,30,,3626,,,1,72,,3614,,,1,30,,3620,,,1,70,,3611,,,1,30,,3616,,,1,70,,3629,,,1,25,,3621,,,1,71,,3597,,,1,34,,3627,,,1,73,,3622,,,1,26,,3617,,,1,74,,3630,,,1,32,,3600,,,1,70,,3623,,,1,30,,3628,,,1,70,,3632,,,1,30,,3601,,,1,70,,3624,,,1,30,,3618,,,1,70,,3633,,,1,30,,3602,,,1,70,,3625,,,1,30,,3619,,,1,66,,3634,,,1,27,,3603,,,1,70,,3605,,,1,30,,3610,,,1,70,,3608,,,1,30,,3607,,,1,70,,3612,,,1,30,,3606,,,1,70,,3598,,,1,30,,3609,,,1,70,,3631,,,1,30,,3613,,,1,70,,3635,,,1
2101,'F7',611,,13568,,,1,30,,13573,,,1,70,,13595,,,1,29,,13589,,,1,70,,13592,,,1,30,,13581,,,1,71,,13586,,,1,30,,13596,,,1,70,,13569,,,1,27,,13563,,,1,73,,13594,,,1,30,,13593,,,1,72,,13574,,,1,30,,13590,,,1,71,,13587,,,1,34,,13564,,,1,70,,13570,,,1,30,,13588,,,1,70,,13591,,,1,30,,13565,,,1,70,,13571,,,1,30,,13582,,,1,70,,13577,,,1,30,,13566,,,1,70,,13576,,,1,30,,13583,,,1,66,,13578,,,1,27,,13567,,,1,70,,13557,,,1,30,,13561,,,1,70,,13559,,,1,30,,13584,,,1,70,,13585,,,1,30,,13579,,,1,70,,13575,,,1,30,,13560,,,1,70,,13562,,,1,30,,13580,,,1
2101,'F8',508,,13600,,,1,46,,13599,,,1,67,,13629,,,1,15,,13630,,,1,15,,13624,,,1,55,,13625,,,1,10,,13623,,,1,10,,13635,,,1,13,,13626,,,1,10,,13632,,,1,10,,13628,,,1,50,,13633,,,1,13,,13631,,,1,18,,13639,,,1,17,,13640,,,1,63,,13636,,,1,13,,13627,,,1,20,,13604,,,1,61,,13601,,,1,27,,13597,,,1,74,,13598,,,1,30,,13610,,,1,70,,13602,,,1,32,,13612,,,1,73,,13620,,,1,30,,13614,,,1,70,,13603,,,1,39,,13605,,,1,64,,13646,,,1,30,,13637,,,1,73,,13645,,,1,15,,13638,,,1,15,,13634,,,1,54,,13641,,,1,15,,13642,,,1,18,,13643,,,1,59,,13644,,,1,16,,13606,,,1,20,,13621,,,1,66,,13618,,,1,27,,13615,,,1,25,,13611,,,1,70,,13617,,,1,30,,13613,,,1,69,,13619,,,1,30,,13607,,,1,70,,13622,,,1,98,,13608,,,1,97,,13616,,,1
2101,'F9',611,,13647,,,1,30,,13655,,,1,70,,13666,,,1,30,,13677,,,1,72,,13665,,,1,30,,13671,,,1,70,,13662,,,1,30,,13667,,,1,70,,13680,,,1,25,,13672,,,1,71,,13648,,,1,34,,13678,,,1,73,,13673,,,1,26,,13668,,,1,74,,13681,,,1,32,,13651,,,1,70,,13674,,,1,30,,13679,,,1,70,,13683,,,1,30,,13652,,,1,70,,13675,,,1,30,,13669,,,1,70,,13684,,,1,30,,13653,,,1,70,,13676,,,1,30,,13670,,,1,66,,13685,,,1,27,,13654,,,1,70,,13656,,,1,30,,13661,,,1,70,,13659,,,1,30,,13658,,,1,70,,13663,,,1,30,,13657,,,1,70,,13649,,,1,30,,13660,,,1,70,,13682,,,1,30,,13664,,,1,70,,13686,,,1
2101,'SA',611,,3636,,,1,30,,3644,,,1,70,,3655,,,1,30,,3666,,,1,72,,3654,,,1,30,,3660,,,1,70,,3651,,,1,30,,3656,,,1,70,,3669,,,1,25,,3661,,,1,71,,3637,,,1,34,,3667,,,1,73,,3662,,,1,26,,3657,,,1,74,,3670,,,1,32,,3640,,,1,70,,3663,,,1,30,,3668,,,1,70,,3672,,,1,30,,3641,,,1,70,,3664,,,1,30,,3658,,,1,70,,3673,,,1,30,,3642,,,1,70,,3665,,,1,30,,3659,,,1,66,,3674,,,1,27,,3643,,,1,70,,3645,,,1,30,,3650,,,1,70,,3648,,,1,30,,3647,,,1,70,,3652,,,1,30,,3646,,,1,70,,3638,,,1,30,,3649,,,1,70,,3671,,,1,30,,3653,,,1,70,,3675,,,1
2101,'SE',508,,3679,,,1,46,,3678,,,1,67,,3708,,,1,15,,3709,,,1,15,,3703,,,1,55,,3704,,,1,10,,3702,,,1,10,,3714,,,1,13,,3705,,,1,10,,3711,,,1,10,,3707,,,1,50,,3712,,,1,13,,3710,,,1,18,,3718,,,1,17,,3719,,,1,63,,3715,,,1,13,,3706,,,1,20,,3683,,,1,61,,3680,,,1,27,,3676,,,1,74,,3677,,,1,30,,3689,,,1,70,,3681,,,1,32,,3691,,,1,73,,3699,,,1,30,,3693,,,1,70,,3682,,,1,39,,3684,,,1,64,,3725,,,1,30,,3716,,,1,73,,3724,,,1,15,,3717,,,1,15,,3713,,,1,54,,3720,,,1,15,,3721,,,1,18,,3722,,,1,59,,3723,,,1,16,,3685,,,1,20,,3700,,,1,66,,3697,,,1,27,,3694,,,1,25,,3690,,,1,70,,3696,,,1,30,,3692,,,1,69,,3698,,,1,30,,3686,,,1,70,,3701,,,1,98,,3687,,,1,97,,3695,,,1
