8301,'DI',742,,36304,15162,,,1,100,,36305,15162,,,1,108,,36306,15162,,,1,100,,36307,15162,,,1,100,,36308,15162,,,1,100,,36309,15162,,,1,100,,36310,15162,,,1,100,,36311,15162,,,1,100,,36312,15162,,,1,100,,36313,15162,,,1,100,,36314,15162,,,1,100,,36315,15162,,,1,100,,36316,15162,,,1,100,,36317,15162,,,1,100,,36318,15162,,,1,100,,36319,15162,,,1,100,,36320,15162,,,1
8301,'F1',642,,14698,15162,,,1,100,,14699,15162,,,1,100,,36325,15162,,,1,108,,36326,15162,,,1,100,,36327,15162,,,1,100,,36328,15162,,,1,100,,36329,15162,,,1,100,,36330,15162,,,1,100,,36331,15162,,,1,100,,36332,15162,,,1,100,,36333,15162,,,1,100,,36334,15162,,,1,100,,36335,15162,,,1,100,,36336,15162,,,1,100,,36337,15162,,,1,100,,36338,15162,,,1,100,,36339,15162,,,1,100,,36322,15162,,,1,100,,36323,15162,,,1
8301,'F2',642,,36356,15162,,,1,100,,36357,15162,,,1,100,,36358,15162,,,1,108,,36359,15162,,,1,100,,36340,15162,,,1,100,,36341,15162,,,1,100,,36342,15162,,,1,100,,36343,15162,,,1,100,,36344,15162,,,1,100,,36345,15162,,,1,100,,36346,15162,,,1,100,,36347,15162,,,1,100,,36348,15162,,,1,100,,36349,15162,,,1,100,,36350,15162,,,1,100,,36351,15162,,,1,100,,36352,15162,,,1,100,,36353,15162,,,1,100,,36354,15162,,,1
8301,'F7',609,,36378,15162,,,1,30,,36382,15162,,,1,61,,36373,15162,,,1,16,,36379,15162,,,1,25,,36384,15162,,,1,60,,36380,15162,,,1,22,,36369,15162,,,1,18,,36383,15162,,,1,60,,36375,15162,,,1,20,,36371,15162,,,1,31,,36391,15162,,,1,60,,36381,15162,,,1,40,,36366,15162,,,1,100,,36367,15162,,,1,100,,36374,15162,,,1,100,,36361,15162,,,1,100,,36362,15162,,,1,101,,36363,15162,,,1,55,,36385,15162,,,1,25,,36364,15162,,,1,21,,36392,15162,,,1,62,,36360,15162,,,1,20,,36370,15162,,,1,18,,36393,15162,,,1,60,,36394,15162,,,1,17,,36372,15162,,,1,20,,36386,15162,,,1,60,,36368,15162,,,1,40,,36387,15162,,,1,100,,36388,15162,,,1,100,,36389,15162,,,1,100,,36390,15162,,,1,100,,36365,15162,,,1,100,,36376,15162,,,1
8301,'F8',642,,36411,15162,,,1,100,,36412,15162,,,1,100,,36413,15162,,,1,108,,36414,15162,,,1,100,,36395,15162,,,1,100,,36396,15162,,,1,100,,36397,15162,,,1,100,,36398,15162,,,1,100,,36399,15162,,,1,100,,36400,15162,,,1,100,,36401,15162,,,1,100,,36402,15162,,,1,100,,36403,15162,,,1,100,,36404,15162,,,1,100,,36405,15162,,,1,100,,36406,15162,,,1,100,,36407,15162,,,1,100,,36408,15162,,,1,100,,36409,15162,,,1
8301,'F9',742,,36415,15162,,,1,100,,36416,15162,,,1,108,,36417,15162,,,1,100,,36418,15162,,,1,100,,36419,15162,,,1,100,,36420,15162,,,1,100,,36421,15162,,,1,100,,36422,15162,,,1,100,,36423,15162,,,1,100,,36424,15162,,,1,100,,36425,15162,,,1,100,,36426,15162,,,1,100,,36427,15162,,,1,100,,36428,15162,,,1,100,,36429,15162,,,1,100,,36430,15162,,,1,100,,36431,15162,,,1
8301,'SA',642,,36449,15162,,,1,100,,36450,15162,,,1,100,,36451,15162,,,1,108,,36452,15162,,,1,100,,36433,15162,,,1,100,,36434,15162,,,1,100,,36435,15162,,,1,100,,36436,15162,,,1,100,,36437,15162,,,1,100,,36438,15162,,,1,100,,36439,15162,,,1,100,,36440,15162,,,1,100,,36441,15162,,,1,100,,36442,15162,,,1,100,,36443,15162,,,1,100,,36444,15162,,,1,100,,36445,15162,,,1,100,,36446,15162,,,1,100,,36447,15162,,,1
8301,'SE',609,,36471,15162,,,1,30,,36475,15162,,,1,61,,36466,15162,,,1,16,,36472,15162,,,1,25,,36477,15162,,,1,60,,36473,15162,,,1,22,,36462,15162,,,1,18,,36476,15162,,,1,60,,36468,15162,,,1,20,,36464,15162,,,1,31,,36484,15162,,,1,60,,36474,15162,,,1,40,,36459,15162,,,1,100,,36460,15162,,,1,100,,36467,15162,,,1,100,,36454,15162,,,1,100,,36455,15162,,,1,101,,36456,15162,,,1,55,,36478,15162,,,1,25,,36457,15162,,,1,21,,36485,15162,,,1,62,,36453,15162,,,1,20,,36463,15162,,,1,18,,36486,15162,,,1,60,,36487,15162,,,1,17,,36465,15162,,,1,20,,36479,15162,,,1,60,,36461,15162,,,1,40,,36480,15162,,,1,100,,36481,15162,,,1,100,,36482,15162,,,1,100,,36483,15162,,,1,100,,36458,15162,,,1,100,,36469,15162,,,1
8401,'F7',649,,36551,15150,,,2,55,,36559,15150,,,2,25,,36562,15150,,,2,21,,36550,15150,,,2,64,,36561,15150,,,2,16,,36564,15150,,,2,20,,36565,15150,,,2,59,,36560,15150,,,2,26,,36563,15150,,,2,87,,36546,15150,,,2,101,,36547,15150,,,2,100,,36576,15150,,,2,100,,36552,15150,,,2,100,,36556,15150,,,2,97,,36566,15150,,,2,5,,36557,15150,,,2,78,,36578,15150,,,2,19,,36548,15150,,,2,20,,36558,15150,,,2,61,,36569,15150,,,2,20,,36577,15150,,,2,19,,36568,15150,,,2,60,,36567,15150,,,2,18,,36554,15150,,,2,21,,36555,15150,,,2,59,,36553,15150,,,2,20,,36549,15150,,,2,100,,36570,15150,,,2,99,,36571,15150,,,2,100,,36572,15150,,,2,100,,36573,15150,,,2,100,,36574,15150,,,2
8401,'SE',649,,36584,15150,,,2,55,,36592,15150,,,2,25,,36595,15150,,,2,21,,36583,15150,,,2,64,,36594,15150,,,2,16,,36597,15150,,,2,20,,36598,15150,,,2,59,,36593,15150,,,2,26,,36596,15150,,,2,87,,36579,15150,,,2,101,,36580,15150,,,2,100,,36609,15150,,,2,100,,36585,15150,,,2,100,,36589,15150,,,2,97,,36599,15150,,,2,5,,36590,15150,,,2,78,,36611,15150,,,2,19,,36581,15150,,,2,20,,36591,15150,,,2,61,,36602,15150,,,2,20,,36610,15150,,,2,19,,36601,15150,,,2,60,,36600,15150,,,2,18,,36587,15150,,,2,21,,36588,15150,,,2,59,,36586,15150,,,2,20,,36582,15150,,,2,100,,36603,15150,,,2,99,,36604,15150,,,2,100,,36605,15150,,,2,100,,36606,15150,,,2,100,,36607,15150,,,2
