2001,'DI',540,,26482,2853,,,2,100,,26476,2853,,,2,100,,26479,2853,,,2,100,,26483,2853,,,2,100,,26474,2853,,,2,100,,26480,2853,,,2,97,,26484,2853,,,2,103,,26485,2853,,,2,100,,26481,2853,,,2,100,,26486,2853,,,2,100,,26477,2853,,,2,97,,26489,2853,,,2,103,,26490,2853,,,2,100,,26478,2853,,,2,100,,26487,2853,,,2,100,,26475,2853,,,2,100,,26491,2853,,,2,100,,26488,2853,,,2,100,,26492,2853,,,2,100,,26493,2853,,,2
2001,'F1',541,,26503,2853,,,2,100,,26511,2853,,,2,100,,26507,2853,,,2,100,,26509,2853,,,2,100,,26508,2853,,,2,100,,5794,2853,,,2,100,,26510,2853,,,2,100,,5797,2853,,,2,100,,26498,2853,,,2,100,,26499,2853,,,2,100,,26496,2853,,,2,96,,26500,2853,,,2,104,,26501,2853,,,2,104,,26502,2853,,,2,96,,26494,2853,,,2,100,,26504,2853,,,2,100,,26505,2853,,,2,100,,26495,2853,,,2,100,,26497,2853,,,2,100,,26506,2853,,,2,100,,26512,2853,,,2
2001,'F2',541,,26530,2853,,,2,100,,26532,2853,,,2,100,,26525,2853,,,2,100,,26522,2853,,,2,100,,26516,2853,,,2,100,,26518,2853,,,2,100,,26517,2853,,,2,100,,26526,2853,,,2,100,,26519,2853,,,2,100,,26520,2853,,,2,100,,26531,2853,,,2,96,,26527,2853,,,2,104,,26528,2853,,,2,104,,26529,2853,,,2,96,,26514,2853,,,2,100,,26523,2853,,,2,100,,26521,2853,,,2,100,,26513,2853,,,2,100,,26533,2853,,,2,100,,26524,2853,,,2,100,,26515,2853,,,2
2001,'F7',526,,26566,2853,,,2,76,,26554,2853,,,2,20,,26588,2853,,,2,15,,26544,2853,,,2,9,,26567,2853,,,2,9,,26580,2853,,,2,49,,26570,2853,,,2,9,,26557,2853,,,2,4,,26555,2853,,,2,14,,26556,2853,,,2,10,,26552,2853,,,2,8,,26574,2853,,,2,10,,26536,2853,,,2,51,,26543,2853,,,2,6,,26537,2853,,,2,14,,26558,2853,,,2,71,,26553,2853,,,2,31,,26583,2853,,,2,70,,26535,2853,,,2,31,,26577,2853,,,2,70,,26545,2853,,,2,30,,26581,2853,,,2,70,,26540,2853,,,2,30,,26573,2853,,,2,70,,26546,2853,,,2,30,,26584,2853,,,2,70,,26541,2853,,,2,30,,26572,2853,,,2,70,,26547,2853,,,2,31,,26559,2853,,,2,21,,26561,2853,,,2,57,,26549,2853,,,2,15,,26539,2853,,,2,15,,26550,2853,,,2,15,,26575,2853,,,2,57,,26562,2853,,,2,11,,26582,2853,,,2,13,,26563,2853,,,2,9,,26565,2853,,,2,12,,26560,2853,,,2,53,,26576,2853,,,2,11,,26548,2853,,,2,14,,26586,2853,,,2,13,,26564,2853,,,2,55,,26579,2853,,,2,28,,26534,2853,,,2,70,,26578,2853,,,2,30,,26587,2853,,,2,70,,26551,2853,,,2,30,,26585,2853,,,2,70,,26568,2853,,,2,100,,26542,2853,,,2,100,,26569,2853,,,2,100,,26538,2853,,,2,100,,26571,2853,,,2
2001,'F8',541,,26606,2853,,,2,100,,26608,2853,,,2,100,,26601,2853,,,2,100,,26598,2853,,,2,100,,26592,2853,,,2,100,,26594,2853,,,2,100,,26593,2853,,,2,100,,26602,2853,,,2,100,,26595,2853,,,2,100,,26596,2853,,,2,100,,26607,2853,,,2,96,,26603,2853,,,2,104,,26604,2853,,,2,104,,26605,2853,,,2,96,,26590,2853,,,2,100,,26599,2853,,,2,100,,26597,2853,,,2,100,,26589,2853,,,2,100,,26609,2853,,,2,100,,26600,2853,,,2,100,,26591,2853,,,2
2001,'F9',540,,26618,2853,,,2,100,,26612,2853,,,2,100,,26615,2853,,,2,100,,26619,2853,,,2,100,,26610,2853,,,2,100,,26616,2853,,,2,97,,26620,2853,,,2,103,,26621,2853,,,2,100,,26617,2853,,,2,100,,26622,2853,,,2,100,,26613,2853,,,2,97,,26625,2853,,,2,103,,26626,2853,,,2,100,,26614,2853,,,2,100,,26623,2853,,,2,100,,26611,2853,,,2,100,,26627,2853,,,2,100,,26624,2853,,,2,100,,26628,2853,,,2,100,,26629,2853,,,2
2001,'SA',541,,26646,2853,,,2,100,,26648,2853,,,2,100,,5908,2853,,,2,100,,26639,2853,,,2,100,,26633,2853,,,2,100,,26635,2853,,,2,100,,26634,2853,,,2,100,,26642,2853,,,2,100,,26636,2853,,,2,100,,26637,2853,,,2,100,,26647,2853,,,2,96,,26643,2853,,,2,104,,26644,2853,,,2,104,,26645,2853,,,2,96,,26631,2853,,,2,100,,26640,2853,,,2,100,,26638,2853,,,2,100,,26630,2853,,,2,100,,26649,2853,,,2,100,,26641,2853,,,2,100,,26632,2853,,,2
2001,'SE',526,,26682,2853,,,2,76,,26670,2853,,,2,20,,26704,2853,,,2,15,,26660,2853,,,2,9,,26683,2853,,,2,9,,26696,2853,,,2,49,,26686,2853,,,2,9,,26673,2853,,,2,4,,26671,2853,,,2,14,,26672,2853,,,2,10,,26668,2853,,,2,8,,26690,2853,,,2,10,,26652,2853,,,2,51,,26659,2853,,,2,6,,26653,2853,,,2,14,,26674,2853,,,2,71,,26669,2853,,,2,31,,26699,2853,,,2,70,,26651,2853,,,2,31,,26693,2853,,,2,70,,26661,2853,,,2,30,,26697,2853,,,2,70,,26656,2853,,,2,30,,26689,2853,,,2,70,,26662,2853,,,2,30,,26700,2853,,,2,70,,26657,2853,,,2,30,,26688,2853,,,2,70,,26663,2853,,,2,31,,26675,2853,,,2,21,,26677,2853,,,2,57,,26665,2853,,,2,15,,26655,2853,,,2,15,,26666,2853,,,2,15,,26691,2853,,,2,57,,26678,2853,,,2,11,,26698,2853,,,2,13,,26679,2853,,,2,9,,26681,2853,,,2,12,,26676,2853,,,2,53,,26692,2853,,,2,11,,26664,2853,,,2,14,,26702,2853,,,2,13,,26680,2853,,,2,55,,26695,2853,,,2,28,,26650,2853,,,2,70,,26694,2853,,,2,30,,26703,2853,,,2,70,,26667,2853,,,2,30,,26701,2853,,,2,70,,26684,2853,,,2,100,,26658,2853,,,2,100,,26685,2853,,,2,100,,26654,2853,,,2,100,,26687,2853,,,2
2200,'F1',619,,27378,4487,,,2,92,,27380,4487,,,2,25,,27379,4487,,,2,893,,27381,4487,,,2,80,,27383,4487,,,2,20,,27377,4487,,,2,30,,27382,4487,,,2,80,,27384,4487,,,2
2200,'F7',619,,27385,4487,,,2,92,,27387,4487,,,2,25,,27386,4487,,,2,893,,27390,4487,,,2,80,,27388,4487,,,2,20,,27392,4487,,,2,30,,27391,4487,,,2,80,,27389,4487,,,2
2200,'SE',619,,27393,4487,,,2,92,,27395,4487,,,2,25,,27394,4487,,,2,893,,27398,4487,,,2,80,,27396,4487,,,2,20,,27400,4487,,,2,30,,27399,4487,,,2,80,,27397,4487,,,2
