12001,'F7',602,,37590,1725,,,2,31,,37596,1725,,,2,26,,37588,1725,,,2,77,,37597,1725,,,2,69,,37589,1725,,,2,33,,37591,1725,,,2,795,,37592,1725,,,2,71,,37593,1725,,,2,36,,37598,1725,,,2,62,,37595,1725,,,2,29,,37594,1725,,,2
12001,'SE',602,,37601,1725,,,2,31,,37607,1725,,,2,26,,37599,1725,,,2,77,,37608,1725,,,2,69,,37600,1725,,,2,33,,37602,1725,,,2,795,,37603,1725,,,2,71,,37604,1725,,,2,36,,37609,1725,,,2,62,,37606,1725,,,2,29,,37605,1725,,,2
12300,'DI',645,,37610,17013,0,42 43,1,100,,37620,17013,0,42 43,1,100,,37611,17013,0,42 43,1,100,,37621,17013,0,42 43,1,100,,37612,17013,0,42 43,1,100,,37622,17013,0,42 43,1,105,,37613,17013,0,42 43,1,95,,37623,17013,0,42 43,1,100,,37614,17013,0,42 43,1,100,,37624,17013,0,42 43,1,100,,37615,17013,0,42 43,1,100,,37625,17013,0,42 43,1,100,,37616,17013,0,42 43,1,100,,37626,17013,0,42 43,1,100,,37617,17013,0,42 43,1,100,,37627,17013,0,42 43,1,100,,37618,17013,0,42 43,1,100,,37628,17013,0,42 43,1,100,,37619,17013,0,42 43,1
12300,'F1',645,,37637,17013,0,42 43,1,100,,37641,17013,0,42 43,1,100,,37631,17013,0,42 43,1,105,,37642,17013,0,42 43,1,99,,37632,17013,0,42 43,1,100,,37629,17013,0,42 43,1,100,,37633,17013,0,42 43,1,96,,37630,17013,0,42 43,1,100,,37634,17013,0,42 43,1,100,,37635,17013,0,42 43,1,104,,37643,17013,0,42 43,1,101,,37636,17013,0,42 43,1,99,,37644,17013,0,42 43,1,96,,37638,17013,0,42 43,1,100,,37645,17013,0,42 43,1,100,,37639,17013,0,42 43,1,100,,37646,17013,0,42 43,1,100,,37640,17013,0,42 43,1,100,,37647,17013,0,42 43,1
12300,'F2',645,,37649,17013,0,42 43,1,100,,37648,17013,0,42 43,1,100,,37650,17013,0,42 43,1,105,,37659,17013,0,42 43,1,99,,37651,17013,0,42 43,1,100,,37660,17013,0,42 43,1,100,,37652,17013,0,42 43,1,96,,37661,17013,0,42 43,1,100,,37653,17013,0,42 43,1,100,,37662,17013,0,42 43,1,104,,37654,17013,0,42 43,1,101,,37663,17013,0,42 43,1,99,,37655,17013,0,42 43,1,96,,37664,17013,0,42 43,1,100,,37656,17013,0,42 43,1,100,,37665,17013,0,42 43,1,100,,37657,17013,0,42 43,1,100,,37666,17013,0,42 43,1,100,,37658,17013,0,42 43,1
12300,'F7',541,,37686,17013,0,42 43,1,73,,37667,17013,0,42 43,1,15,,37674,17013,0,42 43,1,10,,37668,17013,0,42 43,1,10,,37688,17013,0,42 43,1,10,,37679,17013,0,42 43,1,54,,37689,17013,0,42 43,1,8,,37669,17013,0,42 43,1,12,,37693,17013,0,42 43,1,10,,37670,17013,0,42 43,1,61,,37694,17013,0,42 43,1,17,,37690,17013,0,42 43,1,30,,37696,17013,0,42 43,1,65,,37695,17013,0,42 43,1,29,,37676,17013,0,42 43,1,102,,37671,17013,0,42 43,1,100,,37681,17013,0,42 43,1,99,,37691,17013,0,42 43,1,105,,37683,17013,0,42 43,1,5,,37680,17013,0,42 43,1,93,,37687,17013,0,42 43,1,70,,37697,17013,0,42 43,1,32,,37684,17013,0,42 43,1,66,,37682,17013,0,42 43,1,29,,37699,17013,0,42 43,1,71,,37701,17013,0,42 43,1,31,,37673,17013,0,42 43,1,67,,37685,17013,0,42 43,1,35,,37672,17013,0,42 43,1,68,,37698,17013,0,42 43,1,30,,37692,17013,0,42 43,1,68,,37675,17013,0,42 43,1,30,,37700,17013,0,42 43,1,100,,37677,17013,0,42 43,1,100,,37702,17013,0,42 43,1,96,,37678,17013,0,42 43,1,100,,37703,17013,0,42 43,1
12300,'F8',645,,37705,17013,0,42 43,1,100,,37704,17013,0,42 43,1,100,,37706,17013,0,42 43,1,105,,37715,17013,0,42 43,1,99,,37707,17013,0,42 43,1,100,,37716,17013,0,42 43,1,100,,37708,17013,0,42 43,1,96,,37717,17013,0,42 43,1,100,,37709,17013,0,42 43,1,100,,37718,17013,0,42 43,1,104,,37710,17013,0,42 43,1,101,,37719,17013,0,42 43,1,99,,37711,17013,0,42 43,1,96,,37720,17013,0,42 43,1,100,,37712,17013,0,42 43,1,100,,37721,17013,0,42 43,1,100,,37713,17013,0,42 43,1,100,,37722,17013,0,42 43,1,100,,37714,17013,0,42 43,1
12300,'F9',645,,37723,17013,0,42 43,1,100,,37733,17013,0,42 43,1,100,,37724,17013,0,42 43,1,100,,37734,17013,0,42 43,1,100,,37725,17013,0,42 43,1,100,,37735,17013,0,42 43,1,105,,37726,17013,0,42 43,1,95,,37736,17013,0,42 43,1,100,,37727,17013,0,42 43,1,100,,37737,17013,0,42 43,1,100,,37728,17013,0,42 43,1,100,,37738,17013,0,42 43,1,100,,37729,17013,0,42 43,1,100,,37739,17013,0,42 43,1,100,,37730,17013,0,42 43,1,100,,37740,17013,0,42 43,1,100,,37731,17013,0,42 43,1,100,,37741,17013,0,42 43,1,100,,37732,17013,0,42 43,1
12300,'SA',645,,37743,17013,0,42 43,1,100,,37742,17013,0,42 43,1,100,,37744,17013,0,42 43,1,105,,37753,17013,0,42 43,1,99,,37745,17013,0,42 43,1,100,,37754,17013,0,42 43,1,100,,37746,17013,0,42 43,1,96,,37755,17013,0,42 43,1,100,,37747,17013,0,42 43,1,100,,37756,17013,0,42 43,1,104,,37748,17013,0,42 43,1,101,,37757,17013,0,42 43,1,99,,37749,17013,0,42 43,1,96,,37758,17013,0,42 43,1,100,,37750,17013,0,42 43,1,100,,37759,17013,0,42 43,1,100,,37751,17013,0,42 43,1,100,,37760,17013,0,42 43,1,100,,37752,17013,0,42 43,1
12300,'SE',541,,37780,17013,0,42 43,1,73,,37761,17013,0,42 43,1,15,,37768,17013,0,42 43,1,10,,37762,17013,0,42 43,1,10,,37782,17013,0,42 43,1,10,,37773,17013,0,42 43,1,54,,37783,17013,0,42 43,1,8,,37763,17013,0,42 43,1,12,,37787,17013,0,42 43,1,10,,37764,17013,0,42 43,1,61,,37788,17013,0,42 43,1,17,,37784,17013,0,42 43,1,30,,37790,17013,0,42 43,1,65,,37789,17013,0,42 43,1,29,,37770,17013,0,42 43,1,102,,37765,17013,0,42 43,1,100,,37775,17013,0,42 43,1,99,,37785,17013,0,42 43,1,105,,37777,17013,0,42 43,1,5,,37774,17013,0,42 43,1,93,,37781,17013,0,42 43,1,70,,37791,17013,0,42 43,1,32,,37778,17013,0,42 43,1,66,,37776,17013,0,42 43,1,29,,37793,17013,0,42 43,1,71,,37795,17013,0,42 43,1,31,,37767,17013,0,42 43,1,67,,37779,17013,0,42 43,1,35,,37766,17013,0,42 43,1,68,,37792,17013,0,42 43,1,30,,37786,17013,0,42 43,1,68,,37769,17013,0,42 43,1,30,,37794,17013,0,42 43,1,100,,37771,17013,0,42 43,1,100,,37796,17013,0,42 43,1,96,,37772,17013,0,42 43,1,100,,37797,17013,0,42 43,1
