1901,'DI',548,,25993,4609,,,2,100,,25994,4609,,,2,100,,25995,4609,,,2,100,,25996,4609,,,2,104,,25997,4609,,,2,100,,25998,4609,,,2,100,,25999,4609,,,2,100,,26000,4609,,,2,100,,26001,4609,,,2,100,,26002,4609,,,2,100,,26003,4609,,,2,100,,26004,4609,,,2,100,,26005,4609,,,2,100,,26006,4609,,,2,100,,26007,4609,,,2,100,,26008,4609,,,2,100,,26009,4609,,,2,100,,26010,4609,,,2,100,,26011,4609,,,2,100,,26012,4609,,,2
1901,'F1',548,,26029,4609,,,2,70,,26025,4609,,,2,30,,26030,4609,,,2,70,,26026,4609,,,2,30,,26031,4609,,,2,70,,26027,4609,,,2,30,,26032,4609,,,2,70,,26028,4609,,,2,34,,26018,4609,,,2,70,,26013,4609,,,2,30,,26019,4609,,,2,70,,26014,4609,,,2,30,,26020,4609,,,2,70,,26015,4609,,,2,30,,26021,4609,,,2,70,,26016,4609,,,2,30,,26022,4609,,,2,70,,26023,4609,,,2,30,,5378,4609,,,2,70,,26024,4609,,,2,30,,5379,4609,,,2,70,,26033,4609,,,2,30,,5380,4609,,,2,70,,26034,4609,,,2,30,,5381,4609,,,2,70,,26035,4609,,,2,30,,5382,4609,,,2,100,,26036,4609,,,2,100,,26037,4609,,,2,100,,26038,4609,,,2,100,,26039,4609,,,2,100,,26040,4609,,,2,100,,26041,4609,,,2
1901,'F2',548,,26042,4609,,,2,70,,26052,4609,,,2,30,,26043,4609,,,2,70,,26053,4609,,,2,30,,26044,4609,,,2,70,,26054,4609,,,2,30,,26045,4609,,,2,70,,26055,4609,,,2,34,,26046,4609,,,2,70,,26056,4609,,,2,30,,26047,4609,,,2,70,,26057,4609,,,2,30,,26048,4609,,,2,70,,26069,4609,,,2,30,,26049,4609,,,2,70,,26070,4609,,,2,30,,26050,4609,,,2,70,,26071,4609,,,2,30,,26051,4609,,,2,70,,26072,4609,,,2,30,,26058,4609,,,2,70,,26073,4609,,,2,30,,26059,4609,,,2,70,,26074,4609,,,2,30,,26060,4609,,,2,70,,26075,4609,,,2,30,,26061,4609,,,2,100,,26062,4609,,,2,100,,26063,4609,,,2,100,,26064,4609,,,2,100,,26065,4609,,,2,100,,26066,4609,,,2,100,,26067,4609,,,2
1901,'F7',507,,26090,4609,,,2,35,,26089,4609,,,2,70,,26113,4609,,,2,24,,26105,4609,,,2,14,,26111,4609,,,2,55,,26106,4609,,,2,12,,26109,4609,,,2,12,,26110,4609,,,2,12,,26103,4609,,,2,12,,26108,4609,,,2,55,,26102,4609,,,2,21,,26107,4609,,,2,20,,26104,4609,,,2,71,,26076,4609,,,2,34,,26098,4609,,,2,70,,26077,4609,,,2,30,,26078,4609,,,2,70,,26091,4609,,,2,30,,26079,4609,,,2,70,,26092,4609,,,2,30,,26095,4609,,,2,70,,26093,4609,,,2,30,,26096,4609,,,2,72,,26094,4609,,,2,30,,26114,4609,,,2,70,,26112,4609,,,2,29,,26121,4609,,,2,61,,26120,4609,,,2,23,,26118,4609,,,2,20,,26117,4609,,,2,61,,26119,4609,,,2,18,,26115,4609,,,2,17,,26116,4609,,,2,61,,26122,4609,,,2,19,,26084,4609,,,2,24,,26097,4609,,,2,65,,26080,4609,,,2,30,,26099,4609,,,2,70,,26081,4609,,,2,30,,26100,4609,,,2,70,,26082,4609,,,2,29,,26101,4609,,,2,100,,26085,4609,,,2,100,,26086,4609,,,2,100,,26087,4609,,,2
1901,'F8',548,,26123,4609,,,2,70,,26133,4609,,,2,30,,26124,4609,,,2,70,,26134,4609,,,2,30,,26125,4609,,,2,70,,26135,4609,,,2,30,,26126,4609,,,2,70,,26136,4609,,,2,34,,26127,4609,,,2,70,,26137,4609,,,2,30,,26128,4609,,,2,70,,26138,4609,,,2,30,,26129,4609,,,2,70,,26150,4609,,,2,30,,26130,4609,,,2,70,,26151,4609,,,2,30,,26131,4609,,,2,70,,26152,4609,,,2,30,,26132,4609,,,2,70,,26153,4609,,,2,30,,26139,4609,,,2,70,,26154,4609,,,2,30,,26140,4609,,,2,70,,26155,4609,,,2,30,,26141,4609,,,2,70,,26156,4609,,,2,30,,26142,4609,,,2,100,,26143,4609,,,2,100,,26144,4609,,,2,100,,26145,4609,,,2,100,,26146,4609,,,2,100,,26147,4609,,,2,100,,26148,4609,,,2
1901,'F9',548,,26158,4609,,,2,100,,26159,4609,,,2,100,,26160,4609,,,2,100,,26161,4609,,,2,104,,26162,4609,,,2,100,,26163,4609,,,2,100,,26164,4609,,,2,100,,26165,4609,,,2,100,,26166,4609,,,2,100,,26167,4609,,,2,100,,26168,4609,,,2,100,,26169,4609,,,2,100,,26170,4609,,,2,100,,26171,4609,,,2,100,,26172,4609,,,2,100,,26173,4609,,,2,100,,26174,4609,,,2,100,,26175,4609,,,2,100,,26176,4609,,,2,100,,26177,4609,,,2
1901,'SA',548,,26178,4609,,,2,70,,26188,4609,,,2,30,,26179,4609,,,2,70,,26189,4609,,,2,30,,26180,4609,,,2,70,,26190,4609,,,2,30,,26181,4609,,,2,70,,26191,4609,,,2,34,,26182,4609,,,2,70,,26192,4609,,,2,30,,26183,4609,,,2,70,,26193,4609,,,2,30,,26184,4609,,,2,70,,26205,4609,,,2,30,,26185,4609,,,2,70,,26206,4609,,,2,30,,26186,4609,,,2,70,,26207,4609,,,2,30,,26187,4609,,,2,70,,26208,4609,,,2,30,,26194,4609,,,2,70,,26209,4609,,,2,30,,26195,4609,,,2,70,,26210,4609,,,2,30,,26196,4609,,,2,70,,26211,4609,,,2,30,,26197,4609,,,2,100,,26198,4609,,,2,100,,26199,4609,,,2,100,,26200,4609,,,2,100,,26201,4609,,,2,100,,26202,4609,,,2,100,,26203,4609,,,2
1901,'SE',507,,26226,4609,,,2,35,,26225,4609,,,2,70,,26249,4609,,,2,24,,26241,4609,,,2,14,,26247,4609,,,2,55,,26242,4609,,,2,12,,26245,4609,,,2,12,,26246,4609,,,2,12,,26239,4609,,,2,12,,26244,4609,,,2,55,,26238,4609,,,2,21,,26243,4609,,,2,20,,26240,4609,,,2,71,,26212,4609,,,2,34,,26234,4609,,,2,70,,26213,4609,,,2,30,,26214,4609,,,2,70,,26227,4609,,,2,30,,26215,4609,,,2,70,,26228,4609,,,2,30,,26231,4609,,,2,70,,26229,4609,,,2,30,,26232,4609,,,2,72,,26230,4609,,,2,30,,26250,4609,,,2,70,,26248,4609,,,2,29,,26257,4609,,,2,61,,26256,4609,,,2,23,,26254,4609,,,2,20,,26253,4609,,,2,61,,26255,4609,,,2,18,,26251,4609,,,2,17,,26252,4609,,,2,61,,26258,4609,,,2,19,,26220,4609,,,2,24,,26233,4609,,,2,65,,26216,4609,,,2,30,,26235,4609,,,2,70,,26217,4609,,,2,30,,26236,4609,,,2,70,,26218,4609,,,2,29,,26237,4609,,,2,100,,26221,4609,,,2,100,,26222,4609,,,2,100,,26223,4609,,,2
5901,'F7',543,,32173,485,,,2,70,,32175,485,,,2,30,,32172,485,,,2,60,,32176,485,,,2,20,,32174,485,,,2,30,,32177,485,,,2
5901,'SE',543,,32183,485,,,2,70,,32185,485,,,2,30,,32182,485,,,2,60,,32186,485,,,2,20,,32184,485,,,2,30,,32187,485,,,2
