'DI',100,65550,0,'Windsor',1,10000,0,'Windsor',1,10000,0,'Windsor',1,10000,0,'Windsor',1,10000,0,'Windsor',1,10000,0,'Windsor',1,10000,0,'Windsor',1,10100,0,'Windsor',1,10000,0,'Windsor',1,9800,0,'Windsor',1,10000,0,'Windsor',1,10000,0,'Windsor',1,10000,0,'Windsor',1,10000,0,'Windsor',1,10000,0,'Windsor',1,10000,0,'Windsor',1,10000,0,'Windsor',1,10000,0,'Windsor',1,10000,0,'Windsor',1,10000,0,'Windsor',1
'F2',100,62550,0,'Windsor',1,3000,0,'Windsor',1,7000,0,'Windsor',1,3000,0,'Windsor',1,7000,0,'Windsor',1,3000,0,'Windsor',1,7000,0,'Windsor',1,3000,0,'Windsor',1,7000,0,'Windsor',1,3000,0,'Windsor',1,7000,0,'Windsor',1,3000,0,'Windsor',1,7000,0,'Windsor',1,3000,0,'Windsor',1,7100,0,'Windsor',1,3000,0,'Windsor',1,7000,0,'Windsor',1,3000,0,'Windsor',1,6800,0,'Windsor',1,3000,0,'Windsor',1,7000,0,'Windsor',1,3000,0,'Windsor',1,7000,0,'Windsor',1,3000,0,'Windsor',1,7000,0,'Windsor',1,3000,0,'Windsor',1,10000,0,'Windsor',1,10000,0,'Windsor',1,10000,0,'Windsor',1,10000,0,'Windsor',1,10000,0,'Windsor',1,10000,0,'Windsor',1,10000,0,'Windsor',1
'SA',100,62550,0,'Windsor',1,3000,0,'Windsor',1,7000,0,'Windsor',1,3000,0,'Windsor',1,7000,0,'Windsor',1,3000,0,'Windsor',1,7000,0,'Windsor',1,3000,0,'Windsor',1,7000,0,'Windsor',1,3000,0,'Windsor',1,7000,0,'Windsor',1,3000,0,'Windsor',1,7000,0,'Windsor',1,3000,0,'Windsor',1,7100,0,'Windsor',1,3000,0,'Windsor',1,7000,0,'Windsor',1,3000,0,'Windsor',1,6800,0,'Windsor',1,3000,0,'Windsor',1,7000,0,'Windsor',1,3000,0,'Windsor',1,7000,0,'Windsor',1,3000,0,'Windsor',1,7000,0,'Windsor',1,3000,0,'Windsor',1,10000,0,'Windsor',1,10000,0,'Windsor',1,10000,0,'Windsor',1,10000,0,'Windsor',1,10000,0,'Windsor',1,10000,0,'Windsor',1,10000,0,'Windsor',1
'SE',100,54830,0,'Windsor',1,7600,0,'Windsor',1,2900,0,'Windsor',1,7500,0,'Windsor',1,2820,0,'Windsor',1,7500,0,'Windsor',1,8000,0,'Windsor',1,3000,0,'Windsor',1,7000,0,'Windsor',1,3000,0,'Windsor',1,7000,0,'Windsor',1,3000,0,'Windsor',1,7100,0,'Windsor',1,3000,0,'Windsor',1,7000,0,'Windsor',1,3000,0,'Windsor',1,7000,0,'Windsor',1,3000,0,'Windsor',1,7050,0,'Windsor',1,1800,0,'Windsor',1,2100,0,'Windsor',1,5500,0,'Windsor',1,1900,0,'Windsor',1,1200,0,'Windsor',1,2120,0,'Windsor',1,5200,0,'Windsor',1,1280,0,'Windsor',1,1500,0,'Windsor',1,1250,0,'Windsor',1,5500,0,'Windsor',1,1500,0,'Windsor',1,2000,0,'Windsor',1,6900,0,'Windsor',1,3000,0,'Windsor',1,7000,0,'Windsor',1,3000,0,'Windsor',1,7000,0,'Windsor',1,3000,0,'Windsor',1,10000,0,'Windsor',1,9900,0,'Windsor',1,10000,0,'Windsor',1,9900,0,'Windsor',1
'DI',600,63310,,'',1,7000,,'',1,3000,,'',1,7100,,'',1,3000,,'',1,7000,,'',1,3100,,'',1,7000,,'',1,3000,,'',1,6900,,'',1,3100,,'',1,6910,,'',1,3000,,'',1,7400,,'',1,2900,,'',1,7000,,'',1,2700,,'',1,7300,,'',1,3000,,'',1,6900,,'',1,3100,,'',1,6700,,'',1,3000,,'',1,7000,,'',1,2890,,'',1,7100,,'',1,10400,,'',1,10000,,'',1,9940,,'',1,10000,,'',1,10000,,'',1,10000,,'',1
'F2',600,63310,,'',1,7100,,'',1,2900,,'',1,7000,,'',1,3400,,'',1,6600,,'',1,3500,,'',1,6300,,'',1,3200,,'',1,6900,,'',1,3000,,'',1,7710,,'',1,3000,,'',1,6700,,'',1,3100,,'',1,6700,,'',1,3000,,'',1,7000,,'',1,3000,,'',1,7000,,'',1,3000,,'',1,7000,,'',1,3000,,'',1,7000,,'',1,3000,,'',1,7000,,'',1,10500,,'',1,10000,,'',1,9990,,'',1,10000,,'',1,10000,,'',1,10000,,'',1
'SA',600,63310,,'',1,7100,,'',1,2900,,'',1,7000,,'',1,3400,,'',1,6600,,'',1,3500,,'',1,6300,,'',1,3200,,'',1,6900,,'',1,3000,,'',1,7710,,'',1,3000,,'',1,6700,,'',1,3100,,'',1,6700,,'',1,3000,,'',1,7000,,'',1,3000,,'',1,7000,,'',1,3000,,'',1,7000,,'',1,3000,,'',1,7000,,'',1,3000,,'',1,7000,,'',1,10500,,'',1,10000,,'',1,9990,,'',1,10000,,'',1,10000,,'',1,10000,,'',1
'SE',600,54450,,'',1,7000,,'',1,3000,,'',1,7070,,'',1,3120,,'',1,6700,,'',1,3300,,'',1,6900,,'',1,3000,,'',1,7000,,'',1,3000,,'',1,7000,,'',1,3000,,'',1,7000,,'',1,3000,,'',1,7000,,'',1,3000,,'',1,7100,,'',1,2810,,'',1,7200,,'',1,3000,,'',1,6900,,'',1,3760,,'',1,6500,,'',1,2940,,'',1,6890,,'',1,2980,,'',1,7000,,'',1,2900,,'',1,7000,,'',1,2990,,'',1,7000,,'',1,10000,,'',1,10000,,'',1,10000,,'',1,10000,,'',1
'SE',5500,161430,0,'Victoria',2,1800,0,'Victoria',2,1500,0,'Victoria',2,5600,0,'Victoria',2,1400,0,'Victoria',2,1500,0,'Victoria',2,1500,0,'Victoria',2,5580,0,'Victoria',2,2000,0,'Victoria',2,2000,0,'Victoria',2
'SE',50100,145940,,'',2,18400,,'',2
'SE',60600,165100,,'',2
'SE',65001,82440,,'',2
