4201,'DI',540,,8648,0,,,1,100,,8649,0,,,1,100,,8632,0,,,1,100,,8633,0,,,1,100,,8634,0,,,1,100,,8635,0,,,1,100,,8636,0,,,1,100,,8637,0,,,1,100,,8638,0,,,1,100,,8639,0,,,1,100,,8640,0,,,1,100,,8641,0,,,1,100,,8642,0,,,1,100,,8643,0,,,1,100,,8650,0,,,1,100,,8651,0,,,1,100,,8644,0,,,1,100,,8645,0,,,1,100,,8646,0,,,1,100,,8647,0,,,1
4201,'F1',540,,8652,0,,,1,100,,8653,0,,,1,100,,8654,0,,,1,100,,8655,0,,,1,100,,8656,0,,,1,100,,8657,0,,,1,100,,8658,0,,,1,100,,8659,0,,,1,100,,8660,0,,,1,100,,8661,0,,,1,100,,8662,0,,,1,100,,8663,0,,,1,100,,8664,0,,,1,100,,8665,0,,,1,100,,8666,0,,,1,100,,8667,0,,,1,100,,8668,0,,,1,100,,8669,0,,,1,100,,8670,0,,,1,100,,8671,0,,,1
4201,'F7',540,,8688,0,,,1,100,,8689,0,,,1,100,,8672,0,,,1,100,,8673,0,,,1,100,,8674,0,,,1,100,,8675,0,,,1,100,,8676,0,,,1,100,,8677,0,,,1,100,,8678,0,,,1,100,,8679,0,,,1,100,,8680,0,,,1,100,,8681,0,,,1,100,,8682,0,,,1,100,,8683,0,,,1,100,,8690,0,,,1,100,,8691,0,,,1,100,,8684,0,,,1,100,,8685,0,,,1,100,,8686,0,,,1,100,,8687,0,,,1
4201,'F8',507,,8695,0,,,1,20,,8696,0,,,1,30,,8701,0,,,1,61,,8732,0,,,1,14,,8723,0,,,1,13,,8703,0,,,1,14,,8702,0,,,1,54,,8727,0,,,1,14,,8698,0,,,1,14,,8692,0,,,1,14,,8704,0,,,1,54,,8700,0,,,1,15,,8726,0,,,1,20,,8699,0,,,1,73,,8733,0,,,1,30,,8739,0,,,1,70,,8730,0,,,1,30,,8693,0,,,1,70,,8705,0,,,1,30,,8721,0,,,1,70,,8738,0,,,1,30,,8708,0,,,1,70,,8707,0,,,1,30,,8737,0,,,1,70,,8706,0,,,1,29,,8722,0,,,1,4,,8724,0,,,1,2,,8725,0,,,1,2,,8710,0,,,1,62,,8694,0,,,1,30,,8731,0,,,1,61,,8720,0,,,1,16,,8709,0,,,1,18,,8711,0,,,1,16,,8740,0,,,1,68,,8713,0,,,1,27,,8712,0,,,1,69,,8697,0,,,1,28,,8734,0,,,1,75,,8714,0,,,1,30,,8735,0,,,1,70,,8715,0,,,1,30,,8736,0,,,1,69,,8716,0,,,1,31,,8728,0,,,1,70,,8717,0,,,1,30,,8729,0,,,1,90,,8718,0,,,1,100,,8719,0,,,1
4201,'F9',540,,8741,0,,,1,100,,8742,0,,,1,100,,8743,0,,,1,100,,8744,0,,,1,100,,8745,0,,,1,100,,8746,0,,,1,100,,8747,0,,,1,100,,8748,0,,,1,100,,8749,0,,,1,100,,8750,0,,,1,100,,8751,0,,,1,100,,8752,0,,,1,100,,8753,0,,,1,100,,8754,0,,,1,100,,8755,0,,,1,100,,8756,0,,,1,100,,8757,0,,,1,100,,8758,0,,,1,100,,8759,0,,,1,100,,8760,0,,,1
4201,'SA',540,,8761,0,,,1,100,,8762,0,,,1,100,,8763,0,,,1,100,,8764,0,,,1,100,,8765,0,,,1,100,,8766,0,,,1,100,,8767,0,,,1,100,,8768,0,,,1,100,,8769,0,,,1,100,,8770,0,,,1,100,,8771,0,,,1,100,,8772,0,,,1,100,,8773,0,,,1,100,,8774,0,,,1,100,,8775,0,,,1,100,,8776,0,,,1,100,,8777,0,,,1,100,,8778,0,,,1,100,,8779,0,,,1,100,,8780,0,,,1
4201,'SE',507,,8784,0,,,1,20,,8785,0,,,1,30,,8790,0,,,1,61,,8821,0,,,1,14,,8812,0,,,1,13,,8792,0,,,1,14,,8791,0,,,1,54,,8816,0,,,1,14,,8787,0,,,1,14,,8781,0,,,1,14,,8793,0,,,1,54,,8789,0,,,1,15,,8815,0,,,1,20,,8788,0,,,1,73,,8822,0,,,1,30,,8828,0,,,1,70,,8819,0,,,1,30,,8782,0,,,1,70,,8794,0,,,1,30,,8810,0,,,1,70,,8827,0,,,1,30,,8797,0,,,1,70,,8796,0,,,1,30,,8826,0,,,1,70,,8795,0,,,1,29,,8811,0,,,1,4,,8813,0,,,1,2,,8814,0,,,1,2,,8799,0,,,1,62,,8783,0,,,1,30,,8820,0,,,1,61,,8809,0,,,1,16,,8798,0,,,1,18,,8800,0,,,1,16,,8829,0,,,1,68,,8802,0,,,1,27,,8801,0,,,1,69,,8786,0,,,1,28,,8823,0,,,1,75,,8803,0,,,1,30,,8824,0,,,1,70,,8804,0,,,1,30,,8825,0,,,1,69,,8805,0,,,1,31,,8817,0,,,1,70,,8806,0,,,1,30,,8818,0,,,1,90,,8807,0,,,1,100,,8808,0,,,1
13201,'DI',710,,16425,4447,,,2,100,,16426,4447,,,2,100,,16428,4447,,,2,100,,16441,4447,,,2,100,,16424,4447,,,2,100,,16429,4447,,,2,100,,16440,4447,,,2,100,,16432,4447,,,2,100,,16430,4447,,,2,105,,16434,4447,,,2,95,,16433,4447,,,2,100,,16431,4447,,,2,101,,16435,4447,,,2,98,,16436,4447,,,2,100,,16427,4447,,,2,100,,16438,4447,,,2,100,,16437,4447,,,2,100,,16439,4447,,,2
13201,'F1',710,,16444,4447,,,2,100,,16458,4447,,,2,100,,16443,4447,,,2,100,,16445,4447,,,2,103,,16447,4447,,,2,97,,16442,4447,,,2,104,,16446,4447,,,2,96,,16450,4447,,,2,104,,16448,4447,,,2,96,,16452,4447,,,2,100,,16451,4447,,,2,100,,16449,4447,,,2,101,,16453,4447,,,2,98,,16455,4447,,,2,100,,16454,4447,,,2,100,,16457,4447,,,2,100,,16456,4447,,,2,100,,16459,4447,,,2
13201,'F7',710,,16461,4447,,,2,100,,16462,4447,,,2,100,,16464,4447,,,2,100,,16477,4447,,,2,100,,16460,4447,,,2,100,,16465,4447,,,2,100,,16476,4447,,,2,100,,16468,4447,,,2,100,,16466,4447,,,2,105,,16470,4447,,,2,95,,16469,4447,,,2,100,,16467,4447,,,2,101,,16471,4447,,,2,98,,16472,4447,,,2,100,,16463,4447,,,2,100,,16474,4447,,,2,100,,16473,4447,,,2,100,,16475,4447,,,2
13201,'F8',544,,16481,4447,,,2,70,,16483,4447,,,2,32,,16491,4447,,,2,60,,16495,4447,,,2,23,,16488,4447,,,2,20,,16493,4447,,,2,62,,16492,4447,,,2,18,,16482,4447,,,2,17,,16489,4447,,,2,60,,16494,4447,,,2,19,,16487,4447,,,2,19,,16496,4447,,,2,97,,16503,4447,,,2,99,,16500,4447,,,2,96,,16501,4447,,,2,100,,16478,4447,,,2,110,,16498,4447,,,2,11,,16484,4447,,,2,43,,16485,4447,,,2,43,,16504,4447,,,2,65,,16499,4447,,,2,19,,16486,4447,,,2,19,,16490,4447,,,2,63,,16505,4447,,,2,19,,16479,4447,,,2,19,,16497,4447,,,2,59,,16480,4447,,,2,40,,16502,4447,,,2
13201,'F9',710,,16508,4447,,,2,100,,16522,4447,,,2,100,,16507,4447,,,2,100,,16509,4447,,,2,103,,16511,4447,,,2,97,,16506,4447,,,2,104,,16510,4447,,,2,96,,16514,4447,,,2,104,,16512,4447,,,2,96,,16516,4447,,,2,100,,16515,4447,,,2,100,,16513,4447,,,2,101,,16517,4447,,,2,98,,16519,4447,,,2,100,,16518,4447,,,2,100,,16521,4447,,,2,100,,16520,4447,,,2,100,,16523,4447,,,2
13201,'SA',710,,16526,4447,,,2,100,,16540,4447,,,2,100,,16525,4447,,,2,100,,16527,4447,,,2,103,,16529,4447,,,2,97,,16524,4447,,,2,104,,16528,4447,,,2,96,,16532,4447,,,2,104,,16530,4447,,,2,96,,16534,4447,,,2,100,,16533,4447,,,2,100,,16531,4447,,,2,101,,16535,4447,,,2,98,,16537,4447,,,2,100,,16536,4447,,,2,100,,16539,4447,,,2,100,,16538,4447,,,2,100,,16541,4447,,,2
13201,'SE',544,,16545,4447,,,2,70,,16547,4447,,,2,32,,16555,4447,,,2,60,,16559,4447,,,2,23,,16552,4447,,,2,20,,16557,4447,,,2,62,,16556,4447,,,2,18,,16546,4447,,,2,17,,16553,4447,,,2,60,,16558,4447,,,2,19,,16551,4447,,,2,19,,16560,4447,,,2,97,,16567,4447,,,2,99,,16564,4447,,,2,96,,16565,4447,,,2,100,,16542,4447,,,2,110,,16562,4447,,,2,11,,16548,4447,,,2,43,,16549,4447,,,2,43,,16568,4447,,,2,65,,16563,4447,,,2,19,,16550,4447,,,2,19,,16554,4447,,,2,63,,16569,4447,,,2,19,,16543,4447,,,2,19,,16561,4447,,,2,59,,16544,4447,,,2,40,,16566,4447,,,2
