800,'DI',549,,1409,,,1,70,,1385,,,1,30,,1393,,,1,70,,1399,,,1,30,,1410,,,1,70,,1386,,,1,31,,1394,,,1,70,,1400,,,1,30,,1411,,,1,70,,1387,,,1,30,,1395,,,1,70,,1401,,,1,30,,1412,,,1,70,,1388,,,1,30,,1396,,,1,70,,1402,,,1,30,,1413,,,1,70,,1416,,,1,30,,1397,,,1,70,,1403,,,1,30,,1414,,,1,70,,1417,,,1,30,,1398,,,1,70,,1404,,,1,32,,1415,,,1,83,,1389,,,1,100,,1405,,,1,100,,1390,,,1,99,,1406,,,1,100,,1391,,,1,100,,1407,,,1,100,,1392,,,1,100,,1408,,,1
800,'F1',547,,1445,,,1,70,,1418,,,1,32,,1422,,,1,70,,1433,,,1,31,,1446,,,1,70,,1419,,,1,30,,1423,,,1,70,,1434,,,1,30,,1447,,,1,70,,1420,,,1,30,,1424,,,1,70,,1435,,,1,28,,1448,,,1,72,,1421,,,1,30,,1425,,,1,70,,1436,,,1,30,,1449,,,1,70,,1443,,,1,30,,1426,,,1,70,,1437,,,1,30,,1450,,,1,70,,1444,,,1,30,,1427,,,1,70,,1438,,,1,32,,1451,,,1,68,,1429,,,1,30,,1428,,,1,86,,1439,,,1,99,,1430,,,1,100,,1440,,,1,100,,1431,,,1,100,,1441,,,1,100,,1432,,,1,100,,1442,,,1
800,'F7',549,,11899,,,1,70,,11875,,,1,30,,11883,,,1,70,,11889,,,1,30,,11900,,,1,70,,11876,,,1,31,,11884,,,1,70,,11890,,,1,30,,11901,,,1,70,,11877,,,1,30,,11885,,,1,70,,11891,,,1,30,,11902,,,1,70,,11878,,,1,30,,11886,,,1,70,,11892,,,1,30,,11903,,,1,70,,11906,,,1,30,,11887,,,1,70,,11893,,,1,30,,11904,,,1,70,,11907,,,1,30,,11888,,,1,70,,11894,,,1,32,,11905,,,1,83,,11879,,,1,100,,11895,,,1,100,,11880,,,1,99,,11896,,,1,100,,11881,,,1,100,,11897,,,1,100,,11882,,,1,100,,11898,,,1
800,'F8',448,,11951,,,1,68,,11953,,,1,22,,11954,,,1,80,,11908,,,1,30,,11952,,,1,61,,11912,,,1,19,,11916,,,1,13,,11919,,,1,15,,11921,,,1,55,,11959,,,1,15,,11909,,,1,17,,11931,,,1,15,,11928,,,1,55,,11913,,,1,15,,11922,,,1,15,,11917,,,1,15,,11946,,,1,55,,11960,,,1,15,,11910,,,1,15,,11958,,,1,15,,11932,,,1,55,,11918,,,1,15,,11914,,,1,15,,11955,,,1,15,,11949,,,1,55,,11974,,,1,15,,11961,,,1,15,,11972,,,1,15,,11975,,,1,55,,11929,,,1,15,,11934,,,1,15,,11923,,,1,15,,11956,,,1,55,,11950,,,1,15,,11920,,,1,14,,11966,,,1,14,,11911,,,1,44,,11970,,,1,13,,11933,,,1,15,,11967,,,1,15,,11915,,,1,15,,11963,,,1,55,,11924,,,1,12,,11957,,,1,12,,11971,,,1,13,,11962,,,1,51,,11941,,,1,12,,11969,,,1,12,,11948,,,1,12,,11930,,,1,12,,11968,,,1,52,,11947,,,1,12,,11973,,,1,10,,11937,,,1,10,,11925,,,1,20,,11939,,,1,67,,11935,,,1,30,,11964,,,1,70,,11938,,,1,29,,11940,,,1,70,,11936,,,1,30,,11965,,,1,85,,11942,,,1,100,,11944,,,1,100,,11943,,,1,100,,11945,,,1
800,'F9',547,,12003,,,1,70,,11976,,,1,32,,11980,,,1,70,,11991,,,1,31,,12004,,,1,70,,11977,,,1,30,,11981,,,1,70,,11992,,,1,30,,12005,,,1,70,,11978,,,1,30,,11982,,,1,70,,11993,,,1,28,,12006,,,1,72,,11979,,,1,30,,11983,,,1,70,,11994,,,1,30,,12007,,,1,70,,12001,,,1,30,,11984,,,1,70,,11995,,,1,30,,12008,,,1,70,,12002,,,1,30,,11985,,,1,70,,11996,,,1,32,,12009,,,1,68,,11987,,,1,30,,11986,,,1,86,,11997,,,1,99,,11988,,,1,100,,11998,,,1,100,,11989,,,1,100,,11999,,,1,100,,11990,,,1,100,,12000,,,1
800,'SA',547,,1479,,,1,70,,1452,,,1,32,,1456,,,1,70,,1467,,,1,31,,1480,,,1,70,,1453,,,1,30,,1457,,,1,70,,1468,,,1,30,,1481,,,1,70,,1454,,,1,30,,1458,,,1,70,,1469,,,1,28,,1482,,,1,72,,1455,,,1,30,,1459,,,1,70,,1470,,,1,30,,1483,,,1,70,,1477,,,1,30,,1460,,,1,70,,1471,,,1,30,,1484,,,1,70,,1478,,,1,30,,1461,,,1,70,,1472,,,1,32,,1485,,,1,68,,1463,,,1,30,,1462,,,1,86,,1473,,,1,99,,1464,,,1,100,,1474,,,1,100,,1465,,,1,100,,1475,,,1,100,,1466,,,1,100,,1476,,,1
800,'SE',448,,1529,,,1,68,,1531,,,1,22,,1532,,,1,80,,1486,,,1,30,,1530,,,1,61,,1490,,,1,19,,1494,,,1,13,,1497,,,1,15,,1499,,,1,55,,1537,,,1,15,,1487,,,1,17,,1509,,,1,15,,1506,,,1,55,,1491,,,1,15,,1500,,,1,15,,1495,,,1,15,,1524,,,1,55,,1538,,,1,15,,1488,,,1,15,,1536,,,1,15,,1510,,,1,55,,1496,,,1,15,,1492,,,1,15,,1533,,,1,15,,1527,,,1,55,,1552,,,1,15,,1539,,,1,15,,1550,,,1,15,,1553,,,1,55,,1507,,,1,15,,1512,,,1,15,,1501,,,1,15,,1534,,,1,55,,1528,,,1,15,,1498,,,1,14,,1544,,,1,14,,1489,,,1,44,,1548,,,1,13,,1511,,,1,15,,1545,,,1,15,,1493,,,1,15,,1541,,,1,55,,1502,,,1,12,,1535,,,1,12,,1549,,,1,13,,1540,,,1,51,,1519,,,1,12,,1547,,,1,12,,1526,,,1,12,,1508,,,1,12,,1546,,,1,52,,1525,,,1,12,,1551,,,1,10,,1515,,,1,10,,1503,,,1,20,,1517,,,1,67,,1513,,,1,30,,1542,,,1,70,,1516,,,1,29,,1518,,,1,70,,1514,,,1,30,,1543,,,1,85,,1520,,,1,100,,1522,,,1,100,,1521,,,1,100,,1523,,,1
2800,'DI',843,,3866,0,39 40,1,100,,3868,0,39 40,1,100,,3871,0,39 40,1,100,,3867,0,39 40,1,100,,3870,0,39 40,1,100,,3872,0,39 40,1,100,,3865,0,39 40,1,101,,3864,0,39 40,1,99,,3873,0,39 40,1,100,,3869,0,39 40,1
2800,'F1',845,,3877,0,39 40,1,98,,3876,0,39 40,1,103,,3881,0,39 40,1,97,,3883,0,39 40,1,101,,3880,0,39 40,1,100,,3874,0,39 40,1,99,,3875,0,39 40,1,103,,3878,0,39 40,1,99,,3879,0,39 40,1,98,,3882,0,39 40,1
2800,'F7',843,,13801,0,39 40,1,100,,13803,0,39 40,1,100,,13806,0,39 40,1,100,,13802,0,39 40,1,100,,13805,0,39 40,1,100,,13807,0,39 40,1,100,,13800,0,39 40,1,101,,13799,0,39 40,1,99,,13808,0,39 40,1,100,,13804,0,39 40,1
2800,'F8',606,,13846,0,39 40,1,46,,13847,0,39 40,1,62,,13843,0,39 40,1,3,,13849,0,39 40,1,16,,13835,0,39 40,1,13,,13810,0,39 40,1,55,,13842,0,39 40,1,15,,13814,0,39 40,1,14,,13827,0,39 40,1,18,,13830,0,39 40,1,70,,13816,0,39 40,1,30,,13811,0,39 40,1,70,,13831,0,39 40,1,30,,13817,0,39 40,1,70,,13812,0,39 40,1,30,,13832,0,39 40,1,70,,13825,0,39 40,1,30,,13813,0,39 40,1,70,,13833,0,39 40,1,30,,13826,0,39 40,1,69,,13828,0,39 40,1,31,,13844,0,39 40,1,56,,13836,0,39 40,1,14,,13818,0,39 40,1,15,,13840,0,39 40,1,15,,13848,0,39 40,1,55,,13820,0,39 40,1,14,,13822,0,39 40,1,12,,13845,0,39 40,1,12,,13837,0,39 40,1,12,,13819,0,39 40,1,52,,13834,0,39 40,1,12,,13839,0,39 40,1,12,,13829,0,39 40,1,12,,13821,0,39 40,1,12,,13815,0,39 40,1,52,,13809,0,39 40,1,13,,13824,0,39 40,1,95,,13838,0,39 40,1,100,,13823,0,39 40,1,100,,13841,0,39 40,1
2800,'F9',845,,13853,0,39 40,1,98,,13852,0,39 40,1,103,,13857,0,39 40,1,97,,13859,0,39 40,1,101,,13856,0,39 40,1,100,,13850,0,39 40,1,99,,13851,0,39 40,1,103,,13854,0,39 40,1,99,,13855,0,39 40,1,98,,13858,0,39 40,1
2800,'SA',845,,3887,0,39 40,1,98,,3886,0,39 40,1,103,,3891,0,39 40,1,97,,3893,0,39 40,1,101,,3890,0,39 40,1,100,,3884,0,39 40,1,99,,3885,0,39 40,1,103,,3888,0,39 40,1,99,,3889,0,39 40,1,98,,3892,0,39 40,1
2800,'SE',606,,3931,0,39 40,1,46,,3932,0,39 40,1,62,,3928,0,39 40,1,3,,3934,0,39 40,1,16,,3920,0,39 40,1,13,,3895,0,39 40,1,55,,3927,0,39 40,1,15,,3899,0,39 40,1,14,,3912,0,39 40,1,18,,3915,0,39 40,1,70,,3901,0,39 40,1,30,,3896,0,39 40,1,70,,3916,0,39 40,1,30,,3902,0,39 40,1,70,,3897,0,39 40,1,30,,3917,0,39 40,1,70,,3910,0,39 40,1,30,,3898,0,39 40,1,70,,3918,0,39 40,1,30,,3911,0,39 40,1,69,,3913,0,39 40,1,31,,3929,0,39 40,1,56,,3921,0,39 40,1,14,,3903,0,39 40,1,15,,3925,0,39 40,1,15,,3933,0,39 40,1,55,,3905,0,39 40,1,14,,3907,0,39 40,1,12,,3930,0,39 40,1,12,,3922,0,39 40,1,12,,3904,0,39 40,1,52,,3919,0,39 40,1,12,,3924,0,39 40,1,12,,3914,0,39 40,1,12,,3906,0,39 40,1,12,,3900,0,39 40,1,52,,3894,0,39 40,1,13,,3909,0,39 40,1,95,,3923,0,39 40,1,100,,3908,0,39 40,1,100,,3926,0,39 40,1
7500,'DI',623,,7310,0,41,2,100,,7305,0,41,2,100,,7316,0,41,2,100,,7311,0,41,2,100,,7306,0,41,2,100,,7317,0,41,2,100,,7312,0,41,2,100,,7318,0,41,2,100,,7302,0,41,2,100,,7313,0,41,2,100,,7307,0,41,2,100,,7308,0,41,2,100,,7309,0,41,2,100,,7304,0,41,2,100,,7314,0,41,2,100,,7320,0,41,2,100,,7319,0,41,2,100,,7315,0,41,2,100,,7303,0,41,2
7500,'F1',623,,7333,0,41,2,100,,7337,0,41,2,100,,7322,0,41,2,100,,7327,0,41,2,100,,7338,0,41,2,100,,7328,0,41,2,100,,7334,0,41,2,100,,7329,0,41,2,100,,7335,0,41,2,100,,7336,0,41,2,100,,7330,0,41,2,105,,7339,0,41,2,95,,7340,0,41,2,100,,7331,0,41,2,100,,7325,0,41,2,100,,7332,0,41,2,100,,7324,0,41,2,100,,7326,0,41,2,100,,7323,0,41,2,100,,7321,0,41,2
7500,'F7',623,,16564,0,41,2,100,,16559,0,41,2,100,,16570,0,41,2,100,,16565,0,41,2,100,,16560,0,41,2,100,,16571,0,41,2,100,,16566,0,41,2,100,,16572,0,41,2,100,,16556,0,41,2,100,,16567,0,41,2,100,,16561,0,41,2,100,,16562,0,41,2,100,,16563,0,41,2,100,,16558,0,41,2,100,,16568,0,41,2,100,,16574,0,41,2,100,,16573,0,41,2,100,,16569,0,41,2,100,,16557,0,41,2
7500,'F8',613,,16590,0,41,2,110,,16579,0,41,2,100,,16576,0,41,2,100,,16581,0,41,2,100,,16580,0,41,2,100,,16583,0,41,2,100,,16591,0,41,2,100,,16593,0,41,2,100,,16582,0,41,2,101,,16584,0,41,2,99,,16577,0,41,2,100,,16585,0,41,2,100,,16587,0,41,2,100,,16586,0,41,2,100,,16578,0,41,2,100,,16592,0,41,2,100,,16575,0,41,2,100,,16588,0,41,2,100,,16589,0,41,2,100,,16594,0,41,2
7500,'F9',623,,16607,0,41,2,100,,16611,0,41,2,100,,16596,0,41,2,100,,16601,0,41,2,100,,16612,0,41,2,100,,16602,0,41,2,100,,16608,0,41,2,100,,16603,0,41,2,100,,16609,0,41,2,100,,16610,0,41,2,100,,16604,0,41,2,105,,16613,0,41,2,95,,16614,0,41,2,100,,16605,0,41,2,100,,16599,0,41,2,100,,16606,0,41,2,100,,16598,0,41,2,100,,16600,0,41,2,100,,16597,0,41,2,100,,16595,0,41,2
7500,'SA',623,,7353,0,41,2,100,,7357,0,41,2,100,,7342,0,41,2,100,,7347,0,41,2,100,,7358,0,41,2,100,,7348,0,41,2,100,,7354,0,41,2,100,,7349,0,41,2,100,,7355,0,41,2,100,,7356,0,41,2,100,,7350,0,41,2,105,,7359,0,41,2,95,,7360,0,41,2,100,,7351,0,41,2,100,,7345,0,41,2,100,,7352,0,41,2,100,,7344,0,41,2,100,,7346,0,41,2,100,,7343,0,41,2,100,,7341,0,41,2
7500,'SE',613,,7376,0,41,2,110,,7365,0,41,2,100,,7362,0,41,2,100,,7367,0,41,2,100,,7366,0,41,2,100,,7369,0,41,2,100,,7377,0,41,2,100,,7379,0,41,2,100,,7368,0,41,2,101,,7370,0,41,2,99,,7363,0,41,2,100,,7371,0,41,2,100,,7373,0,41,2,100,,7372,0,41,2,100,,7364,0,41,2,100,,7378,0,41,2,100,,7361,0,41,2,100,,7374,0,41,2,100,,7375,0,41,2,100,,7380,0,41,2
8800,'DI',704,,8384,,,1,30,,8396,,,1,70,,8402,,,1,30,,8388,,,1,70,,8385,,,1,30,,8397,,,1,71,,8403,,,1,30,,8389,,,1,70,,8386,,,1,30,,8398,,,1,70,,8409,,,1,30,,8390,,,1,70,,8387,,,1,30,,8399,,,1,70,,8410,,,1,30,,8382,,,1,70,,8405,,,1,30,,8400,,,1,70,,8391,,,1,30,,8383,,,1,70,,8406,,,1,30,,8401,,,1,70,,8392,,,1,100,,8407,,,1,100,,8393,,,1,100,,8408,,,1,100,,8394,,,1,99,,8411,,,1,100,,8395,,,1,100,,8404,,,1
8800,'F1',704,,8414,,,1,30,,8441,,,1,71,,8430,,,1,30,,8420,,,1,70,,8415,,,1,30,,8442,,,1,70,,8431,,,1,30,,8421,,,1,70,,8426,,,1,30,,8416,,,1,70,,8432,,,1,30,,8422,,,1,70,,8427,,,1,30,,8417,,,1,70,,8433,,,1,30,,8423,,,1,70,,8428,,,1,30,,8418,,,1,70,,8434,,,1,30,,8424,,,1,71,,8437,,,1,29,,8419,,,1,71,,8435,,,1,29,,8425,,,1,70,,8438,,,1,100,,8436,,,1,100,,8439,,,1,99,,8440,,,1,100,,8429,,,1,100,,8413,,,1,100,,8412,,,1
8800,'F7',704,,17449,,,1,30,,17461,,,1,70,,17467,,,1,30,,17453,,,1,70,,17450,,,1,30,,17462,,,1,71,,17468,,,1,30,,17454,,,1,70,,17451,,,1,30,,17463,,,1,70,,17474,,,1,30,,17455,,,1,70,,17452,,,1,30,,17464,,,1,70,,17475,,,1,30,,17447,,,1,70,,17470,,,1,30,,17465,,,1,70,,17456,,,1,30,,17448,,,1,70,,17471,,,1,30,,17466,,,1,70,,17457,,,1,100,,17472,,,1,100,,17458,,,1,100,,17473,,,1,100,,17459,,,1,99,,17476,,,1,100,,17460,,,1,100,,17469,,,1
8800,'F8',701,,17487,,,1,21,,17516,,,1,15,,17517,,,1,14,,17490,,,1,55,,17518,,,1,15,,17492,,,1,15,,17511,,,1,69,,17489,,,1,30,,17510,,,1,70,,17514,,,1,30,,17513,,,1,70,,17481,,,1,30,,17480,,,1,70,,17497,,,1,30,,17477,,,1,70,,17483,,,1,30,,17479,,,1,70,,17521,,,1,30,,17512,,,1,17,,17515,,,1,56,,17493,,,1,15,,17482,,,1,15,,17485,,,1,15,,17499,,,1,55,,17486,,,1,13,,17522,,,1,12,,17498,,,1,12,,17525,,,1,12,,17505,,,1,53,,17524,,,1,11,,17478,,,1,12,,17523,,,1,12,,17484,,,1,12,,17504,,,1,52,,17500,,,1,19,,17488,,,1,15,,17506,,,1,62,,17526,,,1,30,,17508,,,1,70,,17501,,,1,29,,17507,,,1,70,,17494,,,1,30,,17509,,,1,70,,17502,,,1,100,,17495,,,1,100,,17503,,,1,100,,17496,,,1
8800,'F9',704,,17530,,,1,30,,17557,,,1,71,,17546,,,1,30,,17536,,,1,70,,17531,,,1,30,,17558,,,1,70,,17547,,,1,30,,17537,,,1,70,,17542,,,1,30,,17532,,,1,70,,17548,,,1,30,,17538,,,1,70,,17543,,,1,30,,17533,,,1,70,,17549,,,1,30,,17539,,,1,70,,17544,,,1,30,,17534,,,1,70,,17550,,,1,30,,17540,,,1,71,,17553,,,1,29,,17535,,,1,71,,17551,,,1,29,,17541,,,1,70,,17554,,,1,100,,17552,,,1,100,,17555,,,1,99,,17556,,,1,100,,17545,,,1,100,,17529,,,1,100,,17528,,,1
8800,'SA',704,,8445,,,1,30,,8472,,,1,71,,8461,,,1,30,,8451,,,1,70,,8446,,,1,30,,8473,,,1,70,,8462,,,1,30,,8452,,,1,70,,8457,,,1,30,,8447,,,1,70,,8463,,,1,30,,8453,,,1,70,,8458,,,1,30,,8448,,,1,70,,8464,,,1,30,,8454,,,1,70,,8459,,,1,30,,8449,,,1,70,,8465,,,1,30,,8455,,,1,71,,8468,,,1,29,,8450,,,1,71,,8466,,,1,29,,8456,,,1,70,,8469,,,1,100,,8467,,,1,100,,8470,,,1,99,,8471,,,1,100,,8460,,,1,100,,8444,,,1,100,,8443,,,1
8800,'SE',701,,8484,,,1,21,,8513,,,1,15,,8514,,,1,14,,8487,,,1,55,,8515,,,1,15,,8489,,,1,15,,8508,,,1,69,,8486,,,1,30,,8507,,,1,70,,8511,,,1,30,,8510,,,1,70,,8478,,,1,30,,8477,,,1,70,,8494,,,1,30,,8474,,,1,70,,8480,,,1,30,,8476,,,1,70,,8518,,,1,30,,8509,,,1,17,,8512,,,1,56,,8490,,,1,15,,8479,,,1,15,,8482,,,1,15,,8496,,,1,55,,8483,,,1,13,,8519,,,1,12,,8495,,,1,12,,8522,,,1,12,,8502,,,1,53,,8521,,,1,11,,8475,,,1,12,,8520,,,1,12,,8481,,,1,12,,8501,,,1,52,,8497,,,1,19,,8485,,,1,15,,8503,,,1,62,,8523,,,1,30,,8505,,,1,70,,8498,,,1,29,,8504,,,1,70,,8491,,,1,30,,8506,,,1,70,,8499,,,1,100,,8492,,,1,100,,8500,,,1,100,,8493,,,1
