4401,'DI',632,,30200,4010,,,2,101,,30205,4010,,,2,103,,30195,4010,,,2,101,,30198,4010,,,2,96,,30192,4010,,,2,100,,30206,4010,,,2,100,,30193,4010,,,2,100,,30207,4010,,,2,100,,30201,4010,,,2,98,,30208,4010,,,2,104,,30202,4010,,,2,99,,30196,4010,,,2,102,,30194,4010,,,2,97,,30199,4010,,,2,100,,30197,4010,,,2,101,,30203,4010,,,2,99,,30209,4010,,,2,101,,30204,4010,,,2,100,,30210,4010,,,2
4401,'F1',632,,30227,4010,,,2,103,,30223,4010,,,2,98,,30211,4010,,,2,100,,30229,4010,,,2,100,,30213,4010,,,2,100,,30215,4010,,,2,100,,30214,4010,,,2,105,,30216,4010,,,2,100,,30218,4010,,,2,95,,30212,4010,,,2,105,,30228,4010,,,2,100,,30224,4010,,,2,101,,30226,4010,,,2,94,,30219,4010,,,2,100,,30221,4010,,,2,101,,30220,4010,,,2,100,,30222,4010,,,2,98,,30225,4010,,,2,103,,30217,4010,,,2
4401,'F2',632,,30230,4010,,,2,103,,30232,4010,,,2,98,,30237,4010,,,2,100,,30233,4010,,,2,100,,30238,4010,,,2,100,,30234,4010,,,2,100,,30239,4010,,,2,105,,30235,4010,,,2,100,,30240,4010,,,2,95,,30236,4010,,,2,105,,30241,4010,,,2,100,,30245,4010,,,2,101,,30244,4010,,,2,94,,30242,4010,,,2,100,,30231,4010,,,2,101,,30243,4010,,,2,100,,30248,4010,,,2,98,,30246,4010,,,2,103,,30247,4010,,,2
4401,'F7',612,,30280,4010,,,2,16,,30261,4010,,,2,15,,30281,4010,,,2,16,,30270,4010,,,2,54,,30264,4010,,,2,11,,30252,4010,,,2,15,,30266,4010,,,2,15,,30265,4010,,,2,50,,30282,4010,,,2,18,,30267,4010,,,2,16,,30283,4010,,,2,95,,30274,4010,,,2,100,,30279,4010,,,2,100,,30249,4010,,,2,101,,30255,4010,,,2,100,,30259,4010,,,2,100,,30256,4010,,,2,100,,30271,4010,,,2,21,,30253,4010,,,2,55,,30272,4010,,,2,18,,30275,4010,,,2,16,,30273,4010,,,2,14,,30268,4010,,,2,52,,30262,4010,,,2,15,,30254,4010,,,2,15,,30269,4010,,,2,16,,30250,4010,,,2,53,,30257,4010,,,2,16,,30263,4010,,,2,19,,30258,4010,,,2,88,,30285,4010,,,2,100,,30284,4010,,,2,100,,30251,4010,,,2,100,,30276,4010,,,2,100,,30260,4010,,,2,100,,30278,4010,,,2,100,,30277,4010,,,2
4401,'F8',632,,30286,4010,,,2,103,,30288,4010,,,2,98,,30293,4010,,,2,100,,30289,4010,,,2,100,,30294,4010,,,2,100,,30290,4010,,,2,100,,30295,4010,,,2,105,,30291,4010,,,2,100,,30296,4010,,,2,95,,30292,4010,,,2,105,,30297,4010,,,2,100,,30301,4010,,,2,101,,30300,4010,,,2,94,,30298,4010,,,2,100,,30287,4010,,,2,101,,30299,4010,,,2,100,,30304,4010,,,2,98,,30302,4010,,,2,103,,30303,4010,,,2
4401,'F9',632,,30313,4010,,,2,101,,30318,4010,,,2,103,,30308,4010,,,2,101,,30311,4010,,,2,96,,30305,4010,,,2,100,,30319,4010,,,2,100,,30306,4010,,,2,100,,30320,4010,,,2,100,,30314,4010,,,2,98,,30321,4010,,,2,104,,30315,4010,,,2,99,,30309,4010,,,2,102,,30307,4010,,,2,97,,30312,4010,,,2,100,,30310,4010,,,2,101,,30316,4010,,,2,99,,30322,4010,,,2,101,,30317,4010,,,2,100,,30323,4010,,,2
4401,'SA',632,,30324,4010,,,2,103,,30326,4010,,,2,98,,30331,4010,,,2,100,,30327,4010,,,2,100,,30332,4010,,,2,100,,30328,4010,,,2,100,,30333,4010,,,2,105,,30329,4010,,,2,100,,30334,4010,,,2,95,,30330,4010,,,2,105,,30335,4010,,,2,100,,30339,4010,,,2,101,,30338,4010,,,2,94,,30336,4010,,,2,100,,30325,4010,,,2,101,,30337,4010,,,2,100,,30342,4010,,,2,98,,30340,4010,,,2,103,,30341,4010,,,2
4401,'SE',612,,30374,4010,,,2,16,,30355,4010,,,2,15,,30375,4010,,,2,16,,30364,4010,,,2,54,,30358,4010,,,2,11,,30346,4010,,,2,15,,30360,4010,,,2,15,,30359,4010,,,2,50,,30376,4010,,,2,18,,30361,4010,,,2,16,,30377,4010,,,2,95,,30368,4010,,,2,100,,30373,4010,,,2,100,,30343,4010,,,2,101,,30349,4010,,,2,100,,30353,4010,,,2,100,,30350,4010,,,2,100,,30365,4010,,,2,21,,30347,4010,,,2,55,,30366,4010,,,2,18,,30369,4010,,,2,16,,30367,4010,,,2,14,,30362,4010,,,2,52,,30356,4010,,,2,15,,30348,4010,,,2,15,,30363,4010,,,2,16,,30344,4010,,,2,53,,30351,4010,,,2,16,,30357,4010,,,2,19,,30352,4010,,,2,88,,30379,4010,,,2,100,,30378,4010,,,2,100,,30345,4010,,,2,100,,30370,4010,,,2,100,,30354,4010,,,2,100,,30372,4010,,,2,100,,30371,4010,,,2
54401,'F7',908,,40695,1690,,,2
54401,'SE',908,,40696,1690,,,2
