1501,'DI',657,,24559,5258,,,1,100,,24556,5258,,,1,100,,24553,5258,,,1,100,,24566,5258,,,1,101,,24571,5258,,,1,100,,24564,5258,,,1,100,,24560,5258,,,1,100,,24554,5258,,,1,100,,24568,5258,,,1,100,,24555,5258,,,1,100,,24563,5258,,,1,100,,24561,5258,,,1,100,,24565,5258,,,1,98,,24569,5258,,,1,100,,24567,5258,,,1,100,,24562,5258,,,1,100,,24557,5258,,,1,100,,24570,5258,,,1,100,,24558,5258,,,1
1501,'F1',657,,24573,5258,,,1,100,,24579,5258,,,1,100,,24588,5258,,,1,100,,24580,5258,,,1,100,,24582,5258,,,1,100,,24581,5258,,,1,100,,24589,5258,,,1,101,,24574,5258,,,1,100,,24583,5258,,,1,142,,24575,5258,,,1,58,,24572,5258,,,1,100,,24585,5258,,,1,100,,24590,5258,,,1,99,,24576,5258,,,1,100,,24577,5258,,,1,100,,24586,5258,,,1,100,,24578,5258,,,1,100,,24587,5258,,,1,100,,24584,5258,,,1
1501,'F2',657,,24606,5258,,,1,100,,24600,5258,,,1,100,,24594,5258,,,1,100,,24607,5258,,,1,100,,24592,5258,,,1,100,,24591,5258,,,1,100,,24603,5258,,,1,101,,24598,5258,,,1,100,,24602,5258,,,1,142,,24599,5258,,,1,58,,24595,5258,,,1,100,,24601,5258,,,1,100,,24604,5258,,,1,99,,24605,5258,,,1,100,,24593,5258,,,1,100,,24608,5258,,,1,100,,24596,5258,,,1,100,,24609,5258,,,1,100,,24597,5258,,,1
1501,'F7',521,,24622,5258,,,1,86,,24614,5258,,,1,30,,24620,5258,,,1,73,,24642,5258,,,1,20,,24630,5258,,,1,20,,24624,5258,,,1,60,,24615,5258,,,1,30,,24611,5258,,,1,70,,24648,5258,,,1,30,,24632,5258,,,1,69,,24621,5258,,,1,30,,24640,5258,,,1,70,,24634,5258,,,1,30,,24616,5258,,,1,70,,24618,5258,,,1,30,,24635,5258,,,1,70,,24637,5258,,,1,30,,24619,5258,,,1,70,,24617,5258,,,1,30,,24643,5258,,,1,72,,24625,5258,,,1,31,,24646,5258,,,1,63,,24641,5258,,,1,39,,24638,5258,,,1,67,,24627,5258,,,1,30,,24613,5258,,,1,70,,24647,5258,,,1,27,,24636,5258,,,1,70,,24626,5258,,,1,30,,24644,5258,,,1,69,,24639,5258,,,1,30,,24612,5258,,,1,70,,24633,5258,,,1,30,,24645,5258,,,1,70,,24629,5258,,,1,30,,24610,5258,,,1,99,,24623,5258,,,1,100,,24628,5258,,,1,99,,24631,5258,,,1
1501,'F8',657,,24664,5258,,,1,100,,24658,5258,,,1,100,,24652,5258,,,1,100,,24665,5258,,,1,100,,24650,5258,,,1,100,,24649,5258,,,1,100,,24661,5258,,,1,101,,24656,5258,,,1,100,,24660,5258,,,1,142,,24657,5258,,,1,58,,24653,5258,,,1,100,,24659,5258,,,1,100,,24662,5258,,,1,99,,24663,5258,,,1,100,,24651,5258,,,1,100,,24666,5258,,,1,100,,24654,5258,,,1,100,,24667,5258,,,1,100,,24655,5258,,,1
1501,'F9',657,,24674,5258,,,1,100,,24671,5258,,,1,100,,24668,5258,,,1,100,,24681,5258,,,1,101,,24686,5258,,,1,100,,24679,5258,,,1,100,,24675,5258,,,1,100,,24669,5258,,,1,100,,24683,5258,,,1,100,,24670,5258,,,1,100,,24678,5258,,,1,100,,24676,5258,,,1,100,,24680,5258,,,1,98,,24684,5258,,,1,100,,24682,5258,,,1,100,,24677,5258,,,1,100,,24672,5258,,,1,100,,24685,5258,,,1,100,,24673,5258,,,1
1501,'SA',657,,24702,5258,,,1,100,,24696,5258,,,1,100,,24690,5258,,,1,100,,24703,5258,,,1,100,,24688,5258,,,1,100,,24687,5258,,,1,100,,24699,5258,,,1,101,,24694,5258,,,1,100,,24698,5258,,,1,142,,24695,5258,,,1,58,,24691,5258,,,1,100,,24697,5258,,,1,100,,24700,5258,,,1,99,,24701,5258,,,1,100,,24689,5258,,,1,100,,24704,5258,,,1,100,,24692,5258,,,1,100,,24705,5258,,,1,100,,24693,5258,,,1
1501,'SE',521,,24718,5258,,,1,86,,24710,5258,,,1,30,,24716,5258,,,1,73,,24738,5258,,,1,20,,24726,5258,,,1,20,,24720,5258,,,1,60,,24711,5258,,,1,30,,24707,5258,,,1,70,,24744,5258,,,1,30,,24728,5258,,,1,69,,24717,5258,,,1,30,,24736,5258,,,1,70,,24730,5258,,,1,30,,24712,5258,,,1,70,,24714,5258,,,1,30,,24731,5258,,,1,70,,24733,5258,,,1,30,,24715,5258,,,1,70,,24713,5258,,,1,30,,24739,5258,,,1,72,,24721,5258,,,1,31,,24742,5258,,,1,63,,24737,5258,,,1,39,,24734,5258,,,1,67,,24723,5258,,,1,30,,24709,5258,,,1,70,,24743,5258,,,1,27,,24732,5258,,,1,70,,24722,5258,,,1,30,,24740,5258,,,1,69,,24735,5258,,,1,30,,24708,5258,,,1,70,,24729,5258,,,1,30,,24741,5258,,,1,70,,24725,5258,,,1,30,,24706,5258,,,1,99,,24719,5258,,,1,100,,24724,5258,,,1,99,,24727,5258,,,1
50101,'F7',742,,40622,3025,,,2,100,,40623,3025,,,2
50101,'SE',742,,40624,3025,,,2,100,,40625,3025,,,2
