1701,'DI',607,,25564,10161,,,1,100,,25567,10161,,,1,30,,25560,10161,,,1,70,,25550,10161,,,1,30,,25556,10161,,,1,70,,25565,10161,,,1,30,,25578,10161,,,1,70,,25568,10161,,,1,30,,25573,10161,,,1,70,,25551,10161,,,1,30,,25575,10161,,,1,70,,25562,10161,,,1,30,,25571,10161,,,1,70,,25579,10161,,,1,30,,25557,10161,,,1,70,,25574,10161,,,1,30,,25563,10161,,,1,70,,25561,10161,,,1,30,,25577,10161,,,1,69,,25569,10161,,,1,30,,25552,10161,,,1,71,,25559,10161,,,1,30,,25553,10161,,,1,70,,25548,10161,,,1,31,,25554,10161,,,1,70,,25547,10161,,,1,99,,25576,10161,,,1,100,,25570,10161,,,1,100,,25555,10161,,,1,100,,25572,10161,,,1,100,,25558,10161,,,1,100,,25549,10161,,,1
1701,'F1',607,,25608,10161,,,1,100,,25587,10161,,,1,30,,25609,10161,,,1,70,,25600,10161,,,1,30,,25590,10161,,,1,70,,25603,10161,,,1,30,,25607,10161,,,1,70,,25598,10161,,,1,30,,25594,10161,,,1,70,,25610,10161,,,1,30,,25588,10161,,,1,70,,25601,10161,,,1,30,,25597,10161,,,1,70,,25611,10161,,,1,30,,25591,10161,,,1,70,,25602,10161,,,1,30,,25583,10161,,,1,70,,25604,10161,,,1,30,,25589,10161,,,1,70,,25612,10161,,,1,30,,25592,10161,,,1,69,,25580,10161,,,1,30,,25595,10161,,,1,71,,25581,10161,,,1,30,,25596,10161,,,1,71,,25582,10161,,,1,99,,25593,10161,,,1,100,,25584,10161,,,1,100,,25605,10161,,,1,100,,25585,10161,,,1,100,,25606,10161,,,1,100,,25586,10161,,,1
1701,'F2',607,,25640,10161,,,1,100,,25634,10161,,,1,30,,25629,10161,,,1,70,,25644,10161,,,1,30,,25616,10161,,,1,70,,25628,10161,,,1,30,,25641,10161,,,1,70,,25626,10161,,,1,30,,25615,10161,,,1,70,,25635,10161,,,1,30,,25617,10161,,,1,70,,25621,10161,,,1,30,,25613,10161,,,1,70,,25623,10161,,,1,30,,25630,10161,,,1,70,,25636,10161,,,1,30,,25642,10161,,,1,70,,25622,10161,,,1,30,,25643,10161,,,1,70,,25631,10161,,,1,30,,25638,10161,,,1,69,,25637,10161,,,1,30,,25618,10161,,,1,71,,25620,10161,,,1,30,,25619,10161,,,1,71,,25624,10161,,,1,99,,25639,10161,,,1,100,,25632,10161,,,1,100,,25627,10161,,,1,100,,25625,10161,,,1,100,,25614,10161,,,1,100,,25645,10161,,,1
1701,'F8',607,,25673,10161,,,1,100,,25667,10161,,,1,30,,25662,10161,,,1,70,,25677,10161,,,1,30,,25649,10161,,,1,70,,25661,10161,,,1,30,,25674,10161,,,1,70,,25659,10161,,,1,30,,25648,10161,,,1,70,,25668,10161,,,1,30,,25650,10161,,,1,70,,25654,10161,,,1,30,,25646,10161,,,1,70,,25656,10161,,,1,30,,25663,10161,,,1,70,,25669,10161,,,1,30,,25675,10161,,,1,70,,25655,10161,,,1,30,,25676,10161,,,1,70,,25664,10161,,,1,30,,25671,10161,,,1,69,,25670,10161,,,1,30,,25651,10161,,,1,71,,25653,10161,,,1,30,,25652,10161,,,1,71,,25657,10161,,,1,99,,25672,10161,,,1,100,,25665,10161,,,1,100,,25660,10161,,,1,100,,25658,10161,,,1,100,,25647,10161,,,1,100,,25678,10161,,,1
1701,'F9',607,,25696,10161,,,1,100,,25699,10161,,,1,30,,25692,10161,,,1,70,,25682,10161,,,1,30,,25688,10161,,,1,70,,25697,10161,,,1,30,,25710,10161,,,1,70,,25700,10161,,,1,30,,25705,10161,,,1,70,,25683,10161,,,1,30,,25707,10161,,,1,70,,25694,10161,,,1,30,,25703,10161,,,1,70,,25711,10161,,,1,30,,25689,10161,,,1,70,,25706,10161,,,1,30,,25695,10161,,,1,70,,25693,10161,,,1,30,,25709,10161,,,1,69,,25701,10161,,,1,30,,25684,10161,,,1,71,,25691,10161,,,1,30,,25685,10161,,,1,70,,25680,10161,,,1,31,,25686,10161,,,1,70,,25679,10161,,,1,99,,25708,10161,,,1,100,,25702,10161,,,1,100,,25687,10161,,,1,100,,25704,10161,,,1,100,,25690,10161,,,1,100,,25681,10161,,,1
1701,'SA',607,,25737,10161,,,1,100,,25731,10161,,,1,30,,25727,10161,,,1,70,,25741,10161,,,1,30,,25715,10161,,,1,70,,5087,10161,,,1,30,,25738,10161,,,1,70,,25725,10161,,,1,30,,25714,10161,,,1,70,,25732,10161,,,1,30,,25716,10161,,,1,70,,25720,10161,,,1,30,,25712,10161,,,1,70,,25722,10161,,,1,30,,25728,10161,,,1,70,,25733,10161,,,1,30,,25739,10161,,,1,70,,25721,10161,,,1,30,,25740,10161,,,1,70,,25729,10161,,,1,30,,25735,10161,,,1,69,,25734,10161,,,1,30,,25717,10161,,,1,71,,25719,10161,,,1,30,,25718,10161,,,1,71,,25723,10161,,,1,99,,25736,10161,,,1,100,,5098,10161,,,1,100,,25726,10161,,,1,100,,25724,10161,,,1,100,,25713,10161,,,1,100,,25742,10161,,,1
2501,'DI',1614,,27599,15243,,,2
2501,'F1',1614,,27600,15243,,,2
2501,'F2',1614,,27601,15243,,,2
2501,'F7',525,,27606,13607,,,2,30,,27608,13607,,,2,63,,27603,13607,,,2,34,,27607,13607,,,2,76,,27628,15243,,,2,30,,27627,15243,,,2,65,,27609,13607,,,2,30,,27611,13607,,,2,68,,27612,13607,,,2,505,,27623,13607,,,2,31,,27613,13607,,,2,72,,27614,13607,,,2,71,,27631,15243,,,2,20,,27630,15243,,,2,12,,27629,15243,,,2,9,,27604,13607,,,2,59,,27616,13607,,,2,14,,27615,13607,,,2,15,,27619,13607,,,2,28,,27621,13607,,,2,67,,27624,13607,,,2,29,,27620,13607,,,2,99,,27618,13607,,,2,385,,27626,13607,,,2,86,,27633,15243,,,2,12,,27625,13607,,,2,75,,27617,13607,,,2
2501,'F8',1614,,27634,15243,,,2
2501,'F9',1614,,27635,15243,,,2
2501,'SA',1614,,27636,15243,,,2
2501,'SE',525,,27641,13607,,,2,30,,27643,13607,,,2,63,,27638,13607,,,2,34,,27642,13607,,,2,76,,27663,15243,,,2,30,,27662,15243,,,2,65,,27644,13607,,,2,30,,27646,13607,,,2,68,,27647,13607,,,2,505,,27658,13607,,,2,31,,27648,13607,,,2,72,,27649,13607,,,2,71,,27666,15243,,,2,20,,27665,15243,,,2,12,,27664,15243,,,2,9,,27639,13607,,,2,59,,27651,13607,,,2,14,,27650,13607,,,2,15,,27654,13607,,,2,28,,27656,13607,,,2,67,,27659,13607,,,2,29,,27655,13607,,,2,99,,27653,13607,,,2,385,,27661,13607,,,2,86,,27668,15243,,,2,12,,27660,13607,,,2,75,,27652,13607,,,2
7601,'F7',519,,34930,7279,,,1,30,,34932,7279,,,1,70,,34939,7279,,,1,27,,34926,7279,,,1,61,,34922,7279,,,1,20,,34953,7279,,,1,21,,34928,7279,,,1,4,,34944,7279,,,1,5,,34923,7279,,,1,54,,34954,7279,,,1,21,,34940,7279,,,1,22,,34920,7279,,,1,66,,34955,7279,,,1,29,,34916,7279,,,1,70,,34927,7279,,,1,30,,34919,7279,,,1,70,,34958,7279,,,1,30,,34917,7279,,,1,70,,34921,7279,,,1,30,,34934,7279,,,1,70,,34936,7279,,,1,30,,34924,7279,,,1,70,,34945,7279,,,1,32,,34959,7279,,,1,76,,34946,7279,,,1,26,,34935,7279,,,1,72,,34931,7279,,,1,34,,34947,7279,,,1,64,,34925,7279,,,1,16,,34933,7279,,,1,18,,34961,7279,,,1,61,,34960,7279,,,1,17,,34938,7279,,,1,18,,34956,7279,,,1,66,,34952,7279,,,1,30,,34937,7279,,,1,70,,34929,7279,,,1,30,,34941,7279,,,1,70,,34948,7279,,,1,30,,34942,7279,,,1,70,,34949,7279,,,1,29,,34943,7279,,,1,70,,34950,7279,,,1,30,,34918,7279,,,1,70,,34951,7279,,,1,30,,34957,7279,,,1
7601,'SE',519,,34976,7279,,,1,30,,34978,7279,,,1,70,,34985,7279,,,1,27,,34972,7279,,,1,61,,34968,7279,,,1,20,,34999,7279,,,1,21,,34974,7279,,,1,4,,34990,7279,,,1,5,,34969,7279,,,1,54,,35000,7279,,,1,21,,34986,7279,,,1,22,,34966,7279,,,1,66,,35001,7279,,,1,29,,34962,7279,,,1,70,,34973,7279,,,1,30,,34965,7279,,,1,70,,35004,7279,,,1,30,,34963,7279,,,1,70,,34967,7279,,,1,30,,34980,7279,,,1,70,,34982,7279,,,1,30,,34970,7279,,,1,70,,34991,7279,,,1,32,,35005,7279,,,1,76,,34992,7279,,,1,26,,34981,7279,,,1,72,,34977,7279,,,1,34,,34993,7279,,,1,64,,34971,7279,,,1,16,,34979,7279,,,1,18,,35007,7279,,,1,61,,35006,7279,,,1,17,,34984,7279,,,1,18,,35002,7279,,,1,66,,34998,7279,,,1,30,,34983,7279,,,1,70,,34975,7279,,,1,30,,34987,7279,,,1,70,,34994,7279,,,1,30,,34988,7279,,,1,70,,34995,7279,,,1,29,,34989,7279,,,1,70,,34996,7279,,,1,30,,34964,7279,,,1,70,,34997,7279,,,1,30,,35003,7279,,,1
