1400,'F8',640,,12471,,,1,17,,12470,,,1,66,,12465,,,1,13,,12468,,,1,17,,12469,,,1,58,,12467,,,1,30,,12464,,,1,60,,12466,,,1,52,,12473,,,1,100,,12486,,,1,100,,12475,,,1,100,,12476,,,1,100,,12485,,,1,100,,12482,,,1,150,,12474,,,1,13,,12481,,,1,18,,12477,,,1,15,,12484,,,1,61,,12480,,,1,18,,12483,,,1,21,,12478,,,1,58,,12472,,,1,29,,12479,,,1
1400,'SE',640,,2156,,,1,17,,2155,,,1,66,,2150,,,1,13,,2153,,,1,17,,2154,,,1,58,,2152,,,1,30,,2149,,,1,60,,2151,,,1,52,,2158,,,1,100,,2171,,,1,100,,2160,,,1,100,,2161,,,1,100,,2170,,,1,100,,2167,,,1,150,,2159,,,1,13,,2166,,,1,18,,2162,,,1,15,,2169,,,1,61,,2165,,,1,18,,2168,,,1,21,,2163,,,1,58,,2157,,,1,29,,2164,,,1
4101,'DI',729,,4665,0,45,1,100,,4667,0,45,1,101,,4677,0,45,1,100,,4668,0,45,1,100,,4662,0,45,1,100,,4669,0,45,1,100,,4661,0,45,1,100,,4670,0,45,1,100,,4674,0,45,1,102,,4675,0,45,1,98,,4671,0,45,1,100,,4676,0,45,1,100,,4678,0,45,1,100,,4664,0,45,1,100,,4663,0,45,1,99,,4679,0,45,1,100,,4673,0,45,1,100,,4666,0,45,1,100,,4672,0,45,1
4101,'F1',729,,4690,0,45,1,100,,4696,0,45,1,101,,4680,0,45,1,101,,4681,0,45,1,99,,4691,0,45,1,100,,4697,0,45,1,100,,4695,0,45,1,100,,4682,0,45,1,100,,4685,0,45,1,100,,4683,0,45,1,100,,4692,0,45,1,100,,4698,0,45,1,100,,4693,0,45,1,100,,4686,0,45,1,100,,4688,0,45,1,99,,4694,0,45,1,100,,4684,0,45,1,100,,4687,0,45,1,100,,4689,0,45,1
4101,'F7',729,,14463,0,45,1,100,,14465,0,45,1,101,,14475,0,45,1,100,,14466,0,45,1,100,,14460,0,45,1,100,,14467,0,45,1,100,,14459,0,45,1,100,,14468,0,45,1,100,,14472,0,45,1,102,,14473,0,45,1,98,,14469,0,45,1,100,,14474,0,45,1,100,,14476,0,45,1,100,,14462,0,45,1,100,,14461,0,45,1,99,,14477,0,45,1,100,,14471,0,45,1,100,,14464,0,45,1,100,,14470,0,45,1
4101,'F8',700,,14478,0,45,1,30,,14498,0,45,1,70,,14481,0,45,1,35,,14482,0,45,1,65,,14488,0,45,1,30,,14503,0,45,1,100,,14499,0,45,1,100,,14483,0,45,1,100,,14485,0,45,1,100,,14479,0,45,1,101,,14486,0,45,1,74,,14489,0,45,1,25,,14490,0,45,1,27,,14500,0,45,1,78,,14484,0,45,1,66,,14497,0,45,1,29,,14495,0,45,1,71,,14496,0,45,1,29,,14501,0,45,1,100,,14494,0,45,1,100,,14502,0,45,1,100,,14492,0,45,1,100,,14487,0,45,1,100,,14491,0,45,1,100,,14493,0,45,1,100,,14480,0,45,1
4101,'F9',729,,14514,0,45,1,100,,14520,0,45,1,101,,14504,0,45,1,101,,14505,0,45,1,99,,14515,0,45,1,100,,14521,0,45,1,100,,14519,0,45,1,100,,14506,0,45,1,100,,14509,0,45,1,100,,14507,0,45,1,100,,14516,0,45,1,100,,14522,0,45,1,100,,14517,0,45,1,100,,14510,0,45,1,100,,14512,0,45,1,99,,14518,0,45,1,100,,14508,0,45,1,100,,14511,0,45,1,100,,14513,0,45,1
4101,'SA',729,,4709,0,45,1,100,,4715,0,45,1,101,,4699,0,45,1,101,,4700,0,45,1,99,,4710,0,45,1,100,,4716,0,45,1,100,,4714,0,45,1,100,,4701,0,45,1,100,,4704,0,45,1,100,,4702,0,45,1,100,,4711,0,45,1,100,,4717,0,45,1,100,,4712,0,45,1,100,,4705,0,45,1,100,,4707,0,45,1,99,,4713,0,45,1,100,,4703,0,45,1,100,,4706,0,45,1,100,,4708,0,45,1
4101,'SE',700,,4718,0,45,1,30,,4738,0,45,1,70,,4721,0,45,1,35,,4722,0,45,1,65,,4728,0,45,1,30,,4743,0,45,1,100,,4739,0,45,1,100,,4723,0,45,1,100,,4725,0,45,1,100,,4719,0,45,1,101,,4726,0,45,1,74,,4729,0,45,1,25,,4730,0,45,1,27,,4740,0,45,1,78,,4724,0,45,1,66,,4737,0,45,1,29,,4735,0,45,1,71,,4736,0,45,1,29,,4741,0,45,1,100,,4734,0,45,1,100,,4742,0,45,1,100,,4732,0,45,1,100,,4727,0,45,1,100,,4731,0,45,1,100,,4733,0,45,1,100,,4720,0,45,1
55000,'F8',1633,,19173,,,2
55000,'SE',1633,,10472,,,2
61400,'F8',1711,,19206,,,2
61400,'SE',1711,,10505,,,2
68400,'F8',1616,,19269,,,2,1,,19268,,,2
68400,'SE',1616,,10568,,,2,1,,10567,,,2
69201,'F8',845,,19285,,,2
69201,'SE',845,,10584,,,2
