1601,'DI',558,,4547,7128,,,2,100,,4548,7128,,,2,70,,4520,7128,,,2,30,,4549,7128,,,2,70,,4521,7128,,,2,30,,4526,7128,,,2,70,,4522,7128,,,2,30,,4527,7128,,,2,70,,4523,7128,,,2,30,,4528,7128,,,2,70,,4524,7128,,,2,30,,4529,7128,,,2,68,,4525,7128,,,2,32,,4530,7128,,,2,73,,4519,7128,,,2,27,,4531,7128,,,2,70,,4543,7128,,,2,30,,4532,7128,,,2,70,,4544,7128,,,2,30,,4533,7128,,,2,70,,4545,7128,,,2,30,,4534,7128,,,2,70,,4546,7128,,,2,30,,4535,7128,,,2,100,,4536,7128,,,2,100,,4537,7128,,,2,100,,4538,7128,,,2,100,,4539,7128,,,2,100,,4540,7128,,,2,100,,4541,7128,,,2,100,,4542,7128,,,2
1601,'F1',558,,4550,7128,,,2,100,,4551,7128,,,2,68,,4568,7128,,,2,32,,4552,7128,,,2,70,,4569,7128,,,2,30,,4553,7128,,,2,70,,4570,7128,,,2,30,,4554,7128,,,2,70,,4571,7128,,,2,30,,4555,7128,,,2,70,,4572,7128,,,2,30,,4556,7128,,,2,70,,4573,7128,,,2,30,,4557,7128,,,2,70,,4574,7128,,,2,30,,4558,7128,,,2,70,,4575,7128,,,2,30,,4559,7128,,,2,70,,4576,7128,,,2,30,,4560,7128,,,2,70,,4577,7128,,,2,30,,4561,7128,,,2,67,,4578,7128,,,2,33,,4562,7128,,,2,100,,4563,7128,,,2,100,,4564,7128,,,2,100,,4565,7128,,,2,100,,4566,7128,,,2,100,,4567,7128,,,2,100,,4579,7128,,,2,100,,4580,7128,,,2
1601,'F7',558,,4609,7128,,,2,100,,4610,7128,,,2,70,,4582,7128,,,2,30,,4611,7128,,,2,70,,4583,7128,,,2,30,,4588,7128,,,2,70,,4584,7128,,,2,30,,4589,7128,,,2,70,,4585,7128,,,2,30,,4590,7128,,,2,70,,4586,7128,,,2,30,,4591,7128,,,2,68,,4587,7128,,,2,32,,4592,7128,,,2,73,,4581,7128,,,2,27,,4593,7128,,,2,70,,4605,7128,,,2,30,,4594,7128,,,2,70,,4606,7128,,,2,30,,4595,7128,,,2,70,,4607,7128,,,2,30,,4596,7128,,,2,70,,4608,7128,,,2,30,,4597,7128,,,2,100,,4598,7128,,,2,100,,4599,7128,,,2,100,,4600,7128,,,2,100,,4601,7128,,,2,100,,4602,7128,,,2,100,,4603,7128,,,2,100,,4604,7128,,,2
1601,'F8',528,,4651,7128,,,2,30,,4631,7128,,,2,55,,4623,7128,,,2,17,,4625,7128,,,2,15,,4652,7128,,,2,14,,4632,7128,,,2,52,,4615,7128,,,2,10,,4658,7128,,,2,8,,4628,7128,,,2,8,,4626,7128,,,2,6,,4659,7128,,,2,5,,4634,7128,,,2,5,,4653,7128,,,2,4,,4635,7128,,,2,46,,4614,7128,,,2,11,,4617,7128,,,2,10,,4616,7128,,,2,10,,4633,7128,,,2,9,,4629,7128,,,2,11,,4660,7128,,,2,53,,4664,7128,,,2,25,,4613,7128,,,2,70,,4649,7128,,,2,30,,4654,7128,,,2,70,,4627,7128,,,2,30,,4624,7128,,,2,70,,4662,7128,,,2,30,,4630,7128,,,2,70,,4661,7128,,,2,30,,4655,7128,,,2,70,,4612,7128,,,2,30,,4656,7128,,,2,72,,4619,7128,,,2,19,,4650,7128,,,2,22,,4620,7128,,,2,55,,4642,7128,,,2,15,,4644,7128,,,2,13,,4657,7128,,,2,15,,4643,7128,,,2,10,,4667,7128,,,2,52,,4663,7128,,,2,12,,4646,7128,,,2,12,,4647,7128,,,2,12,,4622,7128,,,2,64,,4648,7128,,,2,21,,4621,7128,,,2,27,,4645,7128,,,2,80,,4618,7128,,,2,67,,4636,7128,,,2,30,,4665,7128,,,2,28,,4637,7128,,,2,70,,4666,7128,,,2,30,,4638,7128,,,2,99,,4639,7128,,,2,100,,4640,7128,,,2,100,,4641,7128,,,2
1601,'F9',558,,4668,7128,,,2,100,,4669,7128,,,2,68,,4686,7128,,,2,32,,4670,7128,,,2,70,,4687,7128,,,2,30,,4671,7128,,,2,70,,4688,7128,,,2,30,,4672,7128,,,2,70,,4689,7128,,,2,30,,4673,7128,,,2,70,,4690,7128,,,2,30,,4674,7128,,,2,70,,4691,7128,,,2,30,,4675,7128,,,2,70,,4692,7128,,,2,30,,4676,7128,,,2,70,,4693,7128,,,2,30,,4677,7128,,,2,70,,4694,7128,,,2,30,,4678,7128,,,2,70,,4695,7128,,,2,30,,4679,7128,,,2,67,,4696,7128,,,2,33,,4680,7128,,,2,100,,4681,7128,,,2,100,,4682,7128,,,2,100,,4683,7128,,,2,100,,4684,7128,,,2,100,,4685,7128,,,2,100,,4697,7128,,,2,100,,4698,7128,,,2
1601,'SA',558,,4699,7128,,,2,100,,4700,7128,,,2,68,,4717,7128,,,2,32,,4701,7128,,,2,70,,4718,7128,,,2,30,,4702,7128,,,2,70,,4719,7128,,,2,30,,4703,7128,,,2,70,,4720,7128,,,2,30,,4704,7128,,,2,70,,4721,7128,,,2,30,,4705,7128,,,2,70,,4722,7128,,,2,30,,4706,7128,,,2,70,,4723,7128,,,2,30,,4707,7128,,,2,70,,4724,7128,,,2,30,,4708,7128,,,2,70,,4725,7128,,,2,30,,4709,7128,,,2,70,,4726,7128,,,2,30,,4710,7128,,,2,67,,4727,7128,,,2,33,,4711,7128,,,2,100,,4712,7128,,,2,100,,4713,7128,,,2,100,,4714,7128,,,2,100,,4715,7128,,,2,100,,4716,7128,,,2,100,,4728,7128,,,2,100,,4729,7128,,,2
1601,'SE',528,,4769,7128,,,2,30,,4749,7128,,,2,55,,4741,7128,,,2,17,,4743,7128,,,2,15,,4770,7128,,,2,14,,4750,7128,,,2,52,,4733,7128,,,2,10,,4776,7128,,,2,8,,4746,7128,,,2,8,,4744,7128,,,2,6,,4777,7128,,,2,5,,4752,7128,,,2,5,,4771,7128,,,2,4,,4753,7128,,,2,46,,4732,7128,,,2,11,,4735,7128,,,2,10,,4734,7128,,,2,10,,4751,7128,,,2,9,,4747,7128,,,2,11,,4778,7128,,,2,53,,4782,7128,,,2,25,,4731,7128,,,2,70,,4767,7128,,,2,30,,4772,7128,,,2,70,,4745,7128,,,2,30,,4742,7128,,,2,70,,4780,7128,,,2,30,,4748,7128,,,2,70,,4779,7128,,,2,30,,4773,7128,,,2,70,,4730,7128,,,2,30,,4774,7128,,,2,72,,4737,7128,,,2,19,,4768,7128,,,2,22,,4738,7128,,,2,55,,4760,7128,,,2,15,,4762,7128,,,2,13,,4775,7128,,,2,15,,4761,7128,,,2,10,,4785,7128,,,2,52,,4781,7128,,,2,12,,4764,7128,,,2,12,,4765,7128,,,2,12,,4740,7128,,,2,64,,4766,7128,,,2,21,,4739,7128,,,2,27,,4763,7128,,,2,80,,4736,7128,,,2,67,,4754,7128,,,2,30,,4783,7128,,,2,28,,4755,7128,,,2,70,,4784,7128,,,2,30,,4756,7128,,,2,99,,4757,7128,,,2,100,,4758,7128,,,2,100,,4759,7128,,,2
2901,'DI',719,,7243,9441,,,1,100,,7244,9441,,,1,100,,7245,9441,,,1,100,,7246,9441,,,1,100,,7247,9441,,,1,100,,7248,9441,,,1,100,,7249,9441,,,1,100,,7250,9441,,,1,100,,7251,9441,,,1,100,,7252,9441,,,1,100,,7253,9441,,,1,100,,7254,9441,,,1,98,,7255,9441,,,1,100,,7256,9441,,,1,100,,7257,9441,,,1,100,,7258,9441,,,1,100,,7259,9441,,,1,120,,7260,9441,,,1
2901,'F1',719,,7270,9441,,,1,100,,7271,9441,,,1,100,,7272,9441,,,1,100,,7273,9441,,,1,100,,7274,9441,,,1,100,,7275,9441,,,1,100,,7276,9441,,,1,100,,7277,9441,,,1,99,,7278,9441,,,1,99,,7279,9441,,,1,99,,7280,9441,,,1,108,,7262,9441,,,1,97,,7263,9441,,,1,97,,7264,9441,,,1,99,,7265,9441,,,1,100,,7266,9441,,,1,100,,7267,9441,,,1,120,,7268,9441,,,1
2901,'F7',719,,7281,9441,,,1,100,,7282,9441,,,1,100,,7283,9441,,,1,100,,7284,9441,,,1,100,,7285,9441,,,1,100,,7286,9441,,,1,100,,7287,9441,,,1,100,,7288,9441,,,1,100,,7289,9441,,,1,100,,7290,9441,,,1,100,,7291,9441,,,1,100,,7292,9441,,,1,98,,7293,9441,,,1,100,,7294,9441,,,1,100,,7295,9441,,,1,100,,7296,9441,,,1,100,,7297,9441,,,1,120,,7298,9441,,,1
2901,'F8',652,,7311,9441,,,1,66,,7310,9441,,,1,37,,7308,9441,,,1,2,,7314,9441,,,1,67,,7304,9441,,,1,30,,7301,9441,,,1,67,,7312,9441,,,1,103,,7309,9441,,,1,100,,7302,9441,,,1,101,,7303,9441,,,1,100,,7326,9441,,,1,100,,7300,9441,,,1,103,,7325,9441,,,1,75,,7327,9441,,,1,23,,7324,9441,,,1,74,,7315,9441,,,1,20,,7307,9441,,,1,29,,7323,9441,,,1,52,,7322,9441,,,1,28,,7313,9441,,,1,28,,7316,9441,,,1,67,,7305,9441,,,1,97,,7306,9441,,,1,99,,7317,9441,,,1,99,,7318,9441,,,1,98,,7319,9441,,,1,120,,7320,9441,,,1
2901,'F9',719,,7336,9441,,,1,100,,7337,9441,,,1,100,,7338,9441,,,1,100,,7339,9441,,,1,100,,7340,9441,,,1,100,,7341,9441,,,1,100,,7342,9441,,,1,100,,7343,9441,,,1,99,,7344,9441,,,1,99,,7345,9441,,,1,99,,7346,9441,,,1,108,,7328,9441,,,1,97,,7329,9441,,,1,97,,7330,9441,,,1,99,,7331,9441,,,1,100,,7332,9441,,,1,100,,7333,9441,,,1,120,,7334,9441,,,1
2901,'SA',719,,7355,9441,,,1,100,,7356,9441,,,1,100,,7357,9441,,,1,100,,7358,9441,,,1,100,,7359,9441,,,1,100,,7360,9441,,,1,100,,7361,9441,,,1,100,,7362,9441,,,1,99,,7363,9441,,,1,99,,7364,9441,,,1,99,,7365,9441,,,1,108,,7347,9441,,,1,97,,7348,9441,,,1,97,,7349,9441,,,1,99,,7350,9441,,,1,100,,7351,9441,,,1,100,,7352,9441,,,1,120,,7353,9441,,,1
2901,'SE',652,,7377,9441,,,1,66,,7376,9441,,,1,37,,7374,9441,,,1,2,,7380,9441,,,1,67,,7370,9441,,,1,30,,7367,9441,,,1,67,,7378,9441,,,1,103,,7375,9441,,,1,100,,7368,9441,,,1,101,,7369,9441,,,1,100,,7392,9441,,,1,100,,7366,9441,,,1,103,,7391,9441,,,1,75,,7393,9441,,,1,23,,7390,9441,,,1,74,,7381,9441,,,1,20,,7373,9441,,,1,29,,7389,9441,,,1,52,,7388,9441,,,1,28,,7379,9441,,,1,28,,7382,9441,,,1,67,,7371,9441,,,1,97,,7372,9441,,,1,99,,7383,9441,,,1,99,,7384,9441,,,1,98,,7385,9441,,,1,120,,7386,9441,,,1
7101,'DI',538,,11893,6776,,,2,70,,11904,6776,,,2,29,,11897,6776,,,2,70,,11884,6776,,,2,30,,11900,6776,,,2,70,,11905,6776,,,2,30,,11902,6776,,,2,70,,11885,6776,,,2,31,,11901,6776,,,2,69,,11879,6776,,,2,31,,11875,6776,,,2,70,,11880,6776,,,2,30,,11892,6776,,,2,70,,11881,6776,,,2,30,,11889,6776,,,2,75,,11898,6776,,,2,25,,11903,6776,,,2,70,,11899,6776,,,2,30,,11890,6776,,,2,70,,11876,6776,,,2,30,,11888,6776,,,2,70,,11882,6776,,,2,30,,11896,6776,,,2,70,,11883,6776,,,2,28,,11886,6776,,,2,72,,11877,6776,,,2,30,,11887,6776,,,2,70,,11878,6776,,,2,100,,11891,6776,,,2,99,,11907,6776,,,2,100,,11874,6776,,,2,100,,11894,6776,,,2,100,,11895,6776,,,2
7101,'F1',538,,11925,6776,,,2,70,,11936,6776,,,2,29,,11923,6776,,,2,70,,11909,6776,,,2,30,,11910,6776,,,2,70,,11926,6776,,,2,31,,11924,6776,,,2,69,,11937,6776,,,2,30,,11911,6776,,,2,70,,11938,6776,,,2,31,,11940,6776,,,2,70,,11939,6776,,,2,30,,11913,6776,,,2,70,,11930,6776,,,2,30,,11914,6776,,,2,70,,11931,6776,,,2,30,,11915,6776,,,2,70,,11932,6776,,,2,30,,11916,6776,,,2,70,,11933,6776,,,2,30,,11917,6776,,,2,70,,11941,6776,,,2,30,,11918,6776,,,2,68,,11942,6776,,,2,30,,11919,6776,,,2,76,,11934,6776,,,2,26,,11920,6776,,,2,72,,11935,6776,,,2,98,,11928,6776,,,2,100,,11912,6776,,,2,100,,11921,6776,,,2,100,,11922,6776,,,2,100,,11908,6776,,,2,100,,11927,6776,,,2
7101,'F7',538,,11962,6776,,,2,70,,11973,6776,,,2,29,,11966,6776,,,2,70,,11953,6776,,,2,30,,11969,6776,,,2,70,,11974,6776,,,2,30,,11971,6776,,,2,70,,11954,6776,,,2,31,,11970,6776,,,2,69,,11948,6776,,,2,31,,11944,6776,,,2,70,,11949,6776,,,2,30,,11961,6776,,,2,70,,11950,6776,,,2,30,,11958,6776,,,2,75,,11967,6776,,,2,25,,11972,6776,,,2,70,,11968,6776,,,2,30,,11959,6776,,,2,70,,11945,6776,,,2,30,,11957,6776,,,2,70,,11951,6776,,,2,30,,11965,6776,,,2,70,,11952,6776,,,2,28,,11955,6776,,,2,72,,11946,6776,,,2,30,,11956,6776,,,2,70,,11947,6776,,,2,100,,11960,6776,,,2,99,,11976,6776,,,2,100,,11943,6776,,,2,100,,11963,6776,,,2,100,,11964,6776,,,2
7101,'F8',501,,11989,6776,,,2,30,,11995,6776,,,2,70,,11983,6776,,,2,30,,11992,6776,,,2,70,,11987,6776,,,2,17,,11984,6776,,,2,25,,11980,6776,,,2,60,,11985,6776,,,2,22,,12013,6776,,,2,18,,11994,6776,,,2,66,,12006,6776,,,2,31,,11986,6776,,,2,69,,12021,6776,,,2,30,,11977,6776,,,2,70,,12007,6776,,,2,30,,12019,6776,,,2,70,,12008,6776,,,2,30,,12020,6776,,,2,70,,12009,6776,,,2,30,,11996,6776,,,2,70,,12014,6776,,,2,30,,11997,6776,,,2,72,,12015,6776,,,2,31,,12018,6776,,,2,71,,11988,6776,,,2,41,,11991,6776,,,2,82,,11993,6776,,,2,76,,12010,6776,,,2,32,,12022,6776,,,2,66,,12011,6776,,,2,30,,11998,6776,,,2,68,,11981,6776,,,2,29,,11999,6776,,,2,70,,11982,6776,,,2,30,,12000,6776,,,2,70,,11979,6776,,,2,30,,12001,6776,,,2,70,,12016,6776,,,2,30,,12002,6776,,,2,70,,12004,6776,,,2,28,,12003,6776,,,2
7101,'F9',538,,12040,6776,,,2,70,,12051,6776,,,2,29,,12038,6776,,,2,70,,12024,6776,,,2,30,,12025,6776,,,2,70,,12041,6776,,,2,31,,12039,6776,,,2,69,,12052,6776,,,2,30,,12026,6776,,,2,70,,12053,6776,,,2,31,,12055,6776,,,2,70,,12054,6776,,,2,30,,12028,6776,,,2,70,,12045,6776,,,2,30,,12029,6776,,,2,70,,12046,6776,,,2,30,,12030,6776,,,2,70,,12047,6776,,,2,30,,12031,6776,,,2,70,,12048,6776,,,2,30,,12032,6776,,,2,70,,12056,6776,,,2,30,,12033,6776,,,2,68,,12057,6776,,,2,30,,12034,6776,,,2,76,,12049,6776,,,2,26,,12035,6776,,,2,72,,12050,6776,,,2,98,,12043,6776,,,2,100,,12027,6776,,,2,100,,12036,6776,,,2,100,,12037,6776,,,2,100,,12023,6776,,,2,100,,12042,6776,,,2
7101,'SA',538,,12075,6776,,,2,70,,12086,6776,,,2,29,,12073,6776,,,2,70,,12059,6776,,,2,30,,12060,6776,,,2,70,,12076,6776,,,2,31,,12074,6776,,,2,69,,12087,6776,,,2,30,,12061,6776,,,2,70,,12088,6776,,,2,31,,12090,6776,,,2,70,,12089,6776,,,2,30,,12063,6776,,,2,70,,12080,6776,,,2,30,,12064,6776,,,2,70,,12081,6776,,,2,30,,12065,6776,,,2,70,,12082,6776,,,2,30,,12066,6776,,,2,70,,12083,6776,,,2,30,,12067,6776,,,2,70,,12091,6776,,,2,30,,12068,6776,,,2,68,,12092,6776,,,2,30,,12069,6776,,,2,76,,12084,6776,,,2,26,,12070,6776,,,2,72,,12085,6776,,,2,98,,12078,6776,,,2,100,,12062,6776,,,2,100,,12071,6776,,,2,100,,12072,6776,,,2,100,,12058,6776,,,2,100,,12077,6776,,,2
7101,'SE',501,,12105,6776,,,2,30,,12111,6776,,,2,70,,12099,6776,,,2,30,,12108,6776,,,2,70,,12103,6776,,,2,17,,12100,6776,,,2,25,,12096,6776,,,2,60,,12101,6776,,,2,22,,12129,6776,,,2,18,,12110,6776,,,2,66,,12122,6776,,,2,31,,12102,6776,,,2,69,,12137,6776,,,2,30,,12093,6776,,,2,70,,12123,6776,,,2,30,,12135,6776,,,2,70,,12124,6776,,,2,30,,12136,6776,,,2,70,,12125,6776,,,2,30,,12112,6776,,,2,70,,12130,6776,,,2,30,,12113,6776,,,2,72,,12131,6776,,,2,31,,12134,6776,,,2,71,,12104,6776,,,2,41,,12107,6776,,,2,82,,12109,6776,,,2,76,,12126,6776,,,2,32,,12138,6776,,,2,66,,12127,6776,,,2,30,,12114,6776,,,2,68,,12097,6776,,,2,29,,12115,6776,,,2,70,,12098,6776,,,2,30,,12116,6776,,,2,70,,12095,6776,,,2,30,,12117,6776,,,2,70,,12132,6776,,,2,30,,12118,6776,,,2,70,,12120,6776,,,2,28,,12119,6776,,,2
12301,'F8',638,,16126,23751,,,2,66,,16124,23751,,,2,15,,16123,23751,,,2,28,,16127,23751,,,2,70,,16122,23751,,,2,28,,16121,23751,,,2,70,,16125,23751,,,2
12301,'SE',638,,16203,23751,,,2,66,,16201,23751,,,2,15,,16200,23751,,,2,28,,16204,23751,,,2,70,,16199,23751,,,2,28,,16198,23751,,,2,70,,16202,23751,,,2
62000,'F8',1537,,18892,3025,,,2
62000,'SE',1537,,18893,3025,,,2
62400,'F8',1454,,18894,1546,,,2
62400,'SE',1454,,18895,1546,,,2
