8801,'DI',615,,36910,2941,,,1,30,,36915,2941,,,1,70,,36921,2941,,,1,30,,36931,2941,,,1,69,,36911,2941,,,1,30,,36916,2941,,,1,70,,36922,2941,,,1,28,,36932,2941,,,1,69,,36912,2941,,,1,30,,36917,2941,,,1,69,,36923,2941,,,1,30,,36933,2941,,,1,70,,36913,2941,,,1,30,,36918,2941,,,1,70,,36924,2941,,,1,31,,36934,2941,,,1,70,,36914,2941,,,1,31,,36919,2941,,,1,71,,36925,2941,,,1,29,,15257,2941,,,1,70,,36926,2941,,,1,30,,36920,2941,,,1,70,,36935,2941,,,1,34,,15258,2941,,,1,62,,36927,2941,,,1,106,,36936,2941,,,1,101,,36928,2941,,,1,100,,36937,2941,,,1,100,,36929,2941,,,1,100,,36938,2941,,,1,99,,36930,2941,,,1
8801,'F1',613,,36944,2941,,,1,30,,36943,2941,,,1,70,,36958,2941,,,1,28,,36949,2941,,,1,70,,36945,2941,,,1,30,,15317,2941,,,1,70,,36959,2941,,,1,27,,36950,2941,,,1,70,,36946,2941,,,1,29,,15318,2941,,,1,70,,36960,2941,,,1,31,,36951,2941,,,1,70,,15301,2941,,,1,31,,36955,2941,,,1,68,,36961,2941,,,1,31,,36952,2941,,,1,70,,15302,2941,,,1,30,,36956,2941,,,1,70,,36962,2941,,,1,30,,36941,2941,,,1,71,,15303,2941,,,1,31,,36957,2941,,,1,68,,36963,2941,,,1,32,,36942,2941,,,1,62,,36964,2941,,,1,109,,36953,2941,,,1,100,,36947,2941,,,1,100,,36954,2941,,,1,100,,36948,2941,,,1,98,,36940,2941,,,1,100,,36939,2941,,,1
8801,'F2',613,,36968,2941,,,1,30,,36967,2941,,,1,70,,36989,2941,,,1,28,,36980,2941,,,1,70,,36969,2941,,,1,30,,36993,2941,,,1,70,,36990,2941,,,1,27,,36981,2941,,,1,70,,36973,2941,,,1,29,,36994,2941,,,1,70,,36991,2941,,,1,31,,36982,2941,,,1,70,,36974,2941,,,1,31,,36986,2941,,,1,68,,36970,2941,,,1,31,,36983,2941,,,1,70,,36975,2941,,,1,30,,36987,2941,,,1,70,,36971,2941,,,1,30,,36965,2941,,,1,71,,36976,2941,,,1,31,,36988,2941,,,1,68,,36972,2941,,,1,32,,36966,2941,,,1,62,,36995,2941,,,1,109,,36984,2941,,,1,100,,36977,2941,,,1,100,,36985,2941,,,1,100,,36978,2941,,,1,98,,36992,2941,,,1,100,,36979,2941,,,1
8801,'F7',609,,36996,2941,,,1,20,,37008,2941,,,1,15,,36998,2941,,,1,12,,37010,2941,,,1,47,,37000,2941,,,1,16,,37011,2941,,,1,9,,37005,2941,,,1,12,,37013,2941,,,1,12,,37002,2941,,,1,50,,37007,2941,,,1,21,,37041,2941,,,1,18,,37042,2941,,,1,70,,37043,2941,,,1,30,,37012,2941,,,1,70,,37030,2941,,,1,30,,37009,2941,,,1,70,,37006,2941,,,1,30,,37028,2941,,,1,70,,37031,2941,,,1,30,,37001,2941,,,1,70,,36999,2941,,,1,30,,37032,2941,,,1,72,,37003,2941,,,1,29,,37029,2941,,,1,9,,37015,2941,,,1,2,,37019,2941,,,1,2,,37021,2941,,,1,47,,36997,2941,,,1,17,,37022,2941,,,1,18,,37035,2941,,,1,12,,37033,2941,,,1,55,,37036,2941,,,1,15,,37038,2941,,,1,16,,37004,2941,,,1,15,,37014,2941,,,1,54,,37044,2941,,,1,16,,37020,2941,,,1,17,,37023,2941,,,1,17,,37025,2941,,,1,61,,37016,2941,,,1,27,,37039,2941,,,1,72,,37037,2941,,,1,30,,37024,2941,,,1,70,,37017,2941,,,1,30,,37040,2941,,,1,70,,37034,2941,,,1,102,,37018,2941,,,1,98,,37027,2941,,,1,100,,37026,2941,,,1
8801,'F8',613,,37048,2941,,,1,30,,37047,2941,,,1,70,,37069,2941,,,1,28,,37060,2941,,,1,70,,37049,2941,,,1,30,,37073,2941,,,1,70,,37070,2941,,,1,27,,37061,2941,,,1,70,,37053,2941,,,1,29,,37074,2941,,,1,70,,37071,2941,,,1,31,,37062,2941,,,1,70,,37054,2941,,,1,31,,37066,2941,,,1,68,,37050,2941,,,1,31,,37063,2941,,,1,70,,37055,2941,,,1,30,,37067,2941,,,1,70,,37051,2941,,,1,30,,37045,2941,,,1,71,,37056,2941,,,1,31,,37068,2941,,,1,68,,37052,2941,,,1,32,,37046,2941,,,1,62,,37075,2941,,,1,109,,37064,2941,,,1,100,,37057,2941,,,1,100,,37065,2941,,,1,100,,37058,2941,,,1,98,,37072,2941,,,1,100,,37059,2941,,,1
8801,'F9',615,,37078,2941,,,1,30,,37083,2941,,,1,70,,37089,2941,,,1,30,,37099,2941,,,1,69,,37079,2941,,,1,30,,37084,2941,,,1,70,,37090,2941,,,1,28,,37100,2941,,,1,69,,37080,2941,,,1,30,,37085,2941,,,1,69,,37091,2941,,,1,30,,37101,2941,,,1,70,,37081,2941,,,1,30,,37086,2941,,,1,70,,37092,2941,,,1,31,,37102,2941,,,1,70,,37082,2941,,,1,31,,37087,2941,,,1,71,,37093,2941,,,1,29,,37076,2941,,,1,70,,37094,2941,,,1,30,,37088,2941,,,1,70,,37103,2941,,,1,34,,37077,2941,,,1,62,,37095,2941,,,1,106,,37104,2941,,,1,101,,37096,2941,,,1,100,,37105,2941,,,1,100,,37097,2941,,,1,100,,37106,2941,,,1,99,,37098,2941,,,1
8801,'SA',613,,37110,2941,,,1,30,,37109,2941,,,1,70,,37131,2941,,,1,28,,37122,2941,,,1,70,,37111,2941,,,1,30,,37134,2941,,,1,70,,37132,2941,,,1,27,,37123,2941,,,1,70,,37115,2941,,,1,29,,37135,2941,,,1,70,,37133,2941,,,1,31,,37124,2941,,,1,70,,37116,2941,,,1,31,,37128,2941,,,1,68,,37112,2941,,,1,31,,37125,2941,,,1,70,,37117,2941,,,1,30,,37129,2941,,,1,70,,37113,2941,,,1,30,,37107,2941,,,1,71,,37118,2941,,,1,31,,37130,2941,,,1,68,,37114,2941,,,1,32,,37108,2941,,,1,62,,37136,2941,,,1,109,,37126,2941,,,1,100,,37119,2941,,,1,100,,37127,2941,,,1,100,,37120,2941,,,1,98,,15458,2941,,,1,100,,37121,2941,,,1
8801,'SE',609,,37137,2941,,,1,20,,37149,2941,,,1,15,,37139,2941,,,1,12,,15479,2941,,,1,47,,37141,2941,,,1,16,,37151,2941,,,1,9,,37146,2941,,,1,12,,37153,2941,,,1,12,,37143,2941,,,1,50,,37148,2941,,,1,21,,37178,2941,,,1,18,,37179,2941,,,1,70,,37180,2941,,,1,30,,37152,2941,,,1,70,,37167,2941,,,1,30,,37150,2941,,,1,70,,37147,2941,,,1,30,,37165,2941,,,1,70,,37168,2941,,,1,30,,37142,2941,,,1,70,,37140,2941,,,1,30,,37169,2941,,,1,72,,37144,2941,,,1,29,,37166,2941,,,1,9,,15486,2941,,,1,2,,15491,2941,,,1,2,,37159,2941,,,1,47,,37138,2941,,,1,17,,37160,2941,,,1,18,,37172,2941,,,1,12,,37170,2941,,,1,55,,37173,2941,,,1,15,,37175,2941,,,1,16,,37145,2941,,,1,15,,37154,2941,,,1,54,,37181,2941,,,1,16,,37158,2941,,,1,17,,37161,2941,,,1,17,,37162,2941,,,1,61,,37155,2941,,,1,27,,37176,2941,,,1,72,,37174,2941,,,1,30,,15492,2941,,,1,70,,37156,2941,,,1,30,,37177,2941,,,1,70,,37171,2941,,,1,102,,37157,2941,,,1,98,,37164,2941,,,1,100,,37163,2941,,,1
50501,'F7',907,,40632,3610,,,2
50501,'SE',907,,40633,3610,,,2
