401,'DI',712,,1186,6685,,,1,30,,1180,6685,,,1,70,,1189,6685,,,1,32,,1202,6685,,,1,70,,1199,6685,,,1,30,,1181,6685,,,1,70,,1177,6685,,,1,30,,1203,6685,,,1,70,,1200,6685,,,1,30,,1182,6685,,,1,70,,1210,6685,,,1,30,,1195,6685,,,1,70,,1201,6685,,,1,31,,1183,6685,,,1,69,,1205,6685,,,1,30,,1208,6685,,,1,70,,1178,6685,,,1,32,,1184,6685,,,1,69,,1206,6685,,,1,30,,1209,6685,,,1,74,,1207,6685,,,1,25,,1191,6685,,,1,70,,1194,6685,,,1,30,,1196,6685,,,1,70,,1198,6685,,,1,31,,1192,6685,,,1,69,,1193,6685,,,1,30,,1176,6685,,,1,70,,1187,6685,,,1,100,,1204,6685,,,1,100,,1197,6685,,,1,100,,1185,6685,,,1
401,'F1',712,,1213,6685,,,1,30,,1227,6685,,,1,70,,1216,6685,,,1,32,,1218,6685,,,1,70,,1214,6685,,,1,30,,1228,6685,,,1,70,,1231,6685,,,1,30,,1219,6685,,,1,70,,1236,6685,,,1,30,,1212,6685,,,1,71,,1238,6685,,,1,30,,1233,6685,,,1,70,,1242,6685,,,1,30,,1211,6685,,,1,70,,1220,6685,,,1,30,,1237,6685,,,1,70,,1232,6685,,,1,30,,1243,6685,,,1,70,,1240,6685,,,1,30,,1235,6685,,,1,70,,1234,6685,,,1,30,,1245,6685,,,1,69,,1230,6685,,,1,30,,1221,6685,,,1,70,,1241,6685,,,1,30,,1244,6685,,,1,70,,1222,6685,,,1,30,,1239,6685,,,1,70,,1229,6685,,,1,100,,1224,6685,,,1,100,,1223,6685,,,1,100,,1225,6685,,,1
401,'F7',712,,1256,6685,,,1,30,,1250,6685,,,1,70,,1259,6685,,,1,32,,1272,6685,,,1,70,,1269,6685,,,1,30,,1251,6685,,,1,70,,1247,6685,,,1,30,,1273,6685,,,1,70,,1270,6685,,,1,30,,1252,6685,,,1,70,,1280,6685,,,1,30,,1265,6685,,,1,70,,1271,6685,,,1,31,,1253,6685,,,1,69,,1275,6685,,,1,30,,1278,6685,,,1,70,,1248,6685,,,1,32,,1254,6685,,,1,69,,1276,6685,,,1,30,,1279,6685,,,1,74,,1277,6685,,,1,25,,1261,6685,,,1,70,,1264,6685,,,1,30,,1266,6685,,,1,70,,1268,6685,,,1,31,,1262,6685,,,1,69,,1263,6685,,,1,30,,1246,6685,,,1,70,,1257,6685,,,1,100,,1274,6685,,,1,100,,1267,6685,,,1,100,,1255,6685,,,1
401,'F8',627,,1282,6685,,,1,21,,1293,6685,,,1,71,,1305,6685,,,1,34,,1285,6685,,,1,73,,1314,6685,,,1,30,,1295,6685,,,1,72,,1308,6685,,,1,30,,1307,6685,,,1,70,,1281,6685,,,1,30,,1313,6685,,,1,70,,1300,6685,,,1,30,,1284,6685,,,1,71,,1306,6685,,,1,72,,1303,6685,,,1,30,,1301,6685,,,1,70,,1320,6685,,,1,26,,1318,6685,,,1,74,,1297,6685,,,1,15,,1310,6685,,,1,23,,1289,6685,,,1,61,,1302,6685,,,1,19,,1296,6685,,,1,20,,1291,6685,,,1,63,,1317,6685,,,1,17,,1290,6685,,,1,20,,1309,6685,,,1,64,,1294,6685,,,1,16,,1311,6685,,,1,27,,1304,6685,,,1,70,,1319,6685,,,1,27,,1315,6685,,,1,69,,1287,6685,,,1,30,,1299,6685,,,1,70,,1316,6685,,,1,30,,1312,6685,,,1,100,,1298,6685,,,1,98,,1288,6685,,,1,100,,1292,6685,,,1
401,'F9',712,,1323,6685,,,1,30,,1337,6685,,,1,70,,1326,6685,,,1,32,,1328,6685,,,1,70,,1324,6685,,,1,30,,1338,6685,,,1,70,,1341,6685,,,1,30,,1329,6685,,,1,70,,1346,6685,,,1,30,,1322,6685,,,1,71,,1348,6685,,,1,30,,1343,6685,,,1,70,,1352,6685,,,1,30,,1321,6685,,,1,70,,1330,6685,,,1,30,,1347,6685,,,1,70,,1342,6685,,,1,30,,1353,6685,,,1,70,,1350,6685,,,1,30,,1345,6685,,,1,70,,1344,6685,,,1,30,,1355,6685,,,1,69,,1340,6685,,,1,30,,1331,6685,,,1,70,,1351,6685,,,1,30,,1354,6685,,,1,70,,1332,6685,,,1,30,,1349,6685,,,1,70,,1339,6685,,,1,100,,1334,6685,,,1,100,,1333,6685,,,1,100,,1335,6685,,,1
401,'SA',712,,1358,6685,,,1,30,,1372,6685,,,1,70,,1361,6685,,,1,32,,1363,6685,,,1,70,,1359,6685,,,1,30,,1373,6685,,,1,70,,1376,6685,,,1,30,,1364,6685,,,1,70,,1381,6685,,,1,30,,1357,6685,,,1,71,,1383,6685,,,1,30,,1378,6685,,,1,70,,1387,6685,,,1,30,,1356,6685,,,1,70,,1365,6685,,,1,30,,1382,6685,,,1,70,,1377,6685,,,1,30,,1388,6685,,,1,70,,1385,6685,,,1,30,,1380,6685,,,1,70,,1379,6685,,,1,30,,1390,6685,,,1,69,,1375,6685,,,1,30,,1366,6685,,,1,70,,1386,6685,,,1,30,,1389,6685,,,1,70,,1367,6685,,,1,30,,1384,6685,,,1,70,,1374,6685,,,1,100,,1369,6685,,,1,100,,1368,6685,,,1,100,,1370,6685,,,1
401,'SE',627,,1392,6685,,,1,21,,1403,6685,,,1,71,,1415,6685,,,1,34,,1395,6685,,,1,73,,1424,6685,,,1,30,,1405,6685,,,1,72,,1418,6685,,,1,30,,1417,6685,,,1,70,,1391,6685,,,1,30,,1423,6685,,,1,70,,1410,6685,,,1,30,,1394,6685,,,1,71,,1416,6685,,,1,72,,1413,6685,,,1,30,,1411,6685,,,1,70,,1430,6685,,,1,26,,1428,6685,,,1,74,,1407,6685,,,1,15,,1420,6685,,,1,23,,1399,6685,,,1,61,,1412,6685,,,1,19,,1406,6685,,,1,20,,1401,6685,,,1,63,,1427,6685,,,1,17,,1400,6685,,,1,20,,1419,6685,,,1,64,,1404,6685,,,1,16,,1421,6685,,,1,27,,1414,6685,,,1,70,,1429,6685,,,1,27,,1425,6685,,,1,69,,1397,6685,,,1,30,,1409,6685,,,1,70,,1426,6685,,,1,30,,1422,6685,,,1,100,,1408,6685,,,1,98,,1398,6685,,,1,100,,1402,6685,,,1
5400,'DI',706,,10423,6792,,,1,100,,10437,6792,,,1,101,,10424,6792,,,1,102,,10420,6792,,,1,100,,10434,6792,,,1,100,,10417,6792,,,1,31,,10440,6792,,,1,70,,10425,6792,,,1,30,,10435,6792,,,1,70,,10442,6792,,,1,30,,10426,6792,,,1,70,,10436,6792,,,1,30,,10418,6792,,,1,70,,10438,6792,,,1,30,,10439,6792,,,1,70,,10427,6792,,,1,29,,10419,6792,,,1,73,,10441,6792,,,1,34,,10428,6792,,,1,63,,10421,6792,,,1,100,,10422,6792,,,1,100,,10429,6792,,,1,100,,10430,6792,,,1,100,,10431,6792,,,1,99,,10432,6792,,,1,100,,10433,6792,,,1
5400,'F1',706,,10454,6792,,,1,30,,10450,6792,,,1,70,,10470,6792,,,1,31,,10449,6792,,,1,70,,10443,6792,,,1,32,,10446,6792,,,1,70,,10462,6792,,,1,30,,10467,6792,,,1,70,,10444,6792,,,1,30,,10463,6792,,,1,70,,10447,6792,,,1,31,,10468,6792,,,1,70,,10451,6792,,,1,30,,10448,6792,,,1,70,,10445,6792,,,1,30,,10469,6792,,,1,70,,10471,6792,,,1,30,,10464,6792,,,1,70,,10452,6792,,,1,30,,10472,6792,,,1,70,,10465,6792,,,1,29,,10453,6792,,,1,73,,10473,6792,,,1,30,,10466,6792,,,1,67,,10455,6792,,,1,100,,10456,6792,,,1,100,,10457,6792,,,1,100,,10458,6792,,,1,100,,10459,6792,,,1,99,,10460,6792,,,1,100,,10461,6792,,,1
5400,'F7',706,,10480,6792,,,1,100,,10494,6792,,,1,101,,10481,6792,,,1,102,,10477,6792,,,1,100,,10491,6792,,,1,100,,10474,6792,,,1,31,,10497,6792,,,1,70,,10482,6792,,,1,30,,10492,6792,,,1,70,,10499,6792,,,1,30,,10483,6792,,,1,70,,10493,6792,,,1,30,,10475,6792,,,1,70,,10495,6792,,,1,30,,10496,6792,,,1,70,,10484,6792,,,1,29,,10476,6792,,,1,73,,10498,6792,,,1,34,,10485,6792,,,1,63,,10478,6792,,,1,100,,10479,6792,,,1,100,,10486,6792,,,1,100,,10487,6792,,,1,100,,10488,6792,,,1,99,,10489,6792,,,1,100,,10490,6792,,,1
5400,'F8',700,,10504,6792,,,1,36,,10522,6792,,,1,71,,10524,6792,,,1,34,,10503,6792,,,1,72,,10526,6792,,,1,30,,10525,6792,,,1,70,,10515,6792,,,1,30,,10519,6792,,,1,70,,10500,6792,,,1,30,,10501,6792,,,1,70,,10505,6792,,,1,30,,10506,6792,,,1,71,,10532,6792,,,1,30,,10516,6792,,,1,70,,10507,6792,,,1,30,,10531,6792,,,1,66,,10509,6792,,,1,27,,10508,6792,,,1,70,,10517,6792,,,1,30,,10533,6792,,,1,74,,10510,6792,,,1,23,,10527,6792,,,1,75,,10502,6792,,,1,28,,10513,6792,,,1,75,,10530,6792,,,1,29,,10511,6792,,,1,68,,10523,6792,,,1,30,,10518,6792,,,1,70,,10528,6792,,,1,30,,10514,6792,,,1,68,,10520,6792,,,1,100,,10512,6792,,,1,99,,10529,6792,,,1,100,,10521,6792,,,1
5400,'F9',706,,10545,6792,,,1,30,,10541,6792,,,1,70,,10561,6792,,,1,31,,10540,6792,,,1,70,,10534,6792,,,1,32,,10537,6792,,,1,70,,10553,6792,,,1,30,,10558,6792,,,1,70,,10535,6792,,,1,30,,10554,6792,,,1,70,,10538,6792,,,1,31,,10559,6792,,,1,70,,10542,6792,,,1,30,,10539,6792,,,1,70,,10536,6792,,,1,30,,10560,6792,,,1,70,,10562,6792,,,1,30,,10555,6792,,,1,70,,10543,6792,,,1,30,,10563,6792,,,1,70,,10556,6792,,,1,29,,10544,6792,,,1,73,,10564,6792,,,1,30,,10557,6792,,,1,67,,10546,6792,,,1,100,,10547,6792,,,1,100,,10548,6792,,,1,100,,10549,6792,,,1,100,,10550,6792,,,1,99,,10551,6792,,,1,100,,10552,6792,,,1
5400,'SA',706,,10576,6792,,,1,30,,10572,6792,,,1,70,,10592,6792,,,1,31,,10571,6792,,,1,70,,10565,6792,,,1,32,,10568,6792,,,1,70,,10584,6792,,,1,30,,10589,6792,,,1,70,,10566,6792,,,1,30,,10585,6792,,,1,70,,10569,6792,,,1,31,,10590,6792,,,1,70,,10573,6792,,,1,30,,10570,6792,,,1,70,,10567,6792,,,1,30,,10591,6792,,,1,70,,10593,6792,,,1,30,,10586,6792,,,1,70,,10574,6792,,,1,30,,10594,6792,,,1,70,,10587,6792,,,1,29,,10575,6792,,,1,73,,10595,6792,,,1,30,,10588,6792,,,1,67,,10577,6792,,,1,100,,10578,6792,,,1,100,,10579,6792,,,1,100,,10580,6792,,,1,100,,10581,6792,,,1,99,,10582,6792,,,1,100,,10583,6792,,,1
5400,'SE',700,,10600,6792,,,1,36,,10618,6792,,,1,71,,10620,6792,,,1,34,,10599,6792,,,1,72,,10622,6792,,,1,30,,10621,6792,,,1,70,,10611,6792,,,1,30,,10615,6792,,,1,70,,10596,6792,,,1,30,,10597,6792,,,1,70,,10601,6792,,,1,30,,10602,6792,,,1,71,,10628,6792,,,1,30,,10612,6792,,,1,70,,10603,6792,,,1,30,,10627,6792,,,1,66,,10605,6792,,,1,27,,10604,6792,,,1,70,,10613,6792,,,1,30,,10629,6792,,,1,74,,10606,6792,,,1,23,,10623,6792,,,1,75,,10598,6792,,,1,28,,10609,6792,,,1,75,,10626,6792,,,1,29,,10607,6792,,,1,68,,10619,6792,,,1,30,,10614,6792,,,1,70,,10624,6792,,,1,30,,10610,6792,,,1,68,,10616,6792,,,1,100,,10608,6792,,,1,99,,10625,6792,,,1,100,,10617,6792,,,1
5901,'F8',603,,10927,9311,,,2,30,,10930,9311,,,2,72,,10928,9311,,,2,20,,10931,9311,,,2,20,,10929,9311,,,2,69,,10932,9311,,,2
5901,'SE',603,,10937,9311,,,2,30,,10940,9311,,,2,72,,10938,9311,,,2,20,,10941,9311,,,2,20,,10939,9311,,,2,69,,10942,9311,,,2
7700,'DI',721,,13501,8343,0,21 22 23,1,100,,13504,8343,0,21 22 23,1,100,,13499,8343,0,21 22 23,1,100,,13505,8343,0,21 22 23,1,100,,13500,8343,0,21 22 23,1,100,,13506,8343,0,21 22 23,1,100,,13503,8343,0,21 22 23,1,100,,13507,8343,0,21 22 23,1,100,,13502,8343,0,21 22 23,1,100,,13508,8343,0,21 22 23,1,100,,13509,8343,0,21 22 23,1,100,,13510,8343,0,21 22 23,1,99,,13512,8343,0,21 22 23,1,100,,13511,8343,0,21 22 23,1,100,,13513,8343,0,21 22 23,1
7700,'F1',721,,13515,8343,0,21 22 23,1,100,,13517,8343,0,21 22 23,1,100,,13518,8343,0,21 22 23,1,100,,13514,8343,0,21 22 23,1,100,,13516,8343,0,21 22 23,1,100,,13519,8343,0,21 22 23,1,100,,13521,8343,0,21 22 23,1,97,,13520,8343,0,21 22 23,1,103,,13522,8343,0,21 22 23,1,99,,13524,8343,0,21 22 23,1,101,,13523,8343,0,21 22 23,1,100,,13525,8343,0,21 22 23,1,99,,13526,8343,0,21 22 23,1,100,,13528,8343,0,21 22 23,1,100,,13527,8343,0,21 22 23,1
7700,'F7',721,,13531,8343,0,21 22 23,1,100,,13534,8343,0,21 22 23,1,100,,13529,8343,0,21 22 23,1,100,,13535,8343,0,21 22 23,1,100,,13530,8343,0,21 22 23,1,100,,13536,8343,0,21 22 23,1,100,,13533,8343,0,21 22 23,1,100,,13537,8343,0,21 22 23,1,100,,13532,8343,0,21 22 23,1,100,,13538,8343,0,21 22 23,1,100,,13539,8343,0,21 22 23,1,100,,13540,8343,0,21 22 23,1,99,,13542,8343,0,21 22 23,1,100,,13541,8343,0,21 22 23,1,100,,13543,8343,0,21 22 23,1
7700,'F8',611,,13546,8343,0,21 22 23,1,15,,13547,8343,0,21 22 23,1,20,,13548,8343,0,21 22 23,1,58,,13553,8343,0,21 22 23,1,29,,13556,8343,0,21 22 23,1,23,,13551,8343,0,21 22 23,1,62,,13555,8343,0,21 22 23,1,15,,13549,8343,0,21 22 23,1,71,,13554,8343,0,21 22 23,1,30,,13557,8343,0,21 22 23,1,70,,13552,8343,0,21 22 23,1,30,,13550,8343,0,21 22 23,1,70,,13559,8343,0,21 22 23,1,30,,13558,8343,0,21 22 23,1,70,,13561,8343,0,21 22 23,1,31,,13564,8343,0,21 22 23,1,73,,13560,8343,0,21 22 23,1,30,,13566,8343,0,21 22 23,1,70,,13562,8343,0,21 22 23,1,27,,13569,8343,0,21 22 23,1,20,,13572,8343,0,21 22 23,1,60,,13575,8343,0,21 22 23,1,20,,13567,8343,0,21 22 23,1,5,,13577,8343,0,21 22 23,1,15,,13563,8343,0,21 22 23,1,59,,13581,8343,0,21 22 23,1,18,,13570,8343,0,21 22 23,1,18,,13573,8343,0,21 22 23,1,57,,13576,8343,0,21 22 23,1,18,,13565,8343,0,21 22 23,1,18,,13568,8343,0,21 22 23,1,60,,13582,8343,0,21 22 23,1,18,,13544,8343,0,21 22 23,1,2,,13571,8343,0,21 22 23,1,19,,13574,8343,0,21 22 23,1,16,,13583,8343,0,21 22 23,1,70,,13578,8343,0,21 22 23,1,72,,13545,8343,0,21 22 23,1,31,,13580,8343,0,21 22 23,1,27,,13584,8343,0,21 22 23,1,70,,13579,8343,0,21 22 23,1
7700,'F9',721,,13586,8343,0,21 22 23,1,100,,13588,8343,0,21 22 23,1,100,,13589,8343,0,21 22 23,1,100,,13585,8343,0,21 22 23,1,100,,13587,8343,0,21 22 23,1,100,,13590,8343,0,21 22 23,1,100,,13592,8343,0,21 22 23,1,97,,13591,8343,0,21 22 23,1,103,,13593,8343,0,21 22 23,1,99,,13595,8343,0,21 22 23,1,101,,13594,8343,0,21 22 23,1,100,,13596,8343,0,21 22 23,1,99,,13597,8343,0,21 22 23,1,100,,13599,8343,0,21 22 23,1,100,,13598,8343,0,21 22 23,1
7700,'SA',721,,13601,8343,0,21 22 23,1,100,,13603,8343,0,21 22 23,1,100,,13604,8343,0,21 22 23,1,100,,13600,8343,0,21 22 23,1,100,,13602,8343,0,21 22 23,1,100,,13605,8343,0,21 22 23,1,100,,13607,8343,0,21 22 23,1,97,,13606,8343,0,21 22 23,1,103,,13608,8343,0,21 22 23,1,99,,13610,8343,0,21 22 23,1,101,,13609,8343,0,21 22 23,1,100,,13611,8343,0,21 22 23,1,99,,13612,8343,0,21 22 23,1,100,,13614,8343,0,21 22 23,1,100,,13613,8343,0,21 22 23,1
7700,'SE',611,,13617,8343,0,21 22 23,1,15,,13618,8343,0,21 22 23,1,20,,13619,8343,0,21 22 23,1,58,,13624,8343,0,21 22 23,1,29,,13627,8343,0,21 22 23,1,23,,13622,8343,0,21 22 23,1,62,,13626,8343,0,21 22 23,1,15,,13620,8343,0,21 22 23,1,71,,13625,8343,0,21 22 23,1,30,,13628,8343,0,21 22 23,1,70,,13623,8343,0,21 22 23,1,30,,13621,8343,0,21 22 23,1,70,,13630,8343,0,21 22 23,1,30,,13629,8343,0,21 22 23,1,70,,13632,8343,0,21 22 23,1,31,,13635,8343,0,21 22 23,1,73,,13631,8343,0,21 22 23,1,30,,13637,8343,0,21 22 23,1,70,,13633,8343,0,21 22 23,1,27,,13640,8343,0,21 22 23,1,20,,13643,8343,0,21 22 23,1,60,,13646,8343,0,21 22 23,1,20,,13638,8343,0,21 22 23,1,5,,13648,8343,0,21 22 23,1,15,,13634,8343,0,21 22 23,1,59,,13652,8343,0,21 22 23,1,18,,13641,8343,0,21 22 23,1,18,,13644,8343,0,21 22 23,1,57,,13647,8343,0,21 22 23,1,18,,13636,8343,0,21 22 23,1,18,,13639,8343,0,21 22 23,1,60,,13653,8343,0,21 22 23,1,18,,13615,8343,0,21 22 23,1,2,,13642,8343,0,21 22 23,1,19,,13645,8343,0,21 22 23,1,16,,13654,8343,0,21 22 23,1,70,,13649,8343,0,21 22 23,1,72,,13616,8343,0,21 22 23,1,31,,13651,8343,0,21 22 23,1,27,,13655,8343,0,21 22 23,1,70,,13650,8343,0,21 22 23,1
