9800,'F7',625,,37218,8989,,,2,34,,37219,8989,,,2,63,,37214,8989,,,2,36,,37213,8989,,,2,68,,37217,8989,,,2,30,,37212,8989,,,2,72,,37216,8989,,,2,523,,37215,8989,,,2,865,,37220,8989,,,2
9800,'SE',625,,37227,8989,,,2,34,,37228,8989,,,2,63,,37223,8989,,,2,36,,37222,8989,,,2,68,,37226,8989,,,2,30,,37221,8989,,,2,72,,37225,8989,,,2,523,,37224,8989,,,2,865,,37229,8989,,,2
9900,'DI',822,,37260,8989,0,19 20,2,100,,37256,8989,0,19 20,2,100,,37248,8989,0,19 20,2,100,,37253,8989,0,19 20,2,100,,37246,8989,0,19 20,2,100,,37249,8989,0,19 20,2,100,,37261,8989,0,19 20,2,100,,37258,8989,0,19 20,2,100,,37255,8989,0,19 20,2,100,,37257,8989,0,19 20,2,104,,37252,8989,0,19 20,2,96,,37250,8989,0,19 20,2,100,,37251,8989,0,19 20,2,100,,37259,8989,0,19 20,2,100,,37262,8989,0,19 20,2,100,,37254,8989,0,19 20,2,100,,37247,8989,0,19 20,2
9900,'F1',717,,37275,8989,0,19 20,2,105,,37267,8989,0,19 20,2,98,,37264,8989,0,19 20,2,102,,15589,8989,0,19 20,2,100,,37272,8989,0,19 20,2,100,,37263,8989,0,19 20,2,100,,37274,8989,0,19 20,2,100,,37278,8989,0,19 20,2,98,,37273,8989,0,19 20,2,102,,37265,8989,0,19 20,2,100,,37279,8989,0,19 20,2,100,,37276,8989,0,19 20,2,100,,37271,8989,0,19 20,2,100,,37269,8989,0,19 20,2,100,,37277,8989,0,19 20,2,100,,37268,8989,0,19 20,2,100,,37280,8989,0,19 20,2,100,,37270,8989,0,19 20,2,100,,37266,8989,0,19 20,2
9900,'F2',717,,37285,8989,0,19 20,2,105,,37284,8989,0,19 20,2,98,,37296,8989,0,19 20,2,102,,37286,8989,0,19 20,2,100,,37292,8989,0,19 20,2,100,,37297,8989,0,19 20,2,100,,37287,8989,0,19 20,2,100,,37291,8989,0,19 20,2,98,,37288,8989,0,19 20,2,102,,37293,8989,0,19 20,2,100,,37298,8989,0,19 20,2,100,,37282,8989,0,19 20,2,100,,37289,8989,0,19 20,2,100,,37294,8989,0,19 20,2,100,,37283,8989,0,19 20,2,100,,37290,8989,0,19 20,2,100,,37281,8989,0,19 20,2,100,,37295,8989,0,19 20,2,100,,37299,8989,0,19 20,2
9900,'F7',716,,37311,8989,0,19 20,2,36,,37309,8989,0,19 20,2,70,,37301,8989,0,19 20,2,99,,37310,8989,0,19 20,2,100,,37302,8989,0,19 20,2,100,,37300,8989,0,19 20,2,100,,37303,8989,0,19 20,2,100,,37305,8989,0,19 20,2,98,,37312,8989,0,19 20,2,97,,37313,8989,0,19 20,2,37,,37319,8989,,,2,66,,37322,8989,,,2,37,,37318,8989,,,2,69,,37320,8989,,,2,27,,37321,8989,,,2,71,,37304,8989,0,19 20,2,98,,37307,8989,0,19 20,2,100,,37306,8989,0,19 20,2,100,,37314,8989,0,19 20,2,100,,37316,8989,0,19 20,2,100,,37308,8989,0,19 20,2,100,,37315,8989,0,19 20,2,100,,37317,8989,0,19 20,2
9900,'F8',717,,37327,8989,0,19 20,2,105,,37326,8989,0,19 20,2,98,,37338,8989,0,19 20,2,102,,37328,8989,0,19 20,2,100,,37334,8989,0,19 20,2,100,,37339,8989,0,19 20,2,100,,37329,8989,0,19 20,2,100,,37333,8989,0,19 20,2,98,,37330,8989,0,19 20,2,102,,37335,8989,0,19 20,2,100,,37340,8989,0,19 20,2,100,,37324,8989,0,19 20,2,100,,37331,8989,0,19 20,2,100,,37336,8989,0,19 20,2,100,,37325,8989,0,19 20,2,100,,37332,8989,0,19 20,2,100,,37323,8989,0,19 20,2,100,,37337,8989,0,19 20,2,100,,37341,8989,0,19 20,2
9900,'F9',822,,37356,8989,0,19 20,2,100,,37352,8989,0,19 20,2,100,,37344,8989,0,19 20,2,100,,37349,8989,0,19 20,2,100,,37342,8989,0,19 20,2,100,,37345,8989,0,19 20,2,100,,37357,8989,0,19 20,2,100,,37354,8989,0,19 20,2,100,,37351,8989,0,19 20,2,100,,37353,8989,0,19 20,2,104,,37348,8989,0,19 20,2,96,,37346,8989,0,19 20,2,100,,37347,8989,0,19 20,2,100,,37355,8989,0,19 20,2,100,,37358,8989,0,19 20,2,100,,37350,8989,0,19 20,2,100,,37343,8989,0,19 20,2
9900,'SA',717,,37363,8989,0,19 20,2,105,,37362,8989,0,19 20,2,98,,37374,8989,0,19 20,2,102,,37364,8989,0,19 20,2,100,,37370,8989,0,19 20,2,100,,37375,8989,0,19 20,2,100,,37365,8989,0,19 20,2,100,,37369,8989,0,19 20,2,98,,37366,8989,0,19 20,2,102,,37371,8989,0,19 20,2,100,,37376,8989,0,19 20,2,100,,37360,8989,0,19 20,2,100,,37367,8989,0,19 20,2,100,,37372,8989,0,19 20,2,100,,37361,8989,0,19 20,2,100,,37368,8989,0,19 20,2,100,,37359,8989,0,19 20,2,100,,37373,8989,0,19 20,2,100,,37377,8989,0,19 20,2
9900,'SE',716,,37389,8989,0,19 20,2,36,,37387,8989,0,19 20,2,70,,37379,8989,0,19 20,2,99,,37388,8989,0,19 20,2,100,,37380,8989,0,19 20,2,100,,37378,8989,0,19 20,2,100,,37381,8989,0,19 20,2,100,,37383,8989,0,19 20,2,98,,37390,8989,0,19 20,2,97,,37391,8989,0,19 20,2,37,,37397,8989,,,2,66,,37400,8989,,,2,37,,37396,8989,,,2,69,,37398,8989,,,2,27,,37399,8989,,,2,71,,37382,8989,0,19 20,2,98,,37385,8989,0,19 20,2,100,,37384,8989,0,19 20,2,100,,37392,8989,0,19 20,2,100,,37394,8989,0,19 20,2,100,,37386,8989,0,19 20,2,100,,37393,8989,0,19 20,2,100,,37395,8989,0,19 20,2
19900,'F7',1607,,38995,8989,,,2,30,,38994,8989,,,2,72,,38991,8989,,,2,28,,38992,8989,,,2,69,,38996,8989,,,2,30,,38993,8989,,,2
19900,'SE',1607,,39001,8989,,,2,30,,39000,8989,,,2,72,,38997,8989,,,2,28,,38998,8989,,,2,69,,39002,8989,,,2,30,,38999,8989,,,2
