1000,'DI',621,,1776,,,1,27,,1750,,,1,70,,1777,,,1,30,,1749,,,1,70,,1760,,,1,38,,1751,,,1,70,,1761,,,1,30,,1752,,,1,70,,1762,,,1,30,,1778,,,1,70,,1763,,,1,30,,1779,,,1,70,,1769,,,1,30,,1780,,,1,70,,1770,,,1,30,,1764,,,1,70,,1771,,,1,30,,1765,,,1,70,,1772,,,1,30,,1766,,,1,70,,1773,,,1,30,,1767,,,1,70,,1774,,,1,30,,1768,,,1,70,,1775,,,1,81,,1753,,,1,100,,1754,,,1,100,,1755,,,1,100,,1756,,,1,100,,1757,,,1,100,,1758,,,1,100,,1759,,,1
1000,'F1',521,,1812,,,1,96,,1813,,,1,30,,1796,,,1,70,,1789,,,1,30,,1797,,,1,70,,1810,,,1,38,,1795,,,1,70,,1781,,,1,30,,1798,,,1,70,,1782,,,1,30,,1790,,,1,70,,1783,,,1,30,,1803,,,1,72,,1811,,,1,30,,1804,,,1,70,,1784,,,1,30,,1805,,,1,70,,1785,,,1,30,,1806,,,1,70,,1786,,,1,30,,1807,,,1,70,,1787,,,1,29,,1808,,,1,71,,1788,,,1,30,,1809,,,1,70,,1799,,,1,81,,1791,,,1,100,,1792,,,1,100,,1793,,,1,100,,1794,,,1,100,,1800,,,1,100,,1801,,,1,100,,1802,,,1
1000,'F7',621,,12197,,,1,27,,12171,,,1,70,,12198,,,1,30,,12170,,,1,70,,12181,,,1,38,,12172,,,1,70,,12182,,,1,30,,12173,,,1,70,,12183,,,1,30,,12199,,,1,70,,12184,,,1,30,,12200,,,1,70,,12190,,,1,30,,12201,,,1,70,,12191,,,1,30,,12185,,,1,70,,12192,,,1,30,,12186,,,1,70,,12193,,,1,30,,12187,,,1,70,,12194,,,1,30,,12188,,,1,70,,12195,,,1,30,,12189,,,1,70,,12196,,,1,81,,12174,,,1,100,,12175,,,1,100,,12176,,,1,100,,12177,,,1,100,,12178,,,1,100,,12179,,,1,100,,12180,,,1
1000,'F9',521,,12233,,,1,96,,12234,,,1,30,,12217,,,1,70,,12210,,,1,30,,12218,,,1,70,,12231,,,1,38,,12216,,,1,70,,12202,,,1,30,,12219,,,1,70,,12203,,,1,30,,12211,,,1,70,,12204,,,1,30,,12224,,,1,72,,12232,,,1,30,,12225,,,1,70,,12205,,,1,30,,12226,,,1,70,,12206,,,1,30,,12227,,,1,70,,12207,,,1,30,,12228,,,1,70,,12208,,,1,29,,12229,,,1,71,,12209,,,1,30,,12230,,,1,70,,12220,,,1,81,,12212,,,1,100,,12213,,,1,100,,12214,,,1,100,,12215,,,1,100,,12221,,,1,100,,12222,,,1,100,,12223,,,1
1000,'SA',521,,1845,,,1,96,,1846,,,1,30,,1829,,,1,70,,1822,,,1,30,,1830,,,1,70,,1843,,,1,38,,1828,,,1,70,,1814,,,1,30,,1831,,,1,70,,1815,,,1,30,,1823,,,1,70,,1816,,,1,30,,1836,,,1,72,,1844,,,1,30,,1837,,,1,70,,1817,,,1,30,,1838,,,1,70,,1818,,,1,30,,1839,,,1,70,,1819,,,1,30,,1840,,,1,70,,1820,,,1,29,,1841,,,1,71,,1821,,,1,30,,1842,,,1,70,,1832,,,1,81,,1824,,,1,100,,1825,,,1,100,,1826,,,1,100,,1827,,,1,100,,1833,,,1,100,,1834,,,1,100,,1835,,,1
1700,'DI',642,,2719,4,,1,100,,2726,4,,1,70,,2707,4,,1,30,,2721,4,,1,70,,2712,4,,1,30,,2720,4,,1,70,,2716,4,,1,30,,2727,4,,1,70,,2703,4,,1,30,,2722,4,,1,70,,2730,4,,1,30,,2728,4,,1,70,,2709,4,,1,30,,2717,4,,1,70,,2713,4,,1,30,,2723,4,,1,70,,2710,4,,1,29,,2704,4,,1,70,,2700,4,,1,31,,2705,4,,1,70,,2701,4,,1,30,,2714,4,,1,71,,2702,4,,1,30,,2715,4,,1,99,,2724,4,,1,100,,2711,4,,1,100,,2729,4,,1,100,,2725,4,,1,100,,2708,4,,1,100,,2706,4,,1,100,,2718,4,,1
1700,'F1',642,,2749,4,,1,100,,2735,4,,1,70,,2750,4,,1,30,,2744,4,,1,70,,2756,4,,1,30,,2757,4,,1,70,,2743,4,,1,30,,2745,4,,1,70,,2736,4,,1,30,,2759,4,,1,70,,2742,4,,1,30,,2746,4,,1,70,,2738,4,,1,30,,2760,4,,1,70,,2751,4,,1,30,,2758,4,,1,70,,2741,4,,1,30,,2747,4,,1,70,,2731,4,,1,29,,2739,4,,1,70,,2752,4,,1,31,,2734,4,,1,70,,2753,4,,1,31,,2748,4,,1,99,,2737,4,,1,100,,2755,4,,1,100,,2740,4,,1,100,,2732,4,,1,100,,2761,4,,1,100,,2733,4,,1,100,,2754,4,,1
1700,'F7',642,,12932,4,,1,100,,12939,4,,1,70,,12920,4,,1,30,,12934,4,,1,70,,12925,4,,1,30,,12933,4,,1,70,,12929,4,,1,30,,12940,4,,1,70,,12916,4,,1,30,,12935,4,,1,70,,12943,4,,1,30,,12941,4,,1,70,,12922,4,,1,30,,12930,4,,1,70,,12926,4,,1,30,,12936,4,,1,70,,12923,4,,1,29,,12917,4,,1,70,,12913,4,,1,31,,12918,4,,1,70,,12914,4,,1,30,,12927,4,,1,71,,12915,4,,1,30,,12928,4,,1,99,,12937,4,,1,100,,12924,4,,1,100,,12942,4,,1,100,,12938,4,,1,100,,12921,4,,1,100,,12919,4,,1,100,,12931,4,,1
1700,'F9',642,,12962,4,,1,100,,12948,4,,1,70,,12963,4,,1,30,,12957,4,,1,70,,12969,4,,1,30,,12970,4,,1,70,,12956,4,,1,30,,12958,4,,1,70,,12949,4,,1,30,,12972,4,,1,70,,12955,4,,1,30,,12959,4,,1,70,,12951,4,,1,30,,12973,4,,1,70,,12964,4,,1,30,,12971,4,,1,70,,12954,4,,1,30,,12960,4,,1,70,,12944,4,,1,29,,12952,4,,1,70,,12965,4,,1,31,,12947,4,,1,70,,12966,4,,1,31,,12961,4,,1,99,,12950,4,,1,100,,12968,4,,1,100,,12953,4,,1,100,,12945,4,,1,100,,12974,4,,1,100,,12946,4,,1,100,,12967,4,,1
1700,'SA',642,,2780,4,,1,100,,2766,4,,1,70,,2781,4,,1,30,,2775,4,,1,70,,2787,4,,1,30,,2788,4,,1,70,,2774,4,,1,30,,2776,4,,1,70,,2767,4,,1,30,,2790,4,,1,70,,2773,4,,1,30,,2777,4,,1,70,,2769,4,,1,30,,2791,4,,1,70,,2782,4,,1,30,,2789,4,,1,70,,2772,4,,1,30,,2778,4,,1,70,,2762,4,,1,29,,2770,4,,1,70,,2783,4,,1,31,,2765,4,,1,70,,2784,4,,1,31,,2779,4,,1,99,,2768,4,,1,100,,2786,4,,1,100,,2771,4,,1,100,,2763,4,,1,100,,2792,4,,1,100,,2764,4,,1,100,,2785,4,,1
1701,'DI',542,,2815,0,16 17 43,1,100,,2813,0,16 17 43,1,70,,2805,0,16 17 43,1,30,,2821,0,16 17 43,1,70,,2800,0,16 17 43,1,30,,2816,0,16 17 43,1,70,,2806,0,16 17 43,1,30,,2814,0,16 17 43,1,70,,2810,0,16 17 43,1,30,,2822,0,16 17 43,1,70,,2796,0,16 17 43,1,30,,2817,0,16 17 43,1,70,,2825,0,16 17 43,1,30,,2823,0,16 17 43,1,70,,2802,0,16 17 43,1,30,,2811,0,16 17 43,1,70,,2807,0,16 17 43,1,30,,2818,0,16 17 43,1,70,,2803,0,16 17 43,1,29,,2797,0,16 17 43,1,70,,2793,0,16 17 43,1,31,,2798,0,16 17 43,1,70,,2794,0,16 17 43,1,30,,2808,0,16 17 43,1,71,,2795,0,16 17 43,1,30,,2809,0,16 17 43,1,99,,2819,0,16 17 43,1,100,,2804,0,16 17 43,1,100,,2824,0,16 17 43,1,100,,2820,0,16 17 43,1,100,,2801,0,16 17 43,1,100,,2799,0,16 17 43,1,100,,2812,0,16 17 43,1
1701,'F1',542,,2855,0,16 17 43,1,100,,2845,0,16 17 43,1,70,,2837,0,16 17 43,1,30,,2830,0,16 17 43,1,70,,2846,0,16 17 43,1,30,,2840,0,16 17 43,1,70,,2852,0,16 17 43,1,30,,2853,0,16 17 43,1,70,,2839,0,16 17 43,1,30,,2841,0,16 17 43,1,70,,2831,0,16 17 43,1,30,,2856,0,16 17 43,1,70,,2838,0,16 17 43,1,30,,2842,0,16 17 43,1,70,,2833,0,16 17 43,1,30,,2857,0,16 17 43,1,70,,2847,0,16 17 43,1,30,,2854,0,16 17 43,1,70,,2836,0,16 17 43,1,30,,2843,0,16 17 43,1,70,,2826,0,16 17 43,1,29,,2834,0,16 17 43,1,70,,2848,0,16 17 43,1,31,,2829,0,16 17 43,1,70,,2849,0,16 17 43,1,31,,2844,0,16 17 43,1,99,,2832,0,16 17 43,1,100,,2851,0,16 17 43,1,100,,2835,0,16 17 43,1,100,,2827,0,16 17 43,1,100,,2858,0,16 17 43,1,100,,2828,0,16 17 43,1,100,,2850,0,16 17 43,1
1701,'F7',542,,12997,0,16 17 43,1,100,,12995,0,16 17 43,1,70,,12987,0,16 17 43,1,30,,13003,0,16 17 43,1,70,,12982,0,16 17 43,1,30,,12998,0,16 17 43,1,70,,12988,0,16 17 43,1,30,,12996,0,16 17 43,1,70,,12992,0,16 17 43,1,30,,13004,0,16 17 43,1,70,,12978,0,16 17 43,1,30,,12999,0,16 17 43,1,70,,13007,0,16 17 43,1,30,,13005,0,16 17 43,1,70,,12984,0,16 17 43,1,30,,12993,0,16 17 43,1,70,,12989,0,16 17 43,1,30,,13000,0,16 17 43,1,70,,12985,0,16 17 43,1,29,,12979,0,16 17 43,1,70,,12975,0,16 17 43,1,31,,12980,0,16 17 43,1,70,,12976,0,16 17 43,1,30,,12990,0,16 17 43,1,71,,12977,0,16 17 43,1,30,,12991,0,16 17 43,1,99,,13001,0,16 17 43,1,100,,12986,0,16 17 43,1,100,,13006,0,16 17 43,1,100,,13002,0,16 17 43,1,100,,12983,0,16 17 43,1,100,,12981,0,16 17 43,1,100,,12994,0,16 17 43,1
1701,'F9',542,,13037,0,16 17 43,1,100,,13027,0,16 17 43,1,70,,13019,0,16 17 43,1,30,,13012,0,16 17 43,1,70,,13028,0,16 17 43,1,30,,13022,0,16 17 43,1,70,,13034,0,16 17 43,1,30,,13035,0,16 17 43,1,70,,13021,0,16 17 43,1,30,,13023,0,16 17 43,1,70,,13013,0,16 17 43,1,30,,13038,0,16 17 43,1,70,,13020,0,16 17 43,1,30,,13024,0,16 17 43,1,70,,13015,0,16 17 43,1,30,,13039,0,16 17 43,1,70,,13029,0,16 17 43,1,30,,13036,0,16 17 43,1,70,,13018,0,16 17 43,1,30,,13025,0,16 17 43,1,70,,13008,0,16 17 43,1,29,,13016,0,16 17 43,1,70,,13030,0,16 17 43,1,31,,13011,0,16 17 43,1,70,,13031,0,16 17 43,1,31,,13026,0,16 17 43,1,99,,13014,0,16 17 43,1,100,,13033,0,16 17 43,1,100,,13017,0,16 17 43,1,100,,13009,0,16 17 43,1,100,,13040,0,16 17 43,1,100,,13010,0,16 17 43,1,100,,13032,0,16 17 43,1
1701,'SA',542,,2888,0,16 17 43,1,100,,2878,0,16 17 43,1,70,,2870,0,16 17 43,1,30,,2863,0,16 17 43,1,70,,2879,0,16 17 43,1,30,,2873,0,16 17 43,1,70,,2885,0,16 17 43,1,30,,2886,0,16 17 43,1,70,,2872,0,16 17 43,1,30,,2874,0,16 17 43,1,70,,2864,0,16 17 43,1,30,,2889,0,16 17 43,1,70,,2871,0,16 17 43,1,30,,2875,0,16 17 43,1,70,,2866,0,16 17 43,1,30,,2890,0,16 17 43,1,70,,2880,0,16 17 43,1,30,,2887,0,16 17 43,1,70,,2869,0,16 17 43,1,30,,2876,0,16 17 43,1,70,,2859,0,16 17 43,1,29,,2867,0,16 17 43,1,70,,2881,0,16 17 43,1,31,,2862,0,16 17 43,1,70,,2882,0,16 17 43,1,31,,2877,0,16 17 43,1,99,,2865,0,16 17 43,1,100,,2884,0,16 17 43,1,100,,2868,0,16 17 43,1,100,,2860,0,16 17 43,1,100,,2891,0,16 17 43,1,100,,2861,0,16 17 43,1,100,,2883,0,16 17 43,1
7600,'F8',453,,16717,,,1,70,,16694,,,1,30,,16712,,,1,64,,16720,,,1,21,,16721,,,1,20,,16713,,,1,57,,16718,,,1,4,,16701,,,1,5,,16696,,,1,17,,16690,,,1,61,,16685,,,1,23,,16691,,,1,26,,16679,,,1,70,,16689,,,1,30,,16680,,,1,70,,16722,,,1,30,,16676,,,1,70,,16684,,,1,30,,16723,,,1,70,,16697,,,1,30,,16719,,,1,70,,16678,,,1,30,,16682,,,1,72,,16687,,,1,34,,16683,,,1,66,,16693,,,1,32,,16711,,,1,71,,16686,,,1,24,,16702,,,1,58,,16688,,,1,20,,16677,,,1,21,,16692,,,1,58,,16698,,,1,20,,16695,,,1,26,,16714,,,1,70,,16681,,,1,30,,16708,,,1,70,,16699,,,1,30,,16703,,,1,70,,16700,,,1,30,,16704,,,1,69,,16715,,,1,30,,16705,,,1,70,,16716,,,1,30,,16706,,,1,70,,16709,,,1,30,,16707,,,1,70,,16710,,,1
7600,'SE',453,,7503,,,1,70,,7480,,,1,30,,7498,,,1,64,,7506,,,1,21,,7507,,,1,20,,7499,,,1,57,,7504,,,1,4,,7487,,,1,5,,7482,,,1,17,,7476,,,1,61,,7471,,,1,23,,7477,,,1,26,,7465,,,1,70,,7475,,,1,30,,7466,,,1,70,,7508,,,1,30,,7462,,,1,70,,7470,,,1,30,,7509,,,1,70,,7483,,,1,30,,7505,,,1,70,,7464,,,1,30,,7468,,,1,72,,7473,,,1,34,,7469,,,1,66,,7479,,,1,32,,7497,,,1,71,,7472,,,1,24,,7488,,,1,58,,7474,,,1,20,,7463,,,1,21,,7478,,,1,58,,7484,,,1,20,,7481,,,1,26,,7500,,,1,70,,7467,,,1,30,,7494,,,1,70,,7485,,,1,30,,7489,,,1,70,,7486,,,1,30,,7490,,,1,69,,7501,,,1,30,,7491,,,1,70,,7502,,,1,30,,7492,,,1,70,,7495,,,1,30,,7493,,,1,70,,7496,,,1
41000,'F8',449,,18486,,,2,70,,18488,,,2,20,,18491,,,2,20,,18478,,,2,60,,18474,,,2,12,,18492,,,2,11,,18475,,,2,7,,18483,,,2,5,,18485,,,2,50,,18476,,,2,6,,18487,,,2,2,,18477,,,2,8,,18484,,,2,3,,18495,,,2,5,,18480,,,2,10,,18493,,,2,13,,18494,,,2,52,,18489,,,2,14,,18481,,,2,16,,18479,,,2,18,,18490,,,2,70,,18482,,,2,30,,18519,,,2,70,,18510,,,2,30,,18512,,,2,70,,18511,,,2,30,,18506,,,2,70,,18496,,,2,30,,18513,,,2,70,,18520,,,2,30,,18507,,,2,71,,18521,,,2,78,,18514,,,2,4,,18532,,,2,1,,18517,,,2,1,,18501,,,2,2,,18536,,,2,17,,18522,,,2,29,,18503,,,2,55,,18533,,,2,15,,18527,,,2,15,,18515,,,2,12,,18530,,,2,50,,18497,,,2,9,,18534,,,2,10,,18499,,,2,10,,18528,,,2,15,,18516,,,2,13,,18531,,,2,57,,18504,,,2,20,,18529,,,2,19,,18500,,,2,70,,18502,,,2,29,,18498,,,2,70,,18535,,,2,30,,18508,,,2,70,,18505,,,2,30,,18518,,,2,70,,18523,,,2,30,,18509,,,2,70,,18524,,,2,100,,18525,,,2,100,,18526,,,2
41000,'SE',449,,9675,,,2,70,,9677,,,2,20,,9680,,,2,20,,9667,,,2,60,,9663,,,2,12,,9681,,,2,11,,9664,,,2,7,,9672,,,2,5,,9674,,,2,50,,9665,,,2,6,,9676,,,2,2,,9666,,,2,8,,9673,,,2,3,,9684,,,2,5,,9669,,,2,10,,9682,,,2,13,,9683,,,2,52,,9678,,,2,14,,9670,,,2,16,,9668,,,2,18,,9679,,,2,70,,9671,,,2,30,,9708,,,2,70,,9699,,,2,30,,9701,,,2,70,,9700,,,2,30,,9695,,,2,70,,9685,,,2,30,,9702,,,2,70,,9709,,,2,30,,9696,,,2,71,,9710,,,2,78,,9703,,,2,4,,9721,,,2,1,,9706,,,2,1,,9690,,,2,2,,9725,,,2,17,,9711,,,2,29,,9692,,,2,55,,9722,,,2,15,,9716,,,2,15,,9704,,,2,12,,9719,,,2,50,,9686,,,2,9,,9723,,,2,10,,9688,,,2,10,,9717,,,2,15,,9705,,,2,13,,9720,,,2,57,,9693,,,2,20,,9718,,,2,19,,9689,,,2,70,,9691,,,2,29,,9687,,,2,70,,9724,,,2,30,,9697,,,2,70,,9694,,,2,30,,9707,,,2,70,,9712,,,2,30,,9698,,,2,70,,9713,,,2,100,,9714,,,2,100,,9715,,,2
41700,'F8',613,,18604,4,,2,18,,18609,4,,2,28,,18602,4,,2,56,,18606,4,,2,6,,18608,4,,2,4,,18600,4,,2,6,,18610,4,,2,8,,18611,4,,2,10,,18605,4,,2,54,,18601,4,,2,12,,18612,4,,2,16,,18613,4,,2,16,,18607,4,,2,64,,18603,4,,2,29,,18629,4,,2,70,,18615,4,,2,30,,18630,4,,2,70,,18616,4,,2,30,,18631,4,,2,70,,18614,4,,2,30,,18632,4,,2,70,,18633,4,,2,30,,18622,4,,2,70,,18634,4,,2,30,,18623,4,,2,69,,18637,4,,2,1,,18620,4,,2,1,,18642,4,,2,1,,18618,4,,2,5,,18635,4,,2,27,,18626,4,,2,62,,18639,4,,2,14,,18636,4,,2,15,,18617,4,,2,12,,18624,4,,2,11,,18619,4,,2,50,,18640,4,,2,10,,18627,4,,2,10,,18625,4,,2,12,,18628,4,,2,13,,18643,4,,2,55,,18641,4,,2,20,,18638,4,,2,20,,18644,4,,2,65,,18650,4,,2,28,,18645,4,,2,70,,18651,4,,2,30,,18646,4,,2,70,,18652,4,,2,30,,18647,4,,2,70,,18653,4,,2,30,,18648,4,,2,70,,18654,4,,2,30,,18649,4,,2,69,,18655,4,,2,30,,18657,4,,2,70,,18656,4,,2,32,,18621,4,,2
41700,'SE',613,,9793,4,,2,18,,9798,4,,2,28,,9791,4,,2,56,,9795,4,,2,6,,9797,4,,2,4,,9789,4,,2,6,,9799,4,,2,8,,9800,4,,2,10,,9794,4,,2,54,,9790,4,,2,12,,9801,4,,2,16,,9802,4,,2,16,,9796,4,,2,64,,9792,4,,2,29,,9818,4,,2,70,,9804,4,,2,30,,9819,4,,2,70,,9805,4,,2,30,,9820,4,,2,70,,9803,4,,2,30,,9821,4,,2,70,,9822,4,,2,30,,9811,4,,2,70,,9823,4,,2,30,,9812,4,,2,69,,9826,4,,2,1,,9809,4,,2,1,,9831,4,,2,1,,9807,4,,2,5,,9824,4,,2,27,,9815,4,,2,62,,9828,4,,2,14,,9825,4,,2,15,,9806,4,,2,12,,9813,4,,2,11,,9808,4,,2,50,,9829,4,,2,10,,9816,4,,2,10,,9814,4,,2,12,,9817,4,,2,13,,9832,4,,2,55,,9830,4,,2,20,,9827,4,,2,20,,9833,4,,2,65,,9839,4,,2,28,,9834,4,,2,70,,9840,4,,2,30,,9835,4,,2,70,,9841,4,,2,30,,9836,4,,2,70,,9842,4,,2,30,,9837,4,,2,70,,9843,4,,2,30,,9838,4,,2,69,,9844,4,,2,30,,9846,4,,2,70,,9845,4,,2,32,,9810,4,,2
41701,'F8',513,,18685,0,16 17 43,2,20,,18687,0,16 17 43,2,20,,18673,0,16 17 43,2,60,,18672,0,16 17 43,2,18,,18688,0,16 17 43,2,13,,18666,0,16 17 43,2,8,,18682,0,16 17 43,2,7,,18662,0,16 17 43,2,48,,18661,0,16 17 43,2,8,,18681,0,16 17 43,2,6,,18686,0,16 17 43,2,4,,18659,0,16 17 43,2,3,,18696,0,16 17 43,2,3,,18689,0,16 17 43,2,8,,18694,0,16 17 43,2,10,,18679,0,16 17 43,2,54,,18660,0,16 17 43,2,12,,18695,0,16 17 43,2,16,,18697,0,16 17 43,2,16,,18683,0,16 17 43,2,64,,18663,0,16 17 43,2,29,,18690,0,16 17 43,2,70,,18664,0,16 17 43,2,30,,18691,0,16 17 43,2,70,,18665,0,16 17 43,2,30,,18692,0,16 17 43,2,70,,18658,0,16 17 43,2,30,,18693,0,16 17 43,2,70,,18698,0,16 17 43,2,30,,18674,0,16 17 43,2,70,,18699,0,16 17 43,2,30,,18675,0,16 17 43,2,69,,18702,0,16 17 43,2,1,,18670,0,16 17 43,2,1,,18707,0,16 17 43,2,1,,18668,0,16 17 43,2,5,,18700,0,16 17 43,2,27,,18678,0,16 17 43,2,62,,18704,0,16 17 43,2,14,,18701,0,16 17 43,2,15,,18667,0,16 17 43,2,12,,18676,0,16 17 43,2,11,,18669,0,16 17 43,2,50,,18705,0,16 17 43,2,10,,18680,0,16 17 43,2,10,,18677,0,16 17 43,2,12,,18684,0,16 17 43,2,13,,18708,0,16 17 43,2,55,,18706,0,16 17 43,2,20,,18703,0,16 17 43,2,20,,18709,0,16 17 43,2,65,,18715,0,16 17 43,2,28,,18710,0,16 17 43,2,70,,18716,0,16 17 43,2,30,,18711,0,16 17 43,2,70,,18717,0,16 17 43,2,30,,18712,0,16 17 43,2,70,,18718,0,16 17 43,2,30,,18713,0,16 17 43,2,70,,18719,0,16 17 43,2,30,,18714,0,16 17 43,2,69,,18720,0,16 17 43,2,30,,18722,0,16 17 43,2,70,,18721,0,16 17 43,2,32,,18671,0,16 17 43,2
41701,'SE',513,,9874,0,16 17 43,2,20,,9876,0,16 17 43,2,20,,9862,0,16 17 43,2,60,,9861,0,16 17 43,2,18,,9877,0,16 17 43,2,13,,9855,0,16 17 43,2,8,,9871,0,16 17 43,2,7,,9851,0,16 17 43,2,48,,9850,0,16 17 43,2,8,,9870,0,16 17 43,2,6,,9875,0,16 17 43,2,4,,9848,0,16 17 43,2,3,,9885,0,16 17 43,2,3,,9878,0,16 17 43,2,8,,9883,0,16 17 43,2,10,,9868,0,16 17 43,2,54,,9849,0,16 17 43,2,12,,9884,0,16 17 43,2,16,,9886,0,16 17 43,2,16,,9872,0,16 17 43,2,64,,9852,0,16 17 43,2,29,,9879,0,16 17 43,2,70,,9853,0,16 17 43,2,30,,9880,0,16 17 43,2,70,,9854,0,16 17 43,2,30,,9881,0,16 17 43,2,70,,9847,0,16 17 43,2,30,,9882,0,16 17 43,2,70,,9887,0,16 17 43,2,30,,9863,0,16 17 43,2,70,,9888,0,16 17 43,2,30,,9864,0,16 17 43,2,69,,9891,0,16 17 43,2,1,,9859,0,16 17 43,2,1,,9896,0,16 17 43,2,1,,9857,0,16 17 43,2,5,,9889,0,16 17 43,2,27,,9867,0,16 17 43,2,62,,9893,0,16 17 43,2,14,,9890,0,16 17 43,2,15,,9856,0,16 17 43,2,12,,9865,0,16 17 43,2,11,,9858,0,16 17 43,2,50,,9894,0,16 17 43,2,10,,9869,0,16 17 43,2,10,,9866,0,16 17 43,2,12,,9873,0,16 17 43,2,13,,9897,0,16 17 43,2,55,,9895,0,16 17 43,2,20,,9892,0,16 17 43,2,20,,9898,0,16 17 43,2,65,,9904,0,16 17 43,2,28,,9899,0,16 17 43,2,70,,9905,0,16 17 43,2,30,,9900,0,16 17 43,2,70,,9906,0,16 17 43,2,30,,9901,0,16 17 43,2,70,,9907,0,16 17 43,2,30,,9902,0,16 17 43,2,70,,9908,0,16 17 43,2,30,,9903,0,16 17 43,2,69,,9909,0,16 17 43,2,30,,9911,0,16 17 43,2,70,,9910,0,16 17 43,2,32,,9860,0,16 17 43,2
67600,'F8',1501,,19262,,,2
67600,'SE',1501,,10561,,,2
