8001,'DI',652,,35550,3641,,,1,100,,35551,3641,,,1,100,,35552,3641,,,1,100,,35553,3641,,,1,100,,35554,3641,,,1,100,,35555,3641,,,1,100,,35556,3641,,,1,100,,35557,3641,,,1,100,,35558,3641,,,1,100,,35559,3641,,,1,100,,35560,3641,,,1,102,,35561,3641,,,1,99,,35562,3641,,,1,100,,35563,3641,,,1,100,,35564,3641,,,1,100,,35565,3641,,,1,100,,35566,3641,,,1,100,,35567,3641,,,1
8001,'F1',653,,35575,3641,,,1,100,,35576,3641,,,1,100,,35577,3641,,,1,100,,35578,3641,,,1,100,,35579,3641,,,1,101,,14023,3641,,,1,100,,35580,3641,,,1,100,,35581,3641,,,1,100,,35582,3641,,,1,100,,35583,3641,,,1,100,,35584,3641,,,1,100,,35585,3641,,,1,98,,35586,3641,,,1,100,,35571,3641,,,1,100,,35572,3641,,,1,100,,35569,3641,,,1,100,,35573,3641,,,1,100,,35570,3641,,,1
8001,'F2',653,,35587,3641,,,1,100,,35588,3641,,,1,100,,35589,3641,,,1,100,,35590,3641,,,1,100,,35591,3641,,,1,101,,35592,3641,,,1,100,,35593,3641,,,1,100,,35594,3641,,,1,100,,35595,3641,,,1,100,,35596,3641,,,1,100,,35597,3641,,,1,100,,35598,3641,,,1,98,,35599,3641,,,1,100,,35600,3641,,,1,100,,35601,3641,,,1,100,,35602,3641,,,1,100,,35603,3641,,,1,100,,35604,3641,,,1
8001,'F7',549,,35628,3641,,,1,70,,35611,3641,,,1,36,,35607,3641,,,1,71,,35610,3641,,,1,30,,35608,3641,,,1,70,,35606,3641,,,1,31,,35629,3641,,,1,97,,35612,3641,,,1,100,,35613,3641,,,1,100,,35614,3641,,,1,100,,35615,3641,,,1,100,,35616,3641,,,1,100,,35617,3641,,,1,102,,35618,3641,,,1,65,,35619,3641,,,1,35,,35630,3641,,,1,70,,35620,3641,,,1,24,,35609,3641,,,1,89,,35621,3641,,,1,92,,35622,3641,,,1,100,,35623,3641,,,1,99,,35624,3641,,,1,100,,35625,3641,,,1,100,,35626,3641,,,1
8001,'F8',653,,35631,3641,,,1,100,,35632,3641,,,1,100,,35633,3641,,,1,100,,35634,3641,,,1,100,,35635,3641,,,1,101,,35636,3641,,,1,100,,35637,3641,,,1,100,,35638,3641,,,1,100,,35639,3641,,,1,100,,35640,3641,,,1,100,,35641,3641,,,1,100,,35642,3641,,,1,98,,35643,3641,,,1,100,,35644,3641,,,1,100,,35645,3641,,,1,100,,35646,3641,,,1,100,,35647,3641,,,1,100,,35648,3641,,,1
8001,'F9',652,,35650,3641,,,1,100,,35651,3641,,,1,100,,35652,3641,,,1,100,,35653,3641,,,1,100,,35654,3641,,,1,100,,35655,3641,,,1,100,,35656,3641,,,1,100,,35657,3641,,,1,100,,35658,3641,,,1,100,,35659,3641,,,1,100,,35660,3641,,,1,102,,35661,3641,,,1,99,,35662,3641,,,1,100,,35663,3641,,,1,100,,35664,3641,,,1,100,,35665,3641,,,1,100,,35666,3641,,,1,100,,35667,3641,,,1
8001,'SA',653,,35669,3641,,,1,100,,35670,3641,,,1,100,,35671,3641,,,1,100,,35672,3641,,,1,100,,35673,3641,,,1,101,,35674,3641,,,1,100,,35675,3641,,,1,100,,35676,3641,,,1,100,,35677,3641,,,1,100,,35678,3641,,,1,100,,35679,3641,,,1,100,,35680,3641,,,1,98,,35681,3641,,,1,100,,35682,3641,,,1,100,,35683,3641,,,1,100,,35684,3641,,,1,100,,35685,3641,,,1,100,,35686,3641,,,1
8001,'SE',549,,35709,3641,,,1,70,,35693,3641,,,1,36,,35689,3641,,,1,71,,35692,3641,,,1,30,,35690,3641,,,1,70,,35688,3641,,,1,31,,35710,3641,,,1,97,,35694,3641,,,1,100,,35695,3641,,,1,100,,35696,3641,,,1,100,,35697,3641,,,1,100,,35698,3641,,,1,100,,35699,3641,,,1,102,,35700,3641,,,1,65,,35701,3641,,,1,35,,35711,3641,,,1,70,,35702,3641,,,1,24,,35691,3641,,,1,89,,35703,3641,,,1,92,,14127,3641,,,1,100,,35704,3641,,,1,99,,35705,3641,,,1,100,,35706,3641,,,1,100,,35707,3641,,,1
8600,'F7',1717,,36629,37153,4,,2,100,,36628,37153,4,,2
8600,'SE',1717,,36631,37153,4,,2,100,,36630,37153,4,,2
18001,'F7',637,,38951,4461,,,2,64,,38955,4461,,,2,13,,38954,4461,,,2,18,,38956,4461,,,2,12,,38953,4461,,,2,58,,38952,4461,,,2,18,,38949,4461,,,2,815,,38958,4461,,,2,71,,38959,4461,,,2,30,,38950,4461,,,2,64,,38957,4461,,,2
18001,'SE',637,,38962,4461,,,2,64,,38966,4461,,,2,13,,38965,4461,,,2,18,,38967,4461,,,2,12,,38964,4461,,,2,58,,38963,4461,,,2,18,,38960,4461,,,2,815,,38969,4461,,,2,71,,38970,4461,,,2,30,,38961,4461,,,2,64,,38968,4461,,,2
