2000,'DI',626,,26261,9816,,,2,100,,26264,9816,,,2,100,,26267,9816,,,2,100,,26259,9816,,,2,100,,26265,9816,,,2,97,,26268,9816,,,2,103,,26269,9816,,,2,100,,26266,9816,,,2,100,,26270,9816,,,2,100,,26262,9816,,,2,97,,26273,9816,,,2,103,,26274,9816,,,2,100,,26263,9816,,,2,100,,26271,9816,,,2,100,,26260,9816,,,2,100,,26275,9816,,,2,100,,26272,9816,,,2,100,,26276,9816,,,2,100,,26277,9816,,,2
2000,'F1',629,,26294,9816,,,2,100,,26290,9816,,,2,100,,26292,9816,,,2,100,,26291,9816,,,2,100,,5595,9816,,,2,100,,26293,9816,,,2,100,,5597,9816,,,2,100,,26282,9816,,,2,100,,26283,9816,,,2,100,,26280,9816,,,2,96,,26284,9816,,,2,104,,26285,9816,,,2,104,,26286,9816,,,2,96,,26278,9816,,,2,100,,26287,9816,,,2,100,,26288,9816,,,2,100,,26279,9816,,,2,100,,26281,9816,,,2,100,,26289,9816,,,2,100,,26295,9816,,,2
2000,'F2',629,,26314,9816,,,2,100,,26308,9816,,,2,100,,26305,9816,,,2,100,,26299,9816,,,2,100,,26301,9816,,,2,100,,26300,9816,,,2,100,,26309,9816,,,2,100,,26302,9816,,,2,100,,26303,9816,,,2,100,,26313,9816,,,2,96,,26310,9816,,,2,104,,26311,9816,,,2,104,,26312,9816,,,2,96,,26297,9816,,,2,100,,26306,9816,,,2,100,,26304,9816,,,2,100,,26296,9816,,,2,100,,26315,9816,,,2,100,,26307,9816,,,2,100,,26298,9816,,,2
2000,'F7',548,,26330,9816,,,2,60,,26356,9816,,,2,24,,26339,9816,,,2,71,,26331,9816,,,2,14,,26362,9226,,,2,9,,26360,9226,,,2,8,,26364,9226,,,2,10,,26357,9226,,,2,11,,26359,9226,,,2,46,,26358,9226,,,2,14,,26363,9226,,,2,32,,26361,9226,,,2,71,,26365,9226,,,2,29,,26317,9816,,,2,71,,26347,9816,,,2,30,,26323,9816,,,2,70,,26350,9816,,,2,30,,26320,9816,,,2,70,,26344,9816,,,2,30,,26324,9816,,,2,70,,26352,9816,,,2,30,,26321,9816,,,2,70,,26343,9816,,,2,30,,26325,9816,,,2,70,,26332,9816,,,2,21,,26334,9816,,,2,17,,26327,9816,,,2,55,,26319,9816,,,2,15,,26328,9816,,,2,15,,26345,9816,,,2,17,,26335,9816,,,2,51,,26351,9816,,,2,13,,26336,9816,,,2,10,,26338,9816,,,2,12,,26333,9816,,,2,13,,26346,9816,,,2,51,,26326,9816,,,2,14,,26354,9816,,,2,13,,26337,9816,,,2,15,,26349,9816,,,2,68,,26316,9816,,,2,30,,26348,9816,,,2,70,,26355,9816,,,2,30,,26329,9816,,,2,70,,26353,9816,,,2,30,,26340,9816,,,2,100,,26322,9816,,,2,100,,26341,9816,,,2,100,,26318,9816,,,2,100,,26342,9816,,,2
2000,'F8',629,,26384,9816,,,2,100,,26378,9816,,,2,100,,26375,9816,,,2,100,,26369,9816,,,2,100,,26371,9816,,,2,100,,26370,9816,,,2,100,,26379,9816,,,2,100,,26372,9816,,,2,100,,26373,9816,,,2,100,,26383,9816,,,2,96,,26380,9816,,,2,104,,26381,9816,,,2,104,,26382,9816,,,2,96,,26367,9816,,,2,100,,26376,9816,,,2,100,,26374,9816,,,2,100,,26366,9816,,,2,100,,26385,9816,,,2,100,,26377,9816,,,2,100,,26368,9816,,,2
2000,'F9',626,,26388,9816,,,2,100,,26391,9816,,,2,100,,26394,9816,,,2,100,,26386,9816,,,2,100,,26392,9816,,,2,97,,26395,9816,,,2,103,,26396,9816,,,2,100,,26393,9816,,,2,100,,26397,9816,,,2,100,,26389,9816,,,2,97,,26400,9816,,,2,103,,26401,9816,,,2,100,,26390,9816,,,2,100,,26398,9816,,,2,100,,26387,9816,,,2,100,,26402,9816,,,2,100,,26399,9816,,,2,100,,26403,9816,,,2,100,,26404,9816,,,2
2000,'SA',629,,26422,9816,,,2,100,,5701,9816,,,2,100,,26414,9816,,,2,100,,26408,9816,,,2,100,,26410,9816,,,2,100,,26409,9816,,,2,100,,26417,9816,,,2,100,,26411,9816,,,2,100,,26412,9816,,,2,100,,26421,9816,,,2,96,,26418,9816,,,2,104,,26419,9816,,,2,104,,26420,9816,,,2,96,,26406,9816,,,2,100,,26415,9816,,,2,100,,26413,9816,,,2,100,,26405,9816,,,2,100,,26423,9816,,,2,100,,26416,9816,,,2,100,,26407,9816,,,2
2000,'SE',548,,26438,9816,,,2,60,,26464,9816,,,2,24,,26447,9816,,,2,71,,26439,9816,,,2,14,,26470,9226,,,2,9,,26468,9226,,,2,8,,26472,9226,,,2,10,,26465,9226,,,2,11,,26467,9226,,,2,46,,26466,9226,,,2,14,,26471,9226,,,2,32,,26469,9226,,,2,71,,26473,9226,,,2,29,,26425,9816,,,2,71,,26455,9816,,,2,30,,26431,9816,,,2,70,,26458,9816,,,2,30,,26428,9816,,,2,70,,26452,9816,,,2,30,,26432,9816,,,2,70,,26460,9816,,,2,30,,26429,9816,,,2,70,,26451,9816,,,2,30,,26433,9816,,,2,70,,26440,9816,,,2,21,,26442,9816,,,2,17,,26435,9816,,,2,55,,26427,9816,,,2,15,,26436,9816,,,2,15,,26453,9816,,,2,17,,26443,9816,,,2,51,,26459,9816,,,2,13,,26444,9816,,,2,10,,26446,9816,,,2,12,,26441,9816,,,2,13,,26454,9816,,,2,51,,26434,9816,,,2,14,,26462,9816,,,2,13,,26445,9816,,,2,15,,26457,9816,,,2,68,,26424,9816,,,2,30,,26456,9816,,,2,70,,26463,9816,,,2,30,,26437,9816,,,2,70,,26461,9816,,,2,30,,26448,9816,,,2,100,,26430,9816,,,2,100,,26449,9816,,,2,100,,26426,9816,,,2,100,,26450,9816,,,2
57001,'F7',823,,40727,3558,,,2
57001,'SE',823,,40728,3558,,,2
67301,'F7',730,,40876,1666,,,2
67301,'SE',730,,40877,1666,,,2
