600,'DI',640,,22284,5829,,,1,70,,22276,5829,,,1,30,,22272,5829,,,1,71,,22283,5829,,,1,30,,22269,5829,,,1,70,,22261,5829,,,1,31,,22273,5829,,,1,70,,22280,5829,,,1,30,,22257,5829,,,1,69,,1973,5829,,,1,31,,22265,5829,,,1,70,,22258,5829,,,1,30,,22262,5829,,,1,74,,22268,5829,,,1,29,,22259,5829,,,1,70,,22270,5829,,,1,27,,22266,5829,,,1,73,,22263,5829,,,1,30,,22274,5829,,,1,69,,22285,5829,,,1,31,,22277,5829,,,1,67,,22275,5829,,,1,30,,22286,5829,,,1,70,,22278,5829,,,1,28,,22260,5829,,,1,71,,22267,5829,,,1,104,,22281,5829,,,1,100,,22271,5829,,,1,99,,22264,5829,,,1,100,,22256,5829,,,1,100,,22279,5829,,,1,100,,22282,5829,,,1
600,'F1',640,,22312,5829,,,1,71,,22304,5829,,,1,29,,22301,5829,,,1,70,,22290,5829,,,1,34,,22302,5829,,,1,66,,22305,5829,,,1,35,,22287,5829,,,1,63,,2011,5829,,,1,32,,22314,5829,,,1,69,,22307,5829,,,1,30,,22315,5829,,,1,78,,22308,5829,,,1,30,,22313,5829,,,1,67,,22288,5829,,,1,31,,22309,5829,,,1,67,,22294,5829,,,1,30,,22289,5829,,,1,70,,22291,5829,,,1,30,,22295,5829,,,1,70,,22310,5829,,,1,30,,22292,5829,,,1,70,,22296,5829,,,1,30,,22311,5829,,,1,70,,22293,5829,,,1,30,,22298,5829,,,1,70,,22303,5829,,,1,105,,22316,5829,,,1,100,,22297,5829,,,1,99,,22299,5829,,,1,100,,22317,5829,,,1,100,,22306,5829,,,1,100,,22300,5829,,,1
600,'F2',640,,22349,5829,,,1,71,,22338,5829,,,1,29,,22334,5829,,,1,70,,22331,5829,,,1,34,,22335,5829,,,1,66,,22339,5829,,,1,35,,22348,5829,,,1,63,,22336,5829,,,1,32,,22345,5829,,,1,69,,22332,5829,,,1,30,,22325,5829,,,1,78,,22333,5829,,,1,30,,22326,5829,,,1,67,,22318,5829,,,1,31,,22340,5829,,,1,67,,22327,5829,,,1,30,,22319,5829,,,1,70,,22341,5829,,,1,30,,22328,5829,,,1,70,,22320,5829,,,1,30,,22342,5829,,,1,70,,22329,5829,,,1,30,,22321,5829,,,1,70,,22343,5829,,,1,30,,22330,5829,,,1,70,,22346,5829,,,1,105,,22337,5829,,,1,100,,22322,5829,,,1,99,,22324,5829,,,1,100,,22347,5829,,,1,100,,22344,5829,,,1,100,,22323,5829,,,1
600,'F7',551,,22368,5829,,,1,70,,22351,5829,,,1,30,,22369,5829,,,1,72,,22375,5829,,,1,32,,22371,5829,,,1,67,,22382,5829,,,1,33,,22370,5829,,,1,69,,22354,5829,,,1,30,,22365,5829,,,1,70,,22364,5829,,,1,30,,22383,5829,,,1,70,,22373,5829,,,1,30,,22374,5829,,,1,70,,22380,5829,,,1,30,,22378,5829,,,1,70,,22362,5829,,,1,30,,22366,5829,,,1,71,,22361,5829,,,1,29,,22356,5829,,,1,72,,22372,5829,,,1,30,,22379,5829,,,1,69,,22377,5829,,,1,78,,22359,5829,,,1,25,,22363,5829,,,1,29,,22360,5829,,,1,68,,22350,5829,,,1,29,,22357,5829,,,1,70,,22376,5829,,,1,29,,22385,5829,,,1,70,,22353,5829,,,1,29,,22381,5829,,,1,70,,22358,5829,,,1,100,,22352,5829,,,1,100,,22384,5829,,,1,100,,22355,5829,,,1,100,,22367,5829,,,1
600,'F8',640,,22417,5829,,,1,71,,22406,5829,,,1,29,,22402,5829,,,1,70,,22399,5829,,,1,34,,22403,5829,,,1,66,,22407,5829,,,1,35,,22416,5829,,,1,63,,22404,5829,,,1,32,,22413,5829,,,1,69,,22400,5829,,,1,30,,22393,5829,,,1,78,,22401,5829,,,1,30,,22394,5829,,,1,67,,22386,5829,,,1,31,,22408,5829,,,1,67,,22395,5829,,,1,30,,22387,5829,,,1,70,,22409,5829,,,1,30,,22396,5829,,,1,70,,22388,5829,,,1,30,,22410,5829,,,1,70,,22397,5829,,,1,30,,22389,5829,,,1,70,,22411,5829,,,1,30,,22398,5829,,,1,70,,22414,5829,,,1,105,,22405,5829,,,1,100,,22390,5829,,,1,99,,22392,5829,,,1,100,,22415,5829,,,1,100,,22412,5829,,,1,100,,22391,5829,,,1
600,'F9',640,,22447,5829,,,1,70,,22439,5829,,,1,30,,22435,5829,,,1,71,,22446,5829,,,1,30,,22432,5829,,,1,70,,22423,5829,,,1,31,,22436,5829,,,1,70,,22443,5829,,,1,30,,22419,5829,,,1,69,,22424,5829,,,1,31,,22428,5829,,,1,70,,22420,5829,,,1,30,,22425,5829,,,1,74,,22431,5829,,,1,29,,22421,5829,,,1,70,,22433,5829,,,1,27,,22429,5829,,,1,73,,22426,5829,,,1,30,,22437,5829,,,1,69,,22448,5829,,,1,31,,22440,5829,,,1,67,,22438,5829,,,1,30,,22449,5829,,,1,70,,22441,5829,,,1,28,,22422,5829,,,1,71,,22430,5829,,,1,104,,22444,5829,,,1,100,,22434,5829,,,1,99,,22427,5829,,,1,100,,22418,5829,,,1,100,,22442,5829,,,1,100,,22445,5829,,,1
600,'SA',640,,22481,5829,,,1,71,,22470,5829,,,1,29,,22466,5829,,,1,70,,22463,5829,,,1,34,,22467,5829,,,1,66,,22471,5829,,,1,35,,22480,5829,,,1,63,,22468,5829,,,1,32,,22477,5829,,,1,69,,22464,5829,,,1,30,,22457,5829,,,1,78,,22465,5829,,,1,30,,22458,5829,,,1,67,,22450,5829,,,1,31,,22472,5829,,,1,67,,22459,5829,,,1,30,,22451,5829,,,1,70,,22473,5829,,,1,30,,22460,5829,,,1,70,,22452,5829,,,1,30,,22474,5829,,,1,70,,22461,5829,,,1,30,,22453,5829,,,1,70,,22475,5829,,,1,30,,22462,5829,,,1,70,,22478,5829,,,1,105,,22469,5829,,,1,100,,22454,5829,,,1,99,,22456,5829,,,1,100,,22479,5829,,,1,100,,22476,5829,,,1,100,,22455,5829,,,1
600,'SE',551,,22500,5829,,,1,70,,22483,5829,,,1,30,,22501,5829,,,1,72,,22507,5829,,,1,32,,22503,5829,,,1,67,,22514,5829,,,1,33,,22502,5829,,,1,69,,22486,5829,,,1,30,,22497,5829,,,1,70,,22496,5829,,,1,30,,22515,5829,,,1,70,,22505,5829,,,1,30,,22506,5829,,,1,70,,22512,5829,,,1,30,,22510,5829,,,1,70,,22494,5829,,,1,30,,22498,5829,,,1,71,,22493,5829,,,1,29,,22488,5829,,,1,72,,22504,5829,,,1,30,,22511,5829,,,1,69,,22509,5829,,,1,78,,22491,5829,,,1,25,,22495,5829,,,1,29,,22492,5829,,,1,68,,22482,5829,,,1,29,,22489,5829,,,1,70,,22508,5829,,,1,29,,22517,5829,,,1,70,,22485,5829,,,1,29,,22513,5829,,,1,70,,22490,5829,,,1,100,,22484,5829,,,1,100,,22516,5829,,,1,100,,22487,5829,,,1,100,,22499,5829,,,1
53001,'F7',912,,40652,1486,,,2
53001,'SE',912,,40653,1486,,,2
60600,'F7',1701,,40753,5426,,,2
60600,'SE',1701,,40754,5426,,,2
65001,'F7',832,,40812,3920,,,2
65001,'SE',832,,40813,3920,,,2
