7700,'DI',708,,35010,3645,0,21 22 23,1,100,,35013,3645,0,21 22 23,1,100,,35011,3645,0,21 22 23,1,100,,35014,3645,0,21 22 23,1,100,,35012,3645,0,21 22 23,1,100,,35009,3645,0,21 22 23,1,100,,35015,3645,0,21 22 23,1,100,,35018,3645,0,21 22 23,1,100,,35008,3645,0,21 22 23,1,100,,35019,3645,0,21 22 23,1,100,,35020,3645,0,21 22 23,1,100,,35021,3645,0,21 22 23,1,100,,35016,3645,0,21 22 23,1,100,,35022,3645,0,21 22 23,1,100,,35017,3645,0,21 22 23,1
7700,'F1',708,,35026,3645,0,21 22 23,1,100,,35028,3645,0,21 22 23,1,100,,35027,3645,0,21 22 23,1,100,,35029,3645,0,21 22 23,1,100,,35023,3645,0,21 22 23,1,100,,35030,3645,0,21 22 23,1,100,,35031,3645,0,21 22 23,1,97,,35024,3645,0,21 22 23,1,103,,35032,3645,0,21 22 23,1,99,,35034,3645,0,21 22 23,1,101,,35033,3645,0,21 22 23,1,100,,35035,3645,0,21 22 23,1,100,,35036,3645,0,21 22 23,1,100,,35025,3645,0,21 22 23,1,100,,35037,3645,0,21 22 23,1
7700,'F2',708,,35052,3645,0,21 22 23,1,100,,35043,3645,0,21 22 23,1,100,,35039,3645,0,21 22 23,1,100,,35044,3645,0,21 22 23,1,100,,35040,3645,0,21 22 23,1,100,,35042,3645,0,21 22 23,1,100,,35045,3645,0,21 22 23,1,97,,35038,3645,0,21 22 23,1,103,,35046,3645,0,21 22 23,1,99,,35048,3645,0,21 22 23,1,101,,35047,3645,0,21 22 23,1,100,,35049,3645,0,21 22 23,1,100,,35050,3645,0,21 22 23,1,100,,35041,3645,0,21 22 23,1,100,,35051,3645,0,21 22 23,1
7700,'F7',600,,35056,3645,0,21 22 23,1,15,,35057,3645,0,21 22 23,1,20,,35062,3645,0,21 22 23,1,16,,35065,3645,0,21 22 23,1,68,,35068,3645,0,21 22 23,1,23,,35063,3645,0,21 22 23,1,62,,35067,3645,0,21 22 23,1,15,,35058,3645,0,21 22 23,1,31,,35066,3645,0,21 22 23,1,70,,35069,3645,0,21 22 23,1,30,,35064,3645,0,21 22 23,1,70,,35059,3645,0,21 22 23,1,30,,35071,3645,0,21 22 23,1,70,,35070,3645,0,21 22 23,1,30,,35073,3645,0,21 22 23,1,70,,35074,3645,0,21 22 23,1,33,,35072,3645,0,21 22 23,1,70,,35075,3645,0,21 22 23,1,30,,35079,3645,0,21 22 23,1,66,,35081,3645,0,21 22 23,1,20,,35084,3645,0,21 22 23,1,20,,35088,3645,0,21 22 23,1,60,,35076,3645,0,21 22 23,1,5,,35054,3645,0,21 22 23,1,15,,35080,3645,0,21 22 23,1,19,,35060,3645,0,21 22 23,1,58,,35082,3645,0,21 22 23,1,18,,35085,3645,0,21 22 23,1,18,,35089,3645,0,21 22 23,1,58,,35090,3645,0,21 22 23,1,20,,35077,3645,0,21 22 23,1,20,,35061,3645,0,21 22 23,1,58,,35083,3645,0,21 22 23,1,2,,35087,3645,0,21 22 23,1,19,,35086,3645,0,21 22 23,1,17,,35078,3645,0,21 22 23,1,70,,35091,3645,0,21 22 23,1,32,,35093,3645,0,21 22 23,1,71,,35055,3645,0,21 22 23,1,28,,35053,3645,0,21 22 23,1,70,,35092,3645,0,21 22 23,1
7700,'F8',708,,35108,3645,0,21 22 23,1,100,,35099,3645,0,21 22 23,1,100,,35095,3645,0,21 22 23,1,100,,35100,3645,0,21 22 23,1,100,,35096,3645,0,21 22 23,1,100,,35098,3645,0,21 22 23,1,100,,35101,3645,0,21 22 23,1,97,,35094,3645,0,21 22 23,1,103,,35102,3645,0,21 22 23,1,99,,35104,3645,0,21 22 23,1,101,,35103,3645,0,21 22 23,1,100,,35105,3645,0,21 22 23,1,100,,35106,3645,0,21 22 23,1,100,,35097,3645,0,21 22 23,1,100,,35107,3645,0,21 22 23,1
7700,'F9',708,,35111,3645,0,21 22 23,1,100,,35114,3645,0,21 22 23,1,100,,35112,3645,0,21 22 23,1,100,,35115,3645,0,21 22 23,1,100,,35113,3645,0,21 22 23,1,100,,35110,3645,0,21 22 23,1,100,,35116,3645,0,21 22 23,1,100,,35119,3645,0,21 22 23,1,100,,35109,3645,0,21 22 23,1,100,,35120,3645,0,21 22 23,1,100,,35121,3645,0,21 22 23,1,100,,35122,3645,0,21 22 23,1,100,,35117,3645,0,21 22 23,1,100,,35123,3645,0,21 22 23,1,100,,35118,3645,0,21 22 23,1
7700,'SA',708,,35137,3645,0,21 22 23,1,100,,35128,3645,0,21 22 23,1,100,,35125,3645,0,21 22 23,1,100,,35129,3645,0,21 22 23,1,100,,13602,3645,0,21 22 23,1,100,,35127,3645,0,21 22 23,1,100,,35130,3645,0,21 22 23,1,97,,35124,3645,0,21 22 23,1,103,,35131,3645,0,21 22 23,1,99,,35133,3645,0,21 22 23,1,101,,35132,3645,0,21 22 23,1,100,,35134,3645,0,21 22 23,1,100,,35135,3645,0,21 22 23,1,100,,35126,3645,0,21 22 23,1,100,,35136,3645,0,21 22 23,1
7700,'SE',600,,35141,3645,0,21 22 23,1,15,,35142,3645,0,21 22 23,1,20,,35147,3645,0,21 22 23,1,16,,35150,3645,0,21 22 23,1,68,,35153,3645,0,21 22 23,1,23,,35148,3645,0,21 22 23,1,62,,35152,3645,0,21 22 23,1,15,,35143,3645,0,21 22 23,1,31,,35151,3645,0,21 22 23,1,70,,35154,3645,0,21 22 23,1,30,,35149,3645,0,21 22 23,1,70,,35144,3645,0,21 22 23,1,30,,35156,3645,0,21 22 23,1,70,,35155,3645,0,21 22 23,1,30,,35158,3645,0,21 22 23,1,70,,35159,3645,0,21 22 23,1,33,,35157,3645,0,21 22 23,1,70,,35160,3645,0,21 22 23,1,30,,35164,3645,0,21 22 23,1,66,,35166,3645,0,21 22 23,1,20,,35169,3645,0,21 22 23,1,20,,35173,3645,0,21 22 23,1,60,,35161,3645,0,21 22 23,1,5,,35139,3645,0,21 22 23,1,15,,35165,3645,0,21 22 23,1,19,,35145,3645,0,21 22 23,1,58,,35167,3645,0,21 22 23,1,18,,35170,3645,0,21 22 23,1,18,,35174,3645,0,21 22 23,1,58,,13636,3645,0,21 22 23,1,20,,35162,3645,0,21 22 23,1,20,,35146,3645,0,21 22 23,1,58,,35168,3645,0,21 22 23,1,2,,35172,3645,0,21 22 23,1,19,,35171,3645,0,21 22 23,1,17,,35163,3645,0,21 22 23,1,70,,35175,3645,0,21 22 23,1,32,,35177,3645,0,21 22 23,1,71,,35140,3645,0,21 22 23,1,28,,35138,3645,0,21 22 23,1,70,,35176,3645,0,21 22 23,1
60501,'F7',841,,40749,6830,,,2,1,,40750,6830,,,2
60501,'SE',841,,40751,6830,,,2,1,,40752,6830,,,2
