1001,'DI',628,,23694,1838,,,1,27,,23668,1838,,,1,70,,23695,1838,,,1,30,,23693,1838,,,1,70,,23686,1838,,,1,78,,23669,1838,,,1,30,,23687,1838,,,1,70,,23670,1838,,,1,30,,23688,1838,,,1,70,,23671,1838,,,1,30,,23689,1838,,,1,70,,23672,1838,,,1,30,,23690,1838,,,1,70,,23673,1838,,,1,30,,23691,1838,,,1,70,,23674,1838,,,1,30,,23692,1838,,,1,70,,23675,1838,,,1,30,,23696,1838,,,1,70,,23676,1838,,,1,30,,23697,1838,,,1,70,,23677,1838,,,1,30,,23698,1838,,,1,70,,23678,1838,,,1,30,,23699,1838,,,1,81,,23679,1838,,,1,100,,23680,1838,,,1,100,,23681,1838,,,1,100,,23682,1838,,,1,100,,23683,1838,,,1,100,,23684,1838,,,1,100,,23685,1838,,,1
1001,'F1',528,,23712,1838,,,1,96,,23713,1838,,,1,30,,23711,1838,,,1,70,,23700,1838,,,1,30,,23715,1838,,,1,70,,23714,1838,,,1,78,,23701,1838,,,1,30,,23728,1838,,,1,70,,23702,1838,,,1,30,,23729,1838,,,1,70,,23703,1838,,,1,30,,23730,1838,,,1,70,,23704,1838,,,1,32,,23731,1838,,,1,70,,23705,1838,,,1,30,,23732,1838,,,1,70,,23716,1838,,,1,30,,23707,1838,,,1,70,,23717,1838,,,1,30,,23708,1838,,,1,70,,23718,1838,,,1,30,,23709,1838,,,1,69,,23719,1838,,,1,31,,23710,1838,,,1,70,,23720,1838,,,1,30,,23706,1838,,,1,81,,23721,1838,,,1,100,,23722,1838,,,1,100,,23723,1838,,,1,100,,23724,1838,,,1,100,,23725,1838,,,1,100,,23726,1838,,,1,100,,23727,1838,,,1
1001,'F2',528,,23743,1838,,,1,96,,23744,1838,,,1,30,,23739,1838,,,1,70,,23733,1838,,,1,30,,23746,1838,,,1,70,,23745,1838,,,1,78,,23755,1838,,,1,30,,23754,1838,,,1,70,,23756,1838,,,1,30,,23762,1838,,,1,70,,23757,1838,,,1,30,,23763,1838,,,1,70,,23747,1838,,,1,32,,23764,1838,,,1,70,,23748,1838,,,1,30,,23765,1838,,,1,70,,23749,1838,,,1,30,,23734,1838,,,1,70,,23750,1838,,,1,30,,23735,1838,,,1,70,,23751,1838,,,1,30,,23736,1838,,,1,69,,23752,1838,,,1,31,,23737,1838,,,1,70,,23753,1838,,,1,30,,23738,1838,,,1,81,,23758,1838,,,1,100,,23759,1838,,,1,100,,23760,1838,,,1,100,,23761,1838,,,1,100,,23740,1838,,,1,100,,23741,1838,,,1,100,,23742,1838,,,1
1001,'F8',528,,23776,1838,,,1,96,,23777,1838,,,1,30,,23772,1838,,,1,70,,23766,1838,,,1,30,,23779,1838,,,1,70,,23778,1838,,,1,78,,23788,1838,,,1,30,,23787,1838,,,1,70,,23789,1838,,,1,30,,23795,1838,,,1,70,,23790,1838,,,1,30,,23796,1838,,,1,70,,23780,1838,,,1,32,,23797,1838,,,1,70,,23781,1838,,,1,30,,23798,1838,,,1,70,,23782,1838,,,1,30,,23767,1838,,,1,70,,23783,1838,,,1,30,,23768,1838,,,1,70,,23784,1838,,,1,30,,23769,1838,,,1,69,,23785,1838,,,1,31,,23770,1838,,,1,70,,23786,1838,,,1,30,,23771,1838,,,1,81,,23791,1838,,,1,100,,23792,1838,,,1,100,,23793,1838,,,1,100,,23794,1838,,,1,100,,23773,1838,,,1,100,,23774,1838,,,1,100,,23775,1838,,,1
1001,'F9',628,,23825,1838,,,1,27,,23799,1838,,,1,70,,23826,1838,,,1,30,,23824,1838,,,1,70,,23817,1838,,,1,78,,23800,1838,,,1,30,,23818,1838,,,1,70,,23801,1838,,,1,30,,23819,1838,,,1,70,,23802,1838,,,1,30,,23820,1838,,,1,70,,23803,1838,,,1,30,,23821,1838,,,1,70,,23804,1838,,,1,30,,23822,1838,,,1,70,,23805,1838,,,1,30,,23823,1838,,,1,70,,23806,1838,,,1,30,,23827,1838,,,1,70,,23807,1838,,,1,30,,23828,1838,,,1,70,,23808,1838,,,1,30,,23829,1838,,,1,70,,23809,1838,,,1,30,,23830,1838,,,1,81,,23810,1838,,,1,100,,23811,1838,,,1,100,,23812,1838,,,1,100,,23813,1838,,,1,100,,23814,1838,,,1,100,,23815,1838,,,1,100,,23816,1838,,,1
1001,'SA',528,,23841,1838,,,1,96,,23842,1838,,,1,30,,23837,1838,,,1,70,,23831,1838,,,1,30,,23844,1838,,,1,70,,23843,1838,,,1,78,,23853,1838,,,1,30,,23852,1838,,,1,70,,23854,1838,,,1,30,,23860,1838,,,1,70,,23855,1838,,,1,30,,23861,1838,,,1,70,,23845,1838,,,1,32,,23862,1838,,,1,70,,23846,1838,,,1,30,,23863,1838,,,1,70,,23847,1838,,,1,30,,23832,1838,,,1,70,,23848,1838,,,1,30,,23833,1838,,,1,70,,23849,1838,,,1,30,,23834,1838,,,1,69,,23850,1838,,,1,31,,23835,1838,,,1,70,,23851,1838,,,1,30,,23836,1838,,,1,81,,23856,1838,,,1,100,,23857,1838,,,1,100,,23858,1838,,,1,100,,23859,1838,,,1,100,,23838,1838,,,1,100,,23839,1838,,,1,100,,23840,1838,,,1
2201,'F1',546,,27402,5487,,,2,92,,27404,5487,,,2,65,,27403,5487,,,2,30,,27406,5487,,,2,70,,27405,5487,,,2,908,,27407,5487,,,2,40,,27408,5487,,,2,60,,27401,5487,,,2
2201,'F7',546,,27410,5487,,,2,92,,27412,5487,,,2,65,,27411,5487,,,2,30,,27409,5487,,,2,70,,27413,5487,,,2,908,,27415,5487,,,2,40,,27414,5487,,,2,60,,27416,5487,,,2
2201,'SE',546,,27418,5487,,,2,92,,27420,5487,,,2,65,,27419,5487,,,2,30,,27417,5487,,,2,70,,27421,5487,,,2,908,,27423,5487,,,2,40,,27422,5487,,,2,60,,27424,5487,,,2
41001,'F7',457,,39296,1838,,,2,70,,39289,1838,,,2,20,,39270,1838,,,2,60,,39266,1838,,,2,20,,39290,1838,,,2,13,,39302,1838,,,2,10,,39276,1838,,,2,8,,39267,1838,,,2,46,,39271,1838,,,2,10,,39288,1838,,,2,6,,39304,1838,,,2,2,,39278,1838,,,2,8,,39291,1838,,,2,3,,39280,1838,,,2,5,,39294,1838,,,2,10,,39260,1838,,,2,53,,39303,1838,,,2,12,,39261,1838,,,2,14,,39305,1838,,,2,16,,39281,1838,,,2,58,,39293,1838,,,2,30,,39285,1838,,,2,70,,39272,1838,,,2,30,,39297,1838,,,2,70,,39262,1838,,,2,30,,39298,1838,,,2,70,,39273,1838,,,2,30,,39299,1838,,,2,69,,39263,1838,,,2,30,,39279,1838,,,2,70,,39274,1838,,,2,31,,39284,1838,,,2,78,,39264,1838,,,2,4,,39269,1838,,,2,1,,39306,1838,,,2,1,,39292,1838,,,2,2,,39310,1838,,,2,18,,39283,1838,,,2,69,,39265,1838,,,2,15,,39307,1838,,,2,15,,39316,1838,,,2,15,,39286,1838,,,2,53,,39314,1838,,,2,10,,39275,1838,,,2,9,,39308,1838,,,2,10,,39311,1838,,,2,10,,39317,1838,,,2,15,,39287,1838,,,2,52,,39315,1838,,,2,17,,39309,1838,,,2,20,,39318,1838,,,2,58,,39295,1838,,,2,29,,39312,1838,,,2,69,,39258,1838,,,2,30,,39268,1838,,,2,70,,39259,1838,,,2,30,,39313,1838,,,2,70,,39282,1838,,,2,30,,39300,1838,,,2,70,,39277,1838,,,2,30,,39301,1838,,,2,100,,39319,1838,,,2,100,,39320,1838,,,2
41001,'SE',457,,39359,1838,,,2,70,,39352,1838,,,2,20,,39333,1838,,,2,60,,39329,1838,,,2,20,,39353,1838,,,2,13,,39365,1838,,,2,10,,39339,1838,,,2,8,,39330,1838,,,2,46,,39334,1838,,,2,10,,39351,1838,,,2,6,,39367,1838,,,2,2,,39341,1838,,,2,8,,39354,1838,,,2,3,,39343,1838,,,2,5,,39357,1838,,,2,10,,39323,1838,,,2,53,,39366,1838,,,2,12,,39324,1838,,,2,14,,39368,1838,,,2,16,,39344,1838,,,2,58,,39356,1838,,,2,30,,39348,1838,,,2,70,,39335,1838,,,2,30,,39360,1838,,,2,70,,39325,1838,,,2,30,,39361,1838,,,2,70,,39336,1838,,,2,30,,39362,1838,,,2,69,,39326,1838,,,2,30,,39342,1838,,,2,70,,39337,1838,,,2,31,,39347,1838,,,2,78,,39327,1838,,,2,4,,39332,1838,,,2,1,,39369,1838,,,2,1,,39355,1838,,,2,2,,39373,1838,,,2,18,,39346,1838,,,2,69,,39328,1838,,,2,15,,39370,1838,,,2,15,,39379,1838,,,2,15,,39349,1838,,,2,53,,39377,1838,,,2,10,,39338,1838,,,2,9,,39371,1838,,,2,10,,39374,1838,,,2,10,,39380,1838,,,2,15,,39350,1838,,,2,52,,39378,1838,,,2,17,,39372,1838,,,2,20,,39381,1838,,,2,58,,39358,1838,,,2,29,,39375,1838,,,2,69,,39321,1838,,,2,30,,39331,1838,,,2,70,,39322,1838,,,2,30,,39376,1838,,,2,70,,39345,1838,,,2,30,,39363,1838,,,2,70,,39340,1838,,,2,30,,39364,1838,,,2,100,,39382,1838,,,2,100,,39383,1838,,,2
