4301,'DI',812,,8845,5958,,,1,100,,8836,5958,,,1,100,,8837,5958,,,1,100,,8838,5958,,,1,101,,8839,5958,,,1,100,,8834,5958,,,1,100,,8830,5958,,,1,100,,8846,5958,,,1,101,,8831,5958,,,1,99,,8847,5958,,,1,100,,8832,5958,,,1,99,,8840,5958,,,1,99,,8841,5958,,,1,100,,8835,5958,,,1,100,,8833,5958,,,1,100,,8843,5958,,,1,99,,8842,5958,,,1,100,,8844,5958,,,1
4301,'F1',711,,8852,5958,,,1,101,,8854,5958,,,1,100,,8849,5958,,,1,100,,8859,5958,,,1,100,,8862,5958,,,1,100,,8856,5958,,,1,101,,8863,5958,,,1,100,,8853,5958,,,1,100,,8864,5958,,,1,101,,8855,5958,,,1,99,,8860,5958,,,1,100,,8850,5958,,,1,99,,8857,5958,,,1,99,,8866,5958,,,1,100,,8865,5958,,,1,100,,8858,5958,,,1,100,,8861,5958,,,1,99,,8848,5958,,,1,100,,8851,5958,,,1
4301,'F7',812,,8882,5958,,,1,100,,8873,5958,,,1,100,,8874,5958,,,1,100,,8875,5958,,,1,101,,8876,5958,,,1,100,,8871,5958,,,1,100,,8867,5958,,,1,100,,8883,5958,,,1,101,,8868,5958,,,1,99,,8884,5958,,,1,100,,8869,5958,,,1,99,,8877,5958,,,1,99,,8878,5958,,,1,100,,8872,5958,,,1,100,,8870,5958,,,1,100,,8880,5958,,,1,99,,8879,5958,,,1,100,,8881,5958,,,1
4301,'F8',658,,8891,5958,,,1,73,,8905,5958,,,1,73,,8907,5958,,,1,22,,8910,5958,,,1,80,,8901,5958,,,1,25,,8902,5958,,,1,70,,8888,5958,,,1,100,,8896,5958,,,1,101,,8885,5958,,,1,100,,8887,5958,,,1,100,,8889,5958,,,1,56,,8886,5958,,,1,74,,8893,5958,,,1,27,,8894,5958,,,1,81,,8895,5958,,,1,66,,8906,5958,,,1,29,,8892,5958,,,1,71,,8890,5958,,,1,29,,8898,5958,,,1,70,,8903,5958,,,1,99,,8909,5958,,,1,100,,8899,5958,,,1,100,,8904,5958,,,1,98,,8897,5958,,,1,100,,8900,5958,,,1,100,,8908,5958,,,1
4301,'F9',711,,8915,5958,,,1,101,,8917,5958,,,1,100,,8912,5958,,,1,100,,8922,5958,,,1,100,,8925,5958,,,1,100,,8919,5958,,,1,101,,8926,5958,,,1,100,,8916,5958,,,1,100,,8927,5958,,,1,101,,8918,5958,,,1,99,,8923,5958,,,1,100,,8913,5958,,,1,99,,8920,5958,,,1,99,,8929,5958,,,1,100,,8928,5958,,,1,100,,8921,5958,,,1,100,,8924,5958,,,1,99,,8911,5958,,,1,100,,8914,5958,,,1
4301,'SA',711,,8934,5958,,,1,101,,8936,5958,,,1,100,,8931,5958,,,1,100,,8941,5958,,,1,100,,8944,5958,,,1,100,,8938,5958,,,1,101,,8945,5958,,,1,100,,8935,5958,,,1,100,,8946,5958,,,1,101,,8937,5958,,,1,99,,8942,5958,,,1,100,,8932,5958,,,1,99,,8939,5958,,,1,99,,8948,5958,,,1,100,,8947,5958,,,1,100,,8940,5958,,,1,100,,8943,5958,,,1,99,,8930,5958,,,1,100,,8933,5958,,,1
4301,'SE',658,,8955,5958,,,1,73,,8969,5958,,,1,73,,8971,5958,,,1,22,,8974,5958,,,1,80,,8965,5958,,,1,25,,8966,5958,,,1,70,,8952,5958,,,1,100,,8960,5958,,,1,101,,8949,5958,,,1,100,,8951,5958,,,1,100,,8953,5958,,,1,56,,8950,5958,,,1,74,,8957,5958,,,1,27,,8958,5958,,,1,81,,8959,5958,,,1,66,,8970,5958,,,1,29,,8956,5958,,,1,71,,8954,5958,,,1,29,,8962,5958,,,1,70,,8967,5958,,,1,99,,8973,5958,,,1,100,,8963,5958,,,1,100,,8968,5958,,,1,98,,8961,5958,,,1,100,,8964,5958,,,1,100,,8972,5958,,,1
54700,'F8',1633,,18810,6912,,,2
54700,'SE',1633,,18811,6912,,,2
68900,'F8',1611,,19017,2139,,,2,1,,19016,2139,,,2
68900,'SE',1611,,19019,2139,,,2,1,,19018,2139,,,2
