601,'DI',602,,22527,990,,,1,30,,22533,990,,,1,70,,22545,990,,,1,30,,22540,990,,,1,70,,22536,990,,,1,30,,22534,990,,,1,70,,22519,990,,,1,30,,22523,990,,,1,72,,22537,990,,,1,30,,22531,990,,,1,70,,22520,990,,,1,30,,2206,990,,,1,70,,2212,990,,,1,33,,22521,990,,,1,70,,22524,990,,,1,30,,22530,990,,,1,70,,22522,990,,,1,30,,22532,990,,,1,70,,22528,990,,,1,30,,22525,990,,,1,70,,22538,990,,,1,30,,22546,990,,,1,70,,22541,990,,,1,30,,22539,990,,,1,70,,22547,990,,,1,30,,22542,990,,,1,100,,22529,990,,,1,100,,22544,990,,,1,100,,22535,990,,,1,100,,22526,990,,,1,100,,22518,990,,,1,100,,22543,990,,,1
601,'F1',602,,22561,990,,,1,30,,22551,990,,,1,70,,22572,990,,,1,30,,22564,990,,,1,70,,22562,990,,,1,30,,22552,990,,,1,74,,2242,990,,,1,26,,22565,990,,,1,74,,22548,990,,,1,23,,2243,990,,,1,75,,22574,990,,,1,26,,22567,990,,,1,70,,22575,990,,,1,38,,22568,990,,,1,70,,22573,990,,,1,29,,22549,990,,,1,70,,22569,990,,,1,30,,22556,990,,,1,70,,22550,990,,,1,30,,22553,990,,,1,70,,22557,990,,,1,30,,22570,990,,,1,70,,22554,990,,,1,30,,22558,990,,,1,70,,22571,990,,,1,30,,22555,990,,,1,100,,22563,990,,,1,100,,22576,990,,,1,100,,22559,990,,,1,100,,22560,990,,,1,100,,22577,990,,,1,100,,22566,990,,,1
601,'F2',602,,22593,990,,,1,30,,22589,990,,,1,70,,22609,990,,,1,30,,22598,990,,,1,70,,22594,990,,,1,30,,22590,990,,,1,74,,22595,990,,,1,26,,22599,990,,,1,74,,22608,990,,,1,23,,22596,990,,,1,75,,22605,990,,,1,26,,22591,990,,,1,70,,22584,990,,,1,38,,22592,990,,,1,70,,22585,990,,,1,29,,22578,990,,,1,70,,22600,990,,,1,30,,22586,990,,,1,70,,22579,990,,,1,30,,22601,990,,,1,70,,22587,990,,,1,30,,22580,990,,,1,70,,22602,990,,,1,30,,22588,990,,,1,70,,22581,990,,,1,30,,22603,990,,,1,100,,22606,990,,,1,100,,22597,990,,,1,100,,22582,990,,,1,100,,22583,990,,,1,100,,22607,990,,,1,100,,22604,990,,,1
601,'F7',517,,22627,990,,,1,30,,22619,990,,,1,70,,22628,990,,,1,30,,22611,990,,,1,64,,22631,990,,,1,37,,22638,990,,,1,70,,22634,990,,,1,32,,22632,990,,,1,68,,22633,990,,,1,30,,22626,990,,,1,70,,22612,990,,,1,30,,22621,990,,,1,70,,22645,990,,,1,30,,22636,990,,,1,70,,22637,990,,,1,30,,22642,990,,,1,70,,22640,990,,,1,30,,22622,990,,,1,70,,22620,990,,,1,30,,22617,990,,,1,70,,22615,990,,,1,25,,22643,990,,,1,78,,22641,990,,,1,27,,22618,990,,,1,72,,22635,990,,,1,25,,22629,990,,,1,73,,22613,990,,,1,30,,22610,990,,,1,69,,22616,990,,,1,30,,22639,990,,,1,70,,22630,990,,,1,30,,22623,990,,,1,70,,22644,990,,,1,30,,22614,990,,,1,100,,22624,990,,,1,100,,22646,990,,,1,100,,22625,990,,,1
601,'F8',602,,22662,990,,,1,30,,22658,990,,,1,70,,22678,990,,,1,30,,22667,990,,,1,70,,22663,990,,,1,30,,22659,990,,,1,74,,22664,990,,,1,26,,22668,990,,,1,74,,22677,990,,,1,23,,22665,990,,,1,75,,22674,990,,,1,26,,22660,990,,,1,70,,22653,990,,,1,38,,22661,990,,,1,70,,22654,990,,,1,29,,22647,990,,,1,70,,22669,990,,,1,30,,22655,990,,,1,70,,22648,990,,,1,30,,22670,990,,,1,70,,22656,990,,,1,30,,22649,990,,,1,70,,22671,990,,,1,30,,22657,990,,,1,70,,22650,990,,,1,30,,22672,990,,,1,100,,22675,990,,,1,100,,22666,990,,,1,100,,22651,990,,,1,100,,22652,990,,,1,100,,22676,990,,,1,100,,22673,990,,,1
601,'F9',602,,22689,990,,,1,30,,22696,990,,,1,70,,22708,990,,,1,30,,22703,990,,,1,70,,22699,990,,,1,30,,22697,990,,,1,70,,22680,990,,,1,30,,22684,990,,,1,72,,22700,990,,,1,30,,22694,990,,,1,70,,22681,990,,,1,30,,22685,990,,,1,70,,22690,990,,,1,33,,22682,990,,,1,70,,22686,990,,,1,30,,22693,990,,,1,70,,22683,990,,,1,30,,22695,990,,,1,70,,22691,990,,,1,30,,22687,990,,,1,70,,22701,990,,,1,30,,22709,990,,,1,70,,22704,990,,,1,30,,22702,990,,,1,70,,22710,990,,,1,30,,22705,990,,,1,100,,22692,990,,,1,100,,22707,990,,,1,100,,22698,990,,,1,100,,22688,990,,,1,100,,22679,990,,,1,100,,22706,990,,,1
601,'SA',602,,22726,990,,,1,30,,22722,990,,,1,70,,22742,990,,,1,30,,22731,990,,,1,70,,22727,990,,,1,30,,22723,990,,,1,74,,22728,990,,,1,26,,22732,990,,,1,74,,22741,990,,,1,23,,22729,990,,,1,75,,22738,990,,,1,26,,22724,990,,,1,70,,22717,990,,,1,38,,22725,990,,,1,70,,22718,990,,,1,29,,22711,990,,,1,70,,22733,990,,,1,30,,22719,990,,,1,70,,22712,990,,,1,30,,22734,990,,,1,70,,22720,990,,,1,30,,22713,990,,,1,70,,22735,990,,,1,30,,22721,990,,,1,70,,22714,990,,,1,30,,22736,990,,,1,100,,22739,990,,,1,100,,22730,990,,,1,100,,22715,990,,,1,100,,22716,990,,,1,100,,22740,990,,,1,100,,22737,990,,,1
601,'SE',517,,22760,990,,,1,30,,22752,990,,,1,70,,22761,990,,,1,30,,22744,990,,,1,64,,22764,990,,,1,37,,22771,990,,,1,70,,22767,990,,,1,32,,22765,990,,,1,68,,22766,990,,,1,30,,22759,990,,,1,70,,22745,990,,,1,30,,22754,990,,,1,70,,22778,990,,,1,30,,22769,990,,,1,70,,22770,990,,,1,30,,22775,990,,,1,70,,22773,990,,,1,30,,22755,990,,,1,70,,22753,990,,,1,30,,22750,990,,,1,70,,22748,990,,,1,25,,22776,990,,,1,78,,22774,990,,,1,27,,22751,990,,,1,72,,22768,990,,,1,25,,22762,990,,,1,73,,22746,990,,,1,30,,22743,990,,,1,69,,22749,990,,,1,30,,22772,990,,,1,70,,22763,990,,,1,30,,22756,990,,,1,70,,22777,990,,,1,30,,22747,990,,,1,100,,22757,990,,,1,100,,22779,990,,,1,100,,22758,990,,,1
67000,'F7',1621,,40854,5911,,,2,1,,40855,5911,,,2,1,,40856,5911,,,2
67000,'SE',1621,,40857,5911,,,2,1,,40858,5911,,,2,1,,40859,5911,,,2
