1900,'DI',631,,25744,9429,0,9,2,100,,25745,9429,0,9,2,100,,25746,9429,0,9,2,104,,25747,9429,0,9,2,100,,25748,9429,0,9,2,100,,25749,9429,0,9,2,100,,25750,9429,0,9,2,100,,25751,9429,0,9,2,100,,25752,9429,0,9,2,100,,25753,9429,0,9,2,100,,25754,9429,0,9,2,100,,25755,9429,0,9,2,100,,25756,9429,0,9,2,100,,25757,9429,0,9,2,100,,25758,9429,0,9,2,100,,25759,9429,0,9,2,100,,25760,9429,0,9,2,100,,25761,9429,0,9,2,100,,25762,9429,0,9,2,100,,25743,9429,0,9,2
1900,'F1',631,,25778,9429,0,9,2,70,,25775,9429,0,9,2,30,,25779,9429,0,9,2,70,,25776,9429,0,9,2,30,,25780,9429,0,9,2,70,,25777,9429,0,9,2,34,,25768,9429,0,9,2,70,,25763,9429,0,9,2,30,,25769,9429,0,9,2,70,,25764,9429,0,9,2,30,,25770,9429,0,9,2,70,,25765,9429,0,9,2,30,,25771,9429,0,9,2,70,,25766,9429,0,9,2,30,,25772,9429,0,9,2,70,,25773,9429,0,9,2,30,,5153,9429,0,9,2,70,,25774,9429,0,9,2,30,,5154,9429,0,9,2,70,,25781,9429,0,9,2,30,,5155,9429,0,9,2,70,,25782,9429,0,9,2,30,,5156,9429,0,9,2,70,,25783,9429,0,9,2,30,,5157,9429,0,9,2,100,,25784,9429,0,9,2,100,,25785,9429,0,9,2,100,,25786,9429,0,9,2,100,,25787,9429,0,9,2,100,,25788,9429,0,9,2,100,,25789,9429,0,9,2,100,,25767,9429,0,9,2
1900,'F2',631,,25790,9429,0,9,2,70,,25799,9429,0,9,2,30,,25791,9429,0,9,2,70,,25800,9429,0,9,2,30,,25792,9429,0,9,2,70,,25801,9429,0,9,2,34,,25793,9429,0,9,2,70,,25802,9429,0,9,2,30,,25794,9429,0,9,2,70,,25803,9429,0,9,2,30,,25795,9429,0,9,2,70,,25815,9429,0,9,2,30,,25796,9429,0,9,2,70,,25816,9429,0,9,2,30,,25797,9429,0,9,2,70,,25817,9429,0,9,2,30,,25798,9429,0,9,2,70,,25818,9429,0,9,2,30,,25804,9429,0,9,2,70,,25819,9429,0,9,2,30,,25805,9429,0,9,2,70,,25820,9429,0,9,2,30,,25806,9429,0,9,2,70,,25821,9429,0,9,2,30,,25807,9429,0,9,2,100,,25808,9429,0,9,2,100,,25809,9429,0,9,2,100,,25810,9429,0,9,2,100,,25811,9429,0,9,2,100,,25812,9429,0,9,2,100,,25813,9429,0,9,2,100,,25814,9429,0,9,2
1900,'F7',555,,25841,9429,0,9,2,76,,25860,9429,0,9,2,27,,25842,9429,0,9,2,52,,25843,9429,0,9,2,12,,25825,9429,0,9,2,12,,25840,9429,0,9,2,15,,25822,9429,0,9,2,61,,25839,9429,0,9,2,20,,25826,9429,0,9,2,72,,25823,9429,0,9,2,34,,25854,9429,0,9,2,70,,25824,9429,0,9,2,30,,25827,9429,0,9,2,70,,25844,9429,0,9,2,30,,25828,9429,0,9,2,70,,25845,9429,0,9,2,30,,25848,9429,0,9,2,70,,25846,9429,0,9,2,30,,25849,9429,0,9,2,71,,25847,9429,0,9,2,30,,25850,9429,0,9,2,70,,25838,9429,0,9,2,28,,25863,9429,0,9,2,21,,25861,9429,0,9,2,63,,25858,9429,0,9,2,20,,25855,9429,0,9,2,61,,25859,9429,0,9,2,18,,25851,9429,0,9,2,17,,25852,9429,0,9,2,22,,25864,9429,0,9,2,59,,25833,9429,0,9,2,24,,25853,9429,0,9,2,66,,25829,9429,0,9,2,30,,25856,9429,0,9,2,70,,25830,9429,0,9,2,30,,25857,9429,0,9,2,70,,25831,9429,0,9,2,30,,25862,9429,0,9,2,70,,25832,9429,0,9,2,30,,25834,9429,0,9,2,100,,25835,9429,0,9,2,100,,25836,9429,0,9,2,100,,25837,9429,0,9,2
1900,'F8',631,,25865,9429,0,9,2,70,,25874,9429,0,9,2,30,,25866,9429,0,9,2,70,,25875,9429,0,9,2,30,,25867,9429,0,9,2,70,,25876,9429,0,9,2,34,,25868,9429,0,9,2,70,,25877,9429,0,9,2,30,,25869,9429,0,9,2,70,,25878,9429,0,9,2,30,,25870,9429,0,9,2,70,,25890,9429,0,9,2,30,,25871,9429,0,9,2,70,,25891,9429,0,9,2,30,,25872,9429,0,9,2,70,,25892,9429,0,9,2,30,,25873,9429,0,9,2,70,,25893,9429,0,9,2,30,,25879,9429,0,9,2,70,,25894,9429,0,9,2,30,,25880,9429,0,9,2,70,,25895,9429,0,9,2,30,,25881,9429,0,9,2,70,,25896,9429,0,9,2,30,,25882,9429,0,9,2,100,,25883,9429,0,9,2,100,,25884,9429,0,9,2,100,,25885,9429,0,9,2,100,,25886,9429,0,9,2,100,,25887,9429,0,9,2,100,,25888,9429,0,9,2,100,,25889,9429,0,9,2
1900,'F9',631,,25898,9429,0,9,2,100,,25899,9429,0,9,2,100,,25900,9429,0,9,2,104,,25901,9429,0,9,2,100,,25902,9429,0,9,2,100,,25903,9429,0,9,2,100,,25904,9429,0,9,2,100,,25905,9429,0,9,2,100,,25906,9429,0,9,2,100,,25907,9429,0,9,2,100,,25908,9429,0,9,2,100,,25909,9429,0,9,2,100,,25910,9429,0,9,2,100,,25911,9429,0,9,2,100,,25912,9429,0,9,2,100,,25913,9429,0,9,2,100,,25914,9429,0,9,2,100,,25915,9429,0,9,2,100,,25916,9429,0,9,2,100,,25897,9429,0,9,2
1900,'SA',631,,25917,9429,0,9,2,70,,25926,9429,0,9,2,30,,25918,9429,0,9,2,70,,25927,9429,0,9,2,30,,25919,9429,0,9,2,70,,25928,9429,0,9,2,34,,25920,9429,0,9,2,70,,25929,9429,0,9,2,30,,25921,9429,0,9,2,70,,25930,9429,0,9,2,30,,25922,9429,0,9,2,70,,25942,9429,0,9,2,30,,25923,9429,0,9,2,70,,25943,9429,0,9,2,30,,25924,9429,0,9,2,70,,25944,9429,0,9,2,30,,25925,9429,0,9,2,70,,25945,9429,0,9,2,30,,25931,9429,0,9,2,70,,25946,9429,0,9,2,30,,25932,9429,0,9,2,70,,25947,9429,0,9,2,30,,25933,9429,0,9,2,70,,25948,9429,0,9,2,30,,25934,9429,0,9,2,100,,25935,9429,0,9,2,100,,25936,9429,0,9,2,100,,25937,9429,0,9,2,100,,25938,9429,0,9,2,100,,25939,9429,0,9,2,100,,25940,9429,0,9,2,100,,25941,9429,0,9,2
1900,'SE',555,,25968,9429,0,9,2,76,,25987,9429,0,9,2,27,,25969,9429,0,9,2,52,,25970,9429,0,9,2,12,,25952,9429,0,9,2,12,,25967,9429,0,9,2,15,,25949,9429,0,9,2,61,,25966,9429,0,9,2,20,,25953,9429,0,9,2,72,,25950,9429,0,9,2,34,,25981,9429,0,9,2,70,,25951,9429,0,9,2,30,,25954,9429,0,9,2,70,,25971,9429,0,9,2,30,,25955,9429,0,9,2,70,,25972,9429,0,9,2,30,,25975,9429,0,9,2,70,,25973,9429,0,9,2,30,,25976,9429,0,9,2,71,,25974,9429,0,9,2,30,,25977,9429,0,9,2,70,,25965,9429,0,9,2,28,,25990,9429,0,9,2,21,,25988,9429,0,9,2,63,,25985,9429,0,9,2,20,,25982,9429,0,9,2,61,,25986,9429,0,9,2,18,,25978,9429,0,9,2,17,,25979,9429,0,9,2,22,,25991,9429,0,9,2,59,,25960,9429,0,9,2,24,,25980,9429,0,9,2,66,,25956,9429,0,9,2,30,,25983,9429,0,9,2,70,,25957,9429,0,9,2,30,,25984,9429,0,9,2,70,,25958,9429,0,9,2,30,,25989,9429,0,9,2,70,,25959,9429,0,9,2,30,,25961,9429,0,9,2,100,,25962,9429,0,9,2,100,,25963,9429,0,9,2,100,,25964,9429,0,9,2
5900,'F7',1658,,32160,11276,,,2,67,,32162,11276,,,2,26,,32158,11276,,,2,62,,32159,11276,,,2,17,,32157,11276,,,2,73,,32161,11276,,,2
5900,'SE',1658,,32169,11276,,,2,67,,32171,11276,,,2,26,,32167,11276,,,2,62,,32168,11276,,,2,17,,32166,11276,,,2,73,,32170,11276,,,2
