1301,'DI',628,,24063,3526,,,1,100,,3602,3526,,,1,100,,24064,3526,,,1,100,,3603,3526,,,1,100,,24065,3526,,,1,100,,3604,3526,,,1,100,,24066,3526,,,1,100,,3605,3526,,,1,100,,24068,3526,,,1,100,,24075,3526,,,1,100,,24060,3526,,,1,100,,24067,3526,,,1,100,,24062,3526,,,1,100,,24069,3526,,,1,100,,24073,3526,,,1,100,,24071,3526,,,1,100,,24070,3526,,,1,100,,24061,3526,,,1,100,,24074,3526,,,1,100,,24072,3526,,,1
1301,'F1',628,,24083,3526,,,1,100,,24076,3526,,,1,100,,24084,3526,,,1,100,,24078,3526,,,1,100,,24079,3526,,,1,100,,24089,3526,,,1,100,,24077,3526,,,1,100,,24085,3526,,,1,100,,24080,3526,,,1,100,,24086,3526,,,1,100,,24094,3526,,,1,100,,24082,3526,,,1,100,,24090,3526,,,1,100,,24087,3526,,,1,100,,24091,3526,,,1,100,,24081,3526,,,1,100,,24093,3526,,,1,100,,24088,3526,,,1,100,,24092,3526,,,1,100,,24095,3526,,,1
1301,'F2',628,,24104,3526,,,1,100,,24097,3526,,,1,100,,24105,3526,,,1,100,,24098,3526,,,1,100,,24099,3526,,,1,100,,24106,3526,,,1,100,,24108,3526,,,1,100,,24100,3526,,,1,100,,24109,3526,,,1,100,,24101,3526,,,1,100,,24096,3526,,,1,100,,24111,3526,,,1,100,,24114,3526,,,1,100,,24102,3526,,,1,100,,24110,3526,,,1,100,,24107,3526,,,1,100,,24115,3526,,,1,100,,24112,3526,,,1,100,,24103,3526,,,1,100,,24113,3526,,,1
1301,'F7',535,,24130,3526,,,1,72,,24131,3526,,,1,30,,24129,3526,,,1,16,,24118,3526,,,1,54,,24154,3526,,,1,13,,24120,3526,,,1,14,,24147,3526,,,1,20,,24121,3526,,,1,54,,24119,3526,,,1,13,,24158,3526,,,1,15,,24140,3526,,,1,15,,24136,3526,,,1,60,,24139,3526,,,1,30,,24132,3526,,,1,70,,24117,3526,,,1,30,,24135,3526,,,1,70,,24149,3526,,,1,30,,24127,3526,,,1,70,,24141,3526,,,1,30,,24128,3526,,,1,70,,24133,3526,,,1,30,,24150,3526,,,1,70,,24137,3526,,,1,30,,24142,3526,,,1,69,,24155,3526,,,1,34,,24152,3526,,,1,69,,24116,3526,,,1,27,,24123,3526,,,1,15,,24138,3526,,,1,60,,24134,3526,,,1,22,,24159,3526,,,1,18,,24145,3526,,,1,61,,24143,3526,,,1,29,,24124,3526,,,1,69,,24157,3526,,,1,30,,24122,3526,,,1,70,,24151,3526,,,1,30,,24153,3526,,,1,70,,24144,3526,,,1,29,,24156,3526,,,1,100,,24146,3526,,,1,100,,24148,3526,,,1,100,,24125,3526,,,1,99,,24126,3526,,,1
1301,'F8',628,,24168,3526,,,1,100,,24161,3526,,,1,100,,24169,3526,,,1,100,,24162,3526,,,1,100,,24163,3526,,,1,100,,24170,3526,,,1,100,,24172,3526,,,1,100,,24164,3526,,,1,100,,24173,3526,,,1,100,,24165,3526,,,1,100,,24160,3526,,,1,100,,24175,3526,,,1,100,,24178,3526,,,1,100,,24166,3526,,,1,100,,24174,3526,,,1,100,,24171,3526,,,1,100,,24179,3526,,,1,100,,24176,3526,,,1,100,,24167,3526,,,1,100,,24177,3526,,,1
1301,'F9',628,,24187,3526,,,1,100,,24182,3526,,,1,100,,24188,3526,,,1,100,,24183,3526,,,1,100,,24189,3526,,,1,100,,24184,3526,,,1,100,,24190,3526,,,1,100,,24185,3526,,,1,100,,24192,3526,,,1,100,,24199,3526,,,1,100,,24180,3526,,,1,100,,24191,3526,,,1,100,,24186,3526,,,1,100,,24193,3526,,,1,100,,24197,3526,,,1,100,,24195,3526,,,1,100,,24194,3526,,,1,100,,24181,3526,,,1,100,,24198,3526,,,1,100,,24196,3526,,,1
1301,'SA',628,,24208,3526,,,1,100,,24201,3526,,,1,100,,24209,3526,,,1,100,,24202,3526,,,1,100,,24203,3526,,,1,100,,24210,3526,,,1,100,,24212,3526,,,1,100,,24204,3526,,,1,100,,24213,3526,,,1,100,,24205,3526,,,1,100,,24200,3526,,,1,100,,24215,3526,,,1,100,,24218,3526,,,1,100,,24206,3526,,,1,100,,24214,3526,,,1,100,,24211,3526,,,1,100,,24219,3526,,,1,100,,24216,3526,,,1,100,,24207,3526,,,1,100,,24217,3526,,,1
1301,'SE',535,,24234,3526,,,1,72,,24235,3526,,,1,30,,24233,3526,,,1,16,,24222,3526,,,1,54,,24258,3526,,,1,13,,24224,3526,,,1,14,,24251,3526,,,1,20,,24225,3526,,,1,54,,24223,3526,,,1,13,,24262,3526,,,1,15,,24244,3526,,,1,15,,24240,3526,,,1,60,,24243,3526,,,1,30,,24236,3526,,,1,70,,24221,3526,,,1,30,,24239,3526,,,1,70,,24253,3526,,,1,30,,24231,3526,,,1,70,,24245,3526,,,1,30,,24232,3526,,,1,70,,24237,3526,,,1,30,,24254,3526,,,1,70,,24241,3526,,,1,30,,24246,3526,,,1,69,,24259,3526,,,1,34,,24256,3526,,,1,69,,24220,3526,,,1,27,,24227,3526,,,1,15,,24242,3526,,,1,60,,24238,3526,,,1,22,,24263,3526,,,1,18,,24249,3526,,,1,61,,24247,3526,,,1,29,,24228,3526,,,1,69,,24261,3526,,,1,30,,24226,3526,,,1,70,,24255,3526,,,1,30,,24257,3526,,,1,70,,24248,3526,,,1,29,,24260,3526,,,1,100,,24250,3526,,,1,100,,24252,3526,,,1,100,,24229,3526,,,1,99,,24230,3526,,,1
52600,'F7',1641,,40643,8134,,,2,1,,40642,8134,,,2
52600,'SE',1641,,40645,8134,,,2,1,,40644,8134,,,2
61301,'F7',851,,40772,2514,,,2
61301,'SE',851,,40773,2514,,,2
61801,'F7',842,,40780,3439,,,2
61801,'SE',842,,40781,3439,,,2
