1300,'DI',706,,3422,7622,,,1,100,,23867,7622,,,1,100,,3423,7622,,,1,100,,23868,7622,,,1,100,,3424,7622,,,1,100,,23869,7622,,,1,100,,3425,7622,,,1,95,,23870,7622,,,1,105,,23878,7622,,,1,100,,23864,7622,,,1,100,,23871,7622,,,1,100,,23866,7622,,,1,100,,23872,7622,,,1,100,,23876,7622,,,1,100,,23874,7622,,,1,100,,23873,7622,,,1,100,,23865,7622,,,1,100,,23877,7622,,,1,100,,23875,7622,,,1
1300,'F1',706,,23879,7622,,,1,100,,23887,7622,,,1,100,,23881,7622,,,1,101,,23882,7622,,,1,99,,23892,7622,,,1,100,,23880,7622,,,1,100,,23888,7622,,,1,100,,23883,7622,,,1,100,,23889,7622,,,1,100,,23897,7622,,,1,100,,23885,7622,,,1,100,,23893,7622,,,1,100,,23890,7622,,,1,100,,23894,7622,,,1,100,,23884,7622,,,1,100,,23896,7622,,,1,100,,23891,7622,,,1,100,,23895,7622,,,1,100,,23898,7622,,,1,100,,23886,7622,,,1
1300,'F2',706,,23900,7622,,,1,100,,23907,7622,,,1,100,,23901,7622,,,1,101,,23902,7622,,,1,99,,23908,7622,,,1,100,,23910,7622,,,1,100,,23903,7622,,,1,100,,23911,7622,,,1,100,,23904,7622,,,1,100,,23899,7622,,,1,100,,23914,7622,,,1,100,,23917,7622,,,1,100,,23905,7622,,,1,100,,23912,7622,,,1,100,,23909,7622,,,1,100,,23918,7622,,,1,100,,23915,7622,,,1,100,,23906,7622,,,1,100,,23916,7622,,,1,100,,23913,7622,,,1
1300,'F7',609,,23933,7622,,,1,33,,23955,7622,,,1,67,,23949,7622,,,1,32,,23923,7622,,,1,15,,23941,7622,,,1,55,,23924,7622,,,1,15,,23936,7622,,,1,25,,23927,7622,,,1,65,,23919,7622,,,1,29,,23921,7622,,,1,70,,23931,7622,,,1,30,,23930,7622,,,1,70,,23925,7622,,,1,30,,23943,7622,,,1,70,,23922,7622,,,1,31,,23932,7622,,,1,70,,23951,7622,,,1,30,,23938,7622,,,1,70,,23944,7622,,,1,30,,23956,7622,,,1,72,,23953,7622,,,1,30,,23920,7622,,,1,61,,23946,7622,,,1,20,,23939,7622,,,1,15,,23940,7622,,,1,13,,23942,7622,,,1,50,,23959,7622,,,1,16,,23947,7622,,,1,20,,23937,7622,,,1,60,,23935,7622,,,1,20,,23934,7622,,,1,27,,23958,7622,,,1,68,,23926,7622,,,1,32,,23952,7622,,,1,70,,23954,7622,,,1,30,,23945,7622,,,1,69,,23957,7622,,,1,100,,23948,7622,,,1,100,,23950,7622,,,1,100,,23928,7622,,,1,103,,23929,7622,,,1
1300,'F8',706,,23961,7622,,,1,100,,23968,7622,,,1,100,,23962,7622,,,1,101,,23963,7622,,,1,99,,23969,7622,,,1,100,,23971,7622,,,1,100,,23964,7622,,,1,100,,23972,7622,,,1,100,,23965,7622,,,1,100,,23960,7622,,,1,100,,23975,7622,,,1,100,,23978,7622,,,1,100,,23966,7622,,,1,100,,23973,7622,,,1,100,,23970,7622,,,1,100,,23979,7622,,,1,100,,23976,7622,,,1,100,,23967,7622,,,1,100,,23977,7622,,,1,100,,23974,7622,,,1
1300,'F9',706,,23982,7622,,,1,100,,23987,7622,,,1,100,,23983,7622,,,1,100,,23988,7622,,,1,100,,23984,7622,,,1,100,,23989,7622,,,1,100,,23985,7622,,,1,95,,23990,7622,,,1,105,,23998,7622,,,1,100,,23980,7622,,,1,100,,23991,7622,,,1,100,,23986,7622,,,1,100,,23992,7622,,,1,100,,23996,7622,,,1,100,,23994,7622,,,1,100,,23993,7622,,,1,100,,23981,7622,,,1,100,,23997,7622,,,1,100,,23995,7622,,,1
1300,'SA',706,,24000,7622,,,1,100,,24007,7622,,,1,100,,24001,7622,,,1,101,,24002,7622,,,1,99,,24008,7622,,,1,100,,24010,7622,,,1,100,,24003,7622,,,1,100,,24011,7622,,,1,100,,24004,7622,,,1,100,,23999,7622,,,1,100,,24014,7622,,,1,100,,24017,7622,,,1,100,,24005,7622,,,1,100,,24012,7622,,,1,100,,24009,7622,,,1,100,,24018,7622,,,1,100,,24015,7622,,,1,100,,24006,7622,,,1,100,,24016,7622,,,1,100,,24013,7622,,,1
1300,'SE',609,,24033,7622,,,1,33,,24055,7622,,,1,67,,24049,7622,,,1,32,,24023,7622,,,1,15,,24041,7622,,,1,55,,24024,7622,,,1,15,,24036,7622,,,1,25,,24027,7622,,,1,65,,24019,7622,,,1,29,,24021,7622,,,1,70,,24031,7622,,,1,30,,24030,7622,,,1,70,,24025,7622,,,1,30,,24043,7622,,,1,70,,24022,7622,,,1,31,,24032,7622,,,1,70,,24051,7622,,,1,30,,24038,7622,,,1,70,,24044,7622,,,1,30,,24056,7622,,,1,72,,24053,7622,,,1,30,,24020,7622,,,1,61,,24046,7622,,,1,20,,24039,7622,,,1,15,,24040,7622,,,1,13,,24042,7622,,,1,50,,24059,7622,,,1,16,,24047,7622,,,1,20,,24037,7622,,,1,60,,24035,7622,,,1,20,,24034,7622,,,1,27,,24058,7622,,,1,68,,24026,7622,,,1,32,,24052,7622,,,1,70,,24054,7622,,,1,30,,24045,7622,,,1,69,,24057,7622,,,1,100,,24048,7622,,,1,100,,24050,7622,,,1,100,,24028,7622,,,1,103,,24029,7622,,,1
61300,'F7',1652,,40770,7193,,,2,53,,40769,7193,,,2
61300,'SE',1652,,18881,7193,,,2,53,,40771,7193,,,2
