301,'DI',618,,698,3845,,,1,100,,687,3845,,,1,100,,699,3845,,,1,100,,688,3845,,,1,100,,700,3845,,,1,100,,689,3845,,,1,100,,701,3845,,,1,100,,690,3845,,,1,100,,702,3845,,,1,100,,703,3845,,,1,100,,704,3845,,,1,100,,705,3845,,,1,100,,706,3845,,,1,100,,691,3845,,,1,100,,692,3845,,,1,100,,693,3845,,,1,100,,694,3845,,,1,100,,695,3845,,,1,100,,696,3845,,,1
301,'F1',548,,707,3845,,,1,70,,727,3845,,,1,30,,708,3845,,,1,70,,732,3845,,,1,30,,709,3845,,,1,70,,734,3845,,,1,30,,710,3845,,,1,70,,733,3845,,,1,30,,711,3845,,,1,70,,728,3845,,,1,30,,712,3845,,,1,70,,729,3845,,,1,30,,713,3845,,,1,70,,737,3845,,,1,30,,714,3845,,,1,70,,735,3845,,,1,30,,715,3845,,,1,70,,738,3845,,,1,30,,716,3845,,,1,70,,736,3845,,,1,30,,717,3845,,,1,70,,730,3845,,,1,30,,718,3845,,,1,70,,731,3845,,,1,30,,719,3845,,,1,70,,740,3845,,,1,100,,721,3845,,,1,100,,722,3845,,,1,100,,723,3845,,,1,100,,724,3845,,,1,100,,725,3845,,,1,100,,739,3845,,,1
301,'F7',618,,752,3845,,,1,100,,741,3845,,,1,100,,753,3845,,,1,100,,742,3845,,,1,100,,754,3845,,,1,100,,743,3845,,,1,100,,755,3845,,,1,100,,744,3845,,,1,100,,756,3845,,,1,100,,757,3845,,,1,100,,758,3845,,,1,100,,759,3845,,,1,100,,760,3845,,,1,100,,745,3845,,,1,100,,746,3845,,,1,100,,747,3845,,,1,100,,748,3845,,,1,100,,749,3845,,,1,100,,750,3845,,,1
301,'F8',506,,776,3845,,,1,30,,777,3845,,,1,71,,799,3845,,,1,24,,793,3845,,,1,20,,788,3845,,,1,60,,800,3845,,,1,21,,797,3845,,,1,17,,789,3845,,,1,62,,791,3845,,,1,21,,798,3845,,,1,20,,790,3845,,,1,69,,771,3845,,,1,30,,774,3845,,,1,70,,770,3845,,,1,30,,775,3845,,,1,70,,761,3845,,,1,30,,765,3845,,,1,70,,762,3845,,,1,30,,766,3845,,,1,70,,763,3845,,,1,30,,767,3845,,,1,70,,764,3845,,,1,30,,792,3845,,,1,72,,786,3845,,,1,79,,804,3845,,,1,44,,796,3845,,,1,81,,802,3845,,,1,78,,803,3845,,,1,49,,783,3845,,,1,67,,778,3845,,,1,28,,768,3845,,,1,70,,779,3845,,,1,30,,769,3845,,,1,70,,780,3845,,,1,30,,784,3845,,,1,70,,781,3845,,,1,100,,782,3845,,,1,100,,772,3845,,,1
301,'F9',548,,805,3845,,,1,70,,825,3845,,,1,30,,806,3845,,,1,70,,830,3845,,,1,30,,807,3845,,,1,70,,832,3845,,,1,30,,808,3845,,,1,70,,831,3845,,,1,30,,809,3845,,,1,70,,826,3845,,,1,30,,810,3845,,,1,70,,827,3845,,,1,30,,811,3845,,,1,70,,835,3845,,,1,30,,812,3845,,,1,70,,833,3845,,,1,30,,813,3845,,,1,70,,836,3845,,,1,30,,814,3845,,,1,70,,834,3845,,,1,30,,815,3845,,,1,70,,828,3845,,,1,30,,816,3845,,,1,70,,829,3845,,,1,30,,817,3845,,,1,70,,838,3845,,,1,100,,819,3845,,,1,100,,820,3845,,,1,100,,821,3845,,,1,100,,822,3845,,,1,100,,823,3845,,,1,100,,837,3845,,,1
301,'SA',548,,839,3845,,,1,70,,859,3845,,,1,30,,840,3845,,,1,70,,864,3845,,,1,30,,841,3845,,,1,70,,866,3845,,,1,30,,842,3845,,,1,70,,865,3845,,,1,30,,843,3845,,,1,70,,860,3845,,,1,30,,844,3845,,,1,70,,861,3845,,,1,30,,845,3845,,,1,70,,869,3845,,,1,30,,846,3845,,,1,70,,867,3845,,,1,30,,847,3845,,,1,70,,870,3845,,,1,30,,848,3845,,,1,70,,868,3845,,,1,30,,849,3845,,,1,70,,862,3845,,,1,30,,850,3845,,,1,70,,863,3845,,,1,30,,851,3845,,,1,70,,872,3845,,,1,100,,853,3845,,,1,100,,854,3845,,,1,100,,855,3845,,,1,100,,856,3845,,,1,100,,857,3845,,,1,100,,871,3845,,,1
301,'SE',506,,888,3845,,,1,30,,889,3845,,,1,71,,911,3845,,,1,24,,905,3845,,,1,20,,900,3845,,,1,60,,912,3845,,,1,21,,909,3845,,,1,17,,901,3845,,,1,62,,903,3845,,,1,21,,910,3845,,,1,20,,902,3845,,,1,69,,883,3845,,,1,30,,886,3845,,,1,70,,882,3845,,,1,30,,887,3845,,,1,70,,873,3845,,,1,30,,877,3845,,,1,70,,874,3845,,,1,30,,878,3845,,,1,70,,875,3845,,,1,30,,879,3845,,,1,70,,876,3845,,,1,30,,904,3845,,,1,72,,898,3845,,,1,79,,916,3845,,,1,44,,908,3845,,,1,81,,914,3845,,,1,78,,915,3845,,,1,49,,895,3845,,,1,67,,890,3845,,,1,28,,880,3845,,,1,70,,891,3845,,,1,30,,881,3845,,,1,70,,892,3845,,,1,30,,896,3845,,,1,70,,893,3845,,,1,100,,894,3845,,,1,100,,884,3845,,,1
50300,'F8',1632,,18734,5938,,,2
50300,'SE',1632,,18735,5938,,,2
60101,'F8',844,,18852,4580,,,2
60101,'SE',844,,18853,4580,,,2
