8101,'DI',610,,35898,1271,0,51,1,100,,35895,1271,0,51,1,100,,35884,1271,0,51,1,103,,35891,1271,0,51,1,100,,35885,1271,0,51,1,100,,35893,1271,0,51,1,100,,35897,1271,0,51,1,100,,35899,1271,0,51,1,100,,35888,1271,0,51,1,100,,35892,1271,0,51,1,100,,35883,1271,0,51,1,96,,35896,1271,0,51,1,108,,35886,1271,0,51,1,96,,35894,1271,0,51,1,100,,35887,1271,0,51,1,100,,35900,1271,0,51,1,100,,35889,1271,0,51,1,100,,35902,1271,0,51,1,100,,35901,1271,0,51,1,100,,35890,1271,0,51,1
8101,'F1',610,,35905,1271,0,51,1,100,,35903,1271,0,51,1,100,,35911,1271,0,51,1,103,,35919,1271,0,51,1,100,,35916,1271,0,51,1,100,,35904,1271,0,51,1,100,,35912,1271,0,51,1,100,,35909,1271,0,51,1,100,,35917,1271,0,51,1,100,,35923,1271,0,51,1,100,,35920,1271,0,51,1,100,,35918,1271,0,51,1,104,,35915,1271,0,51,1,96,,35914,1271,0,51,1,100,,35921,1271,0,51,1,100,,35907,1271,0,51,1,100,,35910,1271,0,51,1,100,,35913,1271,0,51,1,100,,35906,1271,0,51,1,100,,35908,1271,0,51,1,100,,35922,1271,0,51,1
8101,'F2',610,,35929,1271,0,51,1,100,,35936,1271,0,51,1,100,,35942,1271,0,51,1,103,,35937,1271,0,51,1,100,,35938,1271,0,51,1,100,,35943,1271,0,51,1,100,,35924,1271,0,51,1,100,,35926,1271,0,51,1,100,,35932,1271,0,51,1,100,,35939,1271,0,51,1,100,,35944,1271,0,51,1,100,,35930,1271,0,51,1,104,,35933,1271,0,51,1,96,,35940,1271,0,51,1,100,,35925,1271,0,51,1,100,,35934,1271,0,51,1,100,,35928,1271,0,51,1,100,,35941,1271,0,51,1,100,,35935,1271,0,51,1,100,,35931,1271,0,51,1,100,,35927,1271,0,51,1
8101,'F7',540,,35962,1271,0,51,1,70,,35959,1271,0,51,1,22,,35948,1271,0,51,1,78,,35960,1271,0,51,1,30,,35955,1271,0,51,1,71,,35965,1271,0,51,1,29,,35961,1271,0,51,1,76,,35953,1271,0,51,1,98,,35945,1271,0,51,1,100,,35963,1271,0,51,1,100,,35954,1271,0,51,1,100,,35972,1271,0,51,1,100,,35970,1271,0,51,1,100,,35951,1271,0,51,1,31,,35968,1271,0,51,1,72,,35973,1271,0,51,1,30,,35964,1271,0,51,1,70,,35956,1271,0,51,1,30,,35947,1271,0,51,1,70,,35969,1271,0,51,1,30,,35957,1271,0,51,1,66,,35946,1271,0,51,1,100,,35952,1271,0,51,1,100,,35949,1271,0,51,1,100,,35966,1271,0,51,1,100,,35971,1271,0,51,1,100,,35950,1271,0,51,1,100,,35967,1271,0,51,1,100,,35958,1271,0,51,1
8101,'F8',610,,35979,1271,0,51,1,100,,35986,1271,0,51,1,100,,35992,1271,0,51,1,103,,35987,1271,0,51,1,100,,35988,1271,0,51,1,100,,35993,1271,0,51,1,100,,35974,1271,0,51,1,100,,35976,1271,0,51,1,100,,35982,1271,0,51,1,100,,35989,1271,0,51,1,100,,35994,1271,0,51,1,100,,35980,1271,0,51,1,104,,35983,1271,0,51,1,96,,35990,1271,0,51,1,100,,35975,1271,0,51,1,100,,35984,1271,0,51,1,100,,35978,1271,0,51,1,100,,35991,1271,0,51,1,100,,35985,1271,0,51,1,100,,35981,1271,0,51,1,100,,35977,1271,0,51,1
8101,'F9',610,,36010,1271,0,51,1,100,,36007,1271,0,51,1,100,,35996,1271,0,51,1,103,,36003,1271,0,51,1,100,,35997,1271,0,51,1,100,,36005,1271,0,51,1,100,,36009,1271,0,51,1,100,,36011,1271,0,51,1,100,,36000,1271,0,51,1,100,,36004,1271,0,51,1,100,,35995,1271,0,51,1,96,,36008,1271,0,51,1,108,,35998,1271,0,51,1,96,,36006,1271,0,51,1,100,,35999,1271,0,51,1,100,,36012,1271,0,51,1,100,,36001,1271,0,51,1,100,,36014,1271,0,51,1,100,,36013,1271,0,51,1,100,,36002,1271,0,51,1
8101,'SA',610,,36020,1271,0,51,1,100,,36027,1271,0,51,1,100,,36033,1271,0,51,1,103,,36028,1271,0,51,1,100,,36029,1271,0,51,1,100,,14421,1271,0,51,1,100,,36015,1271,0,51,1,100,,36017,1271,0,51,1,100,,36023,1271,0,51,1,100,,36030,1271,0,51,1,100,,36034,1271,0,51,1,100,,36021,1271,0,51,1,104,,36024,1271,0,51,1,96,,36031,1271,0,51,1,100,,36016,1271,0,51,1,100,,36025,1271,0,51,1,100,,36019,1271,0,51,1,100,,36032,1271,0,51,1,100,,36026,1271,0,51,1,100,,36022,1271,0,51,1,100,,36018,1271,0,51,1
8101,'SE',540,,36052,1271,0,51,1,70,,36049,1271,0,51,1,22,,36038,1271,0,51,1,78,,36050,1271,0,51,1,30,,36045,1271,0,51,1,71,,36055,1271,0,51,1,29,,36051,1271,0,51,1,76,,36043,1271,0,51,1,98,,36035,1271,0,51,1,100,,36053,1271,0,51,1,100,,36044,1271,0,51,1,100,,36062,1271,0,51,1,100,,36060,1271,0,51,1,100,,36041,1271,0,51,1,31,,36058,1271,0,51,1,72,,36063,1271,0,51,1,30,,36054,1271,0,51,1,70,,36046,1271,0,51,1,30,,36037,1271,0,51,1,70,,36059,1271,0,51,1,30,,36047,1271,0,51,1,66,,36036,1271,0,51,1,100,,36042,1271,0,51,1,100,,36039,1271,0,51,1,100,,36056,1271,0,51,1,100,,36061,1271,0,51,1,100,,36040,1271,0,51,1,100,,36057,1271,0,51,1,100,,36048,1271,0,51,1
8401,'F7',620,,36551,1271,0,50,2,15,,36559,1271,0,50,2,65,,36562,1271,0,50,2,20,,36550,1271,0,50,2,24,,36561,1271,0,50,2,56,,36564,1271,0,50,2,20,,36565,1271,0,50,2,20,,36560,1271,0,50,2,66,,36563,1271,0,50,2,47,,36546,1271,0,50,2,100,,36547,1271,0,50,2,100,,36576,1271,0,50,2,100,,36552,1271,0,50,2,100,,36556,1271,0,50,2,95,,36566,1271,0,50,2,5,,36557,1271,0,50,2,78,,36578,1271,0,50,2,19,,36548,1271,0,50,2,60,,36558,1271,0,50,2,21,,36569,1271,0,50,2,21,,36577,1271,0,50,2,59,,36568,1271,0,50,2,20,,36567,1271,0,50,2,20,,36554,1271,0,50,2,61,,36555,1271,0,50,2,19,,36553,1271,0,50,2,20,,36549,1271,0,50,2,100,,36570,1271,0,50,2,100,,36571,1271,0,50,2,100,,36572,1271,0,50,2,100,,36573,1271,0,50,2,100,,36574,1271,0,50,2,100,,36575,1271,0,50,2
8401,'SE',620,,36584,1271,0,50,2,15,,36592,1271,0,50,2,65,,36595,1271,0,50,2,20,,36583,1271,0,50,2,24,,36594,1271,0,50,2,56,,36597,1271,0,50,2,20,,36598,1271,0,50,2,20,,36593,1271,0,50,2,66,,36596,1271,0,50,2,47,,36579,1271,0,50,2,100,,36580,1271,0,50,2,100,,36609,1271,0,50,2,100,,36585,1271,0,50,2,100,,36589,1271,0,50,2,95,,36599,1271,0,50,2,5,,36590,1271,0,50,2,78,,36611,1271,0,50,2,19,,36581,1271,0,50,2,60,,36591,1271,0,50,2,21,,36602,1271,0,50,2,21,,36610,1271,0,50,2,59,,36601,1271,0,50,2,20,,36600,1271,0,50,2,20,,36587,1271,0,50,2,61,,36588,1271,0,50,2,19,,36586,1271,0,50,2,20,,36582,1271,0,50,2,100,,36603,1271,0,50,2,100,,36604,1271,0,50,2,100,,36605,1271,0,50,2,100,,36606,1271,0,50,2,100,,36607,1271,0,50,2,100,,36608,1271,0,50,2
68300,'F7',1636,,40894,9468,,,2
68300,'SE',1636,,40895,9468,,,2
