3800,'DI',647,,28912,1990,,,1,100,,28918,1990,,,1,100,,28916,1990,,,1,101,,28910,1990,,,1,96,,28919,1990,,,1,100,,28907,1990,,,1,101,,28923,1990,,,1,100,,28911,1990,,,1,100,,28917,1990,,,1,101,,28920,1990,,,1,104,,28908,1990,,,1,101,,28913,1990,,,1,98,,28914,1990,,,1,100,,28909,1990,,,1,99,,28921,1990,,,1,101,,28915,1990,,,1,100,,28922,1990,,,1,100,,28924,1990,,,1
3800,'F1',547,,28941,1990,,,1,100,,28942,1990,,,1,100,,28925,1990,,,1,100,,28943,1990,,,1,100,,28927,1990,,,1,100,,28929,1990,,,1,100,,28928,1990,,,1,102,,28930,1990,,,1,100,,28934,1990,,,1,100,,28931,1990,,,1,102,,28935,1990,,,1,100,,28932,1990,,,1,100,,28936,1990,,,1,98,,28933,1990,,,1,100,,28926,1990,,,1,99,,28937,1990,,,1,100,,28939,1990,,,1,101,,28938,1990,,,1,99,,28940,1990,,,1
3800,'F2',547,,28949,1990,,,1,100,,28946,1990,,,1,100,,28956,1990,,,1,100,,28950,1990,,,1,100,,28957,1990,,,1,100,,28951,1990,,,1,100,,28958,1990,,,1,102,,28952,1990,,,1,100,,28959,1990,,,1,100,,28953,1990,,,1,102,,28947,1990,,,1,100,,28954,1990,,,1,100,,28948,1990,,,1,98,,28955,1990,,,1,100,,28944,1990,,,1,99,,28960,1990,,,1,100,,28945,1990,,,1,101,,28961,1990,,,1,99,,28962,1990,,,1
3800,'F7',602,,28984,1990,,,1,21,,28970,1990,,,1,18,,28979,1990,,,1,18,,28971,1990,,,1,64,,28981,1990,,,1,12,,28972,1990,,,1,20,,28991,1990,,,1,64,,28982,1990,,,1,29,,28964,1990,,,1,58,,28980,1990,,,1,17,,28986,1990,,,1,30,,28967,1990,,,1,84,,28987,1990,,,1,100,,28990,1990,,,1,100,,28974,1990,,,1,100,,28992,1990,,,1,95,,28975,1990,,,1,27,,28976,1990,,,1,72,,28963,1990,,,1,70,,28985,1990,,,1,30,,28988,1990,,,1,71,,28965,1990,,,1,26,,28973,1990,,,1,27,,28989,1990,,,1,94,,28969,1990,,,1,100,,28978,1990,,,1,100,,28983,1990,,,1,100,,28977,1990,,,1,100,,28966,1990,,,1,100,,28968,1990,,,1
3800,'F8',547,,28998,1990,,,1,100,,28995,1990,,,1,100,,29005,1990,,,1,100,,28999,1990,,,1,100,,29006,1990,,,1,100,,29000,1990,,,1,100,,29007,1990,,,1,102,,29001,1990,,,1,100,,29008,1990,,,1,100,,29002,1990,,,1,102,,28996,1990,,,1,100,,29003,1990,,,1,100,,28997,1990,,,1,98,,29004,1990,,,1,100,,28993,1990,,,1,99,,29009,1990,,,1,100,,28994,1990,,,1,101,,29010,1990,,,1,99,,29011,1990,,,1
3800,'F9',647,,29017,1990,,,1,100,,29023,1990,,,1,100,,29021,1990,,,1,101,,29015,1990,,,1,96,,29024,1990,,,1,100,,29012,1990,,,1,101,,29028,1990,,,1,100,,29016,1990,,,1,100,,29022,1990,,,1,101,,29025,1990,,,1,104,,29013,1990,,,1,101,,29018,1990,,,1,98,,29019,1990,,,1,100,,29014,1990,,,1,99,,29026,1990,,,1,101,,29020,1990,,,1,100,,29027,1990,,,1,100,,29029,1990,,,1
3800,'SA',547,,29035,1990,,,1,100,,29032,1990,,,1,100,,29042,1990,,,1,100,,29036,1990,,,1,100,,29043,1990,,,1,100,,29037,1990,,,1,100,,29044,1990,,,1,102,,29038,1990,,,1,100,,29045,1990,,,1,100,,29039,1990,,,1,102,,29033,1990,,,1,100,,29040,1990,,,1,100,,29034,1990,,,1,98,,29041,1990,,,1,100,,29030,1990,,,1,99,,29046,1990,,,1,100,,29031,1990,,,1,101,,29047,1990,,,1,99,,29048,1990,,,1
3800,'SE',602,,29070,1990,,,1,21,,29056,1990,,,1,18,,29065,1990,,,1,18,,29057,1990,,,1,64,,29067,1990,,,1,12,,29058,1990,,,1,20,,29077,1990,,,1,64,,29068,1990,,,1,29,,29050,1990,,,1,58,,29066,1990,,,1,17,,29072,1990,,,1,30,,29053,1990,,,1,84,,29073,1990,,,1,100,,29076,1990,,,1,100,,29060,1990,,,1,100,,29078,1990,,,1,95,,29061,1990,,,1,27,,29062,1990,,,1,72,,29049,1990,,,1,70,,29071,1990,,,1,30,,29074,1990,,,1,71,,29051,1990,,,1,26,,29059,1990,,,1,27,,29075,1990,,,1,94,,29055,1990,,,1,100,,29064,1990,,,1,100,,29069,1990,,,1,100,,29063,1990,,,1,100,,29052,1990,,,1,100,,29054,1990,,,1
55100,'F7',1644,,40713,9384,,,2
55100,'SE',1644,,40714,9384,,,2
