2300,'F1',648,,6623,3685,,,2,100,,6624,3685,,,2,100,,6621,3685,,,2,101,,6622,3685,,,2,99,,6625,3685,,,2,103,,6626,3685,,,2,97,,6618,3685,,,2,100,,6619,3685,,,2,100,,6620,3685,,,2,100,,6629,3685,,,2,100,,6627,3685,,,2,102,,6628,3685,,,2
2300,'F8',949,,6632,3685,,,2,100,,6630,3685,,,2,100,,6633,3685,,,2,100,,6631,3685,,,2,100,,6634,3685,,,2
2300,'F9',648,,6640,3685,,,2,100,,6641,3685,,,2,100,,6638,3685,,,2,101,,6639,3685,,,2,99,,6642,3685,,,2,103,,6643,3685,,,2,97,,6635,3685,,,2,100,,6636,3685,,,2,100,,6637,3685,,,2,100,,6646,3685,,,2,100,,6644,3685,,,2,102,,6645,3685,,,2
2300,'SA',648,,6652,3685,,,2,100,,6653,3685,,,2,100,,6650,3685,,,2,101,,6651,3685,,,2,99,,6654,3685,,,2,103,,6655,3685,,,2,97,,6647,3685,,,2,100,,6648,3685,,,2,100,,6649,3685,,,2,100,,6658,3685,,,2,100,,6656,3685,,,2,102,,6657,3685,,,2
2300,'SE',949,,6661,3685,,,2,100,,6659,3685,,,2,100,,6662,3685,,,2,100,,6660,3685,,,2,100,,6663,3685,,,2
12300,'DI',619,,15895,3685,0,42 43,2,100,,15901,3685,0,42 43,2,100,,15896,3685,0,42 43,2,100,,15902,3685,0,42 43,2,100,,15897,3685,0,42 43,2,100,,15903,3685,0,42 43,2,105,,15898,3685,0,42 43,2,95,,15904,3685,0,42 43,2,100,,15899,3685,0,42 43,2,100,,15905,3685,0,42 43,2,100,,15900,3685,0,42 43,2,100,,15906,3685,0,42 43,2,100,,15907,3685,0,42 43,2,100,,15892,3685,0,42 43,2,100,,15908,3685,0,42 43,2,100,,15893,3685,0,42 43,2,100,,15909,3685,0,42 43,2,100,,15894,3685,0,42 43,2,100,,15910,3685,0,42 43,2
12300,'F1',618,,15911,3685,0,42 43,2,100,,15924,3685,0,42 43,2,100,,15912,3685,0,42 43,2,105,,15925,3685,0,42 43,2,99,,15913,3685,0,42 43,2,100,,15926,3685,0,42 43,2,100,,15914,3685,0,42 43,2,96,,15927,3685,0,42 43,2,100,,15915,3685,0,42 43,2,100,,15928,3685,0,42 43,2,104,,15916,3685,0,42 43,2,101,,15929,3685,0,42 43,2,99,,15917,3685,0,42 43,2,96,,15921,3685,0,42 43,2,100,,15918,3685,0,42 43,2,100,,15922,3685,0,42 43,2,100,,15919,3685,0,42 43,2,100,,15923,3685,0,42 43,2,100,,15920,3685,0,42 43,2
12300,'F7',619,,15933,3685,0,42 43,2,100,,15939,3685,0,42 43,2,100,,15934,3685,0,42 43,2,100,,15940,3685,0,42 43,2,100,,15935,3685,0,42 43,2,100,,15941,3685,0,42 43,2,105,,15936,3685,0,42 43,2,95,,15942,3685,0,42 43,2,100,,15937,3685,0,42 43,2,100,,15943,3685,0,42 43,2,100,,15938,3685,0,42 43,2,100,,15944,3685,0,42 43,2,100,,15945,3685,0,42 43,2,100,,15930,3685,0,42 43,2,100,,15946,3685,0,42 43,2,100,,15931,3685,0,42 43,2,100,,15947,3685,0,42 43,2,100,,15932,3685,0,42 43,2,100,,15948,3685,0,42 43,2
12300,'F8',511,,15964,3685,0,42 43,2,33,,15951,3685,0,42 43,2,15,,15954,3685,0,42 43,2,50,,15968,3685,0,42 43,2,10,,15953,3685,0,42 43,2,10,,15956,3685,0,42 43,2,11,,15969,3685,0,42 43,2,8,,15952,3685,0,42 43,2,52,,15973,3685,0,42 43,2,10,,15970,3685,0,42 43,2,21,,15974,3685,0,42 43,2,17,,15976,3685,0,42 43,2,69,,15977,3685,0,42 43,2,29,,15975,3685,0,42 43,2,69,,15955,3685,0,42 43,2,102,,15965,3685,0,42 43,2,100,,15949,3685,0,42 43,2,99,,15979,3685,0,42 43,2,101,,15959,3685,0,42 43,2,5,,15984,3685,0,42 43,2,93,,15957,3685,0,42 43,2,30,,15978,3685,0,42 43,2,71,,15960,3685,0,42 43,2,26,,15983,3685,0,42 43,2,71,,15982,3685,0,42 43,2,31,,15981,3685,0,42 43,2,71,,15962,3685,0,42 43,2,30,,15950,3685,0,42 43,2,76,,15961,3685,0,42 43,2,28,,15963,3685,0,42 43,2,70,,15985,3685,0,42 43,2,30,,15958,3685,0,42 43,2,70,,15980,3685,0,42 43,2,100,,15971,3685,0,42 43,2,100,,15966,3685,0,42 43,2,99,,15972,3685,0,42 43,2,100,,15967,3685,0,42 43,2
12300,'F9',618,,15986,3685,0,42 43,2,100,,15999,3685,0,42 43,2,100,,15987,3685,0,42 43,2,105,,16000,3685,0,42 43,2,99,,15988,3685,0,42 43,2,100,,16001,3685,0,42 43,2,100,,15989,3685,0,42 43,2,96,,16002,3685,0,42 43,2,100,,15990,3685,0,42 43,2,100,,16003,3685,0,42 43,2,104,,15991,3685,0,42 43,2,101,,16004,3685,0,42 43,2,99,,15992,3685,0,42 43,2,96,,15996,3685,0,42 43,2,100,,15993,3685,0,42 43,2,100,,15997,3685,0,42 43,2,100,,15994,3685,0,42 43,2,100,,15998,3685,0,42 43,2,100,,15995,3685,0,42 43,2
12300,'SA',618,,16005,3685,0,42 43,2,100,,16018,3685,0,42 43,2,100,,16006,3685,0,42 43,2,105,,16019,3685,0,42 43,2,99,,16007,3685,0,42 43,2,100,,16020,3685,0,42 43,2,100,,16008,3685,0,42 43,2,96,,16021,3685,0,42 43,2,100,,16009,3685,0,42 43,2,100,,16022,3685,0,42 43,2,104,,16010,3685,0,42 43,2,101,,16023,3685,0,42 43,2,99,,16011,3685,0,42 43,2,96,,16015,3685,0,42 43,2,100,,16012,3685,0,42 43,2,100,,16016,3685,0,42 43,2,100,,16013,3685,0,42 43,2,100,,16017,3685,0,42 43,2,100,,16014,3685,0,42 43,2
12300,'SE',511,,16039,3685,0,42 43,2,33,,16026,3685,0,42 43,2,15,,16029,3685,0,42 43,2,50,,16043,3685,0,42 43,2,10,,16028,3685,0,42 43,2,10,,16031,3685,0,42 43,2,11,,16044,3685,0,42 43,2,8,,16027,3685,0,42 43,2,52,,16048,3685,0,42 43,2,10,,16045,3685,0,42 43,2,21,,16049,3685,0,42 43,2,17,,16051,3685,0,42 43,2,69,,16052,3685,0,42 43,2,29,,16050,3685,0,42 43,2,69,,16030,3685,0,42 43,2,102,,16040,3685,0,42 43,2,100,,16024,3685,0,42 43,2,99,,16054,3685,0,42 43,2,101,,16034,3685,0,42 43,2,5,,16059,3685,0,42 43,2,93,,16032,3685,0,42 43,2,30,,16053,3685,0,42 43,2,71,,16035,3685,0,42 43,2,26,,16058,3685,0,42 43,2,71,,16057,3685,0,42 43,2,31,,16056,3685,0,42 43,2,71,,16037,3685,0,42 43,2,30,,16025,3685,0,42 43,2,76,,16036,3685,0,42 43,2,28,,16038,3685,0,42 43,2,70,,16060,3685,0,42 43,2,30,,16033,3685,0,42 43,2,70,,16055,3685,0,42 43,2,100,,16046,3685,0,42 43,2,100,,16041,3685,0,42 43,2,99,,16047,3685,0,42 43,2,100,,16042,3685,0,42 43,2
17000,'F8',549,,17038,6313,0,46,2,70,,17042,6313,0,46,2,31,,17039,6313,0,46,2,70,,17043,6313,0,46,2,30,,17040,6313,0,46,2,73,,17044,6313,0,46,2,28,,17041,6313,0,46,2,692,,17045,6313,0,46,2,70,,17049,6313,0,46,2,30,,17046,6313,0,46,2,70,,17050,6313,0,46,2,30,,17047,6313,0,46,2,70,,17051,6313,0,46,2,30,,17048,6313,0,46,2
17000,'SE',549,,17052,6313,0,46,2,70,,17056,6313,0,46,2,31,,17053,6313,0,46,2,70,,17057,6313,0,46,2,30,,17054,6313,0,46,2,73,,17058,6313,0,46,2,28,,17055,6313,0,46,2,692,,17059,6313,0,46,2,70,,17063,6313,0,46,2,30,,17060,6313,0,46,2,70,,17064,6313,0,46,2,30,,17061,6313,0,46,2,70,,17065,6313,0,46,2,30,,17062,6313,0,46,2
