8301,'DI',728,,14680,8463,,,1,100,,14681,8463,,,1,108,,14682,8463,,,1,100,,14683,8463,,,1,100,,14684,8463,,,1,100,,14685,8463,,,1,100,,14686,8463,,,1,100,,14687,8463,,,1,100,,14688,8463,,,1,100,,14689,8463,,,1,100,,14690,8463,,,1,100,,14691,8463,,,1,100,,14692,8463,,,1,100,,14693,8463,,,1,100,,14694,8463,,,1,100,,14695,8463,,,1,100,,14696,8463,,,1,100,,14697,8463,,,1
8301,'F1',628,,14698,8463,,,1,100,,14699,8463,,,1,100,,14700,8463,,,1,108,,14701,8463,,,1,100,,14702,8463,,,1,100,,14703,8463,,,1,100,,14704,8463,,,1,100,,14705,8463,,,1,100,,14706,8463,,,1,100,,14707,8463,,,1,100,,14708,8463,,,1,100,,14709,8463,,,1,100,,14710,8463,,,1,100,,14711,8463,,,1,100,,14712,8463,,,1,100,,14713,8463,,,1,100,,14714,8463,,,1,100,,14715,8463,,,1,100,,14716,8463,,,1,100,,14717,8463,,,1
8301,'F7',728,,14718,8463,,,1,100,,14719,8463,,,1,108,,14720,8463,,,1,100,,14721,8463,,,1,100,,14722,8463,,,1,100,,14723,8463,,,1,100,,14724,8463,,,1,100,,14725,8463,,,1,100,,14726,8463,,,1,100,,14727,8463,,,1,100,,14728,8463,,,1,100,,14729,8463,,,1,100,,14730,8463,,,1,100,,14731,8463,,,1,100,,14732,8463,,,1,100,,14733,8463,,,1,100,,14734,8463,,,1,100,,14735,8463,,,1
8301,'F8',552,,14757,8463,,,1,70,,14754,8463,,,1,20,,14748,8463,,,1,16,,14758,8463,,,1,65,,14743,8463,,,1,20,,14760,8463,,,1,62,,14759,8463,,,1,18,,14736,8463,,,1,20,,14744,8463,,,1,63,,14755,8463,,,1,31,,14737,8463,,,1,20,,14769,8463,,,1,80,,14738,8463,,,1,100,,14742,8463,,,1,100,,14750,8463,,,1,100,,14739,8463,,,1,100,,14740,8463,,,1,101,,14741,8463,,,1,15,,14756,8463,,,1,65,,14761,8463,,,1,21,,14770,8463,,,1,62,,14751,8463,,,1,20,,14745,8463,,,1,18,,14746,8463,,,1,20,,14753,8463,,,1,58,,14749,8463,,,1,20,,14752,8463,,,1,20,,14747,8463,,,1,80,,14762,8463,,,1,100,,14763,8463,,,1,100,,14764,8463,,,1,100,,14765,8463,,,1,100,,14766,8463,,,1,100,,14767,8463,,,1,100,,14768,8463,,,1
8301,'F9',628,,14771,8463,,,1,100,,14772,8463,,,1,100,,14773,8463,,,1,108,,14774,8463,,,1,100,,14775,8463,,,1,100,,14776,8463,,,1,100,,14777,8463,,,1,100,,14778,8463,,,1,100,,14779,8463,,,1,100,,14780,8463,,,1,100,,14781,8463,,,1,100,,14782,8463,,,1,100,,14783,8463,,,1,100,,14784,8463,,,1,100,,14785,8463,,,1,100,,14786,8463,,,1,100,,14787,8463,,,1,100,,14788,8463,,,1,100,,14789,8463,,,1,100,,14790,8463,,,1
8301,'SA',628,,14791,8463,,,1,100,,14792,8463,,,1,100,,14793,8463,,,1,108,,14794,8463,,,1,100,,14795,8463,,,1,100,,14796,8463,,,1,100,,14797,8463,,,1,100,,14798,8463,,,1,100,,14799,8463,,,1,100,,14800,8463,,,1,100,,14801,8463,,,1,100,,14802,8463,,,1,100,,14803,8463,,,1,100,,14804,8463,,,1,100,,14805,8463,,,1,100,,14806,8463,,,1,100,,14807,8463,,,1,100,,14808,8463,,,1,100,,14809,8463,,,1,100,,14810,8463,,,1
8301,'SE',552,,14832,8463,,,1,70,,14829,8463,,,1,20,,14823,8463,,,1,16,,14833,8463,,,1,65,,14818,8463,,,1,20,,14835,8463,,,1,62,,14834,8463,,,1,18,,14811,8463,,,1,20,,14819,8463,,,1,63,,14830,8463,,,1,31,,14812,8463,,,1,20,,14844,8463,,,1,80,,14813,8463,,,1,100,,14817,8463,,,1,100,,14825,8463,,,1,100,,14814,8463,,,1,100,,14815,8463,,,1,101,,14816,8463,,,1,15,,14831,8463,,,1,65,,14836,8463,,,1,21,,14845,8463,,,1,62,,14826,8463,,,1,20,,14820,8463,,,1,18,,14821,8463,,,1,20,,14828,8463,,,1,58,,14824,8463,,,1,20,,14827,8463,,,1,20,,14822,8463,,,1,80,,14837,8463,,,1,100,,14838,8463,,,1,100,,14839,8463,,,1,100,,14840,8463,,,1,100,,14841,8463,,,1,100,,14842,8463,,,1,100,,14843,8463,,,1
8601,'F8',709,,14990,4439,,,2,31,,14991,4439,,,2
8601,'SE',709,,14992,4439,,,2,31,,14993,4439,,,2
68301,'F8',721,,19006,6383,,,2
68301,'SE',721,,19007,6383,,,2
