1300,'DI',657,,3422,3503,,,1,100,,23867,3503,,,1,100,,3423,3503,,,1,100,,23868,3503,,,1,100,,3424,3503,,,1,100,,23869,3503,,,1,100,,3425,3503,,,1,95,,23870,3503,,,1,105,,23878,3503,,,1,100,,23864,3503,,,1,100,,23871,3503,,,1,100,,23866,3503,,,1,100,,23872,3503,,,1,100,,23876,3503,,,1,100,,23874,3503,,,1,100,,23873,3503,,,1,100,,23865,3503,,,1,100,,23877,3503,,,1,100,,23875,3503,,,1
1300,'F1',657,,23879,3503,,,1,100,,23887,3503,,,1,100,,23881,3503,,,1,101,,23882,3503,,,1,99,,23892,3503,,,1,100,,23880,3503,,,1,100,,23888,3503,,,1,100,,23883,3503,,,1,100,,23889,3503,,,1,100,,23897,3503,,,1,100,,23885,3503,,,1,100,,23893,3503,,,1,100,,23890,3503,,,1,100,,23894,3503,,,1,100,,23884,3503,,,1,100,,23896,3503,,,1,100,,23891,3503,,,1,100,,23895,3503,,,1,100,,23898,3503,,,1,100,,23886,3503,,,1
1300,'F2',657,,23900,3503,,,1,100,,23907,3503,,,1,100,,23901,3503,,,1,101,,23902,3503,,,1,99,,23908,3503,,,1,100,,23910,3503,,,1,100,,23903,3503,,,1,100,,23911,3503,,,1,100,,23904,3503,,,1,100,,23899,3503,,,1,100,,23914,3503,,,1,100,,23917,3503,,,1,100,,23905,3503,,,1,100,,23912,3503,,,1,100,,23909,3503,,,1,100,,23918,3503,,,1,100,,23915,3503,,,1,100,,23906,3503,,,1,100,,23916,3503,,,1,100,,23913,3503,,,1
1300,'F7',601,,23933,3503,,,1,33,,23955,3503,,,1,66,,23949,3503,,,1,32,,23923,3503,,,1,15,,23941,3503,,,1,55,,23924,3503,,,1,15,,23936,3503,,,1,25,,23927,3503,,,1,65,,23919,3503,,,1,29,,23921,3503,,,1,70,,23931,3503,,,1,30,,23930,3503,,,1,70,,23925,3503,,,1,30,,23943,3503,,,1,70,,23922,3503,,,1,30,,23932,3503,,,1,70,,23951,3503,,,1,30,,23938,3503,,,1,70,,23944,3503,,,1,30,,23956,3503,,,1,71,,23953,3503,,,1,30,,23920,3503,,,1,21,,23946,3503,,,1,60,,23939,3503,,,1,15,,23940,3503,,,1,13,,23942,3503,,,1,10,,23959,3503,,,1,57,,23947,3503,,,1,20,,23937,3503,,,1,20,,23935,3503,,,1,60,,23934,3503,,,1,26,,23958,3503,,,1,69,,23926,3503,,,1,32,,23952,3503,,,1,70,,23954,3503,,,1,30,,23945,3503,,,1,70,,23957,3503,,,1,100,,23948,3503,,,1,100,,23950,3503,,,1,100,,23928,3503,,,1,103,,23929,3503,,,1
1300,'F8',657,,23961,3503,,,1,100,,23968,3503,,,1,100,,23962,3503,,,1,101,,23963,3503,,,1,99,,23969,3503,,,1,100,,23971,3503,,,1,100,,23964,3503,,,1,100,,23972,3503,,,1,100,,23965,3503,,,1,100,,23960,3503,,,1,100,,23975,3503,,,1,100,,23978,3503,,,1,100,,23966,3503,,,1,100,,23973,3503,,,1,100,,23970,3503,,,1,100,,23979,3503,,,1,100,,23976,3503,,,1,100,,23967,3503,,,1,100,,23977,3503,,,1,100,,23974,3503,,,1
1300,'F9',657,,23982,3503,,,1,100,,23987,3503,,,1,100,,23983,3503,,,1,100,,23988,3503,,,1,100,,23984,3503,,,1,100,,23989,3503,,,1,100,,23985,3503,,,1,95,,23990,3503,,,1,105,,23998,3503,,,1,100,,23980,3503,,,1,100,,23991,3503,,,1,100,,23986,3503,,,1,100,,23992,3503,,,1,100,,23996,3503,,,1,100,,23994,3503,,,1,100,,23993,3503,,,1,100,,23981,3503,,,1,100,,23997,3503,,,1,100,,23995,3503,,,1
1300,'SA',657,,24000,3503,,,1,100,,24007,3503,,,1,100,,24001,3503,,,1,101,,24002,3503,,,1,99,,24008,3503,,,1,100,,24010,3503,,,1,100,,24003,3503,,,1,100,,24011,3503,,,1,100,,24004,3503,,,1,100,,23999,3503,,,1,100,,24014,3503,,,1,100,,24017,3503,,,1,100,,24005,3503,,,1,100,,24012,3503,,,1,100,,24009,3503,,,1,100,,24018,3503,,,1,100,,24015,3503,,,1,100,,24006,3503,,,1,100,,24016,3503,,,1,100,,24013,3503,,,1
1300,'SE',601,,24033,3503,,,1,33,,24055,3503,,,1,66,,24049,3503,,,1,32,,24023,3503,,,1,15,,24041,3503,,,1,55,,24024,3503,,,1,15,,24036,3503,,,1,25,,24027,3503,,,1,65,,24019,3503,,,1,29,,24021,3503,,,1,70,,24031,3503,,,1,30,,24030,3503,,,1,70,,24025,3503,,,1,30,,24043,3503,,,1,70,,24022,3503,,,1,30,,24032,3503,,,1,70,,24051,3503,,,1,30,,24038,3503,,,1,70,,24044,3503,,,1,30,,24056,3503,,,1,71,,24053,3503,,,1,30,,24020,3503,,,1,21,,24046,3503,,,1,60,,24039,3503,,,1,15,,24040,3503,,,1,13,,24042,3503,,,1,10,,24059,3503,,,1,57,,24047,3503,,,1,20,,24037,3503,,,1,20,,24035,3503,,,1,60,,24034,3503,,,1,26,,24058,3503,,,1,69,,24026,3503,,,1,32,,24052,3503,,,1,70,,24054,3503,,,1,30,,24045,3503,,,1,70,,24057,3503,,,1,100,,24048,3503,,,1,100,,24050,3503,,,1,100,,24028,3503,,,1,103,,24029,3503,,,1
1500,'DI',728,,24371,3289,,,1,100,,24368,3289,,,1,100,,24365,3289,,,1,100,,24378,3289,,,1,100,,24383,3289,,,1,100,,24376,3289,,,1,100,,24372,3289,,,1,100,,24366,3289,,,1,100,,24380,3289,,,1,100,,24367,3289,,,1,100,,24375,3289,,,1,100,,24373,3289,,,1,100,,24377,3289,,,1,100,,24381,3289,,,1,100,,24379,3289,,,1,100,,24374,3289,,,1,100,,24369,3289,,,1,100,,24382,3289,,,1,100,,24370,3289,,,1
1500,'F1',729,,24385,3289,,,1,100,,24391,3289,,,1,100,,24400,3289,,,1,100,,24392,3289,,,1,105,,24394,3289,,,1,95,,24393,3289,,,1,100,,24401,3289,,,1,100,,24386,3289,,,1,100,,24395,3289,,,1,100,,24387,3289,,,1,100,,24384,3289,,,1,100,,24397,3289,,,1,100,,24402,3289,,,1,100,,24388,3289,,,1,100,,24389,3289,,,1,100,,24398,3289,,,1,100,,24390,3289,,,1,100,,24399,3289,,,1,100,,24396,3289,,,1
1500,'F2',729,,24418,3289,,,1,100,,24411,3289,,,1,100,,24405,3289,,,1,100,,24419,3289,,,1,105,,24413,3289,,,1,95,,24403,3289,,,1,100,,24415,3289,,,1,100,,24409,3289,,,1,100,,24414,3289,,,1,100,,24410,3289,,,1,100,,24406,3289,,,1,100,,24412,3289,,,1,100,,24416,3289,,,1,100,,24417,3289,,,1,100,,24404,3289,,,1,100,,24420,3289,,,1,100,,24407,3289,,,1,100,,24421,3289,,,1,100,,24408,3289,,,1
1500,'F7',550,,24458,3289,,,1,70,,24452,3289,,,1,31,,24423,3289,,,1,68,,24444,3289,,,1,33,,24450,3289,,,1,66,,24430,3289,,,1,34,,24446,3289,,,1,70,,24429,3289,,,1,29,,24451,3289,,,1,70,,24448,3289,,,1,30,,24424,3289,,,1,70,,24427,3289,,,1,30,,24449,3289,,,1,70,,24432,3289,,,1,30,,24428,3289,,,1,70,,24425,3289,,,1,30,,24454,3289,,,1,70,,24438,3289,,,1,31,,24453,3289,,,1,70,,24431,3289,,,1,24,,24433,3289,,,1,74,,24426,3289,,,1,81,,24442,3289,,,1,21,,24457,3289,,,1,30,,24439,3289,,,1,70,,24440,3289,,,1,30,,24455,3289,,,1,69,,24443,3289,,,1,30,,24436,3289,,,1,70,,24447,3289,,,1,30,,24456,3289,,,1,70,,24441,3289,,,1,30,,24422,3289,,,1,70,,24435,3289,,,1,100,,24437,3289,,,1,99,,24445,3289,,,1,100,,24434,3289,,,1
1500,'F8',729,,24474,3289,,,1,100,,24467,3289,,,1,100,,24461,3289,,,1,100,,24475,3289,,,1,105,,24469,3289,,,1,95,,24459,3289,,,1,100,,24471,3289,,,1,100,,24465,3289,,,1,100,,24470,3289,,,1,100,,24466,3289,,,1,100,,24462,3289,,,1,100,,24468,3289,,,1,100,,24472,3289,,,1,100,,24473,3289,,,1,100,,24460,3289,,,1,100,,24476,3289,,,1,100,,24463,3289,,,1,100,,24477,3289,,,1,100,,24464,3289,,,1
1500,'F9',728,,24484,3289,,,1,100,,24481,3289,,,1,100,,24478,3289,,,1,100,,24491,3289,,,1,100,,24496,3289,,,1,100,,24489,3289,,,1,100,,24485,3289,,,1,100,,24479,3289,,,1,100,,24493,3289,,,1,100,,24480,3289,,,1,100,,24488,3289,,,1,100,,24486,3289,,,1,100,,24490,3289,,,1,100,,24494,3289,,,1,100,,24492,3289,,,1,100,,24487,3289,,,1,100,,24482,3289,,,1,100,,24495,3289,,,1,100,,24483,3289,,,1
1500,'SA',729,,24512,3289,,,1,100,,24505,3289,,,1,100,,24499,3289,,,1,100,,24513,3289,,,1,105,,24507,3289,,,1,95,,24497,3289,,,1,100,,24509,3289,,,1,100,,24503,3289,,,1,100,,24508,3289,,,1,100,,24504,3289,,,1,100,,24500,3289,,,1,100,,24506,3289,,,1,100,,24510,3289,,,1,100,,24511,3289,,,1,100,,24498,3289,,,1,100,,24514,3289,,,1,100,,24501,3289,,,1,100,,24515,3289,,,1,100,,24502,3289,,,1
1500,'SE',550,,24552,3289,,,1,70,,24546,3289,,,1,31,,24517,3289,,,1,68,,24538,3289,,,1,33,,24544,3289,,,1,66,,24524,3289,,,1,34,,24540,3289,,,1,70,,24523,3289,,,1,29,,24545,3289,,,1,70,,24542,3289,,,1,30,,24518,3289,,,1,70,,24521,3289,,,1,30,,24543,3289,,,1,70,,24526,3289,,,1,30,,24522,3289,,,1,70,,24519,3289,,,1,30,,24548,3289,,,1,70,,24532,3289,,,1,31,,24547,3289,,,1,70,,24525,3289,,,1,24,,24527,3289,,,1,74,,24520,3289,,,1,81,,24536,3289,,,1,21,,24551,3289,,,1,30,,24533,3289,,,1,70,,24534,3289,,,1,30,,24549,3289,,,1,69,,24537,3289,,,1,30,,24530,3289,,,1,70,,24541,3289,,,1,30,,24550,3289,,,1,70,,24535,3289,,,1,30,,24516,3289,,,1,70,,24529,3289,,,1,100,,24531,3289,,,1,99,,24539,3289,,,1,100,,24528,3289,,,1
61300,'F7',1640,,40770,2927,,,2,13,,40769,2927,,,2
61300,'SE',1640,,18881,2927,,,2,13,,40771,2927,,,2
