1500,'DI',731,,24371,4501,,,1,100,,24368,4501,,,1,100,,24365,4501,,,1,100,,24378,4501,,,1,100,,24383,4501,,,1,100,,24376,4501,,,1,100,,24372,4501,,,1,100,,24366,4501,,,1,100,,24380,4501,,,1,100,,24367,4501,,,1,100,,24375,4501,,,1,100,,24373,4501,,,1,99,,24377,4501,,,1,100,,24381,4501,,,1,100,,24379,4501,,,1,100,,24374,4501,,,1,100,,24369,4501,,,1,100,,24382,4501,,,1,100,,24370,4501,,,1
1500,'F1',732,,24385,4501,,,1,100,,24391,4501,,,1,100,,24400,4501,,,1,100,,24392,4501,,,1,105,,24394,4501,,,1,95,,24393,4501,,,1,100,,24401,4501,,,1,100,,24386,4501,,,1,100,,24395,4501,,,1,100,,24387,4501,,,1,100,,24384,4501,,,1,100,,24397,4501,,,1,100,,24402,4501,,,1,100,,24388,4501,,,1,100,,24389,4501,,,1,100,,24398,4501,,,1,100,,24390,4501,,,1,100,,24399,4501,,,1,100,,24396,4501,,,1
1500,'F2',732,,24418,4501,,,1,100,,24411,4501,,,1,100,,24405,4501,,,1,100,,24419,4501,,,1,105,,24413,4501,,,1,95,,24403,4501,,,1,100,,24415,4501,,,1,100,,24409,4501,,,1,100,,24414,4501,,,1,100,,24410,4501,,,1,100,,24406,4501,,,1,100,,24412,4501,,,1,100,,24416,4501,,,1,100,,24417,4501,,,1,100,,24404,4501,,,1,100,,24420,4501,,,1,100,,24407,4501,,,1,100,,24421,4501,,,1,100,,24408,4501,,,1
1500,'F7',553,,24458,4501,,,1,70,,24452,4501,,,1,31,,24423,4501,,,1,68,,24444,4501,,,1,33,,24450,4501,,,1,66,,24430,4501,,,1,34,,24446,4501,,,1,70,,24429,4501,,,1,29,,24451,4501,,,1,70,,24448,4501,,,1,30,,24424,4501,,,1,70,,24427,4501,,,1,30,,24449,4501,,,1,70,,24432,4501,,,1,30,,24428,4501,,,1,70,,24425,4501,,,1,30,,24454,4501,,,1,70,,24438,4501,,,1,31,,24453,4501,,,1,70,,24431,4501,,,1,24,,24433,4501,,,1,74,,24426,4501,,,1,81,,24442,4501,,,1,21,,24457,4501,,,1,30,,24439,4501,,,1,70,,24440,4501,,,1,30,,24455,4501,,,1,69,,24443,4501,,,1,30,,24436,4501,,,1,70,,24447,4501,,,1,30,,24456,4501,,,1,70,,24441,4501,,,1,30,,24422,4501,,,1,70,,24435,4501,,,1,100,,24437,4501,,,1,99,,24445,4501,,,1,100,,24434,4501,,,1
1500,'F8',732,,24474,4501,,,1,100,,24467,4501,,,1,100,,24461,4501,,,1,100,,24475,4501,,,1,105,,24469,4501,,,1,95,,24459,4501,,,1,100,,24471,4501,,,1,100,,24465,4501,,,1,100,,24470,4501,,,1,100,,24466,4501,,,1,100,,24462,4501,,,1,100,,24468,4501,,,1,100,,24472,4501,,,1,100,,24473,4501,,,1,100,,24460,4501,,,1,100,,24476,4501,,,1,100,,24463,4501,,,1,100,,24477,4501,,,1,100,,24464,4501,,,1
1500,'F9',731,,24484,4501,,,1,100,,24481,4501,,,1,100,,24478,4501,,,1,100,,24491,4501,,,1,100,,24496,4501,,,1,100,,24489,4501,,,1,100,,24485,4501,,,1,100,,24479,4501,,,1,100,,24493,4501,,,1,100,,24480,4501,,,1,100,,24488,4501,,,1,100,,24486,4501,,,1,99,,24490,4501,,,1,100,,24494,4501,,,1,100,,24492,4501,,,1,100,,24487,4501,,,1,100,,24482,4501,,,1,100,,24495,4501,,,1,100,,24483,4501,,,1
1500,'SA',732,,24512,4501,,,1,100,,24505,4501,,,1,100,,24499,4501,,,1,100,,24513,4501,,,1,105,,24507,4501,,,1,95,,24497,4501,,,1,100,,24509,4501,,,1,100,,24503,4501,,,1,100,,24508,4501,,,1,100,,24504,4501,,,1,100,,24500,4501,,,1,100,,24506,4501,,,1,100,,24510,4501,,,1,100,,24511,4501,,,1,100,,24498,4501,,,1,100,,24514,4501,,,1,100,,24501,4501,,,1,100,,24515,4501,,,1,100,,24502,4501,,,1
1500,'SE',553,,24552,4501,,,1,70,,24546,4501,,,1,31,,24517,4501,,,1,68,,24538,4501,,,1,33,,24544,4501,,,1,66,,24524,4501,,,1,34,,24540,4501,,,1,70,,24523,4501,,,1,29,,24545,4501,,,1,70,,24542,4501,,,1,30,,24518,4501,,,1,70,,24521,4501,,,1,30,,24543,4501,,,1,70,,24526,4501,,,1,30,,24522,4501,,,1,70,,24519,4501,,,1,30,,24548,4501,,,1,70,,24532,4501,,,1,31,,24547,4501,,,1,70,,24525,4501,,,1,24,,24527,4501,,,1,74,,24520,4501,,,1,81,,24536,4501,,,1,21,,24551,4501,,,1,30,,24533,4501,,,1,70,,24534,4501,,,1,30,,24549,4501,,,1,69,,24537,4501,,,1,30,,24530,4501,,,1,70,,24541,4501,,,1,30,,24550,4501,,,1,70,,24535,4501,,,1,30,,24516,4501,,,1,70,,24529,4501,,,1,100,,24531,4501,,,1,99,,24539,4501,,,1,100,,24528,4501,,,1
50001,'F7',844,,40616,4326,,,2
50001,'SE',844,,40617,4326,,,2
