1601,'DI',554,,25074,5593,,,2,100,,25075,5593,,,2,70,,25066,5593,,,2,30,,25076,5593,,,2,70,,25067,5593,,,2,30,,25077,5593,,,2,70,,25068,5593,,,2,30,,25078,5593,,,2,70,,25069,5593,,,2,30,,25079,5593,,,2,70,,25070,5593,,,2,30,,25080,5593,,,2,68,,25071,5593,,,2,32,,25081,5593,,,2,73,,25072,5593,,,2,27,,25082,5593,,,2,70,,25073,5593,,,2,30,,25083,5593,,,2,70,,25085,5593,,,2,30,,25084,5593,,,2,70,,25086,5593,,,2,30,,25088,5593,,,2,70,,25087,5593,,,2,30,,25089,5593,,,2,100,,25090,5593,,,2,100,,25091,5593,,,2,100,,25092,5593,,,2,100,,25093,5593,,,2,100,,25094,5593,,,2,100,,25095,5593,,,2,100,,25096,5593,,,2
1601,'F1',554,,25102,5593,,,2,100,,25103,5593,,,2,68,,25111,5593,,,2,32,,25104,5593,,,2,70,,25112,5593,,,2,30,,25105,5593,,,2,70,,25113,5593,,,2,30,,25106,5593,,,2,70,,25114,5593,,,2,30,,25107,5593,,,2,70,,25115,5593,,,2,30,,25108,5593,,,2,70,,25116,5593,,,2,30,,25109,5593,,,2,70,,25123,5593,,,2,30,,25110,5593,,,2,70,,25124,5593,,,2,30,,25117,5593,,,2,70,,25125,5593,,,2,30,,25118,5593,,,2,70,,25126,5593,,,2,30,,25119,5593,,,2,67,,25127,5593,,,2,33,,25120,5593,,,2,100,,25121,5593,,,2,100,,25122,5593,,,2,100,,25097,5593,,,2,100,,25098,5593,,,2,100,,25099,5593,,,2,100,,25100,5593,,,2,100,,25101,5593,,,2
1601,'F2',554,,25133,5593,,,2,100,,25134,5593,,,2,68,,25137,5593,,,2,32,,25135,5593,,,2,70,,25138,5593,,,2,30,,25136,5593,,,2,70,,25139,5593,,,2,30,,25155,5593,,,2,70,,25140,5593,,,2,30,,25156,5593,,,2,70,,25141,5593,,,2,30,,25157,5593,,,2,70,,25142,5593,,,2,30,,25158,5593,,,2,70,,25148,5593,,,2,30,,25128,5593,,,2,70,,25149,5593,,,2,30,,25129,5593,,,2,70,,25150,5593,,,2,30,,25130,5593,,,2,70,,25151,5593,,,2,30,,25131,5593,,,2,67,,25152,5593,,,2,33,,25132,5593,,,2,100,,25143,5593,,,2,100,,25144,5593,,,2,100,,25145,5593,,,2,100,,25146,5593,,,2,100,,25147,5593,,,2,100,,25153,5593,,,2,100,,25154,5593,,,2
1601,'F7',523,,25194,5593,,,2,30,,25199,5593,,,2,55,,25171,5593,,,2,17,,25160,5593,,,2,15,,25209,5593,,,2,13,,25200,5593,,,2,52,,25164,5593,,,2,10,,25204,5593,,,2,8,,25210,5593,,,2,8,,25184,5593,,,2,6,,25185,5593,,,2,5,,25161,5593,,,2,5,,25205,5593,,,2,4,,25169,5593,,,2,6,,25163,5593,,,2,51,,25162,5593,,,2,10,,25165,5593,,,2,10,,25183,5593,,,2,9,,25211,5593,,,2,12,,25186,5593,,,2,53,,25170,5593,,,2,25,,25159,5593,,,2,30,,25195,5593,,,2,70,,25174,5593,,,2,30,,25172,5593,,,2,70,,25207,5593,,,2,30,,25201,5593,,,2,70,,25196,5593,,,2,30,,25173,5593,,,2,70,,25167,5593,,,2,30,,25197,5593,,,2,70,,25175,5593,,,2,31,,25212,5593,,,2,59,,25187,5593,,,2,22,,25176,5593,,,2,15,,25198,5593,,,2,55,,25213,5593,,,2,13,,25208,5593,,,2,15,,25168,5593,,,2,11,,25214,5593,,,2,52,,25190,5593,,,2,12,,25193,5593,,,2,12,,25203,5593,,,2,12,,25166,5593,,,2,64,,25189,5593,,,2,21,,25206,5593,,,2,27,,25188,5593,,,2,80,,25202,5593,,,2,27,,25177,5593,,,2,70,,25191,5593,,,2,28,,25178,5593,,,2,70,,25192,5593,,,2,30,,25179,5593,,,2,99,,25180,5593,,,2,100,,25181,5593,,,2,100,,25182,5593,,,2
1601,'F8',554,,25220,5593,,,2,100,,25221,5593,,,2,68,,25224,5593,,,2,32,,25222,5593,,,2,70,,25225,5593,,,2,30,,25223,5593,,,2,70,,25226,5593,,,2,30,,25242,5593,,,2,70,,25227,5593,,,2,30,,25243,5593,,,2,70,,25228,5593,,,2,30,,25244,5593,,,2,70,,25229,5593,,,2,30,,25245,5593,,,2,70,,25235,5593,,,2,30,,25215,5593,,,2,70,,25236,5593,,,2,30,,25216,5593,,,2,70,,25237,5593,,,2,30,,25217,5593,,,2,70,,25238,5593,,,2,30,,25218,5593,,,2,67,,25239,5593,,,2,33,,25219,5593,,,2,100,,25230,5593,,,2,100,,25231,5593,,,2,100,,25232,5593,,,2,100,,25233,5593,,,2,100,,25234,5593,,,2,100,,25240,5593,,,2,100,,25241,5593,,,2
1601,'F9',554,,25254,5593,,,2,100,,25255,5593,,,2,70,,25246,5593,,,2,30,,25256,5593,,,2,70,,25247,5593,,,2,30,,25257,5593,,,2,70,,25248,5593,,,2,30,,25258,5593,,,2,70,,25249,5593,,,2,30,,25259,5593,,,2,70,,25250,5593,,,2,30,,25260,5593,,,2,68,,25251,5593,,,2,32,,25261,5593,,,2,73,,25252,5593,,,2,27,,25262,5593,,,2,70,,25253,5593,,,2,30,,25263,5593,,,2,70,,25265,5593,,,2,30,,25264,5593,,,2,70,,25266,5593,,,2,30,,25268,5593,,,2,70,,25267,5593,,,2,30,,25269,5593,,,2,100,,25270,5593,,,2,100,,25271,5593,,,2,100,,25272,5593,,,2,100,,25273,5593,,,2,100,,25274,5593,,,2,100,,25275,5593,,,2,100,,25276,5593,,,2
1601,'SA',554,,25282,5593,,,2,100,,25283,5593,,,2,68,,25286,5593,,,2,32,,25284,5593,,,2,70,,25287,5593,,,2,30,,25285,5593,,,2,70,,25288,5593,,,2,30,,25304,5593,,,2,70,,25289,5593,,,2,30,,25305,5593,,,2,70,,25290,5593,,,2,30,,25306,5593,,,2,70,,25291,5593,,,2,30,,25307,5593,,,2,70,,25297,5593,,,2,30,,25277,5593,,,2,70,,25298,5593,,,2,30,,25278,5593,,,2,70,,25299,5593,,,2,30,,25279,5593,,,2,70,,25300,5593,,,2,30,,25280,5593,,,2,67,,25301,5593,,,2,33,,25281,5593,,,2,100,,25292,5593,,,2,100,,25293,5593,,,2,100,,25294,5593,,,2,100,,25295,5593,,,2,100,,25296,5593,,,2,100,,25302,5593,,,2,100,,25303,5593,,,2
1601,'SE',523,,25342,5593,,,2,30,,25347,5593,,,2,55,,25320,5593,,,2,17,,25309,5593,,,2,15,,25357,5593,,,2,13,,25348,5593,,,2,52,,25313,5593,,,2,10,,25352,5593,,,2,8,,25358,5593,,,2,8,,4744,5593,,,2,6,,25333,5593,,,2,5,,25310,5593,,,2,5,,25353,5593,,,2,4,,25318,5593,,,2,6,,25312,5593,,,2,51,,25311,5593,,,2,10,,25314,5593,,,2,10,,25332,5593,,,2,9,,25359,5593,,,2,12,,25334,5593,,,2,53,,25319,5593,,,2,25,,25308,5593,,,2,30,,25343,5593,,,2,70,,25323,5593,,,2,30,,25321,5593,,,2,70,,25355,5593,,,2,30,,25349,5593,,,2,70,,25344,5593,,,2,30,,25322,5593,,,2,70,,25316,5593,,,2,30,,25345,5593,,,2,70,,25324,5593,,,2,31,,25360,5593,,,2,59,,25335,5593,,,2,22,,25325,5593,,,2,15,,25346,5593,,,2,55,,25361,5593,,,2,13,,25356,5593,,,2,15,,25317,5593,,,2,11,,25362,5593,,,2,52,,25338,5593,,,2,12,,25341,5593,,,2,12,,25351,5593,,,2,12,,25315,5593,,,2,64,,25337,5593,,,2,21,,25354,5593,,,2,27,,25336,5593,,,2,80,,25350,5593,,,2,27,,25326,5593,,,2,70,,25339,5593,,,2,28,,25327,5593,,,2,70,,25340,5593,,,2,30,,25328,5593,,,2,99,,25329,5593,,,2,100,,25330,5593,,,2,100,,25331,5593,,,2
62000,'F7',1533,,40782,1491,,,2
62000,'SE',1533,,40783,1491,,,2
