4700,'DI',635,,30486,8153,,,1,100,,30472,8153,,,1,100,,30489,8153,,,1,100,,30490,8153,,,1,100,,30473,8153,,,1,100,,30478,8153,,,1,100,,30487,8153,,,1,100,,30474,8153,,,1,104,,30475,8153,,,1,91,,30481,8153,,,1,108,,30482,8153,,,1,102,,30476,8153,,,1,95,,30483,8153,,,1,96,,30479,8153,,,1,100,,30484,8153,,,1,100,,30477,8153,,,1,100,,30480,8153,,,1,100,,30485,8153,,,1,100,,30488,8153,,,1,100,,30491,8153,,,1
4700,'F1',635,,30505,8153,,,1,103,,30509,8153,,,1,101,,30494,8153,,,1,96,,30499,8153,,,1,96,,30495,8153,,,1,104,,30500,8153,,,1,100,,30492,8153,,,1,100,,30501,8153,,,1,95,,30493,8153,,,1,104,,30510,8153,,,1,100,,30506,8153,,,1,101,,30508,8153,,,1,100,,30507,8153,,,1,96,,30496,8153,,,1,100,,30511,8153,,,1,100,,30502,8153,,,1,100,,30503,8153,,,1,100,,30504,8153,,,1,100,,30497,8153,,,1,100,,30498,8153,,,1
4700,'F2',635,,30529,8153,,,1,103,,30515,8153,,,1,101,,30512,8153,,,1,96,,30519,8153,,,1,96,,30513,8153,,,1,104,,30520,8153,,,1,100,,30516,8153,,,1,100,,30521,8153,,,1,95,,30514,8153,,,1,104,,30517,8153,,,1,100,,30522,8153,,,1,101,,30518,8153,,,1,100,,30523,8153,,,1,96,,30526,8153,,,1,100,,30524,8153,,,1,100,,30525,8153,,,1,100,,30527,8153,,,1,100,,30528,8153,,,1,100,,30530,8153,,,1,100,,30531,8153,,,1
4700,'F7',636,,30542,8153,,,1,72,,30543,8153,,,1,30,,30541,8153,,,1,73,,30565,8153,,,1,34,,30545,8153,,,1,69,,30566,8153,,,1,30,,30558,8153,,,1,70,,30564,8153,,,1,30,,30544,8153,,,1,70,,30534,8153,,,1,30,,30561,8153,,,1,70,,30535,8153,,,1,30,,30536,8153,,,1,70,,30546,8153,,,1,30,,30570,8153,,,1,70,,30559,8153,,,1,30,,30537,8153,,,1,70,,30563,8153,,,1,28,,30549,8153,,,1,68,,30568,8153,,,1,38,,30547,8153,,,1,55,,30550,8153,,,1,15,,30553,8153,,,1,14,,30555,8153,,,1,15,,30562,8153,,,1,54,,30548,8153,,,1,15,,30554,8153,,,1,15,,30560,8153,,,1,15,,30556,8153,,,1,58,,30551,8153,,,1,27,,30567,8153,,,1,70,,30538,8153,,,1,30,,30569,8153,,,1,70,,30533,8153,,,1,30,,30540,8153,,,1,70,,30552,8153,,,1,100,,30532,8153,,,1,100,,30557,8153,,,1,100,,30539,8153,,,1
4700,'F8',635,,30588,8153,,,1,103,,30574,8153,,,1,101,,30571,8153,,,1,96,,30578,8153,,,1,96,,30572,8153,,,1,104,,30579,8153,,,1,100,,30575,8153,,,1,100,,30580,8153,,,1,95,,30573,8153,,,1,104,,30576,8153,,,1,100,,30581,8153,,,1,101,,30577,8153,,,1,100,,30582,8153,,,1,96,,30585,8153,,,1,100,,30583,8153,,,1,100,,30584,8153,,,1,100,,30586,8153,,,1,100,,30587,8153,,,1,100,,30589,8153,,,1,100,,30590,8153,,,1
4700,'F9',635,,30605,8153,,,1,100,,30591,8153,,,1,100,,30608,8153,,,1,100,,30609,8153,,,1,100,,30592,8153,,,1,100,,30597,8153,,,1,100,,30606,8153,,,1,100,,30593,8153,,,1,104,,30594,8153,,,1,91,,30600,8153,,,1,108,,30601,8153,,,1,102,,30595,8153,,,1,95,,30602,8153,,,1,96,,30598,8153,,,1,100,,30603,8153,,,1,100,,30596,8153,,,1,100,,30599,8153,,,1,100,,30604,8153,,,1,100,,30607,8153,,,1,100,,30610,8153,,,1
4700,'SA',635,,30628,8153,,,1,103,,30614,8153,,,1,101,,30611,8153,,,1,96,,30618,8153,,,1,96,,30612,8153,,,1,104,,30619,8153,,,1,100,,30615,8153,,,1,100,,30620,8153,,,1,95,,30613,8153,,,1,104,,30616,8153,,,1,100,,30621,8153,,,1,101,,30617,8153,,,1,100,,30622,8153,,,1,96,,30625,8153,,,1,100,,30623,8153,,,1,100,,30624,8153,,,1,100,,30626,8153,,,1,100,,30627,8153,,,1,100,,30629,8153,,,1,100,,30630,8153,,,1
4700,'SE',636,,30641,8153,,,1,72,,30642,8153,,,1,30,,30640,8153,,,1,73,,30662,8153,,,1,34,,30644,8153,,,1,69,,30663,8153,,,1,30,,30655,8153,,,1,70,,30661,8153,,,1,30,,30643,8153,,,1,70,,30633,8153,,,1,30,,30658,8153,,,1,70,,30634,8153,,,1,30,,30635,8153,,,1,70,,30645,8153,,,1,30,,30667,8153,,,1,70,,30656,8153,,,1,30,,30636,8153,,,1,70,,30660,8153,,,1,28,,30648,8153,,,1,68,,30665,8153,,,1,38,,30646,8153,,,1,55,,30649,8153,,,1,15,,9568,8153,,,1,14,,30652,8153,,,1,15,,30659,8153,,,1,54,,30647,8153,,,1,15,,9569,8153,,,1,15,,30657,8153,,,1,15,,30653,8153,,,1,58,,30650,8153,,,1,27,,30664,8153,,,1,70,,30637,8153,,,1,30,,30666,8153,,,1,70,,30632,8153,,,1,30,,30639,8153,,,1,70,,30651,8153,,,1,100,,30631,8153,,,1,100,,30654,8153,,,1,100,,30638,8153,,,1
53400,'F7',1642,,40666,9693,,,2
53400,'SE',1642,,40667,9693,,,2
64400,'F7',1618,,40800,4455,,,2,1,,40799,4455,,,2,1,,40798,4455,,,2
64400,'SE',1618,,40803,4455,,,2,1,,40802,4455,,,2,1,,40801,4455,,,2
69100,'F7',1628,,40922,5786,,,2,1,,40923,5786,,,2
69100,'SE',1628,,40924,5786,,,2,1,,40925,5786,,,2
