6101,'DI',702,,11370,1635,,,2,30,,11367,1635,,,2,72,,11373,1635,,,2,17,,11371,1635,,,2,30,,11368,1635,,,2,70,,11374,1635,,,2,30,,11372,1635,,,2,70,,11369,1635,,,2,30,,11375,1635,,,2,70,,11376,1635,,,2,30,,11380,1635,,,2,70,,11384,1635,,,2,30,,11377,1635,,,2,70,,11381,1635,,,2,30,,11385,1635,,,2,70,,11378,1635,,,2,30,,11382,1635,,,2,70,,11386,1635,,,2,30,,11379,1635,,,2,74,,11383,1635,,,2,21,,11387,1635,,,2,75,,11389,1635,,,2,20,,11392,1635,,,2,80,,11388,1635,,,2,25,,11390,1635,,,2,70,,11393,1635,,,2,85,,11391,1635,,,2,100,,11394,1635,,,2,100,,11395,1635,,,2,100,,11396,1635,,,2,100,,11397,1635,,,2,100,,11398,1635,,,2
6101,'F1',702,,11402,1635,,,2,30,,11399,1635,,,2,72,,11405,1635,,,2,17,,11403,1635,,,2,30,,11400,1635,,,2,70,,11406,1635,,,2,30,,11404,1635,,,2,70,,11401,1635,,,2,30,,11407,1635,,,2,70,,11408,1635,,,2,30,,11412,1635,,,2,70,,11414,1635,,,2,30,,11409,1635,,,2,70,,11413,1635,,,2,30,,11415,1635,,,2,70,,11410,1635,,,2,30,,11416,1635,,,2,70,,11420,1635,,,2,30,,11411,1635,,,2,74,,11417,1635,,,2,21,,11421,1635,,,2,75,,11423,1635,,,2,20,,11418,1635,,,2,80,,11422,1635,,,2,25,,11424,1635,,,2,70,,11419,1635,,,2,85,,11425,1635,,,2,100,,11427,1635,,,2,100,,11426,1635,,,2,100,,11429,1635,,,2,100,,11428,1635,,,2,100,,11430,1635,,,2
6101,'F7',702,,11434,1635,,,2,30,,11431,1635,,,2,72,,11437,1635,,,2,17,,11435,1635,,,2,30,,11432,1635,,,2,70,,11438,1635,,,2,30,,11436,1635,,,2,70,,11433,1635,,,2,30,,11439,1635,,,2,70,,11440,1635,,,2,30,,11444,1635,,,2,70,,11448,1635,,,2,30,,11441,1635,,,2,70,,11445,1635,,,2,30,,11449,1635,,,2,70,,11442,1635,,,2,30,,11446,1635,,,2,70,,11450,1635,,,2,30,,11443,1635,,,2,74,,11447,1635,,,2,21,,11451,1635,,,2,75,,11453,1635,,,2,20,,11456,1635,,,2,80,,11452,1635,,,2,25,,11454,1635,,,2,70,,11457,1635,,,2,85,,11455,1635,,,2,100,,11458,1635,,,2,100,,11459,1635,,,2,100,,11460,1635,,,2,100,,11461,1635,,,2,100,,11462,1635,,,2
6101,'F8',540,,11512,1635,,,2,70,,11514,1635,,,2,10,,11467,1635,,,2,14,,11470,1635,,,2,9,,11464,1635,,,2,14,,11473,1635,,,2,54,,11463,1635,,,2,7,,11477,1635,,,2,20,,11471,1635,,,2,9,,11476,1635,,,2,59,,11468,1635,,,2,24,,11465,1635,,,2,22,,11474,1635,,,2,55,,11478,1635,,,2,36,,11469,1635,,,2,70,,11466,1635,,,2,30,,11475,1635,,,2,72,,11513,1635,,,2,30,,11472,1635,,,2,70,,11479,1635,,,2,30,,11483,1635,,,2,70,,11480,1635,,,2,30,,11481,1635,,,2,73,,11485,1635,,,2,21,,11487,1635,,,2,67,,11490,1635,,,2,23,,11482,1635,,,2,20,,11484,1635,,,2,64,,11492,1635,,,2,4,,11494,1635,,,2,25,,11488,1635,,,2,7,,11489,1635,,,2,54,,11495,1635,,,2,13,,11496,1635,,,2,14,,11486,1635,,,2,15,,11499,1635,,,2,6,,11502,1635,,,2,56,,11493,1635,,,2,14,,11491,1635,,,2,24,,11504,1635,,,2,64,,11497,1635,,,2,28,,11507,1635,,,2,69,,11510,1635,,,2,30,,11500,1635,,,2,69,,11503,1635,,,2,30,,11511,1635,,,2,70,,11498,1635,,,2,29,,11508,1635,,,2,70,,11505,1635,,,2,29,,11501,1635,,,2,68,,11509,1635,,,2,30,,11506,1635,,,2
6101,'F9',702,,11518,1635,,,2,30,,11515,1635,,,2,72,,11521,1635,,,2,17,,11519,1635,,,2,30,,11516,1635,,,2,70,,11522,1635,,,2,30,,11520,1635,,,2,70,,11517,1635,,,2,30,,11523,1635,,,2,70,,11524,1635,,,2,30,,11528,1635,,,2,70,,11530,1635,,,2,30,,11525,1635,,,2,70,,11529,1635,,,2,30,,11531,1635,,,2,70,,11526,1635,,,2,30,,11532,1635,,,2,70,,11536,1635,,,2,30,,11527,1635,,,2,74,,11533,1635,,,2,21,,11537,1635,,,2,75,,11539,1635,,,2,20,,11534,1635,,,2,80,,11538,1635,,,2,25,,11540,1635,,,2,70,,11535,1635,,,2,85,,11541,1635,,,2,100,,11543,1635,,,2,100,,11542,1635,,,2,100,,11545,1635,,,2,100,,11544,1635,,,2,100,,11546,1635,,,2
6101,'SA',702,,11550,1635,,,2,30,,11547,1635,,,2,72,,11553,1635,,,2,17,,11551,1635,,,2,30,,11548,1635,,,2,70,,11554,1635,,,2,30,,11552,1635,,,2,70,,11549,1635,,,2,30,,11555,1635,,,2,70,,11556,1635,,,2,30,,11560,1635,,,2,70,,11562,1635,,,2,30,,11557,1635,,,2,70,,11561,1635,,,2,30,,11563,1635,,,2,70,,11558,1635,,,2,30,,11564,1635,,,2,70,,11568,1635,,,2,30,,11559,1635,,,2,74,,11565,1635,,,2,21,,11569,1635,,,2,75,,11571,1635,,,2,20,,11566,1635,,,2,80,,11570,1635,,,2,25,,11572,1635,,,2,70,,11567,1635,,,2,85,,11573,1635,,,2,100,,11575,1635,,,2,100,,11574,1635,,,2,100,,11577,1635,,,2,100,,11576,1635,,,2,100,,11578,1635,,,2
6101,'SE',540,,11628,1635,,,2,70,,11630,1635,,,2,10,,11583,1635,,,2,14,,11586,1635,,,2,9,,11580,1635,,,2,14,,11589,1635,,,2,54,,11579,1635,,,2,7,,11593,1635,,,2,20,,11587,1635,,,2,9,,11592,1635,,,2,59,,11584,1635,,,2,24,,11581,1635,,,2,22,,11590,1635,,,2,55,,11594,1635,,,2,36,,11585,1635,,,2,70,,11582,1635,,,2,30,,11591,1635,,,2,72,,11629,1635,,,2,30,,11588,1635,,,2,70,,11595,1635,,,2,30,,11599,1635,,,2,70,,11596,1635,,,2,30,,11597,1635,,,2,73,,11601,1635,,,2,21,,11603,1635,,,2,67,,11606,1635,,,2,23,,11598,1635,,,2,20,,11600,1635,,,2,64,,11608,1635,,,2,4,,11610,1635,,,2,25,,11604,1635,,,2,7,,11605,1635,,,2,54,,11611,1635,,,2,13,,11612,1635,,,2,14,,11602,1635,,,2,15,,11615,1635,,,2,6,,11618,1635,,,2,56,,11609,1635,,,2,14,,11607,1635,,,2,24,,11620,1635,,,2,64,,11613,1635,,,2,28,,11623,1635,,,2,69,,11626,1635,,,2,30,,11616,1635,,,2,69,,11619,1635,,,2,30,,11627,1635,,,2,70,,11614,1635,,,2,29,,11624,1635,,,2,70,,11621,1635,,,2,29,,11617,1635,,,2,68,,11625,1635,,,2,30,,11622,1635,,,2
8200,'F8',1550,,14468,13460,0,28 30,2,70,,14465,13460,0,28 30,2,27,,14464,13460,0,28 30,2,64,,14466,13460,0,28 30,2,24,,14463,13460,0,28 30,2,70,,14467,13460,0,28 30,2,30,,14469,13460,0,28 30,2,65,,14470,13460,0,28 30,2
8200,'SE',1550,,14483,13460,0,28 30,2,70,,14480,13460,0,28 30,2,27,,14479,13460,0,28 30,2,64,,14481,13460,0,28 30,2,24,,14478,13460,0,28 30,2,70,,14482,13460,0,28 30,2,30,,14484,13460,0,28 30,2,65,,14485,13460,0,28 30,2
8201,'F8',639,,14492,2239,,,2,70,,14489,2239,,,2,30,,14487,2239,,,2,67,,14490,2239,,,2,26,,14488,2239,,,2,70,,14491,2239,,,2,20,,14486,2239,,,2
8201,'SE',639,,14507,2239,,,2,70,,14504,2239,,,2,30,,14502,2239,,,2,67,,14505,2239,,,2,26,,14503,2239,,,2,70,,14506,2239,,,2,20,,14501,2239,,,2
8700,'F8',1654,,14994,31049,,,2,103,,14995,31049,,,2
8700,'SE',1654,,14996,31049,,,2,103,,14997,31049,,,2
8701,'F8',617,,14999,1635,,,2,30,,14998,1635,,,2
8701,'SE',617,,15001,1635,,,2,30,,15000,1635,,,2
