300,'DI',705,,477,6399,,,1,100,,488,6399,,,1,100,,478,6399,,,1,100,,489,6399,,,1,100,,479,6399,,,1,100,,490,6399,,,1,100,,480,6399,,,1,100,,491,6399,,,1,100,,492,6399,,,1,100,,493,6399,,,1,100,,494,6399,,,1,100,,495,6399,,,1,100,,481,6399,,,1,100,,482,6399,,,1,100,,483,6399,,,1,100,,484,6399,,,1,100,,485,6399,,,1,100,,486,6399,,,1,100,,487,6399,,,1
300,'F1',635,,496,6399,,,1,70,,519,6399,,,1,30,,497,6399,,,1,70,,521,6399,,,1,30,,498,6399,,,1,70,,520,6399,,,1,30,,499,6399,,,1,70,,515,6399,,,1,30,,500,6399,,,1,70,,516,6399,,,1,30,,501,6399,,,1,70,,524,6399,,,1,30,,502,6399,,,1,70,,522,6399,,,1,30,,503,6399,,,1,70,,525,6399,,,1,30,,504,6399,,,1,70,,523,6399,,,1,30,,505,6399,,,1,70,,517,6399,,,1,30,,506,6399,,,1,70,,518,6399,,,1,30,,507,6399,,,1,70,,527,6399,,,1,30,,508,6399,,,1,70,,509,6399,,,1,100,,510,6399,,,1,100,,511,6399,,,1,100,,512,6399,,,1,100,,513,6399,,,1,100,,526,6399,,,1,100,,514,6399,,,1
300,'F7',705,,528,6399,,,1,100,,539,6399,,,1,100,,529,6399,,,1,100,,540,6399,,,1,100,,530,6399,,,1,100,,541,6399,,,1,100,,531,6399,,,1,100,,542,6399,,,1,100,,543,6399,,,1,100,,544,6399,,,1,100,,545,6399,,,1,100,,546,6399,,,1,100,,532,6399,,,1,100,,533,6399,,,1,100,,534,6399,,,1,100,,535,6399,,,1,100,,536,6399,,,1,100,,537,6399,,,1,100,,538,6399,,,1
300,'F8',553,,573,6399,,,1,83,,554,6399,,,1,80,,570,6399,,,1,40,,556,6399,,,1,81,,555,6399,,,1,69,,567,6399,,,1,30,,571,6399,,,1,70,,564,6399,,,1,30,,572,6399,,,1,70,,548,6399,,,1,30,,557,6399,,,1,70,,549,6399,,,1,30,,558,6399,,,1,70,,550,6399,,,1,30,,559,6399,,,1,70,,551,6399,,,1,30,,560,6399,,,1,72,,552,6399,,,1,21,,547,6399,,,1,18,,584,6399,,,1,63,,553,6399,,,1,21,,566,6399,,,1,22,,565,6399,,,1,58,,580,6399,,,1,18,,574,6399,,,1,20,,583,6399,,,1,59,,563,6399,,,1,32,,581,6399,,,1,67,,575,6399,,,1,28,,561,6399,,,1,70,,576,6399,,,1,30,,562,6399,,,1,70,,577,6399,,,1,30,,582,6399,,,1,70,,578,6399,,,1,100,,579,6399,,,1,100,,568,6399,,,1,100,,569,6399,,,1
300,'F9',635,,585,6399,,,1,70,,608,6399,,,1,30,,586,6399,,,1,70,,610,6399,,,1,30,,587,6399,,,1,70,,609,6399,,,1,30,,588,6399,,,1,70,,604,6399,,,1,30,,589,6399,,,1,70,,605,6399,,,1,30,,590,6399,,,1,70,,613,6399,,,1,30,,591,6399,,,1,70,,611,6399,,,1,30,,592,6399,,,1,70,,614,6399,,,1,30,,593,6399,,,1,70,,612,6399,,,1,30,,594,6399,,,1,70,,606,6399,,,1,30,,595,6399,,,1,70,,607,6399,,,1,30,,596,6399,,,1,70,,616,6399,,,1,30,,597,6399,,,1,70,,598,6399,,,1,100,,599,6399,,,1,100,,600,6399,,,1,100,,601,6399,,,1,100,,602,6399,,,1,100,,615,6399,,,1,100,,603,6399,,,1
300,'SA',635,,617,6399,,,1,70,,640,6399,,,1,30,,618,6399,,,1,70,,642,6399,,,1,30,,619,6399,,,1,70,,641,6399,,,1,30,,620,6399,,,1,70,,636,6399,,,1,30,,621,6399,,,1,70,,637,6399,,,1,30,,622,6399,,,1,70,,645,6399,,,1,30,,623,6399,,,1,70,,643,6399,,,1,30,,624,6399,,,1,70,,646,6399,,,1,30,,625,6399,,,1,70,,644,6399,,,1,30,,626,6399,,,1,70,,638,6399,,,1,30,,627,6399,,,1,70,,639,6399,,,1,30,,628,6399,,,1,70,,648,6399,,,1,30,,629,6399,,,1,70,,630,6399,,,1,100,,631,6399,,,1,100,,632,6399,,,1,100,,633,6399,,,1,100,,634,6399,,,1,100,,647,6399,,,1,100,,635,6399,,,1
300,'SE',553,,675,6399,,,1,83,,656,6399,,,1,80,,672,6399,,,1,40,,658,6399,,,1,81,,657,6399,,,1,69,,669,6399,,,1,30,,673,6399,,,1,70,,666,6399,,,1,30,,674,6399,,,1,70,,650,6399,,,1,30,,659,6399,,,1,70,,651,6399,,,1,30,,660,6399,,,1,70,,652,6399,,,1,30,,661,6399,,,1,70,,653,6399,,,1,30,,662,6399,,,1,72,,654,6399,,,1,21,,649,6399,,,1,18,,686,6399,,,1,63,,655,6399,,,1,21,,668,6399,,,1,22,,667,6399,,,1,58,,682,6399,,,1,18,,676,6399,,,1,20,,685,6399,,,1,59,,665,6399,,,1,32,,683,6399,,,1,67,,677,6399,,,1,28,,663,6399,,,1,70,,678,6399,,,1,30,,664,6399,,,1,70,,679,6399,,,1,30,,684,6399,,,1,70,,680,6399,,,1,100,,681,6399,,,1,100,,670,6399,,,1,100,,671,6399,,,1
50301,'F8',907,,18736,1155,,,2
50301,'SE',907,,18737,1155,,,2
60100,'F8',1613,,18850,5631,,,2
60100,'SE',1613,,18851,5631,,,2
