8301,'DI',736,,14680,11945,,,1,100,,14681,11945,,,1,108,,14682,11945,,,1,100,,14683,11945,,,1,100,,14684,11945,,,1,100,,14685,11945,,,1,100,,14686,11945,,,1,100,,14687,11945,,,1,100,,14688,11945,,,1,100,,14689,11945,,,1,100,,14690,11945,,,1,100,,14691,11945,,,1,100,,14692,11945,,,1,100,,14693,11945,,,1,100,,14694,11945,,,1,100,,14695,11945,,,1,100,,14696,11945,,,1,100,,14697,11945,,,1
8301,'F1',636,,14698,11945,,,1,100,,14699,11945,,,1,100,,14700,11945,,,1,108,,14701,11945,,,1,100,,14702,11945,,,1,100,,14703,11945,,,1,100,,14704,11945,,,1,100,,14705,11945,,,1,100,,14706,11945,,,1,100,,14707,11945,,,1,100,,14708,11945,,,1,100,,14709,11945,,,1,100,,14710,11945,,,1,100,,14711,11945,,,1,100,,14712,11945,,,1,100,,14713,11945,,,1,100,,14714,11945,,,1,100,,14715,11945,,,1,100,,14716,11945,,,1,100,,14717,11945,,,1
8301,'F7',736,,14718,11945,,,1,100,,14719,11945,,,1,108,,14720,11945,,,1,100,,14721,11945,,,1,100,,14722,11945,,,1,100,,14723,11945,,,1,100,,14724,11945,,,1,100,,14725,11945,,,1,100,,14726,11945,,,1,100,,14727,11945,,,1,100,,14728,11945,,,1,100,,14729,11945,,,1,100,,14730,11945,,,1,100,,14731,11945,,,1,100,,14732,11945,,,1,100,,14733,11945,,,1,100,,14734,11945,,,1,100,,14735,11945,,,1
8301,'F8',602,,14757,11945,,,1,30,,14754,11945,,,1,20,,14748,11945,,,1,56,,14758,11945,,,1,25,,14743,11945,,,1,20,,14760,11945,,,1,62,,14759,11945,,,1,18,,14736,11945,,,1,20,,14744,11945,,,1,61,,14755,11945,,,1,31,,14737,11945,,,1,60,,14769,11945,,,1,40,,14738,11945,,,1,100,,14742,11945,,,1,100,,14750,11945,,,1,100,,14739,11945,,,1,100,,14740,11945,,,1,101,,14741,11945,,,1,55,,14756,11945,,,1,25,,14761,11945,,,1,21,,14770,11945,,,1,62,,14751,11945,,,1,20,,14745,11945,,,1,18,,14746,11945,,,1,60,,14753,11945,,,1,18,,14749,11945,,,1,20,,14752,11945,,,1,60,,14747,11945,,,1,40,,14762,11945,,,1,100,,14763,11945,,,1,100,,14764,11945,,,1,100,,14765,11945,,,1,100,,14766,11945,,,1,100,,14767,11945,,,1,100,,14768,11945,,,1
8301,'F9',636,,14771,11945,,,1,100,,14772,11945,,,1,100,,14773,11945,,,1,108,,14774,11945,,,1,100,,14775,11945,,,1,100,,14776,11945,,,1,100,,14777,11945,,,1,100,,14778,11945,,,1,100,,14779,11945,,,1,100,,14780,11945,,,1,100,,14781,11945,,,1,100,,14782,11945,,,1,100,,14783,11945,,,1,100,,14784,11945,,,1,100,,14785,11945,,,1,100,,14786,11945,,,1,100,,14787,11945,,,1,100,,14788,11945,,,1,100,,14789,11945,,,1,100,,14790,11945,,,1
8301,'SA',636,,14791,11945,,,1,100,,14792,11945,,,1,100,,14793,11945,,,1,108,,14794,11945,,,1,100,,14795,11945,,,1,100,,14796,11945,,,1,100,,14797,11945,,,1,100,,14798,11945,,,1,100,,14799,11945,,,1,100,,14800,11945,,,1,100,,14801,11945,,,1,100,,14802,11945,,,1,100,,14803,11945,,,1,100,,14804,11945,,,1,100,,14805,11945,,,1,100,,14806,11945,,,1,100,,14807,11945,,,1,100,,14808,11945,,,1,100,,14809,11945,,,1,100,,14810,11945,,,1
8301,'SE',602,,14832,11945,,,1,30,,14829,11945,,,1,20,,14823,11945,,,1,56,,14833,11945,,,1,25,,14818,11945,,,1,20,,14835,11945,,,1,62,,14834,11945,,,1,18,,14811,11945,,,1,20,,14819,11945,,,1,61,,14830,11945,,,1,31,,14812,11945,,,1,60,,14844,11945,,,1,40,,14813,11945,,,1,100,,14817,11945,,,1,100,,14825,11945,,,1,100,,14814,11945,,,1,100,,14815,11945,,,1,101,,14816,11945,,,1,55,,14831,11945,,,1,25,,14836,11945,,,1,21,,14845,11945,,,1,62,,14826,11945,,,1,20,,14820,11945,,,1,18,,14821,11945,,,1,60,,14828,11945,,,1,18,,14824,11945,,,1,20,,14827,11945,,,1,60,,14822,11945,,,1,40,,14837,11945,,,1,100,,14838,11945,,,1,100,,14839,11945,,,1,100,,14840,11945,,,1,100,,14841,11945,,,1,100,,14842,11945,,,1,100,,14843,11945,,,1
8500,'F8',1628,,14971,13051,,,2,24,,14970,13051,,,2,64,,14972,13051,,,2,28,,14973,13051,,,2
8500,'SE',1628,,14975,13051,,,2,24,,14974,13051,,,2,64,,14976,13051,,,2,28,,14977,13051,,,2
68301,'F8',729,,19006,9864,,,2
68301,'SE',729,,19007,9864,,,2
