1401,'F8',600,,3833,4534,,,1,30,,3836,4534,,,1,20,,3838,4534,,,1,56,,3832,4534,,,1,16,,3842,4534,,,1,12,,3841,4534,,,1,16,,3834,4534,,,1,54,,3837,4534,,,1,14,,3839,4534,,,1,16,,3840,4534,,,1,16,,3843,4534,,,1,61,,3835,4534,,,1,24,,3844,4534,,,1,100,,3846,4534,,,1,100,,3859,4534,,,1,100,,3847,4534,,,1,100,,3849,4534,,,1,100,,3858,4534,,,1,100,,3856,4534,,,1,85,,3855,4534,,,1,16,,3848,4534,,,1,19,,3851,4534,,,1,64,,3850,4534,,,1,19,,3857,4534,,,1,21,,3854,4534,,,1,60,,3845,4534,,,1,18,,3853,4534,,,1,68,,3852,4534,,,1
1401,'SE',600,,3861,4534,,,1,30,,3864,4534,,,1,20,,3866,4534,,,1,56,,3860,4534,,,1,16,,3870,4534,,,1,12,,3869,4534,,,1,16,,3862,4534,,,1,54,,3865,4534,,,1,14,,3867,4534,,,1,16,,3868,4534,,,1,16,,3871,4534,,,1,61,,3863,4534,,,1,24,,3872,4534,,,1,100,,3874,4534,,,1,100,,3887,4534,,,1,100,,3875,4534,,,1,100,,3877,4534,,,1,100,,3886,4534,,,1,100,,3884,4534,,,1,85,,3883,4534,,,1,16,,3876,4534,,,1,19,,3879,4534,,,1,64,,3878,4534,,,1,19,,3885,4534,,,1,21,,3882,4534,,,1,60,,3873,4534,,,1,18,,3881,4534,,,1,68,,3880,4534,,,1
4301,'DI',809,,8845,4795,,,1,100,,8836,4795,,,1,100,,8837,4795,,,1,100,,8838,4795,,,1,101,,8839,4795,,,1,100,,8834,4795,,,1,100,,8830,4795,,,1,100,,8846,4795,,,1,101,,8831,4795,,,1,99,,8847,4795,,,1,100,,8832,4795,,,1,99,,8840,4795,,,1,100,,8841,4795,,,1,100,,8835,4795,,,1,100,,8833,4795,,,1,100,,8843,4795,,,1,99,,8842,4795,,,1,100,,8844,4795,,,1
4301,'F1',709,,8852,4795,,,1,100,,8854,4795,,,1,100,,8849,4795,,,1,100,,8859,4795,,,1,100,,8862,4795,,,1,100,,8856,4795,,,1,101,,8863,4795,,,1,100,,8853,4795,,,1,100,,8864,4795,,,1,101,,8855,4795,,,1,99,,8860,4795,,,1,100,,8850,4795,,,1,99,,8857,4795,,,1,100,,8866,4795,,,1,100,,8865,4795,,,1,100,,8858,4795,,,1,100,,8861,4795,,,1,99,,8848,4795,,,1,100,,8851,4795,,,1
4301,'F7',809,,8882,4795,,,1,100,,8873,4795,,,1,100,,8874,4795,,,1,100,,8875,4795,,,1,101,,8876,4795,,,1,100,,8871,4795,,,1,100,,8867,4795,,,1,100,,8883,4795,,,1,101,,8868,4795,,,1,99,,8884,4795,,,1,100,,8869,4795,,,1,99,,8877,4795,,,1,100,,8878,4795,,,1,100,,8872,4795,,,1,100,,8870,4795,,,1,100,,8880,4795,,,1,99,,8879,4795,,,1,100,,8881,4795,,,1
4301,'F8',656,,8891,4795,,,1,73,,8905,4795,,,1,73,,8907,4795,,,1,22,,8910,4795,,,1,80,,8901,4795,,,1,25,,8902,4795,,,1,30,,8888,4795,,,1,100,,8896,4795,,,1,100,,8885,4795,,,1,100,,8887,4795,,,1,100,,8889,4795,,,1,96,,8886,4795,,,1,74,,8893,4795,,,1,27,,8894,4795,,,1,81,,8895,4795,,,1,66,,8906,4795,,,1,28,,8892,4795,,,1,71,,8890,4795,,,1,30,,8898,4795,,,1,70,,8903,4795,,,1,99,,8909,4795,,,1,100,,8899,4795,,,1,100,,8904,4795,,,1,99,,8897,4795,,,1,100,,8900,4795,,,1,100,,8908,4795,,,1
4301,'F9',709,,8915,4795,,,1,100,,8917,4795,,,1,100,,8912,4795,,,1,100,,8922,4795,,,1,100,,8925,4795,,,1,100,,8919,4795,,,1,101,,8926,4795,,,1,100,,8916,4795,,,1,100,,8927,4795,,,1,101,,8918,4795,,,1,99,,8923,4795,,,1,100,,8913,4795,,,1,99,,8920,4795,,,1,100,,8929,4795,,,1,100,,8928,4795,,,1,100,,8921,4795,,,1,100,,8924,4795,,,1,99,,8911,4795,,,1,100,,8914,4795,,,1
4301,'SA',709,,8934,4795,,,1,100,,8936,4795,,,1,100,,8931,4795,,,1,100,,8941,4795,,,1,100,,8944,4795,,,1,100,,8938,4795,,,1,101,,8945,4795,,,1,100,,8935,4795,,,1,100,,8946,4795,,,1,101,,8937,4795,,,1,99,,8942,4795,,,1,100,,8932,4795,,,1,99,,8939,4795,,,1,100,,8948,4795,,,1,100,,8947,4795,,,1,100,,8940,4795,,,1,100,,8943,4795,,,1,99,,8930,4795,,,1,100,,8933,4795,,,1
4301,'SE',656,,8955,4795,,,1,73,,8969,4795,,,1,73,,8971,4795,,,1,22,,8974,4795,,,1,80,,8965,4795,,,1,25,,8966,4795,,,1,30,,8952,4795,,,1,100,,8960,4795,,,1,100,,8949,4795,,,1,100,,8951,4795,,,1,100,,8953,4795,,,1,96,,8950,4795,,,1,74,,8957,4795,,,1,27,,8958,4795,,,1,81,,8959,4795,,,1,66,,8970,4795,,,1,28,,8956,4795,,,1,71,,8954,4795,,,1,30,,8962,4795,,,1,70,,8967,4795,,,1,99,,8973,4795,,,1,100,,8963,4795,,,1,100,,8968,4795,,,1,99,,8961,4795,,,1,100,,8964,4795,,,1,100,,8972,4795,,,1
21400,'DI',913,,17199,4534,,,1,100,,17200,4534,,,1,100,,17201,4534,,,1,100,,17202,4534,,,1,100,,17203,4534,,,1,100,,17204,4534,,,1,100,,17205,4534,,,1,100,,17196,4534,,,1,100,,17197,4534,,,1,100,,17198,4534,,,1
21400,'F1',913,,17215,4534,,,1,100,,17206,4534,,,1,100,,17207,4534,,,1,100,,17208,4534,,,1,100,,17209,4534,,,1,100,,17210,4534,,,1,100,,17211,4534,,,1,100,,17212,4534,,,1,100,,17213,4534,,,1,100,,17214,4534,,,1
21400,'F7',913,,17219,4534,,,1,100,,17220,4534,,,1,100,,17221,4534,,,1,100,,17222,4534,,,1,100,,17223,4534,,,1,100,,17224,4534,,,1,100,,17225,4534,,,1,100,,17216,4534,,,1,100,,17217,4534,,,1,100,,17218,4534,,,1
21400,'F9',913,,17235,4534,,,1,100,,17226,4534,,,1,100,,17227,4534,,,1,100,,17228,4534,,,1,100,,17229,4534,,,1,100,,17230,4534,,,1,100,,17231,4534,,,1,100,,17232,4534,,,1,100,,17233,4534,,,1,100,,17234,4534,,,1
21400,'SA',913,,17245,4534,,,1,100,,17236,4534,,,1,100,,17237,4534,,,1,100,,17238,4534,,,1,100,,17239,4534,,,1,100,,17240,4534,,,1,100,,17241,4534,,,1,100,,17242,4534,,,1,100,,17243,4534,,,1,100,,17244,4534,,,1
