1900,'DI',632,,25744,9636,0,9,2,100,,25745,9636,0,9,2,100,,25746,9636,0,9,2,104,,25747,9636,0,9,2,100,,25748,9636,0,9,2,100,,25749,9636,0,9,2,100,,25750,9636,0,9,2,100,,25751,9636,0,9,2,100,,25752,9636,0,9,2,100,,25753,9636,0,9,2,100,,25754,9636,0,9,2,100,,25755,9636,0,9,2,100,,25756,9636,0,9,2,100,,25757,9636,0,9,2,100,,25758,9636,0,9,2,100,,25759,9636,0,9,2,100,,25760,9636,0,9,2,100,,25761,9636,0,9,2,100,,25762,9636,0,9,2,100,,25743,9636,0,9,2
1900,'F1',632,,25778,9636,0,9,2,70,,25775,9636,0,9,2,30,,25779,9636,0,9,2,70,,25776,9636,0,9,2,30,,25780,9636,0,9,2,70,,25777,9636,0,9,2,34,,25768,9636,0,9,2,70,,25763,9636,0,9,2,30,,25769,9636,0,9,2,70,,25764,9636,0,9,2,30,,25770,9636,0,9,2,70,,25765,9636,0,9,2,30,,25771,9636,0,9,2,70,,25766,9636,0,9,2,30,,25772,9636,0,9,2,70,,25773,9636,0,9,2,30,,5153,9636,0,9,2,70,,25774,9636,0,9,2,30,,5154,9636,0,9,2,70,,25781,9636,0,9,2,30,,5155,9636,0,9,2,70,,25782,9636,0,9,2,30,,5156,9636,0,9,2,70,,25783,9636,0,9,2,30,,5157,9636,0,9,2,100,,25784,9636,0,9,2,100,,25785,9636,0,9,2,100,,25786,9636,0,9,2,100,,25787,9636,0,9,2,100,,25788,9636,0,9,2,100,,25789,9636,0,9,2,100,,25767,9636,0,9,2
1900,'F2',632,,25790,9636,0,9,2,70,,25799,9636,0,9,2,30,,25791,9636,0,9,2,70,,25800,9636,0,9,2,30,,25792,9636,0,9,2,70,,25801,9636,0,9,2,34,,25793,9636,0,9,2,70,,25802,9636,0,9,2,30,,25794,9636,0,9,2,70,,25803,9636,0,9,2,30,,25795,9636,0,9,2,70,,25815,9636,0,9,2,30,,25796,9636,0,9,2,70,,25816,9636,0,9,2,30,,25797,9636,0,9,2,70,,25817,9636,0,9,2,30,,25798,9636,0,9,2,70,,25818,9636,0,9,2,30,,25804,9636,0,9,2,70,,25819,9636,0,9,2,30,,25805,9636,0,9,2,70,,25820,9636,0,9,2,30,,25806,9636,0,9,2,70,,25821,9636,0,9,2,30,,25807,9636,0,9,2,100,,25808,9636,0,9,2,100,,25809,9636,0,9,2,100,,25810,9636,0,9,2,100,,25811,9636,0,9,2,100,,25812,9636,0,9,2,100,,25813,9636,0,9,2,100,,25814,9636,0,9,2
1900,'F7',556,,25841,9636,0,9,2,76,,25860,9636,0,9,2,27,,25842,9636,0,9,2,52,,25843,9636,0,9,2,12,,25825,9636,0,9,2,12,,25840,9636,0,9,2,15,,25822,9636,0,9,2,61,,25839,9636,0,9,2,20,,25826,9636,0,9,2,72,,25823,9636,0,9,2,34,,25854,9636,0,9,2,70,,25824,9636,0,9,2,30,,25827,9636,0,9,2,70,,25844,9636,0,9,2,30,,25828,9636,0,9,2,70,,25845,9636,0,9,2,30,,25848,9636,0,9,2,70,,25846,9636,0,9,2,30,,25849,9636,0,9,2,71,,25847,9636,0,9,2,30,,25850,9636,0,9,2,70,,25838,9636,0,9,2,28,,25863,9636,0,9,2,21,,25861,9636,0,9,2,63,,25858,9636,0,9,2,20,,25855,9636,0,9,2,61,,25859,9636,0,9,2,18,,25851,9636,0,9,2,17,,25852,9636,0,9,2,22,,25864,9636,0,9,2,59,,25833,9636,0,9,2,24,,25853,9636,0,9,2,66,,25829,9636,0,9,2,30,,25856,9636,0,9,2,70,,25830,9636,0,9,2,30,,25857,9636,0,9,2,70,,25831,9636,0,9,2,30,,25862,9636,0,9,2,70,,25832,9636,0,9,2,30,,25834,9636,0,9,2,100,,25835,9636,0,9,2,100,,25836,9636,0,9,2,100,,25837,9636,0,9,2
1900,'F8',632,,25865,9636,0,9,2,70,,25874,9636,0,9,2,30,,25866,9636,0,9,2,70,,25875,9636,0,9,2,30,,25867,9636,0,9,2,70,,25876,9636,0,9,2,34,,25868,9636,0,9,2,70,,25877,9636,0,9,2,30,,25869,9636,0,9,2,70,,25878,9636,0,9,2,30,,25870,9636,0,9,2,70,,25890,9636,0,9,2,30,,25871,9636,0,9,2,70,,25891,9636,0,9,2,30,,25872,9636,0,9,2,70,,25892,9636,0,9,2,30,,25873,9636,0,9,2,70,,25893,9636,0,9,2,30,,25879,9636,0,9,2,70,,25894,9636,0,9,2,30,,25880,9636,0,9,2,70,,25895,9636,0,9,2,30,,25881,9636,0,9,2,70,,25896,9636,0,9,2,30,,25882,9636,0,9,2,100,,25883,9636,0,9,2,100,,25884,9636,0,9,2,100,,25885,9636,0,9,2,100,,25886,9636,0,9,2,100,,25887,9636,0,9,2,100,,25888,9636,0,9,2,100,,25889,9636,0,9,2
1900,'F9',632,,25898,9636,0,9,2,100,,25899,9636,0,9,2,100,,25900,9636,0,9,2,104,,25901,9636,0,9,2,100,,25902,9636,0,9,2,100,,25903,9636,0,9,2,100,,25904,9636,0,9,2,100,,25905,9636,0,9,2,100,,25906,9636,0,9,2,100,,25907,9636,0,9,2,100,,25908,9636,0,9,2,100,,25909,9636,0,9,2,100,,25910,9636,0,9,2,100,,25911,9636,0,9,2,100,,25912,9636,0,9,2,100,,25913,9636,0,9,2,100,,25914,9636,0,9,2,100,,25915,9636,0,9,2,100,,25916,9636,0,9,2,100,,25897,9636,0,9,2
1900,'SA',632,,25917,9636,0,9,2,70,,25926,9636,0,9,2,30,,25918,9636,0,9,2,70,,25927,9636,0,9,2,30,,25919,9636,0,9,2,70,,25928,9636,0,9,2,34,,25920,9636,0,9,2,70,,25929,9636,0,9,2,30,,25921,9636,0,9,2,70,,25930,9636,0,9,2,30,,25922,9636,0,9,2,70,,25942,9636,0,9,2,30,,25923,9636,0,9,2,70,,25943,9636,0,9,2,30,,25924,9636,0,9,2,70,,25944,9636,0,9,2,30,,25925,9636,0,9,2,70,,25945,9636,0,9,2,30,,25931,9636,0,9,2,70,,25946,9636,0,9,2,30,,25932,9636,0,9,2,70,,25947,9636,0,9,2,30,,25933,9636,0,9,2,70,,25948,9636,0,9,2,30,,25934,9636,0,9,2,100,,25935,9636,0,9,2,100,,25936,9636,0,9,2,100,,25937,9636,0,9,2,100,,25938,9636,0,9,2,100,,25939,9636,0,9,2,100,,25940,9636,0,9,2,100,,25941,9636,0,9,2
1900,'SE',556,,25968,9636,0,9,2,76,,25987,9636,0,9,2,27,,25969,9636,0,9,2,52,,25970,9636,0,9,2,12,,25952,9636,0,9,2,12,,25967,9636,0,9,2,15,,25949,9636,0,9,2,61,,25966,9636,0,9,2,20,,25953,9636,0,9,2,72,,25950,9636,0,9,2,34,,25981,9636,0,9,2,70,,25951,9636,0,9,2,30,,25954,9636,0,9,2,70,,25971,9636,0,9,2,30,,25955,9636,0,9,2,70,,25972,9636,0,9,2,30,,25975,9636,0,9,2,70,,25973,9636,0,9,2,30,,25976,9636,0,9,2,71,,25974,9636,0,9,2,30,,25977,9636,0,9,2,70,,25965,9636,0,9,2,28,,25990,9636,0,9,2,21,,25988,9636,0,9,2,63,,25985,9636,0,9,2,20,,25982,9636,0,9,2,61,,25986,9636,0,9,2,18,,25978,9636,0,9,2,17,,25979,9636,0,9,2,22,,25991,9636,0,9,2,59,,25960,9636,0,9,2,24,,25980,9636,0,9,2,66,,25956,9636,0,9,2,30,,25983,9636,0,9,2,70,,25957,9636,0,9,2,30,,25984,9636,0,9,2,70,,25958,9636,0,9,2,30,,25989,9636,0,9,2,70,,25959,9636,0,9,2,30,,25961,9636,0,9,2,100,,25962,9636,0,9,2,100,,25963,9636,0,9,2,100,,25964,9636,0,9,2
53900,'F7',1642,,40682,9059,,,2
53900,'SE',1642,,40683,9059,,,2
60100,'F7',1622,,40741,8999,,,2
60100,'SE',1622,,40742,8999,,,2
