2100,'DI',523,,3392,,,1,30,,3397,,,1,70,,3420,,,1,29,,3414,,,1,70,,3417,,,1,30,,3406,,,1,71,,3411,,,1,30,,3421,,,1,70,,3393,,,1,27,,3387,,,1,73,,3419,,,1,30,,3418,,,1,72,,3398,,,1,28,,3415,,,1,71,,3412,,,1,30,,3388,,,1,70,,3394,,,1,30,,3413,,,1,70,,3416,,,1,30,,3389,,,1,70,,3395,,,1,30,,3407,,,1,70,,3402,,,1,30,,3390,,,1,70,,3401,,,1,30,,3408,,,1,70,,3403,,,1,29,,3391,,,1,70,,3381,,,1,30,,3385,,,1,70,,3383,,,1,30,,3409,,,1,70,,3410,,,1,30,,3404,,,1,70,,3399,,,1,30,,3384,,,1,70,,3386,,,1,30,,3405,,,1,70,,3382,,,1,30,,3396,,,1,70,,3400,,,1
2100,'F1',523,,3422,,,1,30,,3430,,,1,70,,3442,,,1,30,,3453,,,1,70,,3441,,,1,30,,3447,,,1,70,,3438,,,1,30,,3443,,,1,70,,3456,,,1,25,,3448,,,1,71,,3423,,,1,34,,3454,,,1,73,,3449,,,1,24,,3444,,,1,74,,3457,,,1,30,,3426,,,1,70,,3450,,,1,30,,3455,,,1,70,,3459,,,1,30,,3427,,,1,70,,3451,,,1,30,,3445,,,1,70,,3460,,,1,30,,3428,,,1,70,,3452,,,1,30,,3446,,,1,70,,3461,,,1,29,,3429,,,1,70,,3431,,,1,30,,3436,,,1,70,,3434,,,1,30,,3433,,,1,70,,3439,,,1,30,,3432,,,1,70,,3424,,,1,30,,3435,,,1,70,,3458,,,1,30,,3440,,,1,70,,3462,,,1,30,,3425,,,1,69,,3437,,,1
2100,'F7',523,,13434,,,1,30,,13439,,,1,70,,13462,,,1,29,,13456,,,1,70,,13459,,,1,30,,13448,,,1,71,,13453,,,1,30,,13463,,,1,70,,13435,,,1,27,,13429,,,1,73,,13461,,,1,30,,13460,,,1,72,,13440,,,1,28,,13457,,,1,71,,13454,,,1,30,,13430,,,1,70,,13436,,,1,30,,13455,,,1,70,,13458,,,1,30,,13431,,,1,70,,13437,,,1,30,,13449,,,1,70,,13444,,,1,30,,13432,,,1,70,,13443,,,1,30,,13450,,,1,70,,13445,,,1,29,,13433,,,1,70,,13423,,,1,30,,13427,,,1,70,,13425,,,1,30,,13451,,,1,70,,13452,,,1,30,,13446,,,1,70,,13441,,,1,30,,13426,,,1,70,,13428,,,1,30,,13447,,,1,70,,13424,,,1,30,,13438,,,1,70,,13442,,,1
2100,'F8',536,,13472,,,1,15,,13473,,,1,55,,13467,,,1,12,,13468,,,1,10,,13464,,,1,20,,13469,,,1,56,,13471,,,1,10,,13479,,,1,14,,13474,,,1,17,,13497,,,1,57,,13498,,,1,23,,13487,,,1,18,,13470,,,1,60,,13478,,,1,21,,13475,,,1,27,,13465,,,1,72,,13466,,,1,30,,13491,,,1,70,,13476,,,1,30,,13494,,,1,73,,13512,,,1,30,,13499,,,1,70,,13477,,,1,30,,13480,,,1,68,,13513,,,1,81,,13506,,,1,7,,13492,,,1,17,,13510,,,1,15,,13495,,,1,15,,13481,,,1,55,,13500,,,1,15,,13501,,,1,16,,13503,,,1,59,,13509,,,1,17,,13483,,,1,10,,13485,,,1,11,,13514,,,1,15,,13482,,,1,53,,13508,,,1,15,,13502,,,1,15,,13504,,,1,60,,13493,,,1,20,,13484,,,1,17,,13507,,,1,70,,13496,,,1,30,,13511,,,1,70,,13486,,,1,30,,13515,,,1,100,,13488,,,1,100,,13505,,,1,97,,13490,,,1,100,,13489,,,1
2100,'F9',523,,13516,,,1,30,,13524,,,1,70,,13536,,,1,30,,13547,,,1,70,,13535,,,1,30,,13541,,,1,70,,13532,,,1,30,,13537,,,1,70,,13550,,,1,25,,13542,,,1,71,,13517,,,1,34,,13548,,,1,73,,13543,,,1,24,,13538,,,1,74,,13551,,,1,30,,13520,,,1,70,,13544,,,1,30,,13549,,,1,70,,13553,,,1,30,,13521,,,1,70,,13545,,,1,30,,13539,,,1,70,,13554,,,1,30,,13522,,,1,70,,13546,,,1,30,,13540,,,1,70,,13555,,,1,29,,13523,,,1,70,,13525,,,1,30,,13530,,,1,70,,13528,,,1,30,,13527,,,1,70,,13533,,,1,30,,13526,,,1,70,,13518,,,1,30,,13529,,,1,70,,13552,,,1,30,,13534,,,1,70,,13556,,,1,30,,13519,,,1,69,,13531,,,1
2100,'SA',523,,3463,,,1,30,,3471,,,1,70,,3483,,,1,30,,3494,,,1,70,,3482,,,1,30,,3488,,,1,70,,3479,,,1,30,,3484,,,1,70,,3497,,,1,25,,3489,,,1,71,,3464,,,1,34,,3495,,,1,73,,3490,,,1,24,,3485,,,1,74,,3498,,,1,30,,3467,,,1,70,,3491,,,1,30,,3496,,,1,70,,3500,,,1,30,,3468,,,1,70,,3492,,,1,30,,3486,,,1,70,,3501,,,1,30,,3469,,,1,70,,3493,,,1,30,,3487,,,1,70,,3502,,,1,29,,3470,,,1,70,,3472,,,1,30,,3477,,,1,70,,3475,,,1,30,,3474,,,1,70,,3480,,,1,30,,3473,,,1,70,,3465,,,1,30,,3476,,,1,70,,3499,,,1,30,,3481,,,1,70,,3503,,,1,30,,3466,,,1,69,,3478,,,1
2100,'SE',536,,3512,,,1,15,,3513,,,1,55,,3507,,,1,12,,3508,,,1,10,,3504,,,1,20,,3509,,,1,56,,3511,,,1,10,,3519,,,1,14,,3514,,,1,17,,3537,,,1,57,,3538,,,1,23,,3527,,,1,18,,3510,,,1,60,,3518,,,1,21,,3515,,,1,27,,3505,,,1,72,,3506,,,1,30,,3531,,,1,70,,3516,,,1,30,,3534,,,1,73,,3552,,,1,30,,3539,,,1,70,,3517,,,1,30,,3520,,,1,68,,3553,,,1,81,,3546,,,1,7,,3532,,,1,17,,3550,,,1,15,,3535,,,1,15,,3521,,,1,55,,3540,,,1,15,,3541,,,1,16,,3543,,,1,59,,3549,,,1,17,,3523,,,1,10,,3525,,,1,11,,3554,,,1,15,,3522,,,1,53,,3548,,,1,15,,3542,,,1,15,,3544,,,1,60,,3533,,,1,20,,3524,,,1,17,,3547,,,1,70,,3536,,,1,30,,3551,,,1,70,,3526,,,1,30,,3555,,,1,100,,3528,,,1,100,,3545,,,1,97,,3530,,,1,100,,3529,,,1
13201,'DI',722,,9173,,,2,100,,9174,,,2,100,,9176,,,2,100,,9189,,,2,100,,9172,,,2,100,,9177,,,2,100,,9188,,,2,100,,9180,,,2,100,,9178,,,2,105,,9182,,,2,95,,9181,,,2,100,,9179,,,2,101,,9183,,,2,97,,9184,,,2,100,,9175,,,2,100,,9186,,,2,100,,9185,,,2,100,,9187,,,2
13201,'F1',722,,9192,,,2,100,,9206,,,2,100,,9191,,,2,100,,9193,,,2,103,,9195,,,2,97,,9190,,,2,104,,9194,,,2,96,,9198,,,2,104,,9196,,,2,96,,9200,,,2,100,,9199,,,2,100,,9197,,,2,101,,9201,,,2,97,,9203,,,2,100,,9202,,,2,100,,9205,,,2,100,,9204,,,2,100,,9207,,,2
13201,'F7',722,,18080,,,2,100,,18081,,,2,100,,18083,,,2,100,,18096,,,2,100,,18079,,,2,100,,18084,,,2,100,,18095,,,2,100,,18087,,,2,100,,18085,,,2,105,,18089,,,2,95,,18088,,,2,100,,18086,,,2,101,,18090,,,2,97,,18091,,,2,100,,18082,,,2,100,,18093,,,2,100,,18092,,,2,100,,18094,,,2
13201,'F8',556,,18100,,,2,70,,18102,,,2,33,,18110,,,2,60,,18114,,,2,23,,18107,,,2,60,,18112,,,2,22,,18111,,,2,18,,18101,,,2,16,,18108,,,2,60,,18113,,,2,20,,18106,,,2,19,,18115,,,2,97,,18122,,,2,99,,18119,,,2,96,,18120,,,2,100,,18097,,,2,110,,18117,,,2,51,,18103,,,2,3,,18104,,,2,43,,18123,,,2,65,,18118,,,2,20,,18105,,,2,18,,18109,,,2,63,,18124,,,2,19,,18098,,,2,18,,18116,,,2,59,,18099,,,2,40,,18121,,,2
13201,'F9',722,,18127,,,2,100,,18141,,,2,100,,18126,,,2,100,,18128,,,2,103,,18130,,,2,97,,18125,,,2,104,,18129,,,2,96,,18133,,,2,104,,18131,,,2,96,,18135,,,2,100,,18134,,,2,100,,18132,,,2,101,,18136,,,2,97,,18138,,,2,100,,18137,,,2,100,,18140,,,2,100,,18139,,,2,100,,18142,,,2
13201,'SA',722,,9210,,,2,100,,9224,,,2,100,,9209,,,2,100,,9211,,,2,103,,9213,,,2,97,,9208,,,2,104,,9212,,,2,96,,9216,,,2,104,,9214,,,2,96,,9218,,,2,100,,9217,,,2,100,,9215,,,2,101,,9219,,,2,97,,9221,,,2,100,,9220,,,2,100,,9223,,,2,100,,9222,,,2,100,,9225,,,2
13201,'SE',556,,9229,,,2,70,,9231,,,2,33,,9239,,,2,60,,9243,,,2,23,,9236,,,2,60,,9241,,,2,22,,9240,,,2,18,,9230,,,2,16,,9237,,,2,60,,9242,,,2,20,,9235,,,2,19,,9244,,,2,97,,9251,,,2,99,,9248,,,2,96,,9249,,,2,100,,9226,,,2,110,,9246,,,2,51,,9232,,,2,3,,9233,,,2,43,,9252,,,2,65,,9247,,,2,20,,9234,,,2,18,,9238,,,2,63,,9253,,,2,19,,9227,,,2,18,,9245,,,2,59,,9228,,,2,40,,9250,,,2
53201,'F8',858,,19148,,,2,1,,19147,,,2
53201,'SE',858,,10447,,,2,1,,10446,,,2
64000,'F8',1622,,19212,,,2,1,,19213,,,2,1,,19214,,,2
64000,'SE',1622,,10511,,,2,1,,10512,,,2,1,,10513,,,2
64001,'F8',834,,19215,,,2,1,,19217,,,2,1,,19216,,,2
64001,'SE',834,,10514,,,2,1,,10516,,,2,1,,10515,,,2
69700,'F8',1636,,19302,,,2,1,,19303,,,2
69700,'SE',1636,,10601,,,2,1,,10602,,,2
69701,'F8',833,,19304,,,2,1,,19305,,,2
69701,'SE',833,,10603,,,2,1,,10604,,,2
