8800,'DI',736,,36639,13681,,,1,70,,36644,13681,,,1,30,,36650,13681,,,1,70,,36659,13681,,,1,30,,36640,13681,,,1,70,,36645,13681,,,1,32,,36651,13681,,,1,70,,36660,13681,,,1,30,,36641,13681,,,1,70,,36646,13681,,,1,31,,36652,13681,,,1,70,,36661,13681,,,1,30,,36642,13681,,,1,70,,36647,13681,,,1,30,,36653,13681,,,1,70,,15002,13681,,,1,30,,36654,13681,,,1,70,,36648,13681,,,1,30,,36662,13681,,,1,70,,15003,13681,,,1,30,,36655,13681,,,1,68,,36649,13681,,,1,30,,36663,13681,,,1,100,,36656,13681,,,1,100,,36664,13681,,,1,100,,36657,13681,,,1,100,,36665,13681,,,1,97,,36658,13681,,,1,100,,36638,13681,,,1,100,,36643,13681,,,1
8800,'F1',736,,36672,13681,,,1,70,,15061,13681,,,1,31,,36685,13681,,,1,70,,36676,13681,,,1,31,,36673,13681,,,1,70,,15062,13681,,,1,32,,36686,13681,,,1,70,,36677,13681,,,1,30,,15046,13681,,,1,70,,36681,13681,,,1,30,,36687,13681,,,1,70,,36678,13681,,,1,30,,15047,13681,,,1,70,,36682,13681,,,1,30,,36688,13681,,,1,70,,36668,13681,,,1,30,,15048,13681,,,1,70,,36683,13681,,,1,30,,36689,13681,,,1,70,,36669,13681,,,1,31,,36690,13681,,,1,69,,36684,13681,,,1,31,,36679,13681,,,1,69,,36670,13681,,,1,30,,36674,13681,,,1,100,,36680,13681,,,1,98,,36675,13681,,,1,97,,36667,13681,,,1,100,,36666,13681,,,1,100,,36671,13681,,,1,100,,15032,13681,,,1
8800,'F2',736,,36694,13681,,,1,70,,36719,13681,,,1,31,,36715,13681,,,1,70,,36706,13681,,,1,31,,36699,13681,,,1,70,,36720,13681,,,1,32,,36716,13681,,,1,70,,36707,13681,,,1,30,,36700,13681,,,1,70,,36711,13681,,,1,30,,36696,13681,,,1,70,,36708,13681,,,1,30,,36701,13681,,,1,70,,36712,13681,,,1,30,,36697,13681,,,1,70,,36691,13681,,,1,30,,36702,13681,,,1,70,,36713,13681,,,1,30,,36698,13681,,,1,70,,36692,13681,,,1,31,,36721,13681,,,1,69,,36714,13681,,,1,31,,36709,13681,,,1,69,,36693,13681,,,1,30,,36703,13681,,,1,100,,36710,13681,,,1,98,,36704,13681,,,1,97,,36718,13681,,,1,100,,36705,13681,,,1,100,,36717,13681,,,1,100,,36695,13681,,,1
8800,'F7',703,,36728,13681,,,1,41,,36732,13681,,,1,2,,36737,13681,,,1,59,,36767,13681,,,1,15,,36768,13681,,,1,14,,36734,13681,,,1,15,,36769,13681,,,1,55,,36735,13681,,,1,12,,36736,13681,,,1,29,,36757,13681,,,1,70,,36733,13681,,,1,30,,36731,13681,,,1,70,,36755,13681,,,1,33,,36758,13681,,,1,70,,36724,13681,,,1,30,,36722,13681,,,1,70,,36759,13681,,,1,30,,36725,13681,,,1,70,,36756,13681,,,1,34,,36771,13681,,,1,4,,36746,13681,,,1,70,,36760,13681,,,1,17,,36762,13681,,,1,16,,36764,13681,,,1,55,,36726,13681,,,1,15,,36738,13681,,,1,15,,36770,13681,,,1,15,,36743,13681,,,1,53,,36747,13681,,,1,9,,36723,13681,,,1,12,,36750,13681,,,1,12,,36740,13681,,,1,11,,36745,13681,,,1,51,,36730,13681,,,1,11,,36765,13681,,,1,12,,36727,13681,,,1,12,,36739,13681,,,1,7,,36763,13681,,,1,59,,36744,13681,,,1,15,,36748,13681,,,1,22,,36741,13681,,,1,68,,36766,13681,,,1,30,,36761,13681,,,1,68,,36749,13681,,,1,30,,36742,13681,,,1,70,,36729,13681,,,1,30,,36753,13681,,,1,100,,36751,13681,,,1,99,,36754,13681,,,1,95,,36752,13681,,,1
8800,'F8',736,,36775,13681,,,1,70,,36800,13681,,,1,31,,36796,13681,,,1,70,,36787,13681,,,1,31,,36780,13681,,,1,70,,36801,13681,,,1,32,,36797,13681,,,1,70,,36788,13681,,,1,30,,36781,13681,,,1,70,,36792,13681,,,1,30,,36777,13681,,,1,70,,36789,13681,,,1,30,,36782,13681,,,1,70,,36793,13681,,,1,30,,36778,13681,,,1,70,,36772,13681,,,1,30,,36783,13681,,,1,70,,36794,13681,,,1,30,,36779,13681,,,1,70,,36773,13681,,,1,31,,36802,13681,,,1,69,,36795,13681,,,1,31,,36790,13681,,,1,69,,36774,13681,,,1,30,,36784,13681,,,1,100,,36791,13681,,,1,98,,36785,13681,,,1,97,,36799,13681,,,1,100,,36786,13681,,,1,100,,36798,13681,,,1,100,,36776,13681,,,1
8800,'F9',736,,36806,13681,,,1,70,,36811,13681,,,1,30,,36817,13681,,,1,70,,36826,13681,,,1,30,,36807,13681,,,1,70,,36812,13681,,,1,32,,36818,13681,,,1,70,,36827,13681,,,1,30,,36808,13681,,,1,70,,36813,13681,,,1,31,,36819,13681,,,1,70,,36828,13681,,,1,30,,36809,13681,,,1,70,,36814,13681,,,1,30,,36820,13681,,,1,70,,36803,13681,,,1,30,,36821,13681,,,1,70,,36815,13681,,,1,30,,36829,13681,,,1,70,,36804,13681,,,1,30,,36822,13681,,,1,68,,36816,13681,,,1,30,,36830,13681,,,1,100,,36823,13681,,,1,100,,36831,13681,,,1,100,,36824,13681,,,1,100,,36832,13681,,,1,97,,36825,13681,,,1,100,,36805,13681,,,1,100,,36810,13681,,,1
8800,'SA',736,,36836,13681,,,1,70,,36860,13681,,,1,31,,36857,13681,,,1,70,,36848,13681,,,1,31,,36841,13681,,,1,70,,36861,13681,,,1,32,,36858,13681,,,1,70,,36849,13681,,,1,30,,36842,13681,,,1,70,,36853,13681,,,1,30,,36838,13681,,,1,70,,36850,13681,,,1,30,,36843,13681,,,1,70,,36854,13681,,,1,30,,36839,13681,,,1,70,,36833,13681,,,1,30,,36844,13681,,,1,70,,36855,13681,,,1,30,,36840,13681,,,1,70,,36834,13681,,,1,31,,36862,13681,,,1,69,,36856,13681,,,1,31,,36851,13681,,,1,69,,36835,13681,,,1,30,,36845,13681,,,1,100,,36852,13681,,,1,98,,36846,13681,,,1,97,,15203,13681,,,1,100,,36847,13681,,,1,100,,36859,13681,,,1,100,,36837,13681,,,1
8800,'SE',703,,36869,13681,,,1,41,,36873,13681,,,1,2,,36877,13681,,,1,59,,36905,13681,,,1,15,,36906,13681,,,1,14,,15219,13681,,,1,15,,36907,13681,,,1,55,,36875,13681,,,1,12,,36876,13681,,,1,29,,36895,13681,,,1,70,,36874,13681,,,1,30,,36872,13681,,,1,70,,36893,13681,,,1,33,,36896,13681,,,1,70,,36865,13681,,,1,30,,36863,13681,,,1,70,,36897,13681,,,1,30,,36866,13681,,,1,70,,36894,13681,,,1,34,,36909,13681,,,1,4,,36886,13681,,,1,70,,36898,13681,,,1,17,,36900,13681,,,1,16,,36902,13681,,,1,55,,36867,13681,,,1,15,,36878,13681,,,1,15,,36908,13681,,,1,15,,36883,13681,,,1,53,,36887,13681,,,1,9,,36864,13681,,,1,12,,36888,13681,,,1,12,,36880,13681,,,1,11,,36885,13681,,,1,51,,36871,13681,,,1,11,,36903,13681,,,1,12,,36868,13681,,,1,12,,36879,13681,,,1,7,,36901,13681,,,1,59,,36884,13681,,,1,15,,15235,13681,,,1,22,,36881,13681,,,1,68,,36904,13681,,,1,30,,36899,13681,,,1,68,,15236,13681,,,1,30,,36882,13681,,,1,70,,36870,13681,,,1,30,,36891,13681,,,1,100,,36889,13681,,,1,99,,36892,13681,,,1,95,,36890,13681,,,1
50500,'F7',1631,,40630,6801,,,2
50500,'SE',1631,,40631,6801,,,2
