2300,'F1',640,,27432,0,,,1,100,,27433,0,,,1,100,,27429,0,,,1,101,,27425,0,,,1,99,,27427,0,,,1,103,,27428,0,,,1,97,,27434,0,,,1,100,,27426,0,,,1,100,,27430,0,,,1,100,,27431,0,,,1,100,,27435,0,,,1,102,,27436,0,,,1
2300,'F2',640,,27445,0,,,1,100,,27446,0,,,1,100,,27437,0,,,1,101,,27438,0,,,1,99,,27441,0,,,1,103,,27442,0,,,1,97,,27447,0,,,1,100,,27448,0,,,1,100,,27444,0,,,1,100,,27443,0,,,1,100,,27439,0,,,1,102,,27440,0,,,1
2300,'F7',940,,27451,0,,,1,100,,27449,0,,,1,100,,27452,0,,,1,100,,27453,0,,,1,100,,27450,0,,,1
2300,'F8',640,,27462,0,,,1,100,,27463,0,,,1,100,,27454,0,,,1,101,,27455,0,,,1,99,,27458,0,,,1,103,,27459,0,,,1,97,,27464,0,,,1,100,,27465,0,,,1,100,,27461,0,,,1,100,,27460,0,,,1,100,,27456,0,,,1,102,,27457,0,,,1
2300,'SA',640,,27474,0,,,1,100,,27475,0,,,1,100,,27466,0,,,1,101,,27467,0,,,1,99,,27470,0,,,1,103,,27471,0,,,1,97,,27476,0,,,1,100,,27477,0,,,1,100,,27473,0,,,1,100,,27472,0,,,1,100,,27468,0,,,1,102,,27469,0,,,1
2300,'SE',940,,27480,0,,,1,100,,27478,0,,,1,100,,27481,0,,,1,100,,27482,0,,,1,100,,27479,0,,,1
2301,'F1',630,,27490,10431,4,,1,103,,27491,10431,4,,1,103,,27492,10431,4,,1,100,,27487,10431,4,,1,103,,27483,10431,4,,1,99,,27485,10431,4,,1,103,,27486,10431,4,,1,97,,27493,10431,4,,1,99,,27484,10431,4,,1,100,,27488,10431,4,,1,100,,27489,10431,4,,1,100,,27494,10431,4,,1
2301,'F2',630,,27502,10431,4,,1,103,,27503,10431,4,,1,103,,27504,10431,4,,1,100,,27495,10431,4,,1,103,,27496,10431,4,,1,99,,27498,10431,4,,1,103,,27499,10431,4,,1,97,,27505,10431,4,,1,99,,27506,10431,4,,1,100,,27501,10431,4,,1,100,,27500,10431,4,,1,100,,27497,10431,4,,1
2301,'F7',1041,,27509,10431,4,,1,101,,27507,10431,4,,1,102,,27510,10431,4,,1,99,,27511,10431,4,,1,99,,27508,10431,4,,1
2301,'F8',630,,27519,10431,4,,1,103,,27520,10431,4,,1,103,,27521,10431,4,,1,100,,27512,10431,4,,1,103,,27513,10431,4,,1,99,,27515,10431,4,,1,103,,27516,10431,4,,1,97,,27522,10431,4,,1,99,,27523,10431,4,,1,100,,27518,10431,4,,1,100,,27517,10431,4,,1,100,,27514,10431,4,,1
2301,'SA',630,,27531,10431,4,,1,103,,27532,10431,4,,1,103,,27533,10431,4,,1,100,,27524,10431,4,,1,103,,27525,10431,4,,1,99,,27527,10431,4,,1,103,,27528,10431,4,,1,97,,27534,10431,4,,1,99,,27535,10431,4,,1,100,,27530,10431,4,,1,100,,27529,10431,4,,1,100,,27526,10431,4,,1
2301,'SE',1041,,27538,10431,4,,1,101,,27536,10431,4,,1,102,,27539,10431,4,,1,99,,27540,10431,4,,1,99,,27537,10431,4,,1
2900,'DI',730,,27946,0,0,17 18,1,100,,27947,0,0,17 18,1,100,,27948,0,0,17 18,1,100,,27949,0,0,17 18,1,100,,27950,0,0,17 18,1,100,,27951,0,0,17 18,1,100,,27952,0,0,17 18,1,100,,27953,0,0,17 18,1,100,,27954,0,0,17 18,1,100,,27955,0,0,17 18,1,100,,27956,0,0,17 18,1,100,,27957,0,0,17 18,1,100,,27958,0,0,17 18,1,100,,27959,0,0,17 18,1,100,,27960,0,0,17 18,1,100,,27961,0,0,17 18,1,100,,27962,0,0,17 18,1,120,,27963,0,0,17 18,1
2900,'F1',730,,27965,0,0,17 18,1,100,,27966,0,0,17 18,1,100,,27967,0,0,17 18,1,100,,27968,0,0,17 18,1,100,,27969,0,0,17 18,1,100,,27970,0,0,17 18,1,100,,27971,0,0,17 18,1,99,,27972,0,0,17 18,1,99,,27973,0,0,17 18,1,99,,27974,0,0,17 18,1,108,,27975,0,0,17 18,1,99,,27976,0,0,17 18,1,97,,27977,0,0,17 18,1,99,,27978,0,0,17 18,1,100,,27979,0,0,17 18,1,100,,27980,0,0,17 18,1,100,,27981,0,0,17 18,1,120,,27982,0,0,17 18,1
2900,'F2',730,,27997,0,0,17 18,1,100,,27998,0,0,17 18,1,100,,27999,0,0,17 18,1,100,,28000,0,0,17 18,1,100,,28001,0,0,17 18,1,100,,27983,0,0,17 18,1,100,,27984,0,0,17 18,1,99,,27985,0,0,17 18,1,99,,27986,0,0,17 18,1,99,,27987,0,0,17 18,1,108,,27988,0,0,17 18,1,99,,27989,0,0,17 18,1,97,,27990,0,0,17 18,1,99,,27991,0,0,17 18,1,100,,27992,0,0,17 18,1,100,,27993,0,0,17 18,1,100,,27994,0,0,17 18,1,120,,27995,0,0,17 18,1
2900,'F7',655,,28018,0,0,17 18,1,67,,28012,0,0,17 18,1,30,,28015,0,0,17 18,1,74,,28017,0,0,17 18,1,104,,28010,0,0,17 18,1,100,,28028,0,0,17 18,1,100,,28009,0,0,17 18,1,100,,28004,0,0,17 18,1,100,,28007,0,0,17 18,1,97,,28005,0,0,17 18,1,73,,28019,0,0,17 18,1,26,,28020,0,0,17 18,1,74,,28006,0,0,17 18,1,20,,28008,0,0,17 18,1,25,,28014,0,0,17 18,1,55,,28027,0,0,17 18,1,32,,28013,0,0,17 18,1,68,,28021,0,0,17 18,1,30,,28003,0,0,17 18,1,100,,28002,0,0,17 18,1,100,,28022,0,0,17 18,1,100,,28023,0,0,17 18,1,100,,28024,0,0,17 18,1,100,,28025,0,0,17 18,1,120,,28026,0,0,17 18,1
2900,'F8',730,,28043,0,0,17 18,1,100,,28044,0,0,17 18,1,100,,28045,0,0,17 18,1,100,,28046,0,0,17 18,1,100,,28047,0,0,17 18,1,100,,28029,0,0,17 18,1,100,,28030,0,0,17 18,1,99,,28031,0,0,17 18,1,99,,28032,0,0,17 18,1,99,,28033,0,0,17 18,1,108,,28034,0,0,17 18,1,99,,28035,0,0,17 18,1,97,,28036,0,0,17 18,1,99,,28037,0,0,17 18,1,100,,28038,0,0,17 18,1,100,,28039,0,0,17 18,1,100,,28040,0,0,17 18,1,120,,28041,0,0,17 18,1
2900,'F9',730,,28049,0,0,17 18,1,100,,28050,0,0,17 18,1,100,,28051,0,0,17 18,1,100,,28052,0,0,17 18,1,100,,28053,0,0,17 18,1,100,,28054,0,0,17 18,1,100,,28055,0,0,17 18,1,100,,28056,0,0,17 18,1,100,,28057,0,0,17 18,1,100,,28058,0,0,17 18,1,100,,28059,0,0,17 18,1,100,,28060,0,0,17 18,1,100,,28061,0,0,17 18,1,100,,28062,0,0,17 18,1,100,,28063,0,0,17 18,1,100,,28064,0,0,17 18,1,100,,28065,0,0,17 18,1,120,,28066,0,0,17 18,1
2900,'SA',730,,28081,0,0,17 18,1,100,,28082,0,0,17 18,1,100,,28083,0,0,17 18,1,100,,28084,0,0,17 18,1,100,,28085,0,0,17 18,1,100,,28067,0,0,17 18,1,100,,28068,0,0,17 18,1,99,,28069,0,0,17 18,1,99,,28070,0,0,17 18,1,99,,28071,0,0,17 18,1,108,,28072,0,0,17 18,1,99,,28073,0,0,17 18,1,97,,28074,0,0,17 18,1,99,,28075,0,0,17 18,1,100,,28076,0,0,17 18,1,100,,28077,0,0,17 18,1,100,,28078,0,0,17 18,1,120,,28079,0,0,17 18,1
2900,'SE',655,,28101,0,0,17 18,1,67,,28095,0,0,17 18,1,30,,28098,0,0,17 18,1,74,,28100,0,0,17 18,1,104,,28094,0,0,17 18,1,100,,28111,0,0,17 18,1,100,,28093,0,0,17 18,1,100,,28088,0,0,17 18,1,100,,28091,0,0,17 18,1,97,,28089,0,0,17 18,1,73,,28102,0,0,17 18,1,26,,28103,0,0,17 18,1,74,,28090,0,0,17 18,1,20,,28092,0,0,17 18,1,25,,28097,0,0,17 18,1,55,,28110,0,0,17 18,1,32,,28096,0,0,17 18,1,68,,28104,0,0,17 18,1,30,,28087,0,0,17 18,1,100,,28086,0,0,17 18,1,100,,28105,0,0,17 18,1,100,,28106,0,0,17 18,1,100,,28107,0,0,17 18,1,100,,28108,0,0,17 18,1,120,,28109,0,0,17 18,1
2901,'DI',724,,28112,10745,4,,1,100,,28113,10745,4,,1,100,,28114,10745,4,,1,100,,28115,10745,4,,1,100,,28116,10745,4,,1,100,,28117,10745,4,,1,100,,28118,10745,4,,1,100,,28119,10745,4,,1,100,,28120,10745,4,,1,100,,28121,10745,4,,1,100,,28122,10745,4,,1,100,,28123,10745,4,,1,98,,28124,10745,4,,1,100,,28125,10745,4,,1,100,,28126,10745,4,,1,100,,28127,10745,4,,1,100,,28128,10745,4,,1,120,,28129,10745,4,,1
2901,'F1',724,,28131,10745,4,,1,100,,28132,10745,4,,1,100,,28133,10745,4,,1,100,,28134,10745,4,,1,100,,28135,10745,4,,1,100,,28136,10745,4,,1,100,,28137,10745,4,,1,100,,28138,10745,4,,1,99,,28139,10745,4,,1,99,,28140,10745,4,,1,99,,28141,10745,4,,1,108,,28142,10745,4,,1,97,,28143,10745,4,,1,97,,28144,10745,4,,1,99,,28145,10745,4,,1,100,,28146,10745,4,,1,100,,28147,10745,4,,1,120,,28148,10745,4,,1
2901,'F2',724,,28163,10745,4,,1,100,,28164,10745,4,,1,100,,28165,10745,4,,1,100,,28166,10745,4,,1,100,,28167,10745,4,,1,100,,28168,10745,4,,1,100,,28150,10745,4,,1,100,,28151,10745,4,,1,99,,28152,10745,4,,1,99,,28153,10745,4,,1,99,,28154,10745,4,,1,108,,28155,10745,4,,1,97,,28156,10745,4,,1,97,,28157,10745,4,,1,99,,28158,10745,4,,1,100,,28159,10745,4,,1,100,,28160,10745,4,,1,120,,28161,10745,4,,1
2901,'F7',658,,28183,10745,4,,1,66,,28178,10745,4,,1,77,,28194,10745,4,,1,3,,28185,10745,4,,1,27,,28179,10745,4,,1,70,,28182,10745,4,,1,25,,28184,10745,4,,1,103,,28177,10745,4,,1,100,,28196,10745,4,,1,101,,28176,10745,4,,1,100,,28171,10745,4,,1,100,,28174,10745,4,,1,103,,28172,10745,4,,1,75,,28186,10745,4,,1,25,,28187,10745,4,,1,74,,28173,10745,4,,1,20,,28175,10745,4,,1,27,,28181,10745,4,,1,53,,28195,10745,4,,1,28,,28180,10745,4,,1,67,,28188,10745,4,,1,27,,28170,10745,4,,1,97,,28169,10745,4,,1,99,,28189,10745,4,,1,98,,28190,10745,4,,1,98,,28191,10745,4,,1,120,,28192,10745,4,,1
2901,'F8',724,,28210,10745,4,,1,100,,28211,10745,4,,1,100,,28212,10745,4,,1,100,,28213,10745,4,,1,100,,28214,10745,4,,1,100,,28215,10745,4,,1,100,,28197,10745,4,,1,100,,28198,10745,4,,1,99,,28199,10745,4,,1,99,,28200,10745,4,,1,99,,28201,10745,4,,1,108,,28202,10745,4,,1,97,,28203,10745,4,,1,97,,28204,10745,4,,1,99,,28205,10745,4,,1,100,,28206,10745,4,,1,100,,28207,10745,4,,1,120,,28208,10745,4,,1
2901,'F9',724,,28216,10745,4,,1,100,,28217,10745,4,,1,100,,28218,10745,4,,1,100,,28219,10745,4,,1,100,,28220,10745,4,,1,100,,28221,10745,4,,1,100,,28222,10745,4,,1,100,,28223,10745,4,,1,100,,28224,10745,4,,1,100,,28225,10745,4,,1,100,,28226,10745,4,,1,100,,28227,10745,4,,1,98,,28228,10745,4,,1,100,,28229,10745,4,,1,100,,28230,10745,4,,1,100,,28231,10745,4,,1,100,,28232,10745,4,,1,120,,28233,10745,4,,1
2901,'SA',724,,28248,10745,4,,1,100,,28249,10745,4,,1,100,,28250,10745,4,,1,100,,28251,10745,4,,1,100,,28252,10745,4,,1,100,,28253,10745,4,,1,100,,28235,10745,4,,1,100,,28236,10745,4,,1,99,,28237,10745,4,,1,99,,28238,10745,4,,1,99,,28239,10745,4,,1,108,,28240,10745,4,,1,97,,28241,10745,4,,1,97,,28242,10745,4,,1,99,,28243,10745,4,,1,100,,28244,10745,4,,1,100,,28245,10745,4,,1,120,,28246,10745,4,,1
2901,'SE',658,,28267,10745,4,,1,66,,7376,10745,4,,1,77,,28278,10745,4,,1,3,,28269,10745,4,,1,27,,28263,10745,4,,1,70,,28266,10745,4,,1,25,,28268,10745,4,,1,103,,28262,10745,4,,1,100,,28280,10745,4,,1,101,,28261,10745,4,,1,100,,28256,10745,4,,1,100,,28259,10745,4,,1,103,,28257,10745,4,,1,75,,28270,10745,4,,1,25,,28271,10745,4,,1,74,,28258,10745,4,,1,20,,28260,10745,4,,1,27,,28265,10745,4,,1,53,,28279,10745,4,,1,28,,28264,10745,4,,1,67,,28272,10745,4,,1,27,,28255,10745,4,,1,97,,28254,10745,4,,1,99,,28273,10745,4,,1,98,,28274,10745,4,,1,98,,28275,10745,4,,1,120,,28276,10745,4,,1
7400,'DI',755,,34185,0,,,1,100,,34186,0,,,1,100,,34187,0,,,1,100,,34188,0,,,1,99,,34189,0,,,1,105,,34190,0,,,1,96,,34179,0,,,1,100,,34180,0,,,1,100,,34191,0,,,1,100,,34192,0,,,1,104,,34193,0,,,1,96,,34194,0,,,1,100,,34195,0,,,1,100,,34182,0,,,1,100,,34183,0,,,1,100,,34184,0,,,1,100,,34181,0,,,1
7400,'F1',755,,34199,0,,,1,100,,34200,0,,,1,99,,34201,0,,,1,100,,34213,0,,,1,101,,34209,0,,,1,100,,34210,0,,,1,100,,34211,0,,,1,99,,34196,0,,,1,101,,34202,0,,,1,100,,34203,0,,,1,102,,34204,0,,,1,98,,34212,0,,,1,100,,34205,0,,,1,100,,34206,0,,,1,100,,34207,0,,,1,100,,34208,0,,,1,100,,34197,0,,,1,100,,34198,0,,,1
7400,'F2',755,,34217,0,,,1,100,,34218,0,,,1,99,,34219,0,,,1,100,,34216,0,,,1,101,,34220,0,,,1,100,,34221,0,,,1,100,,34222,0,,,1,99,,34223,0,,,1,101,,34224,0,,,1,100,,34225,0,,,1,102,,34214,0,,,1,98,,34226,0,,,1,100,,34227,0,,,1,100,,34228,0,,,1,100,,34229,0,,,1,100,,34230,0,,,1,100,,34231,0,,,1,100,,34215,0,,,1
7400,'F7',625,,34233,0,,,1,25,,34232,0,,,1,77,,34245,0,,,1,25,,34247,0,,,1,69,,34246,0,,,1,32,,34253,0,,,1,102,,34240,0,,,1,100,,34238,0,,,1,100,,34254,0,,,1,100,,34255,0,,,1,100,,34241,0,,,1,100,,34243,0,,,1,70,,34248,0,,,1,27,,34244,0,,,1,74,,34237,0,,,1,29,,34251,0,,,1,70,,34239,0,,,1,30,,34252,0,,,1,70,,34235,0,,,1,30,,34256,0,,,1,100,,34257,0,,,1,100,,34236,0,,,1,100,,34249,0,,,1,100,,34250,0,,,1,100,,34242,0,,,1,100,,34234,0,,,1
7400,'F8',755,,34261,0,,,1,100,,34262,0,,,1,99,,34263,0,,,1,100,,34260,0,,,1,101,,34264,0,,,1,100,,34265,0,,,1,100,,34266,0,,,1,99,,34267,0,,,1,101,,34268,0,,,1,100,,34269,0,,,1,102,,34258,0,,,1,98,,34270,0,,,1,100,,34271,0,,,1,100,,34272,0,,,1,100,,34273,0,,,1,100,,34274,0,,,1,100,,34275,0,,,1,100,,34259,0,,,1
7400,'F9',755,,34282,0,,,1,100,,34283,0,,,1,100,,34284,0,,,1,100,,34285,0,,,1,99,,34286,0,,,1,105,,34287,0,,,1,96,,34276,0,,,1,100,,34277,0,,,1,100,,34288,0,,,1,100,,34289,0,,,1,104,,34290,0,,,1,96,,34291,0,,,1,100,,34292,0,,,1,100,,34279,0,,,1,100,,34280,0,,,1,100,,34281,0,,,1,100,,34278,0,,,1
7400,'SA',755,,34296,0,,,1,100,,34297,0,,,1,99,,34298,0,,,1,100,,34295,0,,,1,101,,34299,0,,,1,100,,34300,0,,,1,100,,34301,0,,,1,99,,34302,0,,,1,101,,34303,0,,,1,100,,34304,0,,,1,102,,34293,0,,,1,98,,34305,0,,,1,100,,34306,0,,,1,100,,34307,0,,,1,100,,34308,0,,,1,100,,34309,0,,,1,100,,34310,0,,,1,100,,34294,0,,,1
7400,'SE',625,,34312,0,,,1,25,,34311,0,,,1,77,,34324,0,,,1,25,,34326,0,,,1,69,,34325,0,,,1,32,,34332,0,,,1,102,,34319,0,,,1,100,,34317,0,,,1,100,,34333,0,,,1,100,,34334,0,,,1,100,,34320,0,,,1,100,,34322,0,,,1,70,,34327,0,,,1,27,,34323,0,,,1,74,,34316,0,,,1,29,,34330,0,,,1,70,,34318,0,,,1,30,,34331,0,,,1,70,,34314,0,,,1,30,,34335,0,,,1,100,,34336,0,,,1,100,,34315,0,,,1,100,,34328,0,,,1,100,,34329,0,,,1,100,,34321,0,,,1,100,,34313,0,,,1
7401,'DI',736,,34340,8588,4,,1,100,,34344,8588,4,,1,100,,34345,8588,4,,1,100,,34346,8588,4,,1,100,,34347,8588,4,,1,99,,34348,8588,4,,1,105,,34349,8588,4,,1,96,,34337,8588,4,,1,100,,34338,8588,4,,1,100,,34350,8588,4,,1,100,,34351,8588,4,,1,104,,34352,8588,4,,1,96,,34353,8588,4,,1,100,,34354,8588,4,,1,100,,34341,8588,4,,1,100,,34342,8588,4,,1,100,,34343,8588,4,,1,100,,34339,8588,4,,1
7401,'F1',734,,34372,8588,4,,1,102,,34358,8588,4,,1,100,,34359,8588,4,,1,99,,34360,8588,4,,1,100,,34373,8588,4,,1,101,,34368,8588,4,,1,100,,34369,8588,4,,1,100,,34370,8588,4,,1,99,,34355,8588,4,,1,101,,34361,8588,4,,1,100,,34362,8588,4,,1,102,,34363,8588,4,,1,98,,34371,8588,4,,1,100,,34364,8588,4,,1,100,,34365,8588,4,,1,100,,34366,8588,4,,1,100,,34367,8588,4,,1,100,,34356,8588,4,,1,100,,34357,8588,4,,1
7401,'F2',734,,34392,8588,4,,1,102,,34377,8588,4,,1,100,,34378,8588,4,,1,99,,34379,8588,4,,1,100,,34376,8588,4,,1,101,,34380,8588,4,,1,100,,34381,8588,4,,1,100,,34382,8588,4,,1,99,,34383,8588,4,,1,101,,34384,8588,4,,1,100,,34385,8588,4,,1,102,,34374,8588,4,,1,98,,34386,8588,4,,1,100,,34387,8588,4,,1,100,,34388,8588,4,,1,100,,34389,8588,4,,1,100,,34390,8588,4,,1,100,,34391,8588,4,,1,100,,34375,8588,4,,1
7401,'F7',636,,34416,8588,4,,1,72,,34415,8588,4,,1,27,,34414,8588,4,,1,78,,34417,8588,4,,1,26,,34419,8588,4,,1,70,,34418,8588,4,,1,28,,34409,8588,4,,1,101,,34399,8588,4,,1,100,,34397,8588,4,,1,101,,34410,8588,4,,1,100,,34411,8588,4,,1,101,,34400,8588,4,,1,102,,34402,8588,4,,1,69,,34404,8588,4,,1,27,,34403,8588,4,,1,76,,34396,8588,4,,1,29,,34407,8588,4,,1,70,,34398,8588,4,,1,28,,34408,8588,4,,1,69,,34394,8588,4,,1,28,,34412,8588,4,,1,98,,34413,8588,4,,1,100,,34395,8588,4,,1,99,,34405,8588,4,,1,100,,34406,8588,4,,1,100,,34401,8588,4,,1,100,,34393,8588,4,,1
7401,'F8',734,,34438,8588,4,,1,102,,34423,8588,4,,1,100,,34424,8588,4,,1,99,,34425,8588,4,,1,100,,34422,8588,4,,1,101,,34426,8588,4,,1,100,,34427,8588,4,,1,100,,34428,8588,4,,1,99,,34429,8588,4,,1,101,,34430,8588,4,,1,100,,34431,8588,4,,1,102,,34420,8588,4,,1,98,,34432,8588,4,,1,100,,34433,8588,4,,1,100,,34434,8588,4,,1,100,,34435,8588,4,,1,100,,34436,8588,4,,1,100,,34437,8588,4,,1,100,,34421,8588,4,,1
7401,'F9',736,,34442,8588,4,,1,100,,34446,8588,4,,1,100,,34447,8588,4,,1,100,,34448,8588,4,,1,100,,34449,8588,4,,1,99,,34450,8588,4,,1,105,,34451,8588,4,,1,96,,34439,8588,4,,1,100,,34440,8588,4,,1,100,,34452,8588,4,,1,100,,34453,8588,4,,1,104,,34454,8588,4,,1,96,,34455,8588,4,,1,100,,34456,8588,4,,1,100,,34443,8588,4,,1,100,,34444,8588,4,,1,100,,34445,8588,4,,1,100,,34441,8588,4,,1
7401,'SA',734,,34475,8588,4,,1,102,,34460,8588,4,,1,100,,34461,8588,4,,1,99,,34462,8588,4,,1,100,,34459,8588,4,,1,101,,34463,8588,4,,1,100,,34464,8588,4,,1,100,,34465,8588,4,,1,99,,34466,8588,4,,1,101,,34467,8588,4,,1,100,,34468,8588,4,,1,102,,34457,8588,4,,1,98,,34469,8588,4,,1,100,,34470,8588,4,,1,100,,34471,8588,4,,1,100,,34472,8588,4,,1,100,,34473,8588,4,,1,100,,34474,8588,4,,1,100,,34458,8588,4,,1
7401,'SE',636,,34499,8588,4,,1,72,,34498,8588,4,,1,27,,34497,8588,4,,1,78,,34500,8588,4,,1,26,,34502,8588,4,,1,70,,34501,8588,4,,1,28,,34492,8588,4,,1,101,,34482,8588,4,,1,100,,34480,8588,4,,1,101,,34493,8588,4,,1,100,,34494,8588,4,,1,101,,34483,8588,4,,1,102,,34485,8588,4,,1,69,,34487,8588,4,,1,27,,34486,8588,4,,1,76,,34479,8588,4,,1,29,,34490,8588,4,,1,70,,34481,8588,4,,1,28,,34491,8588,4,,1,69,,34477,8588,4,,1,28,,34495,8588,4,,1,98,,34496,8588,4,,1,100,,34478,8588,4,,1,99,,34488,8588,4,,1,100,,34489,8588,4,,1,100,,34484,8588,4,,1,100,,34476,8588,4,,1
9800,'F7',614,,37218,0,,,2,34,,37219,0,,,2,63,,37214,0,,,2,36,,37213,0,,,2,68,,37217,0,,,2,30,,37212,0,,,2,72,,37216,0,,,2,523,,37215,0,,,2,866,,37220,0,,,2
9800,'SE',614,,37227,0,,,2,34,,37228,0,,,2,63,,37223,0,,,2,36,,37222,0,,,2,68,,37226,0,,,2,30,,37221,0,,,2,72,,37225,0,,,2,523,,37224,0,,,2,866,,37229,0,,,2
9801,'F7',753,,37232,22711,4,,2,877,,37233,22711,4,,2,71,,37236,22711,4,,2,26,,37235,22711,4,,2,31,,37230,22711,4,,2,64,,37231,22711,4,,2,30,,37234,22711,4,,2,592,,37237,20607,4,,2
9801,'SE',753,,37240,22711,4,,2,877,,37241,22711,4,,2,71,,37244,22711,4,,2,26,,37243,22711,4,,2,31,,37238,22711,4,,2,64,,37239,22711,4,,2,30,,37242,22711,4,,2,592,,37245,20607,4,,2
9900,'DI',810,,37260,0,0,19 20,2,100,,37256,0,0,19 20,2,100,,37248,0,0,19 20,2,100,,37253,0,0,19 20,2,100,,37246,0,0,19 20,2,100,,37249,0,0,19 20,2,100,,37261,0,0,19 20,2,100,,37258,0,0,19 20,2,100,,37255,0,0,19 20,2,100,,37257,0,0,19 20,2,104,,37252,0,0,19 20,2,96,,37250,0,0,19 20,2,100,,37251,0,0,19 20,2,100,,37259,0,0,19 20,2,100,,37262,0,0,19 20,2,100,,37254,0,0,19 20,2,100,,37247,0,0,19 20,2
9900,'F1',705,,37275,0,0,19 20,2,105,,37267,0,0,19 20,2,98,,37264,0,0,19 20,2,102,,15589,0,0,19 20,2,100,,37272,0,0,19 20,2,100,,37263,0,0,19 20,2,100,,37274,0,0,19 20,2,100,,37278,0,0,19 20,2,98,,37273,0,0,19 20,2,102,,37265,0,0,19 20,2,100,,37279,0,0,19 20,2,100,,37276,0,0,19 20,2,100,,37271,0,0,19 20,2,100,,37269,0,0,19 20,2,100,,37277,0,0,19 20,2,100,,37268,0,0,19 20,2,100,,37280,0,0,19 20,2,100,,37270,0,0,19 20,2,100,,37266,0,0,19 20,2
9900,'F2',705,,37285,0,0,19 20,2,105,,37284,0,0,19 20,2,98,,37296,0,0,19 20,2,102,,37286,0,0,19 20,2,100,,37292,0,0,19 20,2,100,,37297,0,0,19 20,2,100,,37287,0,0,19 20,2,100,,37291,0,0,19 20,2,98,,37288,0,0,19 20,2,102,,37293,0,0,19 20,2,100,,37298,0,0,19 20,2,100,,37282,0,0,19 20,2,100,,37289,0,0,19 20,2,100,,37294,0,0,19 20,2,100,,37283,0,0,19 20,2,100,,37290,0,0,19 20,2,100,,37281,0,0,19 20,2,100,,37295,0,0,19 20,2,100,,37299,0,0,19 20,2
9900,'F7',705,,37311,0,0,19 20,2,36,,37309,0,0,19 20,2,70,,37301,0,0,19 20,2,99,,37310,0,0,19 20,2,100,,37302,0,0,19 20,2,100,,37300,0,0,19 20,2,100,,37303,0,0,19 20,2,100,,37305,0,0,19 20,2,98,,37312,0,0,19 20,2,97,,37313,0,0,19 20,2,35,,37319,0,,,2,66,,37322,0,,,2,35,,37318,0,,,2,69,,37320,0,,,2,30,,37321,0,,,2,71,,37304,0,0,19 20,2,99,,37307,0,0,19 20,2,100,,37306,0,0,19 20,2,100,,37314,0,0,19 20,2,100,,37316,0,0,19 20,2,100,,37308,0,0,19 20,2,100,,37315,0,0,19 20,2,100,,37317,0,0,19 20,2
9900,'F8',705,,37327,0,0,19 20,2,105,,37326,0,0,19 20,2,98,,37338,0,0,19 20,2,102,,37328,0,0,19 20,2,100,,37334,0,0,19 20,2,100,,37339,0,0,19 20,2,100,,37329,0,0,19 20,2,100,,37333,0,0,19 20,2,98,,37330,0,0,19 20,2,102,,37335,0,0,19 20,2,100,,37340,0,0,19 20,2,100,,37324,0,0,19 20,2,100,,37331,0,0,19 20,2,100,,37336,0,0,19 20,2,100,,37325,0,0,19 20,2,100,,37332,0,0,19 20,2,100,,37323,0,0,19 20,2,100,,37337,0,0,19 20,2,100,,37341,0,0,19 20,2
9900,'F9',810,,37356,0,0,19 20,2,100,,37352,0,0,19 20,2,100,,37344,0,0,19 20,2,100,,37349,0,0,19 20,2,100,,37342,0,0,19 20,2,100,,37345,0,0,19 20,2,100,,37357,0,0,19 20,2,100,,37354,0,0,19 20,2,100,,37351,0,0,19 20,2,100,,37353,0,0,19 20,2,104,,37348,0,0,19 20,2,96,,37346,0,0,19 20,2,100,,37347,0,0,19 20,2,100,,37355,0,0,19 20,2,100,,37358,0,0,19 20,2,100,,37350,0,0,19 20,2,100,,37343,0,0,19 20,2
9900,'SA',705,,37363,0,0,19 20,2,105,,37362,0,0,19 20,2,98,,37374,0,0,19 20,2,102,,37364,0,0,19 20,2,100,,37370,0,0,19 20,2,100,,37375,0,0,19 20,2,100,,37365,0,0,19 20,2,100,,37369,0,0,19 20,2,98,,37366,0,0,19 20,2,102,,37371,0,0,19 20,2,100,,37376,0,0,19 20,2,100,,37360,0,0,19 20,2,100,,37367,0,0,19 20,2,100,,37372,0,0,19 20,2,100,,37361,0,0,19 20,2,100,,37368,0,0,19 20,2,100,,37359,0,0,19 20,2,100,,37373,0,0,19 20,2,100,,37377,0,0,19 20,2
9900,'SE',705,,37389,0,0,19 20,2,36,,37387,0,0,19 20,2,70,,37379,0,0,19 20,2,99,,37388,0,0,19 20,2,100,,37380,0,0,19 20,2,100,,37378,0,0,19 20,2,100,,37381,0,0,19 20,2,100,,37383,0,0,19 20,2,98,,37390,0,0,19 20,2,97,,37391,0,0,19 20,2,35,,37397,0,,,2,66,,37400,0,,,2,35,,37396,0,,,2,69,,37398,0,,,2,30,,37399,0,,,2,71,,37382,0,0,19 20,2,99,,37385,0,0,19 20,2,100,,37384,0,0,19 20,2,100,,37392,0,0,19 20,2,100,,37394,0,0,19 20,2,100,,37386,0,0,19 20,2,100,,37393,0,0,19 20,2,100,,37395,0,0,19 20,2
9901,'DI',930,,37415,29693,4,,2,100,,37411,29693,4,,2,100,,37403,29693,4,,2,105,,37408,29693,4,,2,100,,37401,29693,4,,2,100,,37404,29693,4,,2,100,,37416,29693,4,,2,100,,37413,29693,4,,2,100,,37410,29693,4,,2,95,,37412,29693,4,,2,104,,37407,29693,4,,2,96,,37405,29693,4,,2,100,,37406,29693,4,,2,100,,37414,29693,4,,2,100,,37417,29693,4,,2
9901,'F1',825,,37430,29693,4,,2,105,,37422,29693,4,,2,98,,37419,29693,4,,2,102,,15726,29693,4,,2,105,,37427,29693,4,,2,100,,37418,29693,4,,2,100,,37429,29693,4,,2,100,,37433,29693,4,,2,98,,37428,29693,4,,2,102,,37420,29693,4,,2,95,,37434,29693,4,,2,100,,37431,29693,4,,2,100,,37426,29693,4,,2,100,,37424,29693,4,,2,100,,37432,29693,4,,2,100,,37423,29693,4,,2,100,,37435,29693,4,,2
9901,'F2',825,,37440,29693,4,,2,105,,37439,29693,4,,2,98,,37451,29693,4,,2,102,,37441,29693,4,,2,105,,37447,29693,4,,2,100,,37452,29693,4,,2,100,,37442,29693,4,,2,100,,37446,29693,4,,2,98,,37443,29693,4,,2,102,,37448,29693,4,,2,95,,37453,29693,4,,2,100,,37437,29693,4,,2,100,,37444,29693,4,,2,100,,37449,29693,4,,2,100,,37438,29693,4,,2,100,,37445,29693,4,,2,100,,37436,29693,4,,2
9901,'F7',625,,37456,27407,4,,2,30,,37458,27407,4,,2,60,,37460,27407,4,,2,20,,37461,27407,4,,2,22,,37455,27407,4,,2,69,,37459,27407,4,,2,76,,37457,27407,4,,2,30,,37477,29693,4,,2,100,,37470,29693,4,,2,100,,37463,29693,4,,2,100,,37462,29693,4,,2,101,,37464,29693,4,,2,100,,37466,29693,4,,2,99,,37471,29693,4,,2,97,,37480,29693,4,,2,29,,37478,29693,4,,2,66,,37482,29693,4,,2,78,,37476,29693,4,,2,29,,37479,29693,4,,2,27,,37481,29693,4,,2,76,,37465,29693,4,,2,98,,37468,29693,4,,2,100,,37467,29693,4,,2,100,,37472,29693,4,,2,100,,37474,29693,4,,2,100,,37469,29693,4,,2
9901,'F8',825,,37487,29693,4,,2,105,,37486,29693,4,,2,98,,37498,29693,4,,2,102,,37488,29693,4,,2,105,,37494,29693,4,,2,100,,37499,29693,4,,2,100,,37489,29693,4,,2,100,,37493,29693,4,,2,98,,37490,29693,4,,2,102,,37495,29693,4,,2,95,,37500,29693,4,,2,100,,37484,29693,4,,2,100,,37491,29693,4,,2,100,,37496,29693,4,,2,100,,37485,29693,4,,2,100,,37492,29693,4,,2,100,,37483,29693,4,,2
9901,'F9',930,,37516,29693,4,,2,100,,37512,29693,4,,2,100,,37504,29693,4,,2,105,,37509,29693,4,,2,100,,37502,29693,4,,2,100,,37505,29693,4,,2,100,,37517,29693,4,,2,100,,37514,29693,4,,2,100,,37511,29693,4,,2,95,,37513,29693,4,,2,104,,37508,29693,4,,2,96,,37506,29693,4,,2,100,,37507,29693,4,,2,100,,37515,29693,4,,2,100,,37518,29693,4,,2
9901,'SA',825,,37523,29693,4,,2,105,,37522,29693,4,,2,98,,37534,29693,4,,2,102,,37524,29693,4,,2,105,,37530,29693,4,,2,100,,37535,29693,4,,2,100,,37525,29693,4,,2,100,,37529,29693,4,,2,98,,37526,29693,4,,2,102,,37531,29693,4,,2,95,,37536,29693,4,,2,100,,37520,29693,4,,2,100,,37527,29693,4,,2,100,,37532,29693,4,,2,100,,37521,29693,4,,2,100,,37528,29693,4,,2,100,,37519,29693,4,,2
9901,'SE',625,,37539,27407,4,,2,30,,37541,27407,4,,2,60,,37543,27407,4,,2,20,,37544,27407,4,,2,22,,37538,27407,4,,2,69,,37542,27407,4,,2,76,,37540,27407,4,,2,30,,37560,29693,4,,2,100,,37553,29693,4,,2,100,,37546,29693,4,,2,100,,37545,29693,4,,2,101,,37547,29693,4,,2,100,,37549,29693,4,,2,99,,37554,29693,4,,2,97,,37563,29693,4,,2,29,,37561,29693,4,,2,66,,37565,29693,4,,2,78,,37559,29693,4,,2,29,,37562,29693,4,,2,27,,37564,29693,4,,2,76,,37548,29693,4,,2,98,,37551,29693,4,,2,100,,37550,29693,4,,2,100,,37555,29693,4,,2,100,,37557,29693,4,,2,100,,37552,29693,4,,2
12300,'DI',610,,37610,0,0,42 43,1,100,,37620,0,0,42 43,1,100,,37611,0,0,42 43,1,100,,37621,0,0,42 43,1,100,,37612,0,0,42 43,1,100,,37622,0,0,42 43,1,105,,37613,0,0,42 43,1,95,,37623,0,0,42 43,1,100,,37614,0,0,42 43,1,100,,37624,0,0,42 43,1,100,,37615,0,0,42 43,1,100,,37625,0,0,42 43,1,100,,37616,0,0,42 43,1,100,,37626,0,0,42 43,1,100,,37617,0,0,42 43,1,100,,37627,0,0,42 43,1,100,,37618,0,0,42 43,1,100,,37628,0,0,42 43,1,100,,37619,0,0,42 43,1
12300,'F1',610,,37637,0,0,42 43,1,100,,37641,0,0,42 43,1,100,,37631,0,0,42 43,1,105,,37642,0,0,42 43,1,99,,37632,0,0,42 43,1,100,,37629,0,0,42 43,1,100,,37633,0,0,42 43,1,96,,37630,0,0,42 43,1,100,,37634,0,0,42 43,1,100,,37635,0,0,42 43,1,104,,37643,0,0,42 43,1,101,,37636,0,0,42 43,1,99,,37644,0,0,42 43,1,96,,37638,0,0,42 43,1,100,,37645,0,0,42 43,1,100,,37639,0,0,42 43,1,100,,37646,0,0,42 43,1,100,,37640,0,0,42 43,1,100,,37647,0,0,42 43,1
12300,'F2',610,,37649,0,0,42 43,1,100,,37648,0,0,42 43,1,100,,37650,0,0,42 43,1,105,,37659,0,0,42 43,1,99,,37651,0,0,42 43,1,100,,37660,0,0,42 43,1,100,,37652,0,0,42 43,1,96,,37661,0,0,42 43,1,100,,37653,0,0,42 43,1,100,,37662,0,0,42 43,1,104,,37654,0,0,42 43,1,101,,37663,0,0,42 43,1,99,,37655,0,0,42 43,1,96,,37664,0,0,42 43,1,100,,37656,0,0,42 43,1,100,,37665,0,0,42 43,1,100,,37657,0,0,42 43,1,100,,37666,0,0,42 43,1,100,,37658,0,0,42 43,1
12300,'F7',503,,37686,0,0,42 43,1,33,,37667,0,0,42 43,1,15,,37674,0,0,42 43,1,50,,37668,0,0,42 43,1,10,,37688,0,0,42 43,1,10,,37679,0,0,42 43,1,10,,37689,0,0,42 43,1,8,,37669,0,0,42 43,1,12,,37693,0,0,42 43,1,50,,37670,0,0,42 43,1,21,,37694,0,0,42 43,1,17,,37690,0,0,42 43,1,68,,37696,0,0,42 43,1,30,,37695,0,0,42 43,1,69,,37676,0,0,42 43,1,102,,37671,0,0,42 43,1,100,,37681,0,0,42 43,1,99,,37691,0,0,42 43,1,101,,37683,0,0,42 43,1,5,,37680,0,0,42 43,1,93,,37687,0,0,42 43,1,30,,37697,0,0,42 43,1,70,,37684,0,0,42 43,1,26,,37682,0,0,42 43,1,70,,37699,0,0,42 43,1,31,,37701,0,0,42 43,1,71,,37673,0,0,42 43,1,31,,37685,0,0,42 43,1,76,,37672,0,0,42 43,1,28,,37698,0,0,42 43,1,70,,37692,0,0,42 43,1,31,,37675,0,0,42 43,1,70,,37700,0,0,42 43,1,100,,37677,0,0,42 43,1,100,,37702,0,0,42 43,1,100,,37678,0,0,42 43,1,100,,37703,0,0,42 43,1
12300,'F8',610,,37705,0,0,42 43,1,100,,37704,0,0,42 43,1,100,,37706,0,0,42 43,1,105,,37715,0,0,42 43,1,99,,37707,0,0,42 43,1,100,,37716,0,0,42 43,1,100,,37708,0,0,42 43,1,96,,37717,0,0,42 43,1,100,,37709,0,0,42 43,1,100,,37718,0,0,42 43,1,104,,37710,0,0,42 43,1,101,,37719,0,0,42 43,1,99,,37711,0,0,42 43,1,96,,37720,0,0,42 43,1,100,,37712,0,0,42 43,1,100,,37721,0,0,42 43,1,100,,37713,0,0,42 43,1,100,,37722,0,0,42 43,1,100,,37714,0,0,42 43,1
12300,'F9',610,,37723,0,0,42 43,1,100,,37733,0,0,42 43,1,100,,37724,0,0,42 43,1,100,,37734,0,0,42 43,1,100,,37725,0,0,42 43,1,100,,37735,0,0,42 43,1,105,,37726,0,0,42 43,1,95,,37736,0,0,42 43,1,100,,37727,0,0,42 43,1,100,,37737,0,0,42 43,1,100,,37728,0,0,42 43,1,100,,37738,0,0,42 43,1,100,,37729,0,0,42 43,1,100,,37739,0,0,42 43,1,100,,37730,0,0,42 43,1,100,,37740,0,0,42 43,1,100,,37731,0,0,42 43,1,100,,37741,0,0,42 43,1,100,,37732,0,0,42 43,1
12300,'SA',610,,37743,0,0,42 43,1,100,,37742,0,0,42 43,1,100,,37744,0,0,42 43,1,105,,37753,0,0,42 43,1,99,,37745,0,0,42 43,1,100,,37754,0,0,42 43,1,100,,37746,0,0,42 43,1,96,,37755,0,0,42 43,1,100,,37747,0,0,42 43,1,100,,37756,0,0,42 43,1,104,,37748,0,0,42 43,1,101,,37757,0,0,42 43,1,99,,37749,0,0,42 43,1,96,,37758,0,0,42 43,1,100,,37750,0,0,42 43,1,100,,37759,0,0,42 43,1,100,,37751,0,0,42 43,1,100,,37760,0,0,42 43,1,100,,37752,0,0,42 43,1
12300,'SE',503,,37780,0,0,42 43,1,33,,37761,0,0,42 43,1,15,,37768,0,0,42 43,1,50,,37762,0,0,42 43,1,10,,37782,0,0,42 43,1,10,,37773,0,0,42 43,1,10,,37783,0,0,42 43,1,8,,37763,0,0,42 43,1,12,,37787,0,0,42 43,1,50,,37764,0,0,42 43,1,21,,37788,0,0,42 43,1,17,,37784,0,0,42 43,1,68,,37790,0,0,42 43,1,30,,37789,0,0,42 43,1,69,,37770,0,0,42 43,1,102,,37765,0,0,42 43,1,100,,37775,0,0,42 43,1,99,,37785,0,0,42 43,1,101,,37777,0,0,42 43,1,5,,37774,0,0,42 43,1,93,,37781,0,0,42 43,1,30,,37791,0,0,42 43,1,70,,37778,0,0,42 43,1,26,,37776,0,0,42 43,1,70,,37793,0,0,42 43,1,31,,37795,0,0,42 43,1,71,,37767,0,0,42 43,1,31,,37779,0,0,42 43,1,76,,37766,0,0,42 43,1,28,,37792,0,0,42 43,1,70,,37786,0,0,42 43,1,31,,37769,0,0,42 43,1,70,,37794,0,0,42 43,1,100,,37771,0,0,42 43,1,100,,37796,0,0,42 43,1,100,,37772,0,0,42 43,1,100,,37797,0,0,42 43,1
12301,'DI',603,,37798,24727,4,,1,100,,37808,24727,4,,1,100,,37799,24727,4,,1,100,,37809,24727,4,,1,102,,37800,24727,4,,1,100,,37810,24727,4,,1,100,,37801,24727,4,,1,100,,37811,24727,4,,1,100,,37802,24727,4,,1,100,,37812,24727,4,,1,100,,37803,24727,4,,1,100,,37813,24727,4,,1,100,,37804,24727,4,,1,100,,37814,24727,4,,1,100,,37805,24727,4,,1,97,,37815,24727,4,,1,100,,37806,24727,4,,1,100,,37816,24727,4,,1,100,,37807,24727,4,,1,100,,37817,24727,4,,1
12301,'F1',602,,37826,24727,4,,1,100,,37831,24727,4,,1,100,,37827,24727,4,,1,102,,37832,24727,4,,1,100,,37820,24727,4,,1,100,,37833,24727,4,,1,100,,37821,24727,4,,1,100,,37818,24727,4,,1,100,,37822,24727,4,,1,100,,37819,24727,4,,1,100,,37823,24727,4,,1,100,,37824,24727,4,,1,100,,37834,24727,4,,1,100,,37825,24727,4,,1,100,,37835,24727,4,,1,100,,37828,24727,4,,1,100,,37836,24727,4,,1,100,,37829,24727,4,,1,100,,37837,24727,4,,1,100,,37830,24727,4,,1
12301,'F2',602,,37840,24727,4,,1,100,,37838,24727,4,,1,100,,37841,24727,4,,1,102,,37839,24727,4,,1,100,,37842,24727,4,,1,100,,37850,24727,4,,1,100,,37843,24727,4,,1,100,,37851,24727,4,,1,100,,37844,24727,4,,1,100,,37852,24727,4,,1,100,,37845,24727,4,,1,100,,37853,24727,4,,1,100,,37846,24727,4,,1,100,,37854,24727,4,,1,100,,37847,24727,4,,1,100,,37855,24727,4,,1,100,,37848,24727,4,,1,100,,37856,24727,4,,1,100,,37849,24727,4,,1,100,,37857,24727,4,,1
12301,'F7',553,,37869,24727,4,,1,70,,37879,24727,4,,1,20,,37862,25055,4,,1,66,,37861,25055,4,,1,15,,37863,25055,4,,1,29,,37864,25055,4,,1,70,,37858,25055,4,,1,27,,37859,25055,4,,1,70,,37860,25055,4,,1,25,,37880,24727,4,,1,70,,37883,24727,4,,1,96,,37870,24727,4,,1,104,,37866,24727,4,,1,100,,37876,24727,4,,1,100,,37881,24727,4,,1,100,,37886,24727,4,,1,11,,37874,24727,4,,1,28,,37887,24727,4,,1,60,,37889,24727,4,,1,15,,37875,24727,4,,1,19,,37873,24727,4,,1,6,,37884,24727,4,,1,57,,37890,24727,4,,1,10,,37892,24727,4,,1,6,,37878,24727,4,,1,24,,37877,24727,4,,1,64,,37888,24727,4,,1,26,,37893,24727,4,,1,71,,37868,24727,4,,1,26,,37865,24727,4,,1,74,,37867,24727,4,,1,28,,37885,24727,4,,1,70,,37882,24727,4,,1,98,,37891,24727,4,,1,96,,37871,24727,4,,1,100,,37894,24727,4,,1,117,,37872,24727,4,,1
12301,'F8',602,,37897,24727,4,,1,100,,37895,24727,4,,1,100,,37898,24727,4,,1,102,,37896,24727,4,,1,100,,37899,24727,4,,1,100,,37907,24727,4,,1,100,,37900,24727,4,,1,100,,37908,24727,4,,1,100,,37901,24727,4,,1,100,,37909,24727,4,,1,100,,37902,24727,4,,1,100,,37910,24727,4,,1,100,,37903,24727,4,,1,100,,37911,24727,4,,1,100,,37904,24727,4,,1,100,,37912,24727,4,,1,100,,37905,24727,4,,1,100,,37913,24727,4,,1,100,,37906,24727,4,,1,100,,37914,24727,4,,1
12301,'F9',603,,37915,24727,4,,1,100,,37925,24727,4,,1,100,,37916,24727,4,,1,100,,37926,24727,4,,1,102,,37917,24727,4,,1,100,,37927,24727,4,,1,100,,37918,24727,4,,1,100,,37928,24727,4,,1,100,,37919,24727,4,,1,100,,37929,24727,4,,1,100,,37920,24727,4,,1,100,,37930,24727,4,,1,100,,37921,24727,4,,1,100,,37931,24727,4,,1,100,,37922,24727,4,,1,97,,37932,24727,4,,1,100,,37923,24727,4,,1,100,,37933,24727,4,,1,100,,37924,24727,4,,1,100,,37934,24727,4,,1
12301,'SA',602,,37937,24727,4,,1,100,,37935,24727,4,,1,100,,37938,24727,4,,1,102,,37936,24727,4,,1,100,,37939,24727,4,,1,100,,37947,24727,4,,1,100,,37940,24727,4,,1,100,,37948,24727,4,,1,100,,37941,24727,4,,1,100,,37949,24727,4,,1,100,,37942,24727,4,,1,100,,37950,24727,4,,1,100,,37943,24727,4,,1,100,,37951,24727,4,,1,100,,37944,24727,4,,1,100,,37952,24727,4,,1,100,,37945,24727,4,,1,100,,37953,24727,4,,1,100,,37946,24727,4,,1,100,,37954,24727,4,,1
12301,'SE',553,,37966,24727,4,,1,70,,37976,24727,4,,1,20,,37959,25055,4,,1,66,,37958,25055,4,,1,15,,37960,25055,4,,1,29,,37961,25055,4,,1,70,,37955,25055,4,,1,27,,37956,25055,4,,1,70,,37957,25055,4,,1,25,,37977,24727,4,,1,70,,37980,24727,4,,1,96,,37967,24727,4,,1,104,,37963,24727,4,,1,100,,37973,24727,4,,1,100,,37978,24727,4,,1,100,,37983,24727,4,,1,11,,37971,24727,4,,1,28,,37984,24727,4,,1,60,,37986,24727,4,,1,15,,37972,24727,4,,1,19,,37970,24727,4,,1,6,,37981,24727,4,,1,57,,37987,24727,4,,1,10,,37989,24727,4,,1,6,,37975,24727,4,,1,24,,37974,24727,4,,1,64,,37985,24727,4,,1,26,,37990,24727,4,,1,71,,37965,24727,4,,1,26,,37962,24727,4,,1,74,,37964,24727,4,,1,28,,37982,24727,4,,1,70,,37979,24727,4,,1,98,,37988,24727,4,,1,96,,37968,24727,4,,1,100,,37991,24727,4,,1,117,,37969,24727,4,,1
19900,'F7',1555,,38995,0,,,2,70,,38994,0,,,2,30,,38991,0,,,2,70,,38992,0,,,2,30,,38996,0,,,2,70,,38993,0,,,2
19900,'SE',1555,,39001,0,,,2,70,,39000,0,,,2,30,,38997,0,,,2,70,,38998,0,,,2,30,,39002,0,,,2,70,,38999,0,,,2
19901,'F7',654,,39006,22227,4,,2,67,,39004,22227,4,,2,37,,39005,22227,4,,2,73,,39003,22227,4,,2
19901,'SE',654,,39010,22227,4,,2,67,,39008,22227,4,,2,37,,39009,22227,4,,2,73,,39007,22227,4,,2
60700,'F7',1621,,40755,8277,4,,2,1,,40756,8277,4,,2
60700,'SE',1621,,40757,8277,4,,2,1,,40758,8277,4,,2
60701,'F7',839,,40759,0,,,2
60701,'SE',839,,40760,0,,,2
