1601,'DI',550,,25074,4102,,,2,100,,25075,4102,,,2,70,,25066,4102,,,2,30,,25076,4102,,,2,70,,25067,4102,,,2,30,,25077,4102,,,2,70,,25068,4102,,,2,30,,25078,4102,,,2,70,,25069,4102,,,2,30,,25079,4102,,,2,70,,25070,4102,,,2,30,,25080,4102,,,2,68,,25071,4102,,,2,32,,25081,4102,,,2,73,,25072,4102,,,2,27,,25082,4102,,,2,70,,25073,4102,,,2,30,,25083,4102,,,2,70,,25085,4102,,,2,30,,25084,4102,,,2,70,,25086,4102,,,2,30,,25088,4102,,,2,70,,25087,4102,,,2,30,,25089,4102,,,2,100,,25090,4102,,,2,100,,25091,4102,,,2,100,,25092,4102,,,2,100,,25093,4102,,,2,100,,25094,4102,,,2,100,,25095,4102,,,2,100,,25096,4102,,,2
1601,'F1',550,,25102,4102,,,2,100,,25103,4102,,,2,68,,25111,4102,,,2,32,,25104,4102,,,2,70,,25112,4102,,,2,30,,25105,4102,,,2,70,,25113,4102,,,2,30,,25106,4102,,,2,70,,25114,4102,,,2,30,,25107,4102,,,2,70,,25115,4102,,,2,30,,25108,4102,,,2,70,,25116,4102,,,2,30,,25109,4102,,,2,70,,25123,4102,,,2,30,,25110,4102,,,2,70,,25124,4102,,,2,30,,25117,4102,,,2,70,,25125,4102,,,2,30,,25118,4102,,,2,70,,25126,4102,,,2,30,,25119,4102,,,2,67,,25127,4102,,,2,33,,25120,4102,,,2,100,,25121,4102,,,2,100,,25122,4102,,,2,100,,25097,4102,,,2,100,,25098,4102,,,2,100,,25099,4102,,,2,100,,25100,4102,,,2,100,,25101,4102,,,2
1601,'F2',550,,25133,4102,,,2,100,,25134,4102,,,2,68,,25137,4102,,,2,32,,25135,4102,,,2,70,,25138,4102,,,2,30,,25136,4102,,,2,70,,25139,4102,,,2,30,,25155,4102,,,2,70,,25140,4102,,,2,30,,25156,4102,,,2,70,,25141,4102,,,2,30,,25157,4102,,,2,70,,25142,4102,,,2,30,,25158,4102,,,2,70,,25148,4102,,,2,30,,25128,4102,,,2,70,,25149,4102,,,2,30,,25129,4102,,,2,70,,25150,4102,,,2,30,,25130,4102,,,2,70,,25151,4102,,,2,30,,25131,4102,,,2,67,,25152,4102,,,2,33,,25132,4102,,,2,100,,25143,4102,,,2,100,,25144,4102,,,2,100,,25145,4102,,,2,100,,25146,4102,,,2,100,,25147,4102,,,2,100,,25153,4102,,,2,100,,25154,4102,,,2
1601,'F7',518,,25194,4102,,,2,30,,25199,4102,,,2,55,,25171,4102,,,2,17,,25160,4102,,,2,15,,25209,4102,,,2,13,,25200,4102,,,2,52,,25164,4102,,,2,10,,25204,4102,,,2,7,,25210,4102,,,2,8,,25184,4102,,,2,6,,25185,4102,,,2,5,,25161,4102,,,2,5,,25205,4102,,,2,4,,25169,4102,,,2,6,,25163,4102,,,2,51,,25162,4102,,,2,10,,25165,4102,,,2,10,,25183,4102,,,2,9,,25211,4102,,,2,13,,25186,4102,,,2,13,,25170,4102,,,2,65,,25159,4102,,,2,30,,25195,4102,,,2,70,,25174,4102,,,2,30,,25172,4102,,,2,70,,25207,4102,,,2,30,,25201,4102,,,2,70,,25196,4102,,,2,30,,25173,4102,,,2,70,,25167,4102,,,2,30,,25197,4102,,,2,70,,25175,4102,,,2,31,,25212,4102,,,2,59,,25187,4102,,,2,21,,25176,4102,,,2,15,,25198,4102,,,2,55,,25213,4102,,,2,14,,25208,4102,,,2,15,,25168,4102,,,2,11,,25214,4102,,,2,12,,25190,4102,,,2,52,,25193,4102,,,2,12,,25203,4102,,,2,12,,25166,4102,,,2,24,,25189,4102,,,2,61,,25206,4102,,,2,27,,25188,4102,,,2,80,,25202,4102,,,2,28,,25177,4102,,,2,70,,25191,4102,,,2,28,,25178,4102,,,2,70,,25192,4102,,,2,30,,25179,4102,,,2,99,,25180,4102,,,2,100,,25181,4102,,,2,100,,25182,4102,,,2
1601,'F8',550,,25220,4102,,,2,100,,25221,4102,,,2,68,,25224,4102,,,2,32,,25222,4102,,,2,70,,25225,4102,,,2,30,,25223,4102,,,2,70,,25226,4102,,,2,30,,25242,4102,,,2,70,,25227,4102,,,2,30,,25243,4102,,,2,70,,25228,4102,,,2,30,,25244,4102,,,2,70,,25229,4102,,,2,30,,25245,4102,,,2,70,,25235,4102,,,2,30,,25215,4102,,,2,70,,25236,4102,,,2,30,,25216,4102,,,2,70,,25237,4102,,,2,30,,25217,4102,,,2,70,,25238,4102,,,2,30,,25218,4102,,,2,67,,25239,4102,,,2,33,,25219,4102,,,2,100,,25230,4102,,,2,100,,25231,4102,,,2,100,,25232,4102,,,2,100,,25233,4102,,,2,100,,25234,4102,,,2,100,,25240,4102,,,2,100,,25241,4102,,,2
1601,'F9',550,,25254,4102,,,2,100,,25255,4102,,,2,70,,25246,4102,,,2,30,,25256,4102,,,2,70,,25247,4102,,,2,30,,25257,4102,,,2,70,,25248,4102,,,2,30,,25258,4102,,,2,70,,25249,4102,,,2,30,,25259,4102,,,2,70,,25250,4102,,,2,30,,25260,4102,,,2,68,,25251,4102,,,2,32,,25261,4102,,,2,73,,25252,4102,,,2,27,,25262,4102,,,2,70,,25253,4102,,,2,30,,25263,4102,,,2,70,,25265,4102,,,2,30,,25264,4102,,,2,70,,25266,4102,,,2,30,,25268,4102,,,2,70,,25267,4102,,,2,30,,25269,4102,,,2,100,,25270,4102,,,2,100,,25271,4102,,,2,100,,25272,4102,,,2,100,,25273,4102,,,2,100,,25274,4102,,,2,100,,25275,4102,,,2,100,,25276,4102,,,2
1601,'SA',550,,25282,4102,,,2,100,,25283,4102,,,2,68,,25286,4102,,,2,32,,25284,4102,,,2,70,,25287,4102,,,2,30,,25285,4102,,,2,70,,25288,4102,,,2,30,,25304,4102,,,2,70,,25289,4102,,,2,30,,25305,4102,,,2,70,,25290,4102,,,2,30,,25306,4102,,,2,70,,25291,4102,,,2,30,,25307,4102,,,2,70,,25297,4102,,,2,30,,25277,4102,,,2,70,,25298,4102,,,2,30,,25278,4102,,,2,70,,25299,4102,,,2,30,,25279,4102,,,2,70,,25300,4102,,,2,30,,25280,4102,,,2,67,,25301,4102,,,2,33,,25281,4102,,,2,100,,25292,4102,,,2,100,,25293,4102,,,2,100,,25294,4102,,,2,100,,25295,4102,,,2,100,,25296,4102,,,2,100,,25302,4102,,,2,100,,25303,4102,,,2
1601,'SE',518,,25342,4102,,,2,30,,25347,4102,,,2,55,,25320,4102,,,2,17,,25309,4102,,,2,15,,25357,4102,,,2,13,,25348,4102,,,2,52,,25313,4102,,,2,10,,25352,4102,,,2,7,,25358,4102,,,2,8,,4744,4102,,,2,6,,25333,4102,,,2,5,,25310,4102,,,2,5,,25353,4102,,,2,4,,25318,4102,,,2,6,,25312,4102,,,2,51,,25311,4102,,,2,10,,25314,4102,,,2,10,,25332,4102,,,2,9,,25359,4102,,,2,13,,25334,4102,,,2,13,,25319,4102,,,2,65,,25308,4102,,,2,30,,25343,4102,,,2,70,,25323,4102,,,2,30,,25321,4102,,,2,70,,25355,4102,,,2,30,,25349,4102,,,2,70,,25344,4102,,,2,30,,25322,4102,,,2,70,,25316,4102,,,2,30,,25345,4102,,,2,70,,25324,4102,,,2,31,,25360,4102,,,2,59,,25335,4102,,,2,21,,25325,4102,,,2,15,,25346,4102,,,2,55,,25361,4102,,,2,14,,25356,4102,,,2,15,,25317,4102,,,2,11,,25362,4102,,,2,12,,25338,4102,,,2,52,,25341,4102,,,2,12,,25351,4102,,,2,12,,25315,4102,,,2,24,,25337,4102,,,2,61,,25354,4102,,,2,27,,25336,4102,,,2,80,,25350,4102,,,2,28,,25326,4102,,,2,70,,25339,4102,,,2,28,,25327,4102,,,2,70,,25340,4102,,,2,30,,25328,4102,,,2,99,,25329,4102,,,2,100,,25330,4102,,,2,100,,25331,4102,,,2
62000,'F7',1530,,40782,0,,,2
62000,'SE',1530,,40783,0,,,2
