1301,'DI',633,,3598,5456,,,1,100,,3602,5456,,,1,100,,3599,5456,,,1,100,,3603,5456,,,1,100,,3600,5456,,,1,100,,3604,5456,,,1,100,,3601,5456,,,1,100,,3605,5456,,,1,100,,3612,5456,,,1,100,,3613,5456,,,1,100,,3611,5456,,,1,100,,3616,5456,,,1,100,,3615,5456,,,1,100,,3607,5456,,,1,100,,3614,5456,,,1,100,,3609,5456,,,1,100,,3608,5456,,,1,100,,3606,5456,,,1,100,,3610,5456,,,1,100,,3617,5456,,,1
1301,'F1',633,,3624,5456,,,1,100,,3622,5456,,,1,100,,3625,5456,,,1,100,,3627,5456,,,1,100,,3628,5456,,,1,100,,3631,5456,,,1,100,,3629,5456,,,1,100,,3632,5456,,,1,100,,3630,5456,,,1,100,,3633,5456,,,1,100,,3620,5456,,,1,100,,3636,5456,,,1,100,,3623,5456,,,1,100,,3621,5456,,,1,100,,3626,5456,,,1,100,,3619,5456,,,1,100,,3637,5456,,,1,100,,3634,5456,,,1,100,,3618,5456,,,1,100,,3635,5456,,,1
1301,'F7',633,,3638,5456,,,1,100,,3642,5456,,,1,100,,3639,5456,,,1,100,,3643,5456,,,1,100,,3640,5456,,,1,100,,3644,5456,,,1,100,,3641,5456,,,1,100,,3645,5456,,,1,100,,3652,5456,,,1,100,,3653,5456,,,1,100,,3651,5456,,,1,100,,3656,5456,,,1,100,,3655,5456,,,1,100,,3647,5456,,,1,100,,3654,5456,,,1,100,,3649,5456,,,1,100,,3648,5456,,,1,100,,3646,5456,,,1,100,,3650,5456,,,1,100,,3657,5456,,,1
1301,'F8',539,,3671,5456,,,1,72,,3672,5456,,,1,31,,3670,5456,,,1,17,,3664,5456,,,1,54,,3691,5456,,,1,13,,3669,5456,,,1,14,,3666,5456,,,1,60,,3661,5456,,,1,14,,3665,5456,,,1,13,,3692,5456,,,1,15,,3683,5456,,,1,15,,3684,5456,,,1,60,,3679,5456,,,1,29,,3674,5456,,,1,70,,3685,5456,,,1,30,,3675,5456,,,1,70,,3678,5456,,,1,30,,3658,5456,,,1,70,,3662,5456,,,1,31,,3673,5456,,,1,70,,3690,5456,,,1,30,,3680,5456,,,1,70,,3694,5456,,,1,30,,3700,5456,,,1,69,,3686,5456,,,1,34,,3663,5456,,,1,69,,3687,5456,,,1,27,,3659,5456,,,1,55,,3697,5456,,,1,20,,3667,5456,,,1,22,,3682,5456,,,1,58,,3695,5456,,,1,20,,3660,5456,,,1,29,,3693,5456,,,1,68,,3699,5456,,,1,30,,3701,5456,,,1,70,,3681,5456,,,1,30,,3668,5456,,,1,70,,3676,5456,,,1,29,,3698,5456,,,1,100,,3696,5456,,,1,100,,3677,5456,,,1,100,,3688,5456,,,1,98,,3689,5456,,,1
1301,'F9',633,,3708,5456,,,1,100,,3706,5456,,,1,100,,3709,5456,,,1,100,,3711,5456,,,1,100,,3712,5456,,,1,100,,3715,5456,,,1,100,,3713,5456,,,1,100,,3716,5456,,,1,100,,3714,5456,,,1,100,,3717,5456,,,1,100,,3704,5456,,,1,100,,3720,5456,,,1,100,,3707,5456,,,1,100,,3705,5456,,,1,100,,3710,5456,,,1,100,,3703,5456,,,1,100,,3721,5456,,,1,100,,3718,5456,,,1,100,,3702,5456,,,1,100,,3719,5456,,,1
1301,'SA',633,,3728,5456,,,1,100,,3726,5456,,,1,100,,3729,5456,,,1,100,,3731,5456,,,1,100,,3732,5456,,,1,100,,3735,5456,,,1,100,,3733,5456,,,1,100,,3736,5456,,,1,100,,3734,5456,,,1,100,,3737,5456,,,1,100,,3724,5456,,,1,100,,3740,5456,,,1,100,,3727,5456,,,1,100,,3725,5456,,,1,100,,3730,5456,,,1,100,,3723,5456,,,1,100,,3741,5456,,,1,100,,3738,5456,,,1,100,,3722,5456,,,1,100,,3739,5456,,,1
1301,'SE',539,,3755,5456,,,1,72,,3756,5456,,,1,31,,3754,5456,,,1,17,,3748,5456,,,1,54,,3775,5456,,,1,13,,3753,5456,,,1,14,,3750,5456,,,1,60,,3745,5456,,,1,14,,3749,5456,,,1,13,,3776,5456,,,1,15,,3767,5456,,,1,15,,3768,5456,,,1,60,,3763,5456,,,1,29,,3758,5456,,,1,70,,3769,5456,,,1,30,,3759,5456,,,1,70,,3762,5456,,,1,30,,3742,5456,,,1,70,,3746,5456,,,1,31,,3757,5456,,,1,70,,3774,5456,,,1,30,,3764,5456,,,1,70,,3778,5456,,,1,30,,3784,5456,,,1,69,,3770,5456,,,1,34,,3747,5456,,,1,69,,3771,5456,,,1,27,,3743,5456,,,1,55,,3781,5456,,,1,20,,3751,5456,,,1,22,,3766,5456,,,1,58,,3779,5456,,,1,20,,3744,5456,,,1,29,,3777,5456,,,1,68,,3783,5456,,,1,30,,3785,5456,,,1,70,,3765,5456,,,1,30,,3752,5456,,,1,70,,3760,5456,,,1,29,,3782,5456,,,1,100,,3780,5456,,,1,100,,3761,5456,,,1,100,,3772,5456,,,1,98,,3773,5456,,,1
50001,'F8',840,,18724,2938,,,2
50001,'SE',840,,18725,2938,,,2
60001,'F8',853,,18848,431,,,2
60001,'SE',853,,18849,431,,,2
61301,'F8',856,,18882,4444,,,2
61301,'SE',856,,18883,4444,,,2
61801,'F8',848,,18890,5369,,,2
61801,'SE',848,,18891,5369,,,2
