1300,'DI',704,,3422,6855,,,1,100,,23867,6855,,,1,100,,3423,6855,,,1,100,,23868,6855,,,1,100,,3424,6855,,,1,100,,23869,6855,,,1,100,,3425,6855,,,1,55,,23870,6855,,,1,145,,23878,6855,,,1,100,,23864,6855,,,1,100,,23871,6855,,,1,100,,23866,6855,,,1,100,,23872,6855,,,1,100,,23876,6855,,,1,100,,23874,6855,,,1,100,,23873,6855,,,1,100,,23865,6855,,,1,100,,23877,6855,,,1,100,,23875,6855,,,1
1300,'F1',704,,23879,6855,,,1,100,,23887,6855,,,1,100,,23881,6855,,,1,101,,23882,6855,,,1,99,,23892,6855,,,1,100,,23880,6855,,,1,100,,23888,6855,,,1,100,,23883,6855,,,1,100,,23889,6855,,,1,100,,23897,6855,,,1,100,,23885,6855,,,1,100,,23893,6855,,,1,100,,23890,6855,,,1,100,,23894,6855,,,1,100,,23884,6855,,,1,100,,23896,6855,,,1,100,,23891,6855,,,1,100,,23895,6855,,,1,100,,23898,6855,,,1,100,,23886,6855,,,1
1300,'F2',704,,23900,6855,,,1,100,,23907,6855,,,1,100,,23901,6855,,,1,101,,23902,6855,,,1,99,,23908,6855,,,1,100,,23910,6855,,,1,100,,23903,6855,,,1,100,,23911,6855,,,1,100,,23904,6855,,,1,100,,23899,6855,,,1,100,,23914,6855,,,1,100,,23917,6855,,,1,100,,23905,6855,,,1,100,,23912,6855,,,1,100,,23909,6855,,,1,100,,23918,6855,,,1,100,,23915,6855,,,1,100,,23906,6855,,,1,100,,23916,6855,,,1,100,,23913,6855,,,1
1300,'F7',607,,23933,6855,,,1,33,,23955,6855,,,1,67,,23949,6855,,,1,32,,23923,6855,,,1,15,,23941,6855,,,1,55,,23924,6855,,,1,15,,23936,6855,,,1,25,,23927,6855,,,1,65,,23919,6855,,,1,29,,23921,6855,,,1,70,,23931,6855,,,1,30,,23930,6855,,,1,70,,23925,6855,,,1,30,,23943,6855,,,1,70,,23922,6855,,,1,31,,23932,6855,,,1,70,,23951,6855,,,1,30,,23938,6855,,,1,70,,23944,6855,,,1,30,,23956,6855,,,1,71,,23953,6855,,,1,30,,23920,6855,,,1,61,,23946,6855,,,1,20,,23939,6855,,,1,15,,23940,6855,,,1,13,,23942,6855,,,1,50,,23959,6855,,,1,17,,23947,6855,,,1,20,,23937,6855,,,1,60,,23935,6855,,,1,20,,23934,6855,,,1,27,,23958,6855,,,1,68,,23926,6855,,,1,32,,23952,6855,,,1,70,,23954,6855,,,1,30,,23945,6855,,,1,69,,23957,6855,,,1,100,,23948,6855,,,1,100,,23950,6855,,,1,100,,23928,6855,,,1,103,,23929,6855,,,1
1300,'F8',704,,23961,6855,,,1,100,,23968,6855,,,1,100,,23962,6855,,,1,101,,23963,6855,,,1,99,,23969,6855,,,1,100,,23971,6855,,,1,100,,23964,6855,,,1,100,,23972,6855,,,1,100,,23965,6855,,,1,100,,23960,6855,,,1,100,,23975,6855,,,1,100,,23978,6855,,,1,100,,23966,6855,,,1,100,,23973,6855,,,1,100,,23970,6855,,,1,100,,23979,6855,,,1,100,,23976,6855,,,1,100,,23967,6855,,,1,100,,23977,6855,,,1,100,,23974,6855,,,1
1300,'F9',704,,23982,6855,,,1,100,,23987,6855,,,1,100,,23983,6855,,,1,100,,23988,6855,,,1,100,,23984,6855,,,1,100,,23989,6855,,,1,100,,23985,6855,,,1,55,,23990,6855,,,1,145,,23998,6855,,,1,100,,23980,6855,,,1,100,,23991,6855,,,1,100,,23986,6855,,,1,100,,23992,6855,,,1,100,,23996,6855,,,1,100,,23994,6855,,,1,100,,23993,6855,,,1,100,,23981,6855,,,1,100,,23997,6855,,,1,100,,23995,6855,,,1
1300,'SA',704,,24000,6855,,,1,100,,24007,6855,,,1,100,,24001,6855,,,1,101,,24002,6855,,,1,99,,24008,6855,,,1,100,,24010,6855,,,1,100,,24003,6855,,,1,100,,24011,6855,,,1,100,,24004,6855,,,1,100,,23999,6855,,,1,100,,24014,6855,,,1,100,,24017,6855,,,1,100,,24005,6855,,,1,100,,24012,6855,,,1,100,,24009,6855,,,1,100,,24018,6855,,,1,100,,24015,6855,,,1,100,,24006,6855,,,1,100,,24016,6855,,,1,100,,24013,6855,,,1
1300,'SE',607,,24033,6855,,,1,33,,24055,6855,,,1,67,,24049,6855,,,1,32,,24023,6855,,,1,15,,24041,6855,,,1,55,,24024,6855,,,1,15,,24036,6855,,,1,25,,24027,6855,,,1,65,,24019,6855,,,1,29,,24021,6855,,,1,70,,24031,6855,,,1,30,,24030,6855,,,1,70,,24025,6855,,,1,30,,24043,6855,,,1,70,,24022,6855,,,1,31,,24032,6855,,,1,70,,24051,6855,,,1,30,,24038,6855,,,1,70,,24044,6855,,,1,30,,24056,6855,,,1,71,,24053,6855,,,1,30,,24020,6855,,,1,61,,24046,6855,,,1,20,,24039,6855,,,1,15,,24040,6855,,,1,13,,24042,6855,,,1,50,,24059,6855,,,1,17,,24047,6855,,,1,20,,24037,6855,,,1,60,,24035,6855,,,1,20,,24034,6855,,,1,27,,24058,6855,,,1,68,,24026,6855,,,1,32,,24052,6855,,,1,70,,24054,6855,,,1,30,,24045,6855,,,1,69,,24057,6855,,,1,100,,24048,6855,,,1,100,,24050,6855,,,1,100,,24028,6855,,,1,103,,24029,6855,,,1
3700,'F7',1624,,28882,6233,4,,2,76,,28883,6233,4,,2,25,,28885,6233,4,,2,30,,28881,6233,4,,2,66,,28884,6233,4,,2
3700,'SE',1624,,28889,6233,4,,2,76,,28890,6233,4,,2,25,,28892,6233,4,,2,30,,28888,6233,4,,2,66,,28891,6233,4,,2
3701,'F7',1624,,28898,0,,,2,76,,28899,0,,,2
3701,'SE',1624,,28905,0,,,2,76,,28906,0,,,2
52601,'F7',859,,40646,924,,,2,41,,40647,924,,,2
52601,'SE',859,,40648,924,,,2,41,,40649,924,,,2
61300,'F7',1649,,40770,6426,,,2,53,,40769,6426,,,2
61300,'SE',1649,,18881,6426,,,2,53,,40771,6426,,,2
69500,'F7',1627,,40951,6694,,,2,1,,40950,6694,,,2
69500,'SE',1627,,40953,6694,,,2,1,,40952,6694,,,2
