8301,'DI',724,,36304,7001,0,50,1,100,,36305,7001,0,50,1,108,,36306,7001,0,50,1,100,,36307,7001,0,50,1,100,,36308,7001,0,50,1,100,,36309,7001,0,50,1,100,,36310,7001,0,50,1,100,,36311,7001,0,50,1,100,,36312,7001,0,50,1,100,,36313,7001,0,50,1,100,,36314,7001,0,50,1,100,,36315,7001,0,50,1,100,,36316,7001,0,50,1,100,,36317,7001,0,50,1,100,,36318,7001,0,50,1,100,,36319,7001,0,50,1,100,,36320,7001,0,50,1,100,,36321,7001,0,50,1
8301,'F1',624,,14698,7001,0,50,1,100,,14699,7001,0,50,1,100,,36325,7001,0,50,1,108,,36326,7001,0,50,1,100,,36327,7001,0,50,1,100,,36328,7001,0,50,1,100,,36329,7001,0,50,1,100,,36330,7001,0,50,1,100,,36331,7001,0,50,1,100,,36332,7001,0,50,1,100,,36333,7001,0,50,1,100,,36334,7001,0,50,1,100,,36335,7001,0,50,1,100,,36336,7001,0,50,1,100,,36337,7001,0,50,1,100,,36338,7001,0,50,1,100,,36339,7001,0,50,1,100,,36322,7001,0,50,1,100,,36323,7001,0,50,1,100,,36324,7001,0,50,1
8301,'F2',624,,36356,7001,0,50,1,100,,36357,7001,0,50,1,100,,36358,7001,0,50,1,108,,36359,7001,0,50,1,100,,36340,7001,0,50,1,100,,36341,7001,0,50,1,100,,36342,7001,0,50,1,100,,36343,7001,0,50,1,100,,36344,7001,0,50,1,100,,36345,7001,0,50,1,100,,36346,7001,0,50,1,100,,36347,7001,0,50,1,100,,36348,7001,0,50,1,100,,36349,7001,0,50,1,100,,36350,7001,0,50,1,100,,36351,7001,0,50,1,100,,36352,7001,0,50,1,100,,36353,7001,0,50,1,100,,36354,7001,0,50,1,100,,36355,7001,0,50,1
8301,'F7',548,,36378,7001,0,50,1,70,,36382,7001,0,50,1,20,,36373,7001,0,50,1,16,,36379,7001,0,50,1,65,,36384,7001,0,50,1,20,,36380,7001,0,50,1,62,,36369,7001,0,50,1,18,,36383,7001,0,50,1,20,,36375,7001,0,50,1,63,,36371,7001,0,50,1,31,,36391,7001,0,50,1,20,,36381,7001,0,50,1,80,,36366,7001,0,50,1,100,,36367,7001,0,50,1,100,,36374,7001,0,50,1,100,,36361,7001,0,50,1,100,,36362,7001,0,50,1,101,,36363,7001,0,50,1,15,,36385,7001,0,50,1,65,,36364,7001,0,50,1,21,,36392,7001,0,50,1,22,,36360,7001,0,50,1,60,,36370,7001,0,50,1,18,,36393,7001,0,50,1,20,,36394,7001,0,50,1,58,,36372,7001,0,50,1,20,,36386,7001,0,50,1,20,,36368,7001,0,50,1,80,,36387,7001,0,50,1,100,,36388,7001,0,50,1,100,,36389,7001,0,50,1,100,,36390,7001,0,50,1,100,,36365,7001,0,50,1,100,,36376,7001,0,50,1,100,,36377,7001,0,50,1
8301,'F8',624,,36411,7001,0,50,1,100,,36412,7001,0,50,1,100,,36413,7001,0,50,1,108,,36414,7001,0,50,1,100,,36395,7001,0,50,1,100,,36396,7001,0,50,1,100,,36397,7001,0,50,1,100,,36398,7001,0,50,1,100,,36399,7001,0,50,1,100,,36400,7001,0,50,1,100,,36401,7001,0,50,1,100,,36402,7001,0,50,1,100,,36403,7001,0,50,1,100,,36404,7001,0,50,1,100,,36405,7001,0,50,1,100,,36406,7001,0,50,1,100,,36407,7001,0,50,1,100,,36408,7001,0,50,1,100,,36409,7001,0,50,1,100,,36410,7001,0,50,1
8301,'F9',724,,36415,7001,0,50,1,100,,36416,7001,0,50,1,108,,36417,7001,0,50,1,100,,36418,7001,0,50,1,100,,36419,7001,0,50,1,100,,36420,7001,0,50,1,100,,36421,7001,0,50,1,100,,36422,7001,0,50,1,100,,36423,7001,0,50,1,100,,36424,7001,0,50,1,100,,36425,7001,0,50,1,100,,36426,7001,0,50,1,100,,36427,7001,0,50,1,100,,36428,7001,0,50,1,100,,36429,7001,0,50,1,100,,36430,7001,0,50,1,100,,36431,7001,0,50,1,100,,36432,7001,0,50,1
8301,'SA',624,,36449,7001,0,50,1,100,,36450,7001,0,50,1,100,,36451,7001,0,50,1,108,,36452,7001,0,50,1,100,,36433,7001,0,50,1,100,,36434,7001,0,50,1,100,,36435,7001,0,50,1,100,,36436,7001,0,50,1,100,,36437,7001,0,50,1,100,,36438,7001,0,50,1,100,,36439,7001,0,50,1,100,,36440,7001,0,50,1,100,,36441,7001,0,50,1,100,,36442,7001,0,50,1,100,,36443,7001,0,50,1,100,,36444,7001,0,50,1,100,,36445,7001,0,50,1,100,,36446,7001,0,50,1,100,,36447,7001,0,50,1,100,,36448,7001,0,50,1
8301,'SE',548,,36471,7001,0,50,1,70,,36475,7001,0,50,1,20,,36466,7001,0,50,1,16,,36472,7001,0,50,1,65,,36477,7001,0,50,1,20,,36473,7001,0,50,1,62,,36462,7001,0,50,1,18,,36476,7001,0,50,1,20,,36468,7001,0,50,1,63,,36464,7001,0,50,1,31,,36484,7001,0,50,1,20,,36474,7001,0,50,1,80,,36459,7001,0,50,1,100,,36460,7001,0,50,1,100,,36467,7001,0,50,1,100,,36454,7001,0,50,1,100,,36455,7001,0,50,1,101,,36456,7001,0,50,1,15,,36478,7001,0,50,1,65,,36457,7001,0,50,1,21,,36485,7001,0,50,1,22,,36453,7001,0,50,1,60,,36463,7001,0,50,1,18,,36486,7001,0,50,1,20,,36487,7001,0,50,1,58,,36465,7001,0,50,1,20,,36479,7001,0,50,1,20,,36461,7001,0,50,1,80,,36480,7001,0,50,1,100,,36481,7001,0,50,1,100,,36482,7001,0,50,1,100,,36483,7001,0,50,1,100,,36458,7001,0,50,1,100,,36469,7001,0,50,1,100,,36470,7001,0,50,1
28401,'F7',857,,39118,1629,0,52,2,100,,39119,1629,0,52,2,100,,39120,1629,0,52,2,100,,39121,1629,0,52,2,100,,39122,1629,0,52,2,100,,39123,1629,0,52,2,100,,39124,1629,0,52,2
28401,'SE',857,,39125,1629,0,52,2,100,,39126,1629,0,52,2,100,,39127,1629,0,52,2,100,,39128,1629,0,52,2,100,,39129,1629,0,52,2,100,,39130,1629,0,52,2,100,,39131,1629,0,52,2
68301,'F7',717,,40896,4921,,,2
68301,'SE',717,,40897,4921,,,2
