1901,'DI',542,,5328,2150,,,2,100,,5329,2150,,,2,100,,5330,2150,,,2,100,,5331,2150,,,2,104,,5332,2150,,,2,100,,5333,2150,,,2,100,,5334,2150,,,2,100,,5335,2150,,,2,100,,5336,2150,,,2,100,,5338,2150,,,2,100,,5339,2150,,,2,100,,5340,2150,,,2,100,,5341,2150,,,2,100,,5342,2150,,,2,100,,5343,2150,,,2,100,,5344,2150,,,2,100,,5345,2150,,,2,100,,5346,2150,,,2,100,,5347,2150,,,2,100,,5348,2150,,,2,100,,5337,2150,,,2
1901,'F1',542,,5349,2150,,,2,70,,5356,2150,,,2,30,,5350,2150,,,2,70,,5357,2150,,,2,30,,5351,2150,,,2,70,,5358,2150,,,2,30,,5352,2150,,,2,70,,5359,2150,,,2,34,,5353,2150,,,2,70,,5360,2150,,,2,30,,5354,2150,,,2,70,,5368,2150,,,2,30,,5355,2150,,,2,70,,5369,2150,,,2,30,,5376,2150,,,2,70,,5370,2150,,,2,30,,5377,2150,,,2,70,,5371,2150,,,2,30,,5378,2150,,,2,70,,5372,2150,,,2,30,,5379,2150,,,2,70,,5373,2150,,,2,30,,5380,2150,,,2,70,,5374,2150,,,2,30,,5381,2150,,,2,70,,5375,2150,,,2,30,,5382,2150,,,2,100,,5361,2150,,,2,100,,5362,2150,,,2,100,,5363,2150,,,2,100,,5364,2150,,,2,100,,5365,2150,,,2,100,,5366,2150,,,2,100,,5367,2150,,,2
1901,'F7',542,,5383,2150,,,2,100,,5384,2150,,,2,100,,5385,2150,,,2,100,,5386,2150,,,2,104,,5387,2150,,,2,100,,5388,2150,,,2,100,,5389,2150,,,2,100,,5390,2150,,,2,100,,5391,2150,,,2,100,,5393,2150,,,2,100,,5394,2150,,,2,100,,5395,2150,,,2,100,,5396,2150,,,2,100,,5397,2150,,,2,100,,5398,2150,,,2,100,,5399,2150,,,2,100,,5400,2150,,,2,100,,5401,2150,,,2,100,,5402,2150,,,2,100,,5403,2150,,,2,100,,5392,2150,,,2
1901,'F8',500,,5416,2150,,,2,35,,5417,2150,,,2,70,,5446,2150,,,2,23,,5432,2150,,,2,14,,5434,2150,,,2,15,,5430,2150,,,2,52,,5433,2150,,,2,12,,5437,2150,,,2,12,,5439,2150,,,2,12,,5435,2150,,,2,55,,5431,2150,,,2,21,,5438,2150,,,2,20,,5436,2150,,,2,72,,5405,2150,,,2,34,,5404,2150,,,2,70,,5406,2150,,,2,30,,5418,2150,,,2,70,,5407,2150,,,2,30,,5419,2150,,,2,70,,5408,2150,,,2,30,,5420,2150,,,2,70,,5409,2150,,,2,30,,5421,2150,,,2,72,,5410,2150,,,2,30,,5449,2150,,,2,70,,5440,2150,,,2,29,,5447,2150,,,2,61,,5448,2150,,,2,23,,5441,2150,,,2,20,,5445,2150,,,2,61,,5442,2150,,,2,18,,5443,2150,,,2,17,,5444,2150,,,2,61,,5450,2150,,,2,19,,5429,2150,,,2,24,,5422,2150,,,2,65,,5428,2150,,,2,30,,5427,2150,,,2,70,,5411,2150,,,2,30,,5425,2150,,,2,70,,5412,2150,,,2,29,,5426,2150,,,2,70,,5413,2150,,,2,30,,5423,2150,,,2,100,,5424,2150,,,2,100,,5414,2150,,,2,100,,5415,2150,,,2
1901,'F9',542,,5451,2150,,,2,70,,5458,2150,,,2,30,,5452,2150,,,2,70,,5459,2150,,,2,30,,5453,2150,,,2,70,,5460,2150,,,2,30,,5454,2150,,,2,70,,5461,2150,,,2,34,,5455,2150,,,2,70,,5462,2150,,,2,30,,5456,2150,,,2,70,,5470,2150,,,2,30,,5457,2150,,,2,70,,5471,2150,,,2,30,,5478,2150,,,2,70,,5472,2150,,,2,30,,5479,2150,,,2,70,,5473,2150,,,2,30,,5480,2150,,,2,70,,5474,2150,,,2,30,,5481,2150,,,2,70,,5475,2150,,,2,30,,5482,2150,,,2,70,,5476,2150,,,2,30,,5483,2150,,,2,70,,5477,2150,,,2,30,,5484,2150,,,2,100,,5463,2150,,,2,100,,5464,2150,,,2,100,,5465,2150,,,2,100,,5466,2150,,,2,100,,5467,2150,,,2,100,,5468,2150,,,2,100,,5469,2150,,,2
1901,'SA',542,,5485,2150,,,2,70,,5492,2150,,,2,30,,5486,2150,,,2,70,,5493,2150,,,2,30,,5487,2150,,,2,70,,5494,2150,,,2,30,,5488,2150,,,2,70,,5495,2150,,,2,34,,5489,2150,,,2,70,,5496,2150,,,2,30,,5490,2150,,,2,70,,5504,2150,,,2,30,,5491,2150,,,2,70,,5505,2150,,,2,30,,5512,2150,,,2,70,,5506,2150,,,2,30,,5513,2150,,,2,70,,5507,2150,,,2,30,,5514,2150,,,2,70,,5508,2150,,,2,30,,5515,2150,,,2,70,,5509,2150,,,2,30,,5516,2150,,,2,70,,5510,2150,,,2,30,,5517,2150,,,2,70,,5511,2150,,,2,30,,5518,2150,,,2,100,,5497,2150,,,2,100,,5498,2150,,,2,100,,5499,2150,,,2,100,,5500,2150,,,2,100,,5501,2150,,,2,100,,5502,2150,,,2,100,,5503,2150,,,2
1901,'SE',500,,5531,2150,,,2,35,,5532,2150,,,2,70,,5561,2150,,,2,23,,5547,2150,,,2,14,,5549,2150,,,2,15,,5545,2150,,,2,52,,5548,2150,,,2,12,,5552,2150,,,2,12,,5554,2150,,,2,12,,5550,2150,,,2,55,,5546,2150,,,2,21,,5553,2150,,,2,20,,5551,2150,,,2,72,,5520,2150,,,2,34,,5519,2150,,,2,70,,5521,2150,,,2,30,,5533,2150,,,2,70,,5522,2150,,,2,30,,5534,2150,,,2,70,,5523,2150,,,2,30,,5535,2150,,,2,70,,5524,2150,,,2,30,,5536,2150,,,2,72,,5525,2150,,,2,30,,5564,2150,,,2,70,,5555,2150,,,2,29,,5562,2150,,,2,61,,5563,2150,,,2,23,,5556,2150,,,2,20,,5560,2150,,,2,61,,5557,2150,,,2,18,,5558,2150,,,2,17,,5559,2150,,,2,61,,5565,2150,,,2,19,,5544,2150,,,2,24,,5537,2150,,,2,65,,5543,2150,,,2,30,,5542,2150,,,2,70,,5526,2150,,,2,30,,5540,2150,,,2,70,,5527,2150,,,2,29,,5541,2150,,,2,70,,5528,2150,,,2,30,,5538,2150,,,2,100,,5539,2150,,,2,100,,5529,2150,,,2,100,,5530,2150,,,2
4201,'DI',546,,8648,3602,,,1,100,,8649,3602,,,1,100,,8632,3602,,,1,100,,8633,3602,,,1,100,,8634,3602,,,1,100,,8635,3602,,,1,100,,8636,3602,,,1,100,,8637,3602,,,1,100,,8638,3602,,,1,100,,8639,3602,,,1,100,,8640,3602,,,1,100,,8641,3602,,,1,100,,8642,3602,,,1,100,,8643,3602,,,1,100,,8650,3602,,,1,100,,8651,3602,,,1,100,,8644,3602,,,1,100,,8645,3602,,,1,100,,8646,3602,,,1,100,,8647,3602,,,1
4201,'F1',546,,8652,3602,,,1,100,,8653,3602,,,1,100,,8654,3602,,,1,100,,8655,3602,,,1,100,,8656,3602,,,1,100,,8657,3602,,,1,100,,8658,3602,,,1,100,,8659,3602,,,1,100,,8660,3602,,,1,100,,8661,3602,,,1,100,,8662,3602,,,1,100,,8663,3602,,,1,100,,8664,3602,,,1,100,,8665,3602,,,1,100,,8666,3602,,,1,100,,8667,3602,,,1,100,,8668,3602,,,1,100,,8669,3602,,,1,100,,8670,3602,,,1,100,,8671,3602,,,1
4201,'F7',546,,8688,3602,,,1,100,,8689,3602,,,1,100,,8672,3602,,,1,100,,8673,3602,,,1,100,,8674,3602,,,1,100,,8675,3602,,,1,100,,8676,3602,,,1,100,,8677,3602,,,1,100,,8678,3602,,,1,100,,8679,3602,,,1,100,,8680,3602,,,1,100,,8681,3602,,,1,100,,8682,3602,,,1,100,,8683,3602,,,1,100,,8690,3602,,,1,100,,8691,3602,,,1,100,,8684,3602,,,1,100,,8685,3602,,,1,100,,8686,3602,,,1,100,,8687,3602,,,1
4201,'F8',515,,8695,3602,,,1,20,,8696,3602,,,1,70,,8701,3602,,,1,21,,8732,3602,,,1,14,,8723,3602,,,1,14,,8703,3602,,,1,54,,8702,3602,,,1,14,,8727,3602,,,1,14,,8698,3602,,,1,14,,8692,3602,,,1,54,,8704,3602,,,1,14,,8700,3602,,,1,15,,8726,3602,,,1,20,,8699,3602,,,1,72,,8733,3602,,,1,30,,8739,3602,,,1,70,,8730,3602,,,1,30,,8693,3602,,,1,70,,8705,3602,,,1,30,,8721,3602,,,1,70,,8738,3602,,,1,30,,8708,3602,,,1,70,,8707,3602,,,1,30,,8737,3602,,,1,70,,8706,3602,,,1,30,,8722,3602,,,1,4,,8724,3602,,,1,42,,8725,3602,,,1,2,,8710,3602,,,1,22,,8694,3602,,,1,30,,8731,3602,,,1,61,,8720,3602,,,1,16,,8709,3602,,,1,18,,8711,3602,,,1,56,,8740,3602,,,1,28,,8713,3602,,,1,67,,8712,3602,,,1,29,,8697,3602,,,1,26,,8734,3602,,,1,75,,8714,3602,,,1,70,,8735,3602,,,1,30,,8715,3602,,,1,70,,8736,3602,,,1,29,,8716,3602,,,1,70,,8728,3602,,,1,30,,8717,3602,,,1,70,,8729,3602,,,1,50,,8718,3602,,,1,100,,8719,3602,,,1
4201,'F9',546,,8741,3602,,,1,100,,8742,3602,,,1,100,,8743,3602,,,1,100,,8744,3602,,,1,100,,8745,3602,,,1,100,,8746,3602,,,1,100,,8747,3602,,,1,100,,8748,3602,,,1,100,,8749,3602,,,1,100,,8750,3602,,,1,100,,8751,3602,,,1,100,,8752,3602,,,1,100,,8753,3602,,,1,100,,8754,3602,,,1,100,,8755,3602,,,1,100,,8756,3602,,,1,100,,8757,3602,,,1,100,,8758,3602,,,1,100,,8759,3602,,,1,100,,8760,3602,,,1
4201,'SA',546,,8761,3602,,,1,100,,8762,3602,,,1,100,,8763,3602,,,1,100,,8764,3602,,,1,100,,8765,3602,,,1,100,,8766,3602,,,1,100,,8767,3602,,,1,100,,8768,3602,,,1,100,,8769,3602,,,1,100,,8770,3602,,,1,100,,8771,3602,,,1,100,,8772,3602,,,1,100,,8773,3602,,,1,100,,8774,3602,,,1,100,,8775,3602,,,1,100,,8776,3602,,,1,100,,8777,3602,,,1,100,,8778,3602,,,1,100,,8779,3602,,,1,100,,8780,3602,,,1
4201,'SE',515,,8784,3602,,,1,20,,8785,3602,,,1,70,,8790,3602,,,1,21,,8821,3602,,,1,14,,8812,3602,,,1,14,,8792,3602,,,1,54,,8791,3602,,,1,14,,8816,3602,,,1,14,,8787,3602,,,1,14,,8781,3602,,,1,54,,8793,3602,,,1,14,,8789,3602,,,1,15,,8815,3602,,,1,20,,8788,3602,,,1,72,,8822,3602,,,1,30,,8828,3602,,,1,70,,8819,3602,,,1,30,,8782,3602,,,1,70,,8794,3602,,,1,30,,8810,3602,,,1,70,,8827,3602,,,1,30,,8797,3602,,,1,70,,8796,3602,,,1,30,,8826,3602,,,1,70,,8795,3602,,,1,30,,8811,3602,,,1,4,,8813,3602,,,1,42,,8814,3602,,,1,2,,8799,3602,,,1,22,,8783,3602,,,1,30,,8820,3602,,,1,61,,8809,3602,,,1,16,,8798,3602,,,1,18,,8800,3602,,,1,56,,8829,3602,,,1,28,,8802,3602,,,1,67,,8801,3602,,,1,29,,8786,3602,,,1,26,,8823,3602,,,1,75,,8803,3602,,,1,70,,8824,3602,,,1,30,,8804,3602,,,1,70,,8825,3602,,,1,29,,8805,3602,,,1,70,,8817,3602,,,1,30,,8806,3602,,,1,70,,8818,3602,,,1,50,,8807,3602,,,1,100,,8808,3602,,,1
6001,'F8',550,,11004,4975,,,1,62,,11003,4975,,,1,21,,10997,4975,,,1,68,,11018,4975,,,1,28,,11011,4975,,,1,28,,11008,4975,,,1,68,,11009,4975,,,1,21,,11021,4975,,,1,64,,11012,4975,,,1,100,,11010,4975,,,1,100,,10995,4975,,,1,100,,11000,4975,,,1,101,,11007,4975,,,1,100,,10996,4975,,,1,101,,11006,4975,,,1,95,,11013,4975,,,1,30,,11001,4975,,,1,67,,10998,4975,,,1,28,,10999,4975,,,1,27,,11014,4975,,,1,69,,11015,4975,,,1,30,,11002,4975,,,1,88,,11016,4975,,,1,100,,11019,4975,,,1,100,,11020,4975,,,1,100,,11017,4975,,,1,95,,11005,4975,,,1
6001,'SE',550,,11031,4975,,,1,62,,11030,4975,,,1,21,,11024,4975,,,1,68,,11045,4975,,,1,28,,11038,4975,,,1,28,,11035,4975,,,1,68,,11036,4975,,,1,21,,11048,4975,,,1,64,,11039,4975,,,1,100,,11037,4975,,,1,100,,11022,4975,,,1,100,,11027,4975,,,1,101,,11034,4975,,,1,100,,11023,4975,,,1,101,,11033,4975,,,1,95,,11040,4975,,,1,30,,11028,4975,,,1,67,,11025,4975,,,1,28,,11026,4975,,,1,27,,11041,4975,,,1,69,,11042,4975,,,1,30,,11029,4975,,,1,88,,11043,4975,,,1,100,,11046,4975,,,1,100,,11047,4975,,,1,100,,11044,4975,,,1,95,,11032,4975,,,1
16001,'DI',607,,16702,11369,,,1,99,,16706,11369,,,1,100,,16698,11369,,,1,100,,16693,11369,,,1,100,,16707,11369,,,1,100,,16703,11369,,,1,100,,16708,11369,,,1,100,,16695,11369,,,1,100,,16700,11369,,,1,100,,16701,11369,,,1,100,,16696,11369,,,1,100,,16709,11369,,,1,100,,16699,11369,,,1,100,,16697,11369,,,1,100,,16704,11369,,,1,103,,16694,11369,,,1,97,,16705,11369,,,1
16001,'F1',608,,16713,11369,,,1,99,,16724,11369,,,1,99,,16721,11369,,,1,100,,16725,11369,,,1,99,,16714,11369,,,1,101,,16710,11369,,,1,100,,16722,11369,,,1,100,,16717,11369,,,1,100,,16715,11369,,,1,100,,16711,11369,,,1,100,,16718,11369,,,1,100,,16726,11369,,,1,100,,16712,11369,,,1,101,,16719,11369,,,1,99,,16723,11369,,,1,103,,16720,11369,,,1,97,,16716,11369,,,1
16001,'F7',607,,16736,11369,,,1,99,,16740,11369,,,1,100,,16732,11369,,,1,100,,16727,11369,,,1,100,,16741,11369,,,1,100,,16737,11369,,,1,100,,16742,11369,,,1,100,,16729,11369,,,1,100,,16734,11369,,,1,100,,16735,11369,,,1,100,,16730,11369,,,1,100,,16743,11369,,,1,100,,16733,11369,,,1,100,,16731,11369,,,1,100,,16738,11369,,,1,103,,16728,11369,,,1,97,,16739,11369,,,1
16001,'F8',617,,16747,11369,,,1,28,,16758,11369,,,1,68,,16749,11369,,,1,28,,16753,11369,,,1,67,,16752,11369,,,1,29,,16759,11369,,,1,19,,16750,11369,,,1,83,,16754,11369,,,1,99,,16751,11369,,,1,93,,16748,11369,,,1,100,,16744,11369,,,1,100,,16760,11369,,,1,100,,16761,11369,,,1,99,,16762,11369,,,1,93,,16764,11369,,,1,96,,16766,11369,,,1,31,,16763,11369,,,1,67,,16755,11369,,,1,25,,16765,11369,,,1,66,,16745,11369,,,1,99,,16756,11369,,,1,100,,16767,11369,,,1,101,,16746,11369,,,1,100,,16768,11369,,,1,50,,16757,11369,,,1
16001,'F9',608,,16772,11369,,,1,99,,16783,11369,,,1,99,,16780,11369,,,1,100,,16784,11369,,,1,99,,16773,11369,,,1,101,,16769,11369,,,1,100,,16781,11369,,,1,100,,16776,11369,,,1,100,,16774,11369,,,1,100,,16770,11369,,,1,100,,16777,11369,,,1,100,,16785,11369,,,1,100,,16771,11369,,,1,101,,16778,11369,,,1,99,,16782,11369,,,1,103,,16779,11369,,,1,97,,16775,11369,,,1
16001,'SA',608,,16789,11369,,,1,99,,16800,11369,,,1,99,,16797,11369,,,1,100,,16801,11369,,,1,99,,16790,11369,,,1,101,,16786,11369,,,1,100,,16798,11369,,,1,100,,16793,11369,,,1,100,,16791,11369,,,1,100,,16787,11369,,,1,100,,16794,11369,,,1,100,,16802,11369,,,1,100,,16788,11369,,,1,101,,16795,11369,,,1,99,,16799,11369,,,1,103,,16796,11369,,,1,97,,16792,11369,,,1
16001,'SE',617,,16806,11369,,,1,28,,16817,11369,,,1,68,,16808,11369,,,1,28,,16812,11369,,,1,67,,16811,11369,,,1,29,,16818,11369,,,1,19,,16809,11369,,,1,83,,16813,11369,,,1,99,,16810,11369,,,1,93,,16807,11369,,,1,100,,16803,11369,,,1,100,,16819,11369,,,1,100,,16820,11369,,,1,99,,16821,11369,,,1,93,,16823,11369,,,1,96,,16825,11369,,,1,31,,16822,11369,,,1,67,,16814,11369,,,1,25,,16824,11369,,,1,66,,16804,11369,,,1,99,,16815,11369,,,1,100,,16826,11369,,,1,101,,16805,11369,,,1,100,,16827,11369,,,1,50,,16816,11369,,,1
54200,'F8',1627,,18798,2559,,,2
54200,'SE',1627,,18799,2559,,,2
