6100,'DI',722,,6189,,,2,89,,6193,,,2,30,,6190,,,2,70,,6196,,,2,30,,6194,,,2,70,,6191,,,2,30,,6197,,,2,70,,6199,,,2,30,,6204,,,2,70,,6209,,,2,30,,6200,,,2,70,,6205,,,2,30,,6210,,,2,70,,6201,,,2,30,,6206,,,2,70,,6212,,,2,30,,6202,,,2,74,,6207,,,2,21,,6213,,,2,75,,6216,,,2,20,,6220,,,2,80,,6214,,,2,25,,6217,,,2,70,,6221,,,2,45,,6218,,,2,100,,6222,,,2,100,,6224,,,2,100,,6226,,,2,100,,6228,,,2,100,,6229,,,2
6100,'F1',722,,6230,,,2,89,,6234,,,2,30,,6231,,,2,70,,6237,,,2,30,,6235,,,2,70,,6232,,,2,30,,6238,,,2,70,,6240,,,2,30,,6245,,,2,70,,6248,,,2,30,,6241,,,2,70,,6246,,,2,30,,6249,,,2,70,,6242,,,2,30,,6251,,,2,70,,6256,,,2,30,,6243,,,2,74,,6252,,,2,21,,6257,,,2,75,,6260,,,2,20,,6253,,,2,80,,6258,,,2,25,,6261,,,2,70,,6254,,,2,45,,6263,,,2,100,,6266,,,2,100,,6264,,,2,100,,6268,,,2,100,,6267,,,2,100,,6269,,,2
6100,'SA',722,,6270,,,2,89,,6274,,,2,30,,6271,,,2,70,,6277,,,2,30,,6275,,,2,70,,6272,,,2,30,,6278,,,2,70,,6280,,,2,30,,6285,,,2,70,,6288,,,2,30,,6281,,,2,70,,6286,,,2,30,,6289,,,2,70,,6282,,,2,30,,6291,,,2,70,,6296,,,2,30,,6283,,,2,74,,6292,,,2,21,,6297,,,2,75,,6300,,,2,20,,6293,,,2,80,,6298,,,2,25,,6301,,,2,70,,6294,,,2,45,,6303,,,2,100,,6306,,,2,100,,6304,,,2,100,,6308,,,2,100,,6307,,,2,100,,6309,,,2
6100,'SE',632,,6312,,,2,68,,6310,,,2,26,,6319,,,2,9,,6324,,,2,19,,6316,,,2,65,,6313,,,2,22,,6321,,,2,15,,6326,,,2,76,,6317,,,2,70,,6314,,,2,30,,6322,,,2,72,,6366,,,2,30,,6320,,,2,70,,6327,,,2,30,,6331,,,2,70,,6328,,,2,30,,6329,,,2,73,,6333,,,2,21,,6336,,,2,27,,6341,,,2,63,,6330,,,2,20,,6332,,,2,64,,6344,,,2,4,,6347,,,2,25,,6337,,,2,7,,6339,,,2,14,,6348,,,2,53,,6349,,,2,14,,6334,,,2,15,,6353,,,2,6,,6356,,,2,17,,6345,,,2,54,,6342,,,2,24,,6358,,,2,24,,6350,,,2,68,,6361,,,2,29,,6364,,,2,70,,6354,,,2,29,,6357,,,2,70,,6365,,,2,30,,6351,,,2,68,,6362,,,2,30,,6359,,,2,69,,6355,,,2,30,,6363,,,2,70,,6360,,,2
8001,'DI',653,,7830,,,1,100,,7831,,,1,100,,7832,,,1,100,,7833,,,1,100,,7834,,,1,100,,7835,,,1,100,,7836,,,1,100,,7837,,,1,100,,7838,,,1,100,,7839,,,1,100,,7840,,,1,102,,7841,,,1,99,,7842,,,1,100,,7843,,,1,100,,7844,,,1,100,,7845,,,1,100,,7846,,,1,100,,7847,,,1
8001,'F1',654,,7850,,,1,100,,7851,,,1,100,,7852,,,1,100,,7853,,,1,100,,7854,,,1,101,,7855,,,1,100,,7856,,,1,100,,7857,,,1,100,,7858,,,1,100,,7859,,,1,100,,7860,,,1,100,,7861,,,1,98,,7862,,,1,100,,7863,,,1,100,,7864,,,1,100,,7865,,,1,100,,7866,,,1,100,,7849,,,1
8001,'SA',654,,7869,,,1,100,,7870,,,1,100,,7871,,,1,100,,7872,,,1,100,,7873,,,1,101,,7874,,,1,100,,7875,,,1,100,,7876,,,1,100,,7877,,,1,100,,7878,,,1,100,,7879,,,1,100,,7880,,,1,98,,7881,,,1,100,,7882,,,1,100,,7883,,,1,100,,7884,,,1,100,,7885,,,1,100,,7868,,,1
8001,'SE',550,,7906,,,1,70,,7889,,,1,36,,7908,,,1,71,,7905,,,1,30,,7887,,,1,70,,7891,,,1,31,,7907,,,1,97,,7897,,,1,100,,7898,,,1,100,,7899,,,1,100,,7900,,,1,100,,7901,,,1,100,,7902,,,1,102,,7903,,,1,65,,7909,,,1,35,,7892,,,1,70,,7910,,,1,24,,7890,,,1,89,,7911,,,1,91,,7896,,,1,100,,7888,,,1,99,,7894,,,1,100,,7895,,,1,100,,7893,,,1
8301,'DI',726,,8211,,,1,100,,8212,,,1,108,,8213,,,1,100,,8214,,,1,100,,8215,,,1,100,,8216,,,1,100,,8217,,,1,100,,8218,,,1,100,,8219,,,1,100,,8220,,,1,100,,8221,,,1,100,,8222,,,1,100,,8223,,,1,100,,8224,,,1,100,,8225,,,1,100,,8226,,,1,100,,8227,,,1,100,,8228,,,1
8301,'F1',626,,8229,,,1,100,,8230,,,1,100,,8231,,,1,108,,8232,,,1,100,,8233,,,1,100,,8234,,,1,100,,8235,,,1,100,,8236,,,1,100,,8237,,,1,100,,8238,,,1,100,,8239,,,1,100,,8240,,,1,100,,8241,,,1,100,,8242,,,1,100,,8243,,,1,100,,8244,,,1,100,,8245,,,1,100,,8246,,,1,100,,8247,,,1,100,,8248,,,1
8301,'SA',626,,8249,,,1,100,,8250,,,1,100,,8251,,,1,108,,8252,,,1,100,,8253,,,1,100,,8254,,,1,100,,8255,,,1,100,,8256,,,1,100,,8257,,,1,100,,8258,,,1,100,,8259,,,1,100,,8260,,,1,100,,8261,,,1,100,,8262,,,1,100,,8263,,,1,100,,8264,,,1,100,,8265,,,1,100,,8266,,,1,100,,8267,,,1,100,,8268,,,1
8301,'SE',550,,8290,,,1,70,,8287,,,1,20,,8281,,,1,16,,8291,,,1,65,,8276,,,1,20,,8293,,,1,62,,8292,,,1,18,,8269,,,1,20,,8277,,,1,63,,8288,,,1,31,,8270,,,1,20,,8302,,,1,80,,8271,,,1,100,,8275,,,1,100,,8283,,,1,100,,8272,,,1,100,,8273,,,1,101,,8274,,,1,15,,8289,,,1,65,,8294,,,1,21,,8303,,,1,22,,8284,,,1,60,,8278,,,1,18,,8279,,,1,20,,8286,,,1,58,,8282,,,1,20,,8285,,,1,20,,8280,,,1,80,,8295,,,1,100,,8296,,,1,100,,8297,,,1,100,,8298,,,1,100,,8299,,,1,100,,8300,,,1,100,,8301,,,1
16100,'DI',632,,9410,,,2,1172,,9411,,,2
16100,'F1',632,,9424,,,2,1102,,9423,,,2
16100,'SA',632,,9437,,,2,1102,,9436,,,2
16100,'SE',711,,9452,,,2,25,,9450,,,2,65,,9451,,,2,421,,9454,,,2,391,,9456,,,2,41,,9455,,,2,80,,9453,,,2,100,,9457,,,2
18001,'SE',638,,9560,,,2,64,,9561,,,2,13,,9564,,,2,18,,9563,,,2,12,,9562,,,2,58,,9559,,,2,18,,9565,,,2,815,,9556,,,2,71,,9566,,,2,30,,9558,,,2,64,,9557,,,2
28401,'SE',859,,9656,0,52,2,100,,9657,0,52,2,100,,9658,0,52,2,100,,9659,0,52,2,100,,9660,0,52,2,100,,9661,0,52,2,100,,9662,0,52,2
68301,'SE',719,,10566,,,2
