7101,'DI',526,,33239,2551,,,2,30,,33251,2551,,,2,69,,33246,2551,,,2,30,,33225,2551,,,2,70,,33249,2551,,,2,30,,33241,2551,,,2,70,,33252,2551,,,2,30,,33240,2551,,,2,71,,33222,2551,,,2,29,,33220,2551,,,2,71,,33221,2551,,,2,30,,33228,2551,,,2,70,,33242,2551,,,2,30,,33253,2551,,,2,70,,33247,2551,,,2,75,,33226,2551,,,2,25,,33248,2551,,,2,30,,33227,2551,,,2,70,,33250,2551,,,2,30,,33245,2551,,,2,70,,33235,2551,,,2,30,,33231,2551,,,2,70,,33238,2551,,,2,30,,33232,2551,,,2,68,,33229,2551,,,2,32,,33233,2551,,,2,70,,33230,2551,,,2,30,,33234,2551,,,2,100,,33236,2551,,,2,99,,33237,2551,,,2,100,,33244,2551,,,2,100,,33223,2551,,,2,100,,33224,2551,,,2
7101,'F1',526,,33276,2551,,,2,30,,33268,2551,,,2,69,,33270,2551,,,2,30,,33274,2551,,,2,70,,11910,2551,,,2,30,,33277,2551,,,2,71,,33254,2551,,,2,29,,33257,2551,,,2,70,,33256,2551,,,2,30,,33278,2551,,,2,71,,33284,2551,,,2,30,,33279,2551,,,2,70,,33259,2551,,,2,30,,33258,2551,,,2,70,,33260,2551,,,2,30,,33275,2551,,,2,70,,33261,2551,,,2,30,,33280,2551,,,2,70,,33262,2551,,,2,30,,33281,2551,,,2,70,,33263,2551,,,2,30,,33282,2551,,,2,70,,33264,2551,,,2,28,,33283,2551,,,2,70,,33265,2551,,,2,76,,33271,2551,,,2,26,,33266,2551,,,2,32,,33272,2551,,,2,98,,33273,2551,,,2,100,,11912,2551,,,2,100,,33267,2551,,,2,100,,33285,2551,,,2,100,,33255,2551,,,2,100,,33286,2551,,,2
7101,'F2',526,,33299,2551,,,2,30,,33296,2551,,,2,69,,33320,2551,,,2,30,,33295,2551,,,2,70,,33290,2551,,,2,30,,33300,2551,,,2,71,,33321,2551,,,2,29,,33297,2551,,,2,70,,33287,2551,,,2,30,,33303,2551,,,2,71,,33316,2551,,,2,30,,33304,2551,,,2,70,,33317,2551,,,2,30,,33305,2551,,,2,70,,33318,2551,,,2,30,,33306,2551,,,2,70,,33319,2551,,,2,30,,33307,2551,,,2,70,,33310,2551,,,2,30,,33308,2551,,,2,70,,33311,2551,,,2,30,,33309,2551,,,2,70,,33312,2551,,,2,28,,33293,2551,,,2,70,,33313,2551,,,2,76,,33298,2551,,,2,26,,33314,2551,,,2,32,,33294,2551,,,2,98,,33301,2551,,,2,100,,33292,2551,,,2,100,,33291,2551,,,2,100,,33289,2551,,,2,100,,33288,2551,,,2,100,,33315,2551,,,2
7101,'F7',448,,33333,2551,,,2,70,,33339,2551,,,2,30,,33334,2551,,,2,70,,33357,2551,,,2,30,,33324,2551,,,2,55,,33346,2551,,,2,25,,33325,2551,,,2,20,,33347,2551,,,2,62,,33359,2551,,,2,18,,33360,2551,,,2,28,,33341,2551,,,2,71,,33330,2551,,,2,29,,33355,2551,,,2,70,,33326,2551,,,2,30,,33356,2551,,,2,70,,33327,2551,,,2,30,,33332,2551,,,2,70,,33328,2551,,,2,30,,33342,2551,,,2,70,,33340,2551,,,2,30,,33343,2551,,,2,70,,33329,2551,,,2,31,,33335,2551,,,2,71,,33361,2551,,,2,31,,33358,2551,,,2,81,,33344,2551,,,2,82,,33338,2551,,,2,37,,33348,2551,,,2,72,,33336,2551,,,2,26,,33349,2551,,,2,70,,33363,2551,,,2,30,,33331,2551,,,2,69,,33364,2551,,,2,30,,33323,2551,,,2,70,,33365,2551,,,2,30,,33350,2551,,,2,70,,33366,2551,,,2,30,,33351,2551,,,2,70,,33322,2551,,,2,30,,33352,2551,,,2,68,,33362,2551,,,2
7101,'F8',526,,33380,2551,,,2,30,,33377,2551,,,2,69,,33401,2551,,,2,30,,33376,2551,,,2,70,,33371,2551,,,2,30,,33381,2551,,,2,71,,33402,2551,,,2,29,,33378,2551,,,2,70,,33368,2551,,,2,30,,33384,2551,,,2,71,,33397,2551,,,2,30,,33385,2551,,,2,70,,33398,2551,,,2,30,,33386,2551,,,2,70,,33399,2551,,,2,30,,33387,2551,,,2,70,,33400,2551,,,2,30,,33388,2551,,,2,70,,33391,2551,,,2,30,,33389,2551,,,2,70,,33392,2551,,,2,30,,33390,2551,,,2,70,,33393,2551,,,2,28,,33374,2551,,,2,70,,33394,2551,,,2,76,,33379,2551,,,2,26,,33395,2551,,,2,32,,33375,2551,,,2,98,,33382,2551,,,2,100,,33373,2551,,,2,100,,33372,2551,,,2,100,,33370,2551,,,2,100,,33369,2551,,,2,100,,33396,2551,,,2
7101,'F9',526,,33422,2551,,,2,30,,33434,2551,,,2,69,,33429,2551,,,2,30,,33408,2551,,,2,70,,33432,2551,,,2,30,,33424,2551,,,2,70,,33435,2551,,,2,30,,33423,2551,,,2,71,,33405,2551,,,2,29,,33403,2551,,,2,71,,33404,2551,,,2,30,,33411,2551,,,2,70,,33425,2551,,,2,30,,33436,2551,,,2,70,,33430,2551,,,2,75,,33409,2551,,,2,25,,33431,2551,,,2,30,,33410,2551,,,2,70,,33433,2551,,,2,30,,33428,2551,,,2,70,,33418,2551,,,2,30,,33414,2551,,,2,70,,33421,2551,,,2,30,,33415,2551,,,2,68,,33412,2551,,,2,32,,33416,2551,,,2,70,,33413,2551,,,2,30,,33417,2551,,,2,100,,33419,2551,,,2,99,,33420,2551,,,2,100,,33427,2551,,,2,100,,33406,2551,,,2,100,,33407,2551,,,2
7101,'SA',526,,33449,2551,,,2,30,,33446,2551,,,2,69,,33468,2551,,,2,30,,33445,2551,,,2,70,,33440,2551,,,2,30,,33450,2551,,,2,71,,33469,2551,,,2,29,,33447,2551,,,2,70,,33437,2551,,,2,30,,33451,2551,,,2,71,,33464,2551,,,2,30,,33452,2551,,,2,70,,33465,2551,,,2,30,,33453,2551,,,2,70,,33466,2551,,,2,30,,33454,2551,,,2,70,,33467,2551,,,2,30,,33455,2551,,,2,70,,33458,2551,,,2,30,,33456,2551,,,2,70,,33459,2551,,,2,30,,33457,2551,,,2,70,,33460,2551,,,2,28,,33443,2551,,,2,70,,33461,2551,,,2,76,,33448,2551,,,2,26,,33462,2551,,,2,32,,33444,2551,,,2,98,,12078,2551,,,2,100,,33442,2551,,,2,100,,33441,2551,,,2,100,,33439,2551,,,2,100,,33438,2551,,,2,100,,33463,2551,,,2
7101,'SE',448,,33481,2551,,,2,70,,33487,2551,,,2,30,,33482,2551,,,2,70,,33505,2551,,,2,30,,33472,2551,,,2,55,,33494,2551,,,2,25,,33473,2551,,,2,20,,33495,2551,,,2,62,,33507,2551,,,2,18,,33508,2551,,,2,28,,33489,2551,,,2,71,,33478,2551,,,2,29,,33503,2551,,,2,70,,33474,2551,,,2,30,,33504,2551,,,2,70,,33475,2551,,,2,30,,33480,2551,,,2,70,,33476,2551,,,2,30,,33490,2551,,,2,70,,33488,2551,,,2,30,,33491,2551,,,2,70,,33477,2551,,,2,31,,33483,2551,,,2,71,,33509,2551,,,2,31,,33506,2551,,,2,81,,33492,2551,,,2,82,,33486,2551,,,2,37,,33496,2551,,,2,72,,33484,2551,,,2,26,,33497,2551,,,2,70,,33511,2551,,,2,30,,33479,2551,,,2,69,,33512,2551,,,2,30,,33471,2551,,,2,70,,33513,2551,,,2,30,,33498,2551,,,2,70,,33514,2551,,,2,30,,33499,2551,,,2,70,,33470,2551,,,2,30,,33500,2551,,,2,68,,33510,2551,,,2
56501,'F7',838,,40723,4360,,,2
56501,'SE',838,,40724,4360,,,2
