2001,'DI',549,,26482,6591,,,2,100,,26476,6591,,,2,100,,26479,6591,,,2,100,,26483,6591,,,2,100,,26474,6591,,,2,100,,26480,6591,,,2,97,,26484,6591,,,2,103,,26485,6591,,,2,100,,26481,6591,,,2,100,,26486,6591,,,2,100,,26477,6591,,,2,97,,26489,6591,,,2,103,,26490,6591,,,2,100,,26478,6591,,,2,100,,26487,6591,,,2,100,,26475,6591,,,2,100,,26491,6591,,,2,100,,26488,6591,,,2,100,,26492,6591,,,2
2001,'F1',550,,26503,6591,,,2,100,,26511,6591,,,2,100,,26507,6591,,,2,100,,26509,6591,,,2,100,,26508,6591,,,2,100,,5794,6591,,,2,100,,26510,6591,,,2,100,,5797,6591,,,2,100,,26498,6591,,,2,100,,26499,6591,,,2,100,,26496,6591,,,2,96,,26500,6591,,,2,104,,26501,6591,,,2,104,,26502,6591,,,2,96,,26494,6591,,,2,100,,26504,6591,,,2,100,,26505,6591,,,2,100,,26495,6591,,,2,100,,26497,6591,,,2,100,,26506,6591,,,2
2001,'F2',550,,26530,6591,,,2,100,,26532,6591,,,2,100,,26525,6591,,,2,100,,26522,6591,,,2,100,,26516,6591,,,2,100,,26518,6591,,,2,100,,26517,6591,,,2,100,,26526,6591,,,2,100,,26519,6591,,,2,100,,26520,6591,,,2,100,,26531,6591,,,2,96,,26527,6591,,,2,104,,26528,6591,,,2,104,,26529,6591,,,2,96,,26514,6591,,,2,100,,26523,6591,,,2,100,,26521,6591,,,2,100,,26513,6591,,,2,100,,26533,6591,,,2,100,,26524,6591,,,2
2001,'F7',536,,26566,6591,,,2,76,,26554,6591,,,2,20,,26588,6591,,,2,16,,26544,6591,,,2,9,,26567,6591,,,2,49,,26580,6591,,,2,9,,26570,6591,,,2,9,,26557,6591,,,2,4,,26555,6591,,,2,14,,26556,6591,,,2,10,,26552,6591,,,2,48,,26574,6591,,,2,10,,26536,6591,,,2,9,,26543,6591,,,2,6,,26537,6591,,,2,14,,26558,6591,,,2,71,,26553,6591,,,2,31,,26583,6591,,,2,70,,26535,6591,,,2,31,,26577,6591,,,2,70,,26545,6591,,,2,30,,26581,6591,,,2,70,,26540,6591,,,2,30,,26573,6591,,,2,70,,26546,6591,,,2,30,,26584,6591,,,2,70,,26541,6591,,,2,30,,26572,6591,,,2,70,,26547,6591,,,2,31,,26559,6591,,,2,61,,26561,6591,,,2,17,,26549,6591,,,2,15,,26539,6591,,,2,15,,26550,6591,,,2,55,,26575,6591,,,2,17,,26562,6591,,,2,11,,26582,6591,,,2,13,,26563,6591,,,2,9,,26565,6591,,,2,52,,26560,6591,,,2,13,,26576,6591,,,2,10,,26548,6591,,,2,14,,26586,6591,,,2,13,,26564,6591,,,2,55,,26579,6591,,,2,28,,26534,6591,,,2,70,,26578,6591,,,2,30,,26587,6591,,,2,70,,26551,6591,,,2,30,,26585,6591,,,2,70,,26568,6591,,,2,100,,26542,6591,,,2,100,,26569,6591,,,2,100,,26538,6591,,,2
2001,'F8',550,,26606,6591,,,2,100,,26608,6591,,,2,100,,26601,6591,,,2,100,,26598,6591,,,2,100,,26592,6591,,,2,100,,26594,6591,,,2,100,,26593,6591,,,2,100,,26602,6591,,,2,100,,26595,6591,,,2,100,,26596,6591,,,2,100,,26607,6591,,,2,96,,26603,6591,,,2,104,,26604,6591,,,2,104,,26605,6591,,,2,96,,26590,6591,,,2,100,,26599,6591,,,2,100,,26597,6591,,,2,100,,26589,6591,,,2,100,,26609,6591,,,2,100,,26600,6591,,,2
2001,'F9',549,,26618,6591,,,2,100,,26612,6591,,,2,100,,26615,6591,,,2,100,,26619,6591,,,2,100,,26610,6591,,,2,100,,26616,6591,,,2,97,,26620,6591,,,2,103,,26621,6591,,,2,100,,26617,6591,,,2,100,,26622,6591,,,2,100,,26613,6591,,,2,97,,26625,6591,,,2,103,,26626,6591,,,2,100,,26614,6591,,,2,100,,26623,6591,,,2,100,,26611,6591,,,2,100,,26627,6591,,,2,100,,26624,6591,,,2,100,,26628,6591,,,2
2001,'SA',550,,26646,6591,,,2,100,,26648,6591,,,2,100,,5908,6591,,,2,100,,26639,6591,,,2,100,,26633,6591,,,2,100,,26635,6591,,,2,100,,26634,6591,,,2,100,,26642,6591,,,2,100,,26636,6591,,,2,100,,26637,6591,,,2,100,,26647,6591,,,2,96,,26643,6591,,,2,104,,26644,6591,,,2,104,,26645,6591,,,2,96,,26631,6591,,,2,100,,26640,6591,,,2,100,,26638,6591,,,2,100,,26630,6591,,,2,100,,26649,6591,,,2,100,,26641,6591,,,2
2001,'SE',536,,26682,6591,,,2,76,,26670,6591,,,2,20,,26704,6591,,,2,16,,26660,6591,,,2,9,,26683,6591,,,2,49,,26696,6591,,,2,9,,26686,6591,,,2,9,,26673,6591,,,2,4,,26671,6591,,,2,14,,26672,6591,,,2,10,,26668,6591,,,2,48,,26690,6591,,,2,10,,26652,6591,,,2,9,,26659,6591,,,2,6,,26653,6591,,,2,14,,26674,6591,,,2,71,,26669,6591,,,2,31,,26699,6591,,,2,70,,26651,6591,,,2,31,,26693,6591,,,2,70,,26661,6591,,,2,30,,26697,6591,,,2,70,,26656,6591,,,2,30,,26689,6591,,,2,70,,26662,6591,,,2,30,,26700,6591,,,2,70,,26657,6591,,,2,30,,26688,6591,,,2,70,,26663,6591,,,2,31,,26675,6591,,,2,61,,26677,6591,,,2,17,,26665,6591,,,2,15,,26655,6591,,,2,15,,26666,6591,,,2,55,,26691,6591,,,2,17,,26678,6591,,,2,11,,26698,6591,,,2,13,,26679,6591,,,2,9,,26681,6591,,,2,52,,26676,6591,,,2,13,,26692,6591,,,2,10,,26664,6591,,,2,14,,26702,6591,,,2,13,,26680,6591,,,2,55,,26695,6591,,,2,28,,26650,6591,,,2,70,,26694,6591,,,2,30,,26703,6591,,,2,70,,26667,6591,,,2,30,,26701,6591,,,2,70,,26684,6591,,,2,100,,26658,6591,,,2,100,,26685,6591,,,2,100,,26654,6591,,,2
57000,'F7',1624,,40725,14029,,,2
57000,'SE',1624,,40726,14029,,,2
67300,'F7',1509,,40874,6818,,,2
67300,'SE',1509,,40875,6818,,,2
