2301,'F1',609,,27490,2776,,,1,103,,27491,2776,,,1,101,,27492,2776,,,1,100,,27487,2776,,,1,103,,27483,2776,,,1,99,,27485,2776,,,1,103,,27486,2776,,,1,97,,27493,2776,,,1,99,,27484,2776,,,1,100,,27488,2776,,,1,100,,27489,2776,,,1,100,,27494,2776,,,1
2301,'F2',609,,27502,2776,,,1,103,,27503,2776,,,1,101,,27504,2776,,,1,100,,27495,2776,,,1,103,,27496,2776,,,1,99,,27498,2776,,,1,103,,27499,2776,,,1,97,,27505,2776,,,1,99,,27506,2776,,,1,100,,27501,2776,,,1,100,,27500,2776,,,1,100,,27497,2776,,,1
2301,'F7',1017,,27509,2776,,,1,100,,27507,2776,,,1,100,,27510,2776,,,1,101,,27511,2776,,,1,100,,27508,2776,,,1
2301,'F8',609,,27519,2776,,,1,103,,27520,2776,,,1,101,,27521,2776,,,1,100,,27512,2776,,,1,103,,27513,2776,,,1,99,,27515,2776,,,1,103,,27516,2776,,,1,97,,27522,2776,,,1,99,,27523,2776,,,1,100,,27518,2776,,,1,100,,27517,2776,,,1,100,,27514,2776,,,1
2301,'SA',609,,27531,2776,,,1,103,,27532,2776,,,1,101,,27533,2776,,,1,100,,27524,2776,,,1,103,,27525,2776,,,1,99,,27527,2776,,,1,103,,27528,2776,,,1,97,,27534,2776,,,1,99,,27535,2776,,,1,100,,27530,2776,,,1,100,,27529,2776,,,1,100,,27526,2776,,,1
2301,'SE',1017,,27538,2776,,,1,100,,27536,2776,,,1,100,,27539,2776,,,1,101,,27540,2776,,,1,100,,27537,2776,,,1
12301,'DI',543,,37798,17073,,,1,100,,37808,17073,,,1,100,,37799,17073,,,1,100,,37809,17073,,,1,101,,37800,17073,,,1,100,,37810,17073,,,1,100,,37801,17073,,,1,100,,37811,17073,,,1,100,,37802,17073,,,1,100,,37812,17073,,,1,100,,37803,17073,,,1,100,,37813,17073,,,1,100,,37804,17073,,,1,100,,37814,17073,,,1,100,,37805,17073,,,1,99,,37815,17073,,,1,100,,37806,17073,,,1,100,,37816,17073,,,1,100,,37807,17073,,,1,100,,37817,17073,,,1
12301,'F1',542,,37826,17073,,,1,100,,37831,17073,,,1,100,,37827,17073,,,1,100,,37832,17073,,,1,100,,37820,17073,,,1,100,,37833,17073,,,1,100,,37821,17073,,,1,100,,37818,17073,,,1,100,,37822,17073,,,1,100,,37819,17073,,,1,100,,37823,17073,,,1,100,,37824,17073,,,1,100,,37834,17073,,,1,100,,37825,17073,,,1,100,,37835,17073,,,1,100,,37828,17073,,,1,100,,37836,17073,,,1,100,,37829,17073,,,1,100,,37837,17073,,,1,100,,37830,17073,,,1
12301,'F2',542,,37840,17073,,,1,100,,37838,17073,,,1,100,,37841,17073,,,1,100,,37839,17073,,,1,100,,37842,17073,,,1,100,,37850,17073,,,1,100,,37843,17073,,,1,100,,37851,17073,,,1,100,,37844,17073,,,1,100,,37852,17073,,,1,100,,37845,17073,,,1,100,,37853,17073,,,1,100,,37846,17073,,,1,100,,37854,17073,,,1,100,,37847,17073,,,1,100,,37855,17073,,,1,100,,37848,17073,,,1,100,,37856,17073,,,1,100,,37849,17073,,,1,100,,37857,17073,,,1
12301,'F7',529,,37869,17073,,,1,30,,37879,17073,,,1,60,,37862,17073,,,1,24,,37861,17073,,,1,15,,37863,17073,,,1,66,,37864,17073,,,1,30,,37858,17073,,,1,69,,37859,17073,,,1,30,,37860,17073,,,1,68,,37880,17073,,,1,30,,37883,17073,,,1,96,,37870,17073,,,1,101,,37866,17073,,,1,100,,37876,17073,,,1,100,,37881,17073,,,1,100,,37886,17073,,,1,11,,37874,17073,,,1,66,,37887,17073,,,1,20,,37889,17073,,,1,55,,37875,17073,,,1,19,,37873,17073,,,1,6,,37884,17073,,,1,15,,37890,17073,,,1,10,,37892,17073,,,1,6,,37878,17073,,,1,64,,37877,17073,,,1,27,,37888,17073,,,1,69,,37893,17073,,,1,31,,37868,17073,,,1,66,,37865,17073,,,1,34,,37867,17073,,,1,68,,37885,17073,,,1,30,,37882,17073,,,1,98,,37891,17073,,,1,98,,37871,17073,,,1,100,,37894,17073,,,1,118,,37872,17073,,,1
12301,'F8',542,,37897,17073,,,1,100,,37895,17073,,,1,100,,37898,17073,,,1,100,,37896,17073,,,1,100,,37899,17073,,,1,100,,37907,17073,,,1,100,,37900,17073,,,1,100,,37908,17073,,,1,100,,37901,17073,,,1,100,,37909,17073,,,1,100,,37902,17073,,,1,100,,37910,17073,,,1,100,,37903,17073,,,1,100,,37911,17073,,,1,100,,37904,17073,,,1,100,,37912,17073,,,1,100,,37905,17073,,,1,100,,37913,17073,,,1,100,,37906,17073,,,1,100,,37914,17073,,,1
12301,'F9',543,,37915,17073,,,1,100,,37925,17073,,,1,100,,37916,17073,,,1,100,,37926,17073,,,1,101,,37917,17073,,,1,100,,37927,17073,,,1,100,,37918,17073,,,1,100,,37928,17073,,,1,100,,37919,17073,,,1,100,,37929,17073,,,1,100,,37920,17073,,,1,100,,37930,17073,,,1,100,,37921,17073,,,1,100,,37931,17073,,,1,100,,37922,17073,,,1,99,,37932,17073,,,1,100,,37923,17073,,,1,100,,37933,17073,,,1,100,,37924,17073,,,1,100,,37934,17073,,,1
12301,'SA',542,,37937,17073,,,1,100,,37935,17073,,,1,100,,37938,17073,,,1,100,,37936,17073,,,1,100,,37939,17073,,,1,100,,37947,17073,,,1,100,,37940,17073,,,1,100,,37948,17073,,,1,100,,37941,17073,,,1,100,,37949,17073,,,1,100,,37942,17073,,,1,100,,37950,17073,,,1,100,,37943,17073,,,1,100,,37951,17073,,,1,100,,37944,17073,,,1,100,,37952,17073,,,1,100,,37945,17073,,,1,100,,37953,17073,,,1,100,,37946,17073,,,1,100,,37954,17073,,,1
12301,'SE',529,,37966,17073,,,1,30,,37976,17073,,,1,60,,37959,17073,,,1,24,,37958,17073,,,1,15,,37960,17073,,,1,66,,37961,17073,,,1,30,,37955,17073,,,1,69,,37956,17073,,,1,30,,37957,17073,,,1,68,,37977,17073,,,1,30,,37980,17073,,,1,96,,37967,17073,,,1,101,,37963,17073,,,1,100,,37973,17073,,,1,100,,37978,17073,,,1,100,,37983,17073,,,1,11,,37971,17073,,,1,66,,37984,17073,,,1,20,,37986,17073,,,1,55,,37972,17073,,,1,19,,37970,17073,,,1,6,,37981,17073,,,1,15,,37987,17073,,,1,10,,37989,17073,,,1,6,,37975,17073,,,1,64,,37974,17073,,,1,27,,37985,17073,,,1,69,,37990,17073,,,1,31,,37965,17073,,,1,66,,37962,17073,,,1,34,,37964,17073,,,1,68,,37982,17073,,,1,30,,37979,17073,,,1,98,,37988,17073,,,1,98,,37968,17073,,,1,100,,37991,17073,,,1,118,,37969,17073,,,1
57200,'F7',1610,,40729,7143,,,2
57200,'SE',1610,,40730,7143,,,2
