1600,'DI',613,,2421,0,19,2,30,,2391,0,19,2,70,,2422,0,19,2,30,,2392,0,19,2,70,,2397,0,19,2,30,,2393,0,19,2,70,,2398,0,19,2,30,,2394,0,19,2,70,,2399,0,19,2,30,,2395,0,19,2,70,,2400,0,19,2,28,,2396,0,19,2,72,,2401,0,19,2,33,,2390,0,19,2,67,,2402,0,19,2,30,,2415,0,19,2,70,,2403,0,19,2,30,,2416,0,19,2,70,,2404,0,19,2,30,,2417,0,19,2,70,,2405,0,19,2,30,,2418,0,19,2,70,,2406,0,19,2,31,,2419,0,19,2,69,,2407,0,19,2,100,,2408,0,19,2,100,,2409,0,19,2,100,,2410,0,19,2,100,,2411,0,19,2,100,,2412,0,19,2,100,,2413,0,19,2,100,,2414,0,19,2
1600,'F1',613,,2424,0,19,2,28,,2442,0,19,2,72,,2425,0,19,2,30,,2443,0,19,2,70,,2426,0,19,2,30,,2444,0,19,2,70,,2427,0,19,2,30,,2445,0,19,2,70,,2428,0,19,2,30,,2446,0,19,2,70,,2429,0,19,2,30,,2447,0,19,2,70,,2430,0,19,2,30,,2448,0,19,2,70,,2431,0,19,2,30,,2449,0,19,2,70,,2432,0,19,2,30,,2450,0,19,2,70,,2433,0,19,2,30,,2451,0,19,2,70,,2435,0,19,2,27,,2452,0,19,2,73,,2436,0,19,2,35,,2434,0,19,2,65,,2437,0,19,2,100,,2438,0,19,2,100,,2439,0,19,2,100,,2440,0,19,2,100,,2441,0,19,2,100,,2453,0,19,2,100,,2454,0,19,2,100,,2455,0,19,2
1600,'SA',613,,2457,0,19,2,28,,2475,0,19,2,72,,2458,0,19,2,30,,2476,0,19,2,70,,2459,0,19,2,30,,2477,0,19,2,70,,2460,0,19,2,30,,2478,0,19,2,70,,2461,0,19,2,30,,2479,0,19,2,70,,2462,0,19,2,30,,2480,0,19,2,70,,2463,0,19,2,30,,2481,0,19,2,70,,2464,0,19,2,30,,2482,0,19,2,70,,2465,0,19,2,30,,2483,0,19,2,70,,2466,0,19,2,30,,2484,0,19,2,70,,2468,0,19,2,27,,2485,0,19,2,73,,2469,0,19,2,35,,2467,0,19,2,65,,2470,0,19,2,100,,2471,0,19,2,100,,2472,0,19,2,100,,2473,0,19,2,100,,2474,0,19,2,100,,2486,0,19,2,100,,2487,0,19,2,100,,2488,0,19,2
1600,'SE',545,,2502,0,19,2,68,,2509,0,19,2,12,,2492,0,19,2,13,,2505,0,19,2,19,,2511,0,19,2,51,,2491,0,19,2,11,,2494,0,19,2,10,,2493,0,19,2,6,,2510,0,19,2,9,,2506,0,19,2,15,,2542,0,19,2,55,,2546,0,19,2,29,,2490,0,19,2,70,,2530,0,19,2,30,,2535,0,19,2,70,,2504,0,19,2,30,,2501,0,19,2,70,,2544,0,19,2,30,,2507,0,19,2,70,,2543,0,19,2,30,,2536,0,19,2,70,,2489,0,19,2,30,,2537,0,19,2,70,,2496,0,19,2,19,,2531,0,19,2,16,,2497,0,19,2,55,,2520,0,19,2,15,,2524,0,19,2,15,,2539,0,19,2,15,,2522,0,19,2,52,,2550,0,19,2,13,,2545,0,19,2,12,,2526,0,19,2,12,,2527,0,19,2,12,,2499,0,19,2,52,,2523,0,19,2,12,,2528,0,19,2,12,,2521,0,19,2,12,,2498,0,19,2,13,,2538,0,19,2,54,,2525,0,19,2,20,,2529,0,19,2,20,,2495,0,19,2,69,,2513,0,19,2,30,,2547,0,19,2,70,,2514,0,19,2,30,,2548,0,19,2,70,,2515,0,19,2,30,,2549,0,19,2,70,,2516,0,19,2,100,,2517,0,19,2,100,,2518,0,19,2,99,,2519,0,19,2
2900,'DI',733,,4004,0,29 30,1,100,,4005,0,29 30,1,100,,4006,0,29 30,1,100,,4007,0,29 30,1,100,,4008,0,29 30,1,100,,4009,0,29 30,1,100,,4010,0,29 30,1,100,,4011,0,29 30,1,100,,4012,0,29 30,1,100,,4013,0,29 30,1,100,,4014,0,29 30,1,100,,4015,0,29 30,1,100,,4016,0,29 30,1,100,,4017,0,29 30,1,100,,4018,0,29 30,1,100,,4019,0,29 30,1,100,,4020,0,29 30,1,120,,4021,0,29 30,1
2900,'F1',732,,4031,0,29 30,1,100,,4032,0,29 30,1,100,,4033,0,29 30,1,100,,4034,0,29 30,1,100,,4035,0,29 30,1,100,,4036,0,29 30,1,100,,4037,0,29 30,1,99,,4038,0,29 30,1,99,,4039,0,29 30,1,99,,4040,0,29 30,1,108,,4022,0,29 30,1,99,,4023,0,29 30,1,97,,4024,0,29 30,1,99,,4025,0,29 30,1,100,,4026,0,29 30,1,100,,4027,0,29 30,1,100,,4028,0,29 30,1,120,,4029,0,29 30,1
2900,'SA',732,,4050,0,29 30,1,100,,4051,0,29 30,1,100,,4052,0,29 30,1,100,,4053,0,29 30,1,100,,4054,0,29 30,1,100,,4055,0,29 30,1,100,,4056,0,29 30,1,99,,4057,0,29 30,1,99,,4058,0,29 30,1,99,,4059,0,29 30,1,108,,4041,0,29 30,1,99,,4042,0,29 30,1,97,,4043,0,29 30,1,99,,4044,0,29 30,1,100,,4045,0,29 30,1,100,,4046,0,29 30,1,100,,4047,0,29 30,1,120,,4048,0,29 30,1
2900,'SE',657,,4073,0,29 30,1,67,,4064,0,29 30,1,30,,4061,0,29 30,1,75,,4071,0,29 30,1,103,,4068,0,29 30,1,100,,4062,0,29 30,1,100,,4063,0,29 30,1,100,,4085,0,29 30,1,100,,4060,0,29 30,1,97,,4084,0,29 30,1,73,,4086,0,29 30,1,26,,4083,0,29 30,1,74,,4074,0,29 30,1,20,,4067,0,29 30,1,28,,4082,0,29 30,1,53,,4081,0,29 30,1,31,,4072,0,29 30,1,68,,4075,0,29 30,1,30,,4065,0,29 30,1,100,,4066,0,29 30,1,100,,4076,0,29 30,1,100,,4077,0,29 30,1,100,,4078,0,29 30,1,100,,4079,0,29 30,1,120,,4080,0,29 30,1
7100,'DI',603,,6538,,,2,30,,6526,,,2,70,,6541,,,2,30,,6545,,,2,70,,6543,,,2,30,,6527,,,2,71,,6542,,,2,29,,6521,,,2,70,,6517,,,2,30,,6522,,,2,70,,6534,,,2,30,,6523,,,2,70,,6531,,,2,35,,6539,,,2,65,,6544,,,2,30,,6540,,,2,70,,6532,,,2,30,,6518,,,2,70,,6530,,,2,30,,6524,,,2,70,,6537,,,2,30,,6525,,,2,68,,6528,,,2,32,,6519,,,2,70,,6529,,,2,30,,6520,,,2,100,,6533,,,2,100,,6547,,,2,100,,6516,,,2,100,,6535,,,2,100,,6536,,,2,100,,6546,,,2
7100,'F1',603,,6563,,,2,30,,6549,,,2,70,,6550,,,2,30,,6565,,,2,71,,6564,,,2,29,,6575,,,2,70,,6551,,,2,30,,6576,,,2,70,,6578,,,2,30,,6577,,,2,70,,6553,,,2,30,,6569,,,2,70,,6554,,,2,30,,6570,,,2,70,,6555,,,2,30,,6571,,,2,70,,6556,,,2,30,,6572,,,2,70,,6557,,,2,30,,6579,,,2,70,,6558,,,2,28,,6580,,,2,70,,6559,,,2,36,,6573,,,2,66,,6560,,,2,32,,6574,,,2,98,,6567,,,2,100,,6552,,,2,100,,6561,,,2,100,,6562,,,2,100,,6548,,,2,100,,6566,,,2,100,,6568,,,2
7100,'SA',603,,6596,,,2,30,,6582,,,2,70,,6583,,,2,30,,6598,,,2,71,,6597,,,2,29,,6608,,,2,70,,6584,,,2,30,,6609,,,2,70,,6611,,,2,30,,6610,,,2,70,,6586,,,2,30,,6602,,,2,70,,6587,,,2,30,,6603,,,2,70,,6588,,,2,30,,6604,,,2,70,,6589,,,2,30,,6605,,,2,70,,6590,,,2,30,,6612,,,2,70,,6591,,,2,28,,6613,,,2,70,,6592,,,2,36,,6606,,,2,66,,6593,,,2,32,,6607,,,2,98,,6600,,,2,100,,6585,,,2,100,,6594,,,2,100,,6595,,,2,100,,6581,,,2,100,,6599,,,2,100,,6601,,,2
7100,'SE',526,,6620,,,2,100,,6622,,,2,78,,6617,,,2,41,,6644,,,2,86,,6637,,,2,71,,6621,,,2,29,,6652,,,2,70,,6614,,,2,30,,6638,,,2,70,,6650,,,2,30,,6639,,,2,70,,6651,,,2,30,,6640,,,2,70,,6627,,,2,30,,6645,,,2,70,,6628,,,2,31,,6646,,,2,70,,6649,,,2,31,,6623,,,2,20,,6615,,,2,60,,6625,,,2,26,,6643,,,2,17,,6626,,,2,58,,6624,,,2,19,,6641,,,2,72,,6653,,,2,28,,6642,,,2,70,,6629,,,2,30,,6618,,,2,70,,6630,,,2,30,,6619,,,2,70,,6631,,,2,30,,6616,,,2,70,,6632,,,2,30,,6647,,,2,70,,6633,,,2,30,,6635,,,2,69,,6634,,,2,30,,6636,,,2,70,,6648,,,2
