3800,'DI',705,,28912,8469,,,1,100,,28918,8469,,,1,100,,28916,8469,,,1,101,,28910,8469,,,1,96,,28919,8469,,,1,100,,28907,8469,,,1,103,,28923,8469,,,1,100,,28911,8469,,,1,100,,28917,8469,,,1,101,,28920,8469,,,1,104,,28908,8469,,,1,101,,28913,8469,,,1,97,,28914,8469,,,1,100,,28909,8469,,,1,99,,28921,8469,,,1,101,,28915,8469,,,1,100,,28922,8469,,,1,100,,28924,8469,,,1
3800,'F1',605,,28941,8469,,,1,100,,28942,8469,,,1,100,,28925,8469,,,1,100,,28943,8469,,,1,100,,28927,8469,,,1,100,,28929,8469,,,1,100,,28928,8469,,,1,104,,28930,8469,,,1,100,,28934,8469,,,1,100,,28931,8469,,,1,102,,28935,8469,,,1,100,,28932,8469,,,1,100,,28936,8469,,,1,97,,28933,8469,,,1,100,,28926,8469,,,1,99,,28937,8469,,,1,100,,28939,8469,,,1,101,,28938,8469,,,1,99,,28940,8469,,,1
3800,'F2',605,,28949,8469,,,1,100,,28946,8469,,,1,100,,28956,8469,,,1,100,,28950,8469,,,1,100,,28957,8469,,,1,100,,28951,8469,,,1,100,,28958,8469,,,1,104,,28952,8469,,,1,100,,28959,8469,,,1,100,,28953,8469,,,1,102,,28947,8469,,,1,100,,28954,8469,,,1,100,,28948,8469,,,1,97,,28955,8469,,,1,100,,28944,8469,,,1,99,,28960,8469,,,1,100,,28945,8469,,,1,101,,28961,8469,,,1,99,,28962,8469,,,1
3800,'F7',621,,28984,8469,,,1,21,,28970,8469,,,1,58,,28979,8469,,,1,18,,28971,8469,,,1,24,,28981,8469,,,1,12,,28972,8469,,,1,60,,28991,8469,,,1,24,,28982,8469,,,1,69,,28964,8469,,,1,18,,28980,8469,,,1,17,,28986,8469,,,1,70,,28967,8469,,,1,44,,28987,8469,,,1,100,,28990,8469,,,1,100,,28974,8469,,,1,101,,28992,8469,,,1,95,,28975,8469,,,1,67,,28976,8469,,,1,32,,28963,8469,,,1,70,,28985,8469,,,1,30,,28988,8469,,,1,73,,28965,8469,,,1,26,,28973,8469,,,1,65,,28989,8469,,,1,94,,28969,8469,,,1,100,,28978,8469,,,1,99,,28983,8469,,,1,99,,28977,8469,,,1,100,,28966,8469,,,1,100,,28968,8469,,,1
3800,'F8',605,,28998,8469,,,1,100,,28995,8469,,,1,100,,29005,8469,,,1,100,,28999,8469,,,1,100,,29006,8469,,,1,100,,29000,8469,,,1,100,,29007,8469,,,1,104,,29001,8469,,,1,100,,29008,8469,,,1,100,,29002,8469,,,1,102,,28996,8469,,,1,100,,29003,8469,,,1,100,,28997,8469,,,1,97,,29004,8469,,,1,100,,28993,8469,,,1,99,,29009,8469,,,1,100,,28994,8469,,,1,101,,29010,8469,,,1,99,,29011,8469,,,1
3800,'F9',705,,29017,8469,,,1,100,,29023,8469,,,1,100,,29021,8469,,,1,101,,29015,8469,,,1,96,,29024,8469,,,1,100,,29012,8469,,,1,103,,29028,8469,,,1,100,,29016,8469,,,1,100,,29022,8469,,,1,101,,29025,8469,,,1,104,,29013,8469,,,1,101,,29018,8469,,,1,97,,29019,8469,,,1,100,,29014,8469,,,1,99,,29026,8469,,,1,101,,29020,8469,,,1,100,,29027,8469,,,1,100,,29029,8469,,,1
3800,'SA',605,,29035,8469,,,1,100,,29032,8469,,,1,100,,29042,8469,,,1,100,,29036,8469,,,1,100,,29043,8469,,,1,100,,29037,8469,,,1,100,,29044,8469,,,1,104,,29038,8469,,,1,100,,29045,8469,,,1,100,,29039,8469,,,1,102,,29033,8469,,,1,100,,29040,8469,,,1,100,,29034,8469,,,1,97,,29041,8469,,,1,100,,29030,8469,,,1,99,,29046,8469,,,1,100,,29031,8469,,,1,101,,29047,8469,,,1,99,,29048,8469,,,1
3800,'SE',621,,29070,8469,,,1,21,,29056,8469,,,1,58,,29065,8469,,,1,18,,29057,8469,,,1,24,,29067,8469,,,1,12,,29058,8469,,,1,60,,29077,8469,,,1,24,,29068,8469,,,1,69,,29050,8469,,,1,18,,29066,8469,,,1,17,,29072,8469,,,1,70,,29053,8469,,,1,44,,29073,8469,,,1,100,,29076,8469,,,1,100,,29060,8469,,,1,101,,29078,8469,,,1,95,,29061,8469,,,1,67,,29062,8469,,,1,32,,29049,8469,,,1,70,,29071,8469,,,1,30,,29074,8469,,,1,73,,29051,8469,,,1,26,,29059,8469,,,1,65,,29075,8469,,,1,94,,29055,8469,,,1,100,,29064,8469,,,1,99,,29069,8469,,,1,99,,29063,8469,,,1,100,,29052,8469,,,1,100,,29054,8469,,,1
4101,'DI',751,,29270,10064,,,1,100,,29274,10064,,,1,101,,29264,10064,,,1,100,,29260,10064,,,1,100,,29271,10064,,,1,100,,29261,10064,,,1,101,,29272,10064,,,1,100,,29265,10064,,,1,100,,29257,10064,,,1,102,,29262,10064,,,1,98,,29266,10064,,,1,100,,29258,10064,,,1,98,,29267,10064,,,1,99,,29259,10064,,,1,100,,29263,10064,,,1,99,,29268,10064,,,1,100,,29273,10064,,,1,100,,29269,10064,,,1,100,,29275,10064,,,1
4101,'F1',751,,29292,10064,,,1,100,,29294,10064,,,1,101,,29279,10064,,,1,101,,29288,10064,,,1,99,,29276,10064,,,1,100,,29289,10064,,,1,101,,29277,10064,,,1,100,,29290,10064,,,1,100,,29280,10064,,,1,100,,29285,10064,,,1,100,,29281,10064,,,1,100,,29286,10064,,,1,98,,29282,10064,,,1,99,,29291,10064,,,1,100,,29283,10064,,,1,99,,29293,10064,,,1,100,,29287,10064,,,1,100,,29278,10064,,,1,100,,29284,10064,,,1
4101,'F2',751,,29298,10064,,,1,100,,29311,10064,,,1,101,,29299,10064,,,1,101,,29304,10064,,,1,99,,29312,10064,,,1,100,,29305,10064,,,1,101,,29300,10064,,,1,100,,29306,10064,,,1,100,,29301,10064,,,1,100,,29297,10064,,,1,100,,29302,10064,,,1,100,,29295,10064,,,1,98,,29307,10064,,,1,99,,29296,10064,,,1,100,,29313,10064,,,1,99,,29308,10064,,,1,100,,29303,10064,,,1,100,,29309,10064,,,1,100,,29310,10064,,,1
4101,'F7',721,,29314,10064,,,1,30,,29331,10064,,,1,70,,29325,10064,,,1,36,,29326,10064,,,1,65,,29332,10064,,,1,30,,29333,10064,,,1,100,,29328,10064,,,1,100,,29334,10064,,,1,100,,29329,10064,,,1,100,,29318,10064,,,1,101,,29337,10064,,,1,75,,29338,10064,,,1,25,,29335,10064,,,1,69,,29321,10064,,,1,37,,29327,10064,,,1,66,,29316,10064,,,1,27,,29319,10064,,,1,71,,29339,10064,,,1,29,,29324,10064,,,1,100,,29315,10064,,,1,98,,29330,10064,,,1,100,,29317,10064,,,1,99,,29322,10064,,,1,100,,29336,10064,,,1,100,,29323,10064,,,1,100,,29320,10064,,,1
4101,'F8',751,,29343,10064,,,1,100,,29356,10064,,,1,101,,29344,10064,,,1,101,,29349,10064,,,1,99,,29357,10064,,,1,100,,29350,10064,,,1,101,,29345,10064,,,1,100,,29351,10064,,,1,100,,29346,10064,,,1,100,,29342,10064,,,1,100,,29347,10064,,,1,100,,29340,10064,,,1,98,,29352,10064,,,1,99,,29341,10064,,,1,100,,29358,10064,,,1,99,,29353,10064,,,1,100,,29348,10064,,,1,100,,29354,10064,,,1,100,,29355,10064,,,1
4101,'F9',751,,29372,10064,,,1,100,,29376,10064,,,1,101,,29366,10064,,,1,100,,29362,10064,,,1,100,,29373,10064,,,1,100,,29363,10064,,,1,101,,29374,10064,,,1,100,,29367,10064,,,1,100,,29359,10064,,,1,102,,29364,10064,,,1,98,,29368,10064,,,1,100,,29360,10064,,,1,98,,29369,10064,,,1,99,,29361,10064,,,1,100,,29365,10064,,,1,99,,29370,10064,,,1,100,,29375,10064,,,1,100,,29371,10064,,,1,100,,29377,10064,,,1
4101,'SA',751,,29381,10064,,,1,100,,29394,10064,,,1,101,,29382,10064,,,1,101,,29387,10064,,,1,99,,29395,10064,,,1,100,,29388,10064,,,1,101,,29383,10064,,,1,100,,29389,10064,,,1,100,,29384,10064,,,1,100,,29380,10064,,,1,100,,29385,10064,,,1,100,,29378,10064,,,1,98,,29390,10064,,,1,99,,29379,10064,,,1,100,,29396,10064,,,1,99,,29391,10064,,,1,100,,29386,10064,,,1,100,,29392,10064,,,1,100,,29393,10064,,,1
4101,'SE',721,,29397,10064,,,1,30,,29414,10064,,,1,70,,29408,10064,,,1,36,,29409,10064,,,1,65,,29415,10064,,,1,30,,29416,10064,,,1,100,,29411,10064,,,1,100,,29417,10064,,,1,100,,29412,10064,,,1,100,,29401,10064,,,1,101,,29420,10064,,,1,75,,29421,10064,,,1,25,,29418,10064,,,1,69,,29404,10064,,,1,37,,29410,10064,,,1,66,,29399,10064,,,1,27,,29402,10064,,,1,71,,29422,10064,,,1,29,,29407,10064,,,1,100,,29398,10064,,,1,98,,29413,10064,,,1,100,,29400,10064,,,1,99,,29405,10064,,,1,100,,29419,10064,,,1,100,,29406,10064,,,1,100,,29403,10064,,,1
4201,'DI',559,,29629,8632,,,1,100,,29630,8632,,,1,100,,29631,8632,,,1,100,,29632,8632,,,1,100,,29633,8632,,,1,100,,29634,8632,,,1,100,,29635,8632,,,1,100,,29636,8632,,,1,100,,29637,8632,,,1,100,,29638,8632,,,1,100,,29639,8632,,,1,100,,29640,8632,,,1,100,,29641,8632,,,1,100,,29642,8632,,,1,99,,29643,8632,,,1,100,,29644,8632,,,1,100,,29645,8632,,,1,100,,29646,8632,,,1,100,,29647,8632,,,1,100,,29648,8632,,,1
4201,'F1',559,,29649,8632,,,1,100,,29650,8632,,,1,100,,29651,8632,,,1,100,,29652,8632,,,1,100,,29653,8632,,,1,100,,29654,8632,,,1,100,,29655,8632,,,1,100,,29656,8632,,,1,100,,29657,8632,,,1,100,,29658,8632,,,1,100,,29659,8632,,,1,100,,29660,8632,,,1,100,,29661,8632,,,1,100,,29662,8632,,,1,99,,29663,8632,,,1,100,,29664,8632,,,1,100,,29665,8632,,,1,100,,29666,8632,,,1,100,,29667,8632,,,1,100,,29668,8632,,,1
4201,'F2',559,,29685,8632,,,1,100,,29686,8632,,,1,100,,29687,8632,,,1,100,,29688,8632,,,1,100,,29669,8632,,,1,100,,29670,8632,,,1,100,,29671,8632,,,1,100,,29672,8632,,,1,100,,29673,8632,,,1,100,,29674,8632,,,1,100,,29675,8632,,,1,100,,29676,8632,,,1,100,,29677,8632,,,1,100,,29678,8632,,,1,99,,29679,8632,,,1,100,,29680,8632,,,1,100,,29681,8632,,,1,100,,29682,8632,,,1,100,,29683,8632,,,1,100,,29684,8632,,,1
4201,'F7',529,,29693,8632,,,1,20,,29719,8632,,,1,70,,29698,8632,,,1,21,,29716,8632,,,1,14,,29717,8632,,,1,54,,29694,8632,,,1,14,,29699,8632,,,1,14,,29718,8632,,,1,14,,29701,8632,,,1,54,,29697,8632,,,1,23,,29695,8632,,,1,74,,29702,8632,,,1,37,,29733,8632,,,1,70,,29734,8632,,,1,30,,29696,8632,,,1,70,,29724,8632,,,1,30,,29700,8632,,,1,70,,29729,8632,,,1,30,,29703,8632,,,1,70,,29730,8632,,,1,30,,29689,8632,,,1,70,,29706,8632,,,1,30,,29704,8632,,,1,70,,29720,8632,,,1,4,,29721,8632,,,1,2,,29692,8632,,,1,2,,29723,8632,,,1,22,,29732,8632,,,1,70,,29707,8632,,,1,30,,29727,8632,,,1,68,,29725,8632,,,1,24,,29731,8632,,,1,17,,29728,8632,,,1,67,,29726,8632,,,1,29,,29722,8632,,,1,65,,29705,8632,,,1,35,,29708,8632,,,1,70,,29712,8632,,,1,30,,29709,8632,,,1,70,,29713,8632,,,1,29,,29710,8632,,,1,69,,29714,8632,,,1,30,,29711,8632,,,1,70,,29715,8632,,,1,90,,29690,8632,,,1,100,,29691,8632,,,1
4201,'F8',559,,29751,8632,,,1,100,,29752,8632,,,1,100,,29753,8632,,,1,100,,29754,8632,,,1,100,,29735,8632,,,1,100,,29736,8632,,,1,100,,29737,8632,,,1,100,,29738,8632,,,1,100,,29739,8632,,,1,100,,29740,8632,,,1,100,,29741,8632,,,1,100,,29742,8632,,,1,100,,29743,8632,,,1,100,,29744,8632,,,1,99,,29745,8632,,,1,100,,29746,8632,,,1,100,,29747,8632,,,1,100,,29748,8632,,,1,100,,29749,8632,,,1,100,,29750,8632,,,1
4201,'F9',559,,29755,8632,,,1,100,,29756,8632,,,1,100,,29757,8632,,,1,100,,29758,8632,,,1,100,,29759,8632,,,1,100,,29760,8632,,,1,100,,29761,8632,,,1,100,,29762,8632,,,1,100,,29763,8632,,,1,100,,29764,8632,,,1,100,,29765,8632,,,1,100,,29766,8632,,,1,100,,29767,8632,,,1,100,,29768,8632,,,1,99,,29769,8632,,,1,100,,29770,8632,,,1,100,,29771,8632,,,1,100,,29772,8632,,,1,100,,29773,8632,,,1,100,,29774,8632,,,1
4201,'SA',559,,29791,8632,,,1,100,,29792,8632,,,1,100,,29793,8632,,,1,100,,29794,8632,,,1,100,,29775,8632,,,1,100,,29776,8632,,,1,100,,29777,8632,,,1,100,,29778,8632,,,1,100,,29779,8632,,,1,100,,29780,8632,,,1,100,,29781,8632,,,1,100,,29782,8632,,,1,100,,29783,8632,,,1,100,,29784,8632,,,1,99,,29785,8632,,,1,100,,29786,8632,,,1,100,,29787,8632,,,1,100,,29788,8632,,,1,100,,29789,8632,,,1,100,,29790,8632,,,1
4201,'SE',529,,29799,8632,,,1,20,,29825,8632,,,1,70,,29804,8632,,,1,21,,29822,8632,,,1,14,,29823,8632,,,1,54,,29800,8632,,,1,14,,29805,8632,,,1,14,,29824,8632,,,1,14,,29807,8632,,,1,54,,29803,8632,,,1,23,,29801,8632,,,1,74,,29808,8632,,,1,37,,29839,8632,,,1,70,,29840,8632,,,1,30,,29802,8632,,,1,70,,29830,8632,,,1,30,,29806,8632,,,1,70,,29835,8632,,,1,30,,29809,8632,,,1,70,,29836,8632,,,1,30,,29795,8632,,,1,70,,29812,8632,,,1,30,,29810,8632,,,1,70,,29826,8632,,,1,4,,29827,8632,,,1,2,,29798,8632,,,1,2,,29829,8632,,,1,22,,29838,8632,,,1,70,,29813,8632,,,1,30,,29833,8632,,,1,68,,29831,8632,,,1,24,,29837,8632,,,1,17,,29834,8632,,,1,67,,29832,8632,,,1,29,,29828,8632,,,1,65,,29811,8632,,,1,35,,29814,8632,,,1,70,,29818,8632,,,1,30,,29815,8632,,,1,70,,29819,8632,,,1,29,,29816,8632,,,1,69,,29820,8632,,,1,30,,29817,8632,,,1,70,,29821,8632,,,1,90,,29796,8632,,,1,100,,29797,8632,,,1
5001,'DI',705,,31443,10659,,,2,102,,31428,10659,,,2,100,,31436,10659,,,2,100,,31434,10659,,,2,103,,31435,10659,,,2,94,,31437,10659,,,2,103,,31438,10659,,,2,103,,31439,10659,,,2,97,,31427,10659,,,2,96,,31440,10659,,,2,103,,31425,10659,,,2,106,,31424,10659,,,2,95,,31433,10659,,,2,100,,31426,10659,,,2,100,,31429,10659,,,2,100,,31431,10659,,,2,100,,31441,10659,,,2,100,,31430,10659,,,2,100,,31432,10659,,,2
5001,'F1',707,,31455,10659,,,2,98,,31449,10659,,,2,102,,31460,10659,,,2,97,,31445,10659,,,2,103,,31446,10659,,,2,96,,31462,10659,,,2,102,,31461,10659,,,2,98,,31444,10659,,,2,99,,31456,10659,,,2,103,,31457,10659,,,2,103,,31458,10659,,,2,103,,31459,10659,,,2,96,,31447,10659,,,2,100,,31453,10659,,,2,100,,31450,10659,,,2,100,,31463,10659,,,2,97,,31451,10659,,,2,103,,31452,10659,,,2,101,,31454,10659,,,2
5001,'F2',707,,31470,10659,,,2,98,,31469,10659,,,2,102,,31474,10659,,,2,97,,31478,10659,,,2,103,,31479,10659,,,2,96,,31483,10659,,,2,102,,31480,10659,,,2,98,,31464,10659,,,2,99,,31465,10659,,,2,103,,31466,10659,,,2,103,,31467,10659,,,2,103,,31468,10659,,,2,96,,31471,10659,,,2,100,,31482,10659,,,2,100,,31481,10659,,,2,100,,31472,10659,,,2,97,,31475,10659,,,2,103,,31476,10659,,,2,101,,31477,10659,,,2
5001,'F7',558,,31489,10659,,,2,70,,31493,10659,,,2,30,,31495,10659,,,2,72,,31498,10659,,,2,70,,31494,10659,,,2,30,,31490,10659,,,2,70,,31496,10659,,,2,30,,31499,10659,,,2,27,,31507,10659,,,2,100,,31510,10659,,,2,100,,31497,10659,,,2,100,,31492,10659,,,2,100,,31500,10659,,,2,99,,31484,10659,,,2,102,,31501,10659,,,2,68,,31511,10659,,,2,33,,31488,10659,,,2,74,,31512,10659,,,2,26,,31502,10659,,,2,70,,31485,10659,,,2,30,,31508,10659,,,2,98,,31509,10659,,,2,100,,31486,10659,,,2,100,,31503,10659,,,2,100,,31487,10659,,,2,100,,31504,10659,,,2,100,,31505,10659,,,2
5001,'F8',707,,31519,10659,,,2,98,,31518,10659,,,2,102,,31523,10659,,,2,97,,31527,10659,,,2,103,,31528,10659,,,2,96,,31532,10659,,,2,102,,31529,10659,,,2,98,,31513,10659,,,2,99,,31514,10659,,,2,103,,31515,10659,,,2,103,,31516,10659,,,2,103,,31517,10659,,,2,96,,31520,10659,,,2,100,,31531,10659,,,2,100,,31530,10659,,,2,100,,31521,10659,,,2,97,,31524,10659,,,2,103,,31525,10659,,,2,101,,31526,10659,,,2
5001,'F9',705,,31552,10659,,,2,102,,31537,10659,,,2,100,,31545,10659,,,2,100,,31543,10659,,,2,103,,31544,10659,,,2,94,,31546,10659,,,2,103,,31547,10659,,,2,103,,31548,10659,,,2,97,,31536,10659,,,2,96,,31549,10659,,,2,103,,31534,10659,,,2,106,,31533,10659,,,2,95,,31542,10659,,,2,100,,31535,10659,,,2,100,,31538,10659,,,2,100,,31540,10659,,,2,100,,31550,10659,,,2,100,,31539,10659,,,2,100,,31541,10659,,,2
5001,'SA',707,,31559,10659,,,2,98,,31558,10659,,,2,102,,31563,10659,,,2,97,,31567,10659,,,2,103,,31568,10659,,,2,96,,31572,10659,,,2,102,,31569,10659,,,2,98,,31553,10659,,,2,99,,31554,10659,,,2,103,,31555,10659,,,2,103,,31556,10659,,,2,103,,31557,10659,,,2,96,,31560,10659,,,2,100,,31571,10659,,,2,100,,31570,10659,,,2,100,,31561,10659,,,2,97,,31564,10659,,,2,103,,31565,10659,,,2,101,,31566,10659,,,2
5001,'SE',558,,31578,10659,,,2,70,,31582,10659,,,2,30,,31584,10659,,,2,72,,31587,10659,,,2,70,,31583,10659,,,2,30,,31579,10659,,,2,70,,31585,10659,,,2,30,,31588,10659,,,2,27,,31596,10659,,,2,100,,31599,10659,,,2,100,,31586,10659,,,2,100,,31581,10659,,,2,100,,31589,10659,,,2,99,,31573,10659,,,2,102,,31590,10659,,,2,68,,31600,10659,,,2,33,,31577,10659,,,2,74,,31601,10659,,,2,26,,31591,10659,,,2,70,,31574,10659,,,2,30,,31597,10659,,,2,98,,31598,10659,,,2,100,,31575,10659,,,2,100,,31592,10659,,,2,100,,31576,10659,,,2,100,,31593,10659,,,2,100,,31594,10659,,,2
6001,'F7',604,,32249,10004,,,1,22,,32246,10004,,,1,21,,32240,10004,,,1,68,,32250,10004,,,1,29,,32242,10004,,,1,68,,32251,10004,,,1,26,,32259,10004,,,1,13,,32260,10004,,,1,72,,32252,10004,,,1,100,,32258,10004,,,1,100,,32247,10004,,,1,100,,32253,10004,,,1,101,,32248,10004,,,1,100,,32266,10004,,,1,101,,32261,10004,,,1,99,,32262,10004,,,1,30,,32257,10004,,,1,67,,32254,10004,,,1,24,,32255,10004,,,1,67,,32244,10004,,,1,29,,32263,10004,,,1,69,,32256,10004,,,1,48,,32264,10004,,,1,100,,32243,10004,,,1,99,,32265,10004,,,1,100,,32241,10004,,,1,95,,32245,10004,,,1
6001,'SE',604,,32276,10004,,,1,22,,32273,10004,,,1,21,,32267,10004,,,1,68,,32277,10004,,,1,29,,32269,10004,,,1,68,,32278,10004,,,1,26,,32286,10004,,,1,13,,32287,10004,,,1,72,,32279,10004,,,1,100,,32285,10004,,,1,100,,32274,10004,,,1,100,,32280,10004,,,1,101,,32275,10004,,,1,100,,32293,10004,,,1,101,,32288,10004,,,1,99,,32289,10004,,,1,30,,32284,10004,,,1,67,,32281,10004,,,1,24,,32282,10004,,,1,67,,32271,10004,,,1,29,,32290,10004,,,1,69,,32283,10004,,,1,48,,32291,10004,,,1,100,,32270,10004,,,1,99,,32292,10004,,,1,100,,32268,10004,,,1,95,,32272,10004,,,1
16001,'DI',620,,38498,16398,,,1,99,,38493,16398,,,1,100,,38499,16398,,,1,100,,38502,16398,,,1,100,,38505,16398,,,1,100,,38500,16398,,,1,100,,38506,16398,,,1,100,,38497,16398,,,1,100,,38507,16398,,,1,100,,38495,16398,,,1,100,,38492,16398,,,1,100,,38503,16398,,,1,100,,38501,16398,,,1,100,,38508,16398,,,1,100,,38504,16398,,,1,103,,38496,16398,,,1,97,,38494,16398,,,1
16001,'F1',621,,38514,16398,,,1,99,,38513,16398,,,1,99,,38518,16398,,,1,100,,38511,16398,,,1,99,,38510,16398,,,1,101,,38515,16398,,,1,100,,38519,16398,,,1,100,,16717,16398,,,1,100,,38516,16398,,,1,100,,38509,16398,,,1,100,,16718,16398,,,1,100,,38512,16398,,,1,100,,38517,16398,,,1,101,,16719,16398,,,1,99,,38520,16398,,,1,103,,16720,16398,,,1,97,,38521,16398,,,1
16001,'F2',621,,38530,16398,,,1,99,,38528,16398,,,1,99,,38526,16398,,,1,100,,38531,16398,,,1,99,,38525,16398,,,1,101,,38522,16398,,,1,100,,38529,16398,,,1,100,,38535,16398,,,1,100,,38523,16398,,,1,100,,38527,16398,,,1,100,,38536,16398,,,1,100,,38532,16398,,,1,100,,38524,16398,,,1,101,,38537,16398,,,1,99,,38533,16398,,,1,103,,38538,16398,,,1,97,,38534,16398,,,1
16001,'F7',633,,38542,16398,,,1,68,,38543,16398,,,1,29,,38547,16398,,,1,28,,38549,16398,,,1,63,,38559,16398,,,1,23,,38561,16398,,,1,66,,38546,16398,,,1,43,,38560,16398,,,1,99,,38557,16398,,,1,93,,38545,16398,,,1,100,,38548,16398,,,1,100,,38550,16398,,,1,100,,38544,16398,,,1,99,,38562,16398,,,1,93,,38540,16398,,,1,97,,38551,16398,,,1,70,,38539,16398,,,1,26,,38552,16398,,,1,25,,38563,16398,,,1,65,,38541,16398,,,1,99,,38553,16398,,,1,100,,38556,16398,,,1,101,,38554,16398,,,1,100,,38558,16398,,,1,90,,38555,16398,,,1
16001,'F8',621,,38572,16398,,,1,99,,38570,16398,,,1,99,,38568,16398,,,1,100,,38573,16398,,,1,99,,38567,16398,,,1,101,,38564,16398,,,1,100,,38571,16398,,,1,100,,38577,16398,,,1,100,,38565,16398,,,1,100,,38569,16398,,,1,100,,38578,16398,,,1,100,,38574,16398,,,1,100,,38566,16398,,,1,101,,38579,16398,,,1,99,,38575,16398,,,1,103,,38580,16398,,,1,97,,38576,16398,,,1
16001,'F9',620,,38587,16398,,,1,99,,38582,16398,,,1,100,,38588,16398,,,1,100,,38591,16398,,,1,100,,38594,16398,,,1,100,,38589,16398,,,1,100,,38595,16398,,,1,100,,38586,16398,,,1,100,,38596,16398,,,1,100,,38584,16398,,,1,100,,38581,16398,,,1,100,,38592,16398,,,1,100,,38590,16398,,,1,100,,38597,16398,,,1,100,,38593,16398,,,1,103,,38585,16398,,,1,97,,38583,16398,,,1
16001,'SA',621,,38606,16398,,,1,99,,38604,16398,,,1,99,,38602,16398,,,1,100,,16801,16398,,,1,99,,38601,16398,,,1,101,,38598,16398,,,1,100,,38605,16398,,,1,100,,38609,16398,,,1,100,,38599,16398,,,1,100,,38603,16398,,,1,100,,38610,16398,,,1,100,,16802,16398,,,1,100,,38600,16398,,,1,101,,38611,16398,,,1,99,,38607,16398,,,1,103,,38612,16398,,,1,97,,38608,16398,,,1
16001,'SE',633,,38616,16398,,,1,68,,38617,16398,,,1,29,,38621,16398,,,1,28,,38623,16398,,,1,63,,38633,16398,,,1,23,,38635,16398,,,1,66,,38620,16398,,,1,43,,38634,16398,,,1,99,,38631,16398,,,1,93,,38619,16398,,,1,100,,38622,16398,,,1,100,,38624,16398,,,1,100,,38618,16398,,,1,99,,38636,16398,,,1,93,,38614,16398,,,1,97,,38625,16398,,,1,70,,38613,16398,,,1,26,,38626,16398,,,1,25,,38637,16398,,,1,65,,38615,16398,,,1,99,,38627,16398,,,1,100,,38630,16398,,,1,101,,38628,16398,,,1,100,,38632,16398,,,1,90,,38629,16398,,,1
54200,'F7',1641,,40690,7588,,,2
54200,'SE',1641,,40691,7588,,,2
