4400,'DI',618,,8976,2598,,,2,101,,8983,2598,,,2,102,,8975,2598,,,2,101,,8990,2598,,,2,96,,8977,2598,,,2,100,,8982,2598,,,2,100,,8978,2598,,,2,100,,8984,2598,,,2,100,,8992,2598,,,2,98,,8991,2598,,,2,103,,8979,2598,,,2,99,,8988,2598,,,2,102,,8993,2598,,,2,98,,8985,2598,,,2,100,,8980,2598,,,2,101,,8986,2598,,,2,99,,8989,2598,,,2,102,,8987,2598,,,2,100,,8981,2598,,,2
4400,'F1',618,,9011,2598,,,2,103,,9008,2598,,,2,97,,8998,2598,,,2,100,,9009,2598,,,2,100,,8999,2598,,,2,100,,9010,2598,,,2,100,,9000,2598,,,2,105,,9006,2598,,,2,100,,8996,2598,,,2,95,,9007,2598,,,2,104,,9012,2598,,,2,100,,8997,2598,,,2,101,,9003,2598,,,2,95,,9001,2598,,,2,100,,8994,2598,,,2,101,,9002,2598,,,2,100,,8995,2598,,,2,99,,9004,2598,,,2,103,,9005,2598,,,2
4400,'F7',618,,9014,2598,,,2,101,,9021,2598,,,2,102,,9013,2598,,,2,101,,9028,2598,,,2,96,,9015,2598,,,2,100,,9020,2598,,,2,100,,9016,2598,,,2,100,,9022,2598,,,2,100,,9030,2598,,,2,98,,9029,2598,,,2,103,,9017,2598,,,2,99,,9026,2598,,,2,102,,9031,2598,,,2,98,,9023,2598,,,2,100,,9018,2598,,,2,101,,9024,2598,,,2,99,,9027,2598,,,2,102,,9025,2598,,,2,100,,9019,2598,,,2
4400,'F8',558,,9034,2598,,,2,56,,9060,2598,,,2,15,,9043,2598,,,2,15,,9032,2598,,,2,14,,9050,2598,,,2,51,,9044,2598,,,2,15,,9046,2598,,,2,15,,9041,2598,,,2,9,,9045,2598,,,2,58,,9047,2598,,,2,18,,9042,2598,,,2,94,,9051,2598,,,2,100,,9038,2598,,,2,100,,9052,2598,,,2,100,,9036,2598,,,2,100,,9048,2598,,,2,100,,9037,2598,,,2,100,,9068,2598,,,2,21,,9067,2598,,,2,15,,9061,2598,,,2,58,,9049,2598,,,2,16,,9062,2598,,,2,14,,9058,2598,,,2,12,,9066,2598,,,2,55,,9064,2598,,,2,15,,9053,2598,,,2,16,,9033,2598,,,2,14,,9057,2598,,,2,56,,9039,2598,,,2,19,,9059,2598,,,2,89,,9065,2598,,,2,100,,9054,2598,,,2,100,,9063,2598,,,2,100,,9035,2598,,,2,100,,9055,2598,,,2,100,,9056,2598,,,2,100,,9040,2598,,,2
4400,'F9',618,,9086,2598,,,2,103,,9083,2598,,,2,97,,9073,2598,,,2,100,,9084,2598,,,2,100,,9074,2598,,,2,100,,9085,2598,,,2,100,,9075,2598,,,2,105,,9081,2598,,,2,100,,9071,2598,,,2,95,,9082,2598,,,2,104,,9087,2598,,,2,100,,9072,2598,,,2,101,,9078,2598,,,2,95,,9076,2598,,,2,100,,9069,2598,,,2,101,,9077,2598,,,2,100,,9070,2598,,,2,99,,9079,2598,,,2,103,,9080,2598,,,2
4400,'SA',618,,9105,2598,,,2,103,,9102,2598,,,2,97,,9092,2598,,,2,100,,9103,2598,,,2,100,,9093,2598,,,2,100,,9104,2598,,,2,100,,9094,2598,,,2,105,,9100,2598,,,2,100,,9090,2598,,,2,95,,9101,2598,,,2,104,,9106,2598,,,2,100,,9091,2598,,,2,101,,9097,2598,,,2,95,,9095,2598,,,2,100,,9088,2598,,,2,101,,9096,2598,,,2,100,,9089,2598,,,2,99,,9098,2598,,,2,103,,9099,2598,,,2
4400,'SE',558,,9109,2598,,,2,56,,9135,2598,,,2,15,,9118,2598,,,2,15,,9107,2598,,,2,14,,9125,2598,,,2,51,,9119,2598,,,2,15,,9121,2598,,,2,15,,9116,2598,,,2,9,,9120,2598,,,2,58,,9122,2598,,,2,18,,9117,2598,,,2,94,,9126,2598,,,2,100,,9113,2598,,,2,100,,9127,2598,,,2,100,,9111,2598,,,2,100,,9123,2598,,,2,100,,9112,2598,,,2,100,,9143,2598,,,2,21,,9142,2598,,,2,15,,9136,2598,,,2,58,,9124,2598,,,2,16,,9137,2598,,,2,14,,9133,2598,,,2,12,,9141,2598,,,2,55,,9139,2598,,,2,15,,9128,2598,,,2,16,,9108,2598,,,2,14,,9132,2598,,,2,56,,9114,2598,,,2,19,,9134,2598,,,2,89,,9140,2598,,,2,100,,9129,2598,,,2,100,,9138,2598,,,2,100,,9110,2598,,,2,100,,9130,2598,,,2,100,,9131,2598,,,2,100,,9115,2598,,,2
54400,'F8',1630,,18802,5843,,,2
54400,'SE',1630,,18803,5843,,,2
69300,'F8',1625,,19044,5327,,,2,1,,19045,5327,,,2
69300,'SE',1625,,19046,5327,,,2,1,,19047,5327,,,2
