1501,'DI',703,,4069,7252,,,1,100,,4063,7252,,,1,100,,4059,7252,,,1,100,,4057,7252,,,1,101,,4068,7252,,,1,100,,4070,7252,,,1,100,,4072,7252,,,1,100,,4060,7252,,,1,100,,4064,7252,,,1,100,,4071,7252,,,1,100,,4066,7252,,,1,100,,4073,7252,,,1,100,,4061,7252,,,1,97,,4058,7252,,,1,100,,4065,7252,,,1,100,,4062,7252,,,1,100,,4074,7252,,,1,100,,4067,7252,,,1,100,,4075,7252,,,1
1501,'F1',702,,4085,7252,,,1,100,,4082,7252,,,1,100,,4089,7252,,,1,100,,4079,7252,,,1,100,,4086,7252,,,1,100,,4084,7252,,,1,100,,4090,7252,,,1,101,,4080,7252,,,1,100,,4083,7252,,,1,102,,4076,7252,,,1,98,,4087,7252,,,1,100,,4092,7252,,,1,100,,4081,7252,,,1,99,,4088,7252,,,1,100,,4091,7252,,,1,100,,4093,7252,,,1,100,,4077,7252,,,1,100,,4094,7252,,,1,100,,4078,7252,,,1
1501,'F7',703,,4107,7252,,,1,100,,4101,7252,,,1,100,,4097,7252,,,1,100,,4095,7252,,,1,101,,4106,7252,,,1,100,,4108,7252,,,1,100,,4110,7252,,,1,100,,4098,7252,,,1,100,,4102,7252,,,1,100,,4109,7252,,,1,100,,4104,7252,,,1,100,,4111,7252,,,1,100,,4099,7252,,,1,97,,4096,7252,,,1,100,,4103,7252,,,1,100,,4100,7252,,,1,100,,4112,7252,,,1,100,,4105,7252,,,1,100,,4113,7252,,,1
1501,'F8',526,,4126,7252,,,1,86,,4128,7252,,,1,30,,4117,7252,,,1,73,,4123,7252,,,1,20,,4124,7252,,,1,20,,4148,7252,,,1,60,,4118,7252,,,1,30,,4114,7252,,,1,71,,4149,7252,,,1,29,,4137,7252,,,1,69,,4134,7252,,,1,30,,4119,7252,,,1,70,,4135,7252,,,1,30,,4140,7252,,,1,71,,4116,7252,,,1,30,,4136,7252,,,1,70,,4141,7252,,,1,30,,4150,7252,,,1,70,,4151,7252,,,1,30,,4138,7252,,,1,72,,4152,7252,,,1,31,,4121,7252,,,1,63,,4120,7252,,,1,39,,4143,7252,,,1,67,,4127,7252,,,1,30,,4132,7252,,,1,70,,4122,7252,,,1,27,,4139,7252,,,1,70,,4130,7252,,,1,30,,4145,7252,,,1,68,,4146,7252,,,1,30,,4129,7252,,,1,70,,4125,7252,,,1,30,,4147,7252,,,1,70,,4144,7252,,,1,30,,4115,7252,,,1,99,,4133,7252,,,1,100,,4131,7252,,,1,99,,4142,7252,,,1
1501,'F9',702,,4162,7252,,,1,100,,4159,7252,,,1,100,,4166,7252,,,1,100,,4156,7252,,,1,100,,4163,7252,,,1,100,,4161,7252,,,1,100,,4167,7252,,,1,101,,4157,7252,,,1,100,,4160,7252,,,1,102,,4153,7252,,,1,98,,4164,7252,,,1,100,,4169,7252,,,1,100,,4158,7252,,,1,99,,4165,7252,,,1,100,,4168,7252,,,1,100,,4170,7252,,,1,100,,4154,7252,,,1,100,,4171,7252,,,1,100,,4155,7252,,,1
1501,'SA',702,,4181,7252,,,1,100,,4178,7252,,,1,100,,4185,7252,,,1,100,,4175,7252,,,1,100,,4182,7252,,,1,100,,4180,7252,,,1,100,,4186,7252,,,1,101,,4176,7252,,,1,100,,4179,7252,,,1,102,,4172,7252,,,1,98,,4183,7252,,,1,100,,4188,7252,,,1,100,,4177,7252,,,1,99,,4184,7252,,,1,100,,4187,7252,,,1,100,,4189,7252,,,1,100,,4173,7252,,,1,100,,4190,7252,,,1,100,,4174,7252,,,1
1501,'SE',526,,4203,7252,,,1,86,,4205,7252,,,1,30,,4194,7252,,,1,73,,4200,7252,,,1,20,,4201,7252,,,1,20,,4225,7252,,,1,60,,4195,7252,,,1,30,,4191,7252,,,1,71,,4226,7252,,,1,29,,4214,7252,,,1,69,,4211,7252,,,1,30,,4196,7252,,,1,70,,4212,7252,,,1,30,,4217,7252,,,1,71,,4193,7252,,,1,30,,4213,7252,,,1,70,,4218,7252,,,1,30,,4227,7252,,,1,70,,4228,7252,,,1,30,,4215,7252,,,1,72,,4229,7252,,,1,31,,4198,7252,,,1,63,,4197,7252,,,1,39,,4220,7252,,,1,67,,4204,7252,,,1,30,,4209,7252,,,1,70,,4199,7252,,,1,27,,4216,7252,,,1,70,,4207,7252,,,1,30,,4222,7252,,,1,68,,4223,7252,,,1,30,,4206,7252,,,1,70,,4202,7252,,,1,30,,4224,7252,,,1,70,,4221,7252,,,1,30,,4192,7252,,,1,99,,4210,7252,,,1,100,,4208,7252,,,1,99,,4219,7252,,,1
5500,'F8',1627,,10859,12325,0,9 44,2,18,,10865,12325,0,9 44,2,55,,10863,12325,0,9 44,2,16,,10857,12325,0,9 44,2,14,,10861,12325,0,9 44,2,15,,10860,12325,0,9 44,2,55,,10866,12325,0,9 44,2,15,,10864,12325,0,9 44,2,20,,10858,12325,0,9 44,2,20,,10862,12325,0,9 44,2
5500,'SE',1627,,10873,12325,0,9 44,2,18,,10879,12325,0,9 44,2,55,,10877,12325,0,9 44,2,16,,10871,12325,0,9 44,2,14,,10875,12325,0,9 44,2,15,,10874,12325,0,9 44,2,55,,10880,12325,0,9 44,2,15,,10878,12325,0,9 44,2,20,,10872,12325,0,9 44,2,20,,10876,12325,0,9 44,2
50000,'F8',1607,,18722,5515,,,2
50000,'SE',1607,,18723,5515,,,2
