300,'DI',653,,477,1391,,,1,100,,488,1391,,,1,100,,478,1391,,,1,100,,489,1391,,,1,100,,479,1391,,,1,100,,490,1391,,,1,100,,480,1391,,,1,100,,491,1391,,,1,100,,492,1391,,,1,100,,493,1391,,,1,100,,494,1391,,,1,100,,495,1391,,,1,100,,481,1391,,,1,100,,482,1391,,,1,100,,483,1391,,,1,100,,484,1391,,,1,100,,485,1391,,,1,100,,486,1391,,,1,100,,487,1391,,,1
300,'F1',623,,496,1391,,,1,30,,519,1391,,,1,70,,497,1391,,,1,30,,521,1391,,,1,70,,498,1391,,,1,30,,520,1391,,,1,70,,499,1391,,,1,30,,515,1391,,,1,70,,500,1391,,,1,30,,516,1391,,,1,70,,501,1391,,,1,30,,524,1391,,,1,70,,502,1391,,,1,30,,522,1391,,,1,70,,503,1391,,,1,30,,525,1391,,,1,70,,504,1391,,,1,30,,523,1391,,,1,70,,505,1391,,,1,30,,517,1391,,,1,70,,506,1391,,,1,30,,518,1391,,,1,70,,507,1391,,,1,30,,527,1391,,,1,70,,508,1391,,,1,30,,509,1391,,,1,100,,510,1391,,,1,100,,511,1391,,,1,100,,512,1391,,,1,100,,513,1391,,,1,100,,526,1391,,,1,100,,514,1391,,,1
300,'F7',653,,528,1391,,,1,100,,539,1391,,,1,100,,529,1391,,,1,100,,540,1391,,,1,100,,530,1391,,,1,100,,541,1391,,,1,100,,531,1391,,,1,100,,542,1391,,,1,100,,543,1391,,,1,100,,544,1391,,,1,100,,545,1391,,,1,100,,546,1391,,,1,100,,532,1391,,,1,100,,533,1391,,,1,100,,534,1391,,,1,100,,535,1391,,,1,100,,536,1391,,,1,100,,537,1391,,,1,100,,538,1391,,,1
300,'F8',541,,573,1391,,,1,82,,554,1391,,,1,80,,570,1391,,,1,40,,556,1391,,,1,81,,555,1391,,,1,29,,567,1391,,,1,70,,571,1391,,,1,30,,564,1391,,,1,70,,572,1391,,,1,30,,548,1391,,,1,70,,557,1391,,,1,30,,549,1391,,,1,70,,558,1391,,,1,30,,550,1391,,,1,70,,559,1391,,,1,30,,551,1391,,,1,70,,560,1391,,,1,30,,552,1391,,,1,61,,547,1391,,,1,18,,584,1391,,,1,22,,553,1391,,,1,61,,566,1391,,,1,22,,565,1391,,,1,18,,580,1391,,,1,59,,574,1391,,,1,20,,583,1391,,,1,20,,563,1391,,,1,72,,581,1391,,,1,27,,575,1391,,,1,70,,561,1391,,,1,30,,576,1391,,,1,70,,562,1391,,,1,30,,577,1391,,,1,70,,582,1391,,,1,30,,578,1391,,,1,100,,579,1391,,,1,100,,568,1391,,,1,100,,569,1391,,,1
300,'F9',623,,585,1391,,,1,30,,608,1391,,,1,70,,586,1391,,,1,30,,610,1391,,,1,70,,587,1391,,,1,30,,609,1391,,,1,70,,588,1391,,,1,30,,604,1391,,,1,70,,589,1391,,,1,30,,605,1391,,,1,70,,590,1391,,,1,30,,613,1391,,,1,70,,591,1391,,,1,30,,611,1391,,,1,70,,592,1391,,,1,30,,614,1391,,,1,70,,593,1391,,,1,30,,612,1391,,,1,70,,594,1391,,,1,30,,606,1391,,,1,70,,595,1391,,,1,30,,607,1391,,,1,70,,596,1391,,,1,30,,616,1391,,,1,70,,597,1391,,,1,30,,598,1391,,,1,100,,599,1391,,,1,100,,600,1391,,,1,100,,601,1391,,,1,100,,602,1391,,,1,100,,615,1391,,,1,100,,603,1391,,,1
300,'SA',623,,617,1391,,,1,30,,640,1391,,,1,70,,618,1391,,,1,30,,642,1391,,,1,70,,619,1391,,,1,30,,641,1391,,,1,70,,620,1391,,,1,30,,636,1391,,,1,70,,621,1391,,,1,30,,637,1391,,,1,70,,622,1391,,,1,30,,645,1391,,,1,70,,623,1391,,,1,30,,643,1391,,,1,70,,624,1391,,,1,30,,646,1391,,,1,70,,625,1391,,,1,30,,644,1391,,,1,70,,626,1391,,,1,30,,638,1391,,,1,70,,627,1391,,,1,30,,639,1391,,,1,70,,628,1391,,,1,30,,648,1391,,,1,70,,629,1391,,,1,30,,630,1391,,,1,100,,631,1391,,,1,100,,632,1391,,,1,100,,633,1391,,,1,100,,634,1391,,,1,100,,647,1391,,,1,100,,635,1391,,,1
300,'SE',541,,675,1391,,,1,82,,656,1391,,,1,80,,672,1391,,,1,40,,658,1391,,,1,81,,657,1391,,,1,29,,669,1391,,,1,70,,673,1391,,,1,30,,666,1391,,,1,70,,674,1391,,,1,30,,650,1391,,,1,70,,659,1391,,,1,30,,651,1391,,,1,70,,660,1391,,,1,30,,652,1391,,,1,70,,661,1391,,,1,30,,653,1391,,,1,70,,662,1391,,,1,30,,654,1391,,,1,61,,649,1391,,,1,18,,686,1391,,,1,22,,655,1391,,,1,61,,668,1391,,,1,22,,667,1391,,,1,18,,682,1391,,,1,59,,676,1391,,,1,20,,685,1391,,,1,20,,665,1391,,,1,72,,683,1391,,,1,27,,677,1391,,,1,70,,663,1391,,,1,30,,678,1391,,,1,70,,664,1391,,,1,30,,679,1391,,,1,70,,684,1391,,,1,30,,680,1391,,,1,100,,681,1391,,,1,100,,670,1391,,,1,100,,671,1391,,,1
401,'DI',700,,1186,1333,,,1,30,,1180,1333,,,1,70,,1189,1333,,,1,32,,1202,1333,,,1,70,,1199,1333,,,1,30,,1181,1333,,,1,70,,1177,1333,,,1,30,,1203,1333,,,1,70,,1200,1333,,,1,30,,1182,1333,,,1,70,,1210,1333,,,1,30,,1195,1333,,,1,70,,1201,1333,,,1,31,,1183,1333,,,1,69,,1205,1333,,,1,30,,1208,1333,,,1,70,,1178,1333,,,1,32,,1184,1333,,,1,69,,1206,1333,,,1,30,,1209,1333,,,1,74,,1207,1333,,,1,25,,1191,1333,,,1,70,,1194,1333,,,1,30,,1196,1333,,,1,70,,1198,1333,,,1,31,,1192,1333,,,1,69,,1193,1333,,,1,30,,1176,1333,,,1,70,,1187,1333,,,1,100,,1204,1333,,,1,100,,1197,1333,,,1,100,,1185,1333,,,1
401,'F1',700,,1213,1333,,,1,30,,1227,1333,,,1,70,,1216,1333,,,1,32,,1218,1333,,,1,70,,1214,1333,,,1,30,,1228,1333,,,1,70,,1231,1333,,,1,30,,1219,1333,,,1,70,,1236,1333,,,1,30,,1212,1333,,,1,70,,1238,1333,,,1,30,,1233,1333,,,1,70,,1242,1333,,,1,30,,1211,1333,,,1,70,,1220,1333,,,1,30,,1237,1333,,,1,70,,1232,1333,,,1,30,,1243,1333,,,1,70,,1240,1333,,,1,30,,1235,1333,,,1,70,,1234,1333,,,1,30,,1245,1333,,,1,70,,1230,1333,,,1,30,,1221,1333,,,1,70,,1241,1333,,,1,30,,1244,1333,,,1,70,,1222,1333,,,1,30,,1239,1333,,,1,70,,1229,1333,,,1,100,,1224,1333,,,1,100,,1223,1333,,,1,100,,1225,1333,,,1
401,'F7',700,,1256,1333,,,1,30,,1250,1333,,,1,70,,1259,1333,,,1,32,,1272,1333,,,1,70,,1269,1333,,,1,30,,1251,1333,,,1,70,,1247,1333,,,1,30,,1273,1333,,,1,70,,1270,1333,,,1,30,,1252,1333,,,1,70,,1280,1333,,,1,30,,1265,1333,,,1,70,,1271,1333,,,1,31,,1253,1333,,,1,69,,1275,1333,,,1,30,,1278,1333,,,1,70,,1248,1333,,,1,32,,1254,1333,,,1,69,,1276,1333,,,1,30,,1279,1333,,,1,74,,1277,1333,,,1,25,,1261,1333,,,1,70,,1264,1333,,,1,30,,1266,1333,,,1,70,,1268,1333,,,1,31,,1262,1333,,,1,69,,1263,1333,,,1,30,,1246,1333,,,1,70,,1257,1333,,,1,100,,1274,1333,,,1,100,,1267,1333,,,1,100,,1255,1333,,,1
401,'F8',615,,1282,1333,,,1,21,,1293,1333,,,1,69,,1305,1333,,,1,33,,1285,1333,,,1,73,,1314,1333,,,1,30,,1295,1333,,,1,72,,1308,1333,,,1,30,,1307,1333,,,1,70,,1281,1333,,,1,30,,1313,1333,,,1,70,,1300,1333,,,1,30,,1284,1333,,,1,71,,1306,1333,,,1,32,,1303,1333,,,1,70,,1301,1333,,,1,30,,1320,1333,,,1,66,,1318,1333,,,1,34,,1297,1333,,,1,55,,1310,1333,,,1,23,,1289,1333,,,1,21,,1302,1333,,,1,59,,1296,1333,,,1,20,,1291,1333,,,1,21,,1317,1333,,,1,59,,1290,1333,,,1,20,,1309,1333,,,1,24,,1294,1333,,,1,58,,1311,1333,,,1,27,,1304,1333,,,1,70,,1319,1333,,,1,27,,1315,1333,,,1,29,,1287,1333,,,1,70,,1299,1333,,,1,30,,1316,1333,,,1,70,,1312,1333,,,1,100,,1298,1333,,,1,100,,1288,1333,,,1,100,,1292,1333,,,1
401,'F9',700,,1323,1333,,,1,30,,1337,1333,,,1,70,,1326,1333,,,1,32,,1328,1333,,,1,70,,1324,1333,,,1,30,,1338,1333,,,1,70,,1341,1333,,,1,30,,1329,1333,,,1,70,,1346,1333,,,1,30,,1322,1333,,,1,70,,1348,1333,,,1,30,,1343,1333,,,1,70,,1352,1333,,,1,30,,1321,1333,,,1,70,,1330,1333,,,1,30,,1347,1333,,,1,70,,1342,1333,,,1,30,,1353,1333,,,1,70,,1350,1333,,,1,30,,1345,1333,,,1,70,,1344,1333,,,1,30,,1355,1333,,,1,70,,1340,1333,,,1,30,,1331,1333,,,1,70,,1351,1333,,,1,30,,1354,1333,,,1,70,,1332,1333,,,1,30,,1349,1333,,,1,70,,1339,1333,,,1,100,,1334,1333,,,1,100,,1333,1333,,,1,100,,1335,1333,,,1
401,'SA',700,,1358,1333,,,1,30,,1372,1333,,,1,70,,1361,1333,,,1,32,,1363,1333,,,1,70,,1359,1333,,,1,30,,1373,1333,,,1,70,,1376,1333,,,1,30,,1364,1333,,,1,70,,1381,1333,,,1,30,,1357,1333,,,1,70,,1383,1333,,,1,30,,1378,1333,,,1,70,,1387,1333,,,1,30,,1356,1333,,,1,70,,1365,1333,,,1,30,,1382,1333,,,1,70,,1377,1333,,,1,30,,1388,1333,,,1,70,,1385,1333,,,1,30,,1380,1333,,,1,70,,1379,1333,,,1,30,,1390,1333,,,1,70,,1375,1333,,,1,30,,1366,1333,,,1,70,,1386,1333,,,1,30,,1389,1333,,,1,70,,1367,1333,,,1,30,,1384,1333,,,1,70,,1374,1333,,,1,100,,1369,1333,,,1,100,,1368,1333,,,1,100,,1370,1333,,,1
401,'SE',615,,1392,1333,,,1,21,,1403,1333,,,1,69,,1415,1333,,,1,33,,1395,1333,,,1,73,,1424,1333,,,1,30,,1405,1333,,,1,72,,1418,1333,,,1,30,,1417,1333,,,1,70,,1391,1333,,,1,30,,1423,1333,,,1,70,,1410,1333,,,1,30,,1394,1333,,,1,71,,1416,1333,,,1,32,,1413,1333,,,1,70,,1411,1333,,,1,30,,1430,1333,,,1,66,,1428,1333,,,1,34,,1407,1333,,,1,55,,1420,1333,,,1,23,,1399,1333,,,1,21,,1412,1333,,,1,59,,1406,1333,,,1,20,,1401,1333,,,1,21,,1427,1333,,,1,59,,1400,1333,,,1,20,,1419,1333,,,1,24,,1404,1333,,,1,58,,1421,1333,,,1,27,,1414,1333,,,1,70,,1429,1333,,,1,27,,1425,1333,,,1,29,,1397,1333,,,1,70,,1409,1333,,,1,30,,1426,1333,,,1,70,,1422,1333,,,1,100,,1408,1333,,,1,100,,1398,1333,,,1,100,,1402,1333,,,1
900,'F8',648,,3061,1391,0,59 6 7,2,70,,3060,1391,0,59 6 7,2,30,,3062,1391,0,59 6 7,2,860,,3064,1391,0,59 6 7,2,33,,3066,1391,0,59 6 7,2,67,,3067,1391,0,59 6 7,2,30,,3063,1391,0,59 6 7,2,70,,3065,1391,0,59 6 7,2
900,'SE',648,,3069,1391,0,59 6 7,2,70,,3068,1391,0,59 6 7,2,30,,3070,1391,0,59 6 7,2,860,,3072,1391,0,59 6 7,2,33,,3074,1391,0,59 6 7,2,67,,3075,1391,0,59 6 7,2,30,,3071,1391,0,59 6 7,2,70,,3073,1391,0,59 6 7,2
1900,'DI',618,,5106,1391,0,9,2,100,,5107,1391,0,9,2,100,,5108,1391,0,9,2,104,,5109,1391,0,9,2,100,,5110,1391,0,9,2,100,,5111,1391,0,9,2,100,,5112,1391,0,9,2,100,,5113,1391,0,9,2,100,,5115,1391,0,9,2,100,,5116,1391,0,9,2,100,,5117,1391,0,9,2,100,,5118,1391,0,9,2,100,,5119,1391,0,9,2,100,,5120,1391,0,9,2,100,,5121,1391,0,9,2,100,,5122,1391,0,9,2,100,,5123,1391,0,9,2,100,,5124,1391,0,9,2,100,,5125,1391,0,9,2,100,,5114,1391,0,9,2
1900,'F1',618,,5126,1391,0,9,2,30,,5132,1391,0,9,2,70,,5127,1391,0,9,2,30,,5133,1391,0,9,2,70,,5128,1391,0,9,2,30,,5134,1391,0,9,2,74,,5129,1391,0,9,2,30,,5135,1391,0,9,2,70,,5130,1391,0,9,2,30,,5143,1391,0,9,2,70,,5131,1391,0,9,2,30,,5144,1391,0,9,2,70,,5151,1391,0,9,2,30,,5145,1391,0,9,2,70,,5152,1391,0,9,2,30,,5146,1391,0,9,2,70,,5153,1391,0,9,2,30,,5147,1391,0,9,2,70,,5154,1391,0,9,2,30,,5148,1391,0,9,2,70,,5155,1391,0,9,2,30,,5149,1391,0,9,2,70,,5156,1391,0,9,2,30,,5150,1391,0,9,2,70,,5157,1391,0,9,2,100,,5136,1391,0,9,2,100,,5137,1391,0,9,2,100,,5138,1391,0,9,2,100,,5139,1391,0,9,2,100,,5140,1391,0,9,2,100,,5141,1391,0,9,2,100,,5142,1391,0,9,2
1900,'F7',618,,5158,1391,0,9,2,100,,5159,1391,0,9,2,100,,5160,1391,0,9,2,104,,5161,1391,0,9,2,100,,5162,1391,0,9,2,100,,5163,1391,0,9,2,100,,5164,1391,0,9,2,100,,5165,1391,0,9,2,100,,5167,1391,0,9,2,100,,5168,1391,0,9,2,100,,5169,1391,0,9,2,100,,5170,1391,0,9,2,100,,5171,1391,0,9,2,100,,5172,1391,0,9,2,100,,5173,1391,0,9,2,100,,5174,1391,0,9,2,100,,5175,1391,0,9,2,100,,5176,1391,0,9,2,100,,5177,1391,0,9,2,100,,5166,1391,0,9,2
1900,'F8',541,,5210,1391,0,9,2,76,,5194,1391,0,9,2,27,,5191,1391,0,9,2,12,,5197,1391,0,9,2,52,,5213,1391,0,9,2,12,,5195,1391,0,9,2,15,,5185,1391,0,9,2,21,,5198,1391,0,9,2,60,,5196,1391,0,9,2,32,,5179,1391,0,9,2,74,,5178,1391,0,9,2,30,,5180,1391,0,9,2,70,,5199,1391,0,9,2,30,,5181,1391,0,9,2,70,,5200,1391,0,9,2,30,,5182,1391,0,9,2,70,,5201,1391,0,9,2,30,,5183,1391,0,9,2,70,,5202,1391,0,9,2,31,,5184,1391,0,9,2,70,,5217,1391,0,9,2,30,,5192,1391,0,9,2,67,,5215,1391,0,9,2,21,,5216,1391,0,9,2,62,,5193,1391,0,9,2,20,,5207,1391,0,9,2,20,,5203,1391,0,9,2,59,,5204,1391,0,9,2,17,,5205,1391,0,9,2,23,,5219,1391,0,9,2,60,,5220,1391,0,9,2,24,,5206,1391,0,9,2,26,,5218,1391,0,9,2,70,,5214,1391,0,9,2,30,,5186,1391,0,9,2,70,,5211,1391,0,9,2,30,,5187,1391,0,9,2,70,,5212,1391,0,9,2,30,,5188,1391,0,9,2,70,,5208,1391,0,9,2,100,,5209,1391,0,9,2,100,,5189,1391,0,9,2,100,,5190,1391,0,9,2
1900,'F9',618,,5221,1391,0,9,2,30,,5227,1391,0,9,2,70,,5222,1391,0,9,2,30,,5228,1391,0,9,2,70,,5223,1391,0,9,2,30,,5229,1391,0,9,2,74,,5224,1391,0,9,2,30,,5230,1391,0,9,2,70,,5225,1391,0,9,2,30,,5238,1391,0,9,2,70,,5226,1391,0,9,2,30,,5239,1391,0,9,2,70,,5246,1391,0,9,2,30,,5240,1391,0,9,2,70,,5247,1391,0,9,2,30,,5241,1391,0,9,2,70,,5248,1391,0,9,2,30,,5242,1391,0,9,2,70,,5249,1391,0,9,2,30,,5243,1391,0,9,2,70,,5250,1391,0,9,2,30,,5244,1391,0,9,2,70,,5251,1391,0,9,2,30,,5245,1391,0,9,2,70,,5252,1391,0,9,2,100,,5231,1391,0,9,2,100,,5232,1391,0,9,2,100,,5233,1391,0,9,2,100,,5234,1391,0,9,2,100,,5235,1391,0,9,2,100,,5236,1391,0,9,2,100,,5237,1391,0,9,2
1900,'SA',618,,5253,1391,0,9,2,30,,5259,1391,0,9,2,70,,5254,1391,0,9,2,30,,5260,1391,0,9,2,70,,5255,1391,0,9,2,30,,5261,1391,0,9,2,74,,5256,1391,0,9,2,30,,5262,1391,0,9,2,70,,5257,1391,0,9,2,30,,5270,1391,0,9,2,70,,5258,1391,0,9,2,30,,5271,1391,0,9,2,70,,5278,1391,0,9,2,30,,5272,1391,0,9,2,70,,5279,1391,0,9,2,30,,5273,1391,0,9,2,70,,5280,1391,0,9,2,30,,5274,1391,0,9,2,70,,5281,1391,0,9,2,30,,5275,1391,0,9,2,70,,5282,1391,0,9,2,30,,5276,1391,0,9,2,70,,5283,1391,0,9,2,30,,5277,1391,0,9,2,70,,5284,1391,0,9,2,100,,5263,1391,0,9,2,100,,5264,1391,0,9,2,100,,5265,1391,0,9,2,100,,5266,1391,0,9,2,100,,5267,1391,0,9,2,100,,5268,1391,0,9,2,100,,5269,1391,0,9,2
1900,'SE',541,,5317,1391,0,9,2,76,,5301,1391,0,9,2,27,,5298,1391,0,9,2,12,,5304,1391,0,9,2,52,,5320,1391,0,9,2,12,,5302,1391,0,9,2,15,,5292,1391,0,9,2,21,,5305,1391,0,9,2,60,,5303,1391,0,9,2,32,,5286,1391,0,9,2,74,,5285,1391,0,9,2,30,,5287,1391,0,9,2,70,,5306,1391,0,9,2,30,,5288,1391,0,9,2,70,,5307,1391,0,9,2,30,,5289,1391,0,9,2,70,,5308,1391,0,9,2,30,,5290,1391,0,9,2,70,,5309,1391,0,9,2,31,,5291,1391,0,9,2,70,,5324,1391,0,9,2,30,,5299,1391,0,9,2,67,,5322,1391,0,9,2,21,,5323,1391,0,9,2,62,,5300,1391,0,9,2,20,,5314,1391,0,9,2,20,,5310,1391,0,9,2,59,,5311,1391,0,9,2,17,,5312,1391,0,9,2,23,,5326,1391,0,9,2,60,,5327,1391,0,9,2,24,,5313,1391,0,9,2,26,,5325,1391,0,9,2,70,,5321,1391,0,9,2,30,,5293,1391,0,9,2,70,,5318,1391,0,9,2,30,,5294,1391,0,9,2,70,,5319,1391,0,9,2,30,,5295,1391,0,9,2,70,,5315,1391,0,9,2,100,,5316,1391,0,9,2,100,,5296,1391,0,9,2,100,,5297,1391,0,9,2
2100,'DI',555,,6016,1333,0,12 13,1,69,,6010,1333,0,12 13,1,30,,6013,1333,0,12 13,1,70,,6002,1333,0,12 13,1,31,,6007,1333,0,12 13,1,70,,6017,1333,0,12 13,1,30,,5989,1333,0,12 13,1,67,,5983,1333,0,12 13,1,33,,6015,1333,0,12 13,1,70,,6014,1333,0,12 13,1,32,,5994,1333,0,12 13,1,67,,6011,1333,0,12 13,1,31,,6008,1333,0,12 13,1,70,,5984,1333,0,12 13,1,30,,5990,1333,0,12 13,1,70,,6009,1333,0,12 13,1,30,,6012,1333,0,12 13,1,70,,5985,1333,0,12 13,1,30,,5991,1333,0,12 13,1,70,,6003,1333,0,12 13,1,30,,5998,1333,0,12 13,1,70,,5986,1333,0,12 13,1,30,,5997,1333,0,12 13,1,70,,6004,1333,0,12 13,1,30,,5999,1333,0,12 13,1,70,,5987,1333,0,12 13,1,30,,5977,1333,0,12 13,1,70,,5981,1333,0,12 13,1,30,,5979,1333,0,12 13,1,70,,6005,1333,0,12 13,1,30,,6006,1333,0,12 13,1,70,,6000,1333,0,12 13,1,30,,5995,1333,0,12 13,1,70,,5980,1333,0,12 13,1,30,,5982,1333,0,12 13,1,70,,6001,1333,0,12 13,1,30,,5978,1333,0,12 13,1,70,,5992,1333,0,12 13,1,30,,5996,1333,0,12 13,1
2100,'F1',555,,6038,1333,0,12 13,1,70,,6049,1333,0,12 13,1,30,,6037,1333,0,12 13,1,70,,6043,1333,0,12 13,1,30,,6034,1333,0,12 13,1,70,,6039,1333,0,12 13,1,30,,6052,1333,0,12 13,1,65,,6044,1333,0,12 13,1,31,,6019,1333,0,12 13,1,74,,6050,1333,0,12 13,1,33,,6045,1333,0,12 13,1,63,,6040,1333,0,12 13,1,34,,6053,1333,0,12 13,1,70,,6022,1333,0,12 13,1,30,,6046,1333,0,12 13,1,70,,6051,1333,0,12 13,1,30,,6055,1333,0,12 13,1,70,,6023,1333,0,12 13,1,30,,6047,1333,0,12 13,1,70,,6041,1333,0,12 13,1,30,,6056,1333,0,12 13,1,70,,6024,1333,0,12 13,1,30,,6048,1333,0,12 13,1,70,,6042,1333,0,12 13,1,30,,6057,1333,0,12 13,1,70,,6025,1333,0,12 13,1,30,,6027,1333,0,12 13,1,70,,6032,1333,0,12 13,1,30,,6030,1333,0,12 13,1,70,,6029,1333,0,12 13,1,30,,6035,1333,0,12 13,1,70,,6028,1333,0,12 13,1,30,,6020,1333,0,12 13,1,70,,6031,1333,0,12 13,1,30,,6054,1333,0,12 13,1,70,,6036,1333,0,12 13,1,30,,6058,1333,0,12 13,1,70,,6021,1333,0,12 13,1,29,,6033,1333,0,12 13,1
2100,'F7',555,,6098,1333,0,12 13,1,69,,6092,1333,0,12 13,1,30,,6095,1333,0,12 13,1,70,,6084,1333,0,12 13,1,31,,6089,1333,0,12 13,1,70,,6099,1333,0,12 13,1,30,,6071,1333,0,12 13,1,67,,6065,1333,0,12 13,1,33,,6097,1333,0,12 13,1,70,,6096,1333,0,12 13,1,32,,6076,1333,0,12 13,1,67,,6093,1333,0,12 13,1,31,,6090,1333,0,12 13,1,70,,6066,1333,0,12 13,1,30,,6072,1333,0,12 13,1,70,,6091,1333,0,12 13,1,30,,6094,1333,0,12 13,1,70,,6067,1333,0,12 13,1,30,,6073,1333,0,12 13,1,70,,6085,1333,0,12 13,1,30,,6080,1333,0,12 13,1,70,,6068,1333,0,12 13,1,30,,6079,1333,0,12 13,1,70,,6086,1333,0,12 13,1,30,,6081,1333,0,12 13,1,70,,6069,1333,0,12 13,1,30,,6059,1333,0,12 13,1,70,,6063,1333,0,12 13,1,30,,6061,1333,0,12 13,1,70,,6087,1333,0,12 13,1,30,,6088,1333,0,12 13,1,70,,6082,1333,0,12 13,1,30,,6077,1333,0,12 13,1,70,,6062,1333,0,12 13,1,30,,6064,1333,0,12 13,1,70,,6083,1333,0,12 13,1,30,,6060,1333,0,12 13,1,70,,6074,1333,0,12 13,1,30,,6078,1333,0,12 13,1
2100,'F8',540,,6103,1333,0,12 13,1,12,,6104,1333,0,12 13,1,50,,6100,1333,0,12 13,1,20,,6105,1333,0,12 13,1,14,,6107,1333,0,12 13,1,64,,6110,1333,0,12 13,1,12,,6133,1333,0,12 13,1,17,,6134,1333,0,12 13,1,23,,6123,1333,0,12 13,1,60,,6106,1333,0,12 13,1,20,,6114,1333,0,12 13,1,21,,6111,1333,0,12 13,1,69,,6101,1333,0,12 13,1,32,,6102,1333,0,12 13,1,70,,6127,1333,0,12 13,1,30,,6112,1333,0,12 13,1,70,,6130,1333,0,12 13,1,30,,6148,1333,0,12 13,1,70,,6135,1333,0,12 13,1,30,,6113,1333,0,12 13,1,70,,6116,1333,0,12 13,1,28,,6149,1333,0,12 13,1,76,,6142,1333,0,12 13,1,10,,6128,1333,0,12 13,1,17,,6146,1333,0,12 13,1,55,,6131,1333,0,12 13,1,15,,6117,1333,0,12 13,1,15,,6136,1333,0,12 13,1,15,,6137,1333,0,12 13,1,55,,6139,1333,0,12 13,1,19,,6145,1333,0,12 13,1,17,,6119,1333,0,12 13,1,10,,6121,1333,0,12 13,1,54,,6150,1333,0,12 13,1,15,,6118,1333,0,12 13,1,15,,6144,1333,0,12 13,1,15,,6138,1333,0,12 13,1,55,,6140,1333,0,12 13,1,20,,6129,1333,0,12 13,1,20,,6120,1333,0,12 13,1,59,,6143,1333,0,12 13,1,30,,6132,1333,0,12 13,1,70,,6147,1333,0,12 13,1,30,,6122,1333,0,12 13,1,70,,6151,1333,0,12 13,1,100,,6124,1333,0,12 13,1,100,,6141,1333,0,12 13,1,100,,6126,1333,0,12 13,1,100,,6125,1333,0,12 13,1
2100,'F9',555,,6172,1333,0,12 13,1,70,,6183,1333,0,12 13,1,30,,6171,1333,0,12 13,1,70,,6177,1333,0,12 13,1,30,,6168,1333,0,12 13,1,70,,6173,1333,0,12 13,1,30,,6186,1333,0,12 13,1,65,,6178,1333,0,12 13,1,31,,6153,1333,0,12 13,1,74,,6184,1333,0,12 13,1,33,,6179,1333,0,12 13,1,63,,6174,1333,0,12 13,1,34,,6187,1333,0,12 13,1,70,,6156,1333,0,12 13,1,30,,6180,1333,0,12 13,1,70,,6185,1333,0,12 13,1,30,,6189,1333,0,12 13,1,70,,6157,1333,0,12 13,1,30,,6181,1333,0,12 13,1,70,,6175,1333,0,12 13,1,30,,6190,1333,0,12 13,1,70,,6158,1333,0,12 13,1,30,,6182,1333,0,12 13,1,70,,6176,1333,0,12 13,1,30,,6191,1333,0,12 13,1,70,,6159,1333,0,12 13,1,30,,6161,1333,0,12 13,1,70,,6166,1333,0,12 13,1,30,,6164,1333,0,12 13,1,70,,6163,1333,0,12 13,1,30,,6169,1333,0,12 13,1,70,,6162,1333,0,12 13,1,30,,6154,1333,0,12 13,1,70,,6165,1333,0,12 13,1,30,,6188,1333,0,12 13,1,70,,6170,1333,0,12 13,1,30,,6192,1333,0,12 13,1,70,,6155,1333,0,12 13,1,29,,6167,1333,0,12 13,1
2100,'SA',555,,6213,1333,0,12 13,1,70,,6224,1333,0,12 13,1,30,,6212,1333,0,12 13,1,70,,6218,1333,0,12 13,1,30,,6209,1333,0,12 13,1,70,,6214,1333,0,12 13,1,30,,6227,1333,0,12 13,1,65,,6219,1333,0,12 13,1,31,,6194,1333,0,12 13,1,74,,6225,1333,0,12 13,1,33,,6220,1333,0,12 13,1,63,,6215,1333,0,12 13,1,34,,6228,1333,0,12 13,1,70,,6197,1333,0,12 13,1,30,,6221,1333,0,12 13,1,70,,6226,1333,0,12 13,1,30,,6230,1333,0,12 13,1,70,,6198,1333,0,12 13,1,30,,6222,1333,0,12 13,1,70,,6216,1333,0,12 13,1,30,,6231,1333,0,12 13,1,70,,6199,1333,0,12 13,1,30,,6223,1333,0,12 13,1,70,,6217,1333,0,12 13,1,30,,6232,1333,0,12 13,1,70,,6200,1333,0,12 13,1,30,,6202,1333,0,12 13,1,70,,6207,1333,0,12 13,1,30,,6205,1333,0,12 13,1,70,,6204,1333,0,12 13,1,30,,6210,1333,0,12 13,1,70,,6203,1333,0,12 13,1,30,,6195,1333,0,12 13,1,70,,6206,1333,0,12 13,1,30,,6229,1333,0,12 13,1,70,,6211,1333,0,12 13,1,30,,6233,1333,0,12 13,1,70,,6196,1333,0,12 13,1,29,,6208,1333,0,12 13,1
2100,'SE',540,,6237,1333,0,12 13,1,12,,6238,1333,0,12 13,1,50,,6234,1333,0,12 13,1,20,,6239,1333,0,12 13,1,14,,6241,1333,0,12 13,1,64,,6244,1333,0,12 13,1,12,,6267,1333,0,12 13,1,17,,6268,1333,0,12 13,1,23,,6257,1333,0,12 13,1,60,,6240,1333,0,12 13,1,20,,6248,1333,0,12 13,1,21,,6245,1333,0,12 13,1,69,,6235,1333,0,12 13,1,32,,6236,1333,0,12 13,1,70,,6261,1333,0,12 13,1,30,,6246,1333,0,12 13,1,70,,6264,1333,0,12 13,1,30,,6282,1333,0,12 13,1,70,,6269,1333,0,12 13,1,30,,6247,1333,0,12 13,1,70,,6250,1333,0,12 13,1,28,,6283,1333,0,12 13,1,76,,6276,1333,0,12 13,1,10,,6262,1333,0,12 13,1,17,,6280,1333,0,12 13,1,55,,6265,1333,0,12 13,1,15,,6251,1333,0,12 13,1,15,,6270,1333,0,12 13,1,15,,6271,1333,0,12 13,1,55,,6273,1333,0,12 13,1,19,,6279,1333,0,12 13,1,17,,6253,1333,0,12 13,1,10,,6255,1333,0,12 13,1,54,,6284,1333,0,12 13,1,15,,6252,1333,0,12 13,1,15,,6278,1333,0,12 13,1,15,,6272,1333,0,12 13,1,55,,6274,1333,0,12 13,1,20,,6263,1333,0,12 13,1,20,,6254,1333,0,12 13,1,59,,6277,1333,0,12 13,1,30,,6266,1333,0,12 13,1,70,,6281,1333,0,12 13,1,30,,6256,1333,0,12 13,1,70,,6285,1333,0,12 13,1,100,,6258,1333,0,12 13,1,100,,6275,1333,0,12 13,1,100,,6260,1333,0,12 13,1,100,,6259,1333,0,12 13,1
42100,'F8',632,,17812,1333,0,12 13,1,71,,17808,1333,0,12 13,1,16,,17818,1333,0,12 13,1,722,,17819,1333,0,12 13,1,62,,17816,1333,0,12 13,1,30,,17814,1333,0,12 13,1,70,,17817,1333,0,12 13,1,30,,17820,1333,0,12 13,1,70,,17815,1333,0,12 13,1
42100,'SE',632,,17825,1333,0,12 13,1,71,,17821,1333,0,12 13,1,16,,17831,1333,0,12 13,1,722,,17832,1333,0,12 13,1,62,,17829,1333,0,12 13,1,30,,17827,1333,0,12 13,1,70,,17830,1333,0,12 13,1,30,,17833,1333,0,12 13,1,70,,17828,1333,0,12 13,1
