1501,'DI',650,,24559,2610,,,1,100,,24556,2610,,,1,100,,24553,2610,,,1,100,,24566,2610,,,1,101,,24571,2610,,,1,100,,24564,2610,,,1,100,,24560,2610,,,1,100,,24554,2610,,,1,100,,24568,2610,,,1,100,,24555,2610,,,1,100,,24563,2610,,,1,100,,24561,2610,,,1,100,,24565,2610,,,1,99,,24569,2610,,,1,100,,24567,2610,,,1,100,,24562,2610,,,1,100,,24557,2610,,,1,100,,24570,2610,,,1,100,,24558,2610,,,1
1501,'F1',650,,24573,2610,,,1,100,,24579,2610,,,1,100,,24588,2610,,,1,100,,24580,2610,,,1,100,,24582,2610,,,1,100,,24581,2610,,,1,100,,24589,2610,,,1,101,,24574,2610,,,1,100,,24583,2610,,,1,102,,24575,2610,,,1,98,,24572,2610,,,1,100,,24585,2610,,,1,100,,24590,2610,,,1,99,,24576,2610,,,1,100,,24577,2610,,,1,100,,24586,2610,,,1,100,,24578,2610,,,1,100,,24587,2610,,,1,100,,24584,2610,,,1
1501,'F2',650,,24606,2610,,,1,100,,24600,2610,,,1,100,,24594,2610,,,1,100,,24607,2610,,,1,100,,24592,2610,,,1,100,,24591,2610,,,1,100,,24603,2610,,,1,101,,24598,2610,,,1,100,,24602,2610,,,1,102,,24599,2610,,,1,98,,24595,2610,,,1,100,,24601,2610,,,1,100,,24604,2610,,,1,99,,24605,2610,,,1,100,,24593,2610,,,1,100,,24608,2610,,,1,100,,24596,2610,,,1,100,,24609,2610,,,1,100,,24597,2610,,,1
1501,'F7',514,,24622,2610,,,1,86,,24614,2610,,,1,30,,24620,2610,,,1,72,,24642,2610,,,1,20,,24630,2610,,,1,20,,24624,2610,,,1,60,,24615,2610,,,1,30,,24611,2610,,,1,70,,24648,2610,,,1,31,,24632,2610,,,1,69,,24621,2610,,,1,30,,24640,2610,,,1,70,,24634,2610,,,1,30,,24616,2610,,,1,70,,24618,2610,,,1,30,,24635,2610,,,1,70,,24637,2610,,,1,30,,24619,2610,,,1,70,,24617,2610,,,1,30,,24643,2610,,,1,71,,24625,2610,,,1,31,,24646,2610,,,1,23,,24641,2610,,,1,79,,24638,2610,,,1,67,,24627,2610,,,1,30,,24613,2610,,,1,71,,24647,2610,,,1,27,,24636,2610,,,1,70,,24626,2610,,,1,30,,24644,2610,,,1,69,,24639,2610,,,1,30,,24612,2610,,,1,70,,24633,2610,,,1,30,,24645,2610,,,1,70,,24629,2610,,,1,30,,24610,2610,,,1,100,,24623,2610,,,1,100,,24628,2610,,,1,100,,24631,2610,,,1
1501,'F8',650,,24664,2610,,,1,100,,24658,2610,,,1,100,,24652,2610,,,1,100,,24665,2610,,,1,100,,24650,2610,,,1,100,,24649,2610,,,1,100,,24661,2610,,,1,101,,24656,2610,,,1,100,,24660,2610,,,1,102,,24657,2610,,,1,98,,24653,2610,,,1,100,,24659,2610,,,1,100,,24662,2610,,,1,99,,24663,2610,,,1,100,,24651,2610,,,1,100,,24666,2610,,,1,100,,24654,2610,,,1,100,,24667,2610,,,1,100,,24655,2610,,,1
1501,'F9',650,,24674,2610,,,1,100,,24671,2610,,,1,100,,24668,2610,,,1,100,,24681,2610,,,1,101,,24686,2610,,,1,100,,24679,2610,,,1,100,,24675,2610,,,1,100,,24669,2610,,,1,100,,24683,2610,,,1,100,,24670,2610,,,1,100,,24678,2610,,,1,100,,24676,2610,,,1,100,,24680,2610,,,1,99,,24684,2610,,,1,100,,24682,2610,,,1,100,,24677,2610,,,1,100,,24672,2610,,,1,100,,24685,2610,,,1,100,,24673,2610,,,1
1501,'SA',650,,24702,2610,,,1,100,,24696,2610,,,1,100,,24690,2610,,,1,100,,24703,2610,,,1,100,,24688,2610,,,1,100,,24687,2610,,,1,100,,24699,2610,,,1,101,,24694,2610,,,1,100,,24698,2610,,,1,102,,24695,2610,,,1,98,,24691,2610,,,1,100,,24697,2610,,,1,100,,24700,2610,,,1,99,,24701,2610,,,1,100,,24689,2610,,,1,100,,24704,2610,,,1,100,,24692,2610,,,1,100,,24705,2610,,,1,100,,24693,2610,,,1
1501,'SE',514,,24718,2610,,,1,86,,24710,2610,,,1,30,,24716,2610,,,1,72,,24738,2610,,,1,20,,24726,2610,,,1,20,,24720,2610,,,1,60,,24711,2610,,,1,30,,24707,2610,,,1,70,,24744,2610,,,1,31,,24728,2610,,,1,69,,24717,2610,,,1,30,,24736,2610,,,1,70,,24730,2610,,,1,30,,24712,2610,,,1,70,,24714,2610,,,1,30,,24731,2610,,,1,70,,24733,2610,,,1,30,,24715,2610,,,1,70,,24713,2610,,,1,30,,24739,2610,,,1,71,,24721,2610,,,1,31,,24742,2610,,,1,23,,24737,2610,,,1,79,,24734,2610,,,1,67,,24723,2610,,,1,30,,24709,2610,,,1,71,,24743,2610,,,1,27,,24732,2610,,,1,70,,24722,2610,,,1,30,,24740,2610,,,1,69,,24735,2610,,,1,30,,24708,2610,,,1,70,,24729,2610,,,1,30,,24741,2610,,,1,70,,24725,2610,,,1,30,,24706,2610,,,1,100,,24719,2610,,,1,100,,24724,2610,,,1,100,,24727,2610,,,1
65000,'F7',1630,,40810,7181,,,2
65000,'SE',1630,,40811,7181,,,2
