7700,'DI',704,,35010,2237,0,21 22 23,1,100,,35013,2237,0,21 22 23,1,100,,35011,2237,0,21 22 23,1,100,,35014,2237,0,21 22 23,1,100,,35012,2237,0,21 22 23,1,100,,35009,2237,0,21 22 23,1,100,,35015,2237,0,21 22 23,1,100,,35018,2237,0,21 22 23,1,100,,35008,2237,0,21 22 23,1,100,,35019,2237,0,21 22 23,1,100,,35020,2237,0,21 22 23,1,100,,35021,2237,0,21 22 23,1,100,,35016,2237,0,21 22 23,1,100,,35022,2237,0,21 22 23,1,100,,35017,2237,0,21 22 23,1
7700,'F1',704,,35026,2237,0,21 22 23,1,100,,35028,2237,0,21 22 23,1,100,,35027,2237,0,21 22 23,1,100,,35029,2237,0,21 22 23,1,100,,35023,2237,0,21 22 23,1,100,,35030,2237,0,21 22 23,1,100,,35031,2237,0,21 22 23,1,97,,35024,2237,0,21 22 23,1,103,,35032,2237,0,21 22 23,1,99,,35034,2237,0,21 22 23,1,101,,35033,2237,0,21 22 23,1,100,,35035,2237,0,21 22 23,1,100,,35036,2237,0,21 22 23,1,100,,35025,2237,0,21 22 23,1,100,,35037,2237,0,21 22 23,1
7700,'F2',704,,35052,2237,0,21 22 23,1,100,,35043,2237,0,21 22 23,1,100,,35039,2237,0,21 22 23,1,100,,35044,2237,0,21 22 23,1,100,,35040,2237,0,21 22 23,1,100,,35042,2237,0,21 22 23,1,100,,35045,2237,0,21 22 23,1,97,,35038,2237,0,21 22 23,1,103,,35046,2237,0,21 22 23,1,99,,35048,2237,0,21 22 23,1,101,,35047,2237,0,21 22 23,1,100,,35049,2237,0,21 22 23,1,100,,35050,2237,0,21 22 23,1,100,,35041,2237,0,21 22 23,1,100,,35051,2237,0,21 22 23,1
7700,'F7',556,,35056,2237,0,21 22 23,1,55,,35057,2237,0,21 22 23,1,20,,35062,2237,0,21 22 23,1,16,,35065,2237,0,21 22 23,1,67,,35068,2237,0,21 22 23,1,23,,35063,2237,0,21 22 23,1,22,,35067,2237,0,21 22 23,1,55,,35058,2237,0,21 22 23,1,32,,35066,2237,0,21 22 23,1,70,,35069,2237,0,21 22 23,1,30,,35064,2237,0,21 22 23,1,70,,35059,2237,0,21 22 23,1,30,,35071,2237,0,21 22 23,1,70,,35070,2237,0,21 22 23,1,30,,35073,2237,0,21 22 23,1,70,,35074,2237,0,21 22 23,1,33,,35072,2237,0,21 22 23,1,70,,35075,2237,0,21 22 23,1,30,,35079,2237,0,21 22 23,1,66,,35081,2237,0,21 22 23,1,20,,35084,2237,0,21 22 23,1,20,,35088,2237,0,21 22 23,1,60,,35076,2237,0,21 22 23,1,5,,35054,2237,0,21 22 23,1,15,,35080,2237,0,21 22 23,1,19,,35060,2237,0,21 22 23,1,58,,35082,2237,0,21 22 23,1,18,,35085,2237,0,21 22 23,1,18,,35089,2237,0,21 22 23,1,58,,35090,2237,0,21 22 23,1,20,,35077,2237,0,21 22 23,1,20,,35061,2237,0,21 22 23,1,58,,35083,2237,0,21 22 23,1,2,,35087,2237,0,21 22 23,1,19,,35086,2237,0,21 22 23,1,17,,35078,2237,0,21 22 23,1,70,,35091,2237,0,21 22 23,1,32,,35093,2237,0,21 22 23,1,71,,35055,2237,0,21 22 23,1,28,,35053,2237,0,21 22 23,1,70,,35092,2237,0,21 22 23,1
7700,'F8',704,,35108,2237,0,21 22 23,1,100,,35099,2237,0,21 22 23,1,100,,35095,2237,0,21 22 23,1,100,,35100,2237,0,21 22 23,1,100,,35096,2237,0,21 22 23,1,100,,35098,2237,0,21 22 23,1,100,,35101,2237,0,21 22 23,1,97,,35094,2237,0,21 22 23,1,103,,35102,2237,0,21 22 23,1,99,,35104,2237,0,21 22 23,1,101,,35103,2237,0,21 22 23,1,100,,35105,2237,0,21 22 23,1,100,,35106,2237,0,21 22 23,1,100,,35097,2237,0,21 22 23,1,100,,35107,2237,0,21 22 23,1
7700,'F9',704,,35111,2237,0,21 22 23,1,100,,35114,2237,0,21 22 23,1,100,,35112,2237,0,21 22 23,1,100,,35115,2237,0,21 22 23,1,100,,35113,2237,0,21 22 23,1,100,,35110,2237,0,21 22 23,1,100,,35116,2237,0,21 22 23,1,100,,35119,2237,0,21 22 23,1,100,,35109,2237,0,21 22 23,1,100,,35120,2237,0,21 22 23,1,100,,35121,2237,0,21 22 23,1,100,,35122,2237,0,21 22 23,1,100,,35117,2237,0,21 22 23,1,100,,35123,2237,0,21 22 23,1,100,,35118,2237,0,21 22 23,1
7700,'SA',704,,35137,2237,0,21 22 23,1,100,,35128,2237,0,21 22 23,1,100,,35125,2237,0,21 22 23,1,100,,35129,2237,0,21 22 23,1,100,,13602,2237,0,21 22 23,1,100,,35127,2237,0,21 22 23,1,100,,35130,2237,0,21 22 23,1,97,,35124,2237,0,21 22 23,1,103,,35131,2237,0,21 22 23,1,99,,35133,2237,0,21 22 23,1,101,,35132,2237,0,21 22 23,1,100,,35134,2237,0,21 22 23,1,100,,35135,2237,0,21 22 23,1,100,,35126,2237,0,21 22 23,1,100,,35136,2237,0,21 22 23,1
7700,'SE',556,,35141,2237,0,21 22 23,1,55,,35142,2237,0,21 22 23,1,20,,35147,2237,0,21 22 23,1,16,,35150,2237,0,21 22 23,1,67,,35153,2237,0,21 22 23,1,23,,35148,2237,0,21 22 23,1,22,,35152,2237,0,21 22 23,1,55,,35143,2237,0,21 22 23,1,32,,35151,2237,0,21 22 23,1,70,,35154,2237,0,21 22 23,1,30,,35149,2237,0,21 22 23,1,70,,35144,2237,0,21 22 23,1,30,,35156,2237,0,21 22 23,1,70,,35155,2237,0,21 22 23,1,30,,35158,2237,0,21 22 23,1,70,,35159,2237,0,21 22 23,1,33,,35157,2237,0,21 22 23,1,70,,35160,2237,0,21 22 23,1,30,,35164,2237,0,21 22 23,1,66,,35166,2237,0,21 22 23,1,20,,35169,2237,0,21 22 23,1,20,,35173,2237,0,21 22 23,1,60,,35161,2237,0,21 22 23,1,5,,35139,2237,0,21 22 23,1,15,,35165,2237,0,21 22 23,1,19,,35145,2237,0,21 22 23,1,58,,35167,2237,0,21 22 23,1,18,,35170,2237,0,21 22 23,1,18,,35174,2237,0,21 22 23,1,58,,13636,2237,0,21 22 23,1,20,,35162,2237,0,21 22 23,1,20,,35146,2237,0,21 22 23,1,58,,35168,2237,0,21 22 23,1,2,,35172,2237,0,21 22 23,1,19,,35171,2237,0,21 22 23,1,17,,35163,2237,0,21 22 23,1,70,,35175,2237,0,21 22 23,1,32,,35177,2237,0,21 22 23,1,71,,35140,2237,0,21 22 23,1,28,,35138,2237,0,21 22 23,1,70,,35176,2237,0,21 22 23,1
60501,'F7',837,,40749,5422,,,2,1,,40750,5422,,,2
60501,'SE',837,,40751,5422,,,2,1,,40752,5422,,,2
