2300,'F1',651,,6623,4744,,,2,100,,6624,4744,,,2,100,,6621,4744,,,2,101,,6622,4744,,,2,99,,6625,4744,,,2,103,,6626,4744,,,2,97,,6618,4744,,,2,100,,6619,4744,,,2,100,,6620,4744,,,2,100,,6629,4744,,,2,100,,6627,4744,,,2,102,,6628,4744,,,2
2300,'F8',952,,6632,4744,,,2,100,,6630,4744,,,2,100,,6633,4744,,,2,100,,6631,4744,,,2,100,,6634,4744,,,2
2300,'F9',651,,6640,4744,,,2,100,,6641,4744,,,2,100,,6638,4744,,,2,101,,6639,4744,,,2,99,,6642,4744,,,2,103,,6643,4744,,,2,97,,6635,4744,,,2,100,,6636,4744,,,2,100,,6637,4744,,,2,100,,6646,4744,,,2,100,,6644,4744,,,2,102,,6645,4744,,,2
2300,'SA',651,,6652,4744,,,2,100,,6653,4744,,,2,100,,6650,4744,,,2,101,,6651,4744,,,2,99,,6654,4744,,,2,103,,6655,4744,,,2,97,,6647,4744,,,2,100,,6648,4744,,,2,100,,6649,4744,,,2,100,,6658,4744,,,2,100,,6656,4744,,,2,102,,6657,4744,,,2
2300,'SE',952,,6661,4744,,,2,100,,6659,4744,,,2,100,,6662,4744,,,2,100,,6660,4744,,,2,100,,6663,4744,,,2
12300,'DI',621,,15895,4744,0,46 47,2,100,,15901,4744,0,46 47,2,100,,15896,4744,0,46 47,2,100,,15902,4744,0,46 47,2,100,,15897,4744,0,46 47,2,100,,15903,4744,0,46 47,2,105,,15898,4744,0,46 47,2,95,,15904,4744,0,46 47,2,100,,15899,4744,0,46 47,2,100,,15905,4744,0,46 47,2,100,,15900,4744,0,46 47,2,100,,15906,4744,0,46 47,2,100,,15907,4744,0,46 47,2,100,,15892,4744,0,46 47,2,100,,15908,4744,0,46 47,2,100,,15893,4744,0,46 47,2,100,,15909,4744,0,46 47,2,100,,15894,4744,0,46 47,2,100,,15910,4744,0,46 47,2
12300,'F1',621,,15911,4744,0,46 47,2,100,,15924,4744,0,46 47,2,100,,15912,4744,0,46 47,2,105,,15925,4744,0,46 47,2,99,,15913,4744,0,46 47,2,100,,15926,4744,0,46 47,2,100,,15914,4744,0,46 47,2,96,,15927,4744,0,46 47,2,100,,15915,4744,0,46 47,2,100,,15928,4744,0,46 47,2,104,,15916,4744,0,46 47,2,101,,15929,4744,0,46 47,2,99,,15917,4744,0,46 47,2,96,,15921,4744,0,46 47,2,100,,15918,4744,0,46 47,2,100,,15922,4744,0,46 47,2,100,,15919,4744,0,46 47,2,100,,15923,4744,0,46 47,2,100,,15920,4744,0,46 47,2
12300,'F7',621,,15933,4744,0,46 47,2,100,,15939,4744,0,46 47,2,100,,15934,4744,0,46 47,2,100,,15940,4744,0,46 47,2,100,,15935,4744,0,46 47,2,100,,15941,4744,0,46 47,2,105,,15936,4744,0,46 47,2,95,,15942,4744,0,46 47,2,100,,15937,4744,0,46 47,2,100,,15943,4744,0,46 47,2,100,,15938,4744,0,46 47,2,100,,15944,4744,0,46 47,2,100,,15945,4744,0,46 47,2,100,,15930,4744,0,46 47,2,100,,15946,4744,0,46 47,2,100,,15931,4744,0,46 47,2,100,,15947,4744,0,46 47,2,100,,15932,4744,0,46 47,2,100,,15948,4744,0,46 47,2
12300,'F8',513,,15964,4744,0,46 47,2,33,,15951,4744,0,46 47,2,55,,15954,4744,0,46 47,2,10,,15968,4744,0,46 47,2,10,,15953,4744,0,46 47,2,10,,15956,4744,0,46 47,2,12,,15969,4744,0,46 47,2,8,,15952,4744,0,46 47,2,52,,15973,4744,0,46 47,2,10,,15970,4744,0,46 47,2,21,,15974,4744,0,46 47,2,17,,15976,4744,0,46 47,2,69,,15977,4744,0,46 47,2,29,,15975,4744,0,46 47,2,69,,15955,4744,0,46 47,2,102,,15965,4744,0,46 47,2,100,,15949,4744,0,46 47,2,99,,15979,4744,0,46 47,2,101,,15959,4744,0,46 47,2,5,,15984,4744,0,46 47,2,93,,15957,4744,0,46 47,2,30,,15978,4744,0,46 47,2,71,,15960,4744,0,46 47,2,26,,15983,4744,0,46 47,2,71,,15982,4744,0,46 47,2,31,,15981,4744,0,46 47,2,71,,15962,4744,0,46 47,2,30,,15950,4744,0,46 47,2,76,,15961,4744,0,46 47,2,28,,15963,4744,0,46 47,2,70,,15985,4744,0,46 47,2,30,,15958,4744,0,46 47,2,70,,15980,4744,0,46 47,2,100,,15971,4744,0,46 47,2,100,,15966,4744,0,46 47,2,98,,15972,4744,0,46 47,2,100,,15967,4744,0,46 47,2
12300,'F9',621,,15986,4744,0,46 47,2,100,,15999,4744,0,46 47,2,100,,15987,4744,0,46 47,2,105,,16000,4744,0,46 47,2,99,,15988,4744,0,46 47,2,100,,16001,4744,0,46 47,2,100,,15989,4744,0,46 47,2,96,,16002,4744,0,46 47,2,100,,15990,4744,0,46 47,2,100,,16003,4744,0,46 47,2,104,,15991,4744,0,46 47,2,101,,16004,4744,0,46 47,2,99,,15992,4744,0,46 47,2,96,,15996,4744,0,46 47,2,100,,15993,4744,0,46 47,2,100,,15997,4744,0,46 47,2,100,,15994,4744,0,46 47,2,100,,15998,4744,0,46 47,2,100,,15995,4744,0,46 47,2
12300,'SA',621,,16005,4744,0,46 47,2,100,,16018,4744,0,46 47,2,100,,16006,4744,0,46 47,2,105,,16019,4744,0,46 47,2,99,,16007,4744,0,46 47,2,100,,16020,4744,0,46 47,2,100,,16008,4744,0,46 47,2,96,,16021,4744,0,46 47,2,100,,16009,4744,0,46 47,2,100,,16022,4744,0,46 47,2,104,,16010,4744,0,46 47,2,101,,16023,4744,0,46 47,2,99,,16011,4744,0,46 47,2,96,,16015,4744,0,46 47,2,100,,16012,4744,0,46 47,2,100,,16016,4744,0,46 47,2,100,,16013,4744,0,46 47,2,100,,16017,4744,0,46 47,2,100,,16014,4744,0,46 47,2
12300,'SE',513,,16039,4744,0,46 47,2,33,,16026,4744,0,46 47,2,55,,16029,4744,0,46 47,2,10,,16043,4744,0,46 47,2,10,,16028,4744,0,46 47,2,10,,16031,4744,0,46 47,2,12,,16044,4744,0,46 47,2,8,,16027,4744,0,46 47,2,52,,16048,4744,0,46 47,2,10,,16045,4744,0,46 47,2,21,,16049,4744,0,46 47,2,17,,16051,4744,0,46 47,2,69,,16052,4744,0,46 47,2,29,,16050,4744,0,46 47,2,69,,16030,4744,0,46 47,2,102,,16040,4744,0,46 47,2,100,,16024,4744,0,46 47,2,99,,16054,4744,0,46 47,2,101,,16034,4744,0,46 47,2,5,,16059,4744,0,46 47,2,93,,16032,4744,0,46 47,2,30,,16053,4744,0,46 47,2,71,,16035,4744,0,46 47,2,26,,16058,4744,0,46 47,2,71,,16057,4744,0,46 47,2,31,,16056,4744,0,46 47,2,71,,16037,4744,0,46 47,2,30,,16025,4744,0,46 47,2,76,,16036,4744,0,46 47,2,28,,16038,4744,0,46 47,2,70,,16060,4744,0,46 47,2,30,,16033,4744,0,46 47,2,70,,16055,4744,0,46 47,2,100,,16046,4744,0,46 47,2,100,,16041,4744,0,46 47,2,98,,16047,4744,0,46 47,2,100,,16042,4744,0,46 47,2
17000,'F8',553,,17038,7372,0,48,2,70,,17042,7372,0,48,2,31,,17039,7372,0,48,2,70,,17043,7372,0,48,2,30,,17040,7372,0,48,2,73,,17044,7372,0,48,2,28,,17041,7372,0,48,2,692,,17045,7372,0,48,2,70,,17049,7372,0,48,2,30,,17046,7372,0,48,2,70,,17050,7372,0,48,2,30,,17047,7372,0,48,2,70,,17051,7372,0,48,2,30,,17048,7372,0,48,2
17000,'SE',553,,17052,7372,0,48,2,70,,17056,7372,0,48,2,31,,17053,7372,0,48,2,70,,17057,7372,0,48,2,30,,17054,7372,0,48,2,73,,17058,7372,0,48,2,28,,17055,7372,0,48,2,692,,17059,7372,0,48,2,70,,17063,7372,0,48,2,30,,17060,7372,0,48,2,70,,17064,7372,0,48,2,30,,17061,7372,0,48,2,70,,17065,7372,0,48,2,30,,17062,7372,0,48,2
57500,'F8',1558,,18842,3363,,,2
57500,'SE',1558,,18843,3363,,,2
