1500,'DI',740,,3900,8094,,,1,101,,3894,8094,,,1,100,,3890,8094,,,1,100,,3888,8094,,,1,100,,3899,8094,,,1,100,,3901,8094,,,1,100,,3903,8094,,,1,100,,3891,8094,,,1,100,,3895,8094,,,1,100,,3902,8094,,,1,100,,3897,8094,,,1,100,,3904,8094,,,1,98,,3892,8094,,,1,100,,3889,8094,,,1,100,,3896,8094,,,1,100,,3893,8094,,,1,100,,3905,8094,,,1,100,,3898,8094,,,1,100,,3906,8094,,,1
1500,'F1',741,,3916,8094,,,1,100,,3913,8094,,,1,100,,3920,8094,,,1,100,,3910,8094,,,1,107,,3917,8094,,,1,95,,3915,8094,,,1,100,,3921,8094,,,1,100,,3911,8094,,,1,100,,3914,8094,,,1,100,,3907,8094,,,1,100,,3918,8094,,,1,100,,3923,8094,,,1,100,,3912,8094,,,1,99,,3919,8094,,,1,100,,3922,8094,,,1,100,,3924,8094,,,1,100,,3908,8094,,,1,100,,3925,8094,,,1,100,,3909,8094,,,1
1500,'F7',740,,3938,8094,,,1,101,,3932,8094,,,1,100,,3928,8094,,,1,100,,3926,8094,,,1,100,,3937,8094,,,1,100,,3939,8094,,,1,100,,3941,8094,,,1,100,,3929,8094,,,1,100,,3933,8094,,,1,100,,3940,8094,,,1,100,,3935,8094,,,1,100,,3942,8094,,,1,98,,3930,8094,,,1,100,,3927,8094,,,1,100,,3934,8094,,,1,100,,3931,8094,,,1,100,,3943,8094,,,1,100,,3936,8094,,,1,100,,3944,8094,,,1
1500,'F8',603,,3958,8094,,,1,30,,3956,8094,,,1,71,,3965,8094,,,1,28,,3952,8094,,,1,74,,3976,8094,,,1,26,,3978,8094,,,1,74,,3966,8094,,,1,30,,3963,8094,,,1,68,,3953,8094,,,1,30,,3957,8094,,,1,70,,3969,8094,,,1,30,,3967,8094,,,1,70,,3964,8094,,,1,30,,3970,8094,,,1,70,,3954,8094,,,1,30,,3947,8094,,,1,70,,3968,8094,,,1,30,,3951,8094,,,1,72,,3962,8094,,,1,30,,3981,8094,,,1,66,,3980,8094,,,1,34,,3975,8094,,,1,81,,3971,8094,,,1,19,,3955,8094,,,1,70,,3960,8094,,,1,30,,3979,8094,,,1,70,,3945,8094,,,1,27,,3972,8094,,,1,70,,3961,8094,,,1,30,,3959,8094,,,1,70,,3977,8094,,,1,30,,3974,8094,,,1,70,,3946,8094,,,1,30,,3949,8094,,,1,100,,3948,8094,,,1,98,,3973,8094,,,1,100,,3950,8094,,,1
1500,'F9',741,,3991,8094,,,1,100,,3988,8094,,,1,100,,3995,8094,,,1,100,,3985,8094,,,1,107,,3992,8094,,,1,95,,3990,8094,,,1,100,,3996,8094,,,1,100,,3986,8094,,,1,100,,3989,8094,,,1,100,,3982,8094,,,1,100,,3993,8094,,,1,100,,3998,8094,,,1,100,,3987,8094,,,1,99,,3994,8094,,,1,100,,3997,8094,,,1,100,,3999,8094,,,1,100,,3983,8094,,,1,100,,4000,8094,,,1,100,,3984,8094,,,1
1500,'SA',741,,4010,8094,,,1,100,,4007,8094,,,1,100,,4014,8094,,,1,100,,4004,8094,,,1,107,,4011,8094,,,1,95,,4009,8094,,,1,100,,4015,8094,,,1,100,,4005,8094,,,1,100,,4008,8094,,,1,100,,4001,8094,,,1,100,,4012,8094,,,1,100,,4017,8094,,,1,100,,4006,8094,,,1,99,,4013,8094,,,1,100,,4016,8094,,,1,100,,4018,8094,,,1,100,,4002,8094,,,1,100,,4019,8094,,,1,100,,4003,8094,,,1
1500,'SE',603,,4033,8094,,,1,30,,4031,8094,,,1,71,,4040,8094,,,1,28,,4027,8094,,,1,74,,4051,8094,,,1,26,,4053,8094,,,1,74,,4041,8094,,,1,30,,4038,8094,,,1,68,,4028,8094,,,1,30,,4032,8094,,,1,70,,4044,8094,,,1,30,,4042,8094,,,1,70,,4039,8094,,,1,30,,4045,8094,,,1,70,,4029,8094,,,1,30,,4022,8094,,,1,70,,4043,8094,,,1,30,,4026,8094,,,1,72,,4037,8094,,,1,30,,4056,8094,,,1,66,,4055,8094,,,1,34,,4050,8094,,,1,81,,4046,8094,,,1,19,,4030,8094,,,1,70,,4035,8094,,,1,30,,4054,8094,,,1,70,,4020,8094,,,1,27,,4047,8094,,,1,70,,4036,8094,,,1,30,,4034,8094,,,1,70,,4052,8094,,,1,30,,4049,8094,,,1,70,,4021,8094,,,1,30,,4024,8094,,,1,100,,4023,8094,,,1,98,,4048,8094,,,1,100,,4025,8094,,,1
53001,'F8',916,,18760,3052,,,2
53001,'SE',916,,18761,3052,,,2
65001,'F8',837,,18922,5486,,,2
65001,'SE',837,,18923,5486,,,2
