2201,'F8',528,,13695,,,2,92,,13697,,,2,25,,13696,,,2,70,,13702,,,2,30,,13698,,,2,908,,13699,,,2,80,,13700,,,2,20,,13701,,,2
2201,'SE',528,,3734,,,2,92,,3736,,,2,25,,3735,,,2,70,,3741,,,2,30,,3737,,,2,908,,3738,,,2,80,,3739,,,2,20,,3740,,,2
6100,'DI',714,,6189,,,2,89,,6193,,,2,30,,6190,,,2,70,,6196,,,2,30,,6194,,,2,70,,6191,,,2,30,,6197,,,2,70,,6199,,,2,30,,6204,,,2,70,,6209,,,2,30,,6200,,,2,70,,6205,,,2,30,,6210,,,2,70,,6201,,,2,30,,6206,,,2,70,,6212,,,2,30,,6202,,,2,74,,6207,,,2,21,,6213,,,2,75,,6216,,,2,20,,6220,,,2,80,,6214,,,2,25,,6217,,,2,30,,6221,,,2,85,,6218,,,2,100,,6222,,,2,100,,6224,,,2,100,,6226,,,2,100,,6228,,,2,100,,6229,,,2
6100,'F1',714,,6230,,,2,89,,6234,,,2,30,,6231,,,2,70,,6237,,,2,30,,6235,,,2,70,,6232,,,2,30,,6238,,,2,70,,6240,,,2,30,,6245,,,2,70,,6248,,,2,30,,6241,,,2,70,,6246,,,2,30,,6249,,,2,70,,6242,,,2,30,,6251,,,2,70,,6256,,,2,30,,6243,,,2,74,,6252,,,2,21,,6257,,,2,75,,6260,,,2,20,,6253,,,2,80,,6258,,,2,25,,6261,,,2,30,,6254,,,2,85,,6263,,,2,100,,6266,,,2,100,,6264,,,2,100,,6268,,,2,100,,6267,,,2,100,,6269,,,2
6100,'F7',714,,15687,,,2,89,,15691,,,2,30,,15688,,,2,70,,15694,,,2,30,,15692,,,2,70,,15689,,,2,30,,15695,,,2,70,,15697,,,2,30,,15702,,,2,70,,15707,,,2,30,,15698,,,2,70,,15703,,,2,30,,15708,,,2,70,,15699,,,2,30,,15704,,,2,70,,15710,,,2,30,,15700,,,2,74,,15705,,,2,21,,15711,,,2,75,,15714,,,2,20,,15718,,,2,80,,15712,,,2,25,,15715,,,2,30,,15719,,,2,85,,15716,,,2,100,,15720,,,2,100,,15722,,,2,100,,15724,,,2,100,,15726,,,2,100,,15727,,,2
6100,'F8',623,,15730,,,2,28,,15728,,,2,66,,15737,,,2,9,,15742,,,2,19,,15734,,,2,66,,15731,,,2,23,,15739,,,2,15,,15744,,,2,76,,15735,,,2,30,,15732,,,2,70,,15740,,,2,31,,15784,,,2,70,,15738,,,2,30,,15745,,,2,70,,15749,,,2,30,,15746,,,2,70,,15747,,,2,33,,15751,,,2,61,,15754,,,2,27,,15759,,,2,63,,15748,,,2,20,,15750,,,2,23,,15762,,,2,4,,15765,,,2,65,,15755,,,2,7,,15757,,,2,14,,15766,,,2,13,,15767,,,2,54,,15752,,,2,15,,15771,,,2,6,,15774,,,2,18,,15763,,,2,54,,15760,,,2,24,,15776,,,2,24,,15768,,,2,68,,15779,,,2,30,,15782,,,2,70,,15772,,,2,30,,15775,,,2,70,,15783,,,2,30,,15769,,,2,68,,15780,,,2,30,,15777,,,2,69,,15773,,,2,30,,15781,,,2,70,,15778,,,2
6100,'F9',714,,15786,,,2,89,,15790,,,2,30,,15787,,,2,70,,15793,,,2,30,,15791,,,2,70,,15788,,,2,30,,15794,,,2,70,,15796,,,2,30,,15801,,,2,70,,15804,,,2,30,,15797,,,2,70,,15802,,,2,30,,15805,,,2,70,,15798,,,2,30,,15807,,,2,70,,15812,,,2,30,,15799,,,2,74,,15808,,,2,21,,15813,,,2,75,,15816,,,2,20,,15809,,,2,80,,15814,,,2,25,,15817,,,2,30,,15810,,,2,85,,15819,,,2,100,,15822,,,2,100,,15820,,,2,100,,15824,,,2,100,,15823,,,2,100,,15825,,,2
6100,'SA',714,,6270,,,2,89,,6274,,,2,30,,6271,,,2,70,,6277,,,2,30,,6275,,,2,70,,6272,,,2,30,,6278,,,2,70,,6280,,,2,30,,6285,,,2,70,,6288,,,2,30,,6281,,,2,70,,6286,,,2,30,,6289,,,2,70,,6282,,,2,30,,6291,,,2,70,,6296,,,2,30,,6283,,,2,74,,6292,,,2,21,,6297,,,2,75,,6300,,,2,20,,6293,,,2,80,,6298,,,2,25,,6301,,,2,30,,6294,,,2,85,,6303,,,2,100,,6306,,,2,100,,6304,,,2,100,,6308,,,2,100,,6307,,,2,100,,6309,,,2
6100,'SE',623,,6312,,,2,28,,6310,,,2,66,,6319,,,2,9,,6324,,,2,19,,6316,,,2,66,,6313,,,2,23,,6321,,,2,15,,6326,,,2,76,,6317,,,2,30,,6314,,,2,70,,6322,,,2,31,,6366,,,2,70,,6320,,,2,30,,6327,,,2,70,,6331,,,2,30,,6328,,,2,70,,6329,,,2,33,,6333,,,2,61,,6336,,,2,27,,6341,,,2,63,,6330,,,2,20,,6332,,,2,23,,6344,,,2,4,,6347,,,2,65,,6337,,,2,7,,6339,,,2,14,,6348,,,2,13,,6349,,,2,54,,6334,,,2,15,,6353,,,2,6,,6356,,,2,18,,6345,,,2,54,,6342,,,2,24,,6358,,,2,24,,6350,,,2,68,,6361,,,2,30,,6364,,,2,70,,6354,,,2,30,,6357,,,2,70,,6365,,,2,30,,6351,,,2,68,,6362,,,2,30,,6359,,,2,69,,6355,,,2,30,,6363,,,2,70,,6360,,,2
6101,'DI',727,,6371,,,2,30,,6368,,,2,72,,6374,,,2,17,,6372,,,2,70,,6369,,,2,30,,6375,,,2,70,,6373,,,2,30,,6370,,,2,70,,6376,,,2,30,,6377,,,2,70,,6381,,,2,30,,6385,,,2,70,,6378,,,2,30,,6382,,,2,70,,6386,,,2,30,,6379,,,2,70,,6383,,,2,30,,6387,,,2,70,,6380,,,2,34,,6384,,,2,61,,6388,,,2,35,,6390,,,2,60,,6393,,,2,40,,6389,,,2,65,,6391,,,2,30,,6394,,,2,85,,6392,,,2,100,,6395,,,2,100,,6396,,,2,100,,6397,,,2
6101,'F1',727,,6403,,,2,30,,6400,,,2,72,,6406,,,2,17,,6404,,,2,70,,6401,,,2,30,,6407,,,2,70,,6405,,,2,30,,6402,,,2,70,,6408,,,2,30,,6409,,,2,70,,6413,,,2,30,,6415,,,2,70,,6410,,,2,30,,6414,,,2,70,,6416,,,2,30,,6411,,,2,70,,6417,,,2,30,,6421,,,2,70,,6412,,,2,34,,6418,,,2,61,,6422,,,2,35,,6424,,,2,60,,6419,,,2,40,,6423,,,2,65,,6425,,,2,30,,6420,,,2,85,,6426,,,2,100,,6428,,,2,100,,6427,,,2,100,,6430,,,2
6101,'F7',727,,15829,,,2,30,,15826,,,2,72,,15832,,,2,17,,15830,,,2,70,,15827,,,2,30,,15833,,,2,70,,15831,,,2,30,,15828,,,2,70,,15834,,,2,30,,15835,,,2,70,,15839,,,2,30,,15843,,,2,70,,15836,,,2,30,,15840,,,2,70,,15844,,,2,30,,15837,,,2,70,,15841,,,2,30,,15845,,,2,70,,15838,,,2,34,,15842,,,2,61,,15846,,,2,35,,15848,,,2,60,,15851,,,2,40,,15847,,,2,65,,15849,,,2,30,,15852,,,2,85,,15850,,,2,100,,15853,,,2,100,,15854,,,2,100,,15855,,,2
6101,'F8',607,,15907,,,2,30,,15909,,,2,10,,15862,,,2,57,,15865,,,2,9,,15859,,,2,14,,15868,,,2,14,,15858,,,2,7,,15872,,,2,56,,15866,,,2,9,,15871,,,2,19,,15863,,,2,24,,15860,,,2,62,,15869,,,2,15,,15873,,,2,76,,15864,,,2,30,,15861,,,2,70,,15870,,,2,32,,15908,,,2,70,,15867,,,2,30,,15874,,,2,72,,15878,,,2,30,,15875,,,2,70,,15876,,,2,33,,15880,,,2,61,,15882,,,2,27,,15885,,,2,23,,15877,,,2,60,,15879,,,2,24,,15887,,,2,4,,15889,,,2,65,,15883,,,2,7,,15884,,,2,14,,15890,,,2,13,,15891,,,2,14,,15881,,,2,54,,15894,,,2,6,,15897,,,2,14,,15888,,,2,14,,15886,,,2,64,,15899,,,2,24,,15892,,,2,68,,15902,,,2,28,,15905,,,2,70,,15895,,,2,29,,15898,,,2,29,,15906,,,2,70,,15893,,,2,29,,15903,,,2,70,,15900,,,2
6101,'F9',727,,15913,,,2,30,,15910,,,2,72,,15916,,,2,17,,15914,,,2,70,,15911,,,2,30,,15917,,,2,70,,15915,,,2,30,,15912,,,2,70,,15918,,,2,30,,15919,,,2,70,,15923,,,2,30,,15925,,,2,70,,15920,,,2,30,,15924,,,2,70,,15926,,,2,30,,15921,,,2,70,,15927,,,2,30,,15931,,,2,70,,15922,,,2,34,,15928,,,2,61,,15932,,,2,35,,15934,,,2,60,,15929,,,2,40,,15933,,,2,65,,15935,,,2,30,,15930,,,2,85,,15936,,,2,100,,15938,,,2,100,,15937,,,2,100,,15940,,,2
6101,'SA',727,,6435,,,2,30,,6432,,,2,72,,6438,,,2,17,,6436,,,2,70,,6433,,,2,30,,6439,,,2,70,,6437,,,2,30,,6434,,,2,70,,6440,,,2,30,,6441,,,2,70,,6445,,,2,30,,6447,,,2,70,,6442,,,2,30,,6446,,,2,70,,6448,,,2,30,,6443,,,2,70,,6449,,,2,30,,6453,,,2,70,,6444,,,2,34,,6450,,,2,61,,6454,,,2,35,,6456,,,2,60,,6451,,,2,40,,6455,,,2,65,,6457,,,2,30,,6452,,,2,85,,6458,,,2,100,,6460,,,2,100,,6459,,,2,100,,6462,,,2
6101,'SE',607,,6513,,,2,30,,6515,,,2,10,,6468,,,2,57,,6471,,,2,9,,6465,,,2,14,,6474,,,2,14,,6464,,,2,7,,6478,,,2,56,,6472,,,2,9,,6477,,,2,19,,6469,,,2,24,,6466,,,2,62,,6475,,,2,15,,6479,,,2,76,,6470,,,2,30,,6467,,,2,70,,6476,,,2,32,,6514,,,2,70,,6473,,,2,30,,6480,,,2,72,,6484,,,2,30,,6481,,,2,70,,6482,,,2,33,,6486,,,2,61,,6488,,,2,27,,6491,,,2,23,,6483,,,2,60,,6485,,,2,24,,6493,,,2,4,,6495,,,2,65,,6489,,,2,7,,6490,,,2,14,,6496,,,2,13,,6497,,,2,14,,6487,,,2,54,,6500,,,2,6,,6503,,,2,14,,6494,,,2,14,,6492,,,2,64,,6505,,,2,24,,6498,,,2,68,,6508,,,2,28,,6511,,,2,70,,6501,,,2,29,,6504,,,2,29,,6512,,,2,70,,6499,,,2,29,,6509,,,2,70,,6506,,,2
12001,'F8',559,,17835,,,2,71,,17833,,,2,26,,17837,,,2,77,,17834,,,2,69,,17839,,,2,32,,17838,,,2,795,,17831,,,2,72,,17832,,,2,36,,17841,,,2,22,,17836,,,2,69,,17840,,,2
12001,'SE',559,,8870,,,2,71,,8868,,,2,26,,8872,,,2,77,,8869,,,2,69,,8874,,,2,32,,8873,,,2,795,,8866,,,2,72,,8867,,,2,36,,8876,,,2,22,,8871,,,2,69,,8875,,,2
16100,'DI',623,,9410,,,2,1132,,9411,,,2
16100,'F1',623,,9424,,,2,1102,,9423,,,2
16100,'F7',623,,18267,,,2,1132,,18268,,,2
16100,'F8',703,,18283,,,2,25,,18281,,,2,25,,18282,,,2,462,,18285,,,2,389,,18287,,,2,41,,18286,,,2,80,,18284,,,2,100,,18288,,,2
16100,'F9',623,,18301,,,2,1102,,18300,,,2
16100,'SA',623,,9437,,,2,1102,,9436,,,2
16100,'SE',703,,9452,,,2,25,,9450,,,2,25,,9451,,,2,462,,9454,,,2,389,,9456,,,2,41,,9455,,,2,80,,9453,,,2,100,,9457,,,2
16101,'DI',601,,9469,,,2,30,,9460,,,2,70,,9458,,,2,30,,9464,,,2,70,,9462,,,2,30,,9468,,,2,70,,9461,,,2,702,,9466,,,2,28,,9459,,,2,72,,9465,,,2,30,,9470,,,2,70,,9463,,,2,32,,9467,,,2
16101,'F1',601,,9482,,,2,30,,9477,,,2,70,,9471,,,2,30,,9481,,,2,70,,9474,,,2,30,,9478,,,2,70,,9476,,,2,700,,9480,,,2,31,,9472,,,2,71,,9479,,,2,30,,9483,,,2,71,,9473,,,2,31,,9475,,,2
16101,'F7',601,,18313,,,2,30,,18304,,,2,70,,18302,,,2,30,,18308,,,2,70,,18306,,,2,30,,18312,,,2,70,,18305,,,2,702,,18310,,,2,28,,18303,,,2,72,,18309,,,2,30,,18314,,,2,70,,18307,,,2,32,,18311,,,2
16101,'F8',556,,18320,,,2,60,,18318,,,2,22,,18331,,,2,20,,18319,,,2,53,,18328,,,2,17,,18324,,,2,16,,18333,,,2,56,,18315,,,2,23,,18321,,,2,21,,18316,,,2,57,,18325,,,2,20,,18322,,,2,325,,18330,,,2,372,,18329,,,2,14,,18317,,,2,22,,18334,,,2,59,,18326,,,2,19,,18332,,,2,21,,18327,,,2,60,,18323,,,2
16101,'F9',601,,18346,,,2,30,,18341,,,2,70,,18335,,,2,30,,18345,,,2,70,,18338,,,2,30,,18342,,,2,70,,18340,,,2,700,,18344,,,2,31,,18336,,,2,71,,18343,,,2,30,,18347,,,2,71,,18337,,,2,31,,18339,,,2
16101,'SA',601,,9495,,,2,30,,9490,,,2,70,,9484,,,2,30,,9494,,,2,70,,9487,,,2,30,,9491,,,2,70,,9489,,,2,700,,9493,,,2,31,,9485,,,2,71,,9492,,,2,30,,9496,,,2,71,,9486,,,2,31,,9488,,,2
16101,'SE',556,,9502,,,2,60,,9500,,,2,22,,9513,,,2,20,,9501,,,2,53,,9510,,,2,17,,9506,,,2,16,,9515,,,2,56,,9497,,,2,23,,9503,,,2,21,,9498,,,2,57,,9507,,,2,20,,9504,,,2,325,,9512,,,2,372,,9511,,,2,14,,9499,,,2,22,,9516,,,2,59,,9508,,,2,19,,9514,,,2,21,,9509,,,2,60,,9505,,,2
18501,'F8',1549,,18405,,,2,61,,18407,,,2,44,,18406,,,2,65,,18404,,,2
18501,'SE',1549,,9574,,,2,61,,9576,,,2,44,,9575,,,2,65,,9573,,,2
