1401,'F7',558,,24311,3965,,,1,70,,24313,3965,,,1,20,,24316,3965,,,1,55,,24315,3965,,,1,16,,24318,3965,,,1,12,,24312,3965,,,1,16,,24309,3965,,,1,54,,24314,3965,,,1,14,,24317,3965,,,1,16,,24320,3965,,,1,16,,24310,3965,,,1,61,,24319,3965,,,1,24,,24328,3965,,,1,100,,24329,3965,,,1,100,,24333,3965,,,1,100,,24334,3965,,,1,100,,24321,3965,,,1,100,,24325,3965,,,1,100,,24323,3965,,,1,85,,24332,3965,,,1,16,,24327,3965,,,1,19,,24322,3965,,,1,64,,24336,3965,,,1,19,,24335,3965,,,1,21,,24330,3965,,,1,60,,24324,3965,,,1,18,,24326,3965,,,1,69,,24331,3965,,,1
1401,'SE',558,,24339,3965,,,1,70,,24341,3965,,,1,20,,24344,3965,,,1,55,,24343,3965,,,1,16,,24346,3965,,,1,12,,24340,3965,,,1,16,,24337,3965,,,1,54,,24342,3965,,,1,14,,24345,3965,,,1,16,,24348,3965,,,1,16,,24338,3965,,,1,61,,24347,3965,,,1,24,,24356,3965,,,1,100,,24357,3965,,,1,100,,24361,3965,,,1,100,,24362,3965,,,1,100,,24349,3965,,,1,100,,24353,3965,,,1,100,,24351,3965,,,1,85,,24360,3965,,,1,16,,24355,3965,,,1,19,,24350,3965,,,1,64,,24364,3965,,,1,19,,24363,3965,,,1,21,,24358,3965,,,1,60,,24352,3965,,,1,18,,24354,3965,,,1,69,,24359,3965,,,1
4301,'DI',807,,29856,4225,,,1,100,,29849,4225,,,1,100,,29850,4225,,,1,100,,29851,4225,,,1,101,,29852,4225,,,1,99,,29841,4225,,,1,100,,29842,4225,,,1,100,,29847,4225,,,1,101,,29848,4225,,,1,99,,29853,4225,,,1,100,,29843,4225,,,1,100,,29844,4225,,,1,100,,29845,4225,,,1,100,,29854,4225,,,1,100,,29846,4225,,,1,100,,29857,4225,,,1,99,,29855,4225,,,1,100,,29858,4225,,,1
4301,'F1',707,,29868,4225,,,1,100,,29859,4225,,,1,100,,29869,4225,,,1,100,,29876,4225,,,1,100,,29870,4225,,,1,100,,29874,4225,,,1,100,,29861,4225,,,1,100,,29873,4225,,,1,100,,29871,4225,,,1,101,,29875,4225,,,1,99,,29877,4225,,,1,100,,29860,4225,,,1,100,,29863,4225,,,1,100,,29864,4225,,,1,100,,29872,4225,,,1,100,,29865,4225,,,1,100,,29862,4225,,,1,99,,29866,4225,,,1,100,,29867,4225,,,1
4301,'F2',707,,29886,4225,,,1,100,,29880,4225,,,1,100,,29895,4225,,,1,100,,29891,4225,,,1,100,,29896,4225,,,1,100,,29878,4225,,,1,100,,29885,4225,,,1,100,,29888,4225,,,1,100,,29894,4225,,,1,101,,29879,4225,,,1,99,,29887,4225,,,1,100,,29883,4225,,,1,100,,29889,4225,,,1,100,,29881,4225,,,1,100,,29892,4225,,,1,100,,29884,4225,,,1,100,,29882,4225,,,1,99,,29890,4225,,,1,100,,29893,4225,,,1
4301,'F7',654,,29914,4225,,,1,73,,29917,4225,,,1,73,,29898,4225,,,1,22,,29908,4225,,,1,80,,29918,4225,,,1,25,,29897,4225,,,1,30,,29915,4225,,,1,100,,29919,4225,,,1,100,,29899,4225,,,1,100,,29907,4225,,,1,100,,29900,4225,,,1,96,,29916,4225,,,1,74,,29912,4225,,,1,27,,29901,4225,,,1,81,,29902,4225,,,1,66,,29904,4225,,,1,28,,29913,4225,,,1,71,,29910,4225,,,1,30,,29906,4225,,,1,70,,29909,4225,,,1,59,,29922,4225,,,1,100,,29903,4225,,,1,100,,29905,4225,,,1,99,,29920,4225,,,1,100,,29911,4225,,,1,100,,29921,4225,,,1
4301,'F8',707,,29931,4225,,,1,100,,29925,4225,,,1,100,,29940,4225,,,1,100,,29936,4225,,,1,100,,29941,4225,,,1,100,,29923,4225,,,1,100,,29930,4225,,,1,100,,29933,4225,,,1,100,,29939,4225,,,1,101,,29924,4225,,,1,99,,29932,4225,,,1,100,,29928,4225,,,1,100,,29934,4225,,,1,100,,29926,4225,,,1,100,,29937,4225,,,1,100,,29929,4225,,,1,100,,29927,4225,,,1,99,,29935,4225,,,1,100,,29938,4225,,,1
4301,'F9',807,,29957,4225,,,1,100,,29950,4225,,,1,100,,29951,4225,,,1,100,,29952,4225,,,1,101,,29953,4225,,,1,99,,29942,4225,,,1,100,,29943,4225,,,1,100,,29948,4225,,,1,101,,29949,4225,,,1,99,,29954,4225,,,1,100,,29944,4225,,,1,100,,29945,4225,,,1,100,,29946,4225,,,1,100,,29955,4225,,,1,100,,29947,4225,,,1,100,,29958,4225,,,1,99,,29956,4225,,,1,100,,29959,4225,,,1
4301,'SA',707,,29968,4225,,,1,100,,29962,4225,,,1,100,,29976,4225,,,1,100,,29973,4225,,,1,100,,29977,4225,,,1,100,,29960,4225,,,1,100,,29967,4225,,,1,100,,29970,4225,,,1,100,,8946,4225,,,1,101,,29961,4225,,,1,99,,29969,4225,,,1,100,,29965,4225,,,1,100,,29971,4225,,,1,100,,29963,4225,,,1,100,,29974,4225,,,1,100,,29966,4225,,,1,100,,29964,4225,,,1,99,,29972,4225,,,1,100,,29975,4225,,,1
4301,'SE',654,,29995,4225,,,1,73,,29998,4225,,,1,73,,29979,4225,,,1,22,,29989,4225,,,1,80,,29999,4225,,,1,25,,29978,4225,,,1,30,,29996,4225,,,1,100,,30000,4225,,,1,100,,29980,4225,,,1,100,,29988,4225,,,1,100,,29981,4225,,,1,96,,29997,4225,,,1,74,,29993,4225,,,1,27,,29982,4225,,,1,81,,29983,4225,,,1,66,,29985,4225,,,1,28,,29994,4225,,,1,71,,29991,4225,,,1,30,,29987,4225,,,1,70,,29990,4225,,,1,59,,30003,4225,,,1,100,,29984,4225,,,1,100,,29986,4225,,,1,99,,30001,4225,,,1,100,,29992,4225,,,1,100,,30002,4225,,,1
21400,'DI',911,,39011,3965,,,1,100,,39012,3965,,,1,100,,39013,3965,,,1,100,,39014,3965,,,1,100,,39015,3965,,,1,100,,39016,3965,,,1,100,,39017,3965,,,1,100,,39018,3965,,,1,100,,39019,3965,,,1,100,,39020,3965,,,1
21400,'F1',911,,39021,3965,,,1,100,,39022,3965,,,1,100,,17207,3965,,,1,100,,17208,3965,,,1,100,,17209,3965,,,1,100,,39023,3965,,,1,100,,17211,3965,,,1,100,,17212,3965,,,1,100,,17213,3965,,,1,100,,17214,3965,,,1
21400,'F2',911,,39024,3965,,,1,100,,39025,3965,,,1,100,,39026,3965,,,1,100,,39027,3965,,,1,100,,39028,3965,,,1,100,,39029,3965,,,1,100,,39030,3965,,,1,100,,39031,3965,,,1,100,,39032,3965,,,1,100,,39033,3965,,,1
21400,'F8',911,,39034,3965,,,1,100,,39035,3965,,,1,100,,39036,3965,,,1,100,,39037,3965,,,1,100,,39038,3965,,,1,100,,39039,3965,,,1,100,,39040,3965,,,1,100,,39041,3965,,,1,100,,39042,3965,,,1,100,,39043,3965,,,1
21400,'F9',911,,39044,3965,,,1,100,,39045,3965,,,1,100,,39046,3965,,,1,100,,39047,3965,,,1,100,,39048,3965,,,1,100,,39049,3965,,,1,100,,39050,3965,,,1,100,,39051,3965,,,1,100,,39052,3965,,,1,100,,39053,3965,,,1
21400,'SA',911,,39054,3965,,,1,100,,39055,3965,,,1,100,,39056,3965,,,1,100,,39057,3965,,,1,100,,39058,3965,,,1,100,,39059,3965,,,1,100,,39060,3965,,,1,100,,39061,3965,,,1,100,,39062,3965,,,1,100,,39063,3965,,,1
69301,'F7',836,,40939,1979,,,2,1,,40938,1979,,,2
69301,'SE',836,,40941,1979,,,2,1,,40940,1979,,,2
