42800,'DI',632,,9939,4,,2,113,,9940,4,,2,111,,9941,4,,2,146,,9942,4,,2,110,,9943,4,,2,35,,9949,4,,2,75,,9944,4,,2,35,,9950,4,,2,75,,9945,4,,2,75,,9951,4,,2,35,,9946,4,,2,77,,9952,4,,2,34,,9947,4,,2,84,,9953,4,,2,74,,9948,4,,2,108,,9954,4,,2,106,,9955,4,,2,108,,9956,4,,2,110,,9957,4,,2,110,,9958,4,,2
42800,'F1',632,,9959,4,,2,113,,9960,4,,2,111,,9961,4,,2,146,,9962,4,,2,110,,9963,4,,2,35,,9969,4,,2,75,,9964,4,,2,35,,9970,4,,2,75,,9965,4,,2,75,,9971,4,,2,35,,9966,4,,2,77,,9972,4,,2,34,,9967,4,,2,84,,9973,4,,2,74,,9968,4,,2,108,,9974,4,,2,106,,9975,4,,2,108,,9976,4,,2,110,,9977,4,,2,110,,9978,4,,2
42800,'F7',632,,18750,4,,2,113,,18751,4,,2,111,,18752,4,,2,146,,18753,4,,2,110,,18754,4,,2,35,,18760,4,,2,75,,18755,4,,2,35,,18761,4,,2,75,,18756,4,,2,75,,18762,4,,2,35,,18757,4,,2,77,,18763,4,,2,34,,18758,4,,2,84,,18764,4,,2,74,,18759,4,,2,108,,18765,4,,2,106,,18766,4,,2,108,,18767,4,,2,110,,18768,4,,2,110,,18769,4,,2
42800,'F8',547,,18770,4,,2,75,,18780,4,,2,33,,18771,4,,2,88,,18781,4,,2,78,,18772,4,,2,35,,18782,4,,2,74,,18773,4,,2,72,,18783,4,,2,35,,18774,4,,2,75,,18784,4,,2,35,,18775,4,,2,75,,18785,4,,2,33,,18776,4,,2,73,,18786,4,,2,75,,18777,4,,2,35,,18787,4,,2,76,,18778,4,,2,37,,18788,4,,2,76,,18779,4,,2,84,,18789,4,,2,31,,18796,4,,2,79,,18790,4,,2,32,,18797,4,,2,75,,18791,4,,2,107,,18792,4,,2,108,,18793,4,,2,110,,18794,4,,2,150,,18795,4,,2
42800,'F9',632,,18798,4,,2,113,,18799,4,,2,111,,18800,4,,2,146,,18801,4,,2,110,,18802,4,,2,35,,18808,4,,2,75,,18803,4,,2,35,,18809,4,,2,75,,18804,4,,2,75,,18810,4,,2,35,,18805,4,,2,77,,18811,4,,2,34,,18806,4,,2,84,,18812,4,,2,74,,18807,4,,2,108,,18813,4,,2,106,,18814,4,,2,108,,18815,4,,2,110,,18816,4,,2,110,,18817,4,,2
42800,'SA',632,,9979,4,,2,113,,9980,4,,2,111,,9981,4,,2,146,,9982,4,,2,110,,9983,4,,2,35,,9989,4,,2,75,,9984,4,,2,35,,9990,4,,2,75,,9985,4,,2,75,,9991,4,,2,35,,9986,4,,2,77,,9992,4,,2,34,,9987,4,,2,84,,9993,4,,2,74,,9988,4,,2,108,,9994,4,,2,106,,9995,4,,2,108,,9996,4,,2,110,,9997,4,,2,110,,9998,4,,2
42800,'SE',547,,9999,4,,2,75,,10009,4,,2,33,,10000,4,,2,88,,10010,4,,2,78,,10001,4,,2,35,,10011,4,,2,74,,10002,4,,2,72,,10012,4,,2,35,,10003,4,,2,75,,10013,4,,2,35,,10004,4,,2,75,,10014,4,,2,33,,10005,4,,2,73,,10015,4,,2,75,,10006,4,,2,35,,10016,4,,2,76,,10007,4,,2,37,,10017,4,,2,76,,10008,4,,2,84,,10018,4,,2,31,,10025,4,,2,79,,10019,4,,2,32,,10026,4,,2,75,,10020,4,,2,107,,10021,4,,2,108,,10022,4,,2,110,,10023,4,,2,150,,10024,4,,2
42801,'DI',639,,10027,,,2,113,,10028,,,2,151,,10029,,,2,106,,10030,,,2,110,,10031,,,2,35,,10037,,,2,75,,10032,,,2,75,,10038,,,2,35,,10033,,,2,76,,10039,,,2,34,,10034,,,2,76,,10040,,,2,75,,10035,,,2,44,,10041,,,2,74,,10036,,,2,108,,10042,,,2,106,,10043,,,2,108,,10044,,,2,110,,10045,,,2,155,,10046,,,2
42801,'F1',639,,10047,,,2,113,,10048,,,2,151,,10049,,,2,106,,10050,,,2,110,,10051,,,2,35,,10057,,,2,75,,10052,,,2,75,,10058,,,2,35,,10053,,,2,76,,10059,,,2,34,,10054,,,2,76,,10060,,,2,75,,10055,,,2,44,,10061,,,2,74,,10056,,,2,108,,10062,,,2,106,,10063,,,2,108,,10064,,,2,110,,10065,,,2,155,,10066,,,2
42801,'F7',639,,18818,,,2,113,,18819,,,2,151,,18820,,,2,106,,18821,,,2,110,,18822,,,2,35,,18828,,,2,75,,18823,,,2,75,,18829,,,2,35,,18824,,,2,76,,18830,,,2,34,,18825,,,2,76,,18831,,,2,75,,18826,,,2,44,,18832,,,2,74,,18827,,,2,108,,18833,,,2,106,,18834,,,2,108,,18835,,,2,110,,18836,,,2,155,,18837,,,2
42801,'F8',554,,18838,,,2,80,,18848,,,2,78,,18839,,,2,38,,18849,,,2,78,,18840,,,2,75,,18850,,,2,34,,18841,,,2,72,,18851,,,2,35,,18842,,,2,75,,18852,,,2,35,,18843,,,2,75,,18853,,,2,73,,18844,,,2,33,,18854,,,2,75,,18845,,,2,35,,18855,,,2,76,,18846,,,2,37,,18856,,,2,80,,18847,,,2,80,,18857,,,2,31,,18864,,,2,79,,18858,,,2,72,,18865,,,2,35,,18859,,,2,107,,18860,,,2,108,,18861,,,2,155,,18862,,,2,105,,18863,,,2
42801,'F9',639,,18866,,,2,113,,18867,,,2,151,,18868,,,2,106,,18869,,,2,110,,18870,,,2,35,,18876,,,2,75,,18871,,,2,75,,18877,,,2,35,,18872,,,2,76,,18878,,,2,34,,18873,,,2,76,,18879,,,2,75,,18874,,,2,44,,18880,,,2,74,,18875,,,2,108,,18881,,,2,106,,18882,,,2,108,,18883,,,2,110,,18884,,,2,155,,18885,,,2
42801,'SA',639,,10067,,,2,113,,10068,,,2,151,,10069,,,2,106,,10070,,,2,110,,10071,,,2,35,,10077,,,2,75,,10072,,,2,75,,10078,,,2,35,,10073,,,2,76,,10079,,,2,34,,10074,,,2,76,,10080,,,2,75,,10075,,,2,44,,10081,,,2,74,,10076,,,2,108,,10082,,,2,106,,10083,,,2,108,,10084,,,2,110,,10085,,,2,155,,10086,,,2
42801,'SE',554,,10087,,,2,80,,10097,,,2,78,,10088,,,2,38,,10098,,,2,78,,10089,,,2,75,,10099,,,2,34,,10090,,,2,72,,10100,,,2,35,,10091,,,2,75,,10101,,,2,35,,10092,,,2,75,,10102,,,2,73,,10093,,,2,33,,10103,,,2,75,,10094,,,2,35,,10104,,,2,76,,10095,,,2,37,,10105,,,2,80,,10096,,,2,80,,10106,,,2,31,,10113,,,2,79,,10107,,,2,72,,10114,,,2,35,,10108,,,2,107,,10109,,,2,108,,10110,,,2,155,,10111,,,2,105,,10112,,,2
