401,'DI',717,,21399,9046,,,1,30,,21385,9046,,,1,70,,21392,9046,,,1,32,,21405,9046,,,1,70,,21407,9046,,,1,30,,21386,9046,,,1,70,,21393,9046,,,1,30,,21406,9046,,,1,70,,21408,9046,,,1,30,,21387,9046,,,1,70,,21413,9046,,,1,30,,21414,9046,,,1,70,,21409,9046,,,1,31,,21388,9046,,,1,69,,21394,9046,,,1,30,,21416,9046,,,1,70,,21397,9046,,,1,32,,21389,9046,,,1,69,,21395,9046,,,1,30,,21417,9046,,,1,74,,21398,9046,,,1,25,,21410,9046,,,1,70,,21415,9046,,,1,30,,21412,9046,,,1,70,,21390,9046,,,1,31,,21411,9046,,,1,69,,21400,9046,,,1,30,,21383,9046,,,1,70,,21396,9046,,,1,100,,21402,9046,,,1,100,,21404,9046,,,1,100,,21401,9046,,,1
401,'F1',717,,21423,9046,,,1,30,,21419,9046,,,1,70,,21427,9046,,,1,32,,21448,9046,,,1,70,,21424,9046,,,1,30,,21420,9046,,,1,70,,21438,9046,,,1,30,,21449,9046,,,1,70,,1236,9046,,,1,30,,21446,9046,,,1,72,,21428,9046,,,1,30,,21450,9046,,,1,70,,21431,9046,,,1,30,,21439,9046,,,1,70,,21421,9046,,,1,30,,21430,9046,,,1,70,,21447,9046,,,1,30,,21440,9046,,,1,70,,21436,9046,,,1,30,,21441,9046,,,1,70,,21435,9046,,,1,30,,21444,9046,,,1,68,,21445,9046,,,1,30,,21422,9046,,,1,70,,21433,9046,,,1,30,,21443,9046,,,1,70,,21432,9046,,,1,30,,21437,9046,,,1,70,,21425,9046,,,1,100,,21442,9046,,,1,100,,1223,9046,,,1,100,,21434,9046,,,1
401,'F2',717,,21456,9046,,,1,30,,21453,9046,,,1,70,,21460,9046,,,1,32,,21462,9046,,,1,70,,21457,9046,,,1,30,,21454,9046,,,1,70,,21480,9046,,,1,30,,21463,9046,,,1,70,,21474,9046,,,1,30,,21484,9046,,,1,72,,21472,9046,,,1,30,,21483,9046,,,1,70,,21467,9046,,,1,30,,21451,9046,,,1,70,,21464,9046,,,1,30,,21475,9046,,,1,70,,21485,9046,,,1,30,,21482,9046,,,1,70,,21471,9046,,,1,30,,21477,9046,,,1,70,,21470,9046,,,1,30,,21458,9046,,,1,68,,21476,9046,,,1,30,,21466,9046,,,1,70,,21455,9046,,,1,30,,21479,9046,,,1,70,,21465,9046,,,1,30,,21478,9046,,,1,70,,21481,9046,,,1,100,,21473,9046,,,1,100,,21469,9046,,,1,100,,21468,9046,,,1
401,'F7',633,,21512,9046,,,1,21,,21488,9046,,,1,71,,21486,9046,,,1,34,,21489,9046,,,1,73,,21521,9046,,,1,70,,21497,9046,,,1,32,,21504,9046,,,1,70,,21513,9046,,,1,30,,21523,9046,,,1,70,,21515,9046,,,1,30,,21490,9046,,,1,70,,21508,9046,,,1,31,,21511,9046,,,1,72,,21509,9046,,,1,30,,21498,9046,,,1,70,,21507,9046,,,1,26,,21487,9046,,,1,74,,21519,9046,,,1,15,,21516,9046,,,1,23,,21491,9046,,,1,61,,21510,9046,,,1,19,,21493,9046,,,1,20,,21494,9046,,,1,64,,21514,9046,,,1,16,,21522,9046,,,1,20,,21518,9046,,,1,64,,21503,9046,,,1,16,,21517,9046,,,1,27,,21492,9046,,,1,70,,21520,9046,,,1,27,,21500,9046,,,1,69,,21495,9046,,,1,30,,21506,9046,,,1,70,,21524,9046,,,1,30,,21525,9046,,,1,100,,21496,9046,,,1,98,,21502,9046,,,1,100,,21505,9046,,,1
401,'F8',717,,21531,9046,,,1,30,,21528,9046,,,1,70,,21535,9046,,,1,32,,21537,9046,,,1,70,,21532,9046,,,1,30,,21529,9046,,,1,70,,21555,9046,,,1,30,,21538,9046,,,1,70,,21549,9046,,,1,30,,21559,9046,,,1,72,,21547,9046,,,1,30,,21558,9046,,,1,70,,21542,9046,,,1,30,,21526,9046,,,1,70,,21539,9046,,,1,30,,21550,9046,,,1,70,,21560,9046,,,1,30,,21557,9046,,,1,70,,21546,9046,,,1,30,,21552,9046,,,1,70,,21545,9046,,,1,30,,21533,9046,,,1,68,,21551,9046,,,1,30,,21541,9046,,,1,70,,21530,9046,,,1,30,,21554,9046,,,1,70,,21540,9046,,,1,30,,21553,9046,,,1,70,,21556,9046,,,1,100,,21548,9046,,,1,100,,21544,9046,,,1,100,,21543,9046,,,1
401,'F9',717,,21577,9046,,,1,30,,21563,9046,,,1,70,,21570,9046,,,1,32,,21583,9046,,,1,70,,21585,9046,,,1,30,,21564,9046,,,1,70,,21571,9046,,,1,30,,21584,9046,,,1,70,,21586,9046,,,1,30,,21565,9046,,,1,70,,21591,9046,,,1,30,,21592,9046,,,1,70,,21587,9046,,,1,31,,21566,9046,,,1,69,,21572,9046,,,1,30,,21594,9046,,,1,70,,21575,9046,,,1,32,,21567,9046,,,1,69,,21573,9046,,,1,30,,21595,9046,,,1,74,,21576,9046,,,1,25,,21588,9046,,,1,70,,21593,9046,,,1,30,,21590,9046,,,1,70,,21568,9046,,,1,31,,21589,9046,,,1,69,,21578,9046,,,1,30,,21561,9046,,,1,70,,21574,9046,,,1,100,,21580,9046,,,1,100,,21582,9046,,,1,100,,21579,9046,,,1
401,'SA',717,,1358,9046,,,1,30,,21597,9046,,,1,70,,1361,9046,,,1,32,,1363,9046,,,1,70,,1359,9046,,,1,30,,21598,9046,,,1,70,,21616,9046,,,1,30,,1364,9046,,,1,70,,21610,9046,,,1,30,,21620,9046,,,1,72,,21608,9046,,,1,30,,21619,9046,,,1,70,,21603,9046,,,1,30,,1356,9046,,,1,70,,1365,9046,,,1,30,,21611,9046,,,1,70,,21621,9046,,,1,30,,21618,9046,,,1,70,,21607,9046,,,1,30,,21613,9046,,,1,70,,21606,9046,,,1,30,,21600,9046,,,1,68,,21612,9046,,,1,30,,21602,9046,,,1,70,,21599,9046,,,1,30,,21615,9046,,,1,70,,21601,9046,,,1,30,,21614,9046,,,1,70,,21617,9046,,,1,100,,21609,9046,,,1,100,,21605,9046,,,1,100,,21604,9046,,,1
401,'SE',633,,21647,9046,,,1,21,,21624,9046,,,1,71,,21622,9046,,,1,34,,21625,9046,,,1,73,,21653,9046,,,1,70,,21633,9046,,,1,32,,21640,9046,,,1,70,,1417,9046,,,1,30,,21655,9046,,,1,70,,21649,9046,,,1,30,,21626,9046,,,1,70,,21644,9046,,,1,31,,1416,9046,,,1,72,,21645,9046,,,1,30,,21634,9046,,,1,70,,21643,9046,,,1,26,,21623,9046,,,1,74,,21651,9046,,,1,15,,1420,9046,,,1,23,,21627,9046,,,1,61,,21646,9046,,,1,19,,21629,9046,,,1,20,,21630,9046,,,1,64,,21648,9046,,,1,16,,21654,9046,,,1,20,,21650,9046,,,1,64,,21639,9046,,,1,16,,1421,9046,,,1,27,,21628,9046,,,1,70,,21652,9046,,,1,27,,21636,9046,,,1,69,,21631,9046,,,1,30,,21642,9046,,,1,70,,21656,9046,,,1,30,,21657,9046,,,1,100,,21632,9046,,,1,98,,21638,9046,,,1,100,,21641,9046,,,1
3400,'F7',1632,,28841,3765,0,28 29,2,26,,28844,3765,0,28 29,2,60,,28842,3765,0,28 29,2,20,,28845,3765,0,28 29,2,70,,28843,3765,0,28 29,2,35,,28846,3765,0,28 29,2
3400,'SE',1632,,28851,3765,0,28 29,2,26,,28854,3765,0,28 29,2,60,,28852,3765,0,28 29,2,20,,28855,3765,0,28 29,2,70,,28853,3765,0,28 29,2,35,,28856,3765,0,28 29,2
