1400,'F7',642,,24269,15483,,,1,17,,24264,15483,,,1,66,,24265,15483,,,1,14,,24268,15483,,,1,17,,24271,15483,,,1,58,,24270,15483,,,1,30,,24266,15483,,,1,60,,24267,15483,,,1,52,,24279,13235,,,1,100,,24283,13235,,,1,100,,24284,13235,,,1,100,,24272,13235,,,1,100,,24275,13235,,,1,100,,24274,13235,,,1,151,,24278,13235,,,1,13,,24280,13235,,,1,18,,24286,13235,,,1,15,,24285,13235,,,1,61,,24281,13235,,,1,17,,24277,13235,,,1,21,,24273,13235,,,1,58,,24282,13235,,,1,29,,24276,13235,,,1
1400,'SE',642,,24292,15483,,,1,17,,24287,15483,,,1,66,,24288,15483,,,1,14,,24291,15483,,,1,17,,24294,15483,,,1,58,,24293,15483,,,1,30,,24289,15483,,,1,60,,24290,15483,,,1,52,,24302,13235,,,1,100,,24305,13235,,,1,100,,24306,13235,,,1,100,,24295,13235,,,1,100,,24298,13235,,,1,100,,24297,13235,,,1,151,,24301,13235,,,1,13,,3826,13235,,,1,18,,24308,13235,,,1,15,,24307,13235,,,1,61,,24303,13235,,,1,17,,24300,13235,,,1,21,,24296,13235,,,1,58,,24304,13235,,,1,29,,24299,13235,,,1
4900,'DI',607,,30870,2190,,,2,100,,30882,2190,,,2,100,,30871,2190,,,2,100,,30877,2190,,,2,100,,30878,2190,,,2,100,,30879,2190,,,2,100,,30880,2190,,,2,100,,30881,2190,,,2,100,,30872,2190,,,2,100,,30873,2190,,,2,100,,30883,2190,,,2,100,,30884,2190,,,2,100,,30869,2190,,,2,100,,30874,2190,,,2,100,,30875,2190,,,2,100,,30885,2190,,,2,100,,30886,2190,,,2,99,,30876,2190,,,2,100,,30868,2190,,,2
4900,'F1',607,,30888,2190,,,2,100,,30887,2190,,,2,100,,30898,2190,,,2,100,,30904,2190,,,2,100,,30905,2190,,,2,100,,30906,2190,,,2,100,,30891,2190,,,2,100,,30892,2190,,,2,100,,30893,2190,,,2,100,,30894,2190,,,2,100,,30895,2190,,,2,100,,30896,2190,,,2,100,,30897,2190,,,2,100,,30900,2190,,,2,100,,30901,2190,,,2,100,,30889,2190,,,2,100,,30890,2190,,,2,99,,30902,2190,,,2,100,,30899,2190,,,2,100,,30903,2190,,,2
4900,'F2',607,,30923,2190,,,2,100,,30907,2190,,,2,100,,30924,2190,,,2,100,,30916,2190,,,2,100,,30910,2190,,,2,100,,30911,2190,,,2,100,,30912,2190,,,2,100,,30913,2190,,,2,100,,30917,2190,,,2,100,,30918,2190,,,2,100,,30919,2190,,,2,100,,30920,2190,,,2,100,,30921,2190,,,2,100,,30908,2190,,,2,100,,30922,2190,,,2,100,,30914,2190,,,2,100,,30909,2190,,,2,99,,30925,2190,,,2,100,,30915,2190,,,2,100,,30926,2190,,,2
4900,'F7',608,,30945,2190,,,2,20,,30958,2190,,,2,15,,30934,2190,,,2,15,,30948,2190,,,2,53,,30927,2190,,,2,16,,30946,2190,,,2,14,,30949,2190,,,2,15,,30943,2190,,,2,55,,30947,2190,,,2,15,,30950,2190,,,2,20,,30944,2190,,,2,61,,30951,2190,,,2,101,,30959,2190,,,2,100,,30935,2190,,,2,101,,30928,2190,,,2,100,,30936,2190,,,2,97,,30938,2190,,,2,100,,30932,2190,,,2,102,,30931,2190,,,2,12,,30960,2190,,,2,19,,30939,2190,,,2,11,,30955,2190,,,2,55,,30952,2190,,,2,15,,30962,2190,,,2,15,,30956,2190,,,2,15,,30953,2190,,,2,55,,30940,2190,,,2,14,,30957,2190,,,2,15,,30954,2190,,,2,72,,30961,2190,,,2,100,,30929,2190,,,2,100,,30941,2190,,,2,100,,30930,2190,,,2,100,,30942,2190,,,2,100,,30937,2190,,,2,100,,30933,2190,,,2
4900,'F8',607,,30979,2190,,,2,100,,30963,2190,,,2,100,,30980,2190,,,2,100,,30972,2190,,,2,100,,30966,2190,,,2,100,,30967,2190,,,2,100,,30968,2190,,,2,100,,30969,2190,,,2,100,,30973,2190,,,2,100,,30974,2190,,,2,100,,30975,2190,,,2,100,,30976,2190,,,2,100,,30977,2190,,,2,100,,30964,2190,,,2,100,,30978,2190,,,2,100,,30970,2190,,,2,100,,30965,2190,,,2,99,,30981,2190,,,2,100,,30971,2190,,,2,100,,30982,2190,,,2
4900,'F9',607,,30985,2190,,,2,100,,30997,2190,,,2,100,,30986,2190,,,2,100,,30992,2190,,,2,100,,30993,2190,,,2,100,,30994,2190,,,2,100,,30995,2190,,,2,100,,30996,2190,,,2,100,,30987,2190,,,2,100,,30988,2190,,,2,100,,30998,2190,,,2,100,,30999,2190,,,2,100,,30984,2190,,,2,100,,30989,2190,,,2,100,,30990,2190,,,2,100,,31000,2190,,,2,100,,31001,2190,,,2,99,,30991,2190,,,2,100,,30983,2190,,,2
4900,'SA',607,,31018,2190,,,2,100,,31002,2190,,,2,100,,31019,2190,,,2,100,,31011,2190,,,2,100,,31005,2190,,,2,100,,31006,2190,,,2,100,,31007,2190,,,2,100,,31008,2190,,,2,100,,31012,2190,,,2,100,,31013,2190,,,2,100,,31014,2190,,,2,100,,31015,2190,,,2,100,,31016,2190,,,2,100,,31003,2190,,,2,100,,31017,2190,,,2,100,,31009,2190,,,2,100,,31004,2190,,,2,99,,31020,2190,,,2,100,,31010,2190,,,2,100,,31021,2190,,,2
4900,'SE',608,,31040,2190,,,2,20,,31053,2190,,,2,15,,31029,2190,,,2,15,,31043,2190,,,2,53,,31022,2190,,,2,16,,31041,2190,,,2,14,,31044,2190,,,2,15,,31038,2190,,,2,55,,31042,2190,,,2,15,,31045,2190,,,2,20,,31039,2190,,,2,61,,31046,2190,,,2,101,,31054,2190,,,2,100,,31030,2190,,,2,101,,31023,2190,,,2,100,,31031,2190,,,2,97,,31033,2190,,,2,100,,31027,2190,,,2,102,,31026,2190,,,2,12,,31055,2190,,,2,19,,31034,2190,,,2,11,,31050,2190,,,2,55,,31047,2190,,,2,15,,31057,2190,,,2,15,,31051,2190,,,2,15,,31048,2190,,,2,55,,31035,2190,,,2,14,,31052,2190,,,2,15,,31049,2190,,,2,72,,31056,2190,,,2,100,,31024,2190,,,2,100,,31036,2190,,,2,100,,31025,2190,,,2,100,,31037,2190,,,2,100,,31032,2190,,,2,100,,31028,2190,,,2
55000,'F7',1636,,40709,7682,,,2
55000,'SE',1636,,40710,7682,,,2
61400,'F7',1715,,40774,11294,,,2
61400,'SE',1715,,40775,11294,,,2
68401,'F7',851,,40903,2801,,,2,2,,40902,2801,,,2
68401,'SE',851,,40905,2801,,,2,2,,40904,2801,,,2
