1500,'DI',741,,24371,8338,,,1,101,,24368,8338,,,1,100,,24365,8338,,,1,100,,24378,8338,,,1,100,,24383,8338,,,1,100,,24376,8338,,,1,100,,24372,8338,,,1,100,,24366,8338,,,1,100,,24380,8338,,,1,100,,24367,8338,,,1,100,,24375,8338,,,1,100,,24373,8338,,,1,98,,24377,8338,,,1,100,,24381,8338,,,1,100,,24379,8338,,,1,100,,24374,8338,,,1,100,,24369,8338,,,1,100,,24382,8338,,,1,100,,24370,8338,,,1
1500,'F1',742,,24385,8338,,,1,100,,24391,8338,,,1,100,,24400,8338,,,1,100,,24392,8338,,,1,107,,24394,8338,,,1,95,,24393,8338,,,1,100,,24401,8338,,,1,100,,24386,8338,,,1,100,,24395,8338,,,1,100,,24387,8338,,,1,100,,24384,8338,,,1,100,,24397,8338,,,1,100,,24402,8338,,,1,99,,24388,8338,,,1,100,,24389,8338,,,1,100,,24398,8338,,,1,100,,24390,8338,,,1,100,,24399,8338,,,1,100,,24396,8338,,,1
1500,'F2',742,,24418,8338,,,1,100,,24411,8338,,,1,100,,24405,8338,,,1,100,,24419,8338,,,1,107,,24413,8338,,,1,95,,24403,8338,,,1,100,,24415,8338,,,1,100,,24409,8338,,,1,100,,24414,8338,,,1,100,,24410,8338,,,1,100,,24406,8338,,,1,100,,24412,8338,,,1,100,,24416,8338,,,1,99,,24417,8338,,,1,100,,24404,8338,,,1,100,,24420,8338,,,1,100,,24407,8338,,,1,100,,24421,8338,,,1,100,,24408,8338,,,1
1500,'F7',604,,24458,8338,,,1,30,,24452,8338,,,1,71,,24423,8338,,,1,28,,24444,8338,,,1,74,,24450,8338,,,1,26,,24430,8338,,,1,74,,24446,8338,,,1,30,,24429,8338,,,1,68,,24451,8338,,,1,30,,24448,8338,,,1,70,,24424,8338,,,1,30,,24427,8338,,,1,70,,24449,8338,,,1,30,,24432,8338,,,1,70,,24428,8338,,,1,30,,24425,8338,,,1,70,,24454,8338,,,1,30,,24438,8338,,,1,72,,24453,8338,,,1,30,,24431,8338,,,1,65,,24433,8338,,,1,34,,24426,8338,,,1,82,,24442,8338,,,1,19,,24457,8338,,,1,70,,24439,8338,,,1,30,,24440,8338,,,1,70,,24455,8338,,,1,27,,24443,8338,,,1,70,,24436,8338,,,1,30,,24447,8338,,,1,70,,24456,8338,,,1,30,,24441,8338,,,1,70,,24422,8338,,,1,30,,24435,8338,,,1,100,,24437,8338,,,1,98,,24445,8338,,,1,100,,24434,8338,,,1
1500,'F8',742,,24474,8338,,,1,100,,24467,8338,,,1,100,,24461,8338,,,1,100,,24475,8338,,,1,107,,24469,8338,,,1,95,,24459,8338,,,1,100,,24471,8338,,,1,100,,24465,8338,,,1,100,,24470,8338,,,1,100,,24466,8338,,,1,100,,24462,8338,,,1,100,,24468,8338,,,1,100,,24472,8338,,,1,99,,24473,8338,,,1,100,,24460,8338,,,1,100,,24476,8338,,,1,100,,24463,8338,,,1,100,,24477,8338,,,1,100,,24464,8338,,,1
1500,'F9',741,,24484,8338,,,1,101,,24481,8338,,,1,100,,24478,8338,,,1,100,,24491,8338,,,1,100,,24496,8338,,,1,100,,24489,8338,,,1,100,,24485,8338,,,1,100,,24479,8338,,,1,100,,24493,8338,,,1,100,,24480,8338,,,1,100,,24488,8338,,,1,100,,24486,8338,,,1,98,,24490,8338,,,1,100,,24494,8338,,,1,100,,24492,8338,,,1,100,,24487,8338,,,1,100,,24482,8338,,,1,100,,24495,8338,,,1,100,,24483,8338,,,1
1500,'SA',742,,24512,8338,,,1,100,,24505,8338,,,1,100,,24499,8338,,,1,100,,24513,8338,,,1,107,,24507,8338,,,1,95,,24497,8338,,,1,100,,24509,8338,,,1,100,,24503,8338,,,1,100,,24508,8338,,,1,100,,24504,8338,,,1,100,,24500,8338,,,1,100,,24506,8338,,,1,100,,24510,8338,,,1,99,,24511,8338,,,1,100,,24498,8338,,,1,100,,24514,8338,,,1,100,,24501,8338,,,1,100,,24515,8338,,,1,100,,24502,8338,,,1
1500,'SE',604,,24552,8338,,,1,30,,24546,8338,,,1,71,,24517,8338,,,1,28,,24538,8338,,,1,74,,24544,8338,,,1,26,,24524,8338,,,1,74,,24540,8338,,,1,30,,24523,8338,,,1,68,,24545,8338,,,1,30,,24542,8338,,,1,70,,24518,8338,,,1,30,,24521,8338,,,1,70,,24543,8338,,,1,30,,24526,8338,,,1,70,,24522,8338,,,1,30,,24519,8338,,,1,70,,24548,8338,,,1,30,,24532,8338,,,1,72,,24547,8338,,,1,30,,24525,8338,,,1,65,,24527,8338,,,1,34,,24520,8338,,,1,82,,24536,8338,,,1,19,,24551,8338,,,1,70,,24533,8338,,,1,30,,24534,8338,,,1,70,,24549,8338,,,1,27,,24537,8338,,,1,70,,24530,8338,,,1,30,,24541,8338,,,1,70,,24550,8338,,,1,30,,24535,8338,,,1,70,,24516,8338,,,1,30,,24529,8338,,,1,100,,24531,8338,,,1,98,,24539,8338,,,1,100,,24528,8338,,,1
53001,'F7',917,,40652,3295,,,2
53001,'SE',917,,40653,3295,,,2
65001,'F7',838,,40812,5729,,,2
65001,'SE',838,,40813,5729,,,2
