500,'DI',547,,21658,6261,,,1,70,,21664,6261,,,1,30,,21659,6261,,,1,70,,21665,6261,,,1,30,,21660,6261,,,1,70,,21666,6261,,,1,30,,21686,6261,,,1,70,,21667,6261,,,1,30,,21671,6261,,,1,70,,21668,6261,,,1,30,,21683,6261,,,1,70,,21672,6261,,,1,30,,21661,6261,,,1,72,,21673,6261,,,1,30,,21662,6261,,,1,68,,21687,6261,,,1,32,,21684,6261,,,1,70,,21688,6261,,,1,30,,21674,6261,,,1,69,,21663,6261,,,1,31,,21678,6261,,,1,70,,21685,6261,,,1,30,,21669,6261,,,1,70,,21675,6261,,,1,30,,21689,6261,,,1,99,,21670,6261,,,1,100,,21677,6261,,,1,100,,21676,6261,,,1,100,,21679,6261,,,1,100,,21680,6261,,,1,100,,21681,6261,,,1,100,,21682,6261,,,1
500,'F1',517,,21707,6261,,,1,30,,21715,6261,,,1,70,,21708,6261,,,1,30,,21716,6261,,,1,70,,21698,6261,,,1,30,,21717,6261,,,1,70,,21699,6261,,,1,30,,21718,6261,,,1,70,,21700,6261,,,1,30,,21709,6261,,,1,70,,21701,6261,,,1,30,,21710,6261,,,1,70,,21702,6261,,,1,30,,21704,6261,,,1,72,,21703,6261,,,1,30,,21705,6261,,,1,70,,21713,6261,,,1,30,,1493,6261,,,1,70,,21720,6261,,,1,30,,21719,6261,,,1,70,,21712,6261,,,1,30,,21706,6261,,,1,70,,21714,6261,,,1,30,,1494,6261,,,1,70,,21711,6261,,,1,30,,21721,6261,,,1,99,,21690,6261,,,1,100,,21691,6261,,,1,100,,21692,6261,,,1,100,,21693,6261,,,1,100,,21694,6261,,,1,100,,21695,6261,,,1,100,,21696,6261,,,1,100,,21697,6261,,,1
500,'F2',517,,21722,6261,,,1,30,,21730,6261,,,1,70,,21723,6261,,,1,30,,21731,6261,,,1,70,,21724,6261,,,1,30,,21732,6261,,,1,70,,21725,6261,,,1,30,,21733,6261,,,1,70,,21726,6261,,,1,30,,21735,6261,,,1,70,,21727,6261,,,1,30,,21736,6261,,,1,70,,21728,6261,,,1,30,,21737,6261,,,1,72,,21729,6261,,,1,30,,21738,6261,,,1,70,,21734,6261,,,1,30,,21754,6261,,,1,70,,21749,6261,,,1,30,,21739,6261,,,1,70,,21752,6261,,,1,30,,21748,6261,,,1,70,,21751,6261,,,1,30,,21755,6261,,,1,70,,21750,6261,,,1,30,,21753,6261,,,1,99,,21740,6261,,,1,100,,21741,6261,,,1,100,,21742,6261,,,1,100,,21743,6261,,,1,100,,21744,6261,,,1,100,,21745,6261,,,1,100,,21746,6261,,,1,100,,21747,6261,,,1
500,'F7',453,,21785,6261,,,1,80,,21757,6261,,,1,70,,21758,6261,,,1,15,,21756,6261,,,1,30,,21794,6261,,,1,70,,21761,6261,,,1,30,,21759,6261,,,1,70,,21760,6261,,,1,40,,21788,6261,,,1,60,,21797,6261,,,1,30,,21786,6261,,,1,70,,21795,6261,,,1,30,,21793,6261,,,1,70,,21791,6261,,,1,30,,21784,6261,,,1,70,,21762,6261,,,1,30,,21767,6261,,,1,70,,21765,6261,,,1,30,,21766,6261,,,1,70,,21763,6261,,,1,30,,21771,6261,,,1,73,,21799,6261,,,1,13,,21769,6261,,,1,15,,21768,6261,,,1,56,,21792,6261,,,1,15,,21798,6261,,,1,17,,21770,6261,,,1,16,,21775,6261,,,1,52,,21778,6261,,,1,15,,21772,6261,,,1,15,,21789,6261,,,1,15,,21764,6261,,,1,62,,21796,6261,,,1,16,,21779,6261,,,1,21,,21776,6261,,,1,69,,21787,6261,,,1,30,,21773,6261,,,1,70,,21790,6261,,,1,30,,21800,6261,,,1,70,,21777,6261,,,1,30,,21774,6261,,,1,100,,21780,6261,,,1,100,,21781,6261,,,1,100,,21782,6261,,,1,100,,21783,6261,,,1
500,'F8',517,,21801,6261,,,1,30,,21809,6261,,,1,70,,21802,6261,,,1,30,,21810,6261,,,1,70,,21803,6261,,,1,30,,21811,6261,,,1,70,,21804,6261,,,1,30,,21812,6261,,,1,70,,21805,6261,,,1,30,,21814,6261,,,1,70,,21806,6261,,,1,30,,21815,6261,,,1,70,,21807,6261,,,1,30,,21816,6261,,,1,72,,21808,6261,,,1,30,,21817,6261,,,1,70,,21813,6261,,,1,30,,21833,6261,,,1,70,,21828,6261,,,1,30,,21818,6261,,,1,70,,21831,6261,,,1,30,,21827,6261,,,1,70,,21830,6261,,,1,30,,21834,6261,,,1,70,,21829,6261,,,1,30,,21832,6261,,,1,99,,21819,6261,,,1,100,,21820,6261,,,1,100,,21821,6261,,,1,100,,21822,6261,,,1,100,,21823,6261,,,1,100,,21824,6261,,,1,100,,21825,6261,,,1,100,,21826,6261,,,1
500,'F9',547,,21835,6261,,,1,70,,21841,6261,,,1,30,,21836,6261,,,1,70,,21842,6261,,,1,30,,21837,6261,,,1,70,,21843,6261,,,1,30,,21863,6261,,,1,70,,21844,6261,,,1,30,,21848,6261,,,1,70,,21845,6261,,,1,30,,21860,6261,,,1,70,,21849,6261,,,1,30,,21838,6261,,,1,72,,21850,6261,,,1,30,,21839,6261,,,1,68,,21864,6261,,,1,32,,21861,6261,,,1,70,,21865,6261,,,1,30,,21851,6261,,,1,69,,21840,6261,,,1,31,,21855,6261,,,1,70,,21862,6261,,,1,30,,21846,6261,,,1,70,,21852,6261,,,1,30,,21866,6261,,,1,99,,21847,6261,,,1,100,,21854,6261,,,1,100,,21853,6261,,,1,100,,21856,6261,,,1,100,,21857,6261,,,1,100,,21858,6261,,,1,100,,21859,6261,,,1
500,'SA',517,,21867,6261,,,1,30,,21875,6261,,,1,70,,21868,6261,,,1,30,,21876,6261,,,1,70,,21869,6261,,,1,30,,21877,6261,,,1,70,,21870,6261,,,1,30,,21878,6261,,,1,70,,21871,6261,,,1,30,,21880,6261,,,1,70,,21872,6261,,,1,30,,21881,6261,,,1,70,,21873,6261,,,1,30,,21882,6261,,,1,72,,21874,6261,,,1,30,,21883,6261,,,1,70,,21879,6261,,,1,30,,21899,6261,,,1,70,,21894,6261,,,1,30,,21884,6261,,,1,70,,21897,6261,,,1,30,,21893,6261,,,1,70,,21896,6261,,,1,30,,21900,6261,,,1,70,,21895,6261,,,1,30,,21898,6261,,,1,99,,21885,6261,,,1,100,,21886,6261,,,1,100,,21887,6261,,,1,100,,21888,6261,,,1,100,,21889,6261,,,1,100,,21890,6261,,,1,100,,21891,6261,,,1,100,,21892,6261,,,1
500,'SE',453,,1670,6261,,,1,80,,21902,6261,,,1,70,,21903,6261,,,1,15,,21901,6261,,,1,30,,21938,6261,,,1,70,,21906,6261,,,1,30,,21904,6261,,,1,70,,21905,6261,,,1,40,,21932,6261,,,1,60,,21941,6261,,,1,30,,21930,6261,,,1,70,,21939,6261,,,1,30,,21937,6261,,,1,70,,21935,6261,,,1,30,,21929,6261,,,1,70,,21907,6261,,,1,30,,21912,6261,,,1,70,,21910,6261,,,1,30,,21911,6261,,,1,70,,21908,6261,,,1,30,,21916,6261,,,1,73,,21943,6261,,,1,13,,21914,6261,,,1,15,,21913,6261,,,1,56,,21936,6261,,,1,15,,21942,6261,,,1,17,,21915,6261,,,1,16,,21920,6261,,,1,52,,21923,6261,,,1,15,,21917,6261,,,1,15,,21933,6261,,,1,15,,21909,6261,,,1,62,,21940,6261,,,1,16,,21924,6261,,,1,21,,21921,6261,,,1,69,,21931,6261,,,1,30,,21918,6261,,,1,70,,21934,6261,,,1,30,,21944,6261,,,1,70,,21922,6261,,,1,30,,21919,6261,,,1,100,,21925,6261,,,1,100,,21926,6261,,,1,100,,21927,6261,,,1,100,,21928,6261,,,1
900,'F7',1626,,23447,10122,0,28 30,2,74,,23446,10122,0,28 30,2,26,,23448,10122,0,28 30,2,28,,23444,10122,0,28 30,2,69,,23445,10122,0,28 30,2
900,'SE',1626,,23454,10122,0,28 30,2,74,,23453,10122,0,28 30,2,26,,23455,10122,0,28 30,2,28,,3071,10122,0,28 30,2,69,,23452,10122,0,28 30,2
8800,'DI',730,,36639,10791,,,1,70,,36644,10791,,,1,30,,36650,10791,,,1,70,,36659,10791,,,1,30,,36640,10791,,,1,70,,36645,10791,,,1,32,,36651,10791,,,1,70,,36660,10791,,,1,30,,36641,10791,,,1,70,,36646,10791,,,1,31,,36652,10791,,,1,70,,36661,10791,,,1,30,,36642,10791,,,1,70,,36647,10791,,,1,30,,36653,10791,,,1,70,,15002,10791,,,1,30,,36654,10791,,,1,70,,36648,10791,,,1,30,,36662,10791,,,1,70,,15003,10791,,,1,30,,36655,10791,,,1,68,,36649,10791,,,1,30,,36663,10791,,,1,100,,36656,10791,,,1,100,,36664,10791,,,1,100,,36657,10791,,,1,100,,36665,10791,,,1,97,,36658,10791,,,1,100,,36638,10791,,,1,100,,36643,10791,,,1
8800,'F1',730,,36672,10791,,,1,70,,15061,10791,,,1,30,,36685,10791,,,1,70,,36676,10791,,,1,31,,36673,10791,,,1,70,,15062,10791,,,1,32,,36686,10791,,,1,70,,36677,10791,,,1,30,,15046,10791,,,1,70,,36681,10791,,,1,30,,36687,10791,,,1,70,,36678,10791,,,1,30,,15047,10791,,,1,70,,36682,10791,,,1,30,,36688,10791,,,1,70,,36668,10791,,,1,30,,15048,10791,,,1,70,,36683,10791,,,1,30,,36689,10791,,,1,70,,36669,10791,,,1,31,,36690,10791,,,1,69,,36684,10791,,,1,31,,36679,10791,,,1,69,,36670,10791,,,1,30,,36674,10791,,,1,100,,36680,10791,,,1,99,,36675,10791,,,1,97,,36667,10791,,,1,100,,36666,10791,,,1,100,,36671,10791,,,1,100,,15032,10791,,,1
8800,'F2',730,,36694,10791,,,1,70,,36719,10791,,,1,30,,36715,10791,,,1,70,,36706,10791,,,1,31,,36699,10791,,,1,70,,36720,10791,,,1,32,,36716,10791,,,1,70,,36707,10791,,,1,30,,36700,10791,,,1,70,,36711,10791,,,1,30,,36696,10791,,,1,70,,36708,10791,,,1,30,,36701,10791,,,1,70,,36712,10791,,,1,30,,36697,10791,,,1,70,,36691,10791,,,1,30,,36702,10791,,,1,70,,36713,10791,,,1,30,,36698,10791,,,1,70,,36692,10791,,,1,31,,36721,10791,,,1,69,,36714,10791,,,1,31,,36709,10791,,,1,69,,36693,10791,,,1,30,,36703,10791,,,1,100,,36710,10791,,,1,99,,36704,10791,,,1,97,,36718,10791,,,1,100,,36705,10791,,,1,100,,36717,10791,,,1,100,,36695,10791,,,1
8800,'F7',735,,36732,10791,,,1,2,,36737,10791,,,1,19,,36767,10791,,,1,55,,36768,10791,,,1,14,,36734,10791,,,1,15,,36769,10791,,,1,15,,36735,10791,,,1,53,,36736,10791,,,1,29,,36757,10791,,,1,70,,36733,10791,,,1,30,,36731,10791,,,1,70,,36755,10791,,,1,32,,36758,10791,,,1,70,,36724,10791,,,1,30,,36722,10791,,,1,70,,36759,10791,,,1,30,,36725,10791,,,1,70,,36756,10791,,,1,33,,36771,10791,,,1,73,,36760,10791,,,1,17,,36762,10791,,,1,16,,36764,10791,,,1,55,,36726,10791,,,1,15,,36738,10791,,,1,15,,36770,10791,,,1,15,,36743,10791,,,1,53,,36747,10791,,,1,12,,36723,10791,,,1,12,,36750,10791,,,1,12,,36740,10791,,,1,11,,36745,10791,,,1,11,,36730,10791,,,1,51,,36765,10791,,,1,12,,36727,10791,,,1,12,,36739,10791,,,1,7,,36763,10791,,,1,59,,36744,10791,,,1,15,,36748,10791,,,1,22,,36741,10791,,,1,68,,36766,10791,,,1,30,,36761,10791,,,1,68,,36749,10791,,,1,30,,36742,10791,,,1,70,,36729,10791,,,1,30,,36753,10791,,,1,100,,36751,10791,,,1,99,,36754,10791,,,1,96,,36752,10791,,,1
8800,'F8',730,,36775,10791,,,1,70,,36800,10791,,,1,30,,36796,10791,,,1,70,,36787,10791,,,1,31,,36780,10791,,,1,70,,36801,10791,,,1,32,,36797,10791,,,1,70,,36788,10791,,,1,30,,36781,10791,,,1,70,,36792,10791,,,1,30,,36777,10791,,,1,70,,36789,10791,,,1,30,,36782,10791,,,1,70,,36793,10791,,,1,30,,36778,10791,,,1,70,,36772,10791,,,1,30,,36783,10791,,,1,70,,36794,10791,,,1,30,,36779,10791,,,1,70,,36773,10791,,,1,31,,36802,10791,,,1,69,,36795,10791,,,1,31,,36790,10791,,,1,69,,36774,10791,,,1,30,,36784,10791,,,1,100,,36791,10791,,,1,99,,36785,10791,,,1,97,,36799,10791,,,1,100,,36786,10791,,,1,100,,36798,10791,,,1,100,,36776,10791,,,1
8800,'F9',730,,36806,10791,,,1,70,,36811,10791,,,1,30,,36817,10791,,,1,70,,36826,10791,,,1,30,,36807,10791,,,1,70,,36812,10791,,,1,32,,36818,10791,,,1,70,,36827,10791,,,1,30,,36808,10791,,,1,70,,36813,10791,,,1,31,,36819,10791,,,1,70,,36828,10791,,,1,30,,36809,10791,,,1,70,,36814,10791,,,1,30,,36820,10791,,,1,70,,36803,10791,,,1,30,,36821,10791,,,1,70,,36815,10791,,,1,30,,36829,10791,,,1,70,,36804,10791,,,1,30,,36822,10791,,,1,68,,36816,10791,,,1,30,,36830,10791,,,1,100,,36823,10791,,,1,100,,36831,10791,,,1,100,,36824,10791,,,1,100,,36832,10791,,,1,97,,36825,10791,,,1,100,,36805,10791,,,1,100,,36810,10791,,,1
8800,'SA',730,,36836,10791,,,1,70,,36860,10791,,,1,30,,36857,10791,,,1,70,,36848,10791,,,1,31,,36841,10791,,,1,70,,36861,10791,,,1,32,,36858,10791,,,1,70,,36849,10791,,,1,30,,36842,10791,,,1,70,,36853,10791,,,1,30,,36838,10791,,,1,70,,36850,10791,,,1,30,,36843,10791,,,1,70,,36854,10791,,,1,30,,36839,10791,,,1,70,,36833,10791,,,1,30,,36844,10791,,,1,70,,36855,10791,,,1,30,,36840,10791,,,1,70,,36834,10791,,,1,31,,36862,10791,,,1,69,,36856,10791,,,1,31,,36851,10791,,,1,69,,36835,10791,,,1,30,,36845,10791,,,1,100,,36852,10791,,,1,99,,36846,10791,,,1,97,,15203,10791,,,1,100,,36847,10791,,,1,100,,36859,10791,,,1,100,,36837,10791,,,1
8800,'SE',735,,36873,10791,,,1,2,,36877,10791,,,1,19,,36905,10791,,,1,55,,36906,10791,,,1,14,,15219,10791,,,1,15,,36907,10791,,,1,15,,36875,10791,,,1,53,,36876,10791,,,1,29,,36895,10791,,,1,70,,36874,10791,,,1,30,,36872,10791,,,1,70,,36893,10791,,,1,32,,36896,10791,,,1,70,,36865,10791,,,1,30,,36863,10791,,,1,70,,36897,10791,,,1,30,,36866,10791,,,1,70,,36894,10791,,,1,33,,36909,10791,,,1,73,,36898,10791,,,1,17,,36900,10791,,,1,16,,36902,10791,,,1,55,,36867,10791,,,1,15,,36878,10791,,,1,15,,36908,10791,,,1,15,,36883,10791,,,1,53,,36887,10791,,,1,12,,36864,10791,,,1,12,,36888,10791,,,1,12,,36880,10791,,,1,11,,36885,10791,,,1,11,,36871,10791,,,1,51,,36903,10791,,,1,12,,36868,10791,,,1,12,,36879,10791,,,1,7,,36901,10791,,,1,59,,36884,10791,,,1,15,,15235,10791,,,1,22,,36881,10791,,,1,68,,36904,10791,,,1,30,,36899,10791,,,1,68,,15236,10791,,,1,30,,36882,10791,,,1,70,,36870,10791,,,1,30,,36891,10791,,,1,100,,36889,10791,,,1,99,,36892,10791,,,1,96,,36890,10791,,,1
53800,'F7',1636,,40678,5960,,,2
53800,'SE',1636,,40679,5960,,,2
