6101,'DI',706,,11370,3648,,,2,30,,11367,3648,,,2,72,,11373,3648,,,2,17,,11371,3648,,,2,30,,11368,3648,,,2,70,,11374,3648,,,2,30,,11372,3648,,,2,70,,11369,3648,,,2,30,,11375,3648,,,2,70,,11376,3648,,,2,30,,11380,3648,,,2,70,,11384,3648,,,2,30,,11377,3648,,,2,70,,11381,3648,,,2,30,,11385,3648,,,2,70,,11378,3648,,,2,30,,11382,3648,,,2,70,,11386,3648,,,2,30,,11379,3648,,,2,74,,11383,3648,,,2,21,,11387,3648,,,2,75,,11389,3648,,,2,20,,11392,3648,,,2,80,,11388,3648,,,2,25,,11390,3648,,,2,70,,11393,3648,,,2,85,,11391,3648,,,2,100,,11394,3648,,,2,100,,11395,3648,,,2,100,,11396,3648,,,2,100,,11397,3648,,,2,100,,11398,3648,,,2
6101,'F1',706,,11402,3648,,,2,30,,11399,3648,,,2,72,,11405,3648,,,2,17,,11403,3648,,,2,30,,11400,3648,,,2,70,,11406,3648,,,2,30,,11404,3648,,,2,70,,11401,3648,,,2,30,,11407,3648,,,2,70,,11408,3648,,,2,30,,11412,3648,,,2,70,,11414,3648,,,2,30,,11409,3648,,,2,70,,11413,3648,,,2,30,,11415,3648,,,2,70,,11410,3648,,,2,30,,11416,3648,,,2,70,,11420,3648,,,2,30,,11411,3648,,,2,74,,11417,3648,,,2,21,,11421,3648,,,2,75,,11423,3648,,,2,20,,11418,3648,,,2,80,,11422,3648,,,2,25,,11424,3648,,,2,70,,11419,3648,,,2,85,,11425,3648,,,2,100,,11427,3648,,,2,100,,11426,3648,,,2,100,,11429,3648,,,2,100,,11428,3648,,,2,100,,11430,3648,,,2
6101,'F7',706,,11434,3648,,,2,30,,11431,3648,,,2,72,,11437,3648,,,2,17,,11435,3648,,,2,30,,11432,3648,,,2,70,,11438,3648,,,2,30,,11436,3648,,,2,70,,11433,3648,,,2,30,,11439,3648,,,2,70,,11440,3648,,,2,30,,11444,3648,,,2,70,,11448,3648,,,2,30,,11441,3648,,,2,70,,11445,3648,,,2,30,,11449,3648,,,2,70,,11442,3648,,,2,30,,11446,3648,,,2,70,,11450,3648,,,2,30,,11443,3648,,,2,74,,11447,3648,,,2,21,,11451,3648,,,2,75,,11453,3648,,,2,20,,11456,3648,,,2,80,,11452,3648,,,2,25,,11454,3648,,,2,70,,11457,3648,,,2,85,,11455,3648,,,2,100,,11458,3648,,,2,100,,11459,3648,,,2,100,,11460,3648,,,2,100,,11461,3648,,,2,100,,11462,3648,,,2
6101,'F8',544,,11512,3648,,,2,70,,11514,3648,,,2,10,,11467,3648,,,2,14,,11470,3648,,,2,9,,11464,3648,,,2,54,,11473,3648,,,2,14,,11463,3648,,,2,7,,11477,3648,,,2,19,,11471,3648,,,2,9,,11476,3648,,,2,59,,11468,3648,,,2,24,,11465,3648,,,2,22,,11474,3648,,,2,55,,11478,3648,,,2,36,,11469,3648,,,2,70,,11466,3648,,,2,30,,11475,3648,,,2,72,,11513,3648,,,2,30,,11472,3648,,,2,70,,11479,3648,,,2,31,,11483,3648,,,2,70,,11480,3648,,,2,30,,11481,3648,,,2,73,,11485,3648,,,2,21,,11487,3648,,,2,67,,11490,3648,,,2,23,,11482,3648,,,2,20,,11484,3648,,,2,64,,11492,3648,,,2,4,,11494,3648,,,2,25,,11488,3648,,,2,7,,11489,3648,,,2,54,,11495,3648,,,2,13,,11496,3648,,,2,14,,11486,3648,,,2,15,,11499,3648,,,2,6,,11502,3648,,,2,56,,11493,3648,,,2,14,,11491,3648,,,2,24,,11504,3648,,,2,64,,11497,3648,,,2,28,,11507,3648,,,2,69,,11510,3648,,,2,30,,11500,3648,,,2,69,,11503,3648,,,2,29,,11511,3648,,,2,70,,11498,3648,,,2,29,,11508,3648,,,2,70,,11505,3648,,,2,29,,11501,3648,,,2,68,,11509,3648,,,2,30,,11506,3648,,,2
6101,'F9',706,,11518,3648,,,2,30,,11515,3648,,,2,72,,11521,3648,,,2,17,,11519,3648,,,2,30,,11516,3648,,,2,70,,11522,3648,,,2,30,,11520,3648,,,2,70,,11517,3648,,,2,30,,11523,3648,,,2,70,,11524,3648,,,2,30,,11528,3648,,,2,70,,11530,3648,,,2,30,,11525,3648,,,2,70,,11529,3648,,,2,30,,11531,3648,,,2,70,,11526,3648,,,2,30,,11532,3648,,,2,70,,11536,3648,,,2,30,,11527,3648,,,2,74,,11533,3648,,,2,21,,11537,3648,,,2,75,,11539,3648,,,2,20,,11534,3648,,,2,80,,11538,3648,,,2,25,,11540,3648,,,2,70,,11535,3648,,,2,85,,11541,3648,,,2,100,,11543,3648,,,2,100,,11542,3648,,,2,100,,11545,3648,,,2,100,,11544,3648,,,2,100,,11546,3648,,,2
6101,'SA',706,,11550,3648,,,2,30,,11547,3648,,,2,72,,11553,3648,,,2,17,,11551,3648,,,2,30,,11548,3648,,,2,70,,11554,3648,,,2,30,,11552,3648,,,2,70,,11549,3648,,,2,30,,11555,3648,,,2,70,,11556,3648,,,2,30,,11560,3648,,,2,70,,11562,3648,,,2,30,,11557,3648,,,2,70,,11561,3648,,,2,30,,11563,3648,,,2,70,,11558,3648,,,2,30,,11564,3648,,,2,70,,11568,3648,,,2,30,,11559,3648,,,2,74,,11565,3648,,,2,21,,11569,3648,,,2,75,,11571,3648,,,2,20,,11566,3648,,,2,80,,11570,3648,,,2,25,,11572,3648,,,2,70,,11567,3648,,,2,85,,11573,3648,,,2,100,,11575,3648,,,2,100,,11574,3648,,,2,100,,11577,3648,,,2,100,,11576,3648,,,2,100,,11578,3648,,,2
6101,'SE',544,,11628,3648,,,2,70,,11630,3648,,,2,10,,11583,3648,,,2,14,,11586,3648,,,2,9,,11580,3648,,,2,54,,11589,3648,,,2,14,,11579,3648,,,2,7,,11593,3648,,,2,19,,11587,3648,,,2,9,,11592,3648,,,2,59,,11584,3648,,,2,24,,11581,3648,,,2,22,,11590,3648,,,2,55,,11594,3648,,,2,36,,11585,3648,,,2,70,,11582,3648,,,2,30,,11591,3648,,,2,72,,11629,3648,,,2,30,,11588,3648,,,2,70,,11595,3648,,,2,31,,11599,3648,,,2,70,,11596,3648,,,2,30,,11597,3648,,,2,73,,11601,3648,,,2,21,,11603,3648,,,2,67,,11606,3648,,,2,23,,11598,3648,,,2,20,,11600,3648,,,2,64,,11608,3648,,,2,4,,11610,3648,,,2,25,,11604,3648,,,2,7,,11605,3648,,,2,54,,11611,3648,,,2,13,,11612,3648,,,2,14,,11602,3648,,,2,15,,11615,3648,,,2,6,,11618,3648,,,2,56,,11609,3648,,,2,14,,11607,3648,,,2,24,,11620,3648,,,2,64,,11613,3648,,,2,28,,11623,3648,,,2,69,,11626,3648,,,2,30,,11616,3648,,,2,69,,11619,3648,,,2,29,,11627,3648,,,2,70,,11614,3648,,,2,29,,11624,3648,,,2,70,,11621,3648,,,2,29,,11617,3648,,,2,68,,11625,3648,,,2,30,,11622,3648,,,2
8200,'F8',1554,,14468,15472,0,9 14,2,70,,14465,15472,0,9 14,2,27,,14464,15472,0,9 14,2,64,,14466,15472,0,9 14,2,24,,14463,15472,0,9 14,2,70,,14467,15472,0,9 14,2,30,,14469,15472,0,9 14,2,65,,14470,15472,0,9 14,2
8200,'SE',1554,,14483,15472,0,9 14,2,70,,14480,15472,0,9 14,2,27,,14479,15472,0,9 14,2,64,,14481,15472,0,9 14,2,24,,14478,15472,0,9 14,2,70,,14482,15472,0,9 14,2,30,,14484,15472,0,9 14,2,65,,14485,15472,0,9 14,2
8201,'F8',643,,14492,4251,,,2,70,,14489,4251,,,2,30,,14487,4251,,,2,67,,14490,4251,,,2,26,,14488,4251,,,2,70,,14491,4251,,,2,20,,14486,4251,,,2
8201,'SE',643,,14507,4251,,,2,70,,14504,4251,,,2,30,,14502,4251,,,2,67,,14505,4251,,,2,26,,14503,4251,,,2,70,,14506,4251,,,2,20,,14501,4251,,,2
8700,'F8',1658,,14994,33061,,,2,143,,14995,33061,,,2
8700,'SE',1658,,14996,33061,,,2,143,,14997,33061,,,2
8701,'F8',621,,14999,3648,,,2,30,,14998,3648,,,2
8701,'SE',621,,15001,3648,,,2,30,,15000,3648,,,2
