1701,'DI',610,,4963,11545,,,1,100,,4961,11545,,,1,30,,4953,11545,,,1,70,,4969,11545,,,1,30,,4948,11545,,,1,70,,4964,11545,,,1,30,,4954,11545,,,1,70,,4962,11545,,,1,30,,4958,11545,,,1,70,,4970,11545,,,1,30,,4944,11545,,,1,70,,4965,11545,,,1,30,,4973,11545,,,1,70,,4971,11545,,,1,30,,4950,11545,,,1,70,,4959,11545,,,1,30,,4955,11545,,,1,70,,4966,11545,,,1,30,,4951,11545,,,1,69,,4945,11545,,,1,30,,4941,11545,,,1,71,,4946,11545,,,1,30,,4942,11545,,,1,70,,4956,11545,,,1,31,,4943,11545,,,1,70,,4957,11545,,,1,99,,4967,11545,,,1,100,,4952,11545,,,1,100,,4972,11545,,,1,100,,4968,11545,,,1,100,,4949,11545,,,1,100,,4947,11545,,,1
1701,'F1',610,,5003,11545,,,1,100,,4993,11545,,,1,30,,4985,11545,,,1,70,,4978,11545,,,1,30,,4994,11545,,,1,70,,4988,11545,,,1,30,,5000,11545,,,1,70,,5001,11545,,,1,30,,4987,11545,,,1,70,,4989,11545,,,1,30,,4979,11545,,,1,70,,5004,11545,,,1,30,,4986,11545,,,1,70,,4990,11545,,,1,30,,4981,11545,,,1,70,,5005,11545,,,1,30,,4995,11545,,,1,70,,5002,11545,,,1,30,,4984,11545,,,1,70,,4991,11545,,,1,30,,4974,11545,,,1,69,,4982,11545,,,1,30,,4996,11545,,,1,71,,4977,11545,,,1,30,,4997,11545,,,1,71,,4992,11545,,,1,99,,4980,11545,,,1,100,,4999,11545,,,1,100,,4983,11545,,,1,100,,4975,11545,,,1,100,,5006,11545,,,1,100,,4976,11545,,,1
1701,'F7',610,,5029,11545,,,1,100,,5027,11545,,,1,30,,5019,11545,,,1,70,,5035,11545,,,1,30,,5014,11545,,,1,70,,5030,11545,,,1,30,,5020,11545,,,1,70,,5028,11545,,,1,30,,5024,11545,,,1,70,,5036,11545,,,1,30,,5010,11545,,,1,70,,5031,11545,,,1,30,,5039,11545,,,1,70,,5037,11545,,,1,30,,5016,11545,,,1,70,,5025,11545,,,1,30,,5021,11545,,,1,70,,5032,11545,,,1,30,,5017,11545,,,1,69,,5011,11545,,,1,30,,5007,11545,,,1,71,,5012,11545,,,1,30,,5008,11545,,,1,70,,5022,11545,,,1,31,,5009,11545,,,1,70,,5023,11545,,,1,99,,5033,11545,,,1,100,,5018,11545,,,1,100,,5038,11545,,,1,100,,5034,11545,,,1,100,,5015,11545,,,1,100,,5013,11545,,,1
1701,'F9',610,,5069,11545,,,1,100,,5059,11545,,,1,30,,5051,11545,,,1,70,,5044,11545,,,1,30,,5060,11545,,,1,70,,5054,11545,,,1,30,,5066,11545,,,1,70,,5067,11545,,,1,30,,5053,11545,,,1,70,,5055,11545,,,1,30,,5045,11545,,,1,70,,5070,11545,,,1,30,,5052,11545,,,1,70,,5056,11545,,,1,30,,5047,11545,,,1,70,,5071,11545,,,1,30,,5061,11545,,,1,70,,5068,11545,,,1,30,,5050,11545,,,1,70,,5057,11545,,,1,30,,5040,11545,,,1,69,,5048,11545,,,1,30,,5062,11545,,,1,71,,5043,11545,,,1,30,,5063,11545,,,1,71,,5058,11545,,,1,99,,5046,11545,,,1,100,,5065,11545,,,1,100,,5049,11545,,,1,100,,5041,11545,,,1,100,,5072,11545,,,1,100,,5042,11545,,,1
1701,'SA',610,,5102,11545,,,1,100,,5092,11545,,,1,30,,5084,11545,,,1,70,,5077,11545,,,1,30,,5093,11545,,,1,70,,5087,11545,,,1,30,,5099,11545,,,1,70,,5100,11545,,,1,30,,5086,11545,,,1,70,,5088,11545,,,1,30,,5078,11545,,,1,70,,5103,11545,,,1,30,,5085,11545,,,1,70,,5089,11545,,,1,30,,5080,11545,,,1,70,,5104,11545,,,1,30,,5094,11545,,,1,70,,5101,11545,,,1,30,,5083,11545,,,1,70,,5090,11545,,,1,30,,5073,11545,,,1,69,,5081,11545,,,1,30,,5095,11545,,,1,71,,5076,11545,,,1,30,,5096,11545,,,1,71,,5091,11545,,,1,99,,5079,11545,,,1,100,,5098,11545,,,1,100,,5082,11545,,,1,100,,5074,11545,,,1,100,,5105,11545,,,1,100,,5075,11545,,,1
2501,'DI',1617,,6767,16644,,,2
2501,'F1',1617,,6768,16644,,,2
2501,'F7',1617,,6769,16644,,,2
2501,'F8',529,,6777,15008,,,2,30,,6779,15008,,,2,63,,6781,15008,,,2,34,,6778,15008,,,2,76,,6797,16644,,,2,70,,6795,16644,,,2,26,,6773,15008,,,2,30,,6782,15008,,,2,67,,6780,15008,,,2,505,,6790,15008,,,2,71,,6772,15008,,,2,33,,6770,15008,,,2,71,,6800,16644,,,2,20,,6799,16644,,,2,12,,6796,16644,,,2,9,,6794,15008,,,2,59,,6786,15008,,,2,14,,6771,15008,,,2,14,,6774,15008,,,2,68,,6784,15008,,,2,27,,6792,15008,,,2,29,,6775,15008,,,2,99,,6783,15008,,,2,385,,6787,15008,,,2,86,,6801,16644,,,2,12,,6793,15008,,,2,75,,6788,15008,,,2
2501,'F9',1617,,6802,16644,,,2
2501,'SA',1617,,6803,16644,,,2
2501,'SE',529,,6811,15008,,,2,30,,6813,15008,,,2,63,,6815,15008,,,2,34,,6812,15008,,,2,76,,6831,16644,,,2,70,,6829,16644,,,2,26,,6807,15008,,,2,30,,6816,15008,,,2,67,,6814,15008,,,2,505,,6824,15008,,,2,71,,6806,15008,,,2,33,,6804,15008,,,2,71,,6834,16644,,,2,20,,6833,16644,,,2,12,,6830,16644,,,2,9,,6828,15008,,,2,59,,6820,15008,,,2,14,,6805,15008,,,2,14,,6808,15008,,,2,68,,6818,15008,,,2,27,,6826,15008,,,2,29,,6809,15008,,,2,99,,6817,15008,,,2,385,,6821,15008,,,2,86,,6835,16644,,,2,12,,6827,15008,,,2,75,,6822,15008,,,2
7601,'F8',522,,13446,8663,,,1,30,,13425,8663,,,1,70,,13441,8663,,,1,27,,13449,8663,,,1,61,,13450,8663,,,1,20,,13442,8663,,,1,22,,13447,8663,,,1,4,,13432,8663,,,1,45,,13427,8663,,,1,14,,13421,8663,,,1,21,,13416,8663,,,1,21,,13422,8663,,,1,66,,13410,8663,,,1,30,,13420,8663,,,1,70,,13411,8663,,,1,30,,13451,8663,,,1,70,,13407,8663,,,1,30,,13415,8663,,,1,70,,13452,8663,,,1,30,,13428,8663,,,1,70,,13448,8663,,,1,30,,13409,8663,,,1,70,,13413,8663,,,1,32,,13418,8663,,,1,75,,13414,8663,,,1,26,,13424,8663,,,1,72,,13440,8663,,,1,75,,13417,8663,,,1,24,,13433,8663,,,1,15,,13419,8663,,,1,59,,13408,8663,,,1,21,,13423,8663,,,1,17,,13429,8663,,,1,18,,13426,8663,,,1,66,,13443,8663,,,1,30,,13412,8663,,,1,70,,13438,8663,,,1,29,,13430,8663,,,1,70,,13434,8663,,,1,30,,13431,8663,,,1,70,,13435,8663,,,1,29,,13444,8663,,,1,70,,13436,8663,,,1,30,,13445,8663,,,1,70,,13437,8663,,,1,30,,13439,8663,,,1
7601,'SE',522,,13492,8663,,,1,30,,13471,8663,,,1,70,,13487,8663,,,1,27,,13495,8663,,,1,61,,13496,8663,,,1,20,,13488,8663,,,1,22,,13493,8663,,,1,4,,13478,8663,,,1,45,,13473,8663,,,1,14,,13467,8663,,,1,21,,13462,8663,,,1,21,,13468,8663,,,1,66,,13456,8663,,,1,30,,13466,8663,,,1,70,,13457,8663,,,1,30,,13497,8663,,,1,70,,13453,8663,,,1,30,,13461,8663,,,1,70,,13498,8663,,,1,30,,13474,8663,,,1,70,,13494,8663,,,1,30,,13455,8663,,,1,70,,13459,8663,,,1,32,,13464,8663,,,1,75,,13460,8663,,,1,26,,13470,8663,,,1,72,,13486,8663,,,1,75,,13463,8663,,,1,24,,13479,8663,,,1,15,,13465,8663,,,1,59,,13454,8663,,,1,21,,13469,8663,,,1,17,,13475,8663,,,1,18,,13472,8663,,,1,66,,13489,8663,,,1,30,,13458,8663,,,1,70,,13484,8663,,,1,29,,13476,8663,,,1,70,,13480,8663,,,1,30,,13477,8663,,,1,70,,13481,8663,,,1,29,,13490,8663,,,1,70,,13482,8663,,,1,30,,13491,8663,,,1,70,,13483,8663,,,1,30,,13485,8663,,,1
