101,'DI',620,,20389,1689,,,1,100,,20390,1689,,,1,100,,20391,1689,,,1,100,,20392,1689,,,1,100,,20393,1689,,,1,100,,20394,1689,,,1,100,,20395,1689,,,1,100,,20396,1689,,,1,101,,20397,1689,,,1,100,,20398,1689,,,1,98,,20399,1689,,,1,100,,20400,1689,,,1,100,,20401,1689,,,1,100,,20402,1689,,,1,100,,20403,1689,,,1,100,,20404,1689,,,1,100,,20405,1689,,,1,100,,20406,1689,,,1,100,,20408,1689,,,1,100,,20407,1689,,,1
101,'F1',550,,293,1689,,,1,70,,20409,1689,,,1,30,,20412,1689,,,1,70,,20418,1689,,,1,30,,20413,1689,,,1,70,,20419,1689,,,1,30,,20414,1689,,,1,70,,20420,1689,,,1,30,,20415,1689,,,1,70,,20421,1689,,,1,30,,20416,1689,,,1,70,,20422,1689,,,1,30,,20417,1689,,,1,70,,20423,1689,,,1,30,,20427,1689,,,1,70,,20424,1689,,,1,31,,20428,1689,,,1,70,,20425,1689,,,1,30,,20429,1689,,,1,70,,20426,1689,,,1,28,,20430,1689,,,1,70,,270,1689,,,1,30,,20410,1689,,,1,70,,271,1689,,,1,30,,20411,1689,,,1,70,,272,1689,,,1,100,,273,1689,,,1,100,,274,1689,,,1,100,,275,1689,,,1,100,,276,1689,,,1,100,,277,1689,,,1,100,,278,1689,,,1,100,,279,1689,,,1
101,'F2',550,,20451,1689,,,1,70,,20441,1689,,,1,30,,20452,1689,,,1,70,,20442,1689,,,1,30,,20453,1689,,,1,70,,20443,1689,,,1,30,,20454,1689,,,1,70,,20444,1689,,,1,30,,20455,1689,,,1,70,,20445,1689,,,1,30,,20456,1689,,,1,70,,20446,1689,,,1,30,,20457,1689,,,1,70,,20447,1689,,,1,30,,20458,1689,,,1,70,,20448,1689,,,1,31,,20462,1689,,,1,70,,20449,1689,,,1,30,,20463,1689,,,1,70,,20450,1689,,,1,28,,20459,1689,,,1,70,,20431,1689,,,1,30,,20460,1689,,,1,70,,20432,1689,,,1,30,,20461,1689,,,1,70,,20433,1689,,,1,100,,20434,1689,,,1,100,,20435,1689,,,1,100,,20436,1689,,,1,100,,20437,1689,,,1,100,,20438,1689,,,1,100,,20439,1689,,,1,100,,20440,1689,,,1
101,'F7',502,,20484,1689,,,1,30,,20476,1689,,,1,20,,20481,1689,,,1,60,,20482,1689,,,1,20,,20475,1689,,,1,16,,20491,1689,,,1,60,,20485,1689,,,1,10,,20496,1689,,,1,20,,20479,1689,,,1,15,,20487,1689,,,1,55,,20472,1689,,,1,15,,20494,1689,,,1,15,,20473,1689,,,1,20,,20490,1689,,,1,60,,20495,1689,,,1,20,,20486,1689,,,1,70,,20503,1689,,,1,30,,20464,1689,,,1,70,,20501,1689,,,1,30,,20477,1689,,,1,70,,20504,1689,,,1,31,,20474,1689,,,1,70,,20493,1689,,,1,30,,20483,1689,,,1,70,,20498,1689,,,1,30,,20480,1689,,,1,70,,20488,1689,,,1,33,,20505,1689,,,1,58,,20507,1689,,,1,36,,20471,1689,,,1,71,,20465,1689,,,1,34,,20489,1689,,,1,65,,20497,1689,,,1,27,,20492,1689,,,1,75,,20502,1689,,,1,28,,20506,1689,,,1,70,,20478,1689,,,1,30,,20500,1689,,,1,68,,20466,1689,,,1,30,,20499,1689,,,1,70,,20467,1689,,,1,100,,20468,1689,,,1,99,,20469,1689,,,1,100,,20470,1689,,,1
101,'F8',550,,20528,1689,,,1,70,,20518,1689,,,1,30,,20529,1689,,,1,70,,20519,1689,,,1,30,,20530,1689,,,1,70,,20520,1689,,,1,30,,20531,1689,,,1,70,,20521,1689,,,1,30,,20532,1689,,,1,70,,20522,1689,,,1,30,,20533,1689,,,1,70,,20523,1689,,,1,30,,20534,1689,,,1,70,,20524,1689,,,1,30,,20535,1689,,,1,70,,20525,1689,,,1,31,,20539,1689,,,1,70,,20526,1689,,,1,30,,20540,1689,,,1,70,,20527,1689,,,1,28,,20536,1689,,,1,70,,20508,1689,,,1,30,,20537,1689,,,1,70,,20509,1689,,,1,30,,20538,1689,,,1,70,,20510,1689,,,1,100,,20511,1689,,,1,100,,20512,1689,,,1,100,,20513,1689,,,1,100,,20514,1689,,,1,100,,20515,1689,,,1,100,,20516,1689,,,1,100,,20517,1689,,,1
101,'F9',620,,20541,1689,,,1,100,,20542,1689,,,1,100,,20543,1689,,,1,100,,20544,1689,,,1,100,,20545,1689,,,1,100,,20546,1689,,,1,100,,20547,1689,,,1,100,,20548,1689,,,1,101,,20549,1689,,,1,100,,20550,1689,,,1,98,,20551,1689,,,1,100,,20552,1689,,,1,100,,20553,1689,,,1,100,,20554,1689,,,1,100,,20555,1689,,,1,100,,20556,1689,,,1,100,,20557,1689,,,1,100,,20558,1689,,,1,100,,20560,1689,,,1,100,,20559,1689,,,1
101,'SA',550,,20571,1689,,,1,70,,20561,1689,,,1,30,,20572,1689,,,1,70,,20562,1689,,,1,30,,20573,1689,,,1,70,,20563,1689,,,1,30,,20574,1689,,,1,70,,20564,1689,,,1,30,,20575,1689,,,1,70,,20565,1689,,,1,30,,20576,1689,,,1,70,,20566,1689,,,1,30,,20577,1689,,,1,70,,20567,1689,,,1,30,,20578,1689,,,1,70,,20568,1689,,,1,31,,20582,1689,,,1,70,,20569,1689,,,1,30,,20583,1689,,,1,70,,20570,1689,,,1,28,,20579,1689,,,1,70,,400,1689,,,1,30,,20580,1689,,,1,70,,401,1689,,,1,30,,20581,1689,,,1,70,,402,1689,,,1,100,,403,1689,,,1,100,,404,1689,,,1,100,,405,1689,,,1,100,,406,1689,,,1,100,,407,1689,,,1,100,,408,1689,,,1,100,,409,1689,,,1
101,'SE',502,,20604,1689,,,1,30,,20596,1689,,,1,20,,20601,1689,,,1,60,,20602,1689,,,1,20,,20595,1689,,,1,16,,20611,1689,,,1,60,,20605,1689,,,1,10,,20616,1689,,,1,20,,20599,1689,,,1,15,,20607,1689,,,1,55,,20592,1689,,,1,15,,20614,1689,,,1,15,,20593,1689,,,1,20,,20610,1689,,,1,60,,20615,1689,,,1,20,,20606,1689,,,1,70,,20623,1689,,,1,30,,20584,1689,,,1,70,,20621,1689,,,1,30,,20597,1689,,,1,70,,20624,1689,,,1,31,,20594,1689,,,1,70,,20613,1689,,,1,30,,20603,1689,,,1,70,,20618,1689,,,1,30,,20600,1689,,,1,70,,20608,1689,,,1,33,,20625,1689,,,1,58,,20627,1689,,,1,36,,20591,1689,,,1,71,,20585,1689,,,1,34,,20609,1689,,,1,65,,20617,1689,,,1,27,,20612,1689,,,1,75,,20622,1689,,,1,28,,20626,1689,,,1,70,,20598,1689,,,1,30,,20620,1689,,,1,68,,20586,1689,,,1,30,,20619,1689,,,1,70,,20587,1689,,,1,100,,20588,1689,,,1,99,,20589,1689,,,1,100,,20590,1689,,,1
50101,'F7',739,,40622,2014,,,2,100,,40623,2014,,,2
50101,'SE',739,,40624,2014,,,2,100,,40625,2014,,,2
