2300,'F1',654,,27432,5955,,,1,100,,27433,5955,,,1,100,,27429,5955,,,1,101,,27425,5955,,,1,99,,27427,5955,,,1,103,,27428,5955,,,1,97,,27434,5955,,,1,100,,27426,5955,,,1,100,,27430,5955,,,1,100,,27431,5955,,,1,100,,27435,5955,,,1,102,,27436,5955,,,1
2300,'F2',654,,27445,5955,,,1,100,,27446,5955,,,1,100,,27437,5955,,,1,101,,27438,5955,,,1,99,,27441,5955,,,1,103,,27442,5955,,,1,97,,27447,5955,,,1,100,,27448,5955,,,1,100,,27444,5955,,,1,100,,27443,5955,,,1,100,,27439,5955,,,1,102,,27440,5955,,,1
2300,'F7',955,,27451,5955,,,1,100,,27449,5955,,,1,100,,27452,5955,,,1,100,,27453,5955,,,1,100,,27450,5955,,,1
2300,'F8',654,,27462,5955,,,1,100,,27463,5955,,,1,100,,27454,5955,,,1,101,,27455,5955,,,1,99,,27458,5955,,,1,103,,27459,5955,,,1,97,,27464,5955,,,1,100,,27465,5955,,,1,100,,27461,5955,,,1,100,,27460,5955,,,1,100,,27456,5955,,,1,102,,27457,5955,,,1
2300,'SA',654,,27474,5955,,,1,100,,27475,5955,,,1,100,,27466,5955,,,1,101,,27467,5955,,,1,99,,27470,5955,,,1,103,,27471,5955,,,1,97,,27476,5955,,,1,100,,27477,5955,,,1,100,,27473,5955,,,1,100,,27472,5955,,,1,100,,27468,5955,,,1,102,,27469,5955,,,1
2300,'SE',955,,27480,5955,,,1,100,,27478,5955,,,1,100,,27481,5955,,,1,100,,27482,5955,,,1,100,,27479,5955,,,1
12300,'DI',624,,37610,5955,0,42 43,1,100,,37620,5955,0,42 43,1,100,,37611,5955,0,42 43,1,100,,37621,5955,0,42 43,1,100,,37612,5955,0,42 43,1,100,,37622,5955,0,42 43,1,105,,37613,5955,0,42 43,1,95,,37623,5955,0,42 43,1,100,,37614,5955,0,42 43,1,100,,37624,5955,0,42 43,1,100,,37615,5955,0,42 43,1,100,,37625,5955,0,42 43,1,100,,37616,5955,0,42 43,1,100,,37626,5955,0,42 43,1,100,,37617,5955,0,42 43,1,100,,37627,5955,0,42 43,1,100,,37618,5955,0,42 43,1,100,,37628,5955,0,42 43,1,100,,37619,5955,0,42 43,1
12300,'F1',624,,37637,5955,0,42 43,1,100,,37641,5955,0,42 43,1,100,,37631,5955,0,42 43,1,105,,37642,5955,0,42 43,1,99,,37632,5955,0,42 43,1,100,,37629,5955,0,42 43,1,100,,37633,5955,0,42 43,1,96,,37630,5955,0,42 43,1,100,,37634,5955,0,42 43,1,100,,37635,5955,0,42 43,1,104,,37643,5955,0,42 43,1,101,,37636,5955,0,42 43,1,99,,37644,5955,0,42 43,1,96,,37638,5955,0,42 43,1,100,,37645,5955,0,42 43,1,100,,37639,5955,0,42 43,1,100,,37646,5955,0,42 43,1,100,,37640,5955,0,42 43,1,100,,37647,5955,0,42 43,1
12300,'F2',624,,37649,5955,0,42 43,1,100,,37648,5955,0,42 43,1,100,,37650,5955,0,42 43,1,105,,37659,5955,0,42 43,1,99,,37651,5955,0,42 43,1,100,,37660,5955,0,42 43,1,100,,37652,5955,0,42 43,1,96,,37661,5955,0,42 43,1,100,,37653,5955,0,42 43,1,100,,37662,5955,0,42 43,1,104,,37654,5955,0,42 43,1,101,,37663,5955,0,42 43,1,99,,37655,5955,0,42 43,1,96,,37664,5955,0,42 43,1,100,,37656,5955,0,42 43,1,100,,37665,5955,0,42 43,1,100,,37657,5955,0,42 43,1,100,,37666,5955,0,42 43,1,100,,37658,5955,0,42 43,1
12300,'F7',516,,37686,5955,0,42 43,1,33,,37667,5955,0,42 43,1,55,,37674,5955,0,42 43,1,10,,37668,5955,0,42 43,1,10,,37688,5955,0,42 43,1,10,,37679,5955,0,42 43,1,12,,37689,5955,0,42 43,1,8,,37669,5955,0,42 43,1,52,,37693,5955,0,42 43,1,10,,37670,5955,0,42 43,1,21,,37694,5955,0,42 43,1,17,,37690,5955,0,42 43,1,70,,37696,5955,0,42 43,1,28,,37695,5955,0,42 43,1,69,,37676,5955,0,42 43,1,102,,37671,5955,0,42 43,1,100,,37681,5955,0,42 43,1,99,,37691,5955,0,42 43,1,102,,37683,5955,0,42 43,1,5,,37680,5955,0,42 43,1,93,,37687,5955,0,42 43,1,30,,37697,5955,0,42 43,1,71,,37684,5955,0,42 43,1,26,,37682,5955,0,42 43,1,71,,37699,5955,0,42 43,1,31,,37701,5955,0,42 43,1,71,,37673,5955,0,42 43,1,30,,37685,5955,0,42 43,1,75,,37672,5955,0,42 43,1,28,,37698,5955,0,42 43,1,70,,37692,5955,0,42 43,1,30,,37675,5955,0,42 43,1,70,,37700,5955,0,42 43,1,100,,37677,5955,0,42 43,1,100,,37702,5955,0,42 43,1,98,,37678,5955,0,42 43,1,100,,37703,5955,0,42 43,1
12300,'F8',624,,37705,5955,0,42 43,1,100,,37704,5955,0,42 43,1,100,,37706,5955,0,42 43,1,105,,37715,5955,0,42 43,1,99,,37707,5955,0,42 43,1,100,,37716,5955,0,42 43,1,100,,37708,5955,0,42 43,1,96,,37717,5955,0,42 43,1,100,,37709,5955,0,42 43,1,100,,37718,5955,0,42 43,1,104,,37710,5955,0,42 43,1,101,,37719,5955,0,42 43,1,99,,37711,5955,0,42 43,1,96,,37720,5955,0,42 43,1,100,,37712,5955,0,42 43,1,100,,37721,5955,0,42 43,1,100,,37713,5955,0,42 43,1,100,,37722,5955,0,42 43,1,100,,37714,5955,0,42 43,1
12300,'F9',624,,37723,5955,0,42 43,1,100,,37733,5955,0,42 43,1,100,,37724,5955,0,42 43,1,100,,37734,5955,0,42 43,1,100,,37725,5955,0,42 43,1,100,,37735,5955,0,42 43,1,105,,37726,5955,0,42 43,1,95,,37736,5955,0,42 43,1,100,,37727,5955,0,42 43,1,100,,37737,5955,0,42 43,1,100,,37728,5955,0,42 43,1,100,,37738,5955,0,42 43,1,100,,37729,5955,0,42 43,1,100,,37739,5955,0,42 43,1,100,,37730,5955,0,42 43,1,100,,37740,5955,0,42 43,1,100,,37731,5955,0,42 43,1,100,,37741,5955,0,42 43,1,100,,37732,5955,0,42 43,1
12300,'SA',624,,37743,5955,0,42 43,1,100,,37742,5955,0,42 43,1,100,,37744,5955,0,42 43,1,105,,37753,5955,0,42 43,1,99,,37745,5955,0,42 43,1,100,,37754,5955,0,42 43,1,100,,37746,5955,0,42 43,1,96,,37755,5955,0,42 43,1,100,,37747,5955,0,42 43,1,100,,37756,5955,0,42 43,1,104,,37748,5955,0,42 43,1,101,,37757,5955,0,42 43,1,99,,37749,5955,0,42 43,1,96,,37758,5955,0,42 43,1,100,,37750,5955,0,42 43,1,100,,37759,5955,0,42 43,1,100,,37751,5955,0,42 43,1,100,,37760,5955,0,42 43,1,100,,37752,5955,0,42 43,1
12300,'SE',516,,37780,5955,0,42 43,1,33,,37761,5955,0,42 43,1,55,,37768,5955,0,42 43,1,10,,37762,5955,0,42 43,1,10,,37782,5955,0,42 43,1,10,,37773,5955,0,42 43,1,12,,37783,5955,0,42 43,1,8,,37763,5955,0,42 43,1,52,,37787,5955,0,42 43,1,10,,37764,5955,0,42 43,1,21,,37788,5955,0,42 43,1,17,,37784,5955,0,42 43,1,70,,37790,5955,0,42 43,1,28,,37789,5955,0,42 43,1,69,,37770,5955,0,42 43,1,102,,37765,5955,0,42 43,1,100,,37775,5955,0,42 43,1,99,,37785,5955,0,42 43,1,102,,37777,5955,0,42 43,1,5,,37774,5955,0,42 43,1,93,,37781,5955,0,42 43,1,30,,37791,5955,0,42 43,1,71,,37778,5955,0,42 43,1,26,,37776,5955,0,42 43,1,71,,37793,5955,0,42 43,1,31,,37795,5955,0,42 43,1,71,,37767,5955,0,42 43,1,30,,37779,5955,0,42 43,1,75,,37766,5955,0,42 43,1,28,,37792,5955,0,42 43,1,70,,37786,5955,0,42 43,1,30,,37769,5955,0,42 43,1,70,,37794,5955,0,42 43,1,100,,37771,5955,0,42 43,1,100,,37796,5955,0,42 43,1,98,,37772,5955,0,42 43,1,100,,37797,5955,0,42 43,1
57500,'F7',1601,,40733,4573,,,2
57500,'SE',1601,,40734,4573,,,2
