2300,'F1',644,,27432,1893,,,1,100,,27433,1893,,,1,100,,27429,1893,,,1,101,,27425,1893,,,1,99,,27427,1893,,,1,103,,27428,1893,,,1,97,,27434,1893,,,1,100,,27426,1893,,,1,100,,27430,1893,,,1,100,,27431,1893,,,1,100,,27435,1893,,,1,102,,27436,1893,,,1
2300,'F2',644,,27445,1893,,,1,100,,27446,1893,,,1,100,,27437,1893,,,1,101,,27438,1893,,,1,99,,27441,1893,,,1,103,,27442,1893,,,1,97,,27447,1893,,,1,100,,27448,1893,,,1,100,,27444,1893,,,1,100,,27443,1893,,,1,100,,27439,1893,,,1,102,,27440,1893,,,1
2300,'F7',945,,27451,1893,,,1,100,,27449,1893,,,1,100,,27452,1893,,,1,100,,27453,1893,,,1,100,,27450,1893,,,1
2300,'F8',644,,27462,1893,,,1,100,,27463,1893,,,1,100,,27454,1893,,,1,101,,27455,1893,,,1,99,,27458,1893,,,1,103,,27459,1893,,,1,97,,27464,1893,,,1,100,,27465,1893,,,1,100,,27461,1893,,,1,100,,27460,1893,,,1,100,,27456,1893,,,1,102,,27457,1893,,,1
2300,'SA',644,,27474,1893,,,1,100,,27475,1893,,,1,100,,27466,1893,,,1,101,,27467,1893,,,1,99,,27470,1893,,,1,103,,27471,1893,,,1,97,,27476,1893,,,1,100,,27477,1893,,,1,100,,27473,1893,,,1,100,,27472,1893,,,1,100,,27468,1893,,,1,102,,27469,1893,,,1
2300,'SE',945,,27480,1893,,,1,100,,27478,1893,,,1,100,,27481,1893,,,1,100,,27482,1893,,,1,100,,27479,1893,,,1
12300,'DI',615,,37610,1893,0,42 43,1,100,,37620,1893,0,42 43,1,100,,37611,1893,0,42 43,1,100,,37621,1893,0,42 43,1,100,,37612,1893,0,42 43,1,100,,37622,1893,0,42 43,1,105,,37613,1893,0,42 43,1,95,,37623,1893,0,42 43,1,100,,37614,1893,0,42 43,1,100,,37624,1893,0,42 43,1,100,,37615,1893,0,42 43,1,100,,37625,1893,0,42 43,1,100,,37616,1893,0,42 43,1,100,,37626,1893,0,42 43,1,100,,37617,1893,0,42 43,1,100,,37627,1893,0,42 43,1,100,,37618,1893,0,42 43,1,100,,37628,1893,0,42 43,1,100,,37619,1893,0,42 43,1
12300,'F1',614,,37637,1893,0,42 43,1,100,,37641,1893,0,42 43,1,100,,37631,1893,0,42 43,1,105,,37642,1893,0,42 43,1,99,,37632,1893,0,42 43,1,100,,37629,1893,0,42 43,1,100,,37633,1893,0,42 43,1,96,,37630,1893,0,42 43,1,100,,37634,1893,0,42 43,1,100,,37635,1893,0,42 43,1,104,,37643,1893,0,42 43,1,101,,37636,1893,0,42 43,1,99,,37644,1893,0,42 43,1,96,,37638,1893,0,42 43,1,100,,37645,1893,0,42 43,1,100,,37639,1893,0,42 43,1,100,,37646,1893,0,42 43,1,100,,37640,1893,0,42 43,1,100,,37647,1893,0,42 43,1
12300,'F2',614,,37649,1893,0,42 43,1,100,,37648,1893,0,42 43,1,100,,37650,1893,0,42 43,1,105,,37659,1893,0,42 43,1,99,,37651,1893,0,42 43,1,100,,37660,1893,0,42 43,1,100,,37652,1893,0,42 43,1,96,,37661,1893,0,42 43,1,100,,37653,1893,0,42 43,1,100,,37662,1893,0,42 43,1,104,,37654,1893,0,42 43,1,101,,37663,1893,0,42 43,1,99,,37655,1893,0,42 43,1,96,,37664,1893,0,42 43,1,100,,37656,1893,0,42 43,1,100,,37665,1893,0,42 43,1,100,,37657,1893,0,42 43,1,100,,37666,1893,0,42 43,1,100,,37658,1893,0,42 43,1
12300,'F7',507,,37686,1893,0,42 43,1,33,,37667,1893,0,42 43,1,15,,37674,1893,0,42 43,1,50,,37668,1893,0,42 43,1,10,,37688,1893,0,42 43,1,10,,37679,1893,0,42 43,1,10,,37689,1893,0,42 43,1,8,,37669,1893,0,42 43,1,12,,37693,1893,0,42 43,1,50,,37670,1893,0,42 43,1,21,,37694,1893,0,42 43,1,17,,37690,1893,0,42 43,1,69,,37696,1893,0,42 43,1,29,,37695,1893,0,42 43,1,69,,37676,1893,0,42 43,1,102,,37671,1893,0,42 43,1,100,,37681,1893,0,42 43,1,99,,37691,1893,0,42 43,1,101,,37683,1893,0,42 43,1,5,,37680,1893,0,42 43,1,93,,37687,1893,0,42 43,1,30,,37697,1893,0,42 43,1,70,,37684,1893,0,42 43,1,26,,37682,1893,0,42 43,1,71,,37699,1893,0,42 43,1,31,,37701,1893,0,42 43,1,71,,37673,1893,0,42 43,1,31,,37685,1893,0,42 43,1,76,,37672,1893,0,42 43,1,28,,37698,1893,0,42 43,1,70,,37692,1893,0,42 43,1,30,,37675,1893,0,42 43,1,70,,37700,1893,0,42 43,1,100,,37677,1893,0,42 43,1,100,,37702,1893,0,42 43,1,100,,37678,1893,0,42 43,1,100,,37703,1893,0,42 43,1
12300,'F8',614,,37705,1893,0,42 43,1,100,,37704,1893,0,42 43,1,100,,37706,1893,0,42 43,1,105,,37715,1893,0,42 43,1,99,,37707,1893,0,42 43,1,100,,37716,1893,0,42 43,1,100,,37708,1893,0,42 43,1,96,,37717,1893,0,42 43,1,100,,37709,1893,0,42 43,1,100,,37718,1893,0,42 43,1,104,,37710,1893,0,42 43,1,101,,37719,1893,0,42 43,1,99,,37711,1893,0,42 43,1,96,,37720,1893,0,42 43,1,100,,37712,1893,0,42 43,1,100,,37721,1893,0,42 43,1,100,,37713,1893,0,42 43,1,100,,37722,1893,0,42 43,1,100,,37714,1893,0,42 43,1
12300,'F9',615,,37723,1893,0,42 43,1,100,,37733,1893,0,42 43,1,100,,37724,1893,0,42 43,1,100,,37734,1893,0,42 43,1,100,,37725,1893,0,42 43,1,100,,37735,1893,0,42 43,1,105,,37726,1893,0,42 43,1,95,,37736,1893,0,42 43,1,100,,37727,1893,0,42 43,1,100,,37737,1893,0,42 43,1,100,,37728,1893,0,42 43,1,100,,37738,1893,0,42 43,1,100,,37729,1893,0,42 43,1,100,,37739,1893,0,42 43,1,100,,37730,1893,0,42 43,1,100,,37740,1893,0,42 43,1,100,,37731,1893,0,42 43,1,100,,37741,1893,0,42 43,1,100,,37732,1893,0,42 43,1
12300,'SA',614,,37743,1893,0,42 43,1,100,,37742,1893,0,42 43,1,100,,37744,1893,0,42 43,1,105,,37753,1893,0,42 43,1,99,,37745,1893,0,42 43,1,100,,37754,1893,0,42 43,1,100,,37746,1893,0,42 43,1,96,,37755,1893,0,42 43,1,100,,37747,1893,0,42 43,1,100,,37756,1893,0,42 43,1,104,,37748,1893,0,42 43,1,101,,37757,1893,0,42 43,1,99,,37749,1893,0,42 43,1,96,,37758,1893,0,42 43,1,100,,37750,1893,0,42 43,1,100,,37759,1893,0,42 43,1,100,,37751,1893,0,42 43,1,100,,37760,1893,0,42 43,1,100,,37752,1893,0,42 43,1
12300,'SE',507,,37780,1893,0,42 43,1,33,,37761,1893,0,42 43,1,15,,37768,1893,0,42 43,1,50,,37762,1893,0,42 43,1,10,,37782,1893,0,42 43,1,10,,37773,1893,0,42 43,1,10,,37783,1893,0,42 43,1,8,,37763,1893,0,42 43,1,12,,37787,1893,0,42 43,1,50,,37764,1893,0,42 43,1,21,,37788,1893,0,42 43,1,17,,37784,1893,0,42 43,1,69,,37790,1893,0,42 43,1,29,,37789,1893,0,42 43,1,69,,37770,1893,0,42 43,1,102,,37765,1893,0,42 43,1,100,,37775,1893,0,42 43,1,99,,37785,1893,0,42 43,1,101,,37777,1893,0,42 43,1,5,,37774,1893,0,42 43,1,93,,37781,1893,0,42 43,1,30,,37791,1893,0,42 43,1,70,,37778,1893,0,42 43,1,26,,37776,1893,0,42 43,1,71,,37793,1893,0,42 43,1,31,,37795,1893,0,42 43,1,71,,37767,1893,0,42 43,1,31,,37779,1893,0,42 43,1,76,,37766,1893,0,42 43,1,28,,37792,1893,0,42 43,1,70,,37786,1893,0,42 43,1,30,,37769,1893,0,42 43,1,70,,37794,1893,0,42 43,1,100,,37771,1893,0,42 43,1,100,,37796,1893,0,42 43,1,100,,37772,1893,0,42 43,1,100,,37797,1893,0,42 43,1
17000,'F7',545,,38871,4521,0,46,2,70,,38875,4521,0,46,2,31,,38872,4521,0,46,2,70,,38876,4521,0,46,2,30,,38873,4521,0,46,2,73,,38877,4521,0,46,2,28,,38874,4521,0,46,2,690,,38878,4521,0,46,2,70,,38882,4521,0,46,2,30,,38879,4521,0,46,2,70,,38883,4521,0,46,2,30,,38880,4521,0,46,2,70,,38884,4521,0,46,2,30,,38881,4521,0,46,2
17000,'SE',545,,38885,4521,0,46,2,70,,38889,4521,0,46,2,31,,38886,4521,0,46,2,70,,38890,4521,0,46,2,30,,38887,4521,0,46,2,73,,38891,4521,0,46,2,28,,38888,4521,0,46,2,690,,38892,4521,0,46,2,70,,38896,4521,0,46,2,30,,38893,4521,0,46,2,70,,38897,4521,0,46,2,30,,38894,4521,0,46,2,70,,38898,4521,0,46,2,30,,38895,4521,0,46,2
