3300,'F7',1606,,28800,4834,,,2,34,,28797,4834,,,2,67,,28798,4834,,,2,30,,28799,4834,,,2,71,,28801,4834,,,2,28,,28802,4834,,,2
3300,'SE',1606,,28812,4834,,,2,34,,28809,4834,,,2,67,,28810,4834,,,2,30,,28811,4834,,,2,71,,28813,4834,,,2,28,,28814,4834,,,2
4401,'DI',625,,30200,1127,,,2,101,,30205,1127,,,2,103,,30195,1127,,,2,101,,30198,1127,,,2,96,,30192,1127,,,2,100,,30206,1127,,,2,100,,30193,1127,,,2,100,,30207,1127,,,2,100,,30201,1127,,,2,98,,30208,1127,,,2,104,,30202,1127,,,2,99,,30196,1127,,,2,102,,30194,1127,,,2,97,,30199,1127,,,2,100,,30197,1127,,,2,101,,30203,1127,,,2,99,,30209,1127,,,2,101,,30204,1127,,,2,100,,30210,1127,,,2
4401,'F1',625,,30227,1127,,,2,103,,30223,1127,,,2,98,,30211,1127,,,2,100,,30229,1127,,,2,100,,30213,1127,,,2,100,,30215,1127,,,2,100,,30214,1127,,,2,105,,30216,1127,,,2,100,,30218,1127,,,2,95,,30212,1127,,,2,105,,30228,1127,,,2,100,,30224,1127,,,2,101,,30226,1127,,,2,94,,30219,1127,,,2,100,,30221,1127,,,2,101,,30220,1127,,,2,100,,30222,1127,,,2,98,,30225,1127,,,2,103,,30217,1127,,,2
4401,'F2',625,,30230,1127,,,2,103,,30232,1127,,,2,98,,30237,1127,,,2,100,,30233,1127,,,2,100,,30238,1127,,,2,100,,30234,1127,,,2,100,,30239,1127,,,2,105,,30235,1127,,,2,100,,30240,1127,,,2,95,,30236,1127,,,2,105,,30241,1127,,,2,100,,30245,1127,,,2,101,,30244,1127,,,2,94,,30242,1127,,,2,100,,30231,1127,,,2,101,,30243,1127,,,2,100,,30248,1127,,,2,98,,30246,1127,,,2,103,,30247,1127,,,2
4401,'F7',605,,30280,1127,,,2,16,,30261,1127,,,2,15,,30281,1127,,,2,16,,30270,1127,,,2,54,,30264,1127,,,2,11,,30252,1127,,,2,15,,30266,1127,,,2,15,,30265,1127,,,2,10,,30282,1127,,,2,58,,30267,1127,,,2,16,,30283,1127,,,2,94,,30274,1127,,,2,100,,30279,1127,,,2,100,,30249,1127,,,2,101,,30255,1127,,,2,100,,30259,1127,,,2,100,,30256,1127,,,2,100,,30271,1127,,,2,21,,30253,1127,,,2,55,,30272,1127,,,2,18,,30275,1127,,,2,16,,30273,1127,,,2,14,,30268,1127,,,2,52,,30262,1127,,,2,15,,30254,1127,,,2,15,,30269,1127,,,2,16,,30250,1127,,,2,53,,30257,1127,,,2,16,,30263,1127,,,2,19,,30258,1127,,,2,89,,30285,1127,,,2,100,,30284,1127,,,2,100,,30251,1127,,,2,100,,30276,1127,,,2,100,,30260,1127,,,2,100,,30278,1127,,,2,100,,30277,1127,,,2
4401,'F8',625,,30286,1127,,,2,103,,30288,1127,,,2,98,,30293,1127,,,2,100,,30289,1127,,,2,100,,30294,1127,,,2,100,,30290,1127,,,2,100,,30295,1127,,,2,105,,30291,1127,,,2,100,,30296,1127,,,2,95,,30292,1127,,,2,105,,30297,1127,,,2,100,,30301,1127,,,2,101,,30300,1127,,,2,94,,30298,1127,,,2,100,,30287,1127,,,2,101,,30299,1127,,,2,100,,30304,1127,,,2,98,,30302,1127,,,2,103,,30303,1127,,,2
4401,'F9',625,,30313,1127,,,2,101,,30318,1127,,,2,103,,30308,1127,,,2,101,,30311,1127,,,2,96,,30305,1127,,,2,100,,30319,1127,,,2,100,,30306,1127,,,2,100,,30320,1127,,,2,100,,30314,1127,,,2,98,,30321,1127,,,2,104,,30315,1127,,,2,99,,30309,1127,,,2,102,,30307,1127,,,2,97,,30312,1127,,,2,100,,30310,1127,,,2,101,,30316,1127,,,2,99,,30322,1127,,,2,101,,30317,1127,,,2,100,,30323,1127,,,2
4401,'SA',625,,30324,1127,,,2,103,,30326,1127,,,2,98,,30331,1127,,,2,100,,30327,1127,,,2,100,,30332,1127,,,2,100,,30328,1127,,,2,100,,30333,1127,,,2,105,,30329,1127,,,2,100,,30334,1127,,,2,95,,30330,1127,,,2,105,,30335,1127,,,2,100,,30339,1127,,,2,101,,30338,1127,,,2,94,,30336,1127,,,2,100,,30325,1127,,,2,101,,30337,1127,,,2,100,,30342,1127,,,2,98,,30340,1127,,,2,103,,30341,1127,,,2
4401,'SE',605,,30374,1127,,,2,16,,30355,1127,,,2,15,,30375,1127,,,2,16,,30364,1127,,,2,54,,30358,1127,,,2,11,,30346,1127,,,2,15,,30360,1127,,,2,15,,30359,1127,,,2,10,,30376,1127,,,2,58,,30361,1127,,,2,16,,30377,1127,,,2,94,,30368,1127,,,2,100,,30373,1127,,,2,100,,30343,1127,,,2,101,,30349,1127,,,2,100,,30353,1127,,,2,100,,30350,1127,,,2,100,,30365,1127,,,2,21,,30347,1127,,,2,55,,30366,1127,,,2,18,,30369,1127,,,2,16,,30367,1127,,,2,14,,30362,1127,,,2,52,,30356,1127,,,2,15,,30348,1127,,,2,15,,30363,1127,,,2,16,,30344,1127,,,2,53,,30351,1127,,,2,16,,30357,1127,,,2,19,,30352,1127,,,2,89,,30379,1127,,,2,100,,30378,1127,,,2,100,,30345,1127,,,2,100,,30370,1127,,,2,100,,30354,1127,,,2,100,,30372,1127,,,2,100,,30371,1127,,,2
53300,'F7',1633,,40662,8196,,,2
53300,'SE',1633,,40663,8196,,,2
53400,'F7',1638,,40666,8196,,,2
53400,'SE',1638,,40667,8196,,,2
67400,'F7',1609,,40878,1626,,,2
67400,'SE',1609,,40879,1626,,,2
67401,'F7',846,,40880,489,,,2
67401,'SE',846,,40881,489,,,2
