1301,'DI',636,,24063,6989,,,1,100,,3602,6989,,,1,100,,24064,6989,,,1,100,,3603,6989,,,1,100,,24065,6989,,,1,100,,3604,6989,,,1,100,,24066,6989,,,1,100,,3605,6989,,,1,100,,24068,6989,,,1,100,,24075,6989,,,1,100,,24060,6989,,,1,100,,24067,6989,,,1,100,,24062,6989,,,1,100,,24069,6989,,,1,100,,24073,6989,,,1,100,,24071,6989,,,1,100,,24070,6989,,,1,100,,24061,6989,,,1,100,,24074,6989,,,1,100,,24072,6989,,,1
1301,'F1',636,,24083,6989,,,1,100,,24076,6989,,,1,100,,24084,6989,,,1,100,,24078,6989,,,1,100,,24079,6989,,,1,100,,24089,6989,,,1,100,,24077,6989,,,1,100,,24085,6989,,,1,100,,24080,6989,,,1,100,,24086,6989,,,1,100,,24094,6989,,,1,100,,24082,6989,,,1,100,,24090,6989,,,1,100,,24087,6989,,,1,100,,24091,6989,,,1,100,,24081,6989,,,1,100,,24093,6989,,,1,100,,24088,6989,,,1,100,,24092,6989,,,1,100,,24095,6989,,,1
1301,'F2',636,,24104,6989,,,1,100,,24097,6989,,,1,100,,24105,6989,,,1,100,,24098,6989,,,1,100,,24099,6989,,,1,100,,24106,6989,,,1,100,,24108,6989,,,1,100,,24100,6989,,,1,100,,24109,6989,,,1,100,,24101,6989,,,1,100,,24096,6989,,,1,100,,24111,6989,,,1,100,,24114,6989,,,1,100,,24102,6989,,,1,100,,24110,6989,,,1,100,,24107,6989,,,1,100,,24115,6989,,,1,100,,24112,6989,,,1,100,,24103,6989,,,1,100,,24113,6989,,,1
1301,'F7',542,,24130,6989,,,1,72,,24131,6989,,,1,31,,24129,6989,,,1,57,,24118,6989,,,1,14,,24154,6989,,,1,13,,24120,6989,,,1,14,,24147,6989,,,1,61,,24121,6989,,,1,13,,24119,6989,,,1,13,,24158,6989,,,1,15,,24140,6989,,,1,55,,24136,6989,,,1,20,,24139,6989,,,1,29,,24132,6989,,,1,70,,24117,6989,,,1,30,,24135,6989,,,1,70,,24149,6989,,,1,30,,24127,6989,,,1,70,,24141,6989,,,1,31,,24128,6989,,,1,70,,24133,6989,,,1,30,,24150,6989,,,1,70,,24137,6989,,,1,30,,24142,6989,,,1,69,,24155,6989,,,1,34,,24152,6989,,,1,69,,24116,6989,,,1,27,,24123,6989,,,1,55,,24138,6989,,,1,20,,24134,6989,,,1,22,,24159,6989,,,1,58,,24145,6989,,,1,20,,24143,6989,,,1,29,,24124,6989,,,1,68,,24157,6989,,,1,30,,24122,6989,,,1,70,,24151,6989,,,1,30,,24153,6989,,,1,70,,24144,6989,,,1,29,,24156,6989,,,1,100,,24146,6989,,,1,100,,24148,6989,,,1,100,,24125,6989,,,1,98,,24126,6989,,,1
1301,'F8',636,,24168,6989,,,1,100,,24161,6989,,,1,100,,24169,6989,,,1,100,,24162,6989,,,1,100,,24163,6989,,,1,100,,24170,6989,,,1,100,,24172,6989,,,1,100,,24164,6989,,,1,100,,24173,6989,,,1,100,,24165,6989,,,1,100,,24160,6989,,,1,100,,24175,6989,,,1,100,,24178,6989,,,1,100,,24166,6989,,,1,100,,24174,6989,,,1,100,,24171,6989,,,1,100,,24179,6989,,,1,100,,24176,6989,,,1,100,,24167,6989,,,1,100,,24177,6989,,,1
1301,'F9',636,,24187,6989,,,1,100,,24182,6989,,,1,100,,24188,6989,,,1,100,,24183,6989,,,1,100,,24189,6989,,,1,100,,24184,6989,,,1,100,,24190,6989,,,1,100,,24185,6989,,,1,100,,24192,6989,,,1,100,,24199,6989,,,1,100,,24180,6989,,,1,100,,24191,6989,,,1,100,,24186,6989,,,1,100,,24193,6989,,,1,100,,24197,6989,,,1,100,,24195,6989,,,1,100,,24194,6989,,,1,100,,24181,6989,,,1,100,,24198,6989,,,1,100,,24196,6989,,,1
1301,'SA',636,,24208,6989,,,1,100,,24201,6989,,,1,100,,24209,6989,,,1,100,,24202,6989,,,1,100,,24203,6989,,,1,100,,24210,6989,,,1,100,,24212,6989,,,1,100,,24204,6989,,,1,100,,24213,6989,,,1,100,,24205,6989,,,1,100,,24200,6989,,,1,100,,24215,6989,,,1,100,,24218,6989,,,1,100,,24206,6989,,,1,100,,24214,6989,,,1,100,,24211,6989,,,1,100,,24219,6989,,,1,100,,24216,6989,,,1,100,,24207,6989,,,1,100,,24217,6989,,,1
1301,'SE',542,,24234,6989,,,1,72,,24235,6989,,,1,31,,24233,6989,,,1,57,,24222,6989,,,1,14,,24258,6989,,,1,13,,24224,6989,,,1,14,,24251,6989,,,1,61,,24225,6989,,,1,13,,24223,6989,,,1,13,,24262,6989,,,1,15,,24244,6989,,,1,55,,24240,6989,,,1,20,,24243,6989,,,1,29,,24236,6989,,,1,70,,24221,6989,,,1,30,,24239,6989,,,1,70,,24253,6989,,,1,30,,24231,6989,,,1,70,,24245,6989,,,1,31,,24232,6989,,,1,70,,24237,6989,,,1,30,,24254,6989,,,1,70,,24241,6989,,,1,30,,24246,6989,,,1,69,,24259,6989,,,1,34,,24256,6989,,,1,69,,24220,6989,,,1,27,,24227,6989,,,1,55,,24242,6989,,,1,20,,24238,6989,,,1,22,,24263,6989,,,1,58,,24249,6989,,,1,20,,24247,6989,,,1,29,,24228,6989,,,1,68,,24261,6989,,,1,30,,24226,6989,,,1,70,,24255,6989,,,1,30,,24257,6989,,,1,70,,24248,6989,,,1,29,,24260,6989,,,1,100,,24250,6989,,,1,100,,24252,6989,,,1,100,,24229,6989,,,1,98,,24230,6989,,,1
1501,'DI',705,,24559,8031,,,1,100,,24556,8031,,,1,100,,24553,8031,,,1,100,,24566,8031,,,1,101,,24571,8031,,,1,100,,24564,8031,,,1,100,,24560,8031,,,1,100,,24554,8031,,,1,100,,24568,8031,,,1,100,,24555,8031,,,1,100,,24563,8031,,,1,100,,24561,8031,,,1,100,,24565,8031,,,1,97,,24569,8031,,,1,100,,24567,8031,,,1,100,,24562,8031,,,1,100,,24557,8031,,,1,100,,24570,8031,,,1,100,,24558,8031,,,1
1501,'F1',704,,24573,8031,,,1,100,,24579,8031,,,1,100,,24588,8031,,,1,100,,24580,8031,,,1,100,,24582,8031,,,1,100,,24581,8031,,,1,100,,24589,8031,,,1,101,,24574,8031,,,1,100,,24583,8031,,,1,102,,24575,8031,,,1,98,,24572,8031,,,1,100,,24585,8031,,,1,100,,24590,8031,,,1,99,,24576,8031,,,1,100,,24577,8031,,,1,100,,24586,8031,,,1,100,,24578,8031,,,1,100,,24587,8031,,,1,100,,24584,8031,,,1
1501,'F2',704,,24606,8031,,,1,100,,24600,8031,,,1,100,,24594,8031,,,1,100,,24607,8031,,,1,100,,24592,8031,,,1,100,,24591,8031,,,1,100,,24603,8031,,,1,101,,24598,8031,,,1,100,,24602,8031,,,1,102,,24599,8031,,,1,98,,24595,8031,,,1,100,,24601,8031,,,1,100,,24604,8031,,,1,99,,24605,8031,,,1,100,,24593,8031,,,1,100,,24608,8031,,,1,100,,24596,8031,,,1,100,,24609,8031,,,1,100,,24597,8031,,,1
1501,'F7',528,,24622,8031,,,1,86,,24614,8031,,,1,30,,24620,8031,,,1,73,,24642,8031,,,1,20,,24630,8031,,,1,20,,24624,8031,,,1,60,,24615,8031,,,1,30,,24611,8031,,,1,72,,24648,8031,,,1,28,,24632,8031,,,1,69,,24621,8031,,,1,30,,24640,8031,,,1,70,,24634,8031,,,1,30,,24616,8031,,,1,71,,24618,8031,,,1,30,,24635,8031,,,1,70,,24637,8031,,,1,30,,24619,8031,,,1,70,,24617,8031,,,1,30,,24643,8031,,,1,72,,24625,8031,,,1,31,,24646,8031,,,1,63,,24641,8031,,,1,39,,24638,8031,,,1,67,,24627,8031,,,1,30,,24613,8031,,,1,70,,24647,8031,,,1,27,,24636,8031,,,1,70,,24626,8031,,,1,30,,24644,8031,,,1,68,,24639,8031,,,1,30,,24612,8031,,,1,70,,24633,8031,,,1,30,,24645,8031,,,1,70,,24629,8031,,,1,30,,24610,8031,,,1,99,,24623,8031,,,1,100,,24628,8031,,,1,99,,24631,8031,,,1
1501,'F8',704,,24664,8031,,,1,100,,24658,8031,,,1,100,,24652,8031,,,1,100,,24665,8031,,,1,100,,24650,8031,,,1,100,,24649,8031,,,1,100,,24661,8031,,,1,101,,24656,8031,,,1,100,,24660,8031,,,1,102,,24657,8031,,,1,98,,24653,8031,,,1,100,,24659,8031,,,1,100,,24662,8031,,,1,99,,24663,8031,,,1,100,,24651,8031,,,1,100,,24666,8031,,,1,100,,24654,8031,,,1,100,,24667,8031,,,1,100,,24655,8031,,,1
1501,'F9',705,,24674,8031,,,1,100,,24671,8031,,,1,100,,24668,8031,,,1,100,,24681,8031,,,1,101,,24686,8031,,,1,100,,24679,8031,,,1,100,,24675,8031,,,1,100,,24669,8031,,,1,100,,24683,8031,,,1,100,,24670,8031,,,1,100,,24678,8031,,,1,100,,24676,8031,,,1,100,,24680,8031,,,1,97,,24684,8031,,,1,100,,24682,8031,,,1,100,,24677,8031,,,1,100,,24672,8031,,,1,100,,24685,8031,,,1,100,,24673,8031,,,1
1501,'SA',704,,24702,8031,,,1,100,,24696,8031,,,1,100,,24690,8031,,,1,100,,24703,8031,,,1,100,,24688,8031,,,1,100,,24687,8031,,,1,100,,24699,8031,,,1,101,,24694,8031,,,1,100,,24698,8031,,,1,102,,24695,8031,,,1,98,,24691,8031,,,1,100,,24697,8031,,,1,100,,24700,8031,,,1,99,,24701,8031,,,1,100,,24689,8031,,,1,100,,24704,8031,,,1,100,,24692,8031,,,1,100,,24705,8031,,,1,100,,24693,8031,,,1
1501,'SE',528,,24718,8031,,,1,86,,24710,8031,,,1,30,,24716,8031,,,1,73,,24738,8031,,,1,20,,24726,8031,,,1,20,,24720,8031,,,1,60,,24711,8031,,,1,30,,24707,8031,,,1,72,,24744,8031,,,1,28,,24728,8031,,,1,69,,24717,8031,,,1,30,,24736,8031,,,1,70,,24730,8031,,,1,30,,24712,8031,,,1,71,,24714,8031,,,1,30,,24731,8031,,,1,70,,24733,8031,,,1,30,,24715,8031,,,1,70,,24713,8031,,,1,30,,24739,8031,,,1,72,,24721,8031,,,1,31,,24742,8031,,,1,63,,24737,8031,,,1,39,,24734,8031,,,1,67,,24723,8031,,,1,30,,24709,8031,,,1,70,,24743,8031,,,1,27,,24732,8031,,,1,70,,24722,8031,,,1,30,,24740,8031,,,1,68,,24735,8031,,,1,30,,24708,8031,,,1,70,,24729,8031,,,1,30,,24741,8031,,,1,70,,24725,8031,,,1,30,,24706,8031,,,1,99,,24719,8031,,,1,100,,24724,8031,,,1,99,,24727,8031,,,1
5500,'F7',1610,,32108,7573,0,16,2,18,,32106,7573,0,16,2,15,,32110,7573,0,16,2,16,,32104,7573,0,16,2,54,,32102,7573,0,16,2,15,,32109,7573,0,16,2,15,,32107,7573,0,16,2,57,,32111,7573,0,16,2,20,,32105,7573,0,16,2,20,,32103,7573,0,16,2
5500,'SE',1610,,32122,7573,0,16,2,18,,32120,7573,0,16,2,15,,32124,7573,0,16,2,16,,32118,7573,0,16,2,54,,32116,7573,0,16,2,15,,32123,7573,0,16,2,15,,32121,7573,0,16,2,57,,32125,7573,0,16,2,20,,32119,7573,0,16,2,20,,32117,7573,0,16,2
61301,'F7',900,,40772,5977,,,2
61301,'SE',900,,40773,5977,,,2
61801,'F7',852,,40780,6902,,,2
61801,'SE',852,,40781,6902,,,2
