9300,'F1',1634,,37182,6462,,,2,80,,37183,6462,,,2,20,,37186,6462,,,2,70,,37184,6462,,,2,39,,37185,6462,,,2
9300,'F7',1634,,37187,6462,,,2,80,,37188,6462,,,2,20,,37191,6462,,,2,70,,37189,6462,,,2,39,,37190,6462,,,2
9300,'SE',1634,,37192,6462,,,2,80,,37193,6462,,,2,20,,37196,6462,,,2,70,,37194,6462,,,2,39,,37195,6462,,,2
16000,'DI',732,,38365,18577,,,1,100,,38368,18577,,,1,100,,38371,18577,,,1,100,,38366,18577,,,1,100,,38372,18577,,,1,100,,38364,18577,,,1,100,,38373,18577,,,1,100,,38362,18577,,,1,100,,38360,18577,,,1,100,,38369,18577,,,1,100,,38367,18577,,,1,100,,38374,18577,,,1,100,,38370,18577,,,1,102,,38363,18577,,,1,98,,38361,18577,,,1
16000,'F1',732,,38382,18577,,,1,99,,38377,18577,,,1,101,,38376,18577,,,1,100,,38379,18577,,,1,100,,38383,18577,,,1,99,,16591,18577,,,1,101,,38380,18577,,,1,100,,38375,18577,,,1,100,,16592,18577,,,1,100,,38378,18577,,,1,100,,38381,18577,,,1,100,,16593,18577,,,1,100,,38384,18577,,,1,101,,16594,18577,,,1,99,,38385,18577,,,1
16000,'F2',732,,38390,18577,,,1,99,,38393,18577,,,1,101,,38389,18577,,,1,100,,38386,18577,,,1,100,,38392,18577,,,1,99,,38397,18577,,,1,101,,38387,18577,,,1,100,,38391,18577,,,1,100,,38398,18577,,,1,100,,38394,18577,,,1,100,,38388,18577,,,1,100,,38399,18577,,,1,100,,38395,18577,,,1,101,,38400,18577,,,1,99,,38396,18577,,,1
16000,'F7',644,,38407,18577,,,1,95,,38421,18577,,,1,85,,38406,18577,,,1,88,,38422,18577,,,1,91,,38418,18577,,,1,46,,38405,18577,,,1,102,,38408,18577,,,1,100,,38409,18577,,,1,100,,38404,18577,,,1,100,,38423,18577,,,1,102,,38402,18577,,,1,70,,38417,18577,,,1,28,,38410,18577,,,1,64,,38401,18577,,,1,33,,38411,18577,,,1,65,,38424,18577,,,1,27,,38403,18577,,,1,70,,38416,18577,,,1,30,,38412,18577,,,1,86,,38415,18577,,,1,97,,38413,18577,,,1,98,,38419,18577,,,1,92,,38414,18577,,,1,100,,38420,18577,,,1
16000,'F8',732,,38429,18577,,,1,99,,38432,18577,,,1,101,,38428,18577,,,1,100,,38425,18577,,,1,100,,38431,18577,,,1,99,,38436,18577,,,1,101,,38426,18577,,,1,100,,38430,18577,,,1,100,,38437,18577,,,1,100,,38433,18577,,,1,100,,38427,18577,,,1,100,,38438,18577,,,1,100,,38434,18577,,,1,101,,38439,18577,,,1,99,,38435,18577,,,1
16000,'F9',732,,38445,18577,,,1,100,,38448,18577,,,1,100,,38451,18577,,,1,100,,38446,18577,,,1,100,,38452,18577,,,1,100,,38444,18577,,,1,100,,38453,18577,,,1,100,,38442,18577,,,1,100,,38440,18577,,,1,100,,38449,18577,,,1,100,,38447,18577,,,1,100,,38454,18577,,,1,100,,38450,18577,,,1,102,,38443,18577,,,1,98,,38441,18577,,,1
16000,'SA',732,,38459,18577,,,1,99,,16667,18577,,,1,101,,38458,18577,,,1,100,,38455,18577,,,1,100,,38461,18577,,,1,99,,38464,18577,,,1,101,,38456,18577,,,1,100,,38460,18577,,,1,100,,38465,18577,,,1,100,,16668,18577,,,1,100,,38457,18577,,,1,100,,38466,18577,,,1,100,,38462,18577,,,1,101,,38467,18577,,,1,99,,38463,18577,,,1
16000,'SE',644,,38474,18577,,,1,95,,38488,18577,,,1,85,,38473,18577,,,1,88,,38489,18577,,,1,91,,38485,18577,,,1,46,,38472,18577,,,1,102,,38475,18577,,,1,100,,38476,18577,,,1,100,,38471,18577,,,1,100,,38490,18577,,,1,102,,38469,18577,,,1,70,,38484,18577,,,1,28,,38477,18577,,,1,64,,38468,18577,,,1,33,,38478,18577,,,1,65,,38491,18577,,,1,27,,38470,18577,,,1,70,,38483,18577,,,1,30,,38479,18577,,,1,86,,38482,18577,,,1,97,,38480,18577,,,1,98,,38486,18577,,,1,92,,38481,18577,,,1,100,,38487,18577,,,1
