13200,'DI',846,,38037,7390,0,21 45,2,100,,38042,7390,0,21 45,2,100,,38038,7390,0,21 45,2,100,,38040,7390,0,21 45,2,100,,38043,7390,0,21 45,2,100,,38046,7390,0,21 45,2,100,,38044,7390,0,21 45,2,105,,38048,7390,0,21 45,2,95,,38047,7390,0,21 45,2,100,,38045,7390,0,21 45,2,101,,38049,7390,0,21 45,2,98,,38050,7390,0,21 45,2,100,,38041,7390,0,21 45,2,100,,38036,7390,0,21 45,2,100,,38051,7390,0,21 45,2,100,,38053,7390,0,21 45,2,100,,38039,7390,0,21 45,2,100,,38052,7390,0,21 45,2
13200,'F1',746,,38068,7390,0,21 45,2,100,,38057,7390,0,21 45,2,100,,38069,7390,0,21 45,2,103,,38054,7390,0,21 45,2,97,,38058,7390,0,21 45,2,104,,38070,7390,0,21 45,2,96,,38067,7390,0,21 45,2,104,,38071,7390,0,21 45,2,96,,38059,7390,0,21 45,2,100,,38055,7390,0,21 45,2,100,,38056,7390,0,21 45,2,101,,38060,7390,0,21 45,2,98,,38061,7390,0,21 45,2,100,,16308,7390,0,21 45,2,100,,38065,7390,0,21 45,2,100,,38062,7390,0,21 45,2,100,,38064,7390,0,21 45,2,100,,38066,7390,0,21 45,2,100,,38063,7390,0,21 45,2
13200,'F2',746,,38090,7390,0,21 45,2,100,,38077,7390,0,21 45,2,100,,38072,7390,0,21 45,2,103,,38073,7390,0,21 45,2,97,,38078,7390,0,21 45,2,104,,38074,7390,0,21 45,2,96,,38089,7390,0,21 45,2,104,,38079,7390,0,21 45,2,96,,38081,7390,0,21 45,2,100,,38075,7390,0,21 45,2,100,,38080,7390,0,21 45,2,101,,38082,7390,0,21 45,2,98,,38084,7390,0,21 45,2,100,,38083,7390,0,21 45,2,100,,38086,7390,0,21 45,2,100,,38085,7390,0,21 45,2,100,,38088,7390,0,21 45,2,100,,38087,7390,0,21 45,2,100,,38076,7390,0,21 45,2
13200,'F7',654,,38101,7390,0,21 45,2,61,,38104,7390,0,21 45,2,11,,38092,7390,0,21 45,2,9,,38103,7390,0,21 45,2,4,,38096,7390,0,21 45,2,62,,38097,7390,0,21 45,2,18,,38102,7390,0,21 45,2,20,,38105,7390,0,21 45,2,79,,38098,7390,0,21 45,2,97,,38116,7390,0,21 45,2,99,,38114,7390,0,21 45,2,96,,38115,7390,0,21 45,2,100,,38106,7390,0,21 45,2,108,,38107,7390,0,21 45,2,95,,38099,7390,0,21 45,2,24,,38108,7390,0,21 45,2,20,,38111,7390,0,21 45,2,60,,38094,7390,0,21 45,2,22,,38100,7390,0,21 45,2,20,,38093,7390,0,21 45,2,60,,38109,7390,0,21 45,2,20,,38091,7390,0,21 45,2,61,,38095,7390,0,21 45,2,19,,38113,7390,0,21 45,2,19,,38110,7390,0,21 45,2,19,,38112,7390,0,21 45,2
13200,'F8',746,,38135,7390,0,21 45,2,100,,38122,7390,0,21 45,2,100,,38117,7390,0,21 45,2,103,,38118,7390,0,21 45,2,97,,38123,7390,0,21 45,2,104,,38119,7390,0,21 45,2,96,,38134,7390,0,21 45,2,104,,38124,7390,0,21 45,2,96,,38126,7390,0,21 45,2,100,,38120,7390,0,21 45,2,100,,38125,7390,0,21 45,2,101,,38127,7390,0,21 45,2,98,,38129,7390,0,21 45,2,100,,38128,7390,0,21 45,2,100,,38131,7390,0,21 45,2,100,,38130,7390,0,21 45,2,100,,38133,7390,0,21 45,2,100,,38132,7390,0,21 45,2,100,,38121,7390,0,21 45,2
13200,'F9',846,,38137,7390,0,21 45,2,100,,38142,7390,0,21 45,2,100,,38138,7390,0,21 45,2,100,,38140,7390,0,21 45,2,100,,38143,7390,0,21 45,2,100,,38146,7390,0,21 45,2,100,,38144,7390,0,21 45,2,105,,38148,7390,0,21 45,2,95,,38147,7390,0,21 45,2,100,,38145,7390,0,21 45,2,101,,38149,7390,0,21 45,2,98,,38150,7390,0,21 45,2,100,,38141,7390,0,21 45,2,100,,38136,7390,0,21 45,2,100,,38151,7390,0,21 45,2,100,,38153,7390,0,21 45,2,100,,38139,7390,0,21 45,2,100,,38152,7390,0,21 45,2
13200,'SA',746,,38172,7390,0,21 45,2,100,,38159,7390,0,21 45,2,100,,38154,7390,0,21 45,2,103,,38155,7390,0,21 45,2,97,,38160,7390,0,21 45,2,104,,38156,7390,0,21 45,2,96,,38171,7390,0,21 45,2,104,,38161,7390,0,21 45,2,96,,38163,7390,0,21 45,2,100,,38157,7390,0,21 45,2,100,,38162,7390,0,21 45,2,101,,38164,7390,0,21 45,2,98,,38166,7390,0,21 45,2,100,,38165,7390,0,21 45,2,100,,38168,7390,0,21 45,2,100,,38167,7390,0,21 45,2,100,,38170,7390,0,21 45,2,100,,38169,7390,0,21 45,2,100,,38158,7390,0,21 45,2
13200,'SE',654,,38182,7390,0,21 45,2,61,,38185,7390,0,21 45,2,11,,38174,7390,0,21 45,2,9,,38184,7390,0,21 45,2,4,,38178,7390,0,21 45,2,62,,38179,7390,0,21 45,2,18,,38183,7390,0,21 45,2,20,,38186,7390,0,21 45,2,79,,16412,7390,0,21 45,2,97,,38196,7390,0,21 45,2,99,,16418,7390,0,21 45,2,96,,38195,7390,0,21 45,2,100,,38187,7390,0,21 45,2,108,,38188,7390,0,21 45,2,95,,38180,7390,0,21 45,2,24,,38189,7390,0,21 45,2,20,,38192,7390,0,21 45,2,60,,38176,7390,0,21 45,2,22,,38181,7390,0,21 45,2,20,,38175,7390,0,21 45,2,60,,38190,7390,0,21 45,2,20,,38173,7390,0,21 45,2,61,,38177,7390,0,21 45,2,19,,38194,7390,0,21 45,2,19,,38191,7390,0,21 45,2,19,,38193,7390,0,21 45,2
54001,'F7',910,,40688,2867,,,2
54001,'SE',910,,40689,2867,,,2
