2201,'F8',549,,6602,6813,,,2,92,,6604,6813,,,2,65,,6603,6813,,,2,30,,6609,6813,,,2,70,,6605,6813,,,2,909,,6606,6813,,,2,40,,6607,6813,,,2,60,,6608,6813,,,2
2201,'SE',549,,6610,6813,,,2,92,,6612,6813,,,2,65,,6611,6813,,,2,30,,6617,6813,,,2,70,,6613,6813,,,2,909,,6614,6813,,,2,40,,6615,6813,,,2,60,,6616,6813,,,2
7600,'F8',500,,13352,11318,,,1,30,,13329,11318,,,1,70,,13347,11318,,,1,24,,13355,11318,,,1,21,,13356,11318,,,1,60,,13348,11318,,,1,17,,13353,11318,,,1,4,,13336,11318,,,1,5,,13331,11318,,,1,17,,13325,11318,,,1,61,,13320,11318,,,1,23,,13326,11318,,,1,26,,13314,11318,,,1,70,,13324,11318,,,1,30,,13315,11318,,,1,70,,13357,11318,,,1,30,,13311,11318,,,1,70,,13319,11318,,,1,30,,13358,11318,,,1,70,,13332,11318,,,1,30,,13354,11318,,,1,70,,13313,11318,,,1,30,,13317,11318,,,1,72,,13322,11318,,,1,74,,13318,11318,,,1,26,,13328,11318,,,1,72,,13346,11318,,,1,32,,13321,11318,,,1,24,,13337,11318,,,1,58,,13323,11318,,,1,20,,13312,11318,,,1,21,,13327,11318,,,1,57,,13333,11318,,,1,20,,13330,11318,,,1,66,,13349,11318,,,1,30,,13316,11318,,,1,70,,13343,11318,,,1,30,,13334,11318,,,1,70,,13338,11318,,,1,30,,13335,11318,,,1,70,,13339,11318,,,1,29,,13350,11318,,,1,30,,13340,11318,,,1,70,,13351,11318,,,1,30,,13341,11318,,,1,70,,13344,11318,,,1,30,,13342,11318,,,1,70,,13345,11318,,,1
7600,'SE',500,,13400,11318,,,1,30,,13377,11318,,,1,70,,13395,11318,,,1,24,,13403,11318,,,1,21,,13404,11318,,,1,60,,13396,11318,,,1,17,,13401,11318,,,1,4,,13384,11318,,,1,5,,13379,11318,,,1,17,,13373,11318,,,1,61,,13368,11318,,,1,23,,13374,11318,,,1,26,,13362,11318,,,1,70,,13372,11318,,,1,30,,13363,11318,,,1,70,,13405,11318,,,1,30,,13359,11318,,,1,70,,13367,11318,,,1,30,,13406,11318,,,1,70,,13380,11318,,,1,30,,13402,11318,,,1,70,,13361,11318,,,1,30,,13365,11318,,,1,72,,13370,11318,,,1,74,,13366,11318,,,1,26,,13376,11318,,,1,72,,13394,11318,,,1,32,,13369,11318,,,1,24,,13385,11318,,,1,58,,13371,11318,,,1,20,,13360,11318,,,1,21,,13375,11318,,,1,57,,13381,11318,,,1,20,,13378,11318,,,1,66,,13397,11318,,,1,30,,13364,11318,,,1,70,,13391,11318,,,1,30,,13382,11318,,,1,70,,13386,11318,,,1,30,,13383,11318,,,1,70,,13387,11318,,,1,29,,13398,11318,,,1,30,,13388,11318,,,1,70,,13399,11318,,,1,30,,13389,11318,,,1,70,,13392,11318,,,1,30,,13390,11318,,,1,70,,13393,11318,,,1
67500,'F8',1514,,18992,8799,,,2
67500,'SE',1514,,18993,8799,,,2
67501,'F8',733,,18994,3300,,,2
67501,'SE',733,,18995,3300,,,2
67601,'F8',731,,18998,844,,,2
67601,'SE',731,,18999,844,,,2
