6101,'DI',712,,11370,6867,,,2,30,,11367,6867,,,2,72,,11373,6867,,,2,17,,11371,6867,,,2,70,,11368,6867,,,2,30,,11374,6867,,,2,70,,11372,6867,,,2,30,,11369,6867,,,2,70,,11375,6867,,,2,30,,11376,6867,,,2,70,,11380,6867,,,2,30,,11384,6867,,,2,70,,11377,6867,,,2,30,,11381,6867,,,2,70,,11385,6867,,,2,30,,11378,6867,,,2,70,,11382,6867,,,2,30,,11386,6867,,,2,70,,11379,6867,,,2,34,,11383,6867,,,2,21,,11387,6867,,,2,75,,11389,6867,,,2,20,,11392,6867,,,2,80,,11388,6867,,,2,25,,11390,6867,,,2,70,,11393,6867,,,2,85,,11391,6867,,,2,100,,11394,6867,,,2,100,,11395,6867,,,2,100,,11396,6867,,,2,100,,11397,6867,,,2,100,,11398,6867,,,2
6101,'F1',712,,11402,6867,,,2,30,,11399,6867,,,2,72,,11405,6867,,,2,17,,11403,6867,,,2,70,,11400,6867,,,2,30,,11406,6867,,,2,70,,11404,6867,,,2,30,,11401,6867,,,2,70,,11407,6867,,,2,30,,11408,6867,,,2,70,,11412,6867,,,2,30,,11414,6867,,,2,70,,11409,6867,,,2,30,,11413,6867,,,2,70,,11415,6867,,,2,30,,11410,6867,,,2,70,,11416,6867,,,2,30,,11420,6867,,,2,70,,11411,6867,,,2,34,,11417,6867,,,2,21,,11421,6867,,,2,75,,11423,6867,,,2,20,,11418,6867,,,2,80,,11422,6867,,,2,25,,11424,6867,,,2,70,,11419,6867,,,2,85,,11425,6867,,,2,100,,11427,6867,,,2,100,,11426,6867,,,2,100,,11429,6867,,,2,100,,11428,6867,,,2,100,,11430,6867,,,2
6101,'F7',712,,11434,6867,,,2,30,,11431,6867,,,2,72,,11437,6867,,,2,17,,11435,6867,,,2,70,,11432,6867,,,2,30,,11438,6867,,,2,70,,11436,6867,,,2,30,,11433,6867,,,2,70,,11439,6867,,,2,30,,11440,6867,,,2,70,,11444,6867,,,2,30,,11448,6867,,,2,70,,11441,6867,,,2,30,,11445,6867,,,2,70,,11449,6867,,,2,30,,11442,6867,,,2,70,,11446,6867,,,2,30,,11450,6867,,,2,70,,11443,6867,,,2,34,,11447,6867,,,2,21,,11451,6867,,,2,75,,11453,6867,,,2,20,,11456,6867,,,2,80,,11452,6867,,,2,25,,11454,6867,,,2,70,,11457,6867,,,2,85,,11455,6867,,,2,100,,11458,6867,,,2,100,,11459,6867,,,2,100,,11460,6867,,,2,100,,11461,6867,,,2,100,,11462,6867,,,2
6101,'F8',550,,11512,6867,,,2,70,,11514,6867,,,2,10,,11467,6867,,,2,15,,11470,6867,,,2,9,,11464,6867,,,2,54,,11473,6867,,,2,14,,11463,6867,,,2,7,,11477,6867,,,2,18,,11471,6867,,,2,9,,11476,6867,,,2,59,,11468,6867,,,2,24,,11465,6867,,,2,62,,11474,6867,,,2,15,,11478,6867,,,2,36,,11469,6867,,,2,70,,11466,6867,,,2,30,,11475,6867,,,2,72,,11513,6867,,,2,30,,11472,6867,,,2,70,,11479,6867,,,2,31,,11483,6867,,,2,70,,11480,6867,,,2,30,,11481,6867,,,2,73,,11485,6867,,,2,21,,11487,6867,,,2,67,,11490,6867,,,2,23,,11482,6867,,,2,20,,11484,6867,,,2,64,,11492,6867,,,2,4,,11494,6867,,,2,25,,11488,6867,,,2,7,,11489,6867,,,2,54,,11495,6867,,,2,13,,11496,6867,,,2,14,,11486,6867,,,2,15,,11499,6867,,,2,46,,11502,6867,,,2,15,,11493,6867,,,2,14,,11491,6867,,,2,24,,11504,6867,,,2,64,,11497,6867,,,2,28,,11507,6867,,,2,69,,11510,6867,,,2,30,,11500,6867,,,2,69,,11503,6867,,,2,29,,11511,6867,,,2,70,,11498,6867,,,2,29,,11508,6867,,,2,70,,11505,6867,,,2,29,,11501,6867,,,2,68,,11509,6867,,,2,30,,11506,6867,,,2
6101,'F9',712,,11518,6867,,,2,30,,11515,6867,,,2,72,,11521,6867,,,2,17,,11519,6867,,,2,70,,11516,6867,,,2,30,,11522,6867,,,2,70,,11520,6867,,,2,30,,11517,6867,,,2,70,,11523,6867,,,2,30,,11524,6867,,,2,70,,11528,6867,,,2,30,,11530,6867,,,2,70,,11525,6867,,,2,30,,11529,6867,,,2,70,,11531,6867,,,2,30,,11526,6867,,,2,70,,11532,6867,,,2,30,,11536,6867,,,2,70,,11527,6867,,,2,34,,11533,6867,,,2,21,,11537,6867,,,2,75,,11539,6867,,,2,20,,11534,6867,,,2,80,,11538,6867,,,2,25,,11540,6867,,,2,70,,11535,6867,,,2,85,,11541,6867,,,2,100,,11543,6867,,,2,100,,11542,6867,,,2,100,,11545,6867,,,2,100,,11544,6867,,,2,100,,11546,6867,,,2
6101,'SA',712,,11550,6867,,,2,30,,11547,6867,,,2,72,,11553,6867,,,2,17,,11551,6867,,,2,70,,11548,6867,,,2,30,,11554,6867,,,2,70,,11552,6867,,,2,30,,11549,6867,,,2,70,,11555,6867,,,2,30,,11556,6867,,,2,70,,11560,6867,,,2,30,,11562,6867,,,2,70,,11557,6867,,,2,30,,11561,6867,,,2,70,,11563,6867,,,2,30,,11558,6867,,,2,70,,11564,6867,,,2,30,,11568,6867,,,2,70,,11559,6867,,,2,34,,11565,6867,,,2,21,,11569,6867,,,2,75,,11571,6867,,,2,20,,11566,6867,,,2,80,,11570,6867,,,2,25,,11572,6867,,,2,70,,11567,6867,,,2,85,,11573,6867,,,2,100,,11575,6867,,,2,100,,11574,6867,,,2,100,,11577,6867,,,2,100,,11576,6867,,,2,100,,11578,6867,,,2
6101,'SE',550,,11628,6867,,,2,70,,11630,6867,,,2,10,,11583,6867,,,2,15,,11586,6867,,,2,9,,11580,6867,,,2,54,,11589,6867,,,2,14,,11579,6867,,,2,7,,11593,6867,,,2,18,,11587,6867,,,2,9,,11592,6867,,,2,59,,11584,6867,,,2,24,,11581,6867,,,2,62,,11590,6867,,,2,15,,11594,6867,,,2,36,,11585,6867,,,2,70,,11582,6867,,,2,30,,11591,6867,,,2,72,,11629,6867,,,2,30,,11588,6867,,,2,70,,11595,6867,,,2,31,,11599,6867,,,2,70,,11596,6867,,,2,30,,11597,6867,,,2,73,,11601,6867,,,2,21,,11603,6867,,,2,67,,11606,6867,,,2,23,,11598,6867,,,2,20,,11600,6867,,,2,64,,11608,6867,,,2,4,,11610,6867,,,2,25,,11604,6867,,,2,7,,11605,6867,,,2,54,,11611,6867,,,2,13,,11612,6867,,,2,14,,11602,6867,,,2,15,,11615,6867,,,2,46,,11618,6867,,,2,15,,11609,6867,,,2,14,,11607,6867,,,2,24,,11620,6867,,,2,64,,11613,6867,,,2,28,,11623,6867,,,2,69,,11626,6867,,,2,30,,11616,6867,,,2,69,,11619,6867,,,2,29,,11627,6867,,,2,70,,11614,6867,,,2,29,,11624,6867,,,2,70,,11621,6867,,,2,29,,11617,6867,,,2,68,,11625,6867,,,2,30,,11622,6867,,,2
8200,'F8',1602,,14468,18692,0,9 14,2,30,,14465,18692,0,9 14,2,27,,14464,18692,0,9 14,2,64,,14466,18692,0,9 14,2,24,,14463,18692,0,9 14,2,70,,14467,18692,0,9 14,2,30,,14469,18692,0,9 14,2,65,,14470,18692,0,9 14,2
8200,'SE',1602,,14483,18692,0,9 14,2,30,,14480,18692,0,9 14,2,27,,14479,18692,0,9 14,2,64,,14481,18692,0,9 14,2,24,,14478,18692,0,9 14,2,70,,14482,18692,0,9 14,2,30,,14484,18692,0,9 14,2,65,,14485,18692,0,9 14,2
8201,'F8',650,,14492,7471,,,2,71,,14489,7471,,,2,30,,14487,7471,,,2,65,,14490,7471,,,2,26,,14488,7471,,,2,70,,14491,7471,,,2,20,,14486,7471,,,2
8201,'SE',650,,14507,7471,,,2,71,,14504,7471,,,2,30,,14502,7471,,,2,65,,14505,7471,,,2,26,,14503,7471,,,2,70,,14506,7471,,,2,20,,14501,7471,,,2
8700,'F8',1707,,14994,36281,,,2,103,,14995,36281,,,2
8700,'SE',1707,,14996,36281,,,2,103,,14997,36281,,,2
8701,'F8',629,,14999,6867,,,2,30,,14998,6867,,,2
8701,'SE',629,,15001,6867,,,2,30,,15000,6867,,,2
