4201,'DI',550,,8648,5621,,,1,100,,8649,5621,,,1,100,,8632,5621,,,1,100,,8633,5621,,,1,100,,8634,5621,,,1,100,,8635,5621,,,1,100,,8636,5621,,,1,100,,8637,5621,,,1,100,,8638,5621,,,1,100,,8639,5621,,,1,100,,8640,5621,,,1,100,,8641,5621,,,1,100,,8642,5621,,,1,100,,8643,5621,,,1,100,,8650,5621,,,1,100,,8651,5621,,,1,100,,8644,5621,,,1,100,,8645,5621,,,1,100,,8646,5621,,,1,100,,8647,5621,,,1
4201,'F1',550,,8652,5621,,,1,100,,8653,5621,,,1,100,,8654,5621,,,1,100,,8655,5621,,,1,100,,8656,5621,,,1,100,,8657,5621,,,1,100,,8658,5621,,,1,100,,8659,5621,,,1,100,,8660,5621,,,1,100,,8661,5621,,,1,100,,8662,5621,,,1,100,,8663,5621,,,1,100,,8664,5621,,,1,100,,8665,5621,,,1,100,,8666,5621,,,1,100,,8667,5621,,,1,100,,8668,5621,,,1,100,,8669,5621,,,1,100,,8670,5621,,,1,100,,8671,5621,,,1
4201,'F7',550,,8688,5621,,,1,100,,8689,5621,,,1,100,,8672,5621,,,1,100,,8673,5621,,,1,100,,8674,5621,,,1,100,,8675,5621,,,1,100,,8676,5621,,,1,100,,8677,5621,,,1,100,,8678,5621,,,1,100,,8679,5621,,,1,100,,8680,5621,,,1,100,,8681,5621,,,1,100,,8682,5621,,,1,100,,8683,5621,,,1,100,,8690,5621,,,1,100,,8691,5621,,,1,100,,8684,5621,,,1,100,,8685,5621,,,1,100,,8686,5621,,,1,100,,8687,5621,,,1
4201,'F8',520,,8695,5621,,,1,20,,8696,5621,,,1,70,,8701,5621,,,1,21,,8732,5621,,,1,14,,8723,5621,,,1,14,,8703,5621,,,1,54,,8702,5621,,,1,14,,8727,5621,,,1,14,,8698,5621,,,1,14,,8692,5621,,,1,54,,8704,5621,,,1,14,,8700,5621,,,1,15,,8726,5621,,,1,20,,8699,5621,,,1,71,,8733,5621,,,1,30,,8739,5621,,,1,70,,8730,5621,,,1,30,,8693,5621,,,1,70,,8705,5621,,,1,30,,8721,5621,,,1,70,,8738,5621,,,1,30,,8708,5621,,,1,70,,8707,5621,,,1,30,,8737,5621,,,1,70,,8706,5621,,,1,30,,8722,5621,,,1,44,,8724,5621,,,1,2,,8725,5621,,,1,2,,8710,5621,,,1,22,,8694,5621,,,1,30,,8731,5621,,,1,61,,8720,5621,,,1,16,,8709,5621,,,1,18,,8711,5621,,,1,56,,8740,5621,,,1,28,,8713,5621,,,1,67,,8712,5621,,,1,29,,8697,5621,,,1,66,,8734,5621,,,1,35,,8714,5621,,,1,70,,8735,5621,,,1,30,,8715,5621,,,1,70,,8736,5621,,,1,29,,8716,5621,,,1,69,,8728,5621,,,1,30,,8717,5621,,,1,70,,8729,5621,,,1,50,,8718,5621,,,1,100,,8719,5621,,,1
4201,'F9',550,,8741,5621,,,1,100,,8742,5621,,,1,100,,8743,5621,,,1,100,,8744,5621,,,1,100,,8745,5621,,,1,100,,8746,5621,,,1,100,,8747,5621,,,1,100,,8748,5621,,,1,100,,8749,5621,,,1,100,,8750,5621,,,1,100,,8751,5621,,,1,100,,8752,5621,,,1,100,,8753,5621,,,1,100,,8754,5621,,,1,100,,8755,5621,,,1,100,,8756,5621,,,1,100,,8757,5621,,,1,100,,8758,5621,,,1,100,,8759,5621,,,1,100,,8760,5621,,,1
4201,'SA',550,,8761,5621,,,1,100,,8762,5621,,,1,100,,8763,5621,,,1,100,,8764,5621,,,1,100,,8765,5621,,,1,100,,8766,5621,,,1,100,,8767,5621,,,1,100,,8768,5621,,,1,100,,8769,5621,,,1,100,,8770,5621,,,1,100,,8771,5621,,,1,100,,8772,5621,,,1,100,,8773,5621,,,1,100,,8774,5621,,,1,100,,8775,5621,,,1,100,,8776,5621,,,1,100,,8777,5621,,,1,100,,8778,5621,,,1,100,,8779,5621,,,1,100,,8780,5621,,,1
4201,'SE',520,,8784,5621,,,1,20,,8785,5621,,,1,70,,8790,5621,,,1,21,,8821,5621,,,1,14,,8812,5621,,,1,14,,8792,5621,,,1,54,,8791,5621,,,1,14,,8816,5621,,,1,14,,8787,5621,,,1,14,,8781,5621,,,1,54,,8793,5621,,,1,14,,8789,5621,,,1,15,,8815,5621,,,1,20,,8788,5621,,,1,71,,8822,5621,,,1,30,,8828,5621,,,1,70,,8819,5621,,,1,30,,8782,5621,,,1,70,,8794,5621,,,1,30,,8810,5621,,,1,70,,8827,5621,,,1,30,,8797,5621,,,1,70,,8796,5621,,,1,30,,8826,5621,,,1,70,,8795,5621,,,1,30,,8811,5621,,,1,44,,8813,5621,,,1,2,,8814,5621,,,1,2,,8799,5621,,,1,22,,8783,5621,,,1,30,,8820,5621,,,1,61,,8809,5621,,,1,16,,8798,5621,,,1,18,,8800,5621,,,1,56,,8829,5621,,,1,28,,8802,5621,,,1,67,,8801,5621,,,1,29,,8786,5621,,,1,66,,8823,5621,,,1,35,,8803,5621,,,1,70,,8824,5621,,,1,30,,8804,5621,,,1,70,,8825,5621,,,1,29,,8805,5621,,,1,69,,8817,5621,,,1,30,,8806,5621,,,1,70,,8818,5621,,,1,50,,8807,5621,,,1,100,,8808,5621,,,1
6001,'F8',555,,11004,6993,,,1,62,,11003,6993,,,1,21,,10997,6993,,,1,68,,11018,6993,,,1,28,,11011,6993,,,1,68,,11008,6993,,,1,28,,11009,6993,,,1,21,,11021,6993,,,1,63,,11012,6993,,,1,100,,11010,6993,,,1,100,,10995,6993,,,1,100,,11000,6993,,,1,101,,11007,6993,,,1,100,,10996,6993,,,1,101,,11006,6993,,,1,95,,11013,6993,,,1,30,,11001,6993,,,1,67,,10998,6993,,,1,28,,10999,6993,,,1,67,,11014,6993,,,1,29,,11015,6993,,,1,70,,11002,6993,,,1,48,,11016,6993,,,1,100,,11019,6993,,,1,99,,11020,6993,,,1,100,,11017,6993,,,1,95,,11005,6993,,,1
6001,'SE',555,,11031,6993,,,1,62,,11030,6993,,,1,21,,11024,6993,,,1,68,,11045,6993,,,1,28,,11038,6993,,,1,68,,11035,6993,,,1,28,,11036,6993,,,1,21,,11048,6993,,,1,63,,11039,6993,,,1,100,,11037,6993,,,1,100,,11022,6993,,,1,100,,11027,6993,,,1,101,,11034,6993,,,1,100,,11023,6993,,,1,101,,11033,6993,,,1,95,,11040,6993,,,1,30,,11028,6993,,,1,67,,11025,6993,,,1,28,,11026,6993,,,1,67,,11041,6993,,,1,29,,11042,6993,,,1,70,,11029,6993,,,1,48,,11043,6993,,,1,100,,11046,6993,,,1,99,,11047,6993,,,1,100,,11044,6993,,,1,95,,11032,6993,,,1
16001,'DI',611,,16702,13387,,,1,99,,16706,13387,,,1,100,,16698,13387,,,1,100,,16693,13387,,,1,100,,16707,13387,,,1,100,,16703,13387,,,1,100,,16708,13387,,,1,100,,16695,13387,,,1,100,,16700,13387,,,1,100,,16701,13387,,,1,100,,16696,13387,,,1,100,,16709,13387,,,1,100,,16699,13387,,,1,100,,16697,13387,,,1,100,,16704,13387,,,1,103,,16694,13387,,,1,97,,16705,13387,,,1
16001,'F1',612,,16713,13387,,,1,99,,16724,13387,,,1,99,,16721,13387,,,1,100,,16725,13387,,,1,99,,16714,13387,,,1,101,,16710,13387,,,1,100,,16722,13387,,,1,100,,16717,13387,,,1,100,,16715,13387,,,1,100,,16711,13387,,,1,100,,16718,13387,,,1,100,,16726,13387,,,1,100,,16712,13387,,,1,101,,16719,13387,,,1,99,,16723,13387,,,1,103,,16720,13387,,,1,97,,16716,13387,,,1
16001,'F7',611,,16736,13387,,,1,99,,16740,13387,,,1,100,,16732,13387,,,1,100,,16727,13387,,,1,100,,16741,13387,,,1,100,,16737,13387,,,1,100,,16742,13387,,,1,100,,16729,13387,,,1,100,,16734,13387,,,1,100,,16735,13387,,,1,100,,16730,13387,,,1,100,,16743,13387,,,1,100,,16733,13387,,,1,100,,16731,13387,,,1,100,,16738,13387,,,1,103,,16728,13387,,,1,97,,16739,13387,,,1
16001,'F8',622,,16747,13387,,,1,28,,16758,13387,,,1,68,,16749,13387,,,1,28,,16753,13387,,,1,67,,16752,13387,,,1,29,,16759,13387,,,1,59,,16750,13387,,,1,43,,16754,13387,,,1,99,,16751,13387,,,1,93,,16748,13387,,,1,100,,16744,13387,,,1,100,,16760,13387,,,1,100,,16761,13387,,,1,99,,16762,13387,,,1,92,,16764,13387,,,1,96,,16766,13387,,,1,31,,16763,13387,,,1,67,,16755,13387,,,1,25,,16765,13387,,,1,66,,16745,13387,,,1,99,,16756,13387,,,1,100,,16767,13387,,,1,101,,16746,13387,,,1,100,,16768,13387,,,1,90,,16757,13387,,,1
16001,'F9',612,,16772,13387,,,1,99,,16783,13387,,,1,99,,16780,13387,,,1,100,,16784,13387,,,1,99,,16773,13387,,,1,101,,16769,13387,,,1,100,,16781,13387,,,1,100,,16776,13387,,,1,100,,16774,13387,,,1,100,,16770,13387,,,1,100,,16777,13387,,,1,100,,16785,13387,,,1,100,,16771,13387,,,1,101,,16778,13387,,,1,99,,16782,13387,,,1,103,,16779,13387,,,1,97,,16775,13387,,,1
16001,'SA',612,,16789,13387,,,1,99,,16800,13387,,,1,99,,16797,13387,,,1,100,,16801,13387,,,1,99,,16790,13387,,,1,101,,16786,13387,,,1,100,,16798,13387,,,1,100,,16793,13387,,,1,100,,16791,13387,,,1,100,,16787,13387,,,1,100,,16794,13387,,,1,100,,16802,13387,,,1,100,,16788,13387,,,1,101,,16795,13387,,,1,99,,16799,13387,,,1,103,,16796,13387,,,1,97,,16792,13387,,,1
16001,'SE',622,,16806,13387,,,1,28,,16817,13387,,,1,68,,16808,13387,,,1,28,,16812,13387,,,1,67,,16811,13387,,,1,29,,16818,13387,,,1,59,,16809,13387,,,1,43,,16813,13387,,,1,99,,16810,13387,,,1,93,,16807,13387,,,1,100,,16803,13387,,,1,100,,16819,13387,,,1,100,,16820,13387,,,1,99,,16821,13387,,,1,92,,16823,13387,,,1,96,,16825,13387,,,1,31,,16822,13387,,,1,67,,16814,13387,,,1,25,,16824,13387,,,1,66,,16804,13387,,,1,99,,16815,13387,,,1,100,,16826,13387,,,1,101,,16805,13387,,,1,100,,16827,13387,,,1,90,,16816,13387,,,1
53200,'F8',1620,,18762,2173,,,2,1,,18763,2173,,,2
53200,'SE',1620,,18764,2173,,,2,1,,18765,2173,,,2
54200,'F8',1633,,18798,4577,,,2
54200,'SE',1633,,18799,4577,,,2
