12800,'F7',616,,38024,15049,,,2,100,,38025,15049,,,2,895,,38026,15049,,,2
12800,'SE',616,,38027,15049,,,2,100,,38028,15049,,,2,895,,38029,15049,,,2
42800,'DI',627,,39684,15049,,,1,113,,39685,15049,,,1,111,,39686,15049,,,1,106,,39687,15049,,,1,150,,39688,15049,,,1,35,,39694,15049,,,1,75,,39689,15049,,,1,35,,39695,15049,,,1,75,,39690,15049,,,1,75,,39696,15049,,,1,35,,39691,15049,,,1,77,,39697,15049,,,1,34,,39692,15049,,,1,83,,39698,15049,,,1,74,,39693,15049,,,1,109,,39699,15049,,,1,106,,39700,15049,,,1,108,,39701,15049,,,1,110,,39702,15049,,,1,110,,39703,15049,,,1
42800,'F1',627,,17882,15049,,,1,113,,17883,15049,,,1,111,,17884,15049,,,1,106,,17885,15049,,,1,150,,17886,15049,,,1,35,,17892,15049,,,1,75,,17887,15049,,,1,35,,17893,15049,,,1,75,,17888,15049,,,1,75,,17894,15049,,,1,35,,17889,15049,,,1,77,,17895,15049,,,1,34,,17890,15049,,,1,83,,17896,15049,,,1,74,,17891,15049,,,1,109,,17897,15049,,,1,106,,17898,15049,,,1,108,,17899,15049,,,1,110,,17900,15049,,,1,110,,17901,15049,,,1
42800,'F2',627,,39704,15049,,,1,113,,39705,15049,,,1,111,,39706,15049,,,1,106,,39707,15049,,,1,150,,39708,15049,,,1,35,,39714,15049,,,1,75,,39709,15049,,,1,35,,39715,15049,,,1,75,,39710,15049,,,1,75,,39716,15049,,,1,35,,39711,15049,,,1,77,,39717,15049,,,1,34,,39712,15049,,,1,83,,39718,15049,,,1,74,,39713,15049,,,1,109,,39719,15049,,,1,106,,39720,15049,,,1,108,,39721,15049,,,1,110,,39722,15049,,,1,110,,39723,15049,,,1
42800,'F7',542,,39724,15049,,,1,75,,39734,15049,,,1,33,,39725,15049,,,1,88,,39735,15049,,,1,78,,39726,15049,,,1,35,,39736,15049,,,1,74,,39727,15049,,,1,32,,39737,15049,,,1,75,,39728,15049,,,1,75,,39738,15049,,,1,35,,39729,15049,,,1,75,,39739,15049,,,1,33,,39730,15049,,,1,73,,39740,15049,,,1,35,,39731,15049,,,1,75,,39741,15049,,,1,76,,39732,15049,,,1,37,,39742,15049,,,1,76,,39733,15049,,,1,83,,39743,15049,,,1,32,,39750,15049,,,1,79,,39744,15049,,,1,32,,39751,15049,,,1,75,,39745,15049,,,1,107,,39746,15049,,,1,108,,39747,15049,,,1,110,,39748,15049,,,1,110,,39749,15049,,,1
42800,'F8',627,,39752,15049,,,1,113,,39753,15049,,,1,111,,39754,15049,,,1,106,,39755,15049,,,1,150,,39756,15049,,,1,35,,39762,15049,,,1,75,,39757,15049,,,1,35,,39763,15049,,,1,75,,39758,15049,,,1,75,,39764,15049,,,1,35,,39759,15049,,,1,77,,39765,15049,,,1,34,,39760,15049,,,1,83,,39766,15049,,,1,74,,39761,15049,,,1,109,,39767,15049,,,1,106,,39768,15049,,,1,108,,39769,15049,,,1,110,,39770,15049,,,1,110,,39771,15049,,,1
42800,'F9',627,,39772,15049,,,1,113,,39773,15049,,,1,111,,39774,15049,,,1,106,,39775,15049,,,1,150,,39776,15049,,,1,35,,39782,15049,,,1,75,,39777,15049,,,1,35,,39783,15049,,,1,75,,39778,15049,,,1,75,,39784,15049,,,1,35,,39779,15049,,,1,77,,39785,15049,,,1,34,,39780,15049,,,1,83,,39786,15049,,,1,74,,39781,15049,,,1,109,,39787,15049,,,1,106,,39788,15049,,,1,108,,39789,15049,,,1,110,,39790,15049,,,1,110,,39791,15049,,,1
42800,'SA',627,,39792,15049,,,1,113,,39793,15049,,,1,111,,39794,15049,,,1,106,,39795,15049,,,1,150,,39796,15049,,,1,35,,39802,15049,,,1,75,,39797,15049,,,1,35,,39803,15049,,,1,75,,39798,15049,,,1,75,,39804,15049,,,1,35,,39799,15049,,,1,77,,39805,15049,,,1,34,,39800,15049,,,1,83,,39806,15049,,,1,74,,39801,15049,,,1,109,,39807,15049,,,1,106,,39808,15049,,,1,108,,39809,15049,,,1,110,,39810,15049,,,1,110,,39811,15049,,,1
42800,'SE',542,,39812,15049,,,1,75,,39822,15049,,,1,33,,39813,15049,,,1,88,,39823,15049,,,1,78,,39814,15049,,,1,35,,39824,15049,,,1,74,,39815,15049,,,1,32,,39825,15049,,,1,75,,39816,15049,,,1,75,,39826,15049,,,1,35,,39817,15049,,,1,75,,39827,15049,,,1,33,,39818,15049,,,1,73,,39828,15049,,,1,35,,39819,15049,,,1,75,,39829,15049,,,1,76,,39820,15049,,,1,37,,39830,15049,,,1,76,,39821,15049,,,1,83,,39831,15049,,,1,32,,39838,15049,,,1,79,,39832,15049,,,1,32,,39839,15049,,,1,75,,39833,15049,,,1,107,,39834,15049,,,1,108,,39835,15049,,,1,110,,39836,15049,,,1,110,,39837,15049,,,1
