7701,'DI',814,,35180,12194,0,25 26,1,100,,35183,12194,0,25 26,1,100,,35181,12194,0,25 26,1,100,,35184,12194,0,25 26,1,100,,35182,12194,0,25 26,1,100,,35179,12194,0,25 26,1,100,,35185,12194,0,25 26,1,100,,35188,12194,0,25 26,1,100,,35178,12194,0,25 26,1,100,,35189,12194,0,25 26,1,100,,35190,12194,0,25 26,1,98,,35191,12194,0,25 26,1,99,,35186,12194,0,25 26,1,100,,35192,12194,0,25 26,1,100,,35187,12194,0,25 26,1
7701,'F1',814,,35196,12194,0,25 26,1,100,,35198,12194,0,25 26,1,100,,35197,12194,0,25 26,1,100,,35199,12194,0,25 26,1,100,,35193,12194,0,25 26,1,100,,35200,12194,0,25 26,1,100,,35201,12194,0,25 26,1,97,,35194,12194,0,25 26,1,103,,35202,12194,0,25 26,1,99,,35204,12194,0,25 26,1,101,,35203,12194,0,25 26,1,98,,35205,12194,0,25 26,1,99,,35206,12194,0,25 26,1,100,,35195,12194,0,25 26,1,100,,35207,12194,0,25 26,1
7701,'F2',814,,35222,12194,0,25 26,1,100,,35213,12194,0,25 26,1,100,,35209,12194,0,25 26,1,100,,35214,12194,0,25 26,1,100,,35210,12194,0,25 26,1,100,,35212,12194,0,25 26,1,100,,35215,12194,0,25 26,1,97,,35208,12194,0,25 26,1,103,,35216,12194,0,25 26,1,99,,35218,12194,0,25 26,1,101,,35217,12194,0,25 26,1,98,,35219,12194,0,25 26,1,99,,35220,12194,0,25 26,1,100,,35211,12194,0,25 26,1,100,,35221,12194,0,25 26,1
7701,'F7',653,,35229,12194,0,25 26,1,51,,35225,12194,0,25 26,1,7,,35232,12194,0,25 26,1,7,,35235,12194,0,25 26,1,13,,35226,12194,0,25 26,1,2,,35238,12194,0,25 26,1,8,,35231,12194,0,25 26,1,18,,35236,12194,0,25 26,1,75,,35240,12194,0,25 26,1,68,,35233,12194,0,25 26,1,27,,35239,12194,0,25 26,1,5,,35227,12194,0,25 26,1,70,,35237,12194,0,25 26,1,30,,35241,12194,0,25 26,1,70,,35234,12194,0,25 26,1,30,,35228,12194,0,25 26,1,70,,35243,12194,0,25 26,1,31,,35242,12194,0,25 26,1,70,,35245,12194,0,25 26,1,31,,35246,12194,0,25 26,1,73,,35244,12194,0,25 26,1,30,,35247,12194,0,25 26,1,70,,35251,12194,0,25 26,1,30,,35253,12194,0,25 26,1,20,,35255,12194,0,25 26,1,60,,35258,12194,0,25 26,1,20,,35248,12194,0,25 26,1,20,,35252,12194,0,25 26,1,58,,35230,12194,0,25 26,1,18,,35254,12194,0,25 26,1,22,,35256,12194,0,25 26,1,69,,35259,12194,0,25 26,1,24,,35249,12194,0,25 26,1,73,,35257,12194,0,25 26,1,32,,35250,12194,0,25 26,1,70,,35260,12194,0,25 26,1,31,,35261,12194,0,25 26,1,71,,35224,12194,0,25 26,1,22,,35223,12194,0,25 26,1
7701,'F8',814,,35276,12194,0,25 26,1,100,,35267,12194,0,25 26,1,100,,35263,12194,0,25 26,1,100,,35268,12194,0,25 26,1,100,,35264,12194,0,25 26,1,100,,35266,12194,0,25 26,1,100,,35269,12194,0,25 26,1,97,,35262,12194,0,25 26,1,103,,35270,12194,0,25 26,1,99,,35272,12194,0,25 26,1,101,,35271,12194,0,25 26,1,98,,35273,12194,0,25 26,1,99,,35274,12194,0,25 26,1,100,,35265,12194,0,25 26,1,100,,35275,12194,0,25 26,1
7701,'F9',814,,35279,12194,0,25 26,1,100,,35282,12194,0,25 26,1,100,,35280,12194,0,25 26,1,100,,35283,12194,0,25 26,1,100,,35281,12194,0,25 26,1,100,,35278,12194,0,25 26,1,100,,35284,12194,0,25 26,1,100,,35287,12194,0,25 26,1,100,,35277,12194,0,25 26,1,100,,35288,12194,0,25 26,1,100,,35289,12194,0,25 26,1,98,,35290,12194,0,25 26,1,99,,35285,12194,0,25 26,1,100,,35291,12194,0,25 26,1,100,,35286,12194,0,25 26,1
7701,'SA',814,,35305,12194,0,25 26,1,100,,35296,12194,0,25 26,1,100,,35293,12194,0,25 26,1,100,,35297,12194,0,25 26,1,100,,13757,12194,0,25 26,1,100,,35295,12194,0,25 26,1,100,,35298,12194,0,25 26,1,97,,35292,12194,0,25 26,1,103,,35299,12194,0,25 26,1,99,,35301,12194,0,25 26,1,101,,35300,12194,0,25 26,1,98,,35302,12194,0,25 26,1,99,,35303,12194,0,25 26,1,100,,35294,12194,0,25 26,1,100,,35304,12194,0,25 26,1
7701,'SE',653,,35312,12194,0,25 26,1,51,,35308,12194,0,25 26,1,7,,35315,12194,0,25 26,1,7,,35318,12194,0,25 26,1,13,,35309,12194,0,25 26,1,2,,35321,12194,0,25 26,1,8,,35314,12194,0,25 26,1,18,,35319,12194,0,25 26,1,75,,35323,12194,0,25 26,1,68,,35316,12194,0,25 26,1,27,,35322,12194,0,25 26,1,5,,35310,12194,0,25 26,1,70,,35320,12194,0,25 26,1,30,,35324,12194,0,25 26,1,70,,35317,12194,0,25 26,1,30,,35311,12194,0,25 26,1,70,,35326,12194,0,25 26,1,31,,35325,12194,0,25 26,1,70,,35328,12194,0,25 26,1,31,,35329,12194,0,25 26,1,73,,35327,12194,0,25 26,1,30,,35330,12194,0,25 26,1,70,,35334,12194,0,25 26,1,30,,35336,12194,0,25 26,1,20,,35338,12194,0,25 26,1,60,,35341,12194,0,25 26,1,20,,35331,12194,0,25 26,1,20,,35335,12194,0,25 26,1,58,,35313,12194,0,25 26,1,18,,35337,12194,0,25 26,1,22,,35339,12194,0,25 26,1,69,,13794,12194,0,25 26,1,24,,35332,12194,0,25 26,1,73,,35340,12194,0,25 26,1,32,,35333,12194,0,25 26,1,70,,35342,12194,0,25 26,1,31,,35343,12194,0,25 26,1,71,,35307,12194,0,25 26,1,22,,35306,12194,0,25 26,1
60500,'F7',1619,,40745,6427,,,2,1,,40746,6427,,,2
60500,'SE',1619,,40747,6427,,,2,1,,40748,6427,,,2
