1301,'DI',622,,3598,770,,,1,100,,3602,770,,,1,100,,3599,770,,,1,100,,3603,770,,,1,100,,3600,770,,,1,100,,3604,770,,,1,100,,3601,770,,,1,100,,3605,770,,,1,100,,3612,770,,,1,100,,3613,770,,,1,100,,3611,770,,,1,100,,3616,770,,,1,100,,3615,770,,,1,100,,3607,770,,,1,100,,3614,770,,,1,100,,3609,770,,,1,100,,3608,770,,,1,100,,3606,770,,,1,100,,3610,770,,,1,100,,3617,770,,,1
1301,'F1',622,,3624,770,,,1,100,,3622,770,,,1,100,,3625,770,,,1,100,,3627,770,,,1,100,,3628,770,,,1,100,,3631,770,,,1,100,,3629,770,,,1,100,,3632,770,,,1,100,,3630,770,,,1,100,,3633,770,,,1,100,,3620,770,,,1,100,,3636,770,,,1,100,,3623,770,,,1,100,,3621,770,,,1,100,,3626,770,,,1,100,,3619,770,,,1,100,,3637,770,,,1,100,,3634,770,,,1,100,,3618,770,,,1,100,,3635,770,,,1
1301,'F7',622,,3638,770,,,1,100,,3642,770,,,1,100,,3639,770,,,1,100,,3643,770,,,1,100,,3640,770,,,1,100,,3644,770,,,1,100,,3641,770,,,1,100,,3645,770,,,1,100,,3652,770,,,1,100,,3653,770,,,1,100,,3651,770,,,1,100,,3656,770,,,1,100,,3655,770,,,1,100,,3647,770,,,1,100,,3654,770,,,1,100,,3649,770,,,1,100,,3648,770,,,1,100,,3646,770,,,1,100,,3650,770,,,1,100,,3657,770,,,1
1301,'F8',528,,3671,770,,,1,72,,3672,770,,,1,30,,3670,770,,,1,16,,3664,770,,,1,54,,3691,770,,,1,13,,3669,770,,,1,14,,3666,770,,,1,19,,3661,770,,,1,55,,3665,770,,,1,13,,3692,770,,,1,15,,3683,770,,,1,15,,3684,770,,,1,60,,3679,770,,,1,30,,3674,770,,,1,70,,3685,770,,,1,30,,3675,770,,,1,70,,3678,770,,,1,30,,3658,770,,,1,70,,3662,770,,,1,30,,3673,770,,,1,70,,3690,770,,,1,30,,3680,770,,,1,70,,3694,770,,,1,30,,3700,770,,,1,69,,3686,770,,,1,34,,3663,770,,,1,69,,3687,770,,,1,27,,3659,770,,,1,15,,3697,770,,,1,60,,3667,770,,,1,22,,3682,770,,,1,18,,3695,770,,,1,61,,3660,770,,,1,29,,3693,770,,,1,69,,3699,770,,,1,30,,3701,770,,,1,70,,3681,770,,,1,30,,3668,770,,,1,70,,3676,770,,,1,30,,3698,770,,,1,100,,3696,770,,,1,100,,3677,770,,,1,100,,3688,770,,,1,100,,3689,770,,,1
1301,'F9',622,,3708,770,,,1,100,,3706,770,,,1,100,,3709,770,,,1,100,,3711,770,,,1,100,,3712,770,,,1,100,,3715,770,,,1,100,,3713,770,,,1,100,,3716,770,,,1,100,,3714,770,,,1,100,,3717,770,,,1,100,,3704,770,,,1,100,,3720,770,,,1,100,,3707,770,,,1,100,,3705,770,,,1,100,,3710,770,,,1,100,,3703,770,,,1,100,,3721,770,,,1,100,,3718,770,,,1,100,,3702,770,,,1,100,,3719,770,,,1
1301,'SA',622,,3728,770,,,1,100,,3726,770,,,1,100,,3729,770,,,1,100,,3731,770,,,1,100,,3732,770,,,1,100,,3735,770,,,1,100,,3733,770,,,1,100,,3736,770,,,1,100,,3734,770,,,1,100,,3737,770,,,1,100,,3724,770,,,1,100,,3740,770,,,1,100,,3727,770,,,1,100,,3725,770,,,1,100,,3730,770,,,1,100,,3723,770,,,1,100,,3741,770,,,1,100,,3738,770,,,1,100,,3722,770,,,1,100,,3739,770,,,1
1301,'SE',528,,3755,770,,,1,72,,3756,770,,,1,30,,3754,770,,,1,16,,3748,770,,,1,54,,3775,770,,,1,13,,3753,770,,,1,14,,3750,770,,,1,19,,3745,770,,,1,55,,3749,770,,,1,13,,3776,770,,,1,15,,3767,770,,,1,15,,3768,770,,,1,60,,3763,770,,,1,30,,3758,770,,,1,70,,3769,770,,,1,30,,3759,770,,,1,70,,3762,770,,,1,30,,3742,770,,,1,70,,3746,770,,,1,30,,3757,770,,,1,70,,3774,770,,,1,30,,3764,770,,,1,70,,3778,770,,,1,30,,3784,770,,,1,69,,3770,770,,,1,34,,3747,770,,,1,69,,3771,770,,,1,27,,3743,770,,,1,15,,3781,770,,,1,60,,3751,770,,,1,22,,3766,770,,,1,18,,3779,770,,,1,61,,3744,770,,,1,29,,3777,770,,,1,69,,3783,770,,,1,30,,3785,770,,,1,70,,3765,770,,,1,30,,3752,770,,,1,70,,3760,770,,,1,30,,3782,770,,,1,100,,3780,770,,,1,100,,3761,770,,,1,100,,3772,770,,,1,100,,3773,770,,,1
1501,'DI',646,,4069,770,,,1,100,,4063,770,,,1,100,,4059,770,,,1,100,,4057,770,,,1,101,,4068,770,,,1,100,,4070,770,,,1,100,,4072,770,,,1,100,,4060,770,,,1,100,,4064,770,,,1,100,,4071,770,,,1,100,,4066,770,,,1,100,,4073,770,,,1,100,,4061,770,,,1,99,,4058,770,,,1,100,,4065,770,,,1,100,,4062,770,,,1,100,,4074,770,,,1,100,,4067,770,,,1,100,,4075,770,,,1
1501,'F1',646,,4085,770,,,1,100,,4082,770,,,1,100,,4089,770,,,1,100,,4079,770,,,1,100,,4086,770,,,1,100,,4084,770,,,1,100,,4090,770,,,1,101,,4080,770,,,1,100,,4083,770,,,1,102,,4076,770,,,1,98,,4087,770,,,1,100,,4092,770,,,1,100,,4081,770,,,1,99,,4088,770,,,1,100,,4091,770,,,1,100,,4093,770,,,1,100,,4077,770,,,1,100,,4094,770,,,1,100,,4078,770,,,1
1501,'F7',646,,4107,770,,,1,100,,4101,770,,,1,100,,4097,770,,,1,100,,4095,770,,,1,101,,4106,770,,,1,100,,4108,770,,,1,100,,4110,770,,,1,100,,4098,770,,,1,100,,4102,770,,,1,100,,4109,770,,,1,100,,4104,770,,,1,100,,4111,770,,,1,100,,4099,770,,,1,99,,4096,770,,,1,100,,4103,770,,,1,100,,4100,770,,,1,100,,4112,770,,,1,100,,4105,770,,,1,100,,4113,770,,,1
1501,'F8',510,,4126,770,,,1,46,,4128,770,,,1,70,,4117,770,,,1,31,,4123,770,,,1,60,,4124,770,,,1,20,,4148,770,,,1,20,,4118,770,,,1,70,,4114,770,,,1,30,,4149,770,,,1,70,,4137,770,,,1,30,,4134,770,,,1,70,,4119,770,,,1,30,,4135,770,,,1,70,,4140,770,,,1,30,,4116,770,,,1,70,,4136,770,,,1,30,,4141,770,,,1,70,,4150,770,,,1,30,,4151,770,,,1,70,,4138,770,,,1,30,,4152,770,,,1,71,,4121,770,,,1,23,,4120,770,,,1,79,,4143,770,,,1,27,,4127,770,,,1,70,,4132,770,,,1,32,,4122,770,,,1,68,,4139,770,,,1,30,,4130,770,,,1,70,,4145,770,,,1,29,,4146,770,,,1,70,,4129,770,,,1,30,,4125,770,,,1,70,,4147,770,,,1,30,,4144,770,,,1,70,,4115,770,,,1,100,,4133,770,,,1,100,,4131,770,,,1,100,,4142,770,,,1
1501,'F9',646,,4162,770,,,1,100,,4159,770,,,1,100,,4166,770,,,1,100,,4156,770,,,1,100,,4163,770,,,1,100,,4161,770,,,1,100,,4167,770,,,1,101,,4157,770,,,1,100,,4160,770,,,1,102,,4153,770,,,1,98,,4164,770,,,1,100,,4169,770,,,1,100,,4158,770,,,1,99,,4165,770,,,1,100,,4168,770,,,1,100,,4170,770,,,1,100,,4154,770,,,1,100,,4171,770,,,1,100,,4155,770,,,1
1501,'SA',646,,4181,770,,,1,100,,4178,770,,,1,100,,4185,770,,,1,100,,4175,770,,,1,100,,4182,770,,,1,100,,4180,770,,,1,100,,4186,770,,,1,101,,4176,770,,,1,100,,4179,770,,,1,102,,4172,770,,,1,98,,4183,770,,,1,100,,4188,770,,,1,100,,4177,770,,,1,99,,4184,770,,,1,100,,4187,770,,,1,100,,4189,770,,,1,100,,4173,770,,,1,100,,4190,770,,,1,100,,4174,770,,,1
1501,'SE',510,,4203,770,,,1,46,,4205,770,,,1,70,,4194,770,,,1,31,,4200,770,,,1,60,,4201,770,,,1,20,,4225,770,,,1,20,,4195,770,,,1,70,,4191,770,,,1,30,,4226,770,,,1,70,,4214,770,,,1,30,,4211,770,,,1,70,,4196,770,,,1,30,,4212,770,,,1,70,,4217,770,,,1,30,,4193,770,,,1,70,,4213,770,,,1,30,,4218,770,,,1,70,,4227,770,,,1,30,,4228,770,,,1,70,,4215,770,,,1,30,,4229,770,,,1,71,,4198,770,,,1,23,,4197,770,,,1,79,,4220,770,,,1,27,,4204,770,,,1,70,,4209,770,,,1,32,,4199,770,,,1,68,,4216,770,,,1,30,,4207,770,,,1,70,,4222,770,,,1,29,,4223,770,,,1,70,,4206,770,,,1,30,,4202,770,,,1,70,,4224,770,,,1,30,,4221,770,,,1,70,,4192,770,,,1,100,,4210,770,,,1,100,,4208,770,,,1,100,,4219,770,,,1
3001,'F8',556,,7394,736,0,5 53 23,2,70,,7395,736,0,5 53 23,2,30,,7396,736,0,5 53 23,2,70,,7404,736,0,5 53 23,2,32,,7397,736,0,5 53 23,2,72,,7398,736,0,5 53 23,2,721,,7402,736,0,5 53 23,2,71,,7403,736,0,5 53 23,2,28,,7399,736,0,5 53 23,2,72,,7400,736,0,5 53 23,2,31,,7401,736,0,5 53 23,2
3001,'SE',556,,7405,736,0,5 53 23,2,70,,7406,736,0,5 53 23,2,30,,7407,736,0,5 53 23,2,70,,7415,736,0,5 53 23,2,32,,7408,736,0,5 53 23,2,72,,7409,736,0,5 53 23,2,721,,7413,736,0,5 53 23,2,71,,7414,736,0,5 53 23,2,28,,7410,736,0,5 53 23,2,72,,7411,736,0,5 53 23,2,31,,7412,736,0,5 53 23,2
52600,'F8',1630,,18750,4834,,,2,1,,18751,4834,,,2
52600,'SE',1630,,18752,4834,,,2,1,,18753,4834,,,2
61801,'F8',834,,18890,683,,,2
61801,'SE',834,,18891,683,,,2
