8301,'DI',740,,36304,13727,,,1,100,,36305,13727,,,1,108,,36306,13727,,,1,100,,36307,13727,,,1,100,,36308,13727,,,1,100,,36309,13727,,,1,100,,36310,13727,,,1,100,,36311,13727,,,1,100,,36312,13727,,,1,100,,36313,13727,,,1,100,,36314,13727,,,1,100,,36315,13727,,,1,100,,36316,13727,,,1,100,,36317,13727,,,1,100,,36318,13727,,,1,100,,36319,13727,,,1,100,,36320,13727,,,1,100,,36321,13727,,,1
8301,'F1',640,,14698,13727,,,1,100,,14699,13727,,,1,100,,36325,13727,,,1,108,,36326,13727,,,1,100,,36327,13727,,,1,100,,36328,13727,,,1,100,,36329,13727,,,1,100,,36330,13727,,,1,100,,36331,13727,,,1,100,,36332,13727,,,1,100,,36333,13727,,,1,100,,36334,13727,,,1,100,,36335,13727,,,1,100,,36336,13727,,,1,100,,36337,13727,,,1,100,,36338,13727,,,1,100,,36339,13727,,,1,100,,36322,13727,,,1,100,,36323,13727,,,1,100,,36324,13727,,,1
8301,'F2',640,,36356,13727,,,1,100,,36357,13727,,,1,100,,36358,13727,,,1,108,,36359,13727,,,1,100,,36340,13727,,,1,100,,36341,13727,,,1,100,,36342,13727,,,1,100,,36343,13727,,,1,100,,36344,13727,,,1,100,,36345,13727,,,1,100,,36346,13727,,,1,100,,36347,13727,,,1,100,,36348,13727,,,1,100,,36349,13727,,,1,100,,36350,13727,,,1,100,,36351,13727,,,1,100,,36352,13727,,,1,100,,36353,13727,,,1,100,,36354,13727,,,1,100,,36355,13727,,,1
8301,'F7',606,,36378,13727,,,1,30,,36382,13727,,,1,21,,36373,13727,,,1,56,,36379,13727,,,1,25,,36384,13727,,,1,20,,36380,13727,,,1,62,,36369,13727,,,1,18,,36383,13727,,,1,20,,36375,13727,,,1,60,,36371,13727,,,1,31,,36391,13727,,,1,60,,36381,13727,,,1,40,,36366,13727,,,1,100,,36367,13727,,,1,100,,36374,13727,,,1,100,,36361,13727,,,1,100,,36362,13727,,,1,101,,36363,13727,,,1,55,,36385,13727,,,1,25,,36364,13727,,,1,21,,36392,13727,,,1,62,,36360,13727,,,1,20,,36370,13727,,,1,18,,36393,13727,,,1,60,,36394,13727,,,1,18,,36372,13727,,,1,20,,36386,13727,,,1,60,,36368,13727,,,1,40,,36387,13727,,,1,100,,36388,13727,,,1,100,,36389,13727,,,1,100,,36390,13727,,,1,100,,36365,13727,,,1,100,,36376,13727,,,1,100,,36377,13727,,,1
8301,'F8',640,,36411,13727,,,1,100,,36412,13727,,,1,100,,36413,13727,,,1,108,,36414,13727,,,1,100,,36395,13727,,,1,100,,36396,13727,,,1,100,,36397,13727,,,1,100,,36398,13727,,,1,100,,36399,13727,,,1,100,,36400,13727,,,1,100,,36401,13727,,,1,100,,36402,13727,,,1,100,,36403,13727,,,1,100,,36404,13727,,,1,100,,36405,13727,,,1,100,,36406,13727,,,1,100,,36407,13727,,,1,100,,36408,13727,,,1,100,,36409,13727,,,1,100,,36410,13727,,,1
8301,'F9',740,,36415,13727,,,1,100,,36416,13727,,,1,108,,36417,13727,,,1,100,,36418,13727,,,1,100,,36419,13727,,,1,100,,36420,13727,,,1,100,,36421,13727,,,1,100,,36422,13727,,,1,100,,36423,13727,,,1,100,,36424,13727,,,1,100,,36425,13727,,,1,100,,36426,13727,,,1,100,,36427,13727,,,1,100,,36428,13727,,,1,100,,36429,13727,,,1,100,,36430,13727,,,1,100,,36431,13727,,,1,100,,36432,13727,,,1
8301,'SA',640,,36449,13727,,,1,100,,36450,13727,,,1,100,,36451,13727,,,1,108,,36452,13727,,,1,100,,36433,13727,,,1,100,,36434,13727,,,1,100,,36435,13727,,,1,100,,36436,13727,,,1,100,,36437,13727,,,1,100,,36438,13727,,,1,100,,36439,13727,,,1,100,,36440,13727,,,1,100,,36441,13727,,,1,100,,36442,13727,,,1,100,,36443,13727,,,1,100,,36444,13727,,,1,100,,36445,13727,,,1,100,,36446,13727,,,1,100,,36447,13727,,,1,100,,36448,13727,,,1
8301,'SE',606,,36471,13727,,,1,30,,36475,13727,,,1,21,,36466,13727,,,1,56,,36472,13727,,,1,25,,36477,13727,,,1,20,,36473,13727,,,1,62,,36462,13727,,,1,18,,36476,13727,,,1,20,,36468,13727,,,1,60,,36464,13727,,,1,31,,36484,13727,,,1,60,,36474,13727,,,1,40,,36459,13727,,,1,100,,36460,13727,,,1,100,,36467,13727,,,1,100,,36454,13727,,,1,100,,36455,13727,,,1,101,,36456,13727,,,1,55,,36478,13727,,,1,25,,36457,13727,,,1,21,,36485,13727,,,1,62,,36453,13727,,,1,20,,36463,13727,,,1,18,,36486,13727,,,1,60,,36487,13727,,,1,18,,36465,13727,,,1,20,,36479,13727,,,1,60,,36461,13727,,,1,40,,36480,13727,,,1,100,,36481,13727,,,1,100,,36482,13727,,,1,100,,36483,13727,,,1,100,,36458,13727,,,1,100,,36469,13727,,,1,100,,36470,13727,,,1
8401,'F7',647,,36551,13715,,,2,55,,36559,13715,,,2,25,,36562,13715,,,2,21,,36550,13715,,,2,64,,36561,13715,,,2,16,,36564,13715,,,2,20,,36565,13715,,,2,59,,36560,13715,,,2,26,,36563,13715,,,2,87,,36546,13715,,,2,101,,36547,13715,,,2,100,,36576,13715,,,2,100,,36552,13715,,,2,100,,36556,13715,,,2,96,,36566,13715,,,2,5,,36557,13715,,,2,78,,36578,13715,,,2,19,,36548,13715,,,2,20,,36558,13715,,,2,61,,36569,13715,,,2,21,,36577,13715,,,2,19,,36568,13715,,,2,60,,36567,13715,,,2,18,,36554,13715,,,2,21,,36555,13715,,,2,19,,36553,13715,,,2,60,,36549,13715,,,2,100,,36570,13715,,,2,99,,36571,13715,,,2,100,,36572,13715,,,2,100,,36573,13715,,,2,100,,36574,13715,,,2,100,,36575,13715,,,2
8401,'SE',647,,36584,13715,,,2,55,,36592,13715,,,2,25,,36595,13715,,,2,21,,36583,13715,,,2,64,,36594,13715,,,2,16,,36597,13715,,,2,20,,36598,13715,,,2,59,,36593,13715,,,2,26,,36596,13715,,,2,87,,36579,13715,,,2,101,,36580,13715,,,2,100,,36609,13715,,,2,100,,36585,13715,,,2,100,,36589,13715,,,2,96,,36599,13715,,,2,5,,36590,13715,,,2,78,,36611,13715,,,2,19,,36581,13715,,,2,20,,36591,13715,,,2,61,,36602,13715,,,2,21,,36610,13715,,,2,19,,36601,13715,,,2,60,,36600,13715,,,2,18,,36587,13715,,,2,21,,36588,13715,,,2,19,,36586,13715,,,2,60,,36582,13715,,,2,100,,36603,13715,,,2,99,,36604,13715,,,2,100,,36605,13715,,,2,100,,36606,13715,,,2,100,,36607,13715,,,2,100,,36608,13715,,,2
68301,'F7',733,,40896,11646,,,2
68301,'SE',733,,40897,11646,,,2
