2300,'F1',649,,27432,4214,,,1,100,,27433,4214,,,1,100,,27429,4214,,,1,101,,27425,4214,,,1,99,,27427,4214,,,1,103,,27428,4214,,,1,97,,27434,4214,,,1,100,,27426,4214,,,1,100,,27430,4214,,,1,100,,27431,4214,,,1,100,,27435,4214,,,1,102,,27436,4214,,,1
2300,'F2',649,,27445,4214,,,1,100,,27446,4214,,,1,100,,27437,4214,,,1,101,,27438,4214,,,1,99,,27441,4214,,,1,103,,27442,4214,,,1,97,,27447,4214,,,1,100,,27448,4214,,,1,100,,27444,4214,,,1,100,,27443,4214,,,1,100,,27439,4214,,,1,102,,27440,4214,,,1
2300,'F7',950,,27451,4214,,,1,100,,27449,4214,,,1,100,,27452,4214,,,1,100,,27453,4214,,,1,100,,27450,4214,,,1
2300,'F8',649,,27462,4214,,,1,100,,27463,4214,,,1,100,,27454,4214,,,1,101,,27455,4214,,,1,99,,27458,4214,,,1,103,,27459,4214,,,1,97,,27464,4214,,,1,100,,27465,4214,,,1,100,,27461,4214,,,1,100,,27460,4214,,,1,100,,27456,4214,,,1,102,,27457,4214,,,1
2300,'SA',649,,27474,4214,,,1,100,,27475,4214,,,1,100,,27466,4214,,,1,101,,27467,4214,,,1,99,,27470,4214,,,1,103,,27471,4214,,,1,97,,27476,4214,,,1,100,,27477,4214,,,1,100,,27473,4214,,,1,100,,27472,4214,,,1,100,,27468,4214,,,1,102,,27469,4214,,,1
2300,'SE',950,,27480,4214,,,1,100,,27478,4214,,,1,100,,27481,4214,,,1,100,,27482,4214,,,1,100,,27479,4214,,,1
12300,'DI',620,,37610,4214,0,42 43,1,100,,37620,4214,0,42 43,1,100,,37611,4214,0,42 43,1,100,,37621,4214,0,42 43,1,100,,37612,4214,0,42 43,1,100,,37622,4214,0,42 43,1,105,,37613,4214,0,42 43,1,95,,37623,4214,0,42 43,1,100,,37614,4214,0,42 43,1,100,,37624,4214,0,42 43,1,100,,37615,4214,0,42 43,1,100,,37625,4214,0,42 43,1,100,,37616,4214,0,42 43,1,100,,37626,4214,0,42 43,1,100,,37617,4214,0,42 43,1,100,,37627,4214,0,42 43,1,100,,37618,4214,0,42 43,1,100,,37628,4214,0,42 43,1,100,,37619,4214,0,42 43,1
12300,'F1',619,,37637,4214,0,42 43,1,100,,37641,4214,0,42 43,1,100,,37631,4214,0,42 43,1,105,,37642,4214,0,42 43,1,99,,37632,4214,0,42 43,1,100,,37629,4214,0,42 43,1,100,,37633,4214,0,42 43,1,96,,37630,4214,0,42 43,1,100,,37634,4214,0,42 43,1,100,,37635,4214,0,42 43,1,104,,37643,4214,0,42 43,1,101,,37636,4214,0,42 43,1,99,,37644,4214,0,42 43,1,96,,37638,4214,0,42 43,1,100,,37645,4214,0,42 43,1,100,,37639,4214,0,42 43,1,100,,37646,4214,0,42 43,1,100,,37640,4214,0,42 43,1,100,,37647,4214,0,42 43,1
12300,'F2',619,,37649,4214,0,42 43,1,100,,37648,4214,0,42 43,1,100,,37650,4214,0,42 43,1,105,,37659,4214,0,42 43,1,99,,37651,4214,0,42 43,1,100,,37660,4214,0,42 43,1,100,,37652,4214,0,42 43,1,96,,37661,4214,0,42 43,1,100,,37653,4214,0,42 43,1,100,,37662,4214,0,42 43,1,104,,37654,4214,0,42 43,1,101,,37663,4214,0,42 43,1,99,,37655,4214,0,42 43,1,96,,37664,4214,0,42 43,1,100,,37656,4214,0,42 43,1,100,,37665,4214,0,42 43,1,100,,37657,4214,0,42 43,1,100,,37666,4214,0,42 43,1,100,,37658,4214,0,42 43,1
12300,'F7',512,,37686,4214,0,42 43,1,33,,37667,4214,0,42 43,1,55,,37674,4214,0,42 43,1,10,,37668,4214,0,42 43,1,10,,37688,4214,0,42 43,1,10,,37679,4214,0,42 43,1,11,,37689,4214,0,42 43,1,8,,37669,4214,0,42 43,1,52,,37693,4214,0,42 43,1,10,,37670,4214,0,42 43,1,21,,37694,4214,0,42 43,1,17,,37690,4214,0,42 43,1,69,,37696,4214,0,42 43,1,29,,37695,4214,0,42 43,1,69,,37676,4214,0,42 43,1,102,,37671,4214,0,42 43,1,100,,37681,4214,0,42 43,1,99,,37691,4214,0,42 43,1,101,,37683,4214,0,42 43,1,5,,37680,4214,0,42 43,1,93,,37687,4214,0,42 43,1,30,,37697,4214,0,42 43,1,71,,37684,4214,0,42 43,1,26,,37682,4214,0,42 43,1,71,,37699,4214,0,42 43,1,31,,37701,4214,0,42 43,1,71,,37673,4214,0,42 43,1,30,,37685,4214,0,42 43,1,76,,37672,4214,0,42 43,1,28,,37698,4214,0,42 43,1,70,,37692,4214,0,42 43,1,30,,37675,4214,0,42 43,1,70,,37700,4214,0,42 43,1,100,,37677,4214,0,42 43,1,100,,37702,4214,0,42 43,1,99,,37678,4214,0,42 43,1,100,,37703,4214,0,42 43,1
12300,'F8',619,,37705,4214,0,42 43,1,100,,37704,4214,0,42 43,1,100,,37706,4214,0,42 43,1,105,,37715,4214,0,42 43,1,99,,37707,4214,0,42 43,1,100,,37716,4214,0,42 43,1,100,,37708,4214,0,42 43,1,96,,37717,4214,0,42 43,1,100,,37709,4214,0,42 43,1,100,,37718,4214,0,42 43,1,104,,37710,4214,0,42 43,1,101,,37719,4214,0,42 43,1,99,,37711,4214,0,42 43,1,96,,37720,4214,0,42 43,1,100,,37712,4214,0,42 43,1,100,,37721,4214,0,42 43,1,100,,37713,4214,0,42 43,1,100,,37722,4214,0,42 43,1,100,,37714,4214,0,42 43,1
12300,'F9',620,,37723,4214,0,42 43,1,100,,37733,4214,0,42 43,1,100,,37724,4214,0,42 43,1,100,,37734,4214,0,42 43,1,100,,37725,4214,0,42 43,1,100,,37735,4214,0,42 43,1,105,,37726,4214,0,42 43,1,95,,37736,4214,0,42 43,1,100,,37727,4214,0,42 43,1,100,,37737,4214,0,42 43,1,100,,37728,4214,0,42 43,1,100,,37738,4214,0,42 43,1,100,,37729,4214,0,42 43,1,100,,37739,4214,0,42 43,1,100,,37730,4214,0,42 43,1,100,,37740,4214,0,42 43,1,100,,37731,4214,0,42 43,1,100,,37741,4214,0,42 43,1,100,,37732,4214,0,42 43,1
12300,'SA',619,,37743,4214,0,42 43,1,100,,37742,4214,0,42 43,1,100,,37744,4214,0,42 43,1,105,,37753,4214,0,42 43,1,99,,37745,4214,0,42 43,1,100,,37754,4214,0,42 43,1,100,,37746,4214,0,42 43,1,96,,37755,4214,0,42 43,1,100,,37747,4214,0,42 43,1,100,,37756,4214,0,42 43,1,104,,37748,4214,0,42 43,1,101,,37757,4214,0,42 43,1,99,,37749,4214,0,42 43,1,96,,37758,4214,0,42 43,1,100,,37750,4214,0,42 43,1,100,,37759,4214,0,42 43,1,100,,37751,4214,0,42 43,1,100,,37760,4214,0,42 43,1,100,,37752,4214,0,42 43,1
12300,'SE',512,,37780,4214,0,42 43,1,33,,37761,4214,0,42 43,1,55,,37768,4214,0,42 43,1,10,,37762,4214,0,42 43,1,10,,37782,4214,0,42 43,1,10,,37773,4214,0,42 43,1,11,,37783,4214,0,42 43,1,8,,37763,4214,0,42 43,1,52,,37787,4214,0,42 43,1,10,,37764,4214,0,42 43,1,21,,37788,4214,0,42 43,1,17,,37784,4214,0,42 43,1,69,,37790,4214,0,42 43,1,29,,37789,4214,0,42 43,1,69,,37770,4214,0,42 43,1,102,,37765,4214,0,42 43,1,100,,37775,4214,0,42 43,1,99,,37785,4214,0,42 43,1,101,,37777,4214,0,42 43,1,5,,37774,4214,0,42 43,1,93,,37781,4214,0,42 43,1,30,,37791,4214,0,42 43,1,71,,37778,4214,0,42 43,1,26,,37776,4214,0,42 43,1,71,,37793,4214,0,42 43,1,31,,37795,4214,0,42 43,1,71,,37767,4214,0,42 43,1,30,,37779,4214,0,42 43,1,76,,37766,4214,0,42 43,1,28,,37792,4214,0,42 43,1,70,,37786,4214,0,42 43,1,30,,37769,4214,0,42 43,1,70,,37794,4214,0,42 43,1,100,,37771,4214,0,42 43,1,100,,37796,4214,0,42 43,1,99,,37772,4214,0,42 43,1,100,,37797,4214,0,42 43,1
17000,'F7',551,,38871,6842,0,46,2,70,,38875,6842,0,46,2,31,,38872,6842,0,46,2,70,,38876,6842,0,46,2,30,,38873,6842,0,46,2,73,,38877,6842,0,46,2,28,,38874,6842,0,46,2,692,,38878,6842,0,46,2,70,,38882,6842,0,46,2,30,,38879,6842,0,46,2,70,,38883,6842,0,46,2,30,,38880,6842,0,46,2,70,,38884,6842,0,46,2,30,,38881,6842,0,46,2
17000,'SE',551,,38885,6842,0,46,2,70,,38889,6842,0,46,2,31,,38886,6842,0,46,2,70,,38890,6842,0,46,2,30,,38887,6842,0,46,2,73,,38891,6842,0,46,2,28,,38888,6842,0,46,2,692,,38892,6842,0,46,2,70,,38896,6842,0,46,2,30,,38893,6842,0,46,2,70,,38897,6842,0,46,2,30,,38894,6842,0,46,2,70,,38898,6842,0,46,2,30,,38895,6842,0,46,2
