1500,'DI',740,,3900,7917,,,1,101,,3894,7917,,,1,100,,3890,7917,,,1,100,,3888,7917,,,1,100,,3899,7917,,,1,100,,3901,7917,,,1,100,,3903,7917,,,1,100,,3891,7917,,,1,100,,3895,7917,,,1,100,,3902,7917,,,1,100,,3897,7917,,,1,100,,3904,7917,,,1,98,,3892,7917,,,1,100,,3889,7917,,,1,100,,3896,7917,,,1,100,,3893,7917,,,1,100,,3905,7917,,,1,100,,3898,7917,,,1,100,,3906,7917,,,1
1500,'F1',741,,3916,7917,,,1,100,,3913,7917,,,1,100,,3920,7917,,,1,100,,3910,7917,,,1,107,,3917,7917,,,1,95,,3915,7917,,,1,100,,3921,7917,,,1,100,,3911,7917,,,1,100,,3914,7917,,,1,100,,3907,7917,,,1,100,,3918,7917,,,1,100,,3923,7917,,,1,100,,3912,7917,,,1,99,,3919,7917,,,1,100,,3922,7917,,,1,100,,3924,7917,,,1,100,,3908,7917,,,1,100,,3925,7917,,,1,100,,3909,7917,,,1
1500,'F7',740,,3938,7917,,,1,101,,3932,7917,,,1,100,,3928,7917,,,1,100,,3926,7917,,,1,100,,3937,7917,,,1,100,,3939,7917,,,1,100,,3941,7917,,,1,100,,3929,7917,,,1,100,,3933,7917,,,1,100,,3940,7917,,,1,100,,3935,7917,,,1,100,,3942,7917,,,1,98,,3930,7917,,,1,100,,3927,7917,,,1,100,,3934,7917,,,1,100,,3931,7917,,,1,100,,3943,7917,,,1,100,,3936,7917,,,1,100,,3944,7917,,,1
1500,'F8',603,,3958,7917,,,1,30,,3956,7917,,,1,71,,3965,7917,,,1,28,,3952,7917,,,1,74,,3976,7917,,,1,26,,3978,7917,,,1,74,,3966,7917,,,1,30,,3963,7917,,,1,68,,3953,7917,,,1,30,,3957,7917,,,1,70,,3969,7917,,,1,30,,3967,7917,,,1,70,,3964,7917,,,1,30,,3970,7917,,,1,70,,3954,7917,,,1,30,,3947,7917,,,1,70,,3968,7917,,,1,30,,3951,7917,,,1,72,,3962,7917,,,1,30,,3981,7917,,,1,65,,3980,7917,,,1,34,,3975,7917,,,1,81,,3971,7917,,,1,20,,3955,7917,,,1,70,,3960,7917,,,1,30,,3979,7917,,,1,70,,3945,7917,,,1,27,,3972,7917,,,1,70,,3961,7917,,,1,30,,3959,7917,,,1,70,,3977,7917,,,1,30,,3974,7917,,,1,70,,3946,7917,,,1,30,,3949,7917,,,1,100,,3948,7917,,,1,98,,3973,7917,,,1,100,,3950,7917,,,1
1500,'F9',741,,3991,7917,,,1,100,,3988,7917,,,1,100,,3995,7917,,,1,100,,3985,7917,,,1,107,,3992,7917,,,1,95,,3990,7917,,,1,100,,3996,7917,,,1,100,,3986,7917,,,1,100,,3989,7917,,,1,100,,3982,7917,,,1,100,,3993,7917,,,1,100,,3998,7917,,,1,100,,3987,7917,,,1,99,,3994,7917,,,1,100,,3997,7917,,,1,100,,3999,7917,,,1,100,,3983,7917,,,1,100,,4000,7917,,,1,100,,3984,7917,,,1
1500,'SA',741,,4010,7917,,,1,100,,4007,7917,,,1,100,,4014,7917,,,1,100,,4004,7917,,,1,107,,4011,7917,,,1,95,,4009,7917,,,1,100,,4015,7917,,,1,100,,4005,7917,,,1,100,,4008,7917,,,1,100,,4001,7917,,,1,100,,4012,7917,,,1,100,,4017,7917,,,1,100,,4006,7917,,,1,99,,4013,7917,,,1,100,,4016,7917,,,1,100,,4018,7917,,,1,100,,4002,7917,,,1,100,,4019,7917,,,1,100,,4003,7917,,,1
1500,'SE',603,,4033,7917,,,1,30,,4031,7917,,,1,71,,4040,7917,,,1,28,,4027,7917,,,1,74,,4051,7917,,,1,26,,4053,7917,,,1,74,,4041,7917,,,1,30,,4038,7917,,,1,68,,4028,7917,,,1,30,,4032,7917,,,1,70,,4044,7917,,,1,30,,4042,7917,,,1,70,,4039,7917,,,1,30,,4045,7917,,,1,70,,4029,7917,,,1,30,,4022,7917,,,1,70,,4043,7917,,,1,30,,4026,7917,,,1,72,,4037,7917,,,1,30,,4056,7917,,,1,65,,4055,7917,,,1,34,,4050,7917,,,1,81,,4046,7917,,,1,20,,4030,7917,,,1,70,,4035,7917,,,1,30,,4054,7917,,,1,70,,4020,7917,,,1,27,,4047,7917,,,1,70,,4036,7917,,,1,30,,4034,7917,,,1,70,,4052,7917,,,1,30,,4049,7917,,,1,70,,4021,7917,,,1,30,,4024,7917,,,1,100,,4023,7917,,,1,98,,4048,7917,,,1,100,,4025,7917,,,1
53001,'F8',916,,18760,2874,,,2
53001,'SE',916,,18761,2874,,,2
65001,'F8',836,,18922,5308,,,2
65001,'SE',836,,18923,5308,,,2
