1301,'DI',625,,24063,2069,,,1,100,,3602,2069,,,1,100,,24064,2069,,,1,100,,3603,2069,,,1,100,,24065,2069,,,1,100,,3604,2069,,,1,100,,24066,2069,,,1,100,,3605,2069,,,1,100,,24068,2069,,,1,100,,24075,2069,,,1,100,,24060,2069,,,1,100,,24067,2069,,,1,100,,24062,2069,,,1,100,,24069,2069,,,1,100,,24073,2069,,,1,100,,24071,2069,,,1,100,,24070,2069,,,1,100,,24061,2069,,,1,100,,24074,2069,,,1,100,,24072,2069,,,1
1301,'F1',625,,24083,2069,,,1,100,,24076,2069,,,1,100,,24084,2069,,,1,100,,24078,2069,,,1,100,,24079,2069,,,1,100,,24089,2069,,,1,100,,24077,2069,,,1,100,,24085,2069,,,1,100,,24080,2069,,,1,100,,24086,2069,,,1,100,,24094,2069,,,1,100,,24082,2069,,,1,100,,24090,2069,,,1,100,,24087,2069,,,1,100,,24091,2069,,,1,100,,24081,2069,,,1,100,,24093,2069,,,1,100,,24088,2069,,,1,100,,24092,2069,,,1,100,,24095,2069,,,1
1301,'F2',625,,24104,2069,,,1,100,,24097,2069,,,1,100,,24105,2069,,,1,100,,24098,2069,,,1,100,,24099,2069,,,1,100,,24106,2069,,,1,100,,24108,2069,,,1,100,,24100,2069,,,1,100,,24109,2069,,,1,100,,24101,2069,,,1,100,,24096,2069,,,1,100,,24111,2069,,,1,100,,24114,2069,,,1,100,,24102,2069,,,1,100,,24110,2069,,,1,100,,24107,2069,,,1,100,,24115,2069,,,1,100,,24112,2069,,,1,100,,24103,2069,,,1,100,,24113,2069,,,1
1301,'F7',531,,24130,2069,,,1,72,,24131,2069,,,1,30,,24129,2069,,,1,16,,24118,2069,,,1,54,,24154,2069,,,1,13,,24120,2069,,,1,14,,24147,2069,,,1,19,,24121,2069,,,1,55,,24119,2069,,,1,13,,24158,2069,,,1,15,,24140,2069,,,1,15,,24136,2069,,,1,60,,24139,2069,,,1,30,,24132,2069,,,1,70,,24117,2069,,,1,30,,24135,2069,,,1,70,,24149,2069,,,1,30,,24127,2069,,,1,70,,24141,2069,,,1,30,,24128,2069,,,1,70,,24133,2069,,,1,30,,24150,2069,,,1,70,,24137,2069,,,1,30,,24142,2069,,,1,69,,24155,2069,,,1,34,,24152,2069,,,1,69,,24116,2069,,,1,27,,24123,2069,,,1,15,,24138,2069,,,1,60,,24134,2069,,,1,22,,24159,2069,,,1,18,,24145,2069,,,1,61,,24143,2069,,,1,29,,24124,2069,,,1,69,,24157,2069,,,1,30,,24122,2069,,,1,70,,24151,2069,,,1,30,,24153,2069,,,1,70,,24144,2069,,,1,30,,24156,2069,,,1,100,,24146,2069,,,1,100,,24148,2069,,,1,100,,24125,2069,,,1,99,,24126,2069,,,1
1301,'F8',625,,24168,2069,,,1,100,,24161,2069,,,1,100,,24169,2069,,,1,100,,24162,2069,,,1,100,,24163,2069,,,1,100,,24170,2069,,,1,100,,24172,2069,,,1,100,,24164,2069,,,1,100,,24173,2069,,,1,100,,24165,2069,,,1,100,,24160,2069,,,1,100,,24175,2069,,,1,100,,24178,2069,,,1,100,,24166,2069,,,1,100,,24174,2069,,,1,100,,24171,2069,,,1,100,,24179,2069,,,1,100,,24176,2069,,,1,100,,24167,2069,,,1,100,,24177,2069,,,1
1301,'F9',625,,24187,2069,,,1,100,,24182,2069,,,1,100,,24188,2069,,,1,100,,24183,2069,,,1,100,,24189,2069,,,1,100,,24184,2069,,,1,100,,24190,2069,,,1,100,,24185,2069,,,1,100,,24192,2069,,,1,100,,24199,2069,,,1,100,,24180,2069,,,1,100,,24191,2069,,,1,100,,24186,2069,,,1,100,,24193,2069,,,1,100,,24197,2069,,,1,100,,24195,2069,,,1,100,,24194,2069,,,1,100,,24181,2069,,,1,100,,24198,2069,,,1,100,,24196,2069,,,1
1301,'SA',625,,24208,2069,,,1,100,,24201,2069,,,1,100,,24209,2069,,,1,100,,24202,2069,,,1,100,,24203,2069,,,1,100,,24210,2069,,,1,100,,24212,2069,,,1,100,,24204,2069,,,1,100,,24213,2069,,,1,100,,24205,2069,,,1,100,,24200,2069,,,1,100,,24215,2069,,,1,100,,24218,2069,,,1,100,,24206,2069,,,1,100,,24214,2069,,,1,100,,24211,2069,,,1,100,,24219,2069,,,1,100,,24216,2069,,,1,100,,24207,2069,,,1,100,,24217,2069,,,1
1301,'SE',531,,24234,2069,,,1,72,,24235,2069,,,1,30,,24233,2069,,,1,16,,24222,2069,,,1,54,,24258,2069,,,1,13,,24224,2069,,,1,14,,24251,2069,,,1,19,,24225,2069,,,1,55,,24223,2069,,,1,13,,24262,2069,,,1,15,,24244,2069,,,1,15,,24240,2069,,,1,60,,24243,2069,,,1,30,,24236,2069,,,1,70,,24221,2069,,,1,30,,24239,2069,,,1,70,,24253,2069,,,1,30,,24231,2069,,,1,70,,24245,2069,,,1,30,,24232,2069,,,1,70,,24237,2069,,,1,30,,24254,2069,,,1,70,,24241,2069,,,1,30,,24246,2069,,,1,69,,24259,2069,,,1,34,,24256,2069,,,1,69,,24220,2069,,,1,27,,24227,2069,,,1,15,,24242,2069,,,1,60,,24238,2069,,,1,22,,24263,2069,,,1,18,,24249,2069,,,1,61,,24247,2069,,,1,29,,24228,2069,,,1,69,,24261,2069,,,1,30,,24226,2069,,,1,70,,24255,2069,,,1,30,,24257,2069,,,1,70,,24248,2069,,,1,30,,24260,2069,,,1,100,,24250,2069,,,1,100,,24252,2069,,,1,100,,24229,2069,,,1,99,,24230,2069,,,1
61301,'F7',848,,40772,1057,,,2
61301,'SE',848,,40773,1057,,,2
61801,'F7',838,,40780,1982,,,2
61801,'SE',838,,40781,1982,,,2
65300,'F7',1617,,40814,4765,,,2
65300,'SE',1617,,40815,4765,,,2
65301,'F7',846,,40816,1057,,,2
65301,'SE',846,,40817,1057,,,2
