2101,'DI',545,,3567,,,1,70,,3572,,,1,30,,3594,,,1,69,,3588,,,1,30,,3591,,,1,70,,3580,,,1,31,,3585,,,1,70,,3595,,,1,30,,3568,,,1,67,,3562,,,1,33,,3593,,,1,70,,3592,,,1,32,,3573,,,1,70,,3589,,,1,31,,3586,,,1,71,,3563,,,1,30,,3569,,,1,70,,3587,,,1,30,,3590,,,1,70,,3564,,,1,30,,3570,,,1,70,,3581,,,1,30,,3576,,,1,70,,3565,,,1,30,,3575,,,1,70,,3582,,,1,29,,3577,,,1,67,,3566,,,1,30,,3556,,,1,70,,3560,,,1,30,,3558,,,1,70,,3583,,,1,30,,3584,,,1,70,,3578,,,1,30,,3574,,,1,70,,3559,,,1,30,,3561,,,1,70,,3579,,,1,30,,3557,,,1,70,,3571,,,1
2101,'F1',545,,3596,,,1,70,,3604,,,1,30,,3615,,,1,70,,3626,,,1,31,,3614,,,1,70,,3620,,,1,30,,3611,,,1,70,,3616,,,1,30,,3629,,,1,65,,3621,,,1,31,,3597,,,1,74,,3627,,,1,33,,3622,,,1,66,,3617,,,1,34,,3630,,,1,70,,3600,,,1,30,,3623,,,1,70,,3628,,,1,30,,3632,,,1,70,,3601,,,1,30,,3624,,,1,70,,3618,,,1,30,,3633,,,1,70,,3602,,,1,30,,3625,,,1,70,,3619,,,1,29,,3634,,,1,67,,3603,,,1,30,,3605,,,1,70,,3610,,,1,30,,3608,,,1,70,,3607,,,1,30,,3612,,,1,70,,3606,,,1,30,,3598,,,1,70,,3609,,,1,30,,3631,,,1,70,,3613,,,1,30,,3635,,,1,70,,3599,,,1
2101,'F7',545,,13568,,,1,70,,13573,,,1,30,,13595,,,1,69,,13589,,,1,30,,13592,,,1,70,,13581,,,1,31,,13586,,,1,70,,13596,,,1,30,,13569,,,1,67,,13563,,,1,33,,13594,,,1,70,,13593,,,1,32,,13574,,,1,70,,13590,,,1,31,,13587,,,1,71,,13564,,,1,30,,13570,,,1,70,,13588,,,1,30,,13591,,,1,70,,13565,,,1,30,,13571,,,1,70,,13582,,,1,30,,13577,,,1,70,,13566,,,1,30,,13576,,,1,70,,13583,,,1,29,,13578,,,1,67,,13567,,,1,30,,13557,,,1,70,,13561,,,1,30,,13559,,,1,70,,13584,,,1,30,,13585,,,1,70,,13579,,,1,30,,13575,,,1,70,,13560,,,1,30,,13562,,,1,70,,13580,,,1,30,,13558,,,1,70,,13572,,,1
2101,'F8',442,,13600,,,1,86,,13599,,,1,27,,13629,,,1,55,,13630,,,1,15,,13624,,,1,12,,13625,,,1,10,,13623,,,1,10,,13635,,,1,51,,13626,,,1,10,,13632,,,1,10,,13628,,,1,10,,13633,,,1,13,,13631,,,1,58,,13639,,,1,17,,13640,,,1,23,,13636,,,1,56,,13627,,,1,20,,13604,,,1,21,,13601,,,1,67,,13597,,,1,33,,13598,,,1,70,,13610,,,1,30,,13602,,,1,70,,13612,,,1,33,,13620,,,1,70,,13614,,,1,30,,13603,,,1,73,,13605,,,1,28,,13646,,,1,70,,13637,,,1,33,,13645,,,1,55,,13638,,,1,15,,13634,,,1,15,,13641,,,1,15,,13642,,,1,58,,13643,,,1,19,,13644,,,1,17,,13606,,,1,60,,13621,,,1,26,,13618,,,1,69,,13615,,,1,25,,13611,,,1,30,,13617,,,1,71,,13613,,,1,29,,13619,,,1,70,,13607,,,1,30,,13622,,,1,100,,13608,,,1,99,,13616,,,1,95,,13609,,,1
2101,'F9',545,,13647,,,1,70,,13655,,,1,30,,13666,,,1,70,,13677,,,1,31,,13665,,,1,70,,13671,,,1,30,,13662,,,1,70,,13667,,,1,30,,13680,,,1,65,,13672,,,1,31,,13648,,,1,74,,13678,,,1,33,,13673,,,1,66,,13668,,,1,34,,13681,,,1,70,,13651,,,1,30,,13674,,,1,70,,13679,,,1,30,,13683,,,1,70,,13652,,,1,30,,13675,,,1,70,,13669,,,1,30,,13684,,,1,70,,13653,,,1,30,,13676,,,1,70,,13670,,,1,29,,13685,,,1,67,,13654,,,1,30,,13656,,,1,70,,13661,,,1,30,,13659,,,1,70,,13658,,,1,30,,13663,,,1,70,,13657,,,1,30,,13649,,,1,70,,13660,,,1,30,,13682,,,1,70,,13664,,,1,30,,13686,,,1,70,,13650,,,1
2101,'SA',545,,3636,,,1,70,,3644,,,1,30,,3655,,,1,70,,3666,,,1,31,,3654,,,1,70,,3660,,,1,30,,3651,,,1,70,,3656,,,1,30,,3669,,,1,65,,3661,,,1,31,,3637,,,1,74,,3667,,,1,33,,3662,,,1,66,,3657,,,1,34,,3670,,,1,70,,3640,,,1,30,,3663,,,1,70,,3668,,,1,30,,3672,,,1,70,,3641,,,1,30,,3664,,,1,70,,3658,,,1,30,,3673,,,1,70,,3642,,,1,30,,3665,,,1,70,,3659,,,1,29,,3674,,,1,67,,3643,,,1,30,,3645,,,1,70,,3650,,,1,30,,3648,,,1,70,,3647,,,1,30,,3652,,,1,70,,3646,,,1,30,,3638,,,1,70,,3649,,,1,30,,3671,,,1,70,,3653,,,1,30,,3675,,,1,70,,3639,,,1
2101,'SE',442,,3679,,,1,86,,3678,,,1,27,,3708,,,1,55,,3709,,,1,15,,3703,,,1,12,,3704,,,1,10,,3702,,,1,10,,3714,,,1,51,,3705,,,1,10,,3711,,,1,10,,3707,,,1,10,,3712,,,1,13,,3710,,,1,58,,3718,,,1,17,,3719,,,1,23,,3715,,,1,56,,3706,,,1,20,,3683,,,1,21,,3680,,,1,67,,3676,,,1,33,,3677,,,1,70,,3689,,,1,30,,3681,,,1,70,,3691,,,1,33,,3699,,,1,70,,3693,,,1,30,,3682,,,1,73,,3684,,,1,28,,3725,,,1,70,,3716,,,1,33,,3724,,,1,55,,3717,,,1,15,,3713,,,1,15,,3720,,,1,15,,3721,,,1,58,,3722,,,1,19,,3723,,,1,17,,3685,,,1,60,,3700,,,1,26,,3697,,,1,69,,3694,,,1,25,,3690,,,1,30,,3696,,,1,71,,3692,,,1,29,,3698,,,1,70,,3686,,,1,30,,3701,,,1,100,,3687,,,1,99,,3695,,,1,95,,3688,,,1
4700,'DI',637,,5289,,,1,100,,5279,,,1,100,,5291,,,1,100,,5280,,,1,100,,5292,,,1,100,,5281,,,1,100,,5276,,,1,100,,5282,,,1,104,,5275,,,1,91,,5283,,,1,108,,5284,,,1,102,,5286,,,1,95,,5285,,,1,96,,5277,,,1,100,,5293,,,1,100,,5290,,,1,100,,5278,,,1,100,,5294,,,1,100,,5287,,,1,100,,5288,,,1
4700,'F1',637,,5309,,,1,103,,5299,,,1,101,,5306,,,1,96,,5311,,,1,96,,5300,,,1,104,,5298,,,1,100,,5307,,,1,100,,5296,,,1,95,,5308,,,1,104,,5310,,,1,100,,5297,,,1,101,,5301,,,1,100,,5304,,,1,96,,5295,,,1,100,,5305,,,1,100,,5302,,,1,100,,5303,,,1,100,,5312,,,1,100,,5313,,,1,100,,5314,,,1
4700,'F7',637,,14971,,,1,100,,14961,,,1,100,,14973,,,1,100,,14962,,,1,100,,14974,,,1,100,,14963,,,1,100,,14958,,,1,100,,14964,,,1,104,,14957,,,1,91,,14965,,,1,108,,14966,,,1,102,,14968,,,1,95,,14967,,,1,96,,14959,,,1,100,,14975,,,1,100,,14972,,,1,100,,14960,,,1,100,,14976,,,1,100,,14969,,,1,100,,14970,,,1
4700,'F8',639,,14984,,,1,72,,14985,,,1,30,,14981,,,1,73,,14980,,,1,34,,15009,,,1,69,,14987,,,1,30,,15014,,,1,70,,14994,,,1,30,,14989,,,1,70,,14988,,,1,30,,14996,,,1,70,,15012,,,1,30,,14977,,,1,70,,14992,,,1,30,,14995,,,1,70,,14997,,,1,30,,15013,,,1,70,,14986,,,1,28,,14978,,,1,68,,15005,,,1,38,,15011,,,1,55,,14998,,,1,15,,15001,,,1,14,,14999,,,1,15,,14991,,,1,54,,15010,,,1,15,,15002,,,1,15,,15006,,,1,15,,14993,,,1,58,,14982,,,1,27,,15000,,,1,70,,15015,,,1,30,,15007,,,1,70,,14979,,,1,30,,14990,,,1,70,,15003,,,1,100,,15008,,,1,100,,14983,,,1,100,,15004,,,1
4700,'F9',637,,15030,,,1,103,,15020,,,1,101,,15027,,,1,96,,15032,,,1,96,,15021,,,1,104,,15019,,,1,100,,15028,,,1,100,,15017,,,1,95,,15029,,,1,104,,15031,,,1,100,,15018,,,1,101,,15022,,,1,100,,15025,,,1,96,,15016,,,1,100,,15026,,,1,100,,15023,,,1,100,,15024,,,1,100,,15033,,,1,100,,15034,,,1,100,,15035,,,1
4700,'SA',637,,5329,,,1,103,,5319,,,1,101,,5326,,,1,96,,5331,,,1,96,,5320,,,1,104,,5318,,,1,100,,5327,,,1,100,,5316,,,1,95,,5328,,,1,104,,5330,,,1,100,,5317,,,1,101,,5321,,,1,100,,5324,,,1,96,,5315,,,1,100,,5325,,,1,100,,5322,,,1,100,,5323,,,1,100,,5332,,,1,100,,5333,,,1,100,,5334,,,1
4700,'SE',639,,5342,,,1,72,,5343,,,1,30,,5339,,,1,73,,5338,,,1,34,,5367,,,1,69,,5345,,,1,30,,5372,,,1,70,,5352,,,1,30,,5347,,,1,70,,5346,,,1,30,,5354,,,1,70,,5370,,,1,30,,5335,,,1,70,,5350,,,1,30,,5353,,,1,70,,5355,,,1,30,,5371,,,1,70,,5344,,,1,28,,5336,,,1,68,,5363,,,1,38,,5369,,,1,55,,5356,,,1,15,,5359,,,1,14,,5357,,,1,15,,5349,,,1,54,,5368,,,1,15,,5360,,,1,15,,5364,,,1,15,,5351,,,1,58,,5340,,,1,27,,5358,,,1,70,,5373,,,1,30,,5365,,,1,70,,5337,,,1,30,,5348,,,1,70,,5361,,,1,100,,5366,,,1,100,,5341,,,1,100,,5362,,,1
19201,'F8',704,,18413,,,2,25,,18415,,,2,25,,18416,,,2,63,,18414,,,2,27,,18412,,,2
19201,'SE',704,,9582,,,2,25,,9584,,,2,25,,9585,,,2,63,,9583,,,2,27,,9581,,,2
