60101,'F7',900,,40743,9942,4,,2
60101,'SE',900,,40744,9942,4,,2
60500,'F7',1600,,40745,0,,,2,1,,40746,0,,,2
60500,'SE',1600,,40747,0,,,2,1,,40748,0,,,2
60501,'F7',859,,40749,12977,4,,2,41,,40750,12977,4,,2
60501,'SE',859,,40751,12977,4,,2,41,,40752,12977,4,,2
60700,'F7',1600,,40755,0,,,2,1,,40756,0,,,2
60700,'SE',1600,,40757,0,,,2,1,,40758,0,,,2
60701,'F7',900,,40759,8063,4,,2
60701,'SE',900,,40760,8063,4,,2
60900,'F7',1600,,40765,0,,,2
60900,'SE',1600,,40766,0,,,2
60901,'F7',900,,40767,3830,4,,2
60901,'SE',900,,40768,3830,4,,2
