401,'DI',708,,1186,5284,,,1,30,,1180,5284,,,1,70,,1189,5284,,,1,32,,1202,5284,,,1,70,,1199,5284,,,1,30,,1181,5284,,,1,70,,1177,5284,,,1,30,,1203,5284,,,1,70,,1200,5284,,,1,30,,1182,5284,,,1,70,,1210,5284,,,1,30,,1195,5284,,,1,70,,1201,5284,,,1,31,,1183,5284,,,1,69,,1205,5284,,,1,30,,1208,5284,,,1,70,,1178,5284,,,1,32,,1184,5284,,,1,69,,1206,5284,,,1,30,,1209,5284,,,1,74,,1207,5284,,,1,25,,1191,5284,,,1,70,,1194,5284,,,1,30,,1196,5284,,,1,70,,1198,5284,,,1,31,,1192,5284,,,1,69,,1193,5284,,,1,30,,1176,5284,,,1,70,,1187,5284,,,1,100,,1204,5284,,,1,100,,1197,5284,,,1,100,,1185,5284,,,1
401,'F1',708,,1213,5284,,,1,30,,1227,5284,,,1,70,,1216,5284,,,1,32,,1218,5284,,,1,70,,1214,5284,,,1,30,,1228,5284,,,1,70,,1231,5284,,,1,30,,1219,5284,,,1,70,,1236,5284,,,1,30,,1212,5284,,,1,70,,1238,5284,,,1,30,,1233,5284,,,1,70,,1242,5284,,,1,30,,1211,5284,,,1,70,,1220,5284,,,1,30,,1237,5284,,,1,70,,1232,5284,,,1,30,,1243,5284,,,1,70,,1240,5284,,,1,30,,1235,5284,,,1,70,,1234,5284,,,1,30,,1245,5284,,,1,70,,1230,5284,,,1,30,,1221,5284,,,1,70,,1241,5284,,,1,30,,1244,5284,,,1,70,,1222,5284,,,1,30,,1239,5284,,,1,70,,1229,5284,,,1,100,,1224,5284,,,1,100,,1223,5284,,,1,100,,1225,5284,,,1
401,'F7',708,,1256,5284,,,1,30,,1250,5284,,,1,70,,1259,5284,,,1,32,,1272,5284,,,1,70,,1269,5284,,,1,30,,1251,5284,,,1,70,,1247,5284,,,1,30,,1273,5284,,,1,70,,1270,5284,,,1,30,,1252,5284,,,1,70,,1280,5284,,,1,30,,1265,5284,,,1,70,,1271,5284,,,1,31,,1253,5284,,,1,69,,1275,5284,,,1,30,,1278,5284,,,1,70,,1248,5284,,,1,32,,1254,5284,,,1,69,,1276,5284,,,1,30,,1279,5284,,,1,74,,1277,5284,,,1,25,,1261,5284,,,1,70,,1264,5284,,,1,30,,1266,5284,,,1,70,,1268,5284,,,1,31,,1262,5284,,,1,69,,1263,5284,,,1,30,,1246,5284,,,1,70,,1257,5284,,,1,100,,1274,5284,,,1,100,,1267,5284,,,1,100,,1255,5284,,,1
401,'F8',623,,1282,5284,,,1,21,,1293,5284,,,1,71,,1305,5284,,,1,33,,1285,5284,,,1,73,,1314,5284,,,1,30,,1295,5284,,,1,72,,1308,5284,,,1,30,,1307,5284,,,1,70,,1281,5284,,,1,30,,1313,5284,,,1,70,,1300,5284,,,1,30,,1284,5284,,,1,71,,1306,5284,,,1,32,,1303,5284,,,1,70,,1301,5284,,,1,30,,1320,5284,,,1,66,,1318,5284,,,1,34,,1297,5284,,,1,55,,1310,5284,,,1,23,,1289,5284,,,1,22,,1302,5284,,,1,59,,1296,5284,,,1,20,,1291,5284,,,1,23,,1317,5284,,,1,57,,1290,5284,,,1,20,,1309,5284,,,1,24,,1294,5284,,,1,56,,1311,5284,,,1,27,,1304,5284,,,1,70,,1319,5284,,,1,27,,1315,5284,,,1,69,,1287,5284,,,1,30,,1299,5284,,,1,70,,1316,5284,,,1,30,,1312,5284,,,1,100,,1298,5284,,,1,99,,1288,5284,,,1,100,,1292,5284,,,1
401,'F9',708,,1323,5284,,,1,30,,1337,5284,,,1,70,,1326,5284,,,1,32,,1328,5284,,,1,70,,1324,5284,,,1,30,,1338,5284,,,1,70,,1341,5284,,,1,30,,1329,5284,,,1,70,,1346,5284,,,1,30,,1322,5284,,,1,70,,1348,5284,,,1,30,,1343,5284,,,1,70,,1352,5284,,,1,30,,1321,5284,,,1,70,,1330,5284,,,1,30,,1347,5284,,,1,70,,1342,5284,,,1,30,,1353,5284,,,1,70,,1350,5284,,,1,30,,1345,5284,,,1,70,,1344,5284,,,1,30,,1355,5284,,,1,70,,1340,5284,,,1,30,,1331,5284,,,1,70,,1351,5284,,,1,30,,1354,5284,,,1,70,,1332,5284,,,1,30,,1349,5284,,,1,70,,1339,5284,,,1,100,,1334,5284,,,1,100,,1333,5284,,,1,100,,1335,5284,,,1
401,'SA',708,,1358,5284,,,1,30,,1372,5284,,,1,70,,1361,5284,,,1,32,,1363,5284,,,1,70,,1359,5284,,,1,30,,1373,5284,,,1,70,,1376,5284,,,1,30,,1364,5284,,,1,70,,1381,5284,,,1,30,,1357,5284,,,1,70,,1383,5284,,,1,30,,1378,5284,,,1,70,,1387,5284,,,1,30,,1356,5284,,,1,70,,1365,5284,,,1,30,,1382,5284,,,1,70,,1377,5284,,,1,30,,1388,5284,,,1,70,,1385,5284,,,1,30,,1380,5284,,,1,70,,1379,5284,,,1,30,,1390,5284,,,1,70,,1375,5284,,,1,30,,1366,5284,,,1,70,,1386,5284,,,1,30,,1389,5284,,,1,70,,1367,5284,,,1,30,,1384,5284,,,1,70,,1374,5284,,,1,100,,1369,5284,,,1,100,,1368,5284,,,1,100,,1370,5284,,,1
401,'SE',623,,1392,5284,,,1,21,,1403,5284,,,1,71,,1415,5284,,,1,33,,1395,5284,,,1,73,,1424,5284,,,1,30,,1405,5284,,,1,72,,1418,5284,,,1,30,,1417,5284,,,1,70,,1391,5284,,,1,30,,1423,5284,,,1,70,,1410,5284,,,1,30,,1394,5284,,,1,71,,1416,5284,,,1,32,,1413,5284,,,1,70,,1411,5284,,,1,30,,1430,5284,,,1,66,,1428,5284,,,1,34,,1407,5284,,,1,55,,1420,5284,,,1,23,,1399,5284,,,1,22,,1412,5284,,,1,59,,1406,5284,,,1,20,,1401,5284,,,1,23,,1427,5284,,,1,57,,1400,5284,,,1,20,,1419,5284,,,1,24,,1404,5284,,,1,56,,1421,5284,,,1,27,,1414,5284,,,1,70,,1429,5284,,,1,27,,1425,5284,,,1,69,,1397,5284,,,1,30,,1409,5284,,,1,70,,1426,5284,,,1,30,,1422,5284,,,1,100,,1408,5284,,,1,99,,1398,5284,,,1,100,,1402,5284,,,1
5400,'DI',702,,10423,5391,,,1,100,,10437,5391,,,1,101,,10424,5391,,,1,101,,10420,5391,,,1,100,,10434,5391,,,1,100,,10417,5391,,,1,31,,10440,5391,,,1,70,,10425,5391,,,1,30,,10435,5391,,,1,70,,10442,5391,,,1,30,,10426,5391,,,1,70,,10436,5391,,,1,30,,10418,5391,,,1,70,,10438,5391,,,1,30,,10439,5391,,,1,70,,10427,5391,,,1,29,,10419,5391,,,1,73,,10441,5391,,,1,34,,10428,5391,,,1,64,,10421,5391,,,1,100,,10422,5391,,,1,100,,10429,5391,,,1,100,,10430,5391,,,1,100,,10431,5391,,,1,99,,10432,5391,,,1,100,,10433,5391,,,1
5400,'F1',702,,10454,5391,,,1,30,,10450,5391,,,1,70,,10470,5391,,,1,31,,10449,5391,,,1,70,,10443,5391,,,1,32,,10446,5391,,,1,69,,10462,5391,,,1,30,,10467,5391,,,1,70,,10444,5391,,,1,30,,10463,5391,,,1,70,,10447,5391,,,1,31,,10468,5391,,,1,70,,10451,5391,,,1,30,,10448,5391,,,1,70,,10445,5391,,,1,30,,10469,5391,,,1,70,,10471,5391,,,1,30,,10464,5391,,,1,70,,10452,5391,,,1,30,,10472,5391,,,1,70,,10465,5391,,,1,29,,10453,5391,,,1,73,,10473,5391,,,1,30,,10466,5391,,,1,68,,10455,5391,,,1,100,,10456,5391,,,1,100,,10457,5391,,,1,100,,10458,5391,,,1,100,,10459,5391,,,1,99,,10460,5391,,,1,100,,10461,5391,,,1
5400,'F7',702,,10480,5391,,,1,100,,10494,5391,,,1,101,,10481,5391,,,1,101,,10477,5391,,,1,100,,10491,5391,,,1,100,,10474,5391,,,1,31,,10497,5391,,,1,70,,10482,5391,,,1,30,,10492,5391,,,1,70,,10499,5391,,,1,30,,10483,5391,,,1,70,,10493,5391,,,1,30,,10475,5391,,,1,70,,10495,5391,,,1,30,,10496,5391,,,1,70,,10484,5391,,,1,29,,10476,5391,,,1,73,,10498,5391,,,1,34,,10485,5391,,,1,64,,10478,5391,,,1,100,,10479,5391,,,1,100,,10486,5391,,,1,100,,10487,5391,,,1,100,,10488,5391,,,1,99,,10489,5391,,,1,100,,10490,5391,,,1
5400,'F8',656,,10504,5391,,,1,76,,10522,5391,,,1,70,,10524,5391,,,1,34,,10503,5391,,,1,72,,10526,5391,,,1,30,,10525,5391,,,1,70,,10515,5391,,,1,30,,10519,5391,,,1,70,,10500,5391,,,1,30,,10501,5391,,,1,70,,10505,5391,,,1,30,,10506,5391,,,1,71,,10532,5391,,,1,30,,10516,5391,,,1,70,,10507,5391,,,1,30,,10531,5391,,,1,66,,10509,5391,,,1,27,,10508,5391,,,1,70,,10517,5391,,,1,30,,10533,5391,,,1,74,,10510,5391,,,1,23,,10527,5391,,,1,75,,10502,5391,,,1,28,,10513,5391,,,1,75,,10530,5391,,,1,30,,10511,5391,,,1,68,,10523,5391,,,1,30,,10518,5391,,,1,70,,10528,5391,,,1,30,,10514,5391,,,1,68,,10520,5391,,,1,100,,10512,5391,,,1,99,,10529,5391,,,1,100,,10521,5391,,,1
5400,'F9',702,,10545,5391,,,1,30,,10541,5391,,,1,70,,10561,5391,,,1,31,,10540,5391,,,1,70,,10534,5391,,,1,32,,10537,5391,,,1,69,,10553,5391,,,1,30,,10558,5391,,,1,70,,10535,5391,,,1,30,,10554,5391,,,1,70,,10538,5391,,,1,31,,10559,5391,,,1,70,,10542,5391,,,1,30,,10539,5391,,,1,70,,10536,5391,,,1,30,,10560,5391,,,1,70,,10562,5391,,,1,30,,10555,5391,,,1,70,,10543,5391,,,1,30,,10563,5391,,,1,70,,10556,5391,,,1,29,,10544,5391,,,1,73,,10564,5391,,,1,30,,10557,5391,,,1,68,,10546,5391,,,1,100,,10547,5391,,,1,100,,10548,5391,,,1,100,,10549,5391,,,1,100,,10550,5391,,,1,99,,10551,5391,,,1,100,,10552,5391,,,1
5400,'SA',702,,10576,5391,,,1,30,,10572,5391,,,1,70,,10592,5391,,,1,31,,10571,5391,,,1,70,,10565,5391,,,1,32,,10568,5391,,,1,69,,10584,5391,,,1,30,,10589,5391,,,1,70,,10566,5391,,,1,30,,10585,5391,,,1,70,,10569,5391,,,1,31,,10590,5391,,,1,70,,10573,5391,,,1,30,,10570,5391,,,1,70,,10567,5391,,,1,30,,10591,5391,,,1,70,,10593,5391,,,1,30,,10586,5391,,,1,70,,10574,5391,,,1,30,,10594,5391,,,1,70,,10587,5391,,,1,29,,10575,5391,,,1,73,,10595,5391,,,1,30,,10588,5391,,,1,68,,10577,5391,,,1,100,,10578,5391,,,1,100,,10579,5391,,,1,100,,10580,5391,,,1,100,,10581,5391,,,1,99,,10582,5391,,,1,100,,10583,5391,,,1
5400,'SE',656,,10600,5391,,,1,76,,10618,5391,,,1,70,,10620,5391,,,1,34,,10599,5391,,,1,72,,10622,5391,,,1,30,,10621,5391,,,1,70,,10611,5391,,,1,30,,10615,5391,,,1,70,,10596,5391,,,1,30,,10597,5391,,,1,70,,10601,5391,,,1,30,,10602,5391,,,1,71,,10628,5391,,,1,30,,10612,5391,,,1,70,,10603,5391,,,1,30,,10627,5391,,,1,66,,10605,5391,,,1,27,,10604,5391,,,1,70,,10613,5391,,,1,30,,10629,5391,,,1,74,,10606,5391,,,1,23,,10623,5391,,,1,75,,10598,5391,,,1,28,,10609,5391,,,1,75,,10626,5391,,,1,30,,10607,5391,,,1,68,,10619,5391,,,1,30,,10614,5391,,,1,70,,10624,5391,,,1,30,,10610,5391,,,1,68,,10616,5391,,,1,100,,10608,5391,,,1,99,,10625,5391,,,1,100,,10617,5391,,,1
7700,'DI',717,,13501,6943,0,6 33 34,1,100,,13504,6943,0,6 33 34,1,100,,13499,6943,0,6 33 34,1,100,,13505,6943,0,6 33 34,1,100,,13500,6943,0,6 33 34,1,100,,13506,6943,0,6 33 34,1,100,,13503,6943,0,6 33 34,1,100,,13507,6943,0,6 33 34,1,100,,13502,6943,0,6 33 34,1,100,,13508,6943,0,6 33 34,1,100,,13509,6943,0,6 33 34,1,100,,13510,6943,0,6 33 34,1,99,,13512,6943,0,6 33 34,1,100,,13511,6943,0,6 33 34,1,100,,13513,6943,0,6 33 34,1
7700,'F1',717,,13515,6943,0,6 33 34,1,100,,13517,6943,0,6 33 34,1,100,,13518,6943,0,6 33 34,1,100,,13514,6943,0,6 33 34,1,100,,13516,6943,0,6 33 34,1,100,,13519,6943,0,6 33 34,1,100,,13521,6943,0,6 33 34,1,97,,13520,6943,0,6 33 34,1,103,,13522,6943,0,6 33 34,1,99,,13524,6943,0,6 33 34,1,101,,13523,6943,0,6 33 34,1,100,,13525,6943,0,6 33 34,1,99,,13526,6943,0,6 33 34,1,100,,13528,6943,0,6 33 34,1,100,,13527,6943,0,6 33 34,1
7700,'F7',717,,13531,6943,0,6 33 34,1,100,,13534,6943,0,6 33 34,1,100,,13529,6943,0,6 33 34,1,100,,13535,6943,0,6 33 34,1,100,,13530,6943,0,6 33 34,1,100,,13536,6943,0,6 33 34,1,100,,13533,6943,0,6 33 34,1,100,,13537,6943,0,6 33 34,1,100,,13532,6943,0,6 33 34,1,100,,13538,6943,0,6 33 34,1,100,,13539,6943,0,6 33 34,1,100,,13540,6943,0,6 33 34,1,99,,13542,6943,0,6 33 34,1,100,,13541,6943,0,6 33 34,1,100,,13543,6943,0,6 33 34,1
7700,'F8',607,,13546,6943,0,6 33 34,1,15,,13547,6943,0,6 33 34,1,20,,13548,6943,0,6 33 34,1,58,,13553,6943,0,6 33 34,1,29,,13556,6943,0,6 33 34,1,23,,13551,6943,0,6 33 34,1,62,,13555,6943,0,6 33 34,1,15,,13549,6943,0,6 33 34,1,30,,13554,6943,0,6 33 34,1,70,,13557,6943,0,6 33 34,1,30,,13552,6943,0,6 33 34,1,70,,13550,6943,0,6 33 34,1,30,,13559,6943,0,6 33 34,1,70,,13558,6943,0,6 33 34,1,30,,13561,6943,0,6 33 34,1,71,,13564,6943,0,6 33 34,1,73,,13560,6943,0,6 33 34,1,30,,13566,6943,0,6 33 34,1,70,,13562,6943,0,6 33 34,1,27,,13569,6943,0,6 33 34,1,20,,13572,6943,0,6 33 34,1,60,,13575,6943,0,6 33 34,1,20,,13567,6943,0,6 33 34,1,5,,13577,6943,0,6 33 34,1,15,,13563,6943,0,6 33 34,1,59,,13581,6943,0,6 33 34,1,18,,13570,6943,0,6 33 34,1,18,,13573,6943,0,6 33 34,1,57,,13576,6943,0,6 33 34,1,18,,13565,6943,0,6 33 34,1,18,,13568,6943,0,6 33 34,1,20,,13582,6943,0,6 33 34,1,58,,13544,6943,0,6 33 34,1,2,,13571,6943,0,6 33 34,1,19,,13574,6943,0,6 33 34,1,17,,13583,6943,0,6 33 34,1,70,,13578,6943,0,6 33 34,1,32,,13545,6943,0,6 33 34,1,71,,13580,6943,0,6 33 34,1,27,,13584,6943,0,6 33 34,1,70,,13579,6943,0,6 33 34,1
7700,'F9',717,,13586,6943,0,6 33 34,1,100,,13588,6943,0,6 33 34,1,100,,13589,6943,0,6 33 34,1,100,,13585,6943,0,6 33 34,1,100,,13587,6943,0,6 33 34,1,100,,13590,6943,0,6 33 34,1,100,,13592,6943,0,6 33 34,1,97,,13591,6943,0,6 33 34,1,103,,13593,6943,0,6 33 34,1,99,,13595,6943,0,6 33 34,1,101,,13594,6943,0,6 33 34,1,100,,13596,6943,0,6 33 34,1,99,,13597,6943,0,6 33 34,1,100,,13599,6943,0,6 33 34,1,100,,13598,6943,0,6 33 34,1
7700,'SA',717,,13601,6943,0,6 33 34,1,100,,13603,6943,0,6 33 34,1,100,,13604,6943,0,6 33 34,1,100,,13600,6943,0,6 33 34,1,100,,13602,6943,0,6 33 34,1,100,,13605,6943,0,6 33 34,1,100,,13607,6943,0,6 33 34,1,97,,13606,6943,0,6 33 34,1,103,,13608,6943,0,6 33 34,1,99,,13610,6943,0,6 33 34,1,101,,13609,6943,0,6 33 34,1,100,,13611,6943,0,6 33 34,1,99,,13612,6943,0,6 33 34,1,100,,13614,6943,0,6 33 34,1,100,,13613,6943,0,6 33 34,1
7700,'SE',607,,13617,6943,0,6 33 34,1,15,,13618,6943,0,6 33 34,1,20,,13619,6943,0,6 33 34,1,58,,13624,6943,0,6 33 34,1,29,,13627,6943,0,6 33 34,1,23,,13622,6943,0,6 33 34,1,62,,13626,6943,0,6 33 34,1,15,,13620,6943,0,6 33 34,1,30,,13625,6943,0,6 33 34,1,70,,13628,6943,0,6 33 34,1,30,,13623,6943,0,6 33 34,1,70,,13621,6943,0,6 33 34,1,30,,13630,6943,0,6 33 34,1,70,,13629,6943,0,6 33 34,1,30,,13632,6943,0,6 33 34,1,71,,13635,6943,0,6 33 34,1,73,,13631,6943,0,6 33 34,1,30,,13637,6943,0,6 33 34,1,70,,13633,6943,0,6 33 34,1,27,,13640,6943,0,6 33 34,1,20,,13643,6943,0,6 33 34,1,60,,13646,6943,0,6 33 34,1,20,,13638,6943,0,6 33 34,1,5,,13648,6943,0,6 33 34,1,15,,13634,6943,0,6 33 34,1,59,,13652,6943,0,6 33 34,1,18,,13641,6943,0,6 33 34,1,18,,13644,6943,0,6 33 34,1,57,,13647,6943,0,6 33 34,1,18,,13636,6943,0,6 33 34,1,18,,13639,6943,0,6 33 34,1,20,,13653,6943,0,6 33 34,1,58,,13615,6943,0,6 33 34,1,2,,13642,6943,0,6 33 34,1,19,,13645,6943,0,6 33 34,1,17,,13654,6943,0,6 33 34,1,70,,13649,6943,0,6 33 34,1,32,,13616,6943,0,6 33 34,1,71,,13651,6943,0,6 33 34,1,27,,13655,6943,0,6 33 34,1,70,,13650,6943,0,6 33 34,1
42100,'F8',643,,17812,5284,0,24 25,1,71,,17808,5284,0,24 25,1,17,,17818,5284,0,24 25,1,722,,17819,5284,0,24 25,1,62,,17816,5284,0,24 25,1,30,,17814,5284,0,24 25,1,70,,17817,5284,0,24 25,1,32,,17820,5284,0,24 25,1,69,,17815,5284,0,24 25,1
42100,'SE',643,,17825,5284,0,24 25,1,71,,17821,5284,0,24 25,1,17,,17831,5284,0,24 25,1,722,,17832,5284,0,24 25,1,62,,17829,5284,0,24 25,1,30,,17827,5284,0,24 25,1,70,,17830,5284,0,24 25,1,32,,17833,5284,0,24 25,1,69,,17828,5284,0,24 25,1
60701,'F8',852,,18868,5214,,,2
60701,'SE',852,,18869,5214,,,2
