1600,'DI',628,,4261,6675,0,19,2,30,,4231,6675,0,19,2,70,,4262,6675,0,19,2,30,,4232,6675,0,19,2,70,,4237,6675,0,19,2,30,,4233,6675,0,19,2,70,,4238,6675,0,19,2,30,,4234,6675,0,19,2,70,,4239,6675,0,19,2,30,,4235,6675,0,19,2,70,,4240,6675,0,19,2,28,,4236,6675,0,19,2,72,,4241,6675,0,19,2,73,,4230,6675,0,19,2,27,,4242,6675,0,19,2,30,,4255,6675,0,19,2,70,,4243,6675,0,19,2,30,,4256,6675,0,19,2,70,,4244,6675,0,19,2,30,,4257,6675,0,19,2,70,,4245,6675,0,19,2,30,,4258,6675,0,19,2,70,,4246,6675,0,19,2,31,,4259,6675,0,19,2,69,,4247,6675,0,19,2,100,,4248,6675,0,19,2,100,,4249,6675,0,19,2,100,,4250,6675,0,19,2,100,,4251,6675,0,19,2,100,,4252,6675,0,19,2,100,,4253,6675,0,19,2,100,,4254,6675,0,19,2
1600,'F1',628,,4264,6675,0,19,2,28,,4282,6675,0,19,2,72,,4265,6675,0,19,2,30,,4283,6675,0,19,2,70,,4266,6675,0,19,2,30,,4284,6675,0,19,2,70,,4267,6675,0,19,2,30,,4285,6675,0,19,2,70,,4268,6675,0,19,2,30,,4286,6675,0,19,2,70,,4269,6675,0,19,2,30,,4287,6675,0,19,2,70,,4270,6675,0,19,2,30,,4288,6675,0,19,2,70,,4271,6675,0,19,2,30,,4289,6675,0,19,2,70,,4272,6675,0,19,2,30,,4290,6675,0,19,2,70,,4273,6675,0,19,2,30,,4291,6675,0,19,2,70,,4275,6675,0,19,2,27,,4292,6675,0,19,2,73,,4276,6675,0,19,2,75,,4274,6675,0,19,2,25,,4277,6675,0,19,2,100,,4278,6675,0,19,2,100,,4279,6675,0,19,2,100,,4280,6675,0,19,2,100,,4281,6675,0,19,2,100,,4293,6675,0,19,2,100,,4294,6675,0,19,2,100,,4295,6675,0,19,2
1600,'F7',628,,4327,6675,0,19,2,30,,4297,6675,0,19,2,70,,4328,6675,0,19,2,30,,4298,6675,0,19,2,70,,4303,6675,0,19,2,30,,4299,6675,0,19,2,70,,4304,6675,0,19,2,30,,4300,6675,0,19,2,70,,4305,6675,0,19,2,30,,4301,6675,0,19,2,70,,4306,6675,0,19,2,28,,4302,6675,0,19,2,72,,4307,6675,0,19,2,73,,4296,6675,0,19,2,27,,4308,6675,0,19,2,30,,4321,6675,0,19,2,70,,4309,6675,0,19,2,30,,4322,6675,0,19,2,70,,4310,6675,0,19,2,30,,4323,6675,0,19,2,70,,4311,6675,0,19,2,30,,4324,6675,0,19,2,70,,4312,6675,0,19,2,31,,4325,6675,0,19,2,69,,4313,6675,0,19,2,100,,4314,6675,0,19,2,100,,4315,6675,0,19,2,100,,4316,6675,0,19,2,100,,4317,6675,0,19,2,100,,4318,6675,0,19,2,100,,4319,6675,0,19,2,100,,4320,6675,0,19,2
1600,'F8',558,,4342,6675,0,19,2,68,,4349,6675,0,19,2,12,,4332,6675,0,19,2,16,,4345,6675,0,19,2,59,,4351,6675,0,19,2,12,,4331,6675,0,19,2,11,,4334,6675,0,19,2,10,,4333,6675,0,19,2,8,,4350,6675,0,19,2,49,,4346,6675,0,19,2,15,,4382,6675,0,19,2,14,,4386,6675,0,19,2,27,,4330,6675,0,19,2,70,,4370,6675,0,19,2,30,,4375,6675,0,19,2,70,,4344,6675,0,19,2,30,,4341,6675,0,19,2,70,,4384,6675,0,19,2,30,,4347,6675,0,19,2,70,,4383,6675,0,19,2,30,,4376,6675,0,19,2,70,,4329,6675,0,19,2,30,,4377,6675,0,19,2,70,,4336,6675,0,19,2,19,,4371,6675,0,19,2,59,,4337,6675,0,19,2,15,,4360,6675,0,19,2,15,,4364,6675,0,19,2,15,,4379,6675,0,19,2,55,,4362,6675,0,19,2,12,,4390,6675,0,19,2,12,,4385,6675,0,19,2,12,,4366,6675,0,19,2,12,,4367,6675,0,19,2,52,,4339,6675,0,19,2,12,,4363,6675,0,19,2,12,,4368,6675,0,19,2,12,,4361,6675,0,19,2,11,,4338,6675,0,19,2,53,,4378,6675,0,19,2,14,,4365,6675,0,19,2,20,,4369,6675,0,19,2,60,,4335,6675,0,19,2,29,,4353,6675,0,19,2,70,,4387,6675,0,19,2,29,,4354,6675,0,19,2,30,,4388,6675,0,19,2,70,,4355,6675,0,19,2,30,,4389,6675,0,19,2,70,,4356,6675,0,19,2,100,,4357,6675,0,19,2,100,,4358,6675,0,19,2,98,,4359,6675,0,19,2
1600,'F9',628,,4392,6675,0,19,2,28,,4410,6675,0,19,2,72,,4393,6675,0,19,2,30,,4411,6675,0,19,2,70,,4394,6675,0,19,2,30,,4412,6675,0,19,2,70,,4395,6675,0,19,2,30,,4413,6675,0,19,2,70,,4396,6675,0,19,2,30,,4414,6675,0,19,2,70,,4397,6675,0,19,2,30,,4415,6675,0,19,2,70,,4398,6675,0,19,2,30,,4416,6675,0,19,2,70,,4399,6675,0,19,2,30,,4417,6675,0,19,2,70,,4400,6675,0,19,2,30,,4418,6675,0,19,2,70,,4401,6675,0,19,2,30,,4419,6675,0,19,2,70,,4403,6675,0,19,2,27,,4420,6675,0,19,2,73,,4404,6675,0,19,2,75,,4402,6675,0,19,2,25,,4405,6675,0,19,2,100,,4406,6675,0,19,2,100,,4407,6675,0,19,2,100,,4408,6675,0,19,2,100,,4409,6675,0,19,2,100,,4421,6675,0,19,2,100,,4422,6675,0,19,2,100,,4423,6675,0,19,2
1600,'SA',628,,4425,6675,0,19,2,28,,4443,6675,0,19,2,72,,4426,6675,0,19,2,30,,4444,6675,0,19,2,70,,4427,6675,0,19,2,30,,4445,6675,0,19,2,70,,4428,6675,0,19,2,30,,4446,6675,0,19,2,70,,4429,6675,0,19,2,30,,4447,6675,0,19,2,70,,4430,6675,0,19,2,30,,4448,6675,0,19,2,70,,4431,6675,0,19,2,30,,4449,6675,0,19,2,70,,4432,6675,0,19,2,30,,4450,6675,0,19,2,70,,4433,6675,0,19,2,30,,4451,6675,0,19,2,70,,4434,6675,0,19,2,30,,4452,6675,0,19,2,70,,4436,6675,0,19,2,27,,4453,6675,0,19,2,73,,4437,6675,0,19,2,75,,4435,6675,0,19,2,25,,4438,6675,0,19,2,100,,4439,6675,0,19,2,100,,4440,6675,0,19,2,100,,4441,6675,0,19,2,100,,4442,6675,0,19,2,100,,4454,6675,0,19,2,100,,4455,6675,0,19,2,100,,4456,6675,0,19,2
1600,'SE',558,,4470,6675,0,19,2,68,,4477,6675,0,19,2,12,,4460,6675,0,19,2,16,,4473,6675,0,19,2,59,,4479,6675,0,19,2,12,,4459,6675,0,19,2,11,,4462,6675,0,19,2,10,,4461,6675,0,19,2,8,,4478,6675,0,19,2,49,,4474,6675,0,19,2,15,,4510,6675,0,19,2,14,,4514,6675,0,19,2,27,,4458,6675,0,19,2,70,,4498,6675,0,19,2,30,,4503,6675,0,19,2,70,,4472,6675,0,19,2,30,,4469,6675,0,19,2,70,,4512,6675,0,19,2,30,,4475,6675,0,19,2,70,,4511,6675,0,19,2,30,,4504,6675,0,19,2,70,,4457,6675,0,19,2,30,,4505,6675,0,19,2,70,,4464,6675,0,19,2,19,,4499,6675,0,19,2,59,,4465,6675,0,19,2,15,,4488,6675,0,19,2,15,,4492,6675,0,19,2,15,,4507,6675,0,19,2,55,,4490,6675,0,19,2,12,,4518,6675,0,19,2,12,,4513,6675,0,19,2,12,,4494,6675,0,19,2,12,,4495,6675,0,19,2,52,,4467,6675,0,19,2,12,,4491,6675,0,19,2,12,,4496,6675,0,19,2,12,,4489,6675,0,19,2,11,,4466,6675,0,19,2,53,,4506,6675,0,19,2,14,,4493,6675,0,19,2,20,,4497,6675,0,19,2,60,,4463,6675,0,19,2,29,,4481,6675,0,19,2,70,,4515,6675,0,19,2,29,,4482,6675,0,19,2,30,,4516,6675,0,19,2,70,,4483,6675,0,19,2,30,,4517,6675,0,19,2,70,,4484,6675,0,19,2,100,,4485,6675,0,19,2,100,,4486,6675,0,19,2,98,,4487,6675,0,19,2
57200,'F8',1603,,18838,4648,,,2
57200,'SE',1603,,18839,4648,,,2
60801,'F8',1513,,18871,7750,,,2,2,,18870,7750,,,2
60801,'SE',1513,,18873,7750,,,2,2,,18872,7750,,,2
61600,'F8',1503,,18886,2659,,,2,1,,18887,2659,,,2
61600,'SE',1503,,18888,2659,,,2,1,,18889,2659,,,2
