12800,'F7',613,,38024,12988,,,2,100,,38025,12988,,,2,895,,38026,12988,,,2
12800,'SE',613,,38027,12988,,,2,100,,38028,12988,,,2,895,,38029,12988,,,2
42800,'DI',622,,39684,12988,,,1,110,,39685,12988,,,1,111,,39686,12988,,,1,109,,39687,12988,,,1,150,,39688,12988,,,1,35,,39694,12988,,,1,75,,39689,12988,,,1,35,,39695,12988,,,1,75,,39690,12988,,,1,35,,39696,12988,,,1,75,,39691,12988,,,1,77,,39697,12988,,,1,34,,39692,12988,,,1,80,,39698,12988,,,1,34,,39693,12988,,,1,151,,39699,12988,,,1,106,,39700,12988,,,1,108,,39701,12988,,,1,110,,39702,12988,,,1,110,,39703,12988,,,1
42800,'F1',622,,17882,12988,,,1,110,,17883,12988,,,1,111,,17884,12988,,,1,109,,17885,12988,,,1,150,,17886,12988,,,1,35,,17892,12988,,,1,75,,17887,12988,,,1,35,,17893,12988,,,1,75,,17888,12988,,,1,35,,17894,12988,,,1,75,,17889,12988,,,1,77,,17895,12988,,,1,34,,17890,12988,,,1,80,,17896,12988,,,1,34,,17891,12988,,,1,151,,17897,12988,,,1,106,,17898,12988,,,1,108,,17899,12988,,,1,110,,17900,12988,,,1,110,,17901,12988,,,1
42800,'F2',622,,39704,12988,,,1,110,,39705,12988,,,1,111,,39706,12988,,,1,109,,39707,12988,,,1,150,,39708,12988,,,1,35,,39714,12988,,,1,75,,39709,12988,,,1,35,,39715,12988,,,1,75,,39710,12988,,,1,35,,39716,12988,,,1,75,,39711,12988,,,1,77,,39717,12988,,,1,34,,39712,12988,,,1,80,,39718,12988,,,1,34,,39713,12988,,,1,151,,39719,12988,,,1,106,,39720,12988,,,1,108,,39721,12988,,,1,110,,39722,12988,,,1,110,,39723,12988,,,1
42800,'F7',537,,39724,12988,,,1,75,,39734,12988,,,1,33,,39725,12988,,,1,85,,39735,12988,,,1,78,,39726,12988,,,1,35,,39736,12988,,,1,77,,39727,12988,,,1,32,,39737,12988,,,1,75,,39728,12988,,,1,75,,39738,12988,,,1,35,,39729,12988,,,1,75,,39739,12988,,,1,33,,39730,12988,,,1,73,,39740,12988,,,1,35,,39731,12988,,,1,75,,39741,12988,,,1,76,,39732,12988,,,1,37,,39742,12988,,,1,76,,39733,12988,,,1,40,,39743,12988,,,1,74,,39750,12988,,,1,79,,39744,12988,,,1,32,,39751,12988,,,1,75,,39745,12988,,,1,107,,39746,12988,,,1,108,,39747,12988,,,1,110,,39748,12988,,,1,110,,39749,12988,,,1
42800,'F8',622,,39752,12988,,,1,110,,39753,12988,,,1,111,,39754,12988,,,1,109,,39755,12988,,,1,150,,39756,12988,,,1,35,,39762,12988,,,1,75,,39757,12988,,,1,35,,39763,12988,,,1,75,,39758,12988,,,1,35,,39764,12988,,,1,75,,39759,12988,,,1,77,,39765,12988,,,1,34,,39760,12988,,,1,80,,39766,12988,,,1,34,,39761,12988,,,1,151,,39767,12988,,,1,106,,39768,12988,,,1,108,,39769,12988,,,1,110,,39770,12988,,,1,110,,39771,12988,,,1
42800,'F9',622,,39772,12988,,,1,110,,39773,12988,,,1,111,,39774,12988,,,1,109,,39775,12988,,,1,150,,39776,12988,,,1,35,,39782,12988,,,1,75,,39777,12988,,,1,35,,39783,12988,,,1,75,,39778,12988,,,1,35,,39784,12988,,,1,75,,39779,12988,,,1,77,,39785,12988,,,1,34,,39780,12988,,,1,80,,39786,12988,,,1,34,,39781,12988,,,1,151,,39787,12988,,,1,106,,39788,12988,,,1,108,,39789,12988,,,1,110,,39790,12988,,,1,110,,39791,12988,,,1
42800,'SA',622,,39792,12988,,,1,110,,39793,12988,,,1,111,,39794,12988,,,1,109,,39795,12988,,,1,150,,39796,12988,,,1,35,,39802,12988,,,1,75,,39797,12988,,,1,35,,39803,12988,,,1,75,,39798,12988,,,1,35,,39804,12988,,,1,75,,39799,12988,,,1,77,,39805,12988,,,1,34,,39800,12988,,,1,80,,39806,12988,,,1,34,,39801,12988,,,1,151,,39807,12988,,,1,106,,39808,12988,,,1,108,,39809,12988,,,1,110,,39810,12988,,,1,110,,39811,12988,,,1
42800,'SE',537,,39812,12988,,,1,75,,39822,12988,,,1,33,,39813,12988,,,1,85,,39823,12988,,,1,78,,39814,12988,,,1,35,,39824,12988,,,1,77,,39815,12988,,,1,32,,39825,12988,,,1,75,,39816,12988,,,1,75,,39826,12988,,,1,35,,39817,12988,,,1,75,,39827,12988,,,1,33,,39818,12988,,,1,73,,39828,12988,,,1,35,,39819,12988,,,1,75,,39829,12988,,,1,76,,39820,12988,,,1,37,,39830,12988,,,1,76,,39821,12988,,,1,40,,39831,12988,,,1,74,,39838,12988,,,1,79,,39832,12988,,,1,32,,39839,12988,,,1,75,,39833,12988,,,1,107,,39834,12988,,,1,108,,39835,12988,,,1,110,,39836,12988,,,1,110,,39837,12988,,,1
