101,'DI',627,,260,4099,,,1,100,,261,4099,,,1,100,,262,4099,,,1,100,,263,4099,,,1,100,,264,4099,,,1,100,,265,4099,,,1,100,,266,4099,,,1,100,,267,4099,,,1,101,,268,4099,,,1,100,,269,4099,,,1,98,,250,4099,,,1,100,,251,4099,,,1,100,,252,4099,,,1,100,,253,4099,,,1,100,,254,4099,,,1,100,,255,4099,,,1,100,,256,4099,,,1,100,,257,4099,,,1,100,,258,4099,,,1,100,,259,4099,,,1
101,'F1',557,,293,4099,,,1,70,,283,4099,,,1,30,,294,4099,,,1,70,,284,4099,,,1,30,,295,4099,,,1,70,,285,4099,,,1,30,,296,4099,,,1,70,,286,4099,,,1,30,,297,4099,,,1,70,,287,4099,,,1,30,,298,4099,,,1,70,,288,4099,,,1,30,,299,4099,,,1,70,,289,4099,,,1,30,,300,4099,,,1,70,,290,4099,,,1,31,,301,4099,,,1,70,,291,4099,,,1,30,,302,4099,,,1,70,,292,4099,,,1,28,,280,4099,,,1,70,,270,4099,,,1,30,,281,4099,,,1,70,,271,4099,,,1,30,,282,4099,,,1,70,,272,4099,,,1,100,,273,4099,,,1,100,,274,4099,,,1,100,,275,4099,,,1,100,,276,4099,,,1,100,,277,4099,,,1,100,,278,4099,,,1,100,,279,4099,,,1
101,'F7',627,,313,4099,,,1,100,,314,4099,,,1,100,,315,4099,,,1,100,,316,4099,,,1,100,,317,4099,,,1,100,,318,4099,,,1,100,,319,4099,,,1,100,,320,4099,,,1,101,,321,4099,,,1,100,,322,4099,,,1,98,,303,4099,,,1,100,,304,4099,,,1,100,,305,4099,,,1,100,,306,4099,,,1,100,,307,4099,,,1,100,,308,4099,,,1,100,,309,4099,,,1,100,,310,4099,,,1,100,,311,4099,,,1,100,,312,4099,,,1
101,'F8',509,,342,4099,,,1,30,,343,4099,,,1,20,,345,4099,,,1,60,,334,4099,,,1,20,,346,4099,,,1,16,,323,4099,,,1,62,,336,4099,,,1,10,,335,4099,,,1,20,,326,4099,,,1,55,,347,4099,,,1,15,,351,4099,,,1,15,,350,4099,,,1,14,,365,4099,,,1,60,,348,4099,,,1,20,,340,4099,,,1,20,,324,4099,,,1,70,,327,4099,,,1,30,,349,4099,,,1,70,,360,4099,,,1,30,,362,4099,,,1,70,,325,4099,,,1,31,,328,4099,,,1,70,,363,4099,,,1,30,,338,4099,,,1,70,,359,4099,,,1,30,,330,4099,,,1,71,,353,4099,,,1,33,,344,4099,,,1,57,,352,4099,,,1,35,,329,4099,,,1,71,,331,4099,,,1,34,,341,4099,,,1,65,,366,4099,,,1,27,,364,4099,,,1,75,,357,4099,,,1,28,,361,4099,,,1,70,,339,4099,,,1,30,,356,4099,,,1,68,,354,4099,,,1,30,,358,4099,,,1,70,,355,4099,,,1,100,,337,4099,,,1,99,,332,4099,,,1,100,,333,4099,,,1
101,'F9',557,,390,4099,,,1,70,,380,4099,,,1,30,,391,4099,,,1,70,,381,4099,,,1,30,,392,4099,,,1,70,,382,4099,,,1,30,,393,4099,,,1,70,,383,4099,,,1,30,,394,4099,,,1,70,,384,4099,,,1,30,,395,4099,,,1,70,,385,4099,,,1,30,,396,4099,,,1,70,,386,4099,,,1,30,,397,4099,,,1,70,,387,4099,,,1,31,,398,4099,,,1,70,,388,4099,,,1,30,,399,4099,,,1,70,,389,4099,,,1,28,,377,4099,,,1,70,,367,4099,,,1,30,,378,4099,,,1,70,,368,4099,,,1,30,,379,4099,,,1,70,,369,4099,,,1,100,,370,4099,,,1,100,,371,4099,,,1,100,,372,4099,,,1,100,,373,4099,,,1,100,,374,4099,,,1,100,,375,4099,,,1,100,,376,4099,,,1
101,'SA',557,,423,4099,,,1,70,,413,4099,,,1,30,,424,4099,,,1,70,,414,4099,,,1,30,,425,4099,,,1,70,,415,4099,,,1,30,,426,4099,,,1,70,,416,4099,,,1,30,,427,4099,,,1,70,,417,4099,,,1,30,,428,4099,,,1,70,,418,4099,,,1,30,,429,4099,,,1,70,,419,4099,,,1,30,,430,4099,,,1,70,,420,4099,,,1,31,,431,4099,,,1,70,,421,4099,,,1,30,,432,4099,,,1,70,,422,4099,,,1,28,,410,4099,,,1,70,,400,4099,,,1,30,,411,4099,,,1,70,,401,4099,,,1,30,,412,4099,,,1,70,,402,4099,,,1,100,,403,4099,,,1,100,,404,4099,,,1,100,,405,4099,,,1,100,,406,4099,,,1,100,,407,4099,,,1,100,,408,4099,,,1,100,,409,4099,,,1
101,'SE',509,,452,4099,,,1,30,,453,4099,,,1,20,,455,4099,,,1,60,,444,4099,,,1,20,,456,4099,,,1,16,,433,4099,,,1,62,,446,4099,,,1,10,,445,4099,,,1,20,,436,4099,,,1,55,,457,4099,,,1,15,,461,4099,,,1,15,,460,4099,,,1,14,,475,4099,,,1,60,,458,4099,,,1,20,,450,4099,,,1,20,,434,4099,,,1,70,,437,4099,,,1,30,,459,4099,,,1,70,,470,4099,,,1,30,,472,4099,,,1,70,,435,4099,,,1,31,,438,4099,,,1,70,,473,4099,,,1,30,,448,4099,,,1,70,,469,4099,,,1,30,,440,4099,,,1,71,,463,4099,,,1,33,,454,4099,,,1,57,,462,4099,,,1,35,,439,4099,,,1,71,,441,4099,,,1,34,,451,4099,,,1,65,,476,4099,,,1,27,,474,4099,,,1,75,,467,4099,,,1,28,,471,4099,,,1,70,,449,4099,,,1,30,,466,4099,,,1,68,,464,4099,,,1,30,,468,4099,,,1,70,,465,4099,,,1,100,,447,4099,,,1,99,,442,4099,,,1,100,,443,4099,,,1
601,'DI',613,,2204,4971,,,1,30,,2217,4971,,,1,70,,2222,4971,,,1,30,,2221,4971,,,1,70,,2205,4971,,,1,30,,2230,4971,,,1,70,,2201,4971,,,1,30,,2199,4971,,,1,73,,2226,4971,,,1,30,,2208,4971,,,1,70,,2229,4971,,,1,30,,2206,4971,,,1,70,,2212,4971,,,1,33,,2223,4971,,,1,70,,2202,4971,,,1,30,,2209,4971,,,1,70,,2224,4971,,,1,30,,2203,4971,,,1,70,,2207,4971,,,1,30,,2225,4971,,,1,70,,2214,4971,,,1,30,,2218,4971,,,1,70,,2210,4971,,,1,29,,2215,4971,,,1,70,,2219,4971,,,1,30,,2216,4971,,,1,100,,2228,4971,,,1,100,,2213,4971,,,1,100,,2220,4971,,,1,100,,2211,4971,,,1,100,,2200,4971,,,1,100,,2227,4971,,,1
601,'F1',613,,2233,4971,,,1,30,,2236,4971,,,1,70,,2252,4971,,,1,30,,2262,4971,,,1,70,,2241,4971,,,1,30,,2237,4971,,,1,74,,2242,4971,,,1,26,,2259,4971,,,1,75,,2246,4971,,,1,23,,2243,4971,,,1,75,,2257,4971,,,1,26,,2231,4971,,,1,70,,2255,4971,,,1,38,,2232,4971,,,1,70,,2256,4971,,,1,29,,2247,4971,,,1,70,,2234,4971,,,1,30,,2238,4971,,,1,70,,2248,4971,,,1,30,,2260,4971,,,1,70,,2253,4971,,,1,30,,2249,4971,,,1,70,,2261,4971,,,1,29,,2254,4971,,,1,70,,2250,4971,,,1,30,,2244,4971,,,1,100,,2239,4971,,,1,100,,2258,4971,,,1,100,,2245,4971,,,1,100,,2235,4971,,,1,100,,2240,4971,,,1,100,,2251,4971,,,1
601,'F7',613,,2268,4971,,,1,30,,2281,4971,,,1,70,,2286,4971,,,1,30,,2285,4971,,,1,70,,2269,4971,,,1,30,,2294,4971,,,1,70,,2265,4971,,,1,30,,2263,4971,,,1,73,,2290,4971,,,1,30,,2272,4971,,,1,70,,2293,4971,,,1,30,,2270,4971,,,1,70,,2276,4971,,,1,33,,2287,4971,,,1,70,,2266,4971,,,1,30,,2273,4971,,,1,70,,2288,4971,,,1,30,,2267,4971,,,1,70,,2271,4971,,,1,30,,2289,4971,,,1,70,,2278,4971,,,1,30,,2282,4971,,,1,70,,2274,4971,,,1,29,,2279,4971,,,1,70,,2283,4971,,,1,30,,2280,4971,,,1,100,,2292,4971,,,1,100,,2277,4971,,,1,100,,2284,4971,,,1,100,,2275,4971,,,1,100,,2264,4971,,,1,100,,2291,4971,,,1
601,'F8',527,,2308,4971,,,1,30,,2310,4971,,,1,71,,2311,4971,,,1,31,,2316,4971,,,1,65,,2301,4971,,,1,77,,2322,4971,,,1,29,,2295,4971,,,1,72,,2302,4971,,,1,28,,2309,4971,,,1,70,,2318,4971,,,1,30,,2300,4971,,,1,70,,2312,4971,,,1,30,,2305,4971,,,1,70,,2313,4971,,,1,30,,2319,4971,,,1,70,,2317,4971,,,1,30,,2314,4971,,,1,70,,2328,4971,,,1,30,,2303,4971,,,1,71,,2320,4971,,,1,30,,2296,4971,,,1,26,,2306,4971,,,1,78,,2323,4971,,,1,66,,2329,4971,,,1,32,,2325,4971,,,1,25,,2324,4971,,,1,71,,2331,4971,,,1,30,,2315,4971,,,1,69,,2297,4971,,,1,30,,2326,4971,,,1,70,,2330,4971,,,1,30,,2327,4971,,,1,70,,2321,4971,,,1,30,,2307,4971,,,1,98,,2298,4971,,,1,100,,2299,4971,,,1,100,,2304,4971,,,1
601,'F9',613,,2334,4971,,,1,30,,2337,4971,,,1,70,,2353,4971,,,1,30,,2363,4971,,,1,70,,2342,4971,,,1,30,,2338,4971,,,1,74,,2343,4971,,,1,26,,2360,4971,,,1,75,,2347,4971,,,1,23,,2344,4971,,,1,75,,2358,4971,,,1,26,,2332,4971,,,1,70,,2356,4971,,,1,38,,2333,4971,,,1,70,,2357,4971,,,1,29,,2348,4971,,,1,70,,2335,4971,,,1,30,,2339,4971,,,1,70,,2349,4971,,,1,30,,2361,4971,,,1,70,,2354,4971,,,1,30,,2350,4971,,,1,70,,2362,4971,,,1,29,,2355,4971,,,1,70,,2351,4971,,,1,30,,2345,4971,,,1,100,,2340,4971,,,1,100,,2359,4971,,,1,100,,2346,4971,,,1,100,,2336,4971,,,1,100,,2341,4971,,,1,100,,2352,4971,,,1
601,'SA',613,,2366,4971,,,1,30,,2369,4971,,,1,70,,2385,4971,,,1,30,,2395,4971,,,1,70,,2374,4971,,,1,30,,2370,4971,,,1,74,,2375,4971,,,1,26,,2392,4971,,,1,75,,2379,4971,,,1,23,,2376,4971,,,1,75,,2390,4971,,,1,26,,2364,4971,,,1,70,,2388,4971,,,1,38,,2365,4971,,,1,70,,2389,4971,,,1,29,,2380,4971,,,1,70,,2367,4971,,,1,30,,2371,4971,,,1,70,,2381,4971,,,1,30,,2393,4971,,,1,70,,2386,4971,,,1,30,,2382,4971,,,1,70,,2394,4971,,,1,29,,2387,4971,,,1,70,,2383,4971,,,1,30,,2377,4971,,,1,100,,2372,4971,,,1,100,,2391,4971,,,1,100,,2378,4971,,,1,100,,2368,4971,,,1,100,,2373,4971,,,1,100,,2384,4971,,,1
601,'SE',527,,2409,4971,,,1,30,,2411,4971,,,1,71,,2412,4971,,,1,31,,2417,4971,,,1,65,,2402,4971,,,1,77,,2423,4971,,,1,29,,2396,4971,,,1,72,,2403,4971,,,1,28,,2410,4971,,,1,70,,2419,4971,,,1,30,,2401,4971,,,1,70,,2413,4971,,,1,30,,2406,4971,,,1,70,,2414,4971,,,1,30,,2420,4971,,,1,70,,2418,4971,,,1,30,,2415,4971,,,1,70,,2429,4971,,,1,30,,2404,4971,,,1,71,,2421,4971,,,1,30,,2397,4971,,,1,26,,2407,4971,,,1,78,,2424,4971,,,1,66,,2430,4971,,,1,32,,2426,4971,,,1,25,,2425,4971,,,1,71,,2432,4971,,,1,30,,2416,4971,,,1,69,,2398,4971,,,1,30,,2427,4971,,,1,70,,2431,4971,,,1,30,,2428,4971,,,1,70,,2422,4971,,,1,30,,2408,4971,,,1,98,,2399,4971,,,1,100,,2400,4971,,,1,100,,2405,4971,,,1
5501,'F8',627,,10881,3953,,,2,20,,10888,3953,,,2,55,,10884,3953,,,2,15,,10886,3953,,,2,15,,10882,3953,,,2,15,,10883,3953,,,2,55,,10889,3953,,,2,15,,10885,3953,,,2,20,,10887,3953,,,2
5501,'SE',627,,10895,3953,,,2,20,,10902,3953,,,2,55,,10898,3953,,,2,15,,10900,3953,,,2,15,,10896,3953,,,2,15,,10897,3953,,,2,55,,10903,3953,,,2,15,,10899,3953,,,2,20,,10901,3953,,,2
50001,'F8',848,,18724,5895,,,2,4,,18724,7381,,,2
50001,'SE',848,,18725,5895,,,2,4,,18725,7381,,,2
50101,'F8',747,,18730,4387,,,2,100,,18731,4387,,,2
50101,'SE',747,,18732,4387,,,2,100,,18733,4387,,,2
53000,'F8',1634,,18758,6224,4,,2
53000,'SE',1634,,18759,6224,4,,2
65000,'F8',1643,,18920,10788,,,2
65000,'SE',1643,,18921,10788,,,2
