101,'DI',639,,260,7966,,,1,100,,261,7966,,,1,100,,262,7966,,,1,100,,263,7966,,,1,100,,264,7966,,,1,100,,265,7966,,,1,100,,266,7966,,,1,100,,267,7966,,,1,101,,268,7966,,,1,100,,269,7966,,,1,98,,250,7966,,,1,100,,251,7966,,,1,100,,252,7966,,,1,100,,253,7966,,,1,100,,254,7966,,,1,100,,255,7966,,,1,100,,256,7966,,,1,100,,257,7966,,,1,100,,258,7966,,,1,100,,259,7966,,,1
101,'F1',609,,293,7966,,,1,30,,283,7966,,,1,70,,294,7966,,,1,30,,284,7966,,,1,70,,295,7966,,,1,30,,285,7966,,,1,70,,296,7966,,,1,30,,286,7966,,,1,70,,297,7966,,,1,30,,287,7966,,,1,70,,298,7966,,,1,30,,288,7966,,,1,70,,299,7966,,,1,30,,289,7966,,,1,70,,300,7966,,,1,30,,290,7966,,,1,71,,301,7966,,,1,30,,291,7966,,,1,70,,302,7966,,,1,30,,292,7966,,,1,68,,280,7966,,,1,30,,270,7966,,,1,70,,281,7966,,,1,30,,271,7966,,,1,70,,282,7966,,,1,30,,272,7966,,,1,100,,273,7966,,,1,100,,274,7966,,,1,100,,275,7966,,,1,100,,276,7966,,,1,100,,277,7966,,,1,100,,278,7966,,,1,100,,279,7966,,,1
101,'F7',639,,313,7966,,,1,100,,314,7966,,,1,100,,315,7966,,,1,100,,316,7966,,,1,100,,317,7966,,,1,100,,318,7966,,,1,100,,319,7966,,,1,100,,320,7966,,,1,101,,321,7966,,,1,100,,322,7966,,,1,98,,303,7966,,,1,100,,304,7966,,,1,100,,305,7966,,,1,100,,306,7966,,,1,100,,307,7966,,,1,100,,308,7966,,,1,100,,309,7966,,,1,100,,310,7966,,,1,100,,311,7966,,,1,100,,312,7966,,,1
101,'F8',520,,342,7966,,,1,30,,343,7966,,,1,62,,345,7966,,,1,20,,334,7966,,,1,20,,346,7966,,,1,56,,323,7966,,,1,23,,336,7966,,,1,10,,335,7966,,,1,60,,326,7966,,,1,15,,347,7966,,,1,16,,351,7966,,,1,15,,350,7966,,,1,53,,365,7966,,,1,20,,348,7966,,,1,19,,340,7966,,,1,20,,324,7966,,,1,70,,327,7966,,,1,30,,349,7966,,,1,70,,360,7966,,,1,30,,362,7966,,,1,70,,325,7966,,,1,71,,328,7966,,,1,30,,363,7966,,,1,70,,338,7966,,,1,30,,359,7966,,,1,70,,330,7966,,,1,32,,353,7966,,,1,73,,344,7966,,,1,17,,352,7966,,,1,34,,329,7966,,,1,71,,331,7966,,,1,74,,341,7966,,,1,24,,366,7966,,,1,27,,364,7966,,,1,75,,357,7966,,,1,28,,361,7966,,,1,70,,339,7966,,,1,30,,356,7966,,,1,68,,354,7966,,,1,30,,358,7966,,,1,70,,355,7966,,,1,100,,337,7966,,,1,99,,332,7966,,,1,100,,333,7966,,,1
101,'F9',609,,390,7966,,,1,30,,380,7966,,,1,70,,391,7966,,,1,30,,381,7966,,,1,70,,392,7966,,,1,30,,382,7966,,,1,70,,393,7966,,,1,30,,383,7966,,,1,70,,394,7966,,,1,30,,384,7966,,,1,70,,395,7966,,,1,30,,385,7966,,,1,70,,396,7966,,,1,30,,386,7966,,,1,70,,397,7966,,,1,30,,387,7966,,,1,71,,398,7966,,,1,30,,388,7966,,,1,70,,399,7966,,,1,30,,389,7966,,,1,68,,377,7966,,,1,30,,367,7966,,,1,70,,378,7966,,,1,30,,368,7966,,,1,70,,379,7966,,,1,30,,369,7966,,,1,100,,370,7966,,,1,100,,371,7966,,,1,100,,372,7966,,,1,100,,373,7966,,,1,100,,374,7966,,,1,100,,375,7966,,,1,100,,376,7966,,,1
101,'SA',609,,423,7966,,,1,30,,413,7966,,,1,70,,424,7966,,,1,30,,414,7966,,,1,70,,425,7966,,,1,30,,415,7966,,,1,70,,426,7966,,,1,30,,416,7966,,,1,70,,427,7966,,,1,30,,417,7966,,,1,70,,428,7966,,,1,30,,418,7966,,,1,70,,429,7966,,,1,30,,419,7966,,,1,70,,430,7966,,,1,30,,420,7966,,,1,71,,431,7966,,,1,30,,421,7966,,,1,70,,432,7966,,,1,30,,422,7966,,,1,68,,410,7966,,,1,30,,400,7966,,,1,70,,411,7966,,,1,30,,401,7966,,,1,70,,412,7966,,,1,30,,402,7966,,,1,100,,403,7966,,,1,100,,404,7966,,,1,100,,405,7966,,,1,100,,406,7966,,,1,100,,407,7966,,,1,100,,408,7966,,,1,100,,409,7966,,,1
101,'SE',520,,452,7966,,,1,30,,453,7966,,,1,62,,455,7966,,,1,20,,444,7966,,,1,20,,456,7966,,,1,56,,433,7966,,,1,23,,446,7966,,,1,10,,445,7966,,,1,60,,436,7966,,,1,15,,457,7966,,,1,16,,461,7966,,,1,15,,460,7966,,,1,53,,475,7966,,,1,20,,458,7966,,,1,19,,450,7966,,,1,20,,434,7966,,,1,70,,437,7966,,,1,30,,459,7966,,,1,70,,470,7966,,,1,30,,472,7966,,,1,70,,435,7966,,,1,71,,438,7966,,,1,30,,473,7966,,,1,70,,448,7966,,,1,30,,469,7966,,,1,70,,440,7966,,,1,32,,463,7966,,,1,73,,454,7966,,,1,17,,462,7966,,,1,34,,439,7966,,,1,71,,441,7966,,,1,74,,451,7966,,,1,24,,476,7966,,,1,27,,474,7966,,,1,75,,467,7966,,,1,28,,471,7966,,,1,70,,449,7966,,,1,30,,466,7966,,,1,68,,464,7966,,,1,30,,468,7966,,,1,70,,465,7966,,,1,100,,447,7966,,,1,99,,442,7966,,,1,100,,443,7966,,,1
5401,'DI',631,,10636,8621,,,1,100,,10650,8621,,,1,100,,10637,8621,,,1,103,,10633,8621,,,1,103,,10647,8621,,,1,100,,10630,8621,,,1,102,,10638,8621,,,1,70,,10648,8621,,,1,30,,10655,8621,,,1,70,,10639,8621,,,1,30,,10649,8621,,,1,70,,10631,8621,,,1,29,,10634,8621,,,1,71,,10653,8621,,,1,29,,10640,8621,,,1,71,,10632,8621,,,1,29,,10651,8621,,,1,70,,10641,8621,,,1,30,,10652,8621,,,1,71,,10654,8621,,,1,35,,10635,8621,,,1,100,,10642,8621,,,1,100,,10643,8621,,,1,100,,10644,8621,,,1,100,,10645,8621,,,1,99,,10646,8621,,,1
5401,'F1',632,,10668,8621,,,1,70,,10664,8621,,,1,30,,10685,8621,,,1,70,,10662,8621,,,1,30,,10656,8621,,,1,72,,10659,8621,,,1,32,,10677,8621,,,1,71,,10682,8621,,,1,29,,10657,8621,,,1,70,,10678,8621,,,1,32,,10660,8621,,,1,70,,10683,8621,,,1,31,,10665,8621,,,1,71,,10661,8621,,,1,30,,10658,8621,,,1,70,,10684,8621,,,1,30,,10686,8621,,,1,65,,10679,8621,,,1,34,,10666,8621,,,1,70,,10687,8621,,,1,31,,10680,8621,,,1,70,,10667,8621,,,1,30,,10688,8621,,,1,69,,10681,8621,,,1,30,,10669,8621,,,1,70,,10663,8621,,,1,35,,10670,8621,,,1,100,,10671,8621,,,1,100,,10672,8621,,,1,100,,10673,8621,,,1,100,,10674,8621,,,1,99,,10675,8621,,,1,100,,10676,8621,,,1
5401,'F7',631,,10695,8621,,,1,100,,10709,8621,,,1,100,,10696,8621,,,1,103,,10692,8621,,,1,103,,10706,8621,,,1,100,,10689,8621,,,1,102,,10697,8621,,,1,70,,10707,8621,,,1,30,,10714,8621,,,1,70,,10698,8621,,,1,30,,10708,8621,,,1,70,,10690,8621,,,1,29,,10693,8621,,,1,71,,10712,8621,,,1,29,,10699,8621,,,1,71,,10691,8621,,,1,29,,10710,8621,,,1,70,,10700,8621,,,1,30,,10711,8621,,,1,71,,10713,8621,,,1,35,,10694,8621,,,1,100,,10701,8621,,,1,100,,10702,8621,,,1,100,,10703,8621,,,1,100,,10704,8621,,,1,99,,10705,8621,,,1
5401,'F8',617,,10734,8621,,,1,30,,10724,8621,,,1,70,,10719,8621,,,1,36,,10721,8621,,,1,64,,10723,8621,,,1,30,,10740,8621,,,1,74,,10722,8621,,,1,30,,10742,8621,,,1,70,,10741,8621,,,1,30,,10732,8621,,,1,70,,10736,8621,,,1,30,,10715,8621,,,1,70,,10717,8621,,,1,30,,10725,8621,,,1,70,,10716,8621,,,1,31,,10748,8621,,,1,70,,10733,8621,,,1,30,,10726,8621,,,1,73,,10747,8621,,,1,28,,10727,8621,,,1,69,,10749,8621,,,1,32,,10743,8621,,,1,62,,10750,8621,,,1,34,,10728,8621,,,1,61,,10744,8621,,,1,35,,10720,8621,,,1,70,,10731,8621,,,1,33,,10718,8621,,,1,69,,10729,8621,,,1,28,,10739,8621,,,1,69,,10735,8621,,,1,30,,10745,8621,,,1,99,,10737,8621,,,1,100,,10730,8621,,,1,100,,10746,8621,,,1,100,,10738,8621,,,1
5401,'F9',632,,10763,8621,,,1,70,,10759,8621,,,1,30,,10780,8621,,,1,70,,10757,8621,,,1,30,,10751,8621,,,1,72,,10754,8621,,,1,32,,10772,8621,,,1,71,,10777,8621,,,1,29,,10752,8621,,,1,70,,10773,8621,,,1,32,,10755,8621,,,1,70,,10778,8621,,,1,31,,10760,8621,,,1,71,,10756,8621,,,1,30,,10753,8621,,,1,70,,10779,8621,,,1,30,,10781,8621,,,1,65,,10774,8621,,,1,34,,10761,8621,,,1,70,,10782,8621,,,1,31,,10775,8621,,,1,70,,10762,8621,,,1,30,,10783,8621,,,1,69,,10776,8621,,,1,30,,10764,8621,,,1,70,,10758,8621,,,1,35,,10765,8621,,,1,100,,10766,8621,,,1,100,,10767,8621,,,1,100,,10768,8621,,,1,100,,10769,8621,,,1,99,,10770,8621,,,1,100,,10771,8621,,,1
5401,'SA',632,,10796,8621,,,1,70,,10792,8621,,,1,30,,10813,8621,,,1,70,,10790,8621,,,1,30,,10784,8621,,,1,72,,10787,8621,,,1,32,,10805,8621,,,1,71,,10810,8621,,,1,29,,10785,8621,,,1,70,,10806,8621,,,1,32,,10788,8621,,,1,70,,10811,8621,,,1,31,,10793,8621,,,1,71,,10789,8621,,,1,30,,10786,8621,,,1,70,,10812,8621,,,1,30,,10814,8621,,,1,65,,10807,8621,,,1,34,,10794,8621,,,1,70,,10815,8621,,,1,31,,10808,8621,,,1,70,,10795,8621,,,1,30,,10816,8621,,,1,69,,10809,8621,,,1,30,,10797,8621,,,1,70,,10791,8621,,,1,35,,10798,8621,,,1,100,,10799,8621,,,1,100,,10800,8621,,,1,100,,10801,8621,,,1,100,,10802,8621,,,1,99,,10803,8621,,,1,100,,10804,8621,,,1
5401,'SE',617,,10836,8621,,,1,30,,10826,8621,,,1,70,,10821,8621,,,1,36,,10823,8621,,,1,64,,10825,8621,,,1,30,,10842,8621,,,1,74,,10824,8621,,,1,30,,10844,8621,,,1,70,,10843,8621,,,1,30,,10834,8621,,,1,70,,10838,8621,,,1,30,,10817,8621,,,1,70,,10819,8621,,,1,30,,10827,8621,,,1,70,,10818,8621,,,1,31,,10850,8621,,,1,70,,10835,8621,,,1,30,,10828,8621,,,1,73,,10849,8621,,,1,28,,10829,8621,,,1,69,,10851,8621,,,1,32,,10845,8621,,,1,62,,10852,8621,,,1,34,,10830,8621,,,1,61,,10846,8621,,,1,35,,10822,8621,,,1,70,,10833,8621,,,1,33,,10820,8621,,,1,69,,10831,8621,,,1,28,,10841,8621,,,1,69,,10837,8621,,,1,30,,10847,8621,,,1,99,,10839,8621,,,1,100,,10832,8621,,,1,100,,10848,8621,,,1,100,,10840,8621,,,1
44201,'F8',735,,18178,18061,,,2,100,,18179,18061,,,2
44201,'SE',735,,18180,18061,,,2,100,,18181,18061,,,2
50101,'F8',800,,18730,8254,,,2,100,,18731,8254,,,2
50101,'SE',800,,18732,8254,,,2,100,,18733,8254,,,2
55401,'F8',1649,,18828,1130,,,2
55401,'SE',1649,,18829,1130,,,2
58000,'F8',1553,,18846,1374,,,2
58000,'SE',1553,,18847,1374,,,2
