3801,'DI',610,,8134,1014,,,1,100,,8148,1014,,,1,100,,8141,1014,,,1,100,,8136,1014,,,1,100,,8149,1014,,,1,100,,8138,1014,,,1,100,,8142,1014,,,1,100,,8135,1014,,,1,98,,8143,1014,,,1,99,,8139,1014,,,1,102,,8150,1014,,,1,101,,8151,1014,,,1,100,,8147,1014,,,1,100,,8152,1014,,,1,100,,8144,1014,,,1,100,,8137,1014,,,1,100,,8145,1014,,,1,100,,8140,1014,,,1,100,,8146,1014,,,1
3801,'F1',609,,8166,1014,,,1,100,,8157,1014,,,1,99,,8170,1014,,,1,101,,8158,1014,,,1,100,,8171,1014,,,1,100,,8159,1014,,,1,100,,8168,1014,,,1,100,,8160,1014,,,1,100,,8167,1014,,,1,100,,8161,1014,,,1,100,,8169,1014,,,1,100,,8162,1014,,,1,100,,8155,1014,,,1,100,,8156,1014,,,1,100,,8163,1014,,,1,100,,8153,1014,,,1,100,,8164,1014,,,1,100,,8154,1014,,,1,100,,8165,1014,,,1
3801,'F7',610,,8172,1014,,,1,100,,8186,1014,,,1,100,,8179,1014,,,1,100,,8174,1014,,,1,100,,8187,1014,,,1,100,,8176,1014,,,1,100,,8180,1014,,,1,100,,8173,1014,,,1,98,,8181,1014,,,1,99,,8177,1014,,,1,102,,8188,1014,,,1,101,,8189,1014,,,1,100,,8185,1014,,,1,100,,8190,1014,,,1,100,,8182,1014,,,1,100,,8175,1014,,,1,100,,8183,1014,,,1,100,,8178,1014,,,1,100,,8184,1014,,,1
3801,'F8',519,,8191,1014,,,1,30,,8202,1014,,,1,70,,8192,1014,,,1,34,,8203,1014,,,1,73,,8206,1014,,,1,24,,8195,1014,,,1,69,,8198,1014,,,1,35,,8215,1014,,,1,70,,8193,1014,,,1,35,,8221,1014,,,1,100,,8208,1014,,,1,100,,8219,1014,,,1,100,,8222,1014,,,1,98,,8216,1014,,,1,95,,8209,1014,,,1,57,,8194,1014,,,1,17,,8220,1014,,,1,21,,8199,1014,,,1,61,,8201,1014,,,1,20,,8217,1014,,,1,21,,8211,1014,,,1,60,,8210,1014,,,1,19,,8197,1014,,,1,22,,8218,1014,,,1,59,,8207,1014,,,1,20,,8200,1014,,,1,80,,8214,1014,,,1,95,,8212,1014,,,1,100,,8205,1014,,,1,100,,8213,1014,,,1,100,,8204,1014,,,1,100,,8196,1014,,,1
3801,'F9',609,,8236,1014,,,1,100,,8227,1014,,,1,99,,8240,1014,,,1,101,,8228,1014,,,1,100,,8241,1014,,,1,100,,8229,1014,,,1,100,,8238,1014,,,1,100,,8230,1014,,,1,100,,8237,1014,,,1,100,,8231,1014,,,1,100,,8239,1014,,,1,100,,8232,1014,,,1,100,,8225,1014,,,1,100,,8226,1014,,,1,100,,8233,1014,,,1,100,,8223,1014,,,1,100,,8234,1014,,,1,100,,8224,1014,,,1,100,,8235,1014,,,1
3801,'SA',609,,8255,1014,,,1,100,,8246,1014,,,1,99,,8259,1014,,,1,101,,8247,1014,,,1,100,,8260,1014,,,1,100,,8248,1014,,,1,100,,8257,1014,,,1,100,,8249,1014,,,1,100,,8256,1014,,,1,100,,8250,1014,,,1,100,,8258,1014,,,1,100,,8251,1014,,,1,100,,8244,1014,,,1,100,,8245,1014,,,1,100,,8252,1014,,,1,100,,8242,1014,,,1,100,,8253,1014,,,1,100,,8243,1014,,,1,100,,8254,1014,,,1
3801,'SE',519,,8261,1014,,,1,30,,8272,1014,,,1,70,,8262,1014,,,1,34,,8273,1014,,,1,73,,8276,1014,,,1,24,,8265,1014,,,1,69,,8268,1014,,,1,35,,8285,1014,,,1,70,,8263,1014,,,1,35,,8291,1014,,,1,100,,8278,1014,,,1,100,,8289,1014,,,1,100,,8292,1014,,,1,98,,8286,1014,,,1,95,,8279,1014,,,1,57,,8264,1014,,,1,17,,8290,1014,,,1,21,,8269,1014,,,1,61,,8271,1014,,,1,20,,8287,1014,,,1,21,,8281,1014,,,1,60,,8280,1014,,,1,19,,8267,1014,,,1,22,,8288,1014,,,1,59,,8277,1014,,,1,20,,8270,1014,,,1,80,,8284,1014,,,1,95,,8282,1014,,,1,100,,8275,1014,,,1,100,,8283,1014,,,1,100,,8274,1014,,,1,100,,8266,1014,,,1
4200,'DI',613,,8457,994,,,1,100,,8440,994,,,1,100,,8441,994,,,1,100,,8442,994,,,1,100,,8443,994,,,1,100,,8444,994,,,1,100,,8445,994,,,1,100,,8446,994,,,1,100,,8447,994,,,1,100,,8448,994,,,1,100,,8449,994,,,1,100,,8450,994,,,1,100,,8451,994,,,1,100,,8458,994,,,1,100,,8459,994,,,1,100,,8452,994,,,1,100,,8453,994,,,1,100,,8454,994,,,1,100,,8455,994,,,1,100,,8456,994,,,1
4200,'F1',613,,8460,994,,,1,100,,8461,994,,,1,100,,8462,994,,,1,100,,8463,994,,,1,100,,8464,994,,,1,100,,8465,994,,,1,100,,8466,994,,,1,100,,8467,994,,,1,100,,8468,994,,,1,100,,8469,994,,,1,100,,8470,994,,,1,100,,8471,994,,,1,100,,8472,994,,,1,100,,8473,994,,,1,100,,8474,994,,,1,100,,8475,994,,,1,100,,8476,994,,,1,100,,8477,994,,,1,100,,8478,994,,,1,100,,8479,994,,,1
4200,'F7',613,,8497,994,,,1,100,,8480,994,,,1,100,,8481,994,,,1,100,,8482,994,,,1,100,,8483,994,,,1,100,,8484,994,,,1,100,,8485,994,,,1,100,,8486,994,,,1,100,,8487,994,,,1,100,,8488,994,,,1,100,,8489,994,,,1,100,,8490,994,,,1,100,,8491,994,,,1,100,,8498,994,,,1,100,,8499,994,,,1,100,,8492,994,,,1,100,,8493,994,,,1,100,,8494,994,,,1,100,,8495,994,,,1,100,,8496,994,,,1
4200,'F8',555,,8536,994,,,1,76,,8510,994,,,1,28,,8507,994,,,1,53,,8501,994,,,1,5,,8531,994,,,1,4,,8511,994,,,1,6,,8509,994,,,1,6,,8502,994,,,1,24,,8530,994,,,1,62,,8508,994,,,1,29,,8537,994,,,1,69,,8543,994,,,1,30,,8534,994,,,1,70,,8504,994,,,1,30,,8512,994,,,1,70,,8528,994,,,1,30,,8542,994,,,1,70,,8515,994,,,1,30,,8514,994,,,1,70,,8541,994,,,1,30,,8513,994,,,1,70,,8529,994,,,1,30,,8505,994,,,1,69,,8535,994,,,1,24,,8527,994,,,1,16,,8516,994,,,1,55,,8517,994,,,1,14,,8544,994,,,1,14,,8500,994,,,1,14,,8519,994,,,1,54,,8503,994,,,1,14,,8518,994,,,1,14,,8545,994,,,1,15,,8506,994,,,1,68,,8538,994,,,1,30,,8520,994,,,1,73,,8539,994,,,1,34,,8521,994,,,1,70,,8540,994,,,1,30,,8522,994,,,1,70,,8532,994,,,1,30,,8523,994,,,1,70,,8533,994,,,1,91,,8524,994,,,1,100,,8525,994,,,1,100,,8526,994,,,1
4200,'F9',613,,8546,994,,,1,100,,8547,994,,,1,100,,8548,994,,,1,100,,8549,994,,,1,100,,8550,994,,,1,100,,8551,994,,,1,100,,8552,994,,,1,100,,8553,994,,,1,100,,8554,994,,,1,100,,8555,994,,,1,100,,8556,994,,,1,100,,8557,994,,,1,100,,8558,994,,,1,100,,8559,994,,,1,100,,8560,994,,,1,100,,8561,994,,,1,100,,8562,994,,,1,100,,8563,994,,,1,100,,8564,994,,,1,100,,8565,994,,,1
4200,'SA',613,,8566,994,,,1,100,,8567,994,,,1,100,,8568,994,,,1,100,,8569,994,,,1,100,,8570,994,,,1,100,,8571,994,,,1,100,,8572,994,,,1,100,,8573,994,,,1,100,,8574,994,,,1,100,,8575,994,,,1,100,,8576,994,,,1,100,,8577,994,,,1,100,,8578,994,,,1,100,,8579,994,,,1,100,,8580,994,,,1,100,,8581,994,,,1,100,,8582,994,,,1,100,,8583,994,,,1,100,,8584,994,,,1,100,,8585,994,,,1
4200,'SE',555,,8622,994,,,1,76,,8596,994,,,1,28,,8593,994,,,1,53,,8587,994,,,1,5,,8617,994,,,1,4,,8597,994,,,1,6,,8595,994,,,1,6,,8588,994,,,1,24,,8616,994,,,1,62,,8594,994,,,1,29,,8623,994,,,1,69,,8629,994,,,1,30,,8620,994,,,1,70,,8590,994,,,1,30,,8598,994,,,1,70,,8614,994,,,1,30,,8628,994,,,1,70,,8601,994,,,1,30,,8600,994,,,1,70,,8627,994,,,1,30,,8599,994,,,1,70,,8615,994,,,1,30,,8591,994,,,1,69,,8621,994,,,1,24,,8613,994,,,1,16,,8602,994,,,1,55,,8603,994,,,1,14,,8630,994,,,1,14,,8586,994,,,1,14,,8605,994,,,1,54,,8589,994,,,1,14,,8604,994,,,1,14,,8631,994,,,1,15,,8592,994,,,1,68,,8624,994,,,1,30,,8606,994,,,1,73,,8625,994,,,1,34,,8607,994,,,1,70,,8626,994,,,1,30,,8608,994,,,1,70,,8618,994,,,1,30,,8609,994,,,1,70,,8619,994,,,1,91,,8610,994,,,1,100,,8611,994,,,1,100,,8612,994,,,1
4301,'DI',758,,8845,1014,0,40 41,1,100,,8836,1014,0,40 41,1,100,,8837,1014,0,40 41,1,100,,8838,1014,0,40 41,1,101,,8839,1014,0,40 41,1,99,,8834,1014,0,40 41,1,100,,8830,1014,0,40 41,1,100,,8846,1014,0,40 41,1,100,,8831,1014,0,40 41,1,100,,8847,1014,0,40 41,1,100,,8832,1014,0,40 41,1,100,,8840,1014,0,40 41,1,100,,8841,1014,0,40 41,1,100,,8835,1014,0,40 41,1,100,,8833,1014,0,40 41,1,100,,8843,1014,0,40 41,1,100,,8842,1014,0,40 41,1,100,,8844,1014,0,40 41,1
4301,'F1',658,,8852,1014,0,40 41,1,100,,8854,1014,0,40 41,1,100,,8849,1014,0,40 41,1,100,,8859,1014,0,40 41,1,100,,8862,1014,0,40 41,1,100,,8856,1014,0,40 41,1,100,,8863,1014,0,40 41,1,100,,8853,1014,0,40 41,1,100,,8864,1014,0,40 41,1,100,,8855,1014,0,40 41,1,100,,8860,1014,0,40 41,1,100,,8850,1014,0,40 41,1,100,,8857,1014,0,40 41,1,100,,8866,1014,0,40 41,1,100,,8865,1014,0,40 41,1,100,,8858,1014,0,40 41,1,100,,8861,1014,0,40 41,1,100,,8848,1014,0,40 41,1,100,,8851,1014,0,40 41,1
4301,'F7',758,,8882,1014,0,40 41,1,100,,8873,1014,0,40 41,1,100,,8874,1014,0,40 41,1,100,,8875,1014,0,40 41,1,101,,8876,1014,0,40 41,1,99,,8871,1014,0,40 41,1,100,,8867,1014,0,40 41,1,100,,8883,1014,0,40 41,1,100,,8868,1014,0,40 41,1,100,,8884,1014,0,40 41,1,100,,8869,1014,0,40 41,1,100,,8877,1014,0,40 41,1,100,,8878,1014,0,40 41,1,100,,8872,1014,0,40 41,1,100,,8870,1014,0,40 41,1,100,,8880,1014,0,40 41,1,100,,8879,1014,0,40 41,1,100,,8881,1014,0,40 41,1
4301,'F8',645,,8891,1014,0,40 41,1,73,,8905,1014,0,40 41,1,33,,8907,1014,0,40 41,1,62,,8910,1014,0,40 41,1,40,,8901,1014,0,40 41,1,65,,8902,1014,0,40 41,1,30,,8888,1014,0,40 41,1,100,,8896,1014,0,40 41,1,100,,8885,1014,0,40 41,1,100,,8887,1014,0,40 41,1,100,,8889,1014,0,40 41,1,96,,8886,1014,0,40 41,1,74,,8893,1014,0,40 41,1,27,,8894,1014,0,40 41,1,81,,8895,1014,0,40 41,1,26,,8906,1014,0,40 41,1,68,,8892,1014,0,40 41,1,31,,8890,1014,0,40 41,1,70,,8898,1014,0,40 41,1,30,,8903,1014,0,40 41,1,100,,8909,1014,0,40 41,1,100,,8899,1014,0,40 41,1,100,,8904,1014,0,40 41,1,100,,8897,1014,0,40 41,1,100,,8900,1014,0,40 41,1,100,,8908,1014,0,40 41,1
4301,'F9',658,,8915,1014,0,40 41,1,100,,8917,1014,0,40 41,1,100,,8912,1014,0,40 41,1,100,,8922,1014,0,40 41,1,100,,8925,1014,0,40 41,1,100,,8919,1014,0,40 41,1,100,,8926,1014,0,40 41,1,100,,8916,1014,0,40 41,1,100,,8927,1014,0,40 41,1,100,,8918,1014,0,40 41,1,100,,8923,1014,0,40 41,1,100,,8913,1014,0,40 41,1,100,,8920,1014,0,40 41,1,100,,8929,1014,0,40 41,1,100,,8928,1014,0,40 41,1,100,,8921,1014,0,40 41,1,100,,8924,1014,0,40 41,1,100,,8911,1014,0,40 41,1,100,,8914,1014,0,40 41,1
4301,'SA',658,,8934,1014,0,40 41,1,100,,8936,1014,0,40 41,1,100,,8931,1014,0,40 41,1,100,,8941,1014,0,40 41,1,100,,8944,1014,0,40 41,1,100,,8938,1014,0,40 41,1,100,,8945,1014,0,40 41,1,100,,8935,1014,0,40 41,1,100,,8946,1014,0,40 41,1,100,,8937,1014,0,40 41,1,100,,8942,1014,0,40 41,1,100,,8932,1014,0,40 41,1,100,,8939,1014,0,40 41,1,100,,8948,1014,0,40 41,1,100,,8947,1014,0,40 41,1,100,,8940,1014,0,40 41,1,100,,8943,1014,0,40 41,1,100,,8930,1014,0,40 41,1,100,,8933,1014,0,40 41,1
4301,'SE',645,,8955,1014,0,40 41,1,73,,8969,1014,0,40 41,1,33,,8971,1014,0,40 41,1,62,,8974,1014,0,40 41,1,40,,8965,1014,0,40 41,1,65,,8966,1014,0,40 41,1,30,,8952,1014,0,40 41,1,100,,8960,1014,0,40 41,1,100,,8949,1014,0,40 41,1,100,,8951,1014,0,40 41,1,100,,8953,1014,0,40 41,1,96,,8950,1014,0,40 41,1,74,,8957,1014,0,40 41,1,27,,8958,1014,0,40 41,1,81,,8959,1014,0,40 41,1,26,,8970,1014,0,40 41,1,68,,8956,1014,0,40 41,1,31,,8954,1014,0,40 41,1,70,,8962,1014,0,40 41,1,30,,8967,1014,0,40 41,1,100,,8973,1014,0,40 41,1,100,,8963,1014,0,40 41,1,100,,8968,1014,0,40 41,1,100,,8961,1014,0,40 41,1,100,,8964,1014,0,40 41,1,100,,8972,1014,0,40 41,1
5000,'DI',716,,10103,1014,,,2,100,,10111,1014,,,2,100,,10106,1014,,,2,103,,10107,1014,,,2,94,,10112,1014,,,2,103,,10113,1014,,,2,103,,10114,1014,,,2,97,,10104,1014,,,2,96,,10116,1014,,,2,103,,10117,1014,,,2,106,,10115,1014,,,2,95,,10110,1014,,,2,100,,10120,1014,,,2,100,,10108,1014,,,2,100,,10121,1014,,,2,100,,10118,1014,,,2,100,,10109,1014,,,2,100,,10122,1014,,,2,100,,10119,1014,,,2
5000,'F1',616,,10141,1014,,,2,98,,10136,1014,,,2,102,,10132,1014,,,2,97,,10133,1014,,,2,103,,10134,1014,,,2,96,,10128,1014,,,2,102,,10124,1014,,,2,98,,10142,1014,,,2,99,,10137,1014,,,2,103,,10138,1014,,,2,103,,10139,1014,,,2,103,,10140,1014,,,2,96,,10125,1014,,,2,100,,10126,1014,,,2,100,,10129,1014,,,2,100,,10135,1014,,,2,97,,10130,1014,,,2,103,,10131,1014,,,2,101,,10123,1014,,,2,99,,10127,1014,,,2
5000,'F7',716,,10143,1014,,,2,100,,10151,1014,,,2,100,,10146,1014,,,2,103,,10147,1014,,,2,94,,10152,1014,,,2,103,,10153,1014,,,2,103,,10154,1014,,,2,97,,10144,1014,,,2,96,,10156,1014,,,2,103,,10157,1014,,,2,106,,10155,1014,,,2,95,,10150,1014,,,2,100,,10160,1014,,,2,100,,10148,1014,,,2,100,,10161,1014,,,2,100,,10158,1014,,,2,100,,10149,1014,,,2,100,,10162,1014,,,2,100,,10159,1014,,,2
5000,'F8',706,,10163,1014,,,2,30,,10165,1014,,,2,70,,10175,1014,,,2,33,,10173,1014,,,2,67,,10186,1014,,,2,100,,10188,1014,,,2,100,,10187,1014,,,2,100,,10177,1014,,,2,100,,10178,1014,,,2,99,,10166,1014,,,2,102,,10170,1014,,,2,28,,10189,1014,,,2,70,,10171,1014,,,2,34,,10190,1014,,,2,66,,10185,1014,,,2,30,,10180,1014,,,2,70,,10179,1014,,,2,31,,10167,1014,,,2,70,,10181,1014,,,2,100,,10164,1014,,,2,100,,10169,1014,,,2,100,,10182,1014,,,2,100,,10184,1014,,,2,100,,10168,1014,,,2,100,,10183,1014,,,2
5000,'F9',616,,10209,1014,,,2,98,,10204,1014,,,2,102,,10200,1014,,,2,97,,10201,1014,,,2,103,,10202,1014,,,2,96,,10196,1014,,,2,102,,10192,1014,,,2,98,,10210,1014,,,2,99,,10205,1014,,,2,103,,10206,1014,,,2,103,,10207,1014,,,2,103,,10208,1014,,,2,96,,10193,1014,,,2,100,,10194,1014,,,2,100,,10197,1014,,,2,100,,10203,1014,,,2,97,,10198,1014,,,2,103,,10199,1014,,,2,101,,10191,1014,,,2,99,,10195,1014,,,2
5000,'SA',616,,10229,1014,,,2,98,,10224,1014,,,2,102,,10220,1014,,,2,97,,10221,1014,,,2,103,,10222,1014,,,2,96,,10216,1014,,,2,102,,10212,1014,,,2,98,,10230,1014,,,2,99,,10225,1014,,,2,103,,10226,1014,,,2,103,,10227,1014,,,2,103,,10228,1014,,,2,96,,10213,1014,,,2,100,,10214,1014,,,2,100,,10217,1014,,,2,100,,10223,1014,,,2,97,,10218,1014,,,2,103,,10219,1014,,,2,101,,10211,1014,,,2,99,,10215,1014,,,2
5000,'SE',706,,10231,1014,,,2,30,,10233,1014,,,2,70,,10243,1014,,,2,33,,10241,1014,,,2,67,,10254,1014,,,2,100,,10256,1014,,,2,100,,10255,1014,,,2,100,,10245,1014,,,2,100,,10246,1014,,,2,99,,10234,1014,,,2,102,,10238,1014,,,2,28,,10257,1014,,,2,70,,10239,1014,,,2,34,,10258,1014,,,2,66,,10253,1014,,,2,30,,10248,1014,,,2,70,,10247,1014,,,2,31,,10235,1014,,,2,70,,10249,1014,,,2,100,,10232,1014,,,2,100,,10237,1014,,,2,100,,10250,1014,,,2,100,,10252,1014,,,2,100,,10236,1014,,,2,100,,10251,1014,,,2
6000,'F8',624,,10967,994,,,1,84,,10958,994,,,1,38,,10959,994,,,1,85,,10961,994,,,1,101,,10960,994,,,1,100,,10947,994,,,1,100,,10951,994,,,1,100,,10957,994,,,1,100,,10948,994,,,1,100,,10956,994,,,1,92,,10962,994,,,1,24,,10952,994,,,1,70,,10949,994,,,1,28,,10950,994,,,1,68,,10963,994,,,1,28,,10964,994,,,1,66,,10953,994,,,1,30,,10969,994,,,1,69,,10965,994,,,1,99,,10968,994,,,1,100,,10970,994,,,1,100,,10966,994,,,1,50,,10955,994,,,1,100,,10954,994,,,1
6000,'SE',624,,10991,994,,,1,84,,10982,994,,,1,38,,10983,994,,,1,85,,10985,994,,,1,101,,10984,994,,,1,100,,10971,994,,,1,100,,10975,994,,,1,100,,10981,994,,,1,100,,10972,994,,,1,100,,10980,994,,,1,92,,10986,994,,,1,24,,10976,994,,,1,70,,10973,994,,,1,28,,10974,994,,,1,68,,10987,994,,,1,28,,10988,994,,,1,66,,10977,994,,,1,30,,10993,994,,,1,69,,10989,994,,,1,99,,10992,994,,,1,100,,10994,994,,,1,100,,10990,994,,,1,50,,10979,994,,,1,100,,10978,994,,,1
16000,'DI',653,,16575,994,0,19 20,1,100,,16570,994,0,19 20,1,100,,16582,994,0,19 20,1,100,,16579,994,0,19 20,1,100,,16583,994,0,19 20,1,100,,16572,994,0,19 20,1,100,,16577,994,0,19 20,1,100,,16578,994,0,19 20,1,100,,16573,994,0,19 20,1,100,,16584,994,0,19 20,1,100,,16576,994,0,19 20,1,100,,16574,994,0,19 20,1,100,,16580,994,0,19 20,1,102,,16571,994,0,19 20,1,98,,16581,994,0,19 20,1
16000,'F1',653,,16595,994,0,19 20,1,99,,16598,994,0,19 20,1,101,,16588,994,0,19 20,1,100,,16585,994,0,19 20,1,100,,16596,994,0,19 20,1,99,,16591,994,0,19 20,1,101,,16589,994,0,19 20,1,100,,16586,994,0,19 20,1,100,,16592,994,0,19 20,1,100,,16599,994,0,19 20,1,100,,16587,994,0,19 20,1,100,,16593,994,0,19 20,1,100,,16597,994,0,19 20,1,101,,16594,994,0,19 20,1,99,,16590,994,0,19 20,1
16000,'F7',653,,16605,994,0,19 20,1,100,,16600,994,0,19 20,1,100,,16612,994,0,19 20,1,100,,16609,994,0,19 20,1,100,,16613,994,0,19 20,1,100,,16602,994,0,19 20,1,100,,16607,994,0,19 20,1,100,,16608,994,0,19 20,1,100,,16603,994,0,19 20,1,100,,16614,994,0,19 20,1,100,,16606,994,0,19 20,1,100,,16604,994,0,19 20,1,100,,16610,994,0,19 20,1,102,,16601,994,0,19 20,1,98,,16611,994,0,19 20,1
16000,'F8',607,,16619,994,0,19 20,1,95,,16622,994,0,19 20,1,40,,16620,994,0,19 20,1,92,,16623,994,0,19 20,1,90,,16621,994,0,19 20,1,86,,16618,994,0,19 20,1,100,,16615,994,0,19 20,1,100,,16628,994,0,19 20,1,100,,16629,994,0,19 20,1,100,,16631,994,0,19 20,1,98,,16633,994,0,19 20,1,24,,16627,994,0,19 20,1,72,,16635,994,0,19 20,1,28,,16632,994,0,19 20,1,68,,16624,994,0,19 20,1,28,,16634,994,0,19 20,1,30,,16616,994,0,19 20,1,70,,16630,994,0,19 20,1,30,,16625,994,0,19 20,1,87,,16636,994,0,19 20,1,100,,16617,994,0,19 20,1,100,,16637,994,0,19 20,1,92,,16626,994,0,19 20,1,100,,16638,994,0,19 20,1
16000,'F9',653,,16649,994,0,19 20,1,99,,16652,994,0,19 20,1,101,,16642,994,0,19 20,1,100,,16639,994,0,19 20,1,100,,16650,994,0,19 20,1,99,,16645,994,0,19 20,1,101,,16643,994,0,19 20,1,100,,16640,994,0,19 20,1,100,,16646,994,0,19 20,1,100,,16653,994,0,19 20,1,100,,16641,994,0,19 20,1,100,,16647,994,0,19 20,1,100,,16651,994,0,19 20,1,101,,16648,994,0,19 20,1,99,,16644,994,0,19 20,1
16000,'SA',653,,16664,994,0,19 20,1,99,,16667,994,0,19 20,1,101,,16657,994,0,19 20,1,100,,16654,994,0,19 20,1,100,,16665,994,0,19 20,1,99,,16660,994,0,19 20,1,101,,16658,994,0,19 20,1,100,,16655,994,0,19 20,1,100,,16661,994,0,19 20,1,100,,16668,994,0,19 20,1,100,,16656,994,0,19 20,1,100,,16662,994,0,19 20,1,100,,16666,994,0,19 20,1,101,,16663,994,0,19 20,1,99,,16659,994,0,19 20,1
16000,'SE',607,,16673,994,0,19 20,1,95,,16676,994,0,19 20,1,40,,16674,994,0,19 20,1,92,,16677,994,0,19 20,1,90,,16675,994,0,19 20,1,86,,16672,994,0,19 20,1,100,,16669,994,0,19 20,1,100,,16682,994,0,19 20,1,100,,16683,994,0,19 20,1,100,,16685,994,0,19 20,1,98,,16687,994,0,19 20,1,24,,16681,994,0,19 20,1,72,,16689,994,0,19 20,1,28,,16686,994,0,19 20,1,68,,16678,994,0,19 20,1,28,,16688,994,0,19 20,1,30,,16670,994,0,19 20,1,70,,16684,994,0,19 20,1,30,,16679,994,0,19 20,1,87,,16690,994,0,19 20,1,100,,16671,994,0,19 20,1,100,,16691,994,0,19 20,1,92,,16680,994,0,19 20,1,100,,16692,994,0,19 20,1
54201,'F8',858,,18800,1080,,,2
54201,'SE',858,,18801,1080,,,2
