2301,'F1',619,,27490,6812,,,1,103,,27491,6812,,,1,102,,27492,6812,,,1,100,,27487,6812,,,1,103,,27483,6812,,,1,99,,27485,6812,,,1,103,,27486,6812,,,1,97,,27493,6812,,,1,99,,27484,6812,,,1,100,,27488,6812,,,1,100,,27489,6812,,,1,100,,27494,6812,,,1
2301,'F2',619,,27502,6812,,,1,103,,27503,6812,,,1,102,,27504,6812,,,1,100,,27495,6812,,,1,103,,27496,6812,,,1,99,,27498,6812,,,1,103,,27499,6812,,,1,97,,27505,6812,,,1,99,,27506,6812,,,1,100,,27501,6812,,,1,100,,27500,6812,,,1,100,,27497,6812,,,1
2301,'F7',1027,,27509,6812,,,1,101,,27507,6812,,,1,100,,27510,6812,,,1,101,,27511,6812,,,1,99,,27508,6812,,,1
2301,'F8',619,,27519,6812,,,1,103,,27520,6812,,,1,102,,27521,6812,,,1,100,,27512,6812,,,1,103,,27513,6812,,,1,99,,27515,6812,,,1,103,,27516,6812,,,1,97,,27522,6812,,,1,99,,27523,6812,,,1,100,,27518,6812,,,1,100,,27517,6812,,,1,100,,27514,6812,,,1
2301,'SA',619,,27531,6812,,,1,103,,27532,6812,,,1,102,,27533,6812,,,1,100,,27524,6812,,,1,103,,27525,6812,,,1,99,,27527,6812,,,1,103,,27528,6812,,,1,97,,27534,6812,,,1,99,,27535,6812,,,1,100,,27530,6812,,,1,100,,27529,6812,,,1,100,,27526,6812,,,1
2301,'SE',1027,,27538,6812,,,1,101,,27536,6812,,,1,100,,27539,6812,,,1,101,,27540,6812,,,1,99,,27537,6812,,,1
12301,'DI',553,,37798,21109,,,1,100,,37808,21109,,,1,100,,37799,21109,,,1,100,,37809,21109,,,1,102,,37800,21109,,,1,100,,37810,21109,,,1,100,,37801,21109,,,1,100,,37811,21109,,,1,100,,37802,21109,,,1,100,,37812,21109,,,1,100,,37803,21109,,,1,100,,37813,21109,,,1,100,,37804,21109,,,1,100,,37814,21109,,,1,100,,37805,21109,,,1,98,,37815,21109,,,1,100,,37806,21109,,,1,100,,37816,21109,,,1,100,,37807,21109,,,1,100,,37817,21109,,,1
12301,'F1',552,,37826,21109,,,1,100,,37831,21109,,,1,100,,37827,21109,,,1,101,,37832,21109,,,1,100,,37820,21109,,,1,100,,37833,21109,,,1,100,,37821,21109,,,1,100,,37818,21109,,,1,100,,37822,21109,,,1,100,,37819,21109,,,1,100,,37823,21109,,,1,100,,37824,21109,,,1,100,,37834,21109,,,1,100,,37825,21109,,,1,100,,37835,21109,,,1,100,,37828,21109,,,1,100,,37836,21109,,,1,100,,37829,21109,,,1,100,,37837,21109,,,1,100,,37830,21109,,,1
12301,'F2',552,,37840,21109,,,1,100,,37838,21109,,,1,100,,37841,21109,,,1,101,,37839,21109,,,1,100,,37842,21109,,,1,100,,37850,21109,,,1,100,,37843,21109,,,1,100,,37851,21109,,,1,100,,37844,21109,,,1,100,,37852,21109,,,1,100,,37845,21109,,,1,100,,37853,21109,,,1,100,,37846,21109,,,1,100,,37854,21109,,,1,100,,37847,21109,,,1,100,,37855,21109,,,1,100,,37848,21109,,,1,100,,37856,21109,,,1,100,,37849,21109,,,1,100,,37857,21109,,,1
12301,'F7',539,,37869,21109,,,1,70,,37879,21109,,,1,20,,37862,21109,,,1,26,,37861,21109,,,1,55,,37863,21109,,,1,27,,37864,21109,,,1,70,,37858,21109,,,1,28,,37859,21109,,,1,70,,37860,21109,,,1,27,,37880,21109,,,1,70,,37883,21109,,,1,56,,37870,21109,,,1,142,,37866,21109,,,1,100,,37876,21109,,,1,100,,37881,21109,,,1,100,,37886,21109,,,1,11,,37874,21109,,,1,27,,37887,21109,,,1,20,,37889,21109,,,1,55,,37875,21109,,,1,19,,37873,21109,,,1,6,,37884,21109,,,1,16,,37890,21109,,,1,50,,37892,21109,,,1,6,,37878,21109,,,1,24,,37877,21109,,,1,66,,37888,21109,,,1,27,,37893,21109,,,1,31,,37868,21109,,,1,66,,37865,21109,,,1,34,,37867,21109,,,1,68,,37885,21109,,,1,30,,37882,21109,,,1,98,,37891,21109,,,1,97,,37871,21109,,,1,100,,37894,21109,,,1,157,,37872,21109,,,1
12301,'F8',552,,37897,21109,,,1,100,,37895,21109,,,1,100,,37898,21109,,,1,101,,37896,21109,,,1,100,,37899,21109,,,1,100,,37907,21109,,,1,100,,37900,21109,,,1,100,,37908,21109,,,1,100,,37901,21109,,,1,100,,37909,21109,,,1,100,,37902,21109,,,1,100,,37910,21109,,,1,100,,37903,21109,,,1,100,,37911,21109,,,1,100,,37904,21109,,,1,100,,37912,21109,,,1,100,,37905,21109,,,1,100,,37913,21109,,,1,100,,37906,21109,,,1,100,,37914,21109,,,1
12301,'F9',553,,37915,21109,,,1,100,,37925,21109,,,1,100,,37916,21109,,,1,100,,37926,21109,,,1,102,,37917,21109,,,1,100,,37927,21109,,,1,100,,37918,21109,,,1,100,,37928,21109,,,1,100,,37919,21109,,,1,100,,37929,21109,,,1,100,,37920,21109,,,1,100,,37930,21109,,,1,100,,37921,21109,,,1,100,,37931,21109,,,1,100,,37922,21109,,,1,98,,37932,21109,,,1,100,,37923,21109,,,1,100,,37933,21109,,,1,100,,37924,21109,,,1,100,,37934,21109,,,1
12301,'SA',552,,37937,21109,,,1,100,,37935,21109,,,1,100,,37938,21109,,,1,101,,37936,21109,,,1,100,,37939,21109,,,1,100,,37947,21109,,,1,100,,37940,21109,,,1,100,,37948,21109,,,1,100,,37941,21109,,,1,100,,37949,21109,,,1,100,,37942,21109,,,1,100,,37950,21109,,,1,100,,37943,21109,,,1,100,,37951,21109,,,1,100,,37944,21109,,,1,100,,37952,21109,,,1,100,,37945,21109,,,1,100,,37953,21109,,,1,100,,37946,21109,,,1,100,,37954,21109,,,1
12301,'SE',539,,37966,21109,,,1,70,,37976,21109,,,1,20,,37959,21109,,,1,26,,37958,21109,,,1,55,,37960,21109,,,1,27,,37961,21109,,,1,70,,37955,21109,,,1,28,,37956,21109,,,1,70,,37957,21109,,,1,27,,37977,21109,,,1,70,,37980,21109,,,1,56,,37967,21109,,,1,142,,37963,21109,,,1,100,,37973,21109,,,1,100,,37978,21109,,,1,100,,37983,21109,,,1,11,,37971,21109,,,1,27,,37984,21109,,,1,20,,37986,21109,,,1,55,,37972,21109,,,1,19,,37970,21109,,,1,6,,37981,21109,,,1,16,,37987,21109,,,1,50,,37989,21109,,,1,6,,37975,21109,,,1,24,,37974,21109,,,1,66,,37985,21109,,,1,27,,37990,21109,,,1,31,,37965,21109,,,1,66,,37962,21109,,,1,34,,37964,21109,,,1,68,,37982,21109,,,1,30,,37979,21109,,,1,98,,37988,21109,,,1,97,,37968,21109,,,1,100,,37991,21109,,,1,157,,37969,21109,,,1
17001,'F7',519,,38915,3808,0,48 49,2,30,,38916,3808,0,48 49,2,62,,38899,3808,0,48 49,2,30,,38903,3808,0,48 49,2,70,,38900,3808,0,48 49,2,31,,38904,3808,0,48 49,2,69,,38901,3808,0,48 49,2,35,,38905,3808,0,48 49,2,70,,38902,3808,0,48 49,2,616,,38911,3808,0,48 49,2,70,,38906,3808,0,48 49,2,30,,38912,3808,0,48 49,2,70,,38907,3808,0,48 49,2,30,,38913,3808,0,48 49,2,70,,38908,3808,0,48 49,2,30,,38914,3808,0,48 49,2,70,,38909,3808,0,48 49,2
17001,'SE',519,,38933,3808,0,48 49,2,30,,38934,3808,0,48 49,2,62,,38917,3808,0,48 49,2,30,,38921,3808,0,48 49,2,70,,38918,3808,0,48 49,2,31,,38922,3808,0,48 49,2,69,,38919,3808,0,48 49,2,35,,38923,3808,0,48 49,2,70,,38920,3808,0,48 49,2,616,,38929,3808,0,48 49,2,70,,38924,3808,0,48 49,2,30,,38930,3808,0,48 49,2,70,,38925,3808,0,48 49,2,30,,38931,3808,0,48 49,2,70,,38926,3808,0,48 49,2,30,,38932,3808,0,48 49,2,70,,38927,3808,0,48 49,2
