600,'DI',653,,1142,4,,1,70,,1141,4,,1,30,,1125,4,,1,71,,1151,4,,1,30,,1122,4,,1,70,,1120,4,,1,31,,1146,4,,1,70,,1150,4,,1,30,,1132,4,,1,69,,1126,4,,1,31,,1149,4,,1,70,,1143,4,,1,30,,1123,4,,1,74,,1128,4,,1,29,,1144,4,,1,70,,1124,4,,1,27,,1127,4,,1,73,,1145,4,,1,30,,1134,4,,1,69,,1137,4,,1,31,,1129,4,,1,67,,1135,4,,1,30,,1138,4,,1,70,,1130,4,,1,26,,1136,4,,1,71,,1148,4,,1,104,,1133,4,,1,100,,1139,4,,1,99,,1131,4,,1,100,,1121,4,,1,100,,1147,4,,1,100,,1140,4,,1
600,'F1',653,,1174,4,,1,71,,1183,4,,1,29,,1162,4,,1,70,,1157,4,,1,34,,1163,4,,1,66,,1180,4,,1,35,,1167,4,,1,63,,1164,4,,1,32,,1179,4,,1,69,,1168,4,,1,30,,1177,4,,1,78,,1152,4,,1,70,,1178,4,,1,27,,1169,4,,1,31,,1154,4,,1,67,,1158,4,,1,30,,1170,4,,1,70,,1181,4,,1,30,,1175,4,,1,70,,1171,4,,1,30,,1182,4,,1,70,,1176,4,,1,30,,1172,4,,1,70,,1165,4,,1,28,,1153,4,,1,70,,1159,4,,1,105,,1161,4,,1,100,,1166,4,,1,99,,1155,4,,1,100,,1160,4,,1,100,,1173,4,,1,100,,1156,4,,1
600,'SA',653,,1206,4,,1,71,,1215,4,,1,29,,1194,4,,1,70,,1189,4,,1,34,,1195,4,,1,66,,1212,4,,1,35,,1199,4,,1,63,,1196,4,,1,32,,1211,4,,1,69,,1200,4,,1,30,,1209,4,,1,78,,1184,4,,1,70,,1210,4,,1,27,,1201,4,,1,31,,1186,4,,1,67,,1190,4,,1,30,,1202,4,,1,70,,1213,4,,1,30,,1207,4,,1,70,,1203,4,,1,30,,1214,4,,1,70,,1208,4,,1,30,,1204,4,,1,70,,1197,4,,1,28,,1185,4,,1,70,,1191,4,,1,105,,1193,4,,1,100,,1198,4,,1,99,,1187,4,,1,100,,1192,4,,1,100,,1205,4,,1,100,,1188,4,,1
600,'SE',603,,1233,4,,1,30,,1237,4,,1,70,,1223,4,,1,34,,1243,4,,1,73,,1216,4,,1,27,,1244,4,,1,73,,1228,4,,1,27,,1238,4,,1,70,,1221,4,,1,30,,1229,4,,1,70,,1224,4,,1,30,,1232,4,,1,72,,1239,4,,1,30,,1235,4,,1,70,,1222,4,,1,30,,1249,4,,1,70,,1225,4,,1,31,,1240,4,,1,70,,1217,4,,1,32,,1251,4,,1,70,,1245,4,,1,29,,1242,4,,1,78,,1246,4,,1,25,,1227,4,,1,68,,1234,4,,1,28,,1230,4,,1,68,,1218,4,,1,30,,1247,4,,1,68,,1250,4,,1,30,,1248,4,,1,69,,1241,4,,1,30,,1226,4,,1,100,,1219,4,,1,100,,1220,4,,1,100,,1231,4,,1,100,,1236,4,,1
601,'DI',559,,1257,,,1,70,,1270,,,1,30,,1275,,,1,70,,1274,,,1,30,,1258,,,1,70,,1283,,,1,30,,1254,,,1,70,,1252,,,1,72,,1279,,,1,30,,1261,,,1,70,,1282,,,1,30,,1259,,,1,70,,1265,,,1,33,,1276,,,1,70,,1255,,,1,30,,1262,,,1,70,,1277,,,1,30,,1256,,,1,70,,1260,,,1,30,,1278,,,1,70,,1267,,,1,30,,1271,,,1,70,,1263,,,1,30,,1268,,,1,70,,1272,,,1,30,,1269,,,1,100,,1281,,,1,100,,1266,,,1,100,,1273,,,1,100,,1264,,,1,100,,1253,,,1,100,,1280,,,1
601,'F1',559,,1286,,,1,70,,1289,,,1,30,,1305,,,1,70,,1315,,,1,30,,1294,,,1,70,,1290,,,1,74,,1295,,,1,26,,1312,,,1,74,,1299,,,1,23,,1296,,,1,75,,1310,,,1,26,,1284,,,1,30,,1308,,,1,78,,1285,,,1,70,,1309,,,1,29,,1300,,,1,70,,1287,,,1,30,,1291,,,1,70,,1301,,,1,30,,1313,,,1,70,,1306,,,1,30,,1302,,,1,70,,1314,,,1,30,,1307,,,1,70,,1303,,,1,30,,1297,,,1,100,,1292,,,1,100,,1311,,,1,100,,1298,,,1,100,,1288,,,1,100,,1293,,,1,100,,1304,,,1
601,'SA',559,,1318,,,1,70,,1321,,,1,30,,1337,,,1,70,,1347,,,1,30,,1326,,,1,70,,1322,,,1,74,,1327,,,1,26,,1344,,,1,74,,1331,,,1,23,,1328,,,1,75,,1342,,,1,26,,1316,,,1,30,,1340,,,1,78,,1317,,,1,70,,1341,,,1,29,,1332,,,1,70,,1319,,,1,30,,1323,,,1,70,,1333,,,1,30,,1345,,,1,70,,1338,,,1,30,,1334,,,1,70,,1346,,,1,30,,1339,,,1,70,,1335,,,1,30,,1329,,,1,100,,1324,,,1,100,,1343,,,1,100,,1330,,,1,100,,1320,,,1,100,,1325,,,1,100,,1336,,,1
601,'SE',515,,1361,,,1,30,,1363,,,1,70,,1364,,,1,30,,1369,,,1,63,,1354,,,1,37,,1375,,,1,70,,1348,,,1,32,,1355,,,1,68,,1362,,,1,30,,1371,,,1,70,,1353,,,1,30,,1365,,,1,70,,1358,,,1,30,,1366,,,1,70,,1372,,,1,30,,1370,,,1,70,,1367,,,1,30,,1381,,,1,70,,1356,,,1,30,,1373,,,1,70,,1349,,,1,25,,1359,,,1,78,,1376,,,1,27,,1382,,,1,72,,1378,,,1,25,,1377,,,1,73,,1384,,,1,30,,1368,,,1,70,,1350,,,1,30,,1379,,,1,70,,1383,,,1,30,,1380,,,1,70,,1374,,,1,30,,1360,,,1,100,,1351,,,1,100,,1352,,,1,100,,1357,,,1
1300,'DI',714,,1949,4,,1,100,,1945,4,,1,100,,1950,4,,1,100,,1946,4,,1,101,,1951,4,,1,100,,1947,4,,1,100,,1952,4,,1,95,,1948,4,,1,105,,1960,4,,1,100,,1959,4,,1,100,,1963,4,,1,100,,1962,4,,1,99,,1954,4,,1,100,,1961,4,,1,100,,1957,4,,1,100,,1955,4,,1,100,,1953,4,,1,100,,1958,4,,1,100,,1956,4,,1
1300,'F1',714,,1968,4,,1,100,,1971,4,,1,100,,1973,4,,1,101,,1974,4,,1,100,,1977,4,,1,100,,1975,4,,1,100,,1978,4,,1,100,,1976,4,,1,100,,1979,4,,1,100,,1966,4,,1,100,,1982,4,,1,100,,1969,4,,1,99,,1967,4,,1,100,,1972,4,,1,100,,1965,4,,1,100,,1983,4,,1,100,,1980,4,,1,100,,1964,4,,1,100,,1981,4,,1,100,,1970,4,,1
1300,'SA',714,,1988,4,,1,100,,1991,4,,1,100,,1993,4,,1,101,,1994,4,,1,100,,1997,4,,1,100,,1995,4,,1,100,,1998,4,,1,100,,1996,4,,1,100,,1999,4,,1,100,,1986,4,,1,100,,2002,4,,1,100,,1989,4,,1,99,,1987,4,,1,100,,1992,4,,1,100,,1985,4,,1,100,,2003,4,,1,100,,2000,4,,1,100,,1984,4,,1,100,,2001,4,,1,100,,1990,4,,1
1300,'SE',620,,2013,4,,1,33,,2033,4,,1,67,,2016,4,,1,33,,2007,4,,1,55,,2034,4,,1,15,,2036,4,,1,15,,2008,4,,1,65,,2014,4,,1,25,,2032,4,,1,28,,2024,4,,1,70,,2015,4,,1,30,,2041,4,,1,70,,2005,4,,1,30,,2017,4,,1,70,,2009,4,,1,31,,2018,4,,1,70,,2022,4,,1,30,,2037,4,,1,70,,2042,4,,1,30,,2025,4,,1,72,,2006,4,,1,30,,2027,4,,1,63,,2031,4,,1,20,,2039,4,,1,15,,2010,4,,1,54,,2035,4,,1,10,,2012,4,,1,14,,2019,4,,1,20,,2004,4,,1,60,,2030,4,,1,20,,2044,4,,1,65,,2026,4,,1,28,,2043,4,,1,72,,2023,4,,1,30,,2011,4,,1,70,,2020,4,,1,28,,2040,4,,1,100,,2038,4,,1,100,,2021,4,,1,100,,2028,4,,1,103,,2029,4,,1
1301,'DI',620,,2045,,,1,100,,2049,,,1,100,,2046,,,1,100,,2050,,,1,100,,2047,,,1,100,,2051,,,1,100,,2048,,,1,100,,2052,,,1,100,,2059,,,1,100,,2060,,,1,100,,2058,,,1,100,,2063,,,1,100,,2062,,,1,100,,2054,,,1,100,,2061,,,1,100,,2056,,,1,100,,2055,,,1,100,,2053,,,1,100,,2057,,,1,100,,2064,,,1
1301,'F1',620,,2071,,,1,100,,2069,,,1,100,,2072,,,1,100,,2074,,,1,100,,2075,,,1,100,,2078,,,1,100,,2076,,,1,100,,2079,,,1,100,,2077,,,1,100,,2080,,,1,100,,2067,,,1,100,,2083,,,1,100,,2070,,,1,100,,2068,,,1,100,,2073,,,1,100,,2066,,,1,100,,2084,,,1,100,,2081,,,1,100,,2065,,,1,100,,2082,,,1
1301,'SA',620,,2091,,,1,100,,2089,,,1,100,,2092,,,1,100,,2094,,,1,100,,2095,,,1,100,,2098,,,1,100,,2096,,,1,100,,2099,,,1,100,,2097,,,1,100,,2100,,,1,100,,2087,,,1,100,,2103,,,1,100,,2090,,,1,100,,2088,,,1,100,,2093,,,1,100,,2086,,,1,100,,2104,,,1,100,,2101,,,1,100,,2085,,,1,100,,2102,,,1
1301,'SE',527,,2118,,,1,32,,2119,,,1,70,,2117,,,1,16,,2111,,,1,14,,2138,,,1,53,,2116,,,1,14,,2113,,,1,19,,2108,,,1,55,,2112,,,1,13,,2139,,,1,15,,2130,,,1,15,,2131,,,1,60,,2126,,,1,30,,2121,,,1,70,,2132,,,1,30,,2122,,,1,70,,2125,,,1,30,,2105,,,1,70,,2109,,,1,30,,2120,,,1,70,,2137,,,1,30,,2127,,,1,70,,2141,,,1,30,,2147,,,1,69,,2133,,,1,34,,2110,,,1,69,,2134,,,1,27,,2106,,,1,15,,2144,,,1,60,,2114,,,1,22,,2129,,,1,18,,2142,,,1,60,,2107,,,1,29,,2140,,,1,70,,2146,,,1,30,,2148,,,1,70,,2128,,,1,30,,2115,,,1,70,,2123,,,1,30,,2145,,,1,100,,2143,,,1,100,,2124,,,1,100,,2135,,,1,100,,2136,,,1
1500,'DI',750,,2212,4,,1,102,,2206,4,,1,100,,2202,4,,1,100,,2200,4,,1,100,,2211,4,,1,100,,2213,4,,1,100,,2215,4,,1,100,,2203,4,,1,100,,2207,4,,1,100,,2214,4,,1,100,,2209,4,,1,100,,2216,4,,1,97,,2204,4,,1,100,,2201,4,,1,100,,2208,4,,1,100,,2205,4,,1,100,,2217,4,,1,100,,2210,4,,1,100,,2218,4,,1
1500,'F1',751,,2228,4,,1,100,,2225,4,,1,100,,2232,4,,1,100,,2222,4,,1,107,,2229,4,,1,95,,2227,4,,1,100,,2233,4,,1,100,,2223,4,,1,100,,2226,4,,1,100,,2219,4,,1,100,,2230,4,,1,100,,2235,4,,1,100,,2224,4,,1,98,,2231,4,,1,100,,2234,4,,1,100,,2236,4,,1,100,,2220,4,,1,100,,2237,4,,1,100,,2221,4,,1
1500,'SA',751,,2247,4,,1,100,,2244,4,,1,100,,2251,4,,1,100,,2241,4,,1,107,,2248,4,,1,95,,2246,4,,1,100,,2252,4,,1,100,,2242,4,,1,100,,2245,4,,1,100,,2238,4,,1,100,,2249,4,,1,100,,2254,4,,1,100,,2243,4,,1,98,,2250,4,,1,100,,2253,4,,1,100,,2255,4,,1,100,,2239,4,,1,100,,2256,4,,1,100,,2240,4,,1
1500,'SE',614,,2270,4,,1,30,,2268,4,,1,74,,2277,4,,1,28,,2264,4,,1,75,,2288,4,,1,26,,2290,4,,1,73,,2278,4,,1,30,,2275,4,,1,68,,2265,4,,1,30,,2269,4,,1,70,,2281,4,,1,30,,2279,4,,1,70,,2276,4,,1,30,,2282,4,,1,70,,2266,4,,1,30,,2259,4,,1,70,,2280,4,,1,30,,2263,4,,1,74,,2274,4,,1,30,,2293,4,,1,65,,2292,4,,1,34,,2287,4,,1,82,,2283,4,,1,18,,2267,4,,1,70,,2272,4,,1,30,,2291,4,,1,68,,2257,4,,1,27,,2284,4,,1,70,,2273,4,,1,30,,2271,4,,1,70,,2289,4,,1,30,,2286,4,,1,70,,2258,4,,1,30,,2261,4,,1,100,,2260,4,,1,97,,2285,4,,1,100,,2262,4,,1
1501,'DI',645,,2306,,,1,100,,2300,,,1,100,,2296,,,1,100,,2294,,,1,100,,2305,,,1,100,,2307,,,1,100,,2309,,,1,100,,2297,,,1,100,,2301,,,1,100,,2308,,,1,100,,2303,,,1,100,,2310,,,1,100,,2298,,,1,100,,2295,,,1,100,,2302,,,1,100,,2299,,,1,100,,2311,,,1,100,,2304,,,1,100,,2312,,,1
1501,'F1',645,,2322,,,1,100,,2319,,,1,100,,2326,,,1,100,,2316,,,1,100,,2323,,,1,100,,2321,,,1,100,,2327,,,1,100,,2317,,,1,100,,2320,,,1,102,,2313,,,1,98,,2324,,,1,100,,2329,,,1,100,,2318,,,1,100,,2325,,,1,100,,2328,,,1,100,,2330,,,1,100,,2314,,,1,100,,2331,,,1,100,,2315,,,1
1501,'SA',645,,2341,,,1,100,,2338,,,1,100,,2345,,,1,100,,2335,,,1,100,,2342,,,1,100,,2340,,,1,100,,2346,,,1,100,,2336,,,1,100,,2339,,,1,102,,2332,,,1,98,,2343,,,1,100,,2348,,,1,100,,2337,,,1,100,,2344,,,1,100,,2347,,,1,100,,2349,,,1,100,,2333,,,1,100,,2350,,,1,100,,2334,,,1
1501,'SE',509,,2363,,,1,46,,2365,,,1,70,,2354,,,1,30,,2360,,,1,60,,2361,,,1,20,,2385,,,1,20,,2355,,,1,70,,2351,,,1,30,,2386,,,1,70,,2374,,,1,30,,2371,,,1,70,,2356,,,1,30,,2372,,,1,70,,2377,,,1,30,,2353,,,1,70,,2373,,,1,30,,2378,,,1,70,,2387,,,1,30,,2388,,,1,70,,2375,,,1,30,,2389,,,1,71,,2358,,,1,23,,2357,,,1,79,,2380,,,1,27,,2364,,,1,70,,2369,,,1,32,,2359,,,1,68,,2376,,,1,30,,2367,,,1,70,,2382,,,1,30,,2383,,,1,70,,2366,,,1,30,,2362,,,1,70,,2384,,,1,30,,2381,,,1,70,,2352,,,1,100,,2370,,,1,100,,2368,,,1,100,,2379,,,1
4200,'DI',611,,4761,,,1,100,,4744,,,1,100,,4745,,,1,100,,4746,,,1,100,,4747,,,1,100,,4748,,,1,100,,4749,,,1,100,,4750,,,1,100,,4751,,,1,100,,4752,,,1,100,,4753,,,1,100,,4754,,,1,100,,4755,,,1,100,,4762,,,1,100,,4763,,,1,100,,4756,,,1,100,,4757,,,1,100,,4758,,,1,100,,4759,,,1,100,,4760,,,1
4200,'F1',611,,4764,,,1,100,,4765,,,1,100,,4766,,,1,100,,4767,,,1,100,,4768,,,1,100,,4769,,,1,100,,4770,,,1,100,,4771,,,1,100,,4772,,,1,100,,4773,,,1,100,,4774,,,1,100,,4775,,,1,100,,4776,,,1,100,,4777,,,1,100,,4778,,,1,100,,4779,,,1,100,,4780,,,1,100,,4781,,,1,100,,4782,,,1,100,,4783,,,1
4200,'SA',611,,4784,,,1,100,,4785,,,1,100,,4786,,,1,100,,4787,,,1,100,,4788,,,1,100,,4789,,,1,100,,4790,,,1,100,,4791,,,1,100,,4792,,,1,100,,4793,,,1,100,,4794,,,1,100,,4795,,,1,100,,4796,,,1,100,,4797,,,1,100,,4798,,,1,100,,4799,,,1,100,,4800,,,1,100,,4801,,,1,100,,4802,,,1,100,,4803,,,1
4200,'SE',553,,4840,,,1,76,,4814,,,1,28,,4811,,,1,53,,4805,,,1,5,,4835,,,1,4,,4815,,,1,6,,4813,,,1,6,,4806,,,1,24,,4834,,,1,62,,4812,,,1,29,,4841,,,1,69,,4847,,,1,30,,4838,,,1,70,,4808,,,1,30,,4816,,,1,70,,4832,,,1,30,,4846,,,1,70,,4819,,,1,30,,4818,,,1,70,,4845,,,1,30,,4817,,,1,70,,4833,,,1,30,,4809,,,1,69,,4839,,,1,24,,4831,,,1,16,,4820,,,1,55,,4821,,,1,14,,4848,,,1,14,,4804,,,1,14,,4823,,,1,54,,4807,,,1,14,,4822,,,1,14,,4849,,,1,15,,4810,,,1,68,,4842,,,1,30,,4824,,,1,73,,4843,,,1,34,,4825,,,1,70,,4844,,,1,30,,4826,,,1,70,,4836,,,1,30,,4827,,,1,70,,4837,,,1,91,,4828,,,1,100,,4829,,,1,100,,4830,,,1
4201,'DI',603,,4866,4,,1,100,,4867,4,,1,100,,4850,4,,1,100,,4851,4,,1,100,,4852,4,,1,100,,4853,4,,1,100,,4854,4,,1,100,,4855,4,,1,100,,4856,4,,1,100,,4857,4,,1,100,,4858,4,,1,100,,4859,4,,1,100,,4860,4,,1,100,,4861,4,,1,99,,4868,4,,1,100,,4869,4,,1,100,,4862,4,,1,100,,4863,4,,1,100,,4864,4,,1,100,,4865,4,,1
4201,'F1',603,,4870,4,,1,100,,4871,4,,1,100,,4872,4,,1,100,,4873,4,,1,100,,4874,4,,1,100,,4875,4,,1,100,,4876,4,,1,100,,4877,4,,1,100,,4878,4,,1,100,,4879,4,,1,100,,4880,4,,1,100,,4881,4,,1,100,,4882,4,,1,100,,4883,4,,1,99,,4884,4,,1,100,,4885,4,,1,100,,4886,4,,1,100,,4887,4,,1,100,,4888,4,,1,100,,4889,4,,1
4201,'SA',603,,4890,4,,1,100,,4891,4,,1,100,,4892,4,,1,100,,4893,4,,1,100,,4894,4,,1,100,,4895,4,,1,100,,4896,4,,1,100,,4897,4,,1,100,,4898,4,,1,100,,4899,4,,1,100,,4900,4,,1,100,,4901,4,,1,100,,4902,4,,1,100,,4903,4,,1,99,,4904,4,,1,100,,4905,4,,1,100,,4906,4,,1,100,,4907,4,,1,100,,4908,4,,1,100,,4909,4,,1
4201,'SE',533,,4913,4,,1,20,,4914,4,,1,70,,4919,4,,1,21,,4950,4,,1,14,,4941,4,,1,55,,4921,4,,1,14,,4920,4,,1,14,,4945,4,,1,14,,4916,4,,1,54,,4910,4,,1,14,,4922,4,,1,14,,4918,4,,1,15,,4944,4,,1,60,,4917,4,,1,30,,4951,4,,1,70,,4957,4,,1,30,,4948,4,,1,70,,4911,4,,1,30,,4923,4,,1,70,,4939,4,,1,30,,4956,4,,1,70,,4926,4,,1,30,,4925,4,,1,70,,4955,4,,1,30,,4924,4,,1,71,,4940,4,,1,4,,4942,4,,1,2,,4943,4,,1,2,,4928,4,,1,22,,4912,4,,1,70,,4949,4,,1,21,,4938,4,,1,16,,4927,4,,1,58,,4929,4,,1,16,,4958,4,,1,28,,4931,4,,1,67,,4930,4,,1,29,,4915,4,,1,64,,4952,4,,1,35,,4932,4,,1,70,,4953,4,,1,30,,4933,4,,1,70,,4954,4,,1,29,,4934,4,,1,69,,4946,4,,1,30,,4935,4,,1,70,,4947,4,,1,90,,4936,4,,1,100,,4937,4,,1
4400,'DI',614,,5042,,,2,101,,5049,,,2,102,,5041,,,2,101,,5056,,,2,96,,5043,,,2,100,,5048,,,2,100,,5044,,,2,100,,5050,,,2,100,,5058,,,2,98,,5057,,,2,103,,5045,,,2,99,,5054,,,2,102,,5059,,,2,98,,5051,,,2,100,,5046,,,2,101,,5052,,,2,99,,5055,,,2,102,,5053,,,2,100,,5047,,,2
4400,'F1',614,,5077,,,2,103,,5074,,,2,97,,5064,,,2,100,,5075,,,2,100,,5065,,,2,100,,5076,,,2,100,,5066,,,2,105,,5072,,,2,100,,5062,,,2,95,,5073,,,2,104,,5078,,,2,100,,5063,,,2,101,,5069,,,2,95,,5067,,,2,100,,5060,,,2,101,,5068,,,2,100,,5061,,,2,99,,5070,,,2,103,,5071,,,2
4400,'SA',614,,5096,,,2,103,,5093,,,2,97,,5083,,,2,100,,5094,,,2,100,,5084,,,2,100,,5095,,,2,100,,5085,,,2,105,,5091,,,2,100,,5081,,,2,95,,5092,,,2,104,,5097,,,2,100,,5082,,,2,101,,5088,,,2,95,,5086,,,2,100,,5079,,,2,101,,5087,,,2,100,,5080,,,2,99,,5089,,,2,103,,5090,,,2
4400,'SE',554,,5100,,,2,56,,5126,,,2,15,,5109,,,2,15,,5098,,,2,14,,5116,,,2,51,,5110,,,2,15,,5112,,,2,15,,5107,,,2,9,,5111,,,2,58,,5113,,,2,18,,5108,,,2,94,,5117,,,2,100,,5104,,,2,100,,5118,,,2,100,,5102,,,2,100,,5114,,,2,100,,5103,,,2,100,,5134,,,2,21,,5133,,,2,15,,5127,,,2,58,,5115,,,2,16,,5128,,,2,14,,5124,,,2,12,,5132,,,2,55,,5130,,,2,15,,5119,,,2,16,,5099,,,2,14,,5123,,,2,56,,5105,,,2,19,,5125,,,2,89,,5131,,,2,100,,5120,,,2,100,,5129,,,2,100,,5101,,,2,100,,5121,,,2,100,,5122,,,2,100,,5106,,,2
4401,'DI',641,,5136,4,,2,101,,5143,4,,2,103,,5135,4,,2,101,,5150,4,,2,96,,5137,4,,2,100,,5142,4,,2,100,,5138,4,,2,100,,5144,4,,2,100,,5152,4,,2,98,,5151,4,,2,105,,5139,4,,2,99,,5148,4,,2,101,,5153,4,,2,97,,5145,4,,2,100,,5140,4,,2,101,,5146,4,,2,99,,5149,4,,2,101,,5147,4,,2,100,,5141,4,,2
4401,'F1',641,,5171,4,,2,103,,5168,4,,2,98,,5158,4,,2,100,,5169,4,,2,100,,5159,4,,2,100,,5170,4,,2,100,,5160,4,,2,105,,5166,4,,2,100,,5156,4,,2,95,,5167,4,,2,106,,5172,4,,2,100,,5157,4,,2,100,,5163,4,,2,94,,5161,4,,2,100,,5154,4,,2,101,,5162,4,,2,100,,5155,4,,2,98,,5164,4,,2,103,,5165,4,,2
4401,'SA',641,,5190,4,,2,103,,5187,4,,2,98,,5177,4,,2,100,,5188,4,,2,100,,5178,4,,2,100,,5189,4,,2,100,,5179,4,,2,105,,5185,4,,2,100,,5175,4,,2,95,,5186,4,,2,106,,5191,4,,2,100,,5176,4,,2,100,,5182,4,,2,94,,5180,4,,2,100,,5173,4,,2,101,,5181,4,,2,100,,5174,4,,2,98,,5183,4,,2,103,,5184,4,,2
4401,'SE',621,,5194,4,,2,16,,5220,4,,2,15,,5203,4,,2,56,,5192,4,,2,14,,5210,4,,2,11,,5204,4,,2,15,,5206,4,,2,55,,5201,4,,2,10,,5205,4,,2,18,,5207,4,,2,16,,5202,4,,2,95,,5211,4,,2,100,,5198,4,,2,100,,5212,4,,2,101,,5196,4,,2,100,,5208,4,,2,100,,5197,4,,2,100,,5228,4,,2,61,,5227,4,,2,15,,5221,4,,2,18,,5209,4,,2,16,,5222,4,,2,54,,5218,4,,2,12,,5226,4,,2,15,,5224,4,,2,15,,5213,4,,2,56,,5193,4,,2,13,,5217,4,,2,16,,5199,4,,2,19,,5219,4,,2,88,,5225,4,,2,100,,5214,4,,2,100,,5223,4,,2,100,,5195,4,,2,100,,5215,4,,2,100,,5216,4,,2,100,,5200,4,,2
4600,'SE',636,,5234,,,2,20,,5238,,,2,56,,5241,,,2,14,,5235,,,2,15,,5239,,,2,65,,5242,,,2,20,,5240,,,2,100,,5236,,,2,100,,5232,,,2,100,,5233,,,2,100,,5249,,,2,100,,5229,,,2,100,,5230,,,2,100,,5237,,,2,30,,5243,,,2,58,,5231,,,2,22,,5245,,,2,20,,5244,,,2,55,,5247,,,2,15,,5246,,,2,20,,5250,,,2,62,,5248,,,2
4601,'SE',631,,5256,4,,2,20,,5261,4,,2,61,,5257,4,,2,20,,5262,4,,2,16,,5265,4,,2,54,,5258,4,,2,18,,5263,4,,2,22,,5266,4,,2,59,,5264,4,,2,100,,5259,4,,2,100,,5254,4,,2,100,,5255,4,,2,100,,5273,4,,2,100,,5251,4,,2,100,,5252,4,,2,102,,5260,4,,2,33,,5267,4,,2,18,,5253,4,,2,62,,5269,4,,2,20,,5268,4,,2,15,,5271,4,,2,75,,5274,4,,2
5400,'DI',713,,5847,4,,1,100,,5861,4,,1,102,,5848,4,,1,103,,5844,4,,1,100,,5858,4,,1,100,,5841,4,,1,31,,5864,4,,1,70,,5849,4,,1,30,,5859,4,,1,70,,5866,4,,1,30,,5850,4,,1,70,,5860,4,,1,30,,5842,4,,1,70,,5862,4,,1,30,,5863,4,,1,70,,5851,4,,1,28,,5843,4,,1,73,,5865,4,,1,34,,5852,4,,1,63,,5845,4,,1,100,,5846,4,,1,100,,5853,4,,1,100,,5854,4,,1,100,,5855,4,,1,98,,5856,4,,1,100,,5857,4,,1
5400,'F1',713,,5878,4,,1,30,,5874,4,,1,70,,5894,4,,1,32,,5873,4,,1,70,,5867,4,,1,32,,5870,4,,1,71,,5886,4,,1,30,,5891,4,,1,70,,5868,4,,1,30,,5887,4,,1,70,,5871,4,,1,31,,5892,4,,1,70,,5875,4,,1,30,,5872,4,,1,70,,5869,4,,1,30,,5893,4,,1,70,,5895,4,,1,30,,5888,4,,1,70,,5876,4,,1,30,,5896,4,,1,70,,5889,4,,1,28,,5877,4,,1,73,,5897,4,,1,30,,5890,4,,1,67,,5879,4,,1,100,,5880,4,,1,100,,5881,4,,1,100,,5882,4,,1,100,,5883,4,,1,98,,5884,4,,1,100,,5885,4,,1
5400,'SA',713,,5909,4,,1,30,,5905,4,,1,70,,5925,4,,1,32,,5904,4,,1,70,,5898,4,,1,32,,5901,4,,1,71,,5917,4,,1,30,,5922,4,,1,70,,5899,4,,1,30,,5918,4,,1,70,,5902,4,,1,31,,5923,4,,1,70,,5906,4,,1,30,,5903,4,,1,70,,5900,4,,1,30,,5924,4,,1,70,,5926,4,,1,30,,5919,4,,1,70,,5907,4,,1,30,,5927,4,,1,70,,5920,4,,1,28,,5908,4,,1,73,,5928,4,,1,30,,5921,4,,1,67,,5910,4,,1,100,,5911,4,,1,100,,5912,4,,1,100,,5913,4,,1,100,,5914,4,,1,98,,5915,4,,1,100,,5916,4,,1
5400,'SE',708,,5933,4,,1,36,,5951,4,,1,71,,5953,4,,1,34,,5932,4,,1,72,,5955,4,,1,30,,5954,4,,1,70,,5944,4,,1,30,,5948,4,,1,70,,5929,4,,1,30,,5930,4,,1,70,,5934,4,,1,30,,5935,4,,1,71,,5961,4,,1,30,,5945,4,,1,70,,5936,4,,1,30,,5960,4,,1,66,,5938,4,,1,27,,5937,4,,1,70,,5946,4,,1,30,,5962,4,,1,74,,5939,4,,1,23,,5956,4,,1,75,,5931,4,,1,28,,5942,4,,1,75,,5959,4,,1,29,,5940,4,,1,68,,5952,4,,1,30,,5947,4,,1,70,,5957,4,,1,30,,5943,4,,1,68,,5949,4,,1,100,,5941,4,,1,98,,5958,4,,1,100,,5950,4,,1
5401,'DI',609,,5969,,,1,100,,5983,,,1,100,,5970,,,1,103,,5966,,,1,102,,5980,,,1,100,,5963,,,1,100,,5971,,,1,30,,5981,,,1,70,,5988,,,1,30,,5972,,,1,70,,5982,,,1,30,,5964,,,1,69,,5967,,,1,31,,5986,,,1,69,,5973,,,1,31,,5965,,,1,69,,5984,,,1,31,,5974,,,1,70,,5985,,,1,31,,5987,,,1,77,,5968,,,1,100,,5975,,,1,100,,5976,,,1,100,,5977,,,1,100,,5978,,,1,100,,5979,,,1
5401,'F1',610,,6001,,,1,30,,5997,,,1,70,,6018,,,1,30,,5995,,,1,70,,5989,,,1,32,,5992,,,1,72,,6010,,,1,31,,6015,,,1,68,,5990,,,1,30,,6011,,,1,72,,5993,,,1,30,,6016,,,1,69,,5998,,,1,31,,5994,,,1,70,,5991,,,1,30,,6017,,,1,70,,6019,,,1,25,,6012,,,1,74,,5999,,,1,30,,6020,,,1,71,,6013,,,1,30,,6000,,,1,70,,6021,,,1,30,,6014,,,1,70,,6002,,,1,30,,5996,,,1,77,,6003,,,1,100,,6004,,,1,100,,6005,,,1,100,,6006,,,1,100,,6007,,,1,100,,6008,,,1,100,,6009,,,1
5401,'SA',610,,6034,,,1,30,,6030,,,1,70,,6051,,,1,30,,6028,,,1,70,,6022,,,1,32,,6025,,,1,72,,6043,,,1,31,,6048,,,1,68,,6023,,,1,30,,6044,,,1,72,,6026,,,1,30,,6049,,,1,69,,6031,,,1,31,,6027,,,1,70,,6024,,,1,30,,6050,,,1,70,,6052,,,1,25,,6045,,,1,74,,6032,,,1,30,,6053,,,1,71,,6046,,,1,30,,6033,,,1,70,,6054,,,1,30,,6047,,,1,70,,6035,,,1,30,,6029,,,1,77,,6036,,,1,100,,6037,,,1,100,,6038,,,1,100,,6039,,,1,100,,6040,,,1,100,,6041,,,1,100,,6042,,,1
5401,'SE',552,,6074,,,1,70,,6064,,,1,30,,6059,,,1,76,,6061,,,1,23,,6063,,,1,70,,6080,,,1,34,,6062,,,1,71,,6082,,,1,30,,6081,,,1,70,,6072,,,1,30,,6076,,,1,70,,6055,,,1,30,,6057,,,1,70,,6065,,,1,30,,6056,,,1,71,,6088,,,1,30,,6073,,,1,70,,6066,,,1,31,,6087,,,1,68,,6067,,,1,29,,6089,,,1,71,,6083,,,1,24,,6090,,,1,74,,6068,,,1,23,,6084,,,1,75,,6060,,,1,30,,6071,,,1,73,,6058,,,1,29,,6069,,,1,68,,6079,,,1,30,,6075,,,1,70,,6085,,,1,99,,6077,,,1,100,,6070,,,1,100,,6086,,,1,100,,6078,,,1
6000,'SE',622,,6158,,,1,84,,6149,,,1,38,,6150,,,1,85,,6152,,,1,101,,6151,,,1,100,,6138,,,1,100,,6142,,,1,100,,6148,,,1,100,,6139,,,1,100,,6147,,,1,92,,6153,,,1,24,,6143,,,1,70,,6140,,,1,28,,6141,,,1,68,,6154,,,1,28,,6155,,,1,66,,6144,,,1,30,,6160,,,1,69,,6156,,,1,99,,6159,,,1,100,,6161,,,1,100,,6157,,,1,50,,6146,,,1,100,,6145,,,1
6001,'SE',608,,6171,4,,1,22,,6170,4,,1,21,,6164,4,,1,69,,6185,4,,1,29,,6178,4,,1,68,,6175,4,,1,28,,6176,4,,1,60,,6188,4,,1,23,,6179,4,,1,100,,6177,4,,1,100,,6162,4,,1,100,,6167,4,,1,101,,6174,4,,1,100,,6163,4,,1,101,,6173,4,,1,96,,6180,4,,1,30,,6168,4,,1,67,,6165,4,,1,28,,6166,4,,1,67,,6181,4,,1,29,,6182,4,,1,67,,6169,4,,1,88,,6183,4,,1,100,,6186,4,,1,99,,6187,4,,1,100,,6184,4,,1,55,,6172,4,,1
16000,'DI',651,,9259,0,31 32,1,100,,9254,0,31 32,1,100,,9266,0,31 32,1,100,,9263,0,31 32,1,100,,9267,0,31 32,1,100,,9256,0,31 32,1,100,,9261,0,31 32,1,100,,9262,0,31 32,1,100,,9257,0,31 32,1,100,,9268,0,31 32,1,100,,9260,0,31 32,1,100,,9258,0,31 32,1,100,,9264,0,31 32,1,102,,9255,0,31 32,1,98,,9265,0,31 32,1
16000,'F1',651,,9279,0,31 32,1,99,,9282,0,31 32,1,101,,9272,0,31 32,1,100,,9269,0,31 32,1,100,,9280,0,31 32,1,99,,9275,0,31 32,1,101,,9273,0,31 32,1,100,,9270,0,31 32,1,100,,9276,0,31 32,1,100,,9283,0,31 32,1,100,,9271,0,31 32,1,100,,9277,0,31 32,1,100,,9281,0,31 32,1,101,,9278,0,31 32,1,99,,9274,0,31 32,1
16000,'SA',651,,9294,0,31 32,1,99,,9297,0,31 32,1,101,,9287,0,31 32,1,100,,9284,0,31 32,1,100,,9295,0,31 32,1,99,,9290,0,31 32,1,101,,9288,0,31 32,1,100,,9285,0,31 32,1,100,,9291,0,31 32,1,100,,9298,0,31 32,1,100,,9286,0,31 32,1,100,,9292,0,31 32,1,100,,9296,0,31 32,1,101,,9293,0,31 32,1,99,,9289,0,31 32,1
16000,'SE',605,,9303,0,31 32,1,95,,9306,0,31 32,1,40,,9304,0,31 32,1,92,,9307,0,31 32,1,90,,9305,0,31 32,1,86,,9302,0,31 32,1,100,,9299,0,31 32,1,100,,9312,0,31 32,1,100,,9313,0,31 32,1,100,,9315,0,31 32,1,98,,9317,0,31 32,1,24,,9311,0,31 32,1,72,,9319,0,31 32,1,28,,9316,0,31 32,1,28,,9308,0,31 32,1,68,,9318,0,31 32,1,30,,9300,0,31 32,1,70,,9314,0,31 32,1,30,,9309,0,31 32,1,87,,9320,0,31 32,1,100,,9301,0,31 32,1,100,,9321,0,31 32,1,92,,9310,0,31 32,1,100,,9322,0,31 32,1
16001,'DI',624,,9332,4,,1,99,,9336,4,,1,100,,9328,4,,1,100,,9323,4,,1,100,,9337,4,,1,100,,9333,4,,1,100,,9338,4,,1,100,,9325,4,,1,100,,9330,4,,1,100,,9331,4,,1,100,,9326,4,,1,100,,9339,4,,1,100,,9329,4,,1,100,,9327,4,,1,100,,9334,4,,1,103,,9324,4,,1,97,,9335,4,,1
16001,'F1',625,,9343,4,,1,99,,9354,4,,1,99,,9351,4,,1,100,,9355,4,,1,99,,9344,4,,1,101,,9340,4,,1,100,,9352,4,,1,100,,9347,4,,1,100,,9345,4,,1,100,,9341,4,,1,100,,9348,4,,1,100,,9356,4,,1,100,,9342,4,,1,101,,9349,4,,1,99,,9353,4,,1,103,,9350,4,,1,97,,9346,4,,1
16001,'SA',625,,9360,4,,1,99,,9371,4,,1,99,,9368,4,,1,100,,9372,4,,1,99,,9361,4,,1,101,,9357,4,,1,100,,9369,4,,1,100,,9364,4,,1,100,,9362,4,,1,100,,9358,4,,1,100,,9365,4,,1,100,,9373,4,,1,100,,9359,4,,1,101,,9366,4,,1,99,,9370,4,,1,103,,9367,4,,1,97,,9363,4,,1
16001,'SE',636,,9377,4,,1,68,,9388,4,,1,30,,9379,4,,1,70,,9383,4,,1,25,,9382,4,,1,29,,9389,4,,1,56,,9380,4,,1,43,,9384,4,,1,100,,9381,4,,1,93,,9378,4,,1,100,,9374,4,,1,100,,9390,4,,1,100,,9391,4,,1,99,,9392,4,,1,94,,9394,4,,1,96,,9396,4,,1,71,,9393,4,,1,26,,9385,4,,1,65,,9395,4,,1,24,,9375,4,,1,99,,9386,4,,1,100,,9397,4,,1,101,,9376,4,,1,100,,9398,4,,1,90,,9387,4,,1
