4301,'DI',807,,29856,4081,0,40 41,1,100,,29849,4081,0,40 41,1,100,,29850,4081,0,40 41,1,100,,29851,4081,0,40 41,1,101,,29852,4081,0,40 41,1,99,,29841,4081,0,40 41,1,100,,29842,4081,0,40 41,1,100,,29847,4081,0,40 41,1,101,,29848,4081,0,40 41,1,99,,29853,4081,0,40 41,1,100,,29843,4081,0,40 41,1,100,,29844,4081,0,40 41,1,100,,29845,4081,0,40 41,1,100,,29854,4081,0,40 41,1,100,,29846,4081,0,40 41,1,100,,29857,4081,0,40 41,1,99,,29855,4081,0,40 41,1,100,,29858,4081,0,40 41,1
4301,'F1',707,,29868,4081,0,40 41,1,100,,29859,4081,0,40 41,1,100,,29869,4081,0,40 41,1,100,,29876,4081,0,40 41,1,100,,29870,4081,0,40 41,1,100,,29874,4081,0,40 41,1,100,,29861,4081,0,40 41,1,100,,29873,4081,0,40 41,1,100,,29871,4081,0,40 41,1,101,,29875,4081,0,40 41,1,99,,29877,4081,0,40 41,1,100,,29860,4081,0,40 41,1,100,,29863,4081,0,40 41,1,100,,29864,4081,0,40 41,1,100,,29872,4081,0,40 41,1,100,,29865,4081,0,40 41,1,100,,29862,4081,0,40 41,1,99,,29866,4081,0,40 41,1,100,,29867,4081,0,40 41,1
4301,'F2',707,,29886,4081,0,40 41,1,100,,29880,4081,0,40 41,1,100,,29895,4081,0,40 41,1,100,,29891,4081,0,40 41,1,100,,29896,4081,0,40 41,1,100,,29878,4081,0,40 41,1,100,,29885,4081,0,40 41,1,100,,29888,4081,0,40 41,1,100,,29894,4081,0,40 41,1,101,,29879,4081,0,40 41,1,99,,29887,4081,0,40 41,1,100,,29883,4081,0,40 41,1,100,,29889,4081,0,40 41,1,100,,29881,4081,0,40 41,1,100,,29892,4081,0,40 41,1,100,,29884,4081,0,40 41,1,100,,29882,4081,0,40 41,1,99,,29890,4081,0,40 41,1,100,,29893,4081,0,40 41,1
4301,'F7',654,,29914,4081,0,40 41,1,73,,29917,4081,0,40 41,1,73,,29898,4081,0,40 41,1,22,,29908,4081,0,40 41,1,80,,29918,4081,0,40 41,1,25,,29897,4081,0,40 41,1,30,,29915,4081,0,40 41,1,100,,29919,4081,0,40 41,1,100,,29899,4081,0,40 41,1,100,,29907,4081,0,40 41,1,100,,29900,4081,0,40 41,1,96,,29916,4081,0,40 41,1,74,,29912,4081,0,40 41,1,27,,29901,4081,0,40 41,1,81,,29902,4081,0,40 41,1,66,,29904,4081,0,40 41,1,28,,29913,4081,0,40 41,1,71,,29910,4081,0,40 41,1,30,,29906,4081,0,40 41,1,70,,29909,4081,0,40 41,1,59,,29922,4081,0,40 41,1,100,,29903,4081,0,40 41,1,100,,29905,4081,0,40 41,1,99,,29920,4081,0,40 41,1,100,,29911,4081,0,40 41,1,100,,29921,4081,0,40 41,1
4301,'F8',707,,29931,4081,0,40 41,1,100,,29925,4081,0,40 41,1,100,,29940,4081,0,40 41,1,100,,29936,4081,0,40 41,1,100,,29941,4081,0,40 41,1,100,,29923,4081,0,40 41,1,100,,29930,4081,0,40 41,1,100,,29933,4081,0,40 41,1,100,,29939,4081,0,40 41,1,101,,29924,4081,0,40 41,1,99,,29932,4081,0,40 41,1,100,,29928,4081,0,40 41,1,100,,29934,4081,0,40 41,1,100,,29926,4081,0,40 41,1,100,,29937,4081,0,40 41,1,100,,29929,4081,0,40 41,1,100,,29927,4081,0,40 41,1,99,,29935,4081,0,40 41,1,100,,29938,4081,0,40 41,1
4301,'F9',807,,29957,4081,0,40 41,1,100,,29950,4081,0,40 41,1,100,,29951,4081,0,40 41,1,100,,29952,4081,0,40 41,1,101,,29953,4081,0,40 41,1,99,,29942,4081,0,40 41,1,100,,29943,4081,0,40 41,1,100,,29948,4081,0,40 41,1,101,,29949,4081,0,40 41,1,99,,29954,4081,0,40 41,1,100,,29944,4081,0,40 41,1,100,,29945,4081,0,40 41,1,100,,29946,4081,0,40 41,1,100,,29955,4081,0,40 41,1,100,,29947,4081,0,40 41,1,100,,29958,4081,0,40 41,1,99,,29956,4081,0,40 41,1,100,,29959,4081,0,40 41,1
4301,'SA',707,,29968,4081,0,40 41,1,100,,29962,4081,0,40 41,1,100,,29976,4081,0,40 41,1,100,,29973,4081,0,40 41,1,100,,29977,4081,0,40 41,1,100,,29960,4081,0,40 41,1,100,,29967,4081,0,40 41,1,100,,29970,4081,0,40 41,1,100,,8946,4081,0,40 41,1,101,,29961,4081,0,40 41,1,99,,29969,4081,0,40 41,1,100,,29965,4081,0,40 41,1,100,,29971,4081,0,40 41,1,100,,29963,4081,0,40 41,1,100,,29974,4081,0,40 41,1,100,,29966,4081,0,40 41,1,100,,29964,4081,0,40 41,1,99,,29972,4081,0,40 41,1,100,,29975,4081,0,40 41,1
4301,'SE',654,,29995,4081,0,40 41,1,73,,29998,4081,0,40 41,1,73,,29979,4081,0,40 41,1,22,,29989,4081,0,40 41,1,80,,29999,4081,0,40 41,1,25,,29978,4081,0,40 41,1,30,,29996,4081,0,40 41,1,100,,30000,4081,0,40 41,1,100,,29980,4081,0,40 41,1,100,,29988,4081,0,40 41,1,100,,29981,4081,0,40 41,1,96,,29997,4081,0,40 41,1,74,,29993,4081,0,40 41,1,27,,29982,4081,0,40 41,1,81,,29983,4081,0,40 41,1,66,,29985,4081,0,40 41,1,28,,29994,4081,0,40 41,1,71,,29991,4081,0,40 41,1,30,,29987,4081,0,40 41,1,70,,29990,4081,0,40 41,1,59,,30003,4081,0,40 41,1,100,,29984,4081,0,40 41,1,100,,29986,4081,0,40 41,1,99,,30001,4081,0,40 41,1,100,,29992,4081,0,40 41,1,100,,30002,4081,0,40 41,1
55100,'F7',1636,,40713,6915,,,2
55100,'SE',1636,,40714,6915,,,2
