12801,'F7',651,,38030,7834,,,2,862,,38031,7834,,,2,133,,38032,7834,,,2
12801,'SE',651,,38033,7834,,,2,862,,38034,7834,,,2,133,,38035,7834,,,2
42801,'DI',643,,39840,2239,,,1,113,,39841,2239,,,1,151,,39842,2239,,,1,106,,39843,2239,,,1,110,,39844,2239,,,1,35,,39850,2239,,,1,75,,39845,2239,,,1,75,,39851,2239,,,1,35,,39846,2239,,,1,76,,39852,2239,,,1,34,,39847,2239,,,1,76,,39853,2239,,,1,75,,39848,2239,,,1,44,,39854,2239,,,1,74,,39849,2239,,,1,108,,39855,2239,,,1,106,,39856,2239,,,1,108,,39857,2239,,,1,110,,39858,2239,,,1,155,,39859,2239,,,1
42801,'F1',643,,18038,2239,,,1,113,,18039,2239,,,1,151,,18040,2239,,,1,106,,18041,2239,,,1,110,,18042,2239,,,1,35,,18048,2239,,,1,75,,18043,2239,,,1,75,,18049,2239,,,1,35,,18044,2239,,,1,76,,18050,2239,,,1,34,,18045,2239,,,1,76,,18051,2239,,,1,75,,18046,2239,,,1,44,,18052,2239,,,1,74,,18047,2239,,,1,108,,18053,2239,,,1,106,,18054,2239,,,1,108,,18055,2239,,,1,110,,18056,2239,,,1,155,,18057,2239,,,1
42801,'F2',643,,39860,2239,,,1,113,,39861,2239,,,1,151,,39862,2239,,,1,106,,39863,2239,,,1,110,,39864,2239,,,1,35,,39870,2239,,,1,75,,39865,2239,,,1,75,,39871,2239,,,1,35,,39866,2239,,,1,76,,39872,2239,,,1,34,,39867,2239,,,1,76,,39873,2239,,,1,75,,39868,2239,,,1,44,,39874,2239,,,1,74,,39869,2239,,,1,108,,39875,2239,,,1,106,,39876,2239,,,1,108,,39877,2239,,,1,110,,39878,2239,,,1,155,,39879,2239,,,1
42801,'F7',558,,39880,2239,,,1,80,,39890,2239,,,1,78,,39881,2239,,,1,38,,39891,2239,,,1,78,,39882,2239,,,1,75,,39892,2239,,,1,34,,39883,2239,,,1,72,,39893,2239,,,1,35,,39884,2239,,,1,75,,39894,2239,,,1,35,,39885,2239,,,1,75,,39895,2239,,,1,73,,39886,2239,,,1,33,,39896,2239,,,1,75,,39887,2239,,,1,35,,39897,2239,,,1,76,,39888,2239,,,1,77,,39898,2239,,,1,40,,39889,2239,,,1,80,,39899,2239,,,1,31,,39906,2239,,,1,79,,39900,2239,,,1,72,,39907,2239,,,1,35,,39901,2239,,,1,107,,39902,2239,,,1,108,,39903,2239,,,1,155,,39904,2239,,,1,105,,39905,2239,,,1
42801,'F8',643,,39908,2239,,,1,113,,39909,2239,,,1,151,,39910,2239,,,1,106,,39911,2239,,,1,110,,39912,2239,,,1,35,,39918,2239,,,1,75,,39913,2239,,,1,75,,39919,2239,,,1,35,,39914,2239,,,1,76,,39920,2239,,,1,34,,39915,2239,,,1,76,,39921,2239,,,1,75,,39916,2239,,,1,44,,39922,2239,,,1,74,,39917,2239,,,1,108,,39923,2239,,,1,106,,39924,2239,,,1,108,,39925,2239,,,1,110,,39926,2239,,,1,155,,39927,2239,,,1
42801,'F9',643,,39928,2239,,,1,113,,39929,2239,,,1,151,,39930,2239,,,1,106,,39931,2239,,,1,110,,39932,2239,,,1,35,,39938,2239,,,1,75,,39933,2239,,,1,75,,39939,2239,,,1,35,,39934,2239,,,1,76,,39940,2239,,,1,34,,39935,2239,,,1,76,,39941,2239,,,1,75,,39936,2239,,,1,44,,39942,2239,,,1,74,,39937,2239,,,1,108,,39943,2239,,,1,106,,39944,2239,,,1,108,,39945,2239,,,1,110,,39946,2239,,,1,155,,39947,2239,,,1
42801,'SA',643,,39948,2239,,,1,113,,39949,2239,,,1,151,,39950,2239,,,1,106,,39951,2239,,,1,110,,39952,2239,,,1,35,,39958,2239,,,1,75,,39953,2239,,,1,75,,39959,2239,,,1,35,,39954,2239,,,1,76,,39960,2239,,,1,34,,39955,2239,,,1,76,,39961,2239,,,1,75,,39956,2239,,,1,44,,39962,2239,,,1,74,,39957,2239,,,1,108,,39963,2239,,,1,106,,39964,2239,,,1,108,,39965,2239,,,1,110,,39966,2239,,,1,155,,39967,2239,,,1
42801,'SE',558,,39968,2239,,,1,80,,39978,2239,,,1,78,,39969,2239,,,1,38,,39979,2239,,,1,78,,39970,2239,,,1,75,,39980,2239,,,1,34,,39971,2239,,,1,72,,39981,2239,,,1,35,,39972,2239,,,1,75,,39982,2239,,,1,35,,39973,2239,,,1,75,,39983,2239,,,1,73,,39974,2239,,,1,33,,39984,2239,,,1,75,,39975,2239,,,1,35,,39985,2239,,,1,76,,39976,2239,,,1,77,,39986,2239,,,1,40,,39977,2239,,,1,80,,39987,2239,,,1,31,,39994,2239,,,1,79,,39988,2239,,,1,72,,39995,2239,,,1,35,,39989,2239,,,1,107,,39990,2239,,,1,108,,39991,2239,,,1,155,,39992,2239,,,1,105,,39993,2239,,,1
