1301,'DI',626,,24063,2526,,,1,100,,3602,2526,,,1,100,,24064,2526,,,1,100,,3603,2526,,,1,100,,24065,2526,,,1,100,,3604,2526,,,1,100,,24066,2526,,,1,100,,3605,2526,,,1,100,,24068,2526,,,1,100,,24075,2526,,,1,100,,24060,2526,,,1,100,,24067,2526,,,1,100,,24062,2526,,,1,100,,24069,2526,,,1,100,,24073,2526,,,1,100,,24071,2526,,,1,100,,24070,2526,,,1,100,,24061,2526,,,1,100,,24074,2526,,,1,100,,24072,2526,,,1
1301,'F1',626,,24083,2526,,,1,100,,24076,2526,,,1,100,,24084,2526,,,1,100,,24078,2526,,,1,100,,24079,2526,,,1,100,,24089,2526,,,1,100,,24077,2526,,,1,100,,24085,2526,,,1,100,,24080,2526,,,1,100,,24086,2526,,,1,100,,24094,2526,,,1,100,,24082,2526,,,1,100,,24090,2526,,,1,100,,24087,2526,,,1,100,,24091,2526,,,1,100,,24081,2526,,,1,100,,24093,2526,,,1,100,,24088,2526,,,1,100,,24092,2526,,,1,100,,24095,2526,,,1
1301,'F2',626,,24104,2526,,,1,100,,24097,2526,,,1,100,,24105,2526,,,1,100,,24098,2526,,,1,100,,24099,2526,,,1,100,,24106,2526,,,1,100,,24108,2526,,,1,100,,24100,2526,,,1,100,,24109,2526,,,1,100,,24101,2526,,,1,100,,24096,2526,,,1,100,,24111,2526,,,1,100,,24114,2526,,,1,100,,24102,2526,,,1,100,,24110,2526,,,1,100,,24107,2526,,,1,100,,24115,2526,,,1,100,,24112,2526,,,1,100,,24103,2526,,,1,100,,24113,2526,,,1
1301,'F7',532,,24130,2526,,,1,72,,24131,2526,,,1,30,,24129,2526,,,1,16,,24118,2526,,,1,54,,24154,2526,,,1,13,,24120,2526,,,1,14,,24147,2526,,,1,19,,24121,2526,,,1,55,,24119,2526,,,1,13,,24158,2526,,,1,15,,24140,2526,,,1,15,,24136,2526,,,1,60,,24139,2526,,,1,30,,24132,2526,,,1,70,,24117,2526,,,1,30,,24135,2526,,,1,70,,24149,2526,,,1,30,,24127,2526,,,1,70,,24141,2526,,,1,30,,24128,2526,,,1,70,,24133,2526,,,1,30,,24150,2526,,,1,70,,24137,2526,,,1,30,,24142,2526,,,1,69,,24155,2526,,,1,34,,24152,2526,,,1,69,,24116,2526,,,1,27,,24123,2526,,,1,15,,24138,2526,,,1,60,,24134,2526,,,1,22,,24159,2526,,,1,18,,24145,2526,,,1,61,,24143,2526,,,1,29,,24124,2526,,,1,69,,24157,2526,,,1,30,,24122,2526,,,1,70,,24151,2526,,,1,30,,24153,2526,,,1,70,,24144,2526,,,1,30,,24156,2526,,,1,100,,24146,2526,,,1,100,,24148,2526,,,1,100,,24125,2526,,,1,99,,24126,2526,,,1
1301,'F8',626,,24168,2526,,,1,100,,24161,2526,,,1,100,,24169,2526,,,1,100,,24162,2526,,,1,100,,24163,2526,,,1,100,,24170,2526,,,1,100,,24172,2526,,,1,100,,24164,2526,,,1,100,,24173,2526,,,1,100,,24165,2526,,,1,100,,24160,2526,,,1,100,,24175,2526,,,1,100,,24178,2526,,,1,100,,24166,2526,,,1,100,,24174,2526,,,1,100,,24171,2526,,,1,100,,24179,2526,,,1,100,,24176,2526,,,1,100,,24167,2526,,,1,100,,24177,2526,,,1
1301,'F9',626,,24187,2526,,,1,100,,24182,2526,,,1,100,,24188,2526,,,1,100,,24183,2526,,,1,100,,24189,2526,,,1,100,,24184,2526,,,1,100,,24190,2526,,,1,100,,24185,2526,,,1,100,,24192,2526,,,1,100,,24199,2526,,,1,100,,24180,2526,,,1,100,,24191,2526,,,1,100,,24186,2526,,,1,100,,24193,2526,,,1,100,,24197,2526,,,1,100,,24195,2526,,,1,100,,24194,2526,,,1,100,,24181,2526,,,1,100,,24198,2526,,,1,100,,24196,2526,,,1
1301,'SA',626,,24208,2526,,,1,100,,24201,2526,,,1,100,,24209,2526,,,1,100,,24202,2526,,,1,100,,24203,2526,,,1,100,,24210,2526,,,1,100,,24212,2526,,,1,100,,24204,2526,,,1,100,,24213,2526,,,1,100,,24205,2526,,,1,100,,24200,2526,,,1,100,,24215,2526,,,1,100,,24218,2526,,,1,100,,24206,2526,,,1,100,,24214,2526,,,1,100,,24211,2526,,,1,100,,24219,2526,,,1,100,,24216,2526,,,1,100,,24207,2526,,,1,100,,24217,2526,,,1
1301,'SE',532,,24234,2526,,,1,72,,24235,2526,,,1,30,,24233,2526,,,1,16,,24222,2526,,,1,54,,24258,2526,,,1,13,,24224,2526,,,1,14,,24251,2526,,,1,19,,24225,2526,,,1,55,,24223,2526,,,1,13,,24262,2526,,,1,15,,24244,2526,,,1,15,,24240,2526,,,1,60,,24243,2526,,,1,30,,24236,2526,,,1,70,,24221,2526,,,1,30,,24239,2526,,,1,70,,24253,2526,,,1,30,,24231,2526,,,1,70,,24245,2526,,,1,30,,24232,2526,,,1,70,,24237,2526,,,1,30,,24254,2526,,,1,70,,24241,2526,,,1,30,,24246,2526,,,1,69,,24259,2526,,,1,34,,24256,2526,,,1,69,,24220,2526,,,1,27,,24227,2526,,,1,15,,24242,2526,,,1,60,,24238,2526,,,1,22,,24263,2526,,,1,18,,24249,2526,,,1,61,,24247,2526,,,1,29,,24228,2526,,,1,69,,24261,2526,,,1,30,,24226,2526,,,1,70,,24255,2526,,,1,30,,24257,2526,,,1,70,,24248,2526,,,1,30,,24260,2526,,,1,100,,24250,2526,,,1,100,,24252,2526,,,1,100,,24229,2526,,,1,99,,24230,2526,,,1
52601,'F7',902,,40646,2013,,,2,1,,40647,2013,,,2
52601,'SE',902,,40648,2013,,,2,1,,40649,2013,,,2
61301,'F7',849,,40772,1514,,,2
61301,'SE',849,,40773,1514,,,2
61801,'F7',840,,40780,2439,,,2
61801,'SE',840,,40781,2439,,,2
69200,'F7',1627,,40930,7090,,,2
69200,'SE',1627,,40931,7090,,,2
69500,'F7',1621,,40951,4332,,,2,1,,40950,4332,,,2
69500,'SE',1621,,40953,4332,,,2,1,,40952,4332,,,2
