100,'DI',652,,20128,2405,0,14,1,100,,20129,2405,0,14,1,100,,20130,2405,0,14,1,100,,20131,2405,0,14,1,100,,20132,2405,0,14,1,100,,20133,2405,0,14,1,100,,20134,2405,0,14,1,101,,20135,2405,0,14,1,100,,20136,2405,0,14,1,98,,20138,2405,0,14,1,100,,20139,2405,0,14,1,100,,20140,2405,0,14,1,100,,20141,2405,0,14,1,100,,20142,2405,0,14,1,100,,20143,2405,0,14,1,100,,20144,2405,0,14,1,100,,20145,2405,0,14,1,100,,20148,2405,0,14,1,100,,20146,2405,0,14,1,100,,20147,2405,0,14,1
100,'F1',622,,20153,2405,0,14,1,30,,20159,2405,0,14,1,70,,20154,2405,0,14,1,30,,20160,2405,0,14,1,70,,20155,2405,0,14,1,30,,20161,2405,0,14,1,70,,20156,2405,0,14,1,30,,20162,2405,0,14,1,70,,20157,2405,0,14,1,30,,20163,2405,0,14,1,70,,20158,2405,0,14,1,30,,20164,2405,0,14,1,70,,20168,2405,0,14,1,30,,20165,2405,0,14,1,71,,20169,2405,0,14,1,30,,20166,2405,0,14,1,70,,20170,2405,0,14,1,30,,20167,2405,0,14,1,68,,20171,2405,0,14,1,30,,22,2405,0,14,1,70,,20150,2405,0,14,1,30,,23,2405,0,14,1,70,,20151,2405,0,14,1,30,,24,2405,0,14,1,70,,20152,2405,0,14,1,30,,25,2405,0,14,1,100,,26,2405,0,14,1,100,,27,2405,0,14,1,100,,28,2405,0,14,1,100,,29,2405,0,14,1,100,,30,2405,0,14,1,100,,31,2405,0,14,1,100,,32,2405,0,14,1
100,'F2',622,,20194,2405,0,14,1,30,,20183,2405,0,14,1,70,,20195,2405,0,14,1,30,,20184,2405,0,14,1,70,,20196,2405,0,14,1,30,,20185,2405,0,14,1,70,,20198,2405,0,14,1,30,,20186,2405,0,14,1,70,,20199,2405,0,14,1,30,,20187,2405,0,14,1,70,,20200,2405,0,14,1,30,,20188,2405,0,14,1,70,,20201,2405,0,14,1,30,,20189,2405,0,14,1,71,,20205,2405,0,14,1,30,,20190,2405,0,14,1,70,,20206,2405,0,14,1,30,,20191,2405,0,14,1,68,,20202,2405,0,14,1,30,,20172,2405,0,14,1,70,,20203,2405,0,14,1,30,,20173,2405,0,14,1,70,,20204,2405,0,14,1,30,,20174,2405,0,14,1,70,,20193,2405,0,14,1,30,,20175,2405,0,14,1,100,,20176,2405,0,14,1,100,,20177,2405,0,14,1,100,,20178,2405,0,14,1,100,,20179,2405,0,14,1,100,,20180,2405,0,14,1,100,,20181,2405,0,14,1,100,,20182,2405,0,14,1
100,'F7',545,,20229,2405,0,14,1,76,,20240,2405,0,14,1,29,,20245,2405,0,14,1,75,,20235,2405,0,14,1,28,,20243,2405,0,14,1,75,,20238,2405,0,14,1,80,,20234,2405,0,14,1,30,,20253,2405,0,14,1,70,,20207,2405,0,14,1,30,,20251,2405,0,14,1,70,,20222,2405,0,14,1,30,,20254,2405,0,14,1,71,,20220,2405,0,14,1,30,,20242,2405,0,14,1,70,,20230,2405,0,14,1,30,,20247,2405,0,14,1,70,,20227,2405,0,14,1,30,,20236,2405,0,14,1,70,,20255,2405,0,14,1,18,,20257,2405,0,14,1,21,,20239,2405,0,14,1,55,,20216,2405,0,14,1,19,,20231,2405,0,14,1,12,,20208,2405,0,14,1,20,,20249,2405,0,14,1,52,,20237,2405,0,14,1,13,,20224,2405,0,14,1,15,,20246,2405,0,14,1,14,,20209,2405,0,14,1,55,,20241,2405,0,14,1,15,,20217,2405,0,14,1,20,,20252,2405,0,14,1,69,,20256,2405,0,14,1,30,,20225,2405,0,14,1,70,,20250,2405,0,14,1,30,,20210,2405,0,14,1,70,,20248,2405,0,14,1,30,,20211,2405,0,14,1,100,,20212,2405,0,14,1,99,,20213,2405,0,14,1,100,,20214,2405,0,14,1,99,,20215,2405,0,14,1
100,'F8',622,,20280,2405,0,14,1,30,,20269,2405,0,14,1,70,,20281,2405,0,14,1,30,,20270,2405,0,14,1,70,,20282,2405,0,14,1,30,,20271,2405,0,14,1,70,,20284,2405,0,14,1,30,,20272,2405,0,14,1,70,,20285,2405,0,14,1,30,,20273,2405,0,14,1,70,,20286,2405,0,14,1,30,,20274,2405,0,14,1,70,,20287,2405,0,14,1,30,,20275,2405,0,14,1,71,,20291,2405,0,14,1,30,,20276,2405,0,14,1,70,,20292,2405,0,14,1,30,,20277,2405,0,14,1,68,,20288,2405,0,14,1,30,,20258,2405,0,14,1,70,,20289,2405,0,14,1,30,,20259,2405,0,14,1,70,,20290,2405,0,14,1,30,,20260,2405,0,14,1,70,,20279,2405,0,14,1,30,,20261,2405,0,14,1,100,,20262,2405,0,14,1,100,,20263,2405,0,14,1,100,,20264,2405,0,14,1,100,,20265,2405,0,14,1,100,,20266,2405,0,14,1,100,,20267,2405,0,14,1,100,,20268,2405,0,14,1
100,'F9',652,,20293,2405,0,14,1,100,,20294,2405,0,14,1,100,,20295,2405,0,14,1,100,,20296,2405,0,14,1,100,,20297,2405,0,14,1,100,,20298,2405,0,14,1,100,,20299,2405,0,14,1,101,,20300,2405,0,14,1,100,,20301,2405,0,14,1,98,,20303,2405,0,14,1,100,,20304,2405,0,14,1,100,,20305,2405,0,14,1,100,,20306,2405,0,14,1,100,,20307,2405,0,14,1,100,,20308,2405,0,14,1,100,,20309,2405,0,14,1,100,,20310,2405,0,14,1,100,,20313,2405,0,14,1,100,,20311,2405,0,14,1,100,,20312,2405,0,14,1
100,'SA',622,,20325,2405,0,14,1,30,,20314,2405,0,14,1,70,,20326,2405,0,14,1,30,,20315,2405,0,14,1,70,,20327,2405,0,14,1,30,,20316,2405,0,14,1,70,,20329,2405,0,14,1,30,,20317,2405,0,14,1,70,,20330,2405,0,14,1,30,,20318,2405,0,14,1,70,,20331,2405,0,14,1,30,,20319,2405,0,14,1,70,,20332,2405,0,14,1,30,,20320,2405,0,14,1,71,,20336,2405,0,14,1,30,,20321,2405,0,14,1,70,,20337,2405,0,14,1,30,,20322,2405,0,14,1,68,,20333,2405,0,14,1,30,,164,2405,0,14,1,70,,20334,2405,0,14,1,30,,165,2405,0,14,1,70,,20335,2405,0,14,1,30,,166,2405,0,14,1,70,,20324,2405,0,14,1,30,,167,2405,0,14,1,100,,168,2405,0,14,1,100,,169,2405,0,14,1,100,,170,2405,0,14,1,100,,171,2405,0,14,1,100,,172,2405,0,14,1,100,,173,2405,0,14,1,100,,174,2405,0,14,1
100,'SE',545,,20360,2405,0,14,1,76,,20371,2405,0,14,1,29,,20376,2405,0,14,1,75,,20366,2405,0,14,1,28,,20374,2405,0,14,1,75,,20369,2405,0,14,1,80,,20365,2405,0,14,1,30,,20384,2405,0,14,1,70,,20338,2405,0,14,1,30,,20382,2405,0,14,1,70,,20353,2405,0,14,1,30,,20385,2405,0,14,1,71,,20351,2405,0,14,1,30,,20373,2405,0,14,1,70,,20361,2405,0,14,1,30,,20378,2405,0,14,1,70,,20358,2405,0,14,1,30,,20367,2405,0,14,1,70,,20386,2405,0,14,1,18,,20388,2405,0,14,1,21,,20370,2405,0,14,1,55,,20347,2405,0,14,1,19,,20362,2405,0,14,1,12,,20339,2405,0,14,1,20,,20380,2405,0,14,1,52,,20368,2405,0,14,1,13,,20355,2405,0,14,1,15,,20377,2405,0,14,1,14,,20340,2405,0,14,1,55,,20372,2405,0,14,1,15,,20348,2405,0,14,1,20,,20383,2405,0,14,1,69,,20387,2405,0,14,1,30,,20356,2405,0,14,1,70,,20381,2405,0,14,1,30,,20341,2405,0,14,1,70,,20379,2405,0,14,1,30,,20342,2405,0,14,1,100,,20343,2405,0,14,1,99,,20344,2405,0,14,1,100,,20345,2405,0,14,1,99,,20346,2405,0,14,1
50100,'F7',1455,,40619,2405,,,2,184,,40618,2405,,,2
50100,'SE',1455,,40621,2405,,,2,184,,40620,2405,,,2
65001,'F7',821,,40812,166,,,2
65001,'SE',821,,40813,166,,,2
