500,'DI',542,,21658,4272,,,1,70,,21664,4272,,,1,30,,21659,4272,,,1,70,,21665,4272,,,1,30,,21660,4272,,,1,70,,21666,4272,,,1,30,,21686,4272,,,1,70,,21667,4272,,,1,30,,21671,4272,,,1,70,,21668,4272,,,1,30,,21683,4272,,,1,70,,21672,4272,,,1,30,,21661,4272,,,1,72,,21673,4272,,,1,30,,21662,4272,,,1,68,,21687,4272,,,1,32,,21684,4272,,,1,70,,21688,4272,,,1,30,,21674,4272,,,1,69,,21663,4272,,,1,31,,21678,4272,,,1,70,,21685,4272,,,1,30,,21669,4272,,,1,70,,21675,4272,,,1,30,,21689,4272,,,1,99,,21670,4272,,,1,100,,21677,4272,,,1,100,,21676,4272,,,1,100,,21679,4272,,,1,100,,21680,4272,,,1,100,,21681,4272,,,1,100,,21682,4272,,,1
500,'F1',512,,21707,4272,,,1,30,,21715,4272,,,1,70,,21708,4272,,,1,30,,21716,4272,,,1,70,,21698,4272,,,1,30,,21717,4272,,,1,70,,21699,4272,,,1,30,,21718,4272,,,1,70,,21700,4272,,,1,30,,21709,4272,,,1,70,,21701,4272,,,1,30,,21710,4272,,,1,70,,21702,4272,,,1,30,,21704,4272,,,1,72,,21703,4272,,,1,30,,21705,4272,,,1,70,,21713,4272,,,1,30,,1493,4272,,,1,70,,21720,4272,,,1,30,,21719,4272,,,1,70,,21712,4272,,,1,30,,21706,4272,,,1,70,,21714,4272,,,1,30,,1494,4272,,,1,70,,21711,4272,,,1,30,,21721,4272,,,1,99,,21690,4272,,,1,100,,21691,4272,,,1,100,,21692,4272,,,1,100,,21693,4272,,,1,100,,21694,4272,,,1,100,,21695,4272,,,1,100,,21696,4272,,,1,100,,21697,4272,,,1
500,'F2',512,,21722,4272,,,1,30,,21730,4272,,,1,70,,21723,4272,,,1,30,,21731,4272,,,1,70,,21724,4272,,,1,30,,21732,4272,,,1,70,,21725,4272,,,1,30,,21733,4272,,,1,70,,21726,4272,,,1,30,,21735,4272,,,1,70,,21727,4272,,,1,30,,21736,4272,,,1,70,,21728,4272,,,1,30,,21737,4272,,,1,72,,21729,4272,,,1,30,,21738,4272,,,1,70,,21734,4272,,,1,30,,21754,4272,,,1,70,,21749,4272,,,1,30,,21739,4272,,,1,70,,21752,4272,,,1,30,,21748,4272,,,1,70,,21751,4272,,,1,30,,21755,4272,,,1,70,,21750,4272,,,1,30,,21753,4272,,,1,99,,21740,4272,,,1,100,,21741,4272,,,1,100,,21742,4272,,,1,100,,21743,4272,,,1,100,,21744,4272,,,1,100,,21745,4272,,,1,100,,21746,4272,,,1,100,,21747,4272,,,1
500,'F7',448,,21785,4272,,,1,80,,21757,4272,,,1,30,,21758,4272,,,1,55,,21756,4272,,,1,30,,21794,4272,,,1,70,,21761,4272,,,1,30,,21759,4272,,,1,70,,21760,4272,,,1,40,,21788,4272,,,1,60,,21797,4272,,,1,30,,21786,4272,,,1,70,,21795,4272,,,1,30,,21793,4272,,,1,70,,21791,4272,,,1,30,,21784,4272,,,1,70,,21762,4272,,,1,30,,21767,4272,,,1,70,,21765,4272,,,1,30,,21766,4272,,,1,70,,21763,4272,,,1,30,,21771,4272,,,1,73,,21799,4272,,,1,13,,21769,4272,,,1,15,,21768,4272,,,1,14,,21792,4272,,,1,55,,21798,4272,,,1,17,,21770,4272,,,1,16,,21775,4272,,,1,12,,21778,4272,,,1,55,,21772,4272,,,1,15,,21789,4272,,,1,15,,21764,4272,,,1,62,,21796,4272,,,1,18,,21779,4272,,,1,21,,21776,4272,,,1,69,,21787,4272,,,1,30,,21773,4272,,,1,70,,21790,4272,,,1,30,,21800,4272,,,1,70,,21777,4272,,,1,30,,21774,4272,,,1,100,,21780,4272,,,1,100,,21781,4272,,,1,100,,21782,4272,,,1,100,,21783,4272,,,1
500,'F8',512,,21801,4272,,,1,30,,21809,4272,,,1,70,,21802,4272,,,1,30,,21810,4272,,,1,70,,21803,4272,,,1,30,,21811,4272,,,1,70,,21804,4272,,,1,30,,21812,4272,,,1,70,,21805,4272,,,1,30,,21814,4272,,,1,70,,21806,4272,,,1,30,,21815,4272,,,1,70,,21807,4272,,,1,30,,21816,4272,,,1,72,,21808,4272,,,1,30,,21817,4272,,,1,70,,21813,4272,,,1,30,,21833,4272,,,1,70,,21828,4272,,,1,30,,21818,4272,,,1,70,,21831,4272,,,1,30,,21827,4272,,,1,70,,21830,4272,,,1,30,,21834,4272,,,1,70,,21829,4272,,,1,30,,21832,4272,,,1,99,,21819,4272,,,1,100,,21820,4272,,,1,100,,21821,4272,,,1,100,,21822,4272,,,1,100,,21823,4272,,,1,100,,21824,4272,,,1,100,,21825,4272,,,1,100,,21826,4272,,,1
500,'F9',542,,21835,4272,,,1,70,,21841,4272,,,1,30,,21836,4272,,,1,70,,21842,4272,,,1,30,,21837,4272,,,1,70,,21843,4272,,,1,30,,21863,4272,,,1,70,,21844,4272,,,1,30,,21848,4272,,,1,70,,21845,4272,,,1,30,,21860,4272,,,1,70,,21849,4272,,,1,30,,21838,4272,,,1,72,,21850,4272,,,1,30,,21839,4272,,,1,68,,21864,4272,,,1,32,,21861,4272,,,1,70,,21865,4272,,,1,30,,21851,4272,,,1,69,,21840,4272,,,1,31,,21855,4272,,,1,70,,21862,4272,,,1,30,,21846,4272,,,1,70,,21852,4272,,,1,30,,21866,4272,,,1,99,,21847,4272,,,1,100,,21854,4272,,,1,100,,21853,4272,,,1,100,,21856,4272,,,1,100,,21857,4272,,,1,100,,21858,4272,,,1,100,,21859,4272,,,1
500,'SA',512,,21867,4272,,,1,30,,21875,4272,,,1,70,,21868,4272,,,1,30,,21876,4272,,,1,70,,21869,4272,,,1,30,,21877,4272,,,1,70,,21870,4272,,,1,30,,21878,4272,,,1,70,,21871,4272,,,1,30,,21880,4272,,,1,70,,21872,4272,,,1,30,,21881,4272,,,1,70,,21873,4272,,,1,30,,21882,4272,,,1,72,,21874,4272,,,1,30,,21883,4272,,,1,70,,21879,4272,,,1,30,,21899,4272,,,1,70,,21894,4272,,,1,30,,21884,4272,,,1,70,,21897,4272,,,1,30,,21893,4272,,,1,70,,21896,4272,,,1,30,,21900,4272,,,1,70,,21895,4272,,,1,30,,21898,4272,,,1,99,,21885,4272,,,1,100,,21886,4272,,,1,100,,21887,4272,,,1,100,,21888,4272,,,1,100,,21889,4272,,,1,100,,21890,4272,,,1,100,,21891,4272,,,1,100,,21892,4272,,,1
500,'SE',448,,1670,4272,,,1,80,,21902,4272,,,1,30,,21903,4272,,,1,55,,21901,4272,,,1,30,,21938,4272,,,1,70,,21906,4272,,,1,30,,21904,4272,,,1,70,,21905,4272,,,1,40,,21932,4272,,,1,60,,21941,4272,,,1,30,,21930,4272,,,1,70,,21939,4272,,,1,30,,21937,4272,,,1,70,,21935,4272,,,1,30,,21929,4272,,,1,70,,21907,4272,,,1,30,,21912,4272,,,1,70,,21910,4272,,,1,30,,21911,4272,,,1,70,,21908,4272,,,1,30,,21916,4272,,,1,73,,21943,4272,,,1,13,,21914,4272,,,1,15,,21913,4272,,,1,14,,21936,4272,,,1,55,,21942,4272,,,1,17,,21915,4272,,,1,16,,21920,4272,,,1,12,,21923,4272,,,1,55,,21917,4272,,,1,15,,21933,4272,,,1,15,,21909,4272,,,1,62,,21940,4272,,,1,18,,21924,4272,,,1,21,,21921,4272,,,1,69,,21931,4272,,,1,30,,21918,4272,,,1,70,,21934,4272,,,1,30,,21944,4272,,,1,70,,21922,4272,,,1,30,,21919,4272,,,1,100,,21925,4272,,,1,100,,21926,4272,,,1,100,,21927,4272,,,1,100,,21928,4272,,,1
50500,'F7',1619,,40630,1805,,,2
50500,'SE',1619,,40631,1805,,,2
