2000,'DI',623,,3168,,,2,100,,3162,,,2,100,,3158,,,2,100,,3169,,,2,100,,3163,,,2,97,,3159,,,2,103,,3160,,,2,100,,3164,,,2,100,,3170,,,2,100,,3161,,,2,97,,3165,,,2,103,,3166,,,2,100,,3173,,,2,100,,3157,,,2,100,,3171,,,2,100,,3167,,,2,100,,3156,,,2,100,,3155,,,2,100,,3172,,,2
2000,'F1',626,,3192,,,2,100,,3181,,,2,100,,3188,,,2,100,,3185,,,2,100,,3184,,,2,100,,3193,,,2,100,,3186,,,2,100,,3176,,,2,100,,3182,,,2,100,,3187,,,2,96,,3189,,,2,104,,3190,,,2,104,,3191,,,2,96,,3177,,,2,100,,3183,,,2,100,,3174,,,2,100,,3178,,,2,100,,3175,,,2,100,,3180,,,2,100,,3179,,,2
2000,'F7',623,,13251,,,2,100,,13245,,,2,100,,13241,,,2,100,,13252,,,2,100,,13246,,,2,97,,13242,,,2,103,,13243,,,2,100,,13247,,,2,100,,13253,,,2,100,,13244,,,2,97,,13248,,,2,103,,13249,,,2,100,,13256,,,2,100,,13240,,,2,100,,13254,,,2,100,,13250,,,2,100,,13239,,,2,100,,13238,,,2,100,,13255,,,2
2000,'F8',545,,13287,,,2,60,,13297,,,2,24,,13288,,,2,71,,13262,,,2,14,,13304,,,2,9,,13299,,,2,8,,13300,,,2,10,,13303,,,2,11,,13305,,,2,6,,13298,,,2,54,,13301,,,2,32,,13306,,,2,71,,13302,,,2,29,,13259,,,2,71,,13263,,,2,30,,13266,,,2,70,,13257,,,2,30,,13290,,,2,70,,13279,,,2,30,,13267,,,2,70,,13283,,,2,30,,13289,,,2,70,,13296,,,2,30,,13268,,,2,70,,13264,,,2,21,,13295,,,2,17,,13278,,,2,55,,13293,,,2,15,,13282,,,2,15,,13276,,,2,17,,13285,,,2,50,,13280,,,2,13,,13274,,,2,11,,13271,,,2,12,,13291,,,2,13,,13277,,,2,51,,13261,,,2,14,,13269,,,2,13,,13275,,,2,15,,13272,,,2,68,,13281,,,2,30,,13286,,,2,70,,13265,,,2,30,,13260,,,2,70,,13292,,,2,30,,13270,,,2,100,,13273,,,2,100,,13284,,,2,100,,13258,,,2,100,,13294,,,2
2000,'F9',626,,13325,,,2,100,,13314,,,2,100,,13321,,,2,100,,13318,,,2,100,,13317,,,2,100,,13326,,,2,100,,13319,,,2,100,,13309,,,2,100,,13315,,,2,100,,13320,,,2,96,,13322,,,2,104,,13323,,,2,104,,13324,,,2,96,,13310,,,2,100,,13316,,,2,100,,13307,,,2,100,,13311,,,2,100,,13308,,,2,100,,13313,,,2,100,,13312,,,2
2000,'SA',626,,3212,,,2,100,,3201,,,2,100,,3208,,,2,100,,3205,,,2,100,,3204,,,2,100,,3213,,,2,100,,3206,,,2,100,,3196,,,2,100,,3202,,,2,100,,3207,,,2,96,,3209,,,2,104,,3210,,,2,104,,3211,,,2,96,,3197,,,2,100,,3203,,,2,100,,3194,,,2,100,,3198,,,2,100,,3195,,,2,100,,3200,,,2,100,,3199,,,2
2000,'SE',545,,3244,,,2,60,,3254,,,2,24,,3245,,,2,71,,3219,,,2,14,,3261,,,2,9,,3256,,,2,8,,3257,,,2,10,,3260,,,2,11,,3262,,,2,6,,3255,,,2,54,,3258,,,2,32,,3263,,,2,71,,3259,,,2,29,,3216,,,2,71,,3220,,,2,30,,3223,,,2,70,,3214,,,2,30,,3247,,,2,70,,3236,,,2,30,,3224,,,2,70,,3240,,,2,30,,3246,,,2,70,,3253,,,2,30,,3225,,,2,70,,3221,,,2,21,,3252,,,2,17,,3235,,,2,55,,3250,,,2,15,,3239,,,2,15,,3233,,,2,17,,3242,,,2,50,,3237,,,2,13,,3231,,,2,11,,3228,,,2,12,,3248,,,2,13,,3234,,,2,51,,3218,,,2,14,,3226,,,2,13,,3232,,,2,15,,3229,,,2,68,,3238,,,2,30,,3243,,,2,70,,3222,,,2,30,,3217,,,2,70,,3249,,,2,30,,3227,,,2,100,,3230,,,2,100,,3241,,,2,100,,3215,,,2,100,,3251,,,2
2901,'DI',701,,4087,,,1,100,,4088,,,1,100,,4089,,,1,100,,4090,,,1,100,,4091,,,1,100,,4092,,,1,100,,4093,,,1,100,,4094,,,1,100,,4095,,,1,100,,4096,,,1,100,,4097,,,1,100,,4098,,,1,99,,4099,,,1,100,,4100,,,1,100,,4101,,,1,100,,4102,,,1,100,,4103,,,1,120,,4104,,,1,100,,4105,,,1
2901,'F1',701,,4114,,,1,100,,4115,,,1,100,,4116,,,1,100,,4117,,,1,100,,4118,,,1,100,,4119,,,1,100,,4120,,,1,100,,4121,,,1,99,,4122,,,1,59,,4123,,,1,99,,4124,,,1,148,,4106,,,1,98,,4107,,,1,97,,4108,,,1,99,,4109,,,1,100,,4110,,,1,100,,4111,,,1,120,,4112,,,1,100,,4113,,,1
2901,'F7',701,,13983,,,1,100,,13984,,,1,100,,13985,,,1,100,,13986,,,1,100,,13987,,,1,100,,13988,,,1,100,,13989,,,1,100,,13990,,,1,100,,13991,,,1,100,,13992,,,1,100,,13993,,,1,100,,13994,,,1,99,,13995,,,1,100,,13996,,,1,100,,13997,,,1,100,,13998,,,1,100,,13999,,,1,120,,14000,,,1,100,,14001,,,1
2901,'F8',631,,14013,,,1,26,,14012,,,1,72,,14010,,,1,5,,14016,,,1,67,,14006,,,1,30,,14003,,,1,70,,14014,,,1,103,,14011,,,1,100,,14004,,,1,101,,14005,,,1,100,,14028,,,1,100,,14002,,,1,99,,14027,,,1,35,,14029,,,1,66,,14026,,,1,34,,14017,,,1,20,,14009,,,1,69,,14025,,,1,13,,14024,,,1,68,,14015,,,1,28,,14018,,,1,67,,14007,,,1,99,,14008,,,1,99,,14019,,,1,99,,14020,,,1,58,,14021,,,1,161,,14022,,,1,96,,14023,,,1
2901,'F9',701,,14038,,,1,100,,14039,,,1,100,,14040,,,1,100,,14041,,,1,100,,14042,,,1,100,,14043,,,1,100,,14044,,,1,100,,14045,,,1,99,,14046,,,1,59,,14047,,,1,99,,14048,,,1,148,,14030,,,1,98,,14031,,,1,97,,14032,,,1,99,,14033,,,1,100,,14034,,,1,100,,14035,,,1,120,,14036,,,1,100,,14037,,,1
2901,'SA',701,,4133,,,1,100,,4134,,,1,100,,4135,,,1,100,,4136,,,1,100,,4137,,,1,100,,4138,,,1,100,,4139,,,1,100,,4140,,,1,99,,4141,,,1,59,,4142,,,1,99,,4143,,,1,148,,4125,,,1,98,,4126,,,1,97,,4127,,,1,99,,4128,,,1,100,,4129,,,1,100,,4130,,,1,120,,4131,,,1,100,,4132,,,1
2901,'SE',631,,4155,,,1,26,,4154,,,1,72,,4152,,,1,5,,4158,,,1,67,,4148,,,1,30,,4145,,,1,70,,4156,,,1,103,,4153,,,1,100,,4146,,,1,101,,4147,,,1,100,,4170,,,1,100,,4144,,,1,99,,4169,,,1,35,,4171,,,1,66,,4168,,,1,34,,4159,,,1,20,,4151,,,1,69,,4167,,,1,13,,4166,,,1,68,,4157,,,1,28,,4160,,,1,67,,4149,,,1,99,,4150,,,1,99,,4161,,,1,99,,4162,,,1,58,,4163,,,1,161,,4164,,,1,96,,4165,,,1
12301,'DI',521,,8974,,,2,100,,8981,,,2,100,,8975,,,2,100,,8982,,,2,100,,8976,,,2,100,,8983,,,2,100,,8977,,,2,100,,8984,,,2,100,,8978,,,2,100,,8985,,,2,100,,8979,,,2,100,,8986,,,2,100,,8980,,,2,100,,8987,,,2,100,,8988,,,2,100,,8971,,,2,100,,8989,,,2,100,,8972,,,2,100,,8990,,,2,100,,8973,,,2
12301,'F1',521,,8991,,,2,100,,9004,,,2,100,,8992,,,2,100,,9005,,,2,100,,8993,,,2,100,,9006,,,2,100,,8994,,,2,100,,9007,,,2,100,,8995,,,2,100,,9008,,,2,100,,8996,,,2,100,,9009,,,2,100,,8997,,,2,100,,9010,,,2,100,,8998,,,2,100,,9001,,,2,100,,8999,,,2,100,,9002,,,2,100,,9000,,,2,100,,9003,,,2
12301,'F7',521,,17920,,,2,100,,17927,,,2,100,,17921,,,2,100,,17928,,,2,100,,17922,,,2,100,,17929,,,2,100,,17923,,,2,100,,17930,,,2,100,,17924,,,2,100,,17931,,,2,100,,17925,,,2,100,,17932,,,2,100,,17926,,,2,100,,17933,,,2,100,,17934,,,2,100,,17917,,,2,100,,17935,,,2,100,,17918,,,2,100,,17936,,,2,100,,17919,,,2
12301,'F8',506,,17956,,,2,30,,17957,,,2,20,,17942,,,2,60,,17940,,,2,15,,17939,,,2,25,,17943,,,2,70,,17938,,,2,31,,17937,,,2,70,,17941,,,2,29,,17960,,,2,70,,17961,,,2,96,,17946,,,2,100,,17954,,,2,100,,17944,,,2,100,,17963,,,2,100,,17965,,,2,11,,17972,,,2,24,,17967,,,2,60,,17949,,,2,15,,17948,,,2,19,,17951,,,2,6,,17962,,,2,56,,17970,,,2,10,,17971,,,2,6,,17947,,,2,24,,17969,,,2,69,,17968,,,2,30,,17966,,,2,71,,17952,,,2,26,,17945,,,2,74,,17950,,,2,28,,17953,,,2,70,,17973,,,2,98,,17964,,,2,100,,17958,,,2,100,,17955,,,2,120,,17959,,,2
12301,'F9',521,,17974,,,2,100,,17987,,,2,100,,17975,,,2,100,,17988,,,2,100,,17976,,,2,100,,17989,,,2,100,,17977,,,2,100,,17990,,,2,100,,17978,,,2,100,,17991,,,2,100,,17979,,,2,100,,17992,,,2,100,,17980,,,2,100,,17993,,,2,100,,17981,,,2,100,,17984,,,2,100,,17982,,,2,100,,17985,,,2,100,,17983,,,2,100,,17986,,,2
12301,'SA',521,,9011,,,2,100,,9024,,,2,100,,9012,,,2,100,,9025,,,2,100,,9013,,,2,100,,9026,,,2,100,,9014,,,2,100,,9027,,,2,100,,9015,,,2,100,,9028,,,2,100,,9016,,,2,100,,9029,,,2,100,,9017,,,2,100,,9030,,,2,100,,9018,,,2,100,,9021,,,2,100,,9019,,,2,100,,9022,,,2,100,,9020,,,2,100,,9023,,,2
12301,'SE',506,,9050,,,2,30,,9051,,,2,20,,9036,,,2,60,,9034,,,2,15,,9033,,,2,25,,9037,,,2,70,,9032,,,2,31,,9031,,,2,70,,9035,,,2,29,,9054,,,2,70,,9055,,,2,96,,9040,,,2,100,,9048,,,2,100,,9038,,,2,100,,9057,,,2,100,,9059,,,2,11,,9066,,,2,24,,9061,,,2,60,,9043,,,2,15,,9042,,,2,19,,9045,,,2,6,,9056,,,2,56,,9064,,,2,10,,9065,,,2,6,,9041,,,2,24,,9063,,,2,69,,9062,,,2,30,,9060,,,2,71,,9046,,,2,26,,9039,,,2,74,,9044,,,2,28,,9047,,,2,70,,9067,,,2,98,,9058,,,2,100,,9052,,,2,100,,9049,,,2,120,,9053,,,2
57001,'F8',820,,19182,,,2
57001,'SE',820,,10481,,,2
