4201,'DI',556,,8648,7866,,,1,100,,8649,7866,,,1,100,,8632,7866,,,1,100,,8633,7866,,,1,100,,8634,7866,,,1,100,,8635,7866,,,1,100,,8636,7866,,,1,100,,8637,7866,,,1,100,,8638,7866,,,1,100,,8639,7866,,,1,100,,8640,7866,,,1,100,,8641,7866,,,1,100,,8642,7866,,,1,100,,8643,7866,,,1,99,,8650,7866,,,1,100,,8651,7866,,,1,100,,8644,7866,,,1,100,,8645,7866,,,1,100,,8646,7866,,,1,100,,8647,7866,,,1
4201,'F1',556,,8652,7866,,,1,100,,8653,7866,,,1,100,,8654,7866,,,1,100,,8655,7866,,,1,100,,8656,7866,,,1,100,,8657,7866,,,1,100,,8658,7866,,,1,100,,8659,7866,,,1,100,,8660,7866,,,1,100,,8661,7866,,,1,100,,8662,7866,,,1,100,,8663,7866,,,1,100,,8664,7866,,,1,100,,8665,7866,,,1,99,,8666,7866,,,1,100,,8667,7866,,,1,100,,8668,7866,,,1,100,,8669,7866,,,1,100,,8670,7866,,,1,100,,8671,7866,,,1
4201,'F7',556,,8688,7866,,,1,100,,8689,7866,,,1,100,,8672,7866,,,1,100,,8673,7866,,,1,100,,8674,7866,,,1,100,,8675,7866,,,1,100,,8676,7866,,,1,100,,8677,7866,,,1,100,,8678,7866,,,1,100,,8679,7866,,,1,100,,8680,7866,,,1,100,,8681,7866,,,1,100,,8682,7866,,,1,100,,8683,7866,,,1,99,,8690,7866,,,1,100,,8691,7866,,,1,100,,8684,7866,,,1,100,,8685,7866,,,1,100,,8686,7866,,,1,100,,8687,7866,,,1
4201,'F8',526,,8695,7866,,,1,20,,8696,7866,,,1,70,,8701,7866,,,1,21,,8732,7866,,,1,14,,8723,7866,,,1,54,,8703,7866,,,1,14,,8702,7866,,,1,14,,8727,7866,,,1,14,,8698,7866,,,1,54,,8692,7866,,,1,14,,8704,7866,,,1,14,,8700,7866,,,1,15,,8726,7866,,,1,60,,8699,7866,,,1,31,,8733,7866,,,1,70,,8739,7866,,,1,30,,8730,7866,,,1,70,,8693,7866,,,1,30,,8705,7866,,,1,70,,8721,7866,,,1,30,,8738,7866,,,1,70,,8708,7866,,,1,30,,8707,7866,,,1,70,,8737,7866,,,1,30,,8706,7866,,,1,70,,8722,7866,,,1,4,,8724,7866,,,1,2,,8725,7866,,,1,2,,8710,7866,,,1,22,,8694,7866,,,1,70,,8731,7866,,,1,20,,8720,7866,,,1,16,,8709,7866,,,1,18,,8711,7866,,,1,56,,8740,7866,,,1,28,,8713,7866,,,1,67,,8712,7866,,,1,29,,8697,7866,,,1,66,,8734,7866,,,1,35,,8714,7866,,,1,70,,8735,7866,,,1,30,,8715,7866,,,1,70,,8736,7866,,,1,29,,8716,7866,,,1,69,,8728,7866,,,1,30,,8717,7866,,,1,70,,8729,7866,,,1,50,,8718,7866,,,1,100,,8719,7866,,,1
4201,'F9',556,,8741,7866,,,1,100,,8742,7866,,,1,100,,8743,7866,,,1,100,,8744,7866,,,1,100,,8745,7866,,,1,100,,8746,7866,,,1,100,,8747,7866,,,1,100,,8748,7866,,,1,100,,8749,7866,,,1,100,,8750,7866,,,1,100,,8751,7866,,,1,100,,8752,7866,,,1,100,,8753,7866,,,1,100,,8754,7866,,,1,99,,8755,7866,,,1,100,,8756,7866,,,1,100,,8757,7866,,,1,100,,8758,7866,,,1,100,,8759,7866,,,1,100,,8760,7866,,,1
4201,'SA',556,,8761,7866,,,1,100,,8762,7866,,,1,100,,8763,7866,,,1,100,,8764,7866,,,1,100,,8765,7866,,,1,100,,8766,7866,,,1,100,,8767,7866,,,1,100,,8768,7866,,,1,100,,8769,7866,,,1,100,,8770,7866,,,1,100,,8771,7866,,,1,100,,8772,7866,,,1,100,,8773,7866,,,1,100,,8774,7866,,,1,99,,8775,7866,,,1,100,,8776,7866,,,1,100,,8777,7866,,,1,100,,8778,7866,,,1,100,,8779,7866,,,1,100,,8780,7866,,,1
4201,'SE',526,,8784,7866,,,1,20,,8785,7866,,,1,70,,8790,7866,,,1,21,,8821,7866,,,1,14,,8812,7866,,,1,54,,8792,7866,,,1,14,,8791,7866,,,1,14,,8816,7866,,,1,14,,8787,7866,,,1,54,,8781,7866,,,1,14,,8793,7866,,,1,14,,8789,7866,,,1,15,,8815,7866,,,1,60,,8788,7866,,,1,31,,8822,7866,,,1,70,,8828,7866,,,1,30,,8819,7866,,,1,70,,8782,7866,,,1,30,,8794,7866,,,1,70,,8810,7866,,,1,30,,8827,7866,,,1,70,,8797,7866,,,1,30,,8796,7866,,,1,70,,8826,7866,,,1,30,,8795,7866,,,1,70,,8811,7866,,,1,4,,8813,7866,,,1,2,,8814,7866,,,1,2,,8799,7866,,,1,22,,8783,7866,,,1,70,,8820,7866,,,1,20,,8809,7866,,,1,16,,8798,7866,,,1,18,,8800,7866,,,1,56,,8829,7866,,,1,28,,8802,7866,,,1,67,,8801,7866,,,1,29,,8786,7866,,,1,66,,8823,7866,,,1,35,,8803,7866,,,1,70,,8824,7866,,,1,30,,8804,7866,,,1,70,,8825,7866,,,1,29,,8805,7866,,,1,69,,8817,7866,,,1,30,,8806,7866,,,1,70,,8818,7866,,,1,50,,8807,7866,,,1,100,,8808,7866,,,1
5001,'DI',702,,10261,9892,,,2,102,,10259,9892,,,2,100,,10267,9892,,,2,100,,10262,9892,,,2,103,,10263,9892,,,2,94,,10268,9892,,,2,103,,10269,9892,,,2,103,,10270,9892,,,2,97,,10260,9892,,,2,96,,10272,9892,,,2,103,,10273,9892,,,2,106,,10271,9892,,,2,95,,10266,9892,,,2,100,,10276,9892,,,2,100,,10264,9892,,,2,100,,10277,9892,,,2,100,,10274,9892,,,2,100,,10265,9892,,,2,100,,10278,9892,,,2
5001,'F1',704,,10297,9892,,,2,98,,10292,9892,,,2,102,,10288,9892,,,2,97,,10289,9892,,,2,103,,10290,9892,,,2,96,,10284,9892,,,2,102,,10280,9892,,,2,98,,10298,9892,,,2,59,,10293,9892,,,2,143,,10294,9892,,,2,103,,10295,9892,,,2,103,,10296,9892,,,2,96,,10281,9892,,,2,100,,10282,9892,,,2,100,,10285,9892,,,2,100,,10291,9892,,,2,97,,10286,9892,,,2,103,,10287,9892,,,2,101,,10279,9892,,,2
5001,'F7',702,,10301,9892,,,2,102,,10299,9892,,,2,100,,10307,9892,,,2,100,,10302,9892,,,2,103,,10303,9892,,,2,94,,10308,9892,,,2,103,,10309,9892,,,2,103,,10310,9892,,,2,97,,10300,9892,,,2,96,,10312,9892,,,2,103,,10313,9892,,,2,106,,10311,9892,,,2,95,,10306,9892,,,2,100,,10316,9892,,,2,100,,10304,9892,,,2,100,,10317,9892,,,2,100,,10314,9892,,,2,100,,10305,9892,,,2,100,,10318,9892,,,2
5001,'F8',555,,10326,9892,,,2,70,,10329,9892,,,2,30,,10331,9892,,,2,71,,10333,9892,,,2,30,,10319,9892,,,2,70,,10321,9892,,,2,30,,10332,9892,,,2,71,,10330,9892,,,2,27,,10343,9892,,,2,100,,10345,9892,,,2,100,,10344,9892,,,2,100,,10334,9892,,,2,100,,10335,9892,,,2,99,,10322,9892,,,2,102,,10327,9892,,,2,68,,10346,9892,,,2,33,,10328,9892,,,2,74,,10347,9892,,,2,26,,10342,9892,,,2,70,,10337,9892,,,2,30,,10336,9892,,,2,98,,10338,9892,,,2,100,,10320,9892,,,2,100,,10325,9892,,,2,100,,10339,9892,,,2,100,,10341,9892,,,2,100,,10324,9892,,,2
5001,'F9',704,,10366,9892,,,2,98,,10361,9892,,,2,102,,10357,9892,,,2,97,,10358,9892,,,2,103,,10359,9892,,,2,96,,10353,9892,,,2,102,,10349,9892,,,2,98,,10367,9892,,,2,59,,10362,9892,,,2,143,,10363,9892,,,2,103,,10364,9892,,,2,103,,10365,9892,,,2,96,,10350,9892,,,2,100,,10351,9892,,,2,100,,10354,9892,,,2,100,,10360,9892,,,2,97,,10355,9892,,,2,103,,10356,9892,,,2,101,,10348,9892,,,2
5001,'SA',704,,10386,9892,,,2,98,,10381,9892,,,2,102,,10377,9892,,,2,97,,10378,9892,,,2,103,,10379,9892,,,2,96,,10373,9892,,,2,102,,10369,9892,,,2,98,,10387,9892,,,2,59,,10382,9892,,,2,143,,10383,9892,,,2,103,,10384,9892,,,2,103,,10385,9892,,,2,96,,10370,9892,,,2,100,,10371,9892,,,2,100,,10374,9892,,,2,100,,10380,9892,,,2,97,,10375,9892,,,2,103,,10376,9892,,,2,101,,10368,9892,,,2
5001,'SE',555,,10395,9892,,,2,70,,10398,9892,,,2,30,,10400,9892,,,2,71,,10402,9892,,,2,30,,10388,9892,,,2,70,,10390,9892,,,2,30,,10401,9892,,,2,71,,10399,9892,,,2,27,,10412,9892,,,2,100,,10414,9892,,,2,100,,10413,9892,,,2,100,,10403,9892,,,2,100,,10404,9892,,,2,99,,10391,9892,,,2,102,,10396,9892,,,2,68,,10415,9892,,,2,33,,10397,9892,,,2,74,,10416,9892,,,2,26,,10411,9892,,,2,70,,10406,9892,,,2,30,,10405,9892,,,2,98,,10407,9892,,,2,100,,10389,9892,,,2,100,,10394,9892,,,2,100,,10408,9892,,,2,100,,10410,9892,,,2,100,,10393,9892,,,2
6001,'F8',601,,11004,9238,,,1,22,,11003,9238,,,1,21,,10997,9238,,,1,68,,11018,9238,,,1,28,,11011,9238,,,1,68,,11008,9238,,,1,28,,11009,9238,,,1,21,,11021,9238,,,1,63,,11012,9238,,,1,100,,11010,9238,,,1,100,,10995,9238,,,1,100,,11000,9238,,,1,101,,11007,9238,,,1,100,,10996,9238,,,1,101,,11006,9238,,,1,94,,11013,9238,,,1,30,,11001,9238,,,1,67,,10998,9238,,,1,28,,10999,9238,,,1,67,,11014,9238,,,1,29,,11015,9238,,,1,70,,11002,9238,,,1,48,,11016,9238,,,1,100,,11019,9238,,,1,99,,11020,9238,,,1,100,,11017,9238,,,1,95,,11005,9238,,,1
6001,'SE',601,,11031,9238,,,1,22,,11030,9238,,,1,21,,11024,9238,,,1,68,,11045,9238,,,1,28,,11038,9238,,,1,68,,11035,9238,,,1,28,,11036,9238,,,1,21,,11048,9238,,,1,63,,11039,9238,,,1,100,,11037,9238,,,1,100,,11022,9238,,,1,100,,11027,9238,,,1,101,,11034,9238,,,1,100,,11023,9238,,,1,101,,11033,9238,,,1,94,,11040,9238,,,1,30,,11028,9238,,,1,67,,11025,9238,,,1,28,,11026,9238,,,1,67,,11041,9238,,,1,29,,11042,9238,,,1,70,,11029,9238,,,1,48,,11043,9238,,,1,100,,11046,9238,,,1,99,,11047,9238,,,1,100,,11044,9238,,,1,95,,11032,9238,,,1
16001,'DI',617,,16702,15632,,,1,99,,16706,15632,,,1,100,,16698,15632,,,1,100,,16693,15632,,,1,100,,16707,15632,,,1,100,,16703,15632,,,1,100,,16708,15632,,,1,100,,16695,15632,,,1,100,,16700,15632,,,1,100,,16701,15632,,,1,100,,16696,15632,,,1,100,,16709,15632,,,1,100,,16699,15632,,,1,100,,16697,15632,,,1,100,,16704,15632,,,1,103,,16694,15632,,,1,97,,16705,15632,,,1
16001,'F1',618,,16713,15632,,,1,99,,16724,15632,,,1,99,,16721,15632,,,1,100,,16725,15632,,,1,99,,16714,15632,,,1,101,,16710,15632,,,1,100,,16722,15632,,,1,100,,16717,15632,,,1,100,,16715,15632,,,1,100,,16711,15632,,,1,100,,16718,15632,,,1,100,,16726,15632,,,1,100,,16712,15632,,,1,101,,16719,15632,,,1,99,,16723,15632,,,1,103,,16720,15632,,,1,97,,16716,15632,,,1
16001,'F7',617,,16736,15632,,,1,99,,16740,15632,,,1,100,,16732,15632,,,1,100,,16727,15632,,,1,100,,16741,15632,,,1,100,,16737,15632,,,1,100,,16742,15632,,,1,100,,16729,15632,,,1,100,,16734,15632,,,1,100,,16735,15632,,,1,100,,16730,15632,,,1,100,,16743,15632,,,1,100,,16733,15632,,,1,100,,16731,15632,,,1,100,,16738,15632,,,1,103,,16728,15632,,,1,97,,16739,15632,,,1
16001,'F8',627,,16747,15632,,,1,28,,16758,15632,,,1,68,,16749,15632,,,1,28,,16753,15632,,,1,67,,16752,15632,,,1,29,,16759,15632,,,1,59,,16750,15632,,,1,43,,16754,15632,,,1,99,,16751,15632,,,1,93,,16748,15632,,,1,100,,16744,15632,,,1,100,,16760,15632,,,1,100,,16761,15632,,,1,99,,16762,15632,,,1,92,,16764,15632,,,1,96,,16766,15632,,,1,31,,16763,15632,,,1,67,,16755,15632,,,1,25,,16765,15632,,,1,66,,16745,15632,,,1,99,,16756,15632,,,1,100,,16767,15632,,,1,101,,16746,15632,,,1,100,,16768,15632,,,1,90,,16757,15632,,,1
16001,'F9',618,,16772,15632,,,1,99,,16783,15632,,,1,99,,16780,15632,,,1,100,,16784,15632,,,1,99,,16773,15632,,,1,101,,16769,15632,,,1,100,,16781,15632,,,1,100,,16776,15632,,,1,100,,16774,15632,,,1,100,,16770,15632,,,1,100,,16777,15632,,,1,100,,16785,15632,,,1,100,,16771,15632,,,1,101,,16778,15632,,,1,99,,16782,15632,,,1,103,,16779,15632,,,1,97,,16775,15632,,,1
16001,'SA',618,,16789,15632,,,1,99,,16800,15632,,,1,99,,16797,15632,,,1,100,,16801,15632,,,1,99,,16790,15632,,,1,101,,16786,15632,,,1,100,,16798,15632,,,1,100,,16793,15632,,,1,100,,16791,15632,,,1,100,,16787,15632,,,1,100,,16794,15632,,,1,100,,16802,15632,,,1,100,,16788,15632,,,1,101,,16795,15632,,,1,99,,16799,15632,,,1,103,,16796,15632,,,1,97,,16792,15632,,,1
16001,'SE',627,,16806,15632,,,1,28,,16817,15632,,,1,68,,16808,15632,,,1,28,,16812,15632,,,1,67,,16811,15632,,,1,29,,16818,15632,,,1,59,,16809,15632,,,1,43,,16813,15632,,,1,99,,16810,15632,,,1,93,,16807,15632,,,1,100,,16803,15632,,,1,100,,16819,15632,,,1,100,,16820,15632,,,1,99,,16821,15632,,,1,92,,16823,15632,,,1,96,,16825,15632,,,1,31,,16822,15632,,,1,67,,16814,15632,,,1,25,,16824,15632,,,1,66,,16804,15632,,,1,99,,16815,15632,,,1,100,,16826,15632,,,1,101,,16805,15632,,,1,100,,16827,15632,,,1,90,,16816,15632,,,1
54200,'F8',1639,,18798,6822,,,2
54200,'SE',1639,,18799,6822,,,2
65601,'F8',853,,18932,3507,,,2,1,,18933,3507,,,2
65601,'SE',853,,18934,3507,,,2,1,,18935,3507,,,2
66501,'F8',854,,18962,2209,,,2
66501,'SE',854,,18963,2209,,,2
67001,'F8',852,,18972,4747,,,2,1,,18970,4747,,,2,1,,18971,4747,,,2
67001,'SE',852,,18975,4747,,,2,1,,18973,4747,,,2,1,,18974,4747,,,2
69600,'F8',1634,,19069,9114,4,,2,1,,19068,9114,4,,2
69600,'SE',1634,,19071,9114,4,,2,1,,19070,9114,4,,2
