4101,'DI',746,,29270,8861,,,1,100,,29274,8861,,,1,101,,29264,8861,,,1,100,,29260,8861,,,1,100,,29271,8861,,,1,100,,29261,8861,,,1,101,,29272,8861,,,1,100,,29265,8861,,,1,100,,29257,8861,,,1,102,,29262,8861,,,1,98,,29266,8861,,,1,100,,29258,8861,,,1,98,,29267,8861,,,1,100,,29259,8861,,,1,100,,29263,8861,,,1,99,,29268,8861,,,1,100,,29273,8861,,,1,100,,29269,8861,,,1,100,,29275,8861,,,1
4101,'F1',746,,29292,8861,,,1,100,,29294,8861,,,1,101,,29279,8861,,,1,101,,29288,8861,,,1,99,,29276,8861,,,1,100,,29289,8861,,,1,101,,29277,8861,,,1,100,,29290,8861,,,1,100,,29280,8861,,,1,100,,29285,8861,,,1,100,,29281,8861,,,1,100,,29286,8861,,,1,98,,29282,8861,,,1,100,,29291,8861,,,1,100,,29283,8861,,,1,99,,29293,8861,,,1,100,,29287,8861,,,1,100,,29278,8861,,,1,100,,29284,8861,,,1
4101,'F2',746,,29298,8861,,,1,100,,29311,8861,,,1,101,,29299,8861,,,1,101,,29304,8861,,,1,99,,29312,8861,,,1,100,,29305,8861,,,1,101,,29300,8861,,,1,100,,29306,8861,,,1,100,,29301,8861,,,1,100,,29297,8861,,,1,100,,29302,8861,,,1,100,,29295,8861,,,1,98,,29307,8861,,,1,100,,29296,8861,,,1,100,,29313,8861,,,1,99,,29308,8861,,,1,100,,29303,8861,,,1,100,,29309,8861,,,1,100,,29310,8861,,,1
4101,'F7',715,,29314,8861,,,1,30,,29331,8861,,,1,70,,29325,8861,,,1,36,,29326,8861,,,1,65,,29332,8861,,,1,30,,29333,8861,,,1,100,,29328,8861,,,1,100,,29334,8861,,,1,100,,29329,8861,,,1,100,,29318,8861,,,1,101,,29337,8861,,,1,75,,29338,8861,,,1,25,,29335,8861,,,1,69,,29321,8861,,,1,37,,29327,8861,,,1,66,,29316,8861,,,1,27,,29319,8861,,,1,71,,29339,8861,,,1,29,,29324,8861,,,1,100,,29315,8861,,,1,99,,29330,8861,,,1,100,,29317,8861,,,1,99,,29322,8861,,,1,100,,29336,8861,,,1,100,,29323,8861,,,1,100,,29320,8861,,,1
4101,'F8',746,,29343,8861,,,1,100,,29356,8861,,,1,101,,29344,8861,,,1,101,,29349,8861,,,1,99,,29357,8861,,,1,100,,29350,8861,,,1,101,,29345,8861,,,1,100,,29351,8861,,,1,100,,29346,8861,,,1,100,,29342,8861,,,1,100,,29347,8861,,,1,100,,29340,8861,,,1,98,,29352,8861,,,1,100,,29341,8861,,,1,100,,29358,8861,,,1,99,,29353,8861,,,1,100,,29348,8861,,,1,100,,29354,8861,,,1,100,,29355,8861,,,1
4101,'F9',746,,29372,8861,,,1,100,,29376,8861,,,1,101,,29366,8861,,,1,100,,29362,8861,,,1,100,,29373,8861,,,1,100,,29363,8861,,,1,101,,29374,8861,,,1,100,,29367,8861,,,1,100,,29359,8861,,,1,102,,29364,8861,,,1,98,,29368,8861,,,1,100,,29360,8861,,,1,98,,29369,8861,,,1,100,,29361,8861,,,1,100,,29365,8861,,,1,99,,29370,8861,,,1,100,,29375,8861,,,1,100,,29371,8861,,,1,100,,29377,8861,,,1
4101,'SA',746,,29381,8861,,,1,100,,29394,8861,,,1,101,,29382,8861,,,1,101,,29387,8861,,,1,99,,29395,8861,,,1,100,,29388,8861,,,1,101,,29383,8861,,,1,100,,29389,8861,,,1,100,,29384,8861,,,1,100,,29380,8861,,,1,100,,29385,8861,,,1,100,,29378,8861,,,1,98,,29390,8861,,,1,100,,29379,8861,,,1,100,,29396,8861,,,1,99,,29391,8861,,,1,100,,29386,8861,,,1,100,,29392,8861,,,1,100,,29393,8861,,,1
4101,'SE',715,,29397,8861,,,1,30,,29414,8861,,,1,70,,29408,8861,,,1,36,,29409,8861,,,1,65,,29415,8861,,,1,30,,29416,8861,,,1,100,,29411,8861,,,1,100,,29417,8861,,,1,100,,29412,8861,,,1,100,,29401,8861,,,1,101,,29420,8861,,,1,75,,29421,8861,,,1,25,,29418,8861,,,1,69,,29404,8861,,,1,37,,29410,8861,,,1,66,,29399,8861,,,1,27,,29402,8861,,,1,71,,29422,8861,,,1,29,,29407,8861,,,1,100,,29398,8861,,,1,99,,29413,8861,,,1,100,,29400,8861,,,1,99,,29405,8861,,,1,100,,29419,8861,,,1,100,,29406,8861,,,1,100,,29403,8861,,,1
53601,'F7',909,,40676,0,,,2
53601,'SE',909,,40677,0,,,2
65600,'F7',1610,,40819,2128,,,2,1,,40818,2128,,,2
65600,'SE',1610,,40821,2128,,,2,1,,40820,2128,,,2
69600,'F7',1620,,40958,4054,,,2,1,,40959,4054,,,2
69600,'SE',1620,,40960,4054,,,2,1,,40961,4054,,,2
