2301,'F1',612,,6669,4030,,,2,103,,6670,4030,,,2,101,,6671,4030,,,2,100,,6667,4030,,,2,103,,6668,4030,,,2,99,,6672,4030,,,2,103,,6673,4030,,,2,97,,6664,4030,,,2,99,,6665,4030,,,2,100,,6666,4030,,,2,100,,6675,4030,,,2,100,,6674,4030,,,2
2301,'F8',1020,,6678,4030,,,2,100,,6676,4030,,,2,100,,6679,4030,,,2,101,,6677,4030,,,2,100,,6680,4030,,,2
2301,'F9',612,,6686,4030,,,2,103,,6687,4030,,,2,101,,6688,4030,,,2,100,,6684,4030,,,2,103,,6685,4030,,,2,99,,6689,4030,,,2,103,,6690,4030,,,2,97,,6681,4030,,,2,99,,6682,4030,,,2,100,,6683,4030,,,2,100,,6692,4030,,,2,100,,6691,4030,,,2
2301,'SA',612,,6698,4030,,,2,103,,6699,4030,,,2,101,,6700,4030,,,2,100,,6696,4030,,,2,103,,6697,4030,,,2,99,,6701,4030,,,2,103,,6702,4030,,,2,97,,6693,4030,,,2,99,,6694,4030,,,2,100,,6695,4030,,,2,100,,6704,4030,,,2,100,,6703,4030,,,2
2301,'SE',1020,,6707,4030,,,2,100,,6705,4030,,,2,100,,6708,4030,,,2,101,,6706,4030,,,2,100,,6709,4030,,,2
12301,'DI',546,,16064,18327,,,2,100,,16071,18327,,,2,100,,16065,18327,,,2,100,,16072,18327,,,2,101,,16066,18327,,,2,100,,16073,18327,,,2,100,,16067,18327,,,2,100,,16074,18327,,,2,100,,16068,18327,,,2,100,,16075,18327,,,2,100,,16069,18327,,,2,100,,16076,18327,,,2,100,,16070,18327,,,2,100,,16077,18327,,,2,100,,16078,18327,,,2,99,,16061,18327,,,2,100,,16079,18327,,,2,100,,16062,18327,,,2,100,,16080,18327,,,2,100,,16063,18327,,,2
12301,'F1',545,,16081,18327,,,2,100,,16094,18327,,,2,100,,16082,18327,,,2,100,,16095,18327,,,2,100,,16083,18327,,,2,100,,16096,18327,,,2,100,,16084,18327,,,2,100,,16097,18327,,,2,100,,16085,18327,,,2,100,,16098,18327,,,2,100,,16086,18327,,,2,100,,16099,18327,,,2,100,,16087,18327,,,2,100,,16100,18327,,,2,100,,16088,18327,,,2,100,,16091,18327,,,2,100,,16089,18327,,,2,100,,16092,18327,,,2,100,,16090,18327,,,2,100,,16093,18327,,,2
12301,'F7',546,,16104,18327,,,2,100,,16111,18327,,,2,100,,16105,18327,,,2,100,,16112,18327,,,2,101,,16106,18327,,,2,100,,16113,18327,,,2,100,,16107,18327,,,2,100,,16114,18327,,,2,100,,16108,18327,,,2,100,,16115,18327,,,2,100,,16109,18327,,,2,100,,16116,18327,,,2,100,,16110,18327,,,2,100,,16117,18327,,,2,100,,16118,18327,,,2,99,,16101,18327,,,2,100,,16119,18327,,,2,100,,16102,18327,,,2,100,,16120,18327,,,2,100,,16103,18327,,,2
12301,'F8',532,,16140,18327,,,2,70,,16141,18327,,,2,20,,16126,18327,,,2,24,,16124,18327,,,2,55,,16123,18327,,,2,27,,16127,18327,,,2,30,,16122,18327,,,2,68,,16121,18327,,,2,30,,16125,18327,,,2,68,,16144,18327,,,2,30,,16145,18327,,,2,96,,16130,18327,,,2,101,,16138,18327,,,2,100,,16128,18327,,,2,100,,16147,18327,,,2,100,,16149,18327,,,2,51,,16156,18327,,,2,27,,16151,18327,,,2,20,,16133,18327,,,2,55,,16132,18327,,,2,19,,16135,18327,,,2,6,,16146,18327,,,2,16,,16154,18327,,,2,10,,16155,18327,,,2,46,,16131,18327,,,2,24,,16153,18327,,,2,26,,16152,18327,,,2,68,,16150,18327,,,2,31,,16136,18327,,,2,66,,16129,18327,,,2,34,,16134,18327,,,2,68,,16137,18327,,,2,30,,16157,18327,,,2,98,,16148,18327,,,2,98,,16142,18327,,,2,100,,16139,18327,,,2,157,,16143,18327,,,2
12301,'F9',545,,16158,18327,,,2,100,,16171,18327,,,2,100,,16159,18327,,,2,100,,16172,18327,,,2,100,,16160,18327,,,2,100,,16173,18327,,,2,100,,16161,18327,,,2,100,,16174,18327,,,2,100,,16162,18327,,,2,100,,16175,18327,,,2,100,,16163,18327,,,2,100,,16176,18327,,,2,100,,16164,18327,,,2,100,,16177,18327,,,2,100,,16165,18327,,,2,100,,16168,18327,,,2,100,,16166,18327,,,2,100,,16169,18327,,,2,100,,16167,18327,,,2,100,,16170,18327,,,2
12301,'SA',545,,16178,18327,,,2,100,,16191,18327,,,2,100,,16179,18327,,,2,100,,16192,18327,,,2,100,,16180,18327,,,2,100,,16193,18327,,,2,100,,16181,18327,,,2,100,,16194,18327,,,2,100,,16182,18327,,,2,100,,16195,18327,,,2,100,,16183,18327,,,2,100,,16196,18327,,,2,100,,16184,18327,,,2,100,,16197,18327,,,2,100,,16185,18327,,,2,100,,16188,18327,,,2,100,,16186,18327,,,2,100,,16189,18327,,,2,100,,16187,18327,,,2,100,,16190,18327,,,2
12301,'SE',532,,16217,18327,,,2,70,,16218,18327,,,2,20,,16203,18327,,,2,24,,16201,18327,,,2,55,,16200,18327,,,2,27,,16204,18327,,,2,30,,16199,18327,,,2,68,,16198,18327,,,2,30,,16202,18327,,,2,68,,16221,18327,,,2,30,,16222,18327,,,2,96,,16207,18327,,,2,101,,16215,18327,,,2,100,,16205,18327,,,2,100,,16224,18327,,,2,100,,16226,18327,,,2,51,,16233,18327,,,2,27,,16228,18327,,,2,20,,16210,18327,,,2,55,,16209,18327,,,2,19,,16212,18327,,,2,6,,16223,18327,,,2,16,,16231,18327,,,2,10,,16232,18327,,,2,46,,16208,18327,,,2,24,,16230,18327,,,2,26,,16229,18327,,,2,68,,16227,18327,,,2,31,,16213,18327,,,2,66,,16206,18327,,,2,34,,16211,18327,,,2,68,,16214,18327,,,2,30,,16234,18327,,,2,98,,16225,18327,,,2,98,,16219,18327,,,2,100,,16216,18327,,,2,157,,16220,18327,,,2
17001,'F8',512,,17082,1026,0,50 51,2,30,,17083,1026,0,50 51,2,62,,17066,1026,0,50 51,2,30,,17070,1026,0,50 51,2,70,,17067,1026,0,50 51,2,30,,17071,1026,0,50 51,2,70,,17068,1026,0,50 51,2,35,,17072,1026,0,50 51,2,70,,17069,1026,0,50 51,2,616,,17078,1026,0,50 51,2,30,,17073,1026,0,50 51,2,70,,17079,1026,0,50 51,2,30,,17074,1026,0,50 51,2,70,,17080,1026,0,50 51,2,30,,17075,1026,0,50 51,2,70,,17081,1026,0,50 51,2,30,,17076,1026,0,50 51,2
17001,'SE',512,,17100,1026,0,50 51,2,30,,17101,1026,0,50 51,2,62,,17084,1026,0,50 51,2,30,,17088,1026,0,50 51,2,70,,17085,1026,0,50 51,2,30,,17089,1026,0,50 51,2,70,,17086,1026,0,50 51,2,35,,17090,1026,0,50 51,2,70,,17087,1026,0,50 51,2,616,,17096,1026,0,50 51,2,30,,17091,1026,0,50 51,2,70,,17097,1026,0,50 51,2,30,,17092,1026,0,50 51,2,70,,17098,1026,0,50 51,2,30,,17093,1026,0,50 51,2,70,,17099,1026,0,50 51,2,30,,17094,1026,0,50 51,2
