5000,'DI',635,,10105,10235,,,2,102,,10103,10235,,,2,100,,10111,10235,,,2,100,,10106,10235,,,2,103,,10107,10235,,,2,94,,10112,10235,,,2,103,,10113,10235,,,2,103,,10114,10235,,,2,97,,10104,10235,,,2,96,,10116,10235,,,2,103,,10117,10235,,,2,106,,10115,10235,,,2,95,,10110,10235,,,2,100,,10120,10235,,,2,100,,10108,10235,,,2,100,,10121,10235,,,2,100,,10118,10235,,,2,100,,10109,10235,,,2,100,,10122,10235,,,2,100,,10119,10235,,,2
5000,'F1',637,,10141,10235,,,2,98,,10136,10235,,,2,102,,10132,10235,,,2,97,,10133,10235,,,2,103,,10134,10235,,,2,96,,10128,10235,,,2,102,,10124,10235,,,2,98,,10142,10235,,,2,99,,10137,10235,,,2,103,,10138,10235,,,2,103,,10139,10235,,,2,103,,10140,10235,,,2,96,,10125,10235,,,2,100,,10126,10235,,,2,100,,10129,10235,,,2,100,,10135,10235,,,2,97,,10130,10235,,,2,103,,10131,10235,,,2,101,,10123,10235,,,2,99,,10127,10235,,,2
5000,'F7',635,,10145,10235,,,2,102,,10143,10235,,,2,100,,10151,10235,,,2,100,,10146,10235,,,2,103,,10147,10235,,,2,94,,10152,10235,,,2,103,,10153,10235,,,2,103,,10154,10235,,,2,97,,10144,10235,,,2,96,,10156,10235,,,2,103,,10157,10235,,,2,106,,10155,10235,,,2,95,,10150,10235,,,2,100,,10160,10235,,,2,100,,10148,10235,,,2,100,,10161,10235,,,2,100,,10158,10235,,,2,100,,10149,10235,,,2,100,,10162,10235,,,2,100,,10159,10235,,,2
5000,'F8',557,,10172,10235,,,2,70,,10174,10235,,,2,30,,10176,10235,,,2,70,,10163,10235,,,2,30,,10165,10235,,,2,70,,10175,10235,,,2,73,,10173,10235,,,2,27,,10186,10235,,,2,100,,10188,10235,,,2,100,,10187,10235,,,2,100,,10177,10235,,,2,100,,10178,10235,,,2,99,,10166,10235,,,2,102,,10170,10235,,,2,28,,10189,10235,,,2,72,,10171,10235,,,2,74,,10190,10235,,,2,26,,10185,10235,,,2,30,,10180,10235,,,2,70,,10179,10235,,,2,29,,10167,10235,,,2,70,,10181,10235,,,2,100,,10164,10235,,,2,100,,10169,10235,,,2,100,,10182,10235,,,2,100,,10184,10235,,,2,100,,10168,10235,,,2,100,,10183,10235,,,2
5000,'F9',637,,10209,10235,,,2,98,,10204,10235,,,2,102,,10200,10235,,,2,97,,10201,10235,,,2,103,,10202,10235,,,2,96,,10196,10235,,,2,102,,10192,10235,,,2,98,,10210,10235,,,2,99,,10205,10235,,,2,103,,10206,10235,,,2,103,,10207,10235,,,2,103,,10208,10235,,,2,96,,10193,10235,,,2,100,,10194,10235,,,2,100,,10197,10235,,,2,100,,10203,10235,,,2,97,,10198,10235,,,2,103,,10199,10235,,,2,101,,10191,10235,,,2,99,,10195,10235,,,2
5000,'SA',637,,10229,10235,,,2,98,,10224,10235,,,2,102,,10220,10235,,,2,97,,10221,10235,,,2,103,,10222,10235,,,2,96,,10216,10235,,,2,102,,10212,10235,,,2,98,,10230,10235,,,2,99,,10225,10235,,,2,103,,10226,10235,,,2,103,,10227,10235,,,2,103,,10228,10235,,,2,96,,10213,10235,,,2,100,,10214,10235,,,2,100,,10217,10235,,,2,100,,10223,10235,,,2,97,,10218,10235,,,2,103,,10219,10235,,,2,101,,10211,10235,,,2,99,,10215,10235,,,2
5000,'SE',557,,10240,10235,,,2,70,,10242,10235,,,2,30,,10244,10235,,,2,70,,10231,10235,,,2,30,,10233,10235,,,2,70,,10243,10235,,,2,73,,10241,10235,,,2,27,,10254,10235,,,2,100,,10256,10235,,,2,100,,10255,10235,,,2,100,,10245,10235,,,2,100,,10246,10235,,,2,99,,10234,10235,,,2,102,,10238,10235,,,2,28,,10257,10235,,,2,72,,10239,10235,,,2,74,,10258,10235,,,2,26,,10253,10235,,,2,30,,10248,10235,,,2,70,,10247,10235,,,2,29,,10235,10235,,,2,70,,10249,10235,,,2,100,,10232,10235,,,2,100,,10237,10235,,,2,100,,10250,10235,,,2,100,,10252,10235,,,2,100,,10236,10235,,,2,100,,10251,10235,,,2
50500,'F8',1622,,18738,3270,,,2
50500,'SE',1622,,18739,3270,,,2
53900,'F8',1635,,18790,6266,,,2
53900,'SE',1635,,18791,6266,,,2
53901,'F8',910,,18792,6766,,,2
53901,'SE',910,,18793,6766,,,2
