2001,'DI',538,,5767,2099,,,2,100,,5778,2099,,,2,100,,5772,2099,,,2,100,,5768,2099,,,2,100,,5779,2099,,,2,100,,5773,2099,,,2,97,,5769,2099,,,2,103,,5770,2099,,,2,100,,5774,2099,,,2,100,,5780,2099,,,2,100,,5771,2099,,,2,97,,5775,2099,,,2,103,,5776,2099,,,2,100,,5783,2099,,,2,100,,5766,2099,,,2,100,,5781,2099,,,2,100,,5777,2099,,,2,100,,5765,2099,,,2,100,,5764,2099,,,2,100,,5782,2099,,,2
2001,'F1',539,,5795,2099,,,2,100,,5803,2099,,,2,100,,5791,2099,,,2,100,,5799,2099,,,2,100,,5796,2099,,,2,100,,5794,2099,,,2,100,,5804,2099,,,2,100,,5797,2099,,,2,100,,5786,2099,,,2,100,,5792,2099,,,2,100,,5798,2099,,,2,96,,5800,2099,,,2,104,,5801,2099,,,2,104,,5802,2099,,,2,96,,5787,2099,,,2,100,,5793,2099,,,2,100,,5784,2099,,,2,100,,5788,2099,,,2,100,,5785,2099,,,2,100,,5790,2099,,,2,100,,5789,2099,,,2
2001,'F7',538,,5808,2099,,,2,100,,5819,2099,,,2,100,,5813,2099,,,2,100,,5809,2099,,,2,100,,5820,2099,,,2,100,,5814,2099,,,2,97,,5810,2099,,,2,103,,5811,2099,,,2,100,,5815,2099,,,2,100,,5821,2099,,,2,100,,5812,2099,,,2,97,,5816,2099,,,2,103,,5817,2099,,,2,100,,5824,2099,,,2,100,,5807,2099,,,2,100,,5822,2099,,,2,100,,5818,2099,,,2,100,,5806,2099,,,2,100,,5805,2099,,,2,100,,5823,2099,,,2
2001,'F8',524,,5857,2099,,,2,76,,5867,2099,,,2,20,,5879,2099,,,2,15,,5834,2099,,,2,9,,5868,2099,,,2,9,,5873,2099,,,2,49,,5844,2099,,,2,9,,5832,2099,,,2,4,,5837,2099,,,2,14,,5842,2099,,,2,10,,5827,2099,,,2,8,,5828,2099,,,2,10,,5841,2099,,,2,51,,5843,2099,,,2,6,,5826,2099,,,2,14,,5833,2099,,,2,31,,5877,2099,,,2,71,,5835,2099,,,2,70,,5830,2099,,,2,31,,5838,2099,,,2,70,,5845,2099,,,2,30,,5825,2099,,,2,70,,5870,2099,,,2,30,,5859,2099,,,2,70,,5846,2099,,,2,30,,5863,2099,,,2,70,,5869,2099,,,2,30,,5878,2099,,,2,70,,5847,2099,,,2,31,,5839,2099,,,2,21,,5876,2099,,,2,57,,5858,2099,,,2,15,,5874,2099,,,2,15,,5862,2099,,,2,15,,5855,2099,,,2,57,,5865,2099,,,2,11,,5860,2099,,,2,13,,5853,2099,,,2,9,,5850,2099,,,2,12,,5871,2099,,,2,53,,5856,2099,,,2,11,,5836,2099,,,2,14,,5848,2099,,,2,13,,5854,2099,,,2,55,,5851,2099,,,2,28,,5861,2099,,,2,70,,5866,2099,,,2,30,,5840,2099,,,2,70,,5831,2099,,,2,30,,5872,2099,,,2,70,,5849,2099,,,2,100,,5852,2099,,,2,100,,5864,2099,,,2,100,,5829,2099,,,2,100,,5875,2099,,,2
2001,'F9',539,,5891,2099,,,2,100,,5899,2099,,,2,100,,5887,2099,,,2,100,,5895,2099,,,2,100,,5892,2099,,,2,100,,5890,2099,,,2,100,,5900,2099,,,2,100,,5893,2099,,,2,100,,5882,2099,,,2,100,,5888,2099,,,2,100,,5894,2099,,,2,96,,5896,2099,,,2,104,,5897,2099,,,2,104,,5898,2099,,,2,96,,5883,2099,,,2,100,,5889,2099,,,2,100,,5880,2099,,,2,100,,5884,2099,,,2,100,,5881,2099,,,2,100,,5886,2099,,,2,100,,5885,2099,,,2
2001,'SA',539,,5912,2099,,,2,100,,5920,2099,,,2,100,,5908,2099,,,2,100,,5916,2099,,,2,100,,5913,2099,,,2,100,,5911,2099,,,2,100,,5921,2099,,,2,100,,5914,2099,,,2,100,,5903,2099,,,2,100,,5909,2099,,,2,100,,5915,2099,,,2,96,,5917,2099,,,2,104,,5918,2099,,,2,104,,5919,2099,,,2,96,,5904,2099,,,2,100,,5910,2099,,,2,100,,5901,2099,,,2,100,,5905,2099,,,2,100,,5902,2099,,,2,100,,5907,2099,,,2,100,,5906,2099,,,2
2001,'SE',524,,5954,2099,,,2,76,,5964,2099,,,2,20,,5976,2099,,,2,15,,5931,2099,,,2,9,,5965,2099,,,2,9,,5970,2099,,,2,49,,5941,2099,,,2,9,,5929,2099,,,2,4,,5934,2099,,,2,14,,5939,2099,,,2,10,,5924,2099,,,2,8,,5925,2099,,,2,10,,5938,2099,,,2,51,,5940,2099,,,2,6,,5923,2099,,,2,14,,5930,2099,,,2,31,,5974,2099,,,2,71,,5932,2099,,,2,70,,5927,2099,,,2,31,,5935,2099,,,2,70,,5942,2099,,,2,30,,5922,2099,,,2,70,,5967,2099,,,2,30,,5956,2099,,,2,70,,5943,2099,,,2,30,,5960,2099,,,2,70,,5966,2099,,,2,30,,5975,2099,,,2,70,,5944,2099,,,2,31,,5936,2099,,,2,21,,5973,2099,,,2,57,,5955,2099,,,2,15,,5971,2099,,,2,15,,5959,2099,,,2,15,,5952,2099,,,2,57,,5962,2099,,,2,11,,5957,2099,,,2,13,,5950,2099,,,2,9,,5947,2099,,,2,12,,5968,2099,,,2,53,,5953,2099,,,2,11,,5933,2099,,,2,14,,5945,2099,,,2,13,,5951,2099,,,2,55,,5948,2099,,,2,28,,5958,2099,,,2,70,,5963,2099,,,2,30,,5937,2099,,,2,70,,5928,2099,,,2,30,,5969,2099,,,2,70,,5946,2099,,,2,100,,5949,2099,,,2,100,,5961,2099,,,2,100,,5926,2099,,,2,100,,5972,2099,,,2
57001,'F8',835,,18836,8329,,,2
57001,'SE',835,,18837,8329,,,2
67200,'F8',1508,,18980,6275,,,2
67200,'SE',1508,,18981,6275,,,2
