1900,'DI',635,,5106,10610,0,9,2,100,,5107,10610,0,9,2,100,,5108,10610,0,9,2,104,,5109,10610,0,9,2,100,,5110,10610,0,9,2,100,,5111,10610,0,9,2,100,,5112,10610,0,9,2,100,,5113,10610,0,9,2,100,,5115,10610,0,9,2,100,,5116,10610,0,9,2,100,,5117,10610,0,9,2,100,,5118,10610,0,9,2,100,,5119,10610,0,9,2,100,,5120,10610,0,9,2,100,,5121,10610,0,9,2,100,,5122,10610,0,9,2,100,,5123,10610,0,9,2,100,,5124,10610,0,9,2,100,,5125,10610,0,9,2,100,,5114,10610,0,9,2
1900,'F1',635,,5126,10610,0,9,2,70,,5132,10610,0,9,2,30,,5127,10610,0,9,2,70,,5133,10610,0,9,2,30,,5128,10610,0,9,2,70,,5134,10610,0,9,2,34,,5129,10610,0,9,2,70,,5135,10610,0,9,2,30,,5130,10610,0,9,2,70,,5143,10610,0,9,2,30,,5131,10610,0,9,2,70,,5144,10610,0,9,2,30,,5151,10610,0,9,2,70,,5145,10610,0,9,2,30,,5152,10610,0,9,2,70,,5146,10610,0,9,2,30,,5153,10610,0,9,2,70,,5147,10610,0,9,2,30,,5154,10610,0,9,2,70,,5148,10610,0,9,2,30,,5155,10610,0,9,2,70,,5149,10610,0,9,2,30,,5156,10610,0,9,2,70,,5150,10610,0,9,2,30,,5157,10610,0,9,2,100,,5136,10610,0,9,2,100,,5137,10610,0,9,2,100,,5138,10610,0,9,2,100,,5139,10610,0,9,2,100,,5140,10610,0,9,2,100,,5141,10610,0,9,2,100,,5142,10610,0,9,2
1900,'F7',635,,5158,10610,0,9,2,100,,5159,10610,0,9,2,100,,5160,10610,0,9,2,104,,5161,10610,0,9,2,100,,5162,10610,0,9,2,100,,5163,10610,0,9,2,100,,5164,10610,0,9,2,100,,5165,10610,0,9,2,100,,5167,10610,0,9,2,100,,5168,10610,0,9,2,100,,5169,10610,0,9,2,100,,5170,10610,0,9,2,100,,5171,10610,0,9,2,100,,5172,10610,0,9,2,100,,5173,10610,0,9,2,100,,5174,10610,0,9,2,100,,5175,10610,0,9,2,100,,5176,10610,0,9,2,100,,5177,10610,0,9,2,100,,5166,10610,0,9,2
1900,'F8',559,,5210,10610,0,9,2,76,,5194,10610,0,9,2,67,,5191,10610,0,9,2,12,,5197,10610,0,9,2,12,,5213,10610,0,9,2,12,,5195,10610,0,9,2,15,,5185,10610,0,9,2,61,,5198,10610,0,9,2,20,,5196,10610,0,9,2,72,,5179,10610,0,9,2,34,,5178,10610,0,9,2,70,,5180,10610,0,9,2,30,,5199,10610,0,9,2,70,,5181,10610,0,9,2,30,,5200,10610,0,9,2,70,,5182,10610,0,9,2,30,,5201,10610,0,9,2,70,,5183,10610,0,9,2,30,,5202,10610,0,9,2,72,,5184,10610,0,9,2,30,,5217,10610,0,9,2,70,,5192,10610,0,9,2,28,,5215,10610,0,9,2,61,,5216,10610,0,9,2,23,,5193,10610,0,9,2,20,,5207,10610,0,9,2,61,,5203,10610,0,9,2,18,,5204,10610,0,9,2,17,,5205,10610,0,9,2,62,,5219,10610,0,9,2,19,,5220,10610,0,9,2,24,,5206,10610,0,9,2,65,,5218,10610,0,9,2,30,,5214,10610,0,9,2,70,,5186,10610,0,9,2,30,,5211,10610,0,9,2,70,,5187,10610,0,9,2,30,,5212,10610,0,9,2,70,,5188,10610,0,9,2,30,,5208,10610,0,9,2,100,,5209,10610,0,9,2,100,,5189,10610,0,9,2,100,,5190,10610,0,9,2
1900,'F9',635,,5221,10610,0,9,2,70,,5227,10610,0,9,2,30,,5222,10610,0,9,2,70,,5228,10610,0,9,2,30,,5223,10610,0,9,2,70,,5229,10610,0,9,2,34,,5224,10610,0,9,2,70,,5230,10610,0,9,2,30,,5225,10610,0,9,2,70,,5238,10610,0,9,2,30,,5226,10610,0,9,2,70,,5239,10610,0,9,2,30,,5246,10610,0,9,2,70,,5240,10610,0,9,2,30,,5247,10610,0,9,2,70,,5241,10610,0,9,2,30,,5248,10610,0,9,2,70,,5242,10610,0,9,2,30,,5249,10610,0,9,2,70,,5243,10610,0,9,2,30,,5250,10610,0,9,2,70,,5244,10610,0,9,2,30,,5251,10610,0,9,2,70,,5245,10610,0,9,2,30,,5252,10610,0,9,2,100,,5231,10610,0,9,2,100,,5232,10610,0,9,2,100,,5233,10610,0,9,2,100,,5234,10610,0,9,2,100,,5235,10610,0,9,2,100,,5236,10610,0,9,2,100,,5237,10610,0,9,2
1900,'SA',635,,5253,10610,0,9,2,70,,5259,10610,0,9,2,30,,5254,10610,0,9,2,70,,5260,10610,0,9,2,30,,5255,10610,0,9,2,70,,5261,10610,0,9,2,34,,5256,10610,0,9,2,70,,5262,10610,0,9,2,30,,5257,10610,0,9,2,70,,5270,10610,0,9,2,30,,5258,10610,0,9,2,70,,5271,10610,0,9,2,30,,5278,10610,0,9,2,70,,5272,10610,0,9,2,30,,5279,10610,0,9,2,70,,5273,10610,0,9,2,30,,5280,10610,0,9,2,70,,5274,10610,0,9,2,30,,5281,10610,0,9,2,70,,5275,10610,0,9,2,30,,5282,10610,0,9,2,70,,5276,10610,0,9,2,30,,5283,10610,0,9,2,70,,5277,10610,0,9,2,30,,5284,10610,0,9,2,100,,5263,10610,0,9,2,100,,5264,10610,0,9,2,100,,5265,10610,0,9,2,100,,5266,10610,0,9,2,100,,5267,10610,0,9,2,100,,5268,10610,0,9,2,100,,5269,10610,0,9,2
1900,'SE',559,,5317,10610,0,9,2,76,,5301,10610,0,9,2,67,,5298,10610,0,9,2,12,,5304,10610,0,9,2,12,,5320,10610,0,9,2,12,,5302,10610,0,9,2,15,,5292,10610,0,9,2,61,,5305,10610,0,9,2,20,,5303,10610,0,9,2,72,,5286,10610,0,9,2,34,,5285,10610,0,9,2,70,,5287,10610,0,9,2,30,,5306,10610,0,9,2,70,,5288,10610,0,9,2,30,,5307,10610,0,9,2,70,,5289,10610,0,9,2,30,,5308,10610,0,9,2,70,,5290,10610,0,9,2,30,,5309,10610,0,9,2,72,,5291,10610,0,9,2,30,,5324,10610,0,9,2,70,,5299,10610,0,9,2,28,,5322,10610,0,9,2,61,,5323,10610,0,9,2,23,,5300,10610,0,9,2,20,,5314,10610,0,9,2,61,,5310,10610,0,9,2,18,,5311,10610,0,9,2,17,,5312,10610,0,9,2,62,,5326,10610,0,9,2,19,,5327,10610,0,9,2,24,,5313,10610,0,9,2,65,,5325,10610,0,9,2,30,,5321,10610,0,9,2,70,,5293,10610,0,9,2,30,,5318,10610,0,9,2,70,,5294,10610,0,9,2,30,,5319,10610,0,9,2,70,,5295,10610,0,9,2,30,,5315,10610,0,9,2,100,,5316,10610,0,9,2,100,,5296,10610,0,9,2,100,,5297,10610,0,9,2
53901,'F8',901,,18792,3198,,,2
53901,'SE',901,,18793,3198,,,2
60100,'F8',1624,,18850,9973,,,2
60100,'SE',1624,,18851,9973,,,2
