2300,'F1',704,,27432,9539,,,1,100,,27433,9539,,,1,100,,27429,9539,,,1,103,,27425,9539,,,1,99,,27427,9539,,,1,103,,27428,9539,,,1,97,,27434,9539,,,1,99,,27426,9539,,,1,100,,27430,9539,,,1,100,,27431,9539,,,1,100,,27435,9539,,,1,101,,27436,9539,,,1
2300,'F2',704,,27445,9539,,,1,100,,27446,9539,,,1,100,,27437,9539,,,1,103,,27438,9539,,,1,99,,27441,9539,,,1,103,,27442,9539,,,1,97,,27447,9539,,,1,99,,27448,9539,,,1,100,,27444,9539,,,1,100,,27443,9539,,,1,100,,27439,9539,,,1,101,,27440,9539,,,1
2300,'F7',1007,,27451,9539,,,1,100,,27449,9539,,,1,100,,27452,9539,,,1,101,,27453,9539,,,1,100,,27450,9539,,,1
2300,'F8',704,,27462,9539,,,1,100,,27463,9539,,,1,100,,27454,9539,,,1,103,,27455,9539,,,1,99,,27458,9539,,,1,103,,27459,9539,,,1,97,,27464,9539,,,1,99,,27465,9539,,,1,100,,27461,9539,,,1,100,,27460,9539,,,1,100,,27456,9539,,,1,101,,27457,9539,,,1
2300,'SA',704,,27474,9539,,,1,100,,27475,9539,,,1,100,,27466,9539,,,1,103,,27467,9539,,,1,99,,27470,9539,,,1,103,,27471,9539,,,1,97,,27476,9539,,,1,99,,27477,9539,,,1,100,,27473,9539,,,1,100,,27472,9539,,,1,100,,27468,9539,,,1,101,,27469,9539,,,1
2300,'SE',1007,,27480,9539,,,1,100,,27478,9539,,,1,100,,27481,9539,,,1,101,,27482,9539,,,1,100,,27479,9539,,,1
12300,'DI',634,,37610,9539,0,42 43,1,100,,37620,9539,0,42 43,1,100,,37611,9539,0,42 43,1,100,,37621,9539,0,42 43,1,100,,37612,9539,0,42 43,1,100,,37622,9539,0,42 43,1,105,,37613,9539,0,42 43,1,95,,37623,9539,0,42 43,1,100,,37614,9539,0,42 43,1,100,,37624,9539,0,42 43,1,100,,37615,9539,0,42 43,1,100,,37625,9539,0,42 43,1,100,,37616,9539,0,42 43,1,100,,37626,9539,0,42 43,1,100,,37617,9539,0,42 43,1,100,,37627,9539,0,42 43,1,100,,37618,9539,0,42 43,1,100,,37628,9539,0,42 43,1,100,,37619,9539,0,42 43,1
12300,'F1',634,,37637,9539,0,42 43,1,100,,37641,9539,0,42 43,1,100,,37631,9539,0,42 43,1,105,,37642,9539,0,42 43,1,99,,37632,9539,0,42 43,1,100,,37629,9539,0,42 43,1,100,,37633,9539,0,42 43,1,96,,37630,9539,0,42 43,1,100,,37634,9539,0,42 43,1,100,,37635,9539,0,42 43,1,104,,37643,9539,0,42 43,1,101,,37636,9539,0,42 43,1,99,,37644,9539,0,42 43,1,96,,37638,9539,0,42 43,1,100,,37645,9539,0,42 43,1,100,,37639,9539,0,42 43,1,100,,37646,9539,0,42 43,1,100,,37640,9539,0,42 43,1,100,,37647,9539,0,42 43,1
12300,'F2',634,,37649,9539,0,42 43,1,100,,37648,9539,0,42 43,1,100,,37650,9539,0,42 43,1,105,,37659,9539,0,42 43,1,99,,37651,9539,0,42 43,1,100,,37660,9539,0,42 43,1,100,,37652,9539,0,42 43,1,96,,37661,9539,0,42 43,1,100,,37653,9539,0,42 43,1,100,,37662,9539,0,42 43,1,104,,37654,9539,0,42 43,1,101,,37663,9539,0,42 43,1,99,,37655,9539,0,42 43,1,96,,37664,9539,0,42 43,1,100,,37656,9539,0,42 43,1,100,,37665,9539,0,42 43,1,100,,37657,9539,0,42 43,1,100,,37666,9539,0,42 43,1,100,,37658,9539,0,42 43,1
12300,'F7',526,,37686,9539,0,42 43,1,33,,37667,9539,0,42 43,1,55,,37674,9539,0,42 43,1,10,,37668,9539,0,42 43,1,10,,37688,9539,0,42 43,1,10,,37679,9539,0,42 43,1,13,,37689,9539,0,42 43,1,48,,37669,9539,0,42 43,1,12,,37693,9539,0,42 43,1,10,,37670,9539,0,42 43,1,21,,37694,9539,0,42 43,1,57,,37690,9539,0,42 43,1,31,,37696,9539,0,42 43,1,66,,37695,9539,0,42 43,1,29,,37676,9539,0,42 43,1,102,,37671,9539,0,42 43,1,100,,37681,9539,0,42 43,1,99,,37691,9539,0,42 43,1,103,,37683,9539,0,42 43,1,5,,37680,9539,0,42 43,1,93,,37687,9539,0,42 43,1,70,,37697,9539,0,42 43,1,33,,37684,9539,0,42 43,1,66,,37682,9539,0,42 43,1,31,,37699,9539,0,42 43,1,71,,37701,9539,0,42 43,1,31,,37673,9539,0,42 43,1,68,,37685,9539,0,42 43,1,35,,37672,9539,0,42 43,1,68,,37698,9539,0,42 43,1,30,,37692,9539,0,42 43,1,68,,37675,9539,0,42 43,1,30,,37700,9539,0,42 43,1,100,,37677,9539,0,42 43,1,100,,37702,9539,0,42 43,1,97,,37678,9539,0,42 43,1,100,,37703,9539,0,42 43,1
12300,'F8',634,,37705,9539,0,42 43,1,100,,37704,9539,0,42 43,1,100,,37706,9539,0,42 43,1,105,,37715,9539,0,42 43,1,99,,37707,9539,0,42 43,1,100,,37716,9539,0,42 43,1,100,,37708,9539,0,42 43,1,96,,37717,9539,0,42 43,1,100,,37709,9539,0,42 43,1,100,,37718,9539,0,42 43,1,104,,37710,9539,0,42 43,1,101,,37719,9539,0,42 43,1,99,,37711,9539,0,42 43,1,96,,37720,9539,0,42 43,1,100,,37712,9539,0,42 43,1,100,,37721,9539,0,42 43,1,100,,37713,9539,0,42 43,1,100,,37722,9539,0,42 43,1,100,,37714,9539,0,42 43,1
12300,'F9',634,,37723,9539,0,42 43,1,100,,37733,9539,0,42 43,1,100,,37724,9539,0,42 43,1,100,,37734,9539,0,42 43,1,100,,37725,9539,0,42 43,1,100,,37735,9539,0,42 43,1,105,,37726,9539,0,42 43,1,95,,37736,9539,0,42 43,1,100,,37727,9539,0,42 43,1,100,,37737,9539,0,42 43,1,100,,37728,9539,0,42 43,1,100,,37738,9539,0,42 43,1,100,,37729,9539,0,42 43,1,100,,37739,9539,0,42 43,1,100,,37730,9539,0,42 43,1,100,,37740,9539,0,42 43,1,100,,37731,9539,0,42 43,1,100,,37741,9539,0,42 43,1,100,,37732,9539,0,42 43,1
12300,'SA',634,,37743,9539,0,42 43,1,100,,37742,9539,0,42 43,1,100,,37744,9539,0,42 43,1,105,,37753,9539,0,42 43,1,99,,37745,9539,0,42 43,1,100,,37754,9539,0,42 43,1,100,,37746,9539,0,42 43,1,96,,37755,9539,0,42 43,1,100,,37747,9539,0,42 43,1,100,,37756,9539,0,42 43,1,104,,37748,9539,0,42 43,1,101,,37757,9539,0,42 43,1,99,,37749,9539,0,42 43,1,96,,37758,9539,0,42 43,1,100,,37750,9539,0,42 43,1,100,,37759,9539,0,42 43,1,100,,37751,9539,0,42 43,1,100,,37760,9539,0,42 43,1,100,,37752,9539,0,42 43,1
12300,'SE',526,,37780,9539,0,42 43,1,33,,37761,9539,0,42 43,1,55,,37768,9539,0,42 43,1,10,,37762,9539,0,42 43,1,10,,37782,9539,0,42 43,1,10,,37773,9539,0,42 43,1,13,,37783,9539,0,42 43,1,48,,37763,9539,0,42 43,1,12,,37787,9539,0,42 43,1,10,,37764,9539,0,42 43,1,21,,37788,9539,0,42 43,1,57,,37784,9539,0,42 43,1,31,,37790,9539,0,42 43,1,66,,37789,9539,0,42 43,1,29,,37770,9539,0,42 43,1,102,,37765,9539,0,42 43,1,100,,37775,9539,0,42 43,1,99,,37785,9539,0,42 43,1,103,,37777,9539,0,42 43,1,5,,37774,9539,0,42 43,1,93,,37781,9539,0,42 43,1,70,,37791,9539,0,42 43,1,33,,37778,9539,0,42 43,1,66,,37776,9539,0,42 43,1,31,,37793,9539,0,42 43,1,71,,37795,9539,0,42 43,1,31,,37767,9539,0,42 43,1,68,,37779,9539,0,42 43,1,35,,37766,9539,0,42 43,1,68,,37792,9539,0,42 43,1,30,,37786,9539,0,42 43,1,68,,37769,9539,0,42 43,1,30,,37794,9539,0,42 43,1,100,,37771,9539,0,42 43,1,100,,37796,9539,0,42 43,1,97,,37772,9539,0,42 43,1,100,,37797,9539,0,42 43,1
67200,'F7',1501,,40870,3890,,,2
67200,'SE',1501,,40871,3890,,,2
