9300,'F1',1630,,37182,4909,0,39 20,2,80,,37183,4909,0,39 20,2,20,,37186,4909,0,39 20,2,70,,37184,4909,0,39 20,2,40,,37185,4909,0,39 20,2
9300,'F7',1630,,37187,4909,0,39 20,2,80,,37188,4909,0,39 20,2,20,,37191,4909,0,39 20,2,70,,37189,4909,0,39 20,2,40,,37190,4909,0,39 20,2
9300,'SE',1630,,37192,4909,0,39 20,2,80,,37193,4909,0,39 20,2,20,,37196,4909,0,39 20,2,70,,37194,4909,0,39 20,2,40,,37195,4909,0,39 20,2
16000,'DI',727,,38365,17023,,,1,100,,38368,17023,,,1,100,,38371,17023,,,1,100,,38366,17023,,,1,100,,38372,17023,,,1,100,,38364,17023,,,1,100,,38373,17023,,,1,100,,38362,17023,,,1,100,,38360,17023,,,1,100,,38369,17023,,,1,100,,38367,17023,,,1,100,,38374,17023,,,1,100,,38370,17023,,,1,102,,38363,17023,,,1,98,,38361,17023,,,1
16000,'F1',727,,38382,17023,,,1,99,,38377,17023,,,1,101,,38376,17023,,,1,100,,38379,17023,,,1,100,,38383,17023,,,1,99,,16591,17023,,,1,101,,38380,17023,,,1,100,,38375,17023,,,1,100,,16592,17023,,,1,100,,38378,17023,,,1,100,,38381,17023,,,1,100,,16593,17023,,,1,100,,38384,17023,,,1,101,,16594,17023,,,1,99,,38385,17023,,,1
16000,'F2',727,,38390,17023,,,1,99,,38393,17023,,,1,101,,38389,17023,,,1,100,,38386,17023,,,1,100,,38392,17023,,,1,99,,38397,17023,,,1,101,,38387,17023,,,1,100,,38391,17023,,,1,100,,38398,17023,,,1,100,,38394,17023,,,1,100,,38388,17023,,,1,100,,38399,17023,,,1,100,,38395,17023,,,1,101,,38400,17023,,,1,99,,38396,17023,,,1
16000,'F7',638,,38407,17023,,,1,95,,38421,17023,,,1,84,,38406,17023,,,1,90,,38422,17023,,,1,50,,38418,17023,,,1,86,,38405,17023,,,1,101,,38408,17023,,,1,100,,38409,17023,,,1,100,,38404,17023,,,1,100,,38423,17023,,,1,101,,38402,17023,,,1,70,,38417,17023,,,1,28,,38410,17023,,,1,64,,38401,17023,,,1,35,,38411,17023,,,1,65,,38424,17023,,,1,27,,38403,17023,,,1,70,,38416,17023,,,1,30,,38412,17023,,,1,86,,38415,17023,,,1,97,,38413,17023,,,1,98,,38419,17023,,,1,92,,38414,17023,,,1,100,,38420,17023,,,1
16000,'F8',727,,38429,17023,,,1,99,,38432,17023,,,1,101,,38428,17023,,,1,100,,38425,17023,,,1,100,,38431,17023,,,1,99,,38436,17023,,,1,101,,38426,17023,,,1,100,,38430,17023,,,1,100,,38437,17023,,,1,100,,38433,17023,,,1,100,,38427,17023,,,1,100,,38438,17023,,,1,100,,38434,17023,,,1,101,,38439,17023,,,1,99,,38435,17023,,,1
16000,'F9',727,,38445,17023,,,1,100,,38448,17023,,,1,100,,38451,17023,,,1,100,,38446,17023,,,1,100,,38452,17023,,,1,100,,38444,17023,,,1,100,,38453,17023,,,1,100,,38442,17023,,,1,100,,38440,17023,,,1,100,,38449,17023,,,1,100,,38447,17023,,,1,100,,38454,17023,,,1,100,,38450,17023,,,1,102,,38443,17023,,,1,98,,38441,17023,,,1
16000,'SA',727,,38459,17023,,,1,99,,16667,17023,,,1,101,,38458,17023,,,1,100,,38455,17023,,,1,100,,38461,17023,,,1,99,,38464,17023,,,1,101,,38456,17023,,,1,100,,38460,17023,,,1,100,,38465,17023,,,1,100,,16668,17023,,,1,100,,38457,17023,,,1,100,,38466,17023,,,1,100,,38462,17023,,,1,101,,38467,17023,,,1,99,,38463,17023,,,1
16000,'SE',638,,38474,17023,,,1,95,,38488,17023,,,1,84,,38473,17023,,,1,90,,38489,17023,,,1,50,,38485,17023,,,1,86,,38472,17023,,,1,101,,38475,17023,,,1,100,,38476,17023,,,1,100,,38471,17023,,,1,100,,38490,17023,,,1,101,,38469,17023,,,1,70,,38484,17023,,,1,28,,38477,17023,,,1,64,,38468,17023,,,1,35,,38478,17023,,,1,65,,38491,17023,,,1,27,,38470,17023,,,1,70,,38483,17023,,,1,30,,38479,17023,,,1,86,,38482,17023,,,1,97,,38480,17023,,,1,98,,38486,17023,,,1,92,,38481,17023,,,1,100,,38487,17023,,,1
19900,'F7',1616,,38995,16831,,,2,30,,38994,16831,,,2,73,,38991,16831,,,2,27,,38992,16831,,,2,69,,38996,16831,,,2,30,,38993,16831,,,2
19900,'SE',1616,,39001,16831,,,2,30,,39000,16831,,,2,73,,38997,16831,,,2,27,,38998,16831,,,2,69,,39002,16831,,,2,30,,38999,16831,,,2
19901,'F7',616,,39006,565,,,2,27,,39004,565,,,2,73,,39005,565,,,2,31,,39003,565,,,2
19901,'SE',616,,39010,565,,,2,27,,39008,565,,,2,73,,39009,565,,,2,31,,39007,565,,,2
