1400,'F8',655,,3793,19910,,,1,57,,3792,19910,,,1,26,,3787,19910,,,1,14,,3790,19910,,,1,57,,3791,19910,,,1,18,,3789,19910,,,1,31,,3786,19910,,,1,60,,3788,19910,,,1,92,,3795,17663,,,1,100,,3808,17663,,,1,100,,3797,17663,,,1,100,,3798,17663,,,1,100,,3807,17663,,,1,100,,3804,17663,,,1,112,,3796,17663,,,1,13,,3803,17663,,,1,18,,3799,17663,,,1,55,,3806,17663,,,1,21,,3802,17663,,,1,17,,3805,17663,,,1,61,,3800,17663,,,1,18,,3794,17663,,,1,29,,3801,17663,,,1
1400,'SE',655,,3816,19910,,,1,57,,3815,19910,,,1,26,,3810,19910,,,1,14,,3813,19910,,,1,57,,3814,19910,,,1,18,,3812,19910,,,1,31,,3809,19910,,,1,60,,3811,19910,,,1,92,,3818,17663,,,1,100,,3831,17663,,,1,100,,3820,17663,,,1,100,,3821,17663,,,1,100,,3830,17663,,,1,100,,3827,17663,,,1,112,,3819,17663,,,1,13,,3826,17663,,,1,18,,3822,17663,,,1,55,,3829,17663,,,1,21,,3825,17663,,,1,17,,3828,17663,,,1,61,,3823,17663,,,1,18,,3817,17663,,,1,29,,3824,17663,,,1
3801,'DI',630,,8134,8196,,,1,100,,8148,8196,,,1,100,,8141,8196,,,1,100,,8136,8196,,,1,100,,8149,8196,,,1,100,,8138,8196,,,1,100,,8142,8196,,,1,100,,8135,8196,,,1,99,,8143,8196,,,1,99,,8139,8196,,,1,104,,8150,8196,,,1,101,,8151,8196,,,1,100,,8147,8196,,,1,97,,8152,8196,,,1,100,,8144,8196,,,1,100,,8137,8196,,,1,100,,8145,8196,,,1,100,,8140,8196,,,1,100,,8146,8196,,,1
3801,'F1',629,,8166,8196,,,1,100,,8157,8196,,,1,99,,8170,8196,,,1,101,,8158,8196,,,1,100,,8171,8196,,,1,100,,8159,8196,,,1,100,,8168,8196,,,1,100,,8160,8196,,,1,101,,8167,8196,,,1,100,,8161,8196,,,1,102,,8169,8196,,,1,100,,8162,8196,,,1,100,,8155,8196,,,1,97,,8156,8196,,,1,100,,8163,8196,,,1,100,,8153,8196,,,1,100,,8164,8196,,,1,100,,8154,8196,,,1,100,,8165,8196,,,1
3801,'F7',630,,8172,8196,,,1,100,,8186,8196,,,1,100,,8179,8196,,,1,100,,8174,8196,,,1,100,,8187,8196,,,1,100,,8176,8196,,,1,100,,8180,8196,,,1,100,,8173,8196,,,1,99,,8181,8196,,,1,99,,8177,8196,,,1,104,,8188,8196,,,1,101,,8189,8196,,,1,100,,8185,8196,,,1,97,,8190,8196,,,1,100,,8182,8196,,,1,100,,8175,8196,,,1,100,,8183,8196,,,1,100,,8178,8196,,,1,100,,8184,8196,,,1
3801,'F8',537,,8191,8196,,,1,70,,8202,8196,,,1,31,,8192,8196,,,1,74,,8203,8196,,,1,35,,8206,8196,,,1,64,,8195,8196,,,1,27,,8198,8196,,,1,75,,8215,8196,,,1,29,,8193,8196,,,1,75,,8221,8196,,,1,100,,8208,8196,,,1,100,,8219,8196,,,1,101,,8222,8196,,,1,98,,8216,8196,,,1,96,,8209,8196,,,1,17,,8194,8196,,,1,17,,8220,8196,,,1,62,,8199,8196,,,1,21,,8201,8196,,,1,20,,8217,8196,,,1,61,,8211,8196,,,1,20,,8210,8196,,,1,19,,8197,8196,,,1,62,,8218,8196,,,1,18,,8207,8196,,,1,20,,8200,8196,,,1,80,,8214,8196,,,1,95,,8212,8196,,,1,99,,8205,8196,,,1,99,,8213,8196,,,1,99,,8204,8196,,,1,100,,8196,8196,,,1
3801,'F9',629,,8236,8196,,,1,100,,8227,8196,,,1,99,,8240,8196,,,1,101,,8228,8196,,,1,100,,8241,8196,,,1,100,,8229,8196,,,1,100,,8238,8196,,,1,100,,8230,8196,,,1,101,,8237,8196,,,1,100,,8231,8196,,,1,102,,8239,8196,,,1,100,,8232,8196,,,1,100,,8225,8196,,,1,97,,8226,8196,,,1,100,,8233,8196,,,1,100,,8223,8196,,,1,100,,8234,8196,,,1,100,,8224,8196,,,1,100,,8235,8196,,,1
3801,'SA',629,,8255,8196,,,1,100,,8246,8196,,,1,99,,8259,8196,,,1,101,,8247,8196,,,1,100,,8260,8196,,,1,100,,8248,8196,,,1,100,,8257,8196,,,1,100,,8249,8196,,,1,101,,8256,8196,,,1,100,,8250,8196,,,1,102,,8258,8196,,,1,100,,8251,8196,,,1,100,,8244,8196,,,1,97,,8245,8196,,,1,100,,8252,8196,,,1,100,,8242,8196,,,1,100,,8253,8196,,,1,100,,8243,8196,,,1,100,,8254,8196,,,1
3801,'SE',537,,8261,8196,,,1,70,,8272,8196,,,1,31,,8262,8196,,,1,74,,8273,8196,,,1,35,,8276,8196,,,1,64,,8265,8196,,,1,27,,8268,8196,,,1,75,,8285,8196,,,1,29,,8263,8196,,,1,75,,8291,8196,,,1,100,,8278,8196,,,1,100,,8289,8196,,,1,101,,8292,8196,,,1,98,,8286,8196,,,1,96,,8279,8196,,,1,17,,8264,8196,,,1,17,,8290,8196,,,1,62,,8269,8196,,,1,21,,8271,8196,,,1,20,,8287,8196,,,1,61,,8281,8196,,,1,20,,8280,8196,,,1,19,,8267,8196,,,1,62,,8288,8196,,,1,18,,8277,8196,,,1,20,,8270,8196,,,1,80,,8284,8196,,,1,95,,8282,8196,,,1,99,,8275,8196,,,1,99,,8283,8196,,,1,99,,8274,8196,,,1,100,,8266,8196,,,1
21401,'DI',843,,17248,6547,,,1,100,,17249,6547,,,1,100,,17250,6547,,,1,100,,17251,6547,,,1,100,,17252,6547,,,1,100,,17253,6547,,,1,100,,17254,6547,,,1,100,,17255,6547,,,1,100,,17246,6547,,,1,100,,17247,6547,,,1
21401,'F1',843,,17264,6547,,,1,100,,17265,6547,,,1,100,,17256,6547,,,1,100,,17257,6547,,,1,100,,17258,6547,,,1,100,,17259,6547,,,1,100,,17260,6547,,,1,100,,17261,6547,,,1,100,,17262,6547,,,1,100,,17263,6547,,,1
21401,'F7',843,,17268,6547,,,1,100,,17269,6547,,,1,100,,17270,6547,,,1,100,,17271,6547,,,1,100,,17272,6547,,,1,100,,17273,6547,,,1,100,,17274,6547,,,1,100,,17275,6547,,,1,100,,17266,6547,,,1,100,,17267,6547,,,1
21401,'F9',843,,17284,6547,,,1,100,,17285,6547,,,1,100,,17276,6547,,,1,100,,17277,6547,,,1,100,,17278,6547,,,1,100,,17279,6547,,,1,100,,17280,6547,,,1,100,,17281,6547,,,1,100,,17282,6547,,,1,100,,17283,6547,,,1
21401,'SA',843,,17294,6547,,,1,100,,17295,6547,,,1,100,,17286,6547,,,1,100,,17287,6547,,,1,100,,17288,6547,,,1,100,,17289,6547,,,1,100,,17290,6547,,,1,100,,17291,6547,,,1,100,,17292,6547,,,1,100,,17293,6547,,,1
