401,'DI',710,,1186,6081,,,1,30,,1180,6081,,,1,70,,1189,6081,,,1,32,,1202,6081,,,1,70,,1199,6081,,,1,30,,1181,6081,,,1,70,,1177,6081,,,1,30,,1203,6081,,,1,70,,1200,6081,,,1,30,,1182,6081,,,1,70,,1210,6081,,,1,30,,1195,6081,,,1,70,,1201,6081,,,1,31,,1183,6081,,,1,69,,1205,6081,,,1,30,,1208,6081,,,1,70,,1178,6081,,,1,32,,1184,6081,,,1,69,,1206,6081,,,1,30,,1209,6081,,,1,74,,1207,6081,,,1,25,,1191,6081,,,1,70,,1194,6081,,,1,30,,1196,6081,,,1,70,,1198,6081,,,1,31,,1192,6081,,,1,69,,1193,6081,,,1,30,,1176,6081,,,1,70,,1187,6081,,,1,100,,1204,6081,,,1,100,,1197,6081,,,1,100,,1185,6081,,,1
401,'F1',710,,1213,6081,,,1,30,,1227,6081,,,1,70,,1216,6081,,,1,32,,1218,6081,,,1,70,,1214,6081,,,1,30,,1228,6081,,,1,70,,1231,6081,,,1,30,,1219,6081,,,1,70,,1236,6081,,,1,30,,1212,6081,,,1,71,,1238,6081,,,1,30,,1233,6081,,,1,70,,1242,6081,,,1,30,,1211,6081,,,1,70,,1220,6081,,,1,30,,1237,6081,,,1,70,,1232,6081,,,1,30,,1243,6081,,,1,70,,1240,6081,,,1,30,,1235,6081,,,1,70,,1234,6081,,,1,30,,1245,6081,,,1,69,,1230,6081,,,1,30,,1221,6081,,,1,70,,1241,6081,,,1,30,,1244,6081,,,1,70,,1222,6081,,,1,30,,1239,6081,,,1,70,,1229,6081,,,1,100,,1224,6081,,,1,100,,1223,6081,,,1,100,,1225,6081,,,1
401,'F7',710,,1256,6081,,,1,30,,1250,6081,,,1,70,,1259,6081,,,1,32,,1272,6081,,,1,70,,1269,6081,,,1,30,,1251,6081,,,1,70,,1247,6081,,,1,30,,1273,6081,,,1,70,,1270,6081,,,1,30,,1252,6081,,,1,70,,1280,6081,,,1,30,,1265,6081,,,1,70,,1271,6081,,,1,31,,1253,6081,,,1,69,,1275,6081,,,1,30,,1278,6081,,,1,70,,1248,6081,,,1,32,,1254,6081,,,1,69,,1276,6081,,,1,30,,1279,6081,,,1,74,,1277,6081,,,1,25,,1261,6081,,,1,70,,1264,6081,,,1,30,,1266,6081,,,1,70,,1268,6081,,,1,31,,1262,6081,,,1,69,,1263,6081,,,1,30,,1246,6081,,,1,70,,1257,6081,,,1,100,,1274,6081,,,1,100,,1267,6081,,,1,100,,1255,6081,,,1
401,'F8',625,,1282,6081,,,1,21,,1293,6081,,,1,71,,1305,6081,,,1,34,,1285,6081,,,1,73,,1314,6081,,,1,30,,1295,6081,,,1,72,,1308,6081,,,1,30,,1307,6081,,,1,70,,1281,6081,,,1,30,,1313,6081,,,1,70,,1300,6081,,,1,30,,1284,6081,,,1,71,,1306,6081,,,1,32,,1303,6081,,,1,70,,1301,6081,,,1,30,,1320,6081,,,1,66,,1318,6081,,,1,34,,1297,6081,,,1,55,,1310,6081,,,1,23,,1289,6081,,,1,21,,1302,6081,,,1,59,,1296,6081,,,1,20,,1291,6081,,,1,63,,1317,6081,,,1,17,,1290,6081,,,1,20,,1309,6081,,,1,64,,1294,6081,,,1,16,,1311,6081,,,1,27,,1304,6081,,,1,70,,1319,6081,,,1,27,,1315,6081,,,1,69,,1287,6081,,,1,30,,1299,6081,,,1,70,,1316,6081,,,1,30,,1312,6081,,,1,100,,1298,6081,,,1,98,,1288,6081,,,1,100,,1292,6081,,,1
401,'F9',710,,1323,6081,,,1,30,,1337,6081,,,1,70,,1326,6081,,,1,32,,1328,6081,,,1,70,,1324,6081,,,1,30,,1338,6081,,,1,70,,1341,6081,,,1,30,,1329,6081,,,1,70,,1346,6081,,,1,30,,1322,6081,,,1,71,,1348,6081,,,1,30,,1343,6081,,,1,70,,1352,6081,,,1,30,,1321,6081,,,1,70,,1330,6081,,,1,30,,1347,6081,,,1,70,,1342,6081,,,1,30,,1353,6081,,,1,70,,1350,6081,,,1,30,,1345,6081,,,1,70,,1344,6081,,,1,30,,1355,6081,,,1,69,,1340,6081,,,1,30,,1331,6081,,,1,70,,1351,6081,,,1,30,,1354,6081,,,1,70,,1332,6081,,,1,30,,1349,6081,,,1,70,,1339,6081,,,1,100,,1334,6081,,,1,100,,1333,6081,,,1,100,,1335,6081,,,1
401,'SA',710,,1358,6081,,,1,30,,1372,6081,,,1,70,,1361,6081,,,1,32,,1363,6081,,,1,70,,1359,6081,,,1,30,,1373,6081,,,1,70,,1376,6081,,,1,30,,1364,6081,,,1,70,,1381,6081,,,1,30,,1357,6081,,,1,71,,1383,6081,,,1,30,,1378,6081,,,1,70,,1387,6081,,,1,30,,1356,6081,,,1,70,,1365,6081,,,1,30,,1382,6081,,,1,70,,1377,6081,,,1,30,,1388,6081,,,1,70,,1385,6081,,,1,30,,1380,6081,,,1,70,,1379,6081,,,1,30,,1390,6081,,,1,69,,1375,6081,,,1,30,,1366,6081,,,1,70,,1386,6081,,,1,30,,1389,6081,,,1,70,,1367,6081,,,1,30,,1384,6081,,,1,70,,1374,6081,,,1,100,,1369,6081,,,1,100,,1368,6081,,,1,100,,1370,6081,,,1
401,'SE',625,,1392,6081,,,1,21,,1403,6081,,,1,71,,1415,6081,,,1,34,,1395,6081,,,1,73,,1424,6081,,,1,30,,1405,6081,,,1,72,,1418,6081,,,1,30,,1417,6081,,,1,70,,1391,6081,,,1,30,,1423,6081,,,1,70,,1410,6081,,,1,30,,1394,6081,,,1,71,,1416,6081,,,1,32,,1413,6081,,,1,70,,1411,6081,,,1,30,,1430,6081,,,1,66,,1428,6081,,,1,34,,1407,6081,,,1,55,,1420,6081,,,1,23,,1399,6081,,,1,21,,1412,6081,,,1,59,,1406,6081,,,1,20,,1401,6081,,,1,63,,1427,6081,,,1,17,,1400,6081,,,1,20,,1419,6081,,,1,64,,1404,6081,,,1,16,,1421,6081,,,1,27,,1414,6081,,,1,70,,1429,6081,,,1,27,,1425,6081,,,1,69,,1397,6081,,,1,30,,1409,6081,,,1,70,,1426,6081,,,1,30,,1422,6081,,,1,100,,1408,6081,,,1,98,,1398,6081,,,1,100,,1402,6081,,,1
5400,'DI',704,,10423,6188,,,1,100,,10437,6188,,,1,101,,10424,6188,,,1,102,,10420,6188,,,1,100,,10434,6188,,,1,100,,10417,6188,,,1,30,,10440,6188,,,1,70,,10425,6188,,,1,30,,10435,6188,,,1,70,,10442,6188,,,1,30,,10426,6188,,,1,70,,10436,6188,,,1,30,,10418,6188,,,1,70,,10438,6188,,,1,30,,10439,6188,,,1,70,,10427,6188,,,1,30,,10419,6188,,,1,73,,10441,6188,,,1,34,,10428,6188,,,1,63,,10421,6188,,,1,100,,10422,6188,,,1,100,,10429,6188,,,1,100,,10430,6188,,,1,100,,10431,6188,,,1,99,,10432,6188,,,1,100,,10433,6188,,,1
5400,'F1',704,,10454,6188,,,1,30,,10450,6188,,,1,70,,10470,6188,,,1,31,,10449,6188,,,1,70,,10443,6188,,,1,32,,10446,6188,,,1,70,,10462,6188,,,1,30,,10467,6188,,,1,70,,10444,6188,,,1,30,,10463,6188,,,1,70,,10447,6188,,,1,30,,10468,6188,,,1,70,,10451,6188,,,1,30,,10448,6188,,,1,70,,10445,6188,,,1,30,,10469,6188,,,1,70,,10471,6188,,,1,30,,10464,6188,,,1,70,,10452,6188,,,1,30,,10472,6188,,,1,70,,10465,6188,,,1,30,,10453,6188,,,1,73,,10473,6188,,,1,30,,10466,6188,,,1,67,,10455,6188,,,1,100,,10456,6188,,,1,100,,10457,6188,,,1,100,,10458,6188,,,1,100,,10459,6188,,,1,99,,10460,6188,,,1,100,,10461,6188,,,1
5400,'F7',704,,10480,6188,,,1,100,,10494,6188,,,1,101,,10481,6188,,,1,102,,10477,6188,,,1,100,,10491,6188,,,1,100,,10474,6188,,,1,30,,10497,6188,,,1,70,,10482,6188,,,1,30,,10492,6188,,,1,70,,10499,6188,,,1,30,,10483,6188,,,1,70,,10493,6188,,,1,30,,10475,6188,,,1,70,,10495,6188,,,1,30,,10496,6188,,,1,70,,10484,6188,,,1,30,,10476,6188,,,1,73,,10498,6188,,,1,34,,10485,6188,,,1,63,,10478,6188,,,1,100,,10479,6188,,,1,100,,10486,6188,,,1,100,,10487,6188,,,1,100,,10488,6188,,,1,99,,10489,6188,,,1,100,,10490,6188,,,1
5400,'F8',658,,10504,6188,,,1,76,,10522,6188,,,1,71,,10524,6188,,,1,34,,10503,6188,,,1,72,,10526,6188,,,1,30,,10525,6188,,,1,70,,10515,6188,,,1,30,,10519,6188,,,1,70,,10500,6188,,,1,30,,10501,6188,,,1,70,,10505,6188,,,1,30,,10506,6188,,,1,71,,10532,6188,,,1,30,,10516,6188,,,1,70,,10507,6188,,,1,30,,10531,6188,,,1,66,,10509,6188,,,1,27,,10508,6188,,,1,70,,10517,6188,,,1,30,,10533,6188,,,1,74,,10510,6188,,,1,23,,10527,6188,,,1,75,,10502,6188,,,1,28,,10513,6188,,,1,75,,10530,6188,,,1,29,,10511,6188,,,1,68,,10523,6188,,,1,30,,10518,6188,,,1,70,,10528,6188,,,1,30,,10514,6188,,,1,68,,10520,6188,,,1,100,,10512,6188,,,1,99,,10529,6188,,,1,100,,10521,6188,,,1
5400,'F9',704,,10545,6188,,,1,30,,10541,6188,,,1,70,,10561,6188,,,1,31,,10540,6188,,,1,70,,10534,6188,,,1,32,,10537,6188,,,1,70,,10553,6188,,,1,30,,10558,6188,,,1,70,,10535,6188,,,1,30,,10554,6188,,,1,70,,10538,6188,,,1,30,,10559,6188,,,1,70,,10542,6188,,,1,30,,10539,6188,,,1,70,,10536,6188,,,1,30,,10560,6188,,,1,70,,10562,6188,,,1,30,,10555,6188,,,1,70,,10543,6188,,,1,30,,10563,6188,,,1,70,,10556,6188,,,1,30,,10544,6188,,,1,73,,10564,6188,,,1,30,,10557,6188,,,1,67,,10546,6188,,,1,100,,10547,6188,,,1,100,,10548,6188,,,1,100,,10549,6188,,,1,100,,10550,6188,,,1,99,,10551,6188,,,1,100,,10552,6188,,,1
5400,'SA',704,,10576,6188,,,1,30,,10572,6188,,,1,70,,10592,6188,,,1,31,,10571,6188,,,1,70,,10565,6188,,,1,32,,10568,6188,,,1,70,,10584,6188,,,1,30,,10589,6188,,,1,70,,10566,6188,,,1,30,,10585,6188,,,1,70,,10569,6188,,,1,30,,10590,6188,,,1,70,,10573,6188,,,1,30,,10570,6188,,,1,70,,10567,6188,,,1,30,,10591,6188,,,1,70,,10593,6188,,,1,30,,10586,6188,,,1,70,,10574,6188,,,1,30,,10594,6188,,,1,70,,10587,6188,,,1,30,,10575,6188,,,1,73,,10595,6188,,,1,30,,10588,6188,,,1,67,,10577,6188,,,1,100,,10578,6188,,,1,100,,10579,6188,,,1,100,,10580,6188,,,1,100,,10581,6188,,,1,99,,10582,6188,,,1,100,,10583,6188,,,1
5400,'SE',658,,10600,6188,,,1,76,,10618,6188,,,1,71,,10620,6188,,,1,34,,10599,6188,,,1,72,,10622,6188,,,1,30,,10621,6188,,,1,70,,10611,6188,,,1,30,,10615,6188,,,1,70,,10596,6188,,,1,30,,10597,6188,,,1,70,,10601,6188,,,1,30,,10602,6188,,,1,71,,10628,6188,,,1,30,,10612,6188,,,1,70,,10603,6188,,,1,30,,10627,6188,,,1,66,,10605,6188,,,1,27,,10604,6188,,,1,70,,10613,6188,,,1,30,,10629,6188,,,1,74,,10606,6188,,,1,23,,10623,6188,,,1,75,,10598,6188,,,1,28,,10609,6188,,,1,75,,10626,6188,,,1,29,,10607,6188,,,1,68,,10619,6188,,,1,30,,10614,6188,,,1,70,,10624,6188,,,1,30,,10610,6188,,,1,68,,10616,6188,,,1,100,,10608,6188,,,1,99,,10625,6188,,,1,100,,10617,6188,,,1
7700,'DI',719,,13501,7740,0,6 33 34,1,100,,13504,7740,0,6 33 34,1,100,,13499,7740,0,6 33 34,1,100,,13505,7740,0,6 33 34,1,100,,13500,7740,0,6 33 34,1,100,,13506,7740,0,6 33 34,1,100,,13503,7740,0,6 33 34,1,100,,13507,7740,0,6 33 34,1,100,,13502,7740,0,6 33 34,1,100,,13508,7740,0,6 33 34,1,100,,13509,7740,0,6 33 34,1,100,,13510,7740,0,6 33 34,1,99,,13512,7740,0,6 33 34,1,100,,13511,7740,0,6 33 34,1,100,,13513,7740,0,6 33 34,1
7700,'F1',719,,13515,7740,0,6 33 34,1,100,,13517,7740,0,6 33 34,1,100,,13518,7740,0,6 33 34,1,100,,13514,7740,0,6 33 34,1,100,,13516,7740,0,6 33 34,1,100,,13519,7740,0,6 33 34,1,100,,13521,7740,0,6 33 34,1,97,,13520,7740,0,6 33 34,1,103,,13522,7740,0,6 33 34,1,99,,13524,7740,0,6 33 34,1,101,,13523,7740,0,6 33 34,1,100,,13525,7740,0,6 33 34,1,99,,13526,7740,0,6 33 34,1,100,,13528,7740,0,6 33 34,1,100,,13527,7740,0,6 33 34,1
7700,'F7',719,,13531,7740,0,6 33 34,1,100,,13534,7740,0,6 33 34,1,100,,13529,7740,0,6 33 34,1,100,,13535,7740,0,6 33 34,1,100,,13530,7740,0,6 33 34,1,100,,13536,7740,0,6 33 34,1,100,,13533,7740,0,6 33 34,1,100,,13537,7740,0,6 33 34,1,100,,13532,7740,0,6 33 34,1,100,,13538,7740,0,6 33 34,1,100,,13539,7740,0,6 33 34,1,100,,13540,7740,0,6 33 34,1,99,,13542,7740,0,6 33 34,1,100,,13541,7740,0,6 33 34,1,100,,13543,7740,0,6 33 34,1
7700,'F8',609,,13546,7740,0,6 33 34,1,15,,13547,7740,0,6 33 34,1,20,,13548,7740,0,6 33 34,1,58,,13553,7740,0,6 33 34,1,29,,13556,7740,0,6 33 34,1,23,,13551,7740,0,6 33 34,1,62,,13555,7740,0,6 33 34,1,15,,13549,7740,0,6 33 34,1,71,,13554,7740,0,6 33 34,1,30,,13557,7740,0,6 33 34,1,70,,13552,7740,0,6 33 34,1,30,,13550,7740,0,6 33 34,1,70,,13559,7740,0,6 33 34,1,30,,13558,7740,0,6 33 34,1,70,,13561,7740,0,6 33 34,1,31,,13564,7740,0,6 33 34,1,73,,13560,7740,0,6 33 34,1,30,,13566,7740,0,6 33 34,1,70,,13562,7740,0,6 33 34,1,27,,13569,7740,0,6 33 34,1,20,,13572,7740,0,6 33 34,1,60,,13575,7740,0,6 33 34,1,20,,13567,7740,0,6 33 34,1,5,,13577,7740,0,6 33 34,1,15,,13563,7740,0,6 33 34,1,58,,13581,7740,0,6 33 34,1,18,,13570,7740,0,6 33 34,1,18,,13573,7740,0,6 33 34,1,58,,13576,7740,0,6 33 34,1,18,,13565,7740,0,6 33 34,1,18,,13568,7740,0,6 33 34,1,60,,13582,7740,0,6 33 34,1,18,,13544,7740,0,6 33 34,1,2,,13571,7740,0,6 33 34,1,19,,13574,7740,0,6 33 34,1,16,,13583,7740,0,6 33 34,1,70,,13578,7740,0,6 33 34,1,32,,13545,7740,0,6 33 34,1,71,,13580,7740,0,6 33 34,1,27,,13584,7740,0,6 33 34,1,70,,13579,7740,0,6 33 34,1
7700,'F9',719,,13586,7740,0,6 33 34,1,100,,13588,7740,0,6 33 34,1,100,,13589,7740,0,6 33 34,1,100,,13585,7740,0,6 33 34,1,100,,13587,7740,0,6 33 34,1,100,,13590,7740,0,6 33 34,1,100,,13592,7740,0,6 33 34,1,97,,13591,7740,0,6 33 34,1,103,,13593,7740,0,6 33 34,1,99,,13595,7740,0,6 33 34,1,101,,13594,7740,0,6 33 34,1,100,,13596,7740,0,6 33 34,1,99,,13597,7740,0,6 33 34,1,100,,13599,7740,0,6 33 34,1,100,,13598,7740,0,6 33 34,1
7700,'SA',719,,13601,7740,0,6 33 34,1,100,,13603,7740,0,6 33 34,1,100,,13604,7740,0,6 33 34,1,100,,13600,7740,0,6 33 34,1,100,,13602,7740,0,6 33 34,1,100,,13605,7740,0,6 33 34,1,100,,13607,7740,0,6 33 34,1,97,,13606,7740,0,6 33 34,1,103,,13608,7740,0,6 33 34,1,99,,13610,7740,0,6 33 34,1,101,,13609,7740,0,6 33 34,1,100,,13611,7740,0,6 33 34,1,99,,13612,7740,0,6 33 34,1,100,,13614,7740,0,6 33 34,1,100,,13613,7740,0,6 33 34,1
7700,'SE',609,,13617,7740,0,6 33 34,1,15,,13618,7740,0,6 33 34,1,20,,13619,7740,0,6 33 34,1,58,,13624,7740,0,6 33 34,1,29,,13627,7740,0,6 33 34,1,23,,13622,7740,0,6 33 34,1,62,,13626,7740,0,6 33 34,1,15,,13620,7740,0,6 33 34,1,71,,13625,7740,0,6 33 34,1,30,,13628,7740,0,6 33 34,1,70,,13623,7740,0,6 33 34,1,30,,13621,7740,0,6 33 34,1,70,,13630,7740,0,6 33 34,1,30,,13629,7740,0,6 33 34,1,70,,13632,7740,0,6 33 34,1,31,,13635,7740,0,6 33 34,1,73,,13631,7740,0,6 33 34,1,30,,13637,7740,0,6 33 34,1,70,,13633,7740,0,6 33 34,1,27,,13640,7740,0,6 33 34,1,20,,13643,7740,0,6 33 34,1,60,,13646,7740,0,6 33 34,1,20,,13638,7740,0,6 33 34,1,5,,13648,7740,0,6 33 34,1,15,,13634,7740,0,6 33 34,1,58,,13652,7740,0,6 33 34,1,18,,13641,7740,0,6 33 34,1,18,,13644,7740,0,6 33 34,1,58,,13647,7740,0,6 33 34,1,18,,13636,7740,0,6 33 34,1,18,,13639,7740,0,6 33 34,1,60,,13653,7740,0,6 33 34,1,18,,13615,7740,0,6 33 34,1,2,,13642,7740,0,6 33 34,1,19,,13645,7740,0,6 33 34,1,16,,13654,7740,0,6 33 34,1,70,,13649,7740,0,6 33 34,1,32,,13616,7740,0,6 33 34,1,71,,13651,7740,0,6 33 34,1,27,,13655,7740,0,6 33 34,1,70,,13650,7740,0,6 33 34,1
42100,'F8',645,,17812,6081,0,24 25,1,71,,17808,6081,0,24 25,1,17,,17818,6081,0,24 25,1,723,,17819,6081,0,24 25,1,62,,17816,6081,0,24 25,1,30,,17814,6081,0,24 25,1,70,,17817,6081,0,24 25,1,32,,17820,6081,0,24 25,1,69,,17815,6081,0,24 25,1
42100,'SE',645,,17825,6081,0,24 25,1,71,,17821,6081,0,24 25,1,17,,17831,6081,0,24 25,1,723,,17832,6081,0,24 25,1,62,,17829,6081,0,24 25,1,30,,17827,6081,0,24 25,1,70,,17830,6081,0,24 25,1,32,,17833,6081,0,24 25,1,69,,17828,6081,0,24 25,1
60701,'F8',854,,18868,6011,,,2
60701,'SE',854,,18869,6011,,,2
