800,'DI',624,,1409,,,1,34,,1385,,,1,70,,1393,,,1,30,,1399,,,1,70,,1410,,,1,30,,1386,,,1,76,,1394,,,1,70,,1400,,,1,30,,1411,,,1,70,,1387,,,1,30,,1395,,,1,70,,1401,,,1,32,,1412,,,1,70,,1388,,,1,30,,1396,,,1,70,,1402,,,1,30,,1413,,,1,70,,1416,,,1,30,,1397,,,1,69,,1403,,,1,30,,1414,,,1,70,,1417,,,1,25,,1398,,,1,70,,1404,,,1,32,,1415,,,1,83,,1389,,,1,98,,1405,,,1,100,,1390,,,1,99,,1406,,,1,100,,1391,,,1,100,,1407,,,1
800,'F1',626,,1445,,,1,30,,1418,,,1,72,,1422,,,1,30,,1433,,,1,72,,1446,,,1,70,,1419,,,1,30,,1423,,,1,74,,1434,,,1,30,,1447,,,1,72,,1420,,,1,30,,1424,,,1,70,,1435,,,1,28,,1448,,,1,72,,1421,,,1,30,,1425,,,1,70,,1436,,,1,30,,1449,,,1,70,,1443,,,1,28,,1426,,,1,70,,1437,,,1,30,,1450,,,1,70,,1444,,,1,30,,1427,,,1,70,,1438,,,1,30,,1451,,,1,68,,1429,,,1,30,,1428,,,1,86,,1439,,,1,96,,1430,,,1,100,,1440,,,1,100,,1431,,,1,100,,1441,,,1
800,'SA',626,,1479,,,1,30,,1452,,,1,72,,1456,,,1,30,,1467,,,1,72,,1480,,,1,70,,1453,,,1,30,,1457,,,1,74,,1468,,,1,30,,1481,,,1,72,,1454,,,1,30,,1458,,,1,70,,1469,,,1,28,,1482,,,1,72,,1455,,,1,30,,1459,,,1,70,,1470,,,1,30,,1483,,,1,70,,1477,,,1,28,,1460,,,1,70,,1471,,,1,30,,1484,,,1,70,,1478,,,1,30,,1461,,,1,70,,1472,,,1,30,,1485,,,1,68,,1463,,,1,30,,1462,,,1,86,,1473,,,1,96,,1464,,,1,100,,1474,,,1,100,,1465,,,1,100,,1475,,,1
800,'SE',530,,1529,,,1,28,,1531,,,1,62,,1532,,,1,82,,1486,,,1,27,,1504,,,1,2,,1505,,,1,2,,1530,,,1,21,,1490,,,1,59,,1494,,,1,13,,1497,,,1,15,,1499,,,1,15,,1537,,,1,55,,1487,,,1,17,,1509,,,1,15,,1506,,,1,14,,1491,,,1,55,,1500,,,1,15,,1495,,,1,15,,1524,,,1,15,,1538,,,1,55,,1488,,,1,15,,1536,,,1,15,,1510,,,1,16,,1496,,,1,55,,1492,,,1,14,,1533,,,1,15,,1527,,,1,15,,1552,,,1,55,,1539,,,1,15,,1550,,,1,15,,1553,,,1,15,,1507,,,1,55,,1512,,,1,17,,1501,,,1,15,,1534,,,1,58,,1528,,,1,15,,1498,,,1,16,,1544,,,1,14,,1489,,,1,4,,1548,,,1,53,,1511,,,1,15,,1545,,,1,16,,1493,,,1,15,,1541,,,1,55,,1502,,,1,12,,1535,,,1,11,,1549,,,1,13,,1540,,,1,11,,1519,,,1,50,,1547,,,1,12,,1526,,,1,8,,1508,,,1,12,,1546,,,1,12,,1525,,,1,9,,1551,,,1,50,,1515,,,1,10,,1503,,,1,20,,1517,,,1,67,,1513,,,1,29,,1542,,,1,69,,1516,,,1,28,,1518,,,1,30,,1514,,,1,70,,1543,,,1,85,,1520,,,1,100,,1522,,,1
9801,'SE',730,,8688,,,2,874,,8689,,,2,32,,8692,,,2,66,,8691,,,2,31,,8690,,,2,26,,8687,,,2,70,,8686,,,2
9900,'DI',830,,8702,0,31 32,2,100,,8707,0,31 32,2,100,,8696,0,31 32,2,101,,8695,0,31 32,2,100,,8694,0,31 32,2,100,,8697,0,31 32,2,100,,8703,0,31 32,2,100,,8708,0,31 32,2,100,,8701,0,31 32,2,99,,8704,0,31 32,2,104,,8698,0,31 32,2,96,,8709,0,31 32,2,100,,8705,0,31 32,2,100,,8699,0,31 32,2,100,,8710,0,31 32,2,100,,8706,0,31 32,2,100,,8700,0,31 32,2
9900,'F1',725,,8724,0,31 32,2,105,,8717,0,31 32,2,98,,8714,0,31 32,2,102,,8719,0,31 32,2,101,,8712,0,31 32,2,100,,8715,0,31 32,2,100,,8725,0,31 32,2,100,,8721,0,31 32,2,98,,8713,0,31 32,2,102,,8718,0,31 32,2,99,,8716,0,31 32,2,100,,8711,0,31 32,2,100,,8726,0,31 32,2,100,,8728,0,31 32,2,100,,8720,0,31 32,2,100,,8727,0,31 32,2,100,,8722,0,31 32,2,100,,8723,0,31 32,2,100,,8729,0,31 32,2
9900,'SA',725,,8743,0,31 32,2,105,,8736,0,31 32,2,98,,8733,0,31 32,2,102,,8738,0,31 32,2,101,,8731,0,31 32,2,100,,8734,0,31 32,2,100,,8744,0,31 32,2,100,,8740,0,31 32,2,98,,8732,0,31 32,2,102,,8737,0,31 32,2,99,,8735,0,31 32,2,100,,8730,0,31 32,2,100,,8745,0,31 32,2,100,,8747,0,31 32,2,100,,8739,0,31 32,2,100,,8746,0,31 32,2,100,,8741,0,31 32,2,100,,8742,0,31 32,2,100,,8748,0,31 32,2
9900,'SE',724,,8757,0,31 32,2,76,,8759,0,31 32,2,30,,8758,0,31 32,2,100,,8749,0,31 32,2,100,,8751,0,31 32,2,100,,8752,0,31 32,2,100,,8760,0,31 32,2,100,,8750,0,31 32,2,98,,8765,0,31 32,2,97,,8761,0,31 32,2,306,,8766,0,31 32,2,98,,8753,0,31 32,2,100,,8754,0,31 32,2,100,,8762,0,31 32,2,100,,8756,0,31 32,2,100,,8764,0,31 32,2,100,,8763,0,31 32,2,100,,8755,0,31 32,2
9901,'DI',911,,8780,0,31 32,2,100,,8785,0,31 32,2,100,,8774,0,31 32,2,102,,8773,0,31 32,2,100,,8772,0,31 32,2,100,,8775,0,31 32,2,100,,8781,0,31 32,2,100,,8786,0,31 32,2,100,,8779,0,31 32,2,98,,8782,0,31 32,2,104,,8776,0,31 32,2,96,,8787,0,31 32,2,100,,8783,0,31 32,2,100,,8777,0,31 32,2,100,,8788,0,31 32,2
9901,'F1',806,,8802,0,31 32,2,105,,8795,0,31 32,2,98,,8792,0,31 32,2,102,,8797,0,31 32,2,102,,8790,0,31 32,2,100,,8793,0,31 32,2,100,,8803,0,31 32,2,100,,8799,0,31 32,2,98,,8791,0,31 32,2,102,,8796,0,31 32,2,98,,8794,0,31 32,2,100,,8789,0,31 32,2,100,,8804,0,31 32,2,100,,8806,0,31 32,2,100,,8798,0,31 32,2,100,,8805,0,31 32,2,100,,8800,0,31 32,2
9901,'SA',806,,8821,0,31 32,2,105,,8814,0,31 32,2,98,,8811,0,31 32,2,102,,8816,0,31 32,2,102,,8809,0,31 32,2,100,,8812,0,31 32,2,100,,8822,0,31 32,2,100,,8818,0,31 32,2,98,,8810,0,31 32,2,102,,8815,0,31 32,2,98,,8813,0,31 32,2,100,,8808,0,31 32,2,100,,8823,0,31 32,2,100,,8825,0,31 32,2,100,,8817,0,31 32,2,100,,8824,0,31 32,2,100,,8819,0,31 32,2
9901,'SE',910,,8850,0,31 32,2,100,,8834,0,31 32,2,100,,8836,0,31 32,2,100,,8837,0,31 32,2,101,,8842,0,31 32,2,100,,8835,0,31 32,2,98,,8846,0,31 32,2,97,,8851,0,31 32,2,30,,8854,0,31 32,2,66,,8853,0,31 32,2,38,,8852,0,31 32,2,69,,8849,0,31 32,2,27,,8848,0,31 32,2,76,,8847,0,31 32,2,98,,8838,0,31 32,2,100,,8839,0,31 32,2,100,,8843,0,31 32,2,100,,8841,0,31 32,2,100,,8845,0,31 32,2
16001,'DI',556,,9332,0,31 32,1,99,,9336,0,31 32,1,100,,9328,0,31 32,1,100,,9323,0,31 32,1,100,,9337,0,31 32,1,100,,9333,0,31 32,1,100,,9338,0,31 32,1,100,,9325,0,31 32,1,100,,9330,0,31 32,1,100,,9331,0,31 32,1,100,,9326,0,31 32,1,100,,9339,0,31 32,1,100,,9329,0,31 32,1,100,,9327,0,31 32,1,100,,9334,0,31 32,1,103,,9324,0,31 32,1,97,,9335,0,31 32,1
16001,'F1',557,,9343,0,31 32,1,99,,9354,0,31 32,1,99,,9351,0,31 32,1,100,,9355,0,31 32,1,99,,9344,0,31 32,1,101,,9340,0,31 32,1,100,,9352,0,31 32,1,100,,9347,0,31 32,1,100,,9345,0,31 32,1,100,,9341,0,31 32,1,100,,9348,0,31 32,1,100,,9356,0,31 32,1,100,,9342,0,31 32,1,101,,9349,0,31 32,1,99,,9353,0,31 32,1,103,,9350,0,31 32,1,97,,9346,0,31 32,1
16001,'SA',557,,9360,0,31 32,1,99,,9371,0,31 32,1,99,,9368,0,31 32,1,100,,9372,0,31 32,1,99,,9361,0,31 32,1,101,,9357,0,31 32,1,100,,9369,0,31 32,1,100,,9364,0,31 32,1,100,,9362,0,31 32,1,100,,9358,0,31 32,1,100,,9365,0,31 32,1,100,,9373,0,31 32,1,100,,9359,0,31 32,1,101,,9366,0,31 32,1,99,,9370,0,31 32,1,103,,9367,0,31 32,1,97,,9363,0,31 32,1
16001,'SE',606,,9377,0,31 32,1,28,,9388,0,31 32,1,66,,9379,0,31 32,1,27,,9383,0,31 32,1,28,,9382,0,31 32,1,69,,9389,0,31 32,1,19,,9380,0,31 32,1,84,,9384,0,31 32,1,99,,9381,0,31 32,1,93,,9378,0,31 32,1,100,,9374,0,31 32,1,100,,9390,0,31 32,1,100,,9391,0,31 32,1,99,,9392,0,31 32,1,92,,9394,0,31 32,1,96,,9396,0,31 32,1,31,,9393,0,31 32,1,67,,9385,0,31 32,1,25,,9395,0,31 32,1,26,,9375,0,31 32,1,101,,9386,0,31 32,1,100,,9397,0,31 32,1,102,,9376,0,31 32,1,100,,9398,0,31 32,1,90,,9387,0,31 32,1
