'DI',72000,52200,,'',2,3500,,'',2,7500,,'',2,7500,,'',2,3500,,'',2,7500,,'',2,3500,,'',2,7500,,'',2,7500,,'',2,3500,,'',2,7500,,'',2,3500,,'',2,7500,,'',2,3500,,'',2,7500,,'',2,7500,,'',2,3500,,'',2,7500,,'',2,3500,,'',2,7500,,'',2,7500,,'',2,3500,,'',2,7500,,'',2,3500,,'',2,7500,,'',2,3500,,'',2,7500,,'',2,7500,,'',2,3500,,'',2,7500,,'',2,3500,,'',2,7500,,'',2,7500,,'',2,3500,,'',2,7500,,'',2,3500,,'',2
'DI',72001,55500,4,'',2,7500,4,'',2,7500,4,'',2,3500,4,'',2,7500,4,'',2,3500,4,'',2,7500,4,'',2,7500,4,'',2,3500,4,'',2,7500,4,'',2,3500,4,'',2,7500,4,'',2,3500,4,'',2,7500,4,'',2,7500,4,'',2,3500,4,'',2,7500,4,'',2,3500,4,'',2,7500,4,'',2,7500,4,'',2,3500,4,'',2,7500,4,'',2,3500,4,'',2,7500,4,'',2,3500,4,'',2,7500,4,'',2,7500,4,'',2,3500,4,'',2,7500,4,'',2,3500,4,'',2,7500,4,'',2,7500,4,'',2,3500,4,'',2,7500,4,'',2,3500,4,'',2,7500,4,'',2
'F1',72000,203200,,'',2,7500,,'',2,3500,,'',2,7500,,'',2,3500,,'',2,7500,,'',2,7500,,'',2,3500,,'',2,7500,,'',2,3500,,'',2
'F1',72001,210500,4,'',2,3500,4,'',2,7500,4,'',2,3500,4,'',2,7500,4,'',2,7500,4,'',2,3500,4,'',2,7500,4,'',2,3500,4,'',2,7500,4,'',2
'F2',72000,203200,,'',2,7500,,'',2,3500,,'',2,7500,,'',2,3500,,'',2,7500,,'',2,7500,,'',2,3500,,'',2,7500,,'',2,3500,,'',2
'F2',72001,210500,4,'',2,3500,4,'',2,7500,4,'',2,3500,4,'',2,7500,4,'',2,7500,4,'',2,3500,4,'',2,7500,4,'',2,3500,4,'',2,7500,4,'',2
'SA',72000,52200,,'',2,3500,,'',2,7500,,'',2,7500,,'',2,3500,,'',2,7500,,'',2,3500,,'',2,7500,,'',2,7500,,'',2,3500,,'',2,7500,,'',2,3500,,'',2,7500,,'',2,3500,,'',2,7500,,'',2,7500,,'',2,3500,,'',2,7500,,'',2,3500,,'',2,7500,,'',2,7500,,'',2,3500,,'',2,7500,,'',2,3500,,'',2,7500,,'',2,3500,,'',2,7500,,'',2,7500,,'',2,3500,,'',2,7500,,'',2,3500,,'',2,7500,,'',2,7500,,'',2,3500,,'',2,7500,,'',2,3500,,'',2
'SA',72001,55500,4,'',2,7500,4,'',2,7500,4,'',2,3500,4,'',2,7500,4,'',2,3500,4,'',2,7500,4,'',2,7500,4,'',2,3500,4,'',2,7500,4,'',2,3500,4,'',2,7500,4,'',2,3500,4,'',2,7500,4,'',2,7500,4,'',2,3500,4,'',2,7500,4,'',2,3500,4,'',2,7500,4,'',2,7500,4,'',2,3500,4,'',2,7500,4,'',2,3500,4,'',2,7500,4,'',2,3500,4,'',2,7500,4,'',2,7500,4,'',2,3500,4,'',2,7500,4,'',2,3500,4,'',2,7500,4,'',2,7500,4,'',2,3500,4,'',2,7500,4,'',2,3500,4,'',2,7500,4,'',2
'SE',72000,203200,,'',2,7500,,'',2,3500,,'',2,7500,,'',2,3500,,'',2,7500,,'',2,7500,,'',2,3500,,'',2,7500,,'',2,3500,,'',2
'SE',72001,210500,4,'',2,3500,4,'',2,7500,4,'',2,3500,4,'',2,7500,4,'',2,7500,4,'',2,3500,4,'',2,7500,4,'',2,3500,4,'',2,7500,4,'',2
