6101,'DI',710,,11370,5736,,,2,30,,11367,5736,,,2,72,,11373,5736,,,2,17,,11371,5736,,,2,30,,11368,5736,,,2,70,,11374,5736,,,2,30,,11372,5736,,,2,70,,11369,5736,,,2,30,,11375,5736,,,2,70,,11376,5736,,,2,30,,11380,5736,,,2,70,,11384,5736,,,2,30,,11377,5736,,,2,70,,11381,5736,,,2,30,,11385,5736,,,2,70,,11378,5736,,,2,30,,11382,5736,,,2,70,,11386,5736,,,2,30,,11379,5736,,,2,74,,11383,5736,,,2,21,,11387,5736,,,2,75,,11389,5736,,,2,20,,11392,5736,,,2,80,,11388,5736,,,2,25,,11390,5736,,,2,70,,11393,5736,,,2,85,,11391,5736,,,2,100,,11394,5736,,,2,100,,11395,5736,,,2,100,,11396,5736,,,2,100,,11397,5736,,,2,100,,11398,5736,,,2
6101,'F1',710,,11402,5736,,,2,30,,11399,5736,,,2,72,,11405,5736,,,2,17,,11403,5736,,,2,30,,11400,5736,,,2,70,,11406,5736,,,2,30,,11404,5736,,,2,70,,11401,5736,,,2,30,,11407,5736,,,2,70,,11408,5736,,,2,30,,11412,5736,,,2,70,,11414,5736,,,2,30,,11409,5736,,,2,70,,11413,5736,,,2,30,,11415,5736,,,2,70,,11410,5736,,,2,30,,11416,5736,,,2,70,,11420,5736,,,2,30,,11411,5736,,,2,74,,11417,5736,,,2,21,,11421,5736,,,2,75,,11423,5736,,,2,20,,11418,5736,,,2,80,,11422,5736,,,2,25,,11424,5736,,,2,70,,11419,5736,,,2,85,,11425,5736,,,2,100,,11427,5736,,,2,100,,11426,5736,,,2,100,,11429,5736,,,2,100,,11428,5736,,,2,100,,11430,5736,,,2
6101,'F7',710,,11434,5736,,,2,30,,11431,5736,,,2,72,,11437,5736,,,2,17,,11435,5736,,,2,30,,11432,5736,,,2,70,,11438,5736,,,2,30,,11436,5736,,,2,70,,11433,5736,,,2,30,,11439,5736,,,2,70,,11440,5736,,,2,30,,11444,5736,,,2,70,,11448,5736,,,2,30,,11441,5736,,,2,70,,11445,5736,,,2,30,,11449,5736,,,2,70,,11442,5736,,,2,30,,11446,5736,,,2,70,,11450,5736,,,2,30,,11443,5736,,,2,74,,11447,5736,,,2,21,,11451,5736,,,2,75,,11453,5736,,,2,20,,11456,5736,,,2,80,,11452,5736,,,2,25,,11454,5736,,,2,70,,11457,5736,,,2,85,,11455,5736,,,2,100,,11458,5736,,,2,100,,11459,5736,,,2,100,,11460,5736,,,2,100,,11461,5736,,,2,100,,11462,5736,,,2
6101,'F8',548,,11512,5736,,,2,70,,11514,5736,,,2,10,,11467,5736,,,2,14,,11470,5736,,,2,9,,11464,5736,,,2,54,,11473,5736,,,2,14,,11463,5736,,,2,7,,11477,5736,,,2,19,,11471,5736,,,2,9,,11476,5736,,,2,59,,11468,5736,,,2,24,,11465,5736,,,2,22,,11474,5736,,,2,55,,11478,5736,,,2,36,,11469,5736,,,2,70,,11466,5736,,,2,30,,11475,5736,,,2,72,,11513,5736,,,2,30,,11472,5736,,,2,70,,11479,5736,,,2,31,,11483,5736,,,2,70,,11480,5736,,,2,30,,11481,5736,,,2,73,,11485,5736,,,2,21,,11487,5736,,,2,67,,11490,5736,,,2,23,,11482,5736,,,2,20,,11484,5736,,,2,64,,11492,5736,,,2,4,,11494,5736,,,2,25,,11488,5736,,,2,7,,11489,5736,,,2,54,,11495,5736,,,2,13,,11496,5736,,,2,14,,11486,5736,,,2,15,,11499,5736,,,2,6,,11502,5736,,,2,55,,11493,5736,,,2,14,,11491,5736,,,2,24,,11504,5736,,,2,64,,11497,5736,,,2,28,,11507,5736,,,2,69,,11510,5736,,,2,30,,11500,5736,,,2,69,,11503,5736,,,2,29,,11511,5736,,,2,70,,11498,5736,,,2,29,,11508,5736,,,2,70,,11505,5736,,,2,29,,11501,5736,,,2,68,,11509,5736,,,2,30,,11506,5736,,,2
6101,'F9',710,,11518,5736,,,2,30,,11515,5736,,,2,72,,11521,5736,,,2,17,,11519,5736,,,2,30,,11516,5736,,,2,70,,11522,5736,,,2,30,,11520,5736,,,2,70,,11517,5736,,,2,30,,11523,5736,,,2,70,,11524,5736,,,2,30,,11528,5736,,,2,70,,11530,5736,,,2,30,,11525,5736,,,2,70,,11529,5736,,,2,30,,11531,5736,,,2,70,,11526,5736,,,2,30,,11532,5736,,,2,70,,11536,5736,,,2,30,,11527,5736,,,2,74,,11533,5736,,,2,21,,11537,5736,,,2,75,,11539,5736,,,2,20,,11534,5736,,,2,80,,11538,5736,,,2,25,,11540,5736,,,2,70,,11535,5736,,,2,85,,11541,5736,,,2,100,,11543,5736,,,2,100,,11542,5736,,,2,100,,11545,5736,,,2,100,,11544,5736,,,2,100,,11546,5736,,,2
6101,'SA',710,,11550,5736,,,2,30,,11547,5736,,,2,72,,11553,5736,,,2,17,,11551,5736,,,2,30,,11548,5736,,,2,70,,11554,5736,,,2,30,,11552,5736,,,2,70,,11549,5736,,,2,30,,11555,5736,,,2,70,,11556,5736,,,2,30,,11560,5736,,,2,70,,11562,5736,,,2,30,,11557,5736,,,2,70,,11561,5736,,,2,30,,11563,5736,,,2,70,,11558,5736,,,2,30,,11564,5736,,,2,70,,11568,5736,,,2,30,,11559,5736,,,2,74,,11565,5736,,,2,21,,11569,5736,,,2,75,,11571,5736,,,2,20,,11566,5736,,,2,80,,11570,5736,,,2,25,,11572,5736,,,2,70,,11567,5736,,,2,85,,11573,5736,,,2,100,,11575,5736,,,2,100,,11574,5736,,,2,100,,11577,5736,,,2,100,,11576,5736,,,2,100,,11578,5736,,,2
6101,'SE',548,,11628,5736,,,2,70,,11630,5736,,,2,10,,11583,5736,,,2,14,,11586,5736,,,2,9,,11580,5736,,,2,54,,11589,5736,,,2,14,,11579,5736,,,2,7,,11593,5736,,,2,19,,11587,5736,,,2,9,,11592,5736,,,2,59,,11584,5736,,,2,24,,11581,5736,,,2,22,,11590,5736,,,2,55,,11594,5736,,,2,36,,11585,5736,,,2,70,,11582,5736,,,2,30,,11591,5736,,,2,72,,11629,5736,,,2,30,,11588,5736,,,2,70,,11595,5736,,,2,31,,11599,5736,,,2,70,,11596,5736,,,2,30,,11597,5736,,,2,73,,11601,5736,,,2,21,,11603,5736,,,2,67,,11606,5736,,,2,23,,11598,5736,,,2,20,,11600,5736,,,2,64,,11608,5736,,,2,4,,11610,5736,,,2,25,,11604,5736,,,2,7,,11605,5736,,,2,54,,11611,5736,,,2,13,,11612,5736,,,2,14,,11602,5736,,,2,15,,11615,5736,,,2,6,,11618,5736,,,2,55,,11609,5736,,,2,14,,11607,5736,,,2,24,,11620,5736,,,2,64,,11613,5736,,,2,28,,11623,5736,,,2,69,,11626,5736,,,2,30,,11616,5736,,,2,69,,11619,5736,,,2,29,,11627,5736,,,2,70,,11614,5736,,,2,29,,11624,5736,,,2,70,,11621,5736,,,2,29,,11617,5736,,,2,68,,11625,5736,,,2,30,,11622,5736,,,2
8200,'F8',1559,,14468,17560,0,28 30,2,70,,14465,17560,0,28 30,2,27,,14464,17560,0,28 30,2,64,,14466,17560,0,28 30,2,24,,14463,17560,0,28 30,2,70,,14467,17560,0,28 30,2,30,,14469,17560,0,28 30,2,65,,14470,17560,0,28 30,2
8200,'SE',1559,,14483,17560,0,28 30,2,70,,14480,17560,0,28 30,2,27,,14479,17560,0,28 30,2,64,,14481,17560,0,28 30,2,24,,14478,17560,0,28 30,2,70,,14482,17560,0,28 30,2,30,,14484,17560,0,28 30,2,65,,14485,17560,0,28 30,2
8201,'F8',648,,14492,6339,,,2,70,,14489,6339,,,2,30,,14487,6339,,,2,66,,14490,6339,,,2,26,,14488,6339,,,2,70,,14491,6339,,,2,20,,14486,6339,,,2
8201,'SE',648,,14507,6339,,,2,70,,14504,6339,,,2,30,,14502,6339,,,2,66,,14505,6339,,,2,26,,14503,6339,,,2,70,,14506,6339,,,2,20,,14501,6339,,,2
8700,'F8',1703,,14994,35149,,,2,103,,14995,35149,,,2
8700,'SE',1703,,14996,35149,,,2,103,,14997,35149,,,2
8701,'F8',626,,14999,5736,,,2,30,,14998,5736,,,2
8701,'SE',626,,15001,5736,,,2,30,,15000,5736,,,2
