7501,'DI',545,,34674,2426,,,2,100,,34662,2426,,,2,100,,34666,2426,,,2,100,,34660,2426,,,2,100,,34663,2426,,,2,100,,34667,2426,,,2,100,,34664,2426,,,2,100,,34665,2426,,,2,100,,34668,2426,,,2,100,,34675,2426,,,2,100,,34676,2426,,,2,100,,34669,2426,,,2,100,,34670,2426,,,2,100,,34671,2426,,,2,100,,34661,2426,,,2,100,,34677,2426,,,2,100,,34672,2426,,,2,100,,34678,2426,,,2,100,,34673,2426,,,2
7501,'F1',545,,13203,2426,,,2,100,,34688,2426,,,2,100,,34694,2426,,,2,100,,34689,2426,,,2,100,,34692,2426,,,2,100,,34693,2426,,,2,100,,34690,2426,,,2,100,,34684,2426,,,2,100,,34691,2426,,,2,100,,34685,2426,,,2,100,,34686,2426,,,2,100,,34695,2426,,,2,105,,34696,2426,,,2,95,,34697,2426,,,2,100,,34679,2426,,,2,100,,34681,2426,,,2,100,,34680,2426,,,2,100,,34687,2426,,,2,100,,34682,2426,,,2,100,,34683,2426,,,2
7501,'F2',545,,34709,2426,,,2,100,,34701,2426,,,2,100,,34712,2426,,,2,100,,34717,2426,,,2,100,,34702,2426,,,2,100,,34700,2426,,,2,100,,34713,2426,,,2,100,,34703,2426,,,2,100,,34706,2426,,,2,100,,34714,2426,,,2,100,,34704,2426,,,2,100,,34705,2426,,,2,105,,34715,2426,,,2,95,,34716,2426,,,2,100,,34707,2426,,,2,100,,34708,2426,,,2,100,,34711,2426,,,2,100,,34710,2426,,,2,100,,34699,2426,,,2,100,,34698,2426,,,2
7501,'F7',545,,34720,2426,,,2,90,,34721,2426,,,2,72,,34739,2426,,,2,20,,34732,2426,,,2,20,,34729,2426,,,2,98,,34730,2426,,,2,100,,34718,2426,,,2,100,,34726,2426,,,2,100,,34719,2426,,,2,100,,34733,2426,,,2,100,,34731,2426,,,2,100,,34727,2426,,,2,101,,34722,2426,,,2,101,,34734,2426,,,2,100,,34735,2426,,,2,98,,34736,2426,,,2,100,,34723,2426,,,2,100,,34728,2426,,,2,100,,34724,2426,,,2,100,,34737,2426,,,2,100,,34725,2426,,,2,100,,34738,2426,,,2
7501,'F8',545,,34751,2426,,,2,100,,34743,2426,,,2,100,,34754,2426,,,2,100,,34759,2426,,,2,100,,34744,2426,,,2,100,,34742,2426,,,2,100,,34755,2426,,,2,100,,34745,2426,,,2,100,,34748,2426,,,2,100,,34756,2426,,,2,100,,34746,2426,,,2,100,,34747,2426,,,2,105,,34757,2426,,,2,95,,34758,2426,,,2,100,,34749,2426,,,2,100,,34750,2426,,,2,100,,34753,2426,,,2,100,,34752,2426,,,2,100,,34741,2426,,,2,100,,34740,2426,,,2
7501,'F9',545,,34774,2426,,,2,100,,34762,2426,,,2,100,,34766,2426,,,2,100,,34760,2426,,,2,100,,34763,2426,,,2,100,,34767,2426,,,2,100,,34764,2426,,,2,100,,34765,2426,,,2,100,,34768,2426,,,2,100,,34775,2426,,,2,100,,34776,2426,,,2,100,,34769,2426,,,2,100,,34770,2426,,,2,100,,34771,2426,,,2,100,,34761,2426,,,2,100,,34777,2426,,,2,100,,34772,2426,,,2,100,,34778,2426,,,2,100,,34773,2426,,,2
7501,'SA',545,,34790,2426,,,2,100,,34782,2426,,,2,100,,34792,2426,,,2,100,,34797,2426,,,2,100,,34783,2426,,,2,100,,34781,2426,,,2,100,,34793,2426,,,2,100,,34784,2426,,,2,100,,34787,2426,,,2,100,,34794,2426,,,2,100,,34785,2426,,,2,100,,34786,2426,,,2,105,,34795,2426,,,2,95,,34796,2426,,,2,100,,34788,2426,,,2,100,,34789,2426,,,2,100,,13279,2426,,,2,100,,34791,2426,,,2,100,,34780,2426,,,2,100,,34779,2426,,,2
7501,'SE',545,,34800,2426,,,2,90,,34801,2426,,,2,72,,34819,2426,,,2,20,,34812,2426,,,2,20,,34809,2426,,,2,98,,34810,2426,,,2,100,,34798,2426,,,2,100,,34806,2426,,,2,100,,34799,2426,,,2,100,,34813,2426,,,2,100,,34811,2426,,,2,100,,34807,2426,,,2,101,,34802,2426,,,2,101,,34814,2426,,,2,100,,34815,2426,,,2,98,,34816,2426,,,2,100,,34803,2426,,,2,100,,34808,2426,,,2,100,,34804,2426,,,2,100,,34817,2426,,,2,100,,34805,2426,,,2,100,,34818,2426,,,2
56500,'F7',1608,,40721,5891,,,2
56500,'SE',1608,,40722,5891,,,2
