301,'DI',620,,698,4595,,,1,100,,20863,4595,,,1,100,,699,4595,,,1,100,,20864,4595,,,1,100,,700,4595,,,1,100,,20865,4595,,,1,100,,701,4595,,,1,100,,20866,4595,,,1,100,,702,4595,,,1,100,,703,4595,,,1,100,,704,4595,,,1,100,,705,4595,,,1,100,,706,4595,,,1,100,,20856,4595,,,1,100,,20857,4595,,,1,100,,20858,4595,,,1,100,,20859,4595,,,1,100,,20860,4595,,,1,100,,20861,4595,,,1
301,'F1',550,,20885,4595,,,1,70,,20867,4595,,,1,30,,20886,4595,,,1,70,,20891,4595,,,1,30,,20887,4595,,,1,70,,20900,4595,,,1,30,,20888,4595,,,1,70,,20892,4595,,,1,30,,20889,4595,,,1,70,,20893,4595,,,1,30,,20890,4595,,,1,70,,20894,4595,,,1,30,,20897,4595,,,1,70,,20895,4595,,,1,30,,20898,4595,,,1,70,,20874,4595,,,1,30,,20899,4595,,,1,70,,20896,4595,,,1,30,,20880,4595,,,1,70,,20868,4595,,,1,30,,20881,4595,,,1,70,,20869,4595,,,1,30,,20882,4595,,,1,70,,20870,4595,,,1,30,,20883,4595,,,1,70,,20871,4595,,,1,100,,20872,4595,,,1,100,,20873,4595,,,1,100,,20875,4595,,,1,100,,20876,4595,,,1,100,,20877,4595,,,1,100,,20878,4595,,,1
301,'F2',550,,20901,4595,,,1,70,,20909,4595,,,1,30,,20902,4595,,,1,70,,20919,4595,,,1,30,,20903,4595,,,1,70,,20910,4595,,,1,30,,20904,4595,,,1,70,,20920,4595,,,1,30,,20905,4595,,,1,70,,20921,4595,,,1,30,,20906,4595,,,1,70,,20911,4595,,,1,30,,20907,4595,,,1,70,,20912,4595,,,1,30,,20908,4595,,,1,70,,20928,4595,,,1,30,,20922,4595,,,1,70,,20913,4595,,,1,30,,20923,4595,,,1,70,,20929,4595,,,1,30,,20924,4595,,,1,70,,20930,4595,,,1,30,,20925,4595,,,1,70,,20931,4595,,,1,30,,20926,4595,,,1,70,,20932,4595,,,1,100,,20933,4595,,,1,100,,20914,4595,,,1,100,,20915,4595,,,1,100,,20916,4595,,,1,100,,20917,4595,,,1,100,,20934,4595,,,1
301,'F7',508,,20945,4595,,,1,30,,20935,4595,,,1,72,,20966,4595,,,1,24,,20967,4595,,,1,20,,20969,4595,,,1,60,,20961,4595,,,1,20,,20960,4595,,,1,17,,20959,4595,,,1,63,,20962,4595,,,1,21,,20974,4595,,,1,20,,20972,4595,,,1,68,,20951,4595,,,1,30,,20946,4595,,,1,70,,20952,4595,,,1,30,,20947,4595,,,1,70,,20936,4595,,,1,30,,20948,4595,,,1,70,,20937,4595,,,1,30,,20949,4595,,,1,70,,20938,4595,,,1,30,,20950,4595,,,1,70,,20939,4595,,,1,30,,20970,4595,,,1,72,,20963,4595,,,1,79,,20977,4595,,,1,44,,20971,4595,,,1,81,,20965,4595,,,1,78,,20976,4595,,,1,49,,20955,4595,,,1,67,,20957,4595,,,1,28,,20956,4595,,,1,70,,20958,4595,,,1,30,,20943,4595,,,1,70,,20942,4595,,,1,30,,20944,4595,,,1,70,,20953,4595,,,1,100,,20954,4595,,,1,100,,20940,4595,,,1
301,'F8',550,,20979,4595,,,1,70,,20987,4595,,,1,30,,20980,4595,,,1,70,,20997,4595,,,1,30,,20981,4595,,,1,70,,20988,4595,,,1,30,,20982,4595,,,1,70,,20998,4595,,,1,30,,20983,4595,,,1,70,,20999,4595,,,1,30,,20984,4595,,,1,70,,20989,4595,,,1,30,,20985,4595,,,1,70,,20990,4595,,,1,30,,20986,4595,,,1,70,,21006,4595,,,1,30,,21000,4595,,,1,70,,20991,4595,,,1,30,,21001,4595,,,1,70,,21007,4595,,,1,30,,21002,4595,,,1,70,,21008,4595,,,1,30,,21003,4595,,,1,70,,21009,4595,,,1,30,,21004,4595,,,1,70,,21010,4595,,,1,100,,21011,4595,,,1,100,,20992,4595,,,1,100,,20993,4595,,,1,100,,20994,4595,,,1,100,,20995,4595,,,1,100,,21012,4595,,,1
301,'F9',620,,21013,4595,,,1,100,,21029,4595,,,1,100,,21014,4595,,,1,100,,21030,4595,,,1,100,,21015,4595,,,1,100,,21031,4595,,,1,100,,21016,4595,,,1,100,,21032,4595,,,1,100,,21017,4595,,,1,100,,21018,4595,,,1,100,,21019,4595,,,1,100,,21020,4595,,,1,100,,21021,4595,,,1,100,,21022,4595,,,1,100,,21023,4595,,,1,100,,21024,4595,,,1,100,,21025,4595,,,1,100,,21026,4595,,,1,100,,21027,4595,,,1
301,'SA',550,,21033,4595,,,1,70,,21041,4595,,,1,30,,21034,4595,,,1,70,,21051,4595,,,1,30,,21035,4595,,,1,70,,21042,4595,,,1,30,,21036,4595,,,1,70,,21052,4595,,,1,30,,21037,4595,,,1,70,,21053,4595,,,1,30,,21038,4595,,,1,70,,21043,4595,,,1,30,,21039,4595,,,1,70,,21044,4595,,,1,30,,21040,4595,,,1,70,,21054,4595,,,1,30,,847,4595,,,1,70,,21045,4595,,,1,30,,848,4595,,,1,70,,21055,4595,,,1,30,,849,4595,,,1,70,,21056,4595,,,1,30,,850,4595,,,1,70,,21057,4595,,,1,30,,851,4595,,,1,70,,21058,4595,,,1,100,,21059,4595,,,1,100,,21046,4595,,,1,100,,21047,4595,,,1,100,,21048,4595,,,1,100,,21049,4595,,,1,100,,21060,4595,,,1
301,'SE',508,,21071,4595,,,1,30,,21061,4595,,,1,72,,21092,4595,,,1,24,,21093,4595,,,1,20,,21095,4595,,,1,60,,21087,4595,,,1,20,,21086,4595,,,1,17,,21085,4595,,,1,63,,21088,4595,,,1,21,,21100,4595,,,1,20,,21098,4595,,,1,68,,21077,4595,,,1,30,,21072,4595,,,1,70,,21078,4595,,,1,30,,21073,4595,,,1,70,,21062,4595,,,1,30,,21074,4595,,,1,70,,21063,4595,,,1,30,,21075,4595,,,1,70,,21064,4595,,,1,30,,21076,4595,,,1,70,,21065,4595,,,1,30,,21096,4595,,,1,72,,21089,4595,,,1,79,,21103,4595,,,1,44,,21097,4595,,,1,81,,21091,4595,,,1,78,,21102,4595,,,1,49,,21081,4595,,,1,67,,21083,4595,,,1,28,,21082,4595,,,1,70,,21084,4595,,,1,30,,21069,4595,,,1,70,,21068,4595,,,1,30,,21070,4595,,,1,70,,21079,4595,,,1,100,,21080,4595,,,1,100,,21066,4595,,,1
50300,'F7',1635,,40626,6688,,,2
50300,'SE',1635,,40627,6688,,,2
60101,'F7',847,,40743,5331,,,2
60101,'SE',847,,40744,5331,,,2
