2500,'F7',553,,27545,16585,4,,2,70,,27546,16585,4,,2,109,,27560,16585,4,,2,19,,27547,16585,4,,2,72,,27549,16585,4,,2,28,,27550,16585,4,,2,73,,27548,16585,4,,2,30,,27544,16585,4,,2,470,,27551,16585,4,,2,30,,27552,16585,4,,2,172,,27553,16585,4,,2,33,,27556,16585,4,,2,68,,27558,16585,4,,2,29,,27561,16585,4,,2,69,,27557,16585,4,,2,27,,27559,16585,4,,2,70,,27555,16585,4,,2,335,,27563,16585,4,,2,96,,27562,16585,4,,2,85,,27554,16585,4,,2
2500,'SE',553,,27574,16585,4,,2,70,,27575,16585,4,,2,109,,27589,16585,4,,2,19,,27576,16585,4,,2,72,,27578,16585,4,,2,28,,27579,16585,4,,2,73,,27577,16585,4,,2,30,,27573,16585,4,,2,470,,27580,16585,4,,2,30,,27581,16585,4,,2,172,,27582,16585,4,,2,33,,27585,16585,4,,2,68,,27587,16585,4,,2,29,,27590,16585,4,,2,69,,27586,16585,4,,2,27,,27588,16585,4,,2,70,,27584,16585,4,,2,335,,27592,16585,4,,2,96,,27591,16585,4,,2,85,,27583,16585,4,,2
2501,'DI',1548,,27599,1636,,,2
2501,'F1',1548,,27600,1636,,,2
2501,'F2',1548,,27601,1636,,,2
2501,'F7',553,,27605,0,,,2,72,,27607,0,,,2,34,,27628,1636,,,2,70,,27627,1636,,,2,3,,27632,1636,,,2,23,,27609,0,,,2,70,,27611,0,,,2,28,,27612,0,,,2,71,,27610,0,,,2,30,,27602,0,,,2,404,,27623,0,,,2,70,,27613,0,,,2,30,,27614,0,,,2,71,,27631,1636,,,2,19,,27630,1636,,,2,52,,27629,1636,,,2,9,,27604,0,,,2,19,,27616,0,,,2,14,,27615,0,,,2,59,,27619,0,,,2,28,,27621,0,,,2,29,,27624,0,,,2,69,,27620,0,,,2,25,,27622,0,,,2,74,,27618,0,,,2,385,,27626,0,,,2,47,,27633,1636,,,2,53,,27625,0,,,2,35,,27617,0,,,2
2501,'F8',1548,,27634,1636,,,2
2501,'F9',1548,,27635,1636,,,2
2501,'SA',1548,,27636,1636,,,2
2501,'SE',553,,27640,0,,,2,72,,27642,0,,,2,34,,27663,1636,,,2,70,,27662,1636,,,2,3,,27667,1636,,,2,23,,27644,0,,,2,70,,27646,0,,,2,28,,27647,0,,,2,71,,27645,0,,,2,30,,27637,0,,,2,404,,27658,0,,,2,70,,27648,0,,,2,30,,27649,0,,,2,71,,27666,1636,,,2,19,,27665,1636,,,2,52,,27664,1636,,,2,9,,27639,0,,,2,19,,27651,0,,,2,14,,27650,0,,,2,59,,27654,0,,,2,28,,27656,0,,,2,29,,27659,0,,,2,69,,27655,0,,,2,25,,27657,0,,,2,74,,27653,0,,,2,385,,27661,0,,,2,47,,27668,1636,,,2,53,,27660,0,,,2,35,,27652,0,,,2
