3301,'F7',609,,28820,5116,,,2,30,,28818,5116,,,2,71,,28817,5116,,,2,28,,28821,5116,,,2,72,,28819,5116,,,2,27,,28816,5116,,,2,75,,28815,5116,,,2
3301,'SE',609,,28831,5116,,,2,30,,28829,5116,,,2,71,,28828,5116,,,2,28,,28832,5116,,,2,72,,28830,5116,,,2,27,,28827,5116,,,2,75,,28826,5116,,,2
4400,'DI',616,,30012,1720,,,2,101,,30017,1720,,,2,102,,30007,1720,,,2,101,,30010,1720,,,2,96,,30004,1720,,,2,100,,30018,1720,,,2,100,,30005,1720,,,2,100,,30019,1720,,,2,100,,30013,1720,,,2,98,,30020,1720,,,2,103,,30014,1720,,,2,99,,30008,1720,,,2,102,,30006,1720,,,2,98,,30011,1720,,,2,100,,30009,1720,,,2,101,,30015,1720,,,2,99,,30021,1720,,,2,102,,30016,1720,,,2,100,,30022,1720,,,2
4400,'F1',616,,30039,1720,,,2,103,,30035,1720,,,2,97,,30023,1720,,,2,100,,30041,1720,,,2,100,,30025,1720,,,2,100,,30027,1720,,,2,100,,30026,1720,,,2,105,,30028,1720,,,2,100,,30030,1720,,,2,95,,30024,1720,,,2,104,,30040,1720,,,2,100,,30036,1720,,,2,101,,30038,1720,,,2,95,,30031,1720,,,2,100,,30033,1720,,,2,101,,30032,1720,,,2,100,,30034,1720,,,2,99,,30037,1720,,,2,103,,30029,1720,,,2
4400,'F2',616,,30042,1720,,,2,103,,30044,1720,,,2,97,,30049,1720,,,2,100,,30045,1720,,,2,100,,30050,1720,,,2,100,,30046,1720,,,2,100,,30051,1720,,,2,105,,30047,1720,,,2,100,,30052,1720,,,2,95,,30048,1720,,,2,104,,30053,1720,,,2,100,,30057,1720,,,2,101,,30056,1720,,,2,95,,30054,1720,,,2,100,,30043,1720,,,2,101,,30055,1720,,,2,100,,30060,1720,,,2,99,,30058,1720,,,2,103,,30059,1720,,,2
4400,'F7',556,,30092,1720,,,2,56,,30073,1720,,,2,15,,30093,1720,,,2,15,,30082,1720,,,2,14,,30076,1720,,,2,51,,30064,1720,,,2,15,,30078,1720,,,2,15,,30077,1720,,,2,9,,30094,1720,,,2,58,,30079,1720,,,2,18,,30095,1720,,,2,94,,30086,1720,,,2,100,,30091,1720,,,2,100,,30061,1720,,,2,100,,30067,1720,,,2,100,,30071,1720,,,2,100,,30068,1720,,,2,100,,30083,1720,,,2,21,,30065,1720,,,2,15,,30084,1720,,,2,58,,30087,1720,,,2,16,,30085,1720,,,2,14,,30080,1720,,,2,12,,30074,1720,,,2,55,,30066,1720,,,2,15,,30081,1720,,,2,16,,30062,1720,,,2,14,,30069,1720,,,2,56,,30075,1720,,,2,19,,30070,1720,,,2,89,,30097,1720,,,2,100,,30096,1720,,,2,100,,30063,1720,,,2,100,,30088,1720,,,2,100,,30072,1720,,,2,100,,30090,1720,,,2,100,,30089,1720,,,2
4400,'F8',616,,30098,1720,,,2,103,,30100,1720,,,2,97,,30105,1720,,,2,100,,30101,1720,,,2,100,,30106,1720,,,2,100,,30102,1720,,,2,100,,30107,1720,,,2,105,,30103,1720,,,2,100,,30108,1720,,,2,95,,30104,1720,,,2,104,,30109,1720,,,2,100,,30113,1720,,,2,101,,30112,1720,,,2,95,,30110,1720,,,2,100,,30099,1720,,,2,101,,30111,1720,,,2,100,,30116,1720,,,2,99,,30114,1720,,,2,103,,30115,1720,,,2
4400,'F9',616,,30125,1720,,,2,101,,30130,1720,,,2,102,,30120,1720,,,2,101,,30123,1720,,,2,96,,30117,1720,,,2,100,,30131,1720,,,2,100,,30118,1720,,,2,100,,30132,1720,,,2,100,,30126,1720,,,2,98,,30133,1720,,,2,103,,30127,1720,,,2,99,,30121,1720,,,2,102,,30119,1720,,,2,98,,30124,1720,,,2,100,,30122,1720,,,2,101,,30128,1720,,,2,99,,30134,1720,,,2,102,,30129,1720,,,2,100,,30135,1720,,,2
4400,'SA',616,,30136,1720,,,2,103,,30138,1720,,,2,97,,30143,1720,,,2,100,,30139,1720,,,2,100,,30144,1720,,,2,100,,30140,1720,,,2,100,,30145,1720,,,2,105,,30141,1720,,,2,100,,30146,1720,,,2,95,,30142,1720,,,2,104,,30147,1720,,,2,100,,30151,1720,,,2,101,,30150,1720,,,2,95,,30148,1720,,,2,100,,30137,1720,,,2,101,,30149,1720,,,2,100,,30154,1720,,,2,99,,30152,1720,,,2,103,,30153,1720,,,2
4400,'SE',556,,30186,1720,,,2,56,,30167,1720,,,2,15,,30187,1720,,,2,15,,30176,1720,,,2,14,,30170,1720,,,2,51,,30158,1720,,,2,15,,30172,1720,,,2,15,,30171,1720,,,2,9,,30188,1720,,,2,58,,30173,1720,,,2,18,,30189,1720,,,2,94,,30180,1720,,,2,100,,30185,1720,,,2,100,,30155,1720,,,2,100,,30161,1720,,,2,100,,30165,1720,,,2,100,,30162,1720,,,2,100,,30177,1720,,,2,21,,30159,1720,,,2,15,,30178,1720,,,2,58,,30181,1720,,,2,16,,30179,1720,,,2,14,,30174,1720,,,2,12,,30168,1720,,,2,55,,30160,1720,,,2,15,,30175,1720,,,2,16,,30156,1720,,,2,14,,30163,1720,,,2,56,,30169,1720,,,2,19,,30164,1720,,,2,89,,30191,1720,,,2,100,,30190,1720,,,2,100,,30157,1720,,,2,100,,30182,1720,,,2,100,,30166,1720,,,2,100,,30184,1720,,,2,100,,30183,1720,,,2
54400,'F7',1628,,40694,4965,,,2
54400,'SE',1628,,18803,4965,,,2
55101,'F7',910,,40715,4418,,,2
55101,'SE',910,,40716,4418,,,2
69300,'F7',1623,,40934,4449,,,2,1,,40935,4449,,,2
69300,'SE',1623,,40936,4449,,,2,1,,40937,4449,,,2
