3800,'DI',703,,7981,7796,,,1,100,,7994,7796,,,1,100,,7988,7796,,,1,101,,7983,7796,,,1,96,,7995,7796,,,1,100,,7985,7796,,,1,103,,7989,7796,,,1,100,,7982,7796,,,1,100,,7990,7796,,,1,101,,7986,7796,,,1,104,,7996,7796,,,1,101,,7997,7796,,,1,97,,7993,7796,,,1,100,,7998,7796,,,1,99,,7991,7796,,,1,101,,7984,7796,,,1,100,,7992,7796,,,1,100,,7987,7796,,,1
3800,'F1',603,,8015,7796,,,1,100,,8011,7796,,,1,100,,8003,7796,,,1,100,,8016,7796,,,1,100,,8004,7796,,,1,100,,8017,7796,,,1,100,,8005,7796,,,1,104,,8013,7796,,,1,100,,8006,7796,,,1,100,,8012,7796,,,1,102,,8007,7796,,,1,100,,8014,7796,,,1,100,,8008,7796,,,1,97,,8001,7796,,,1,100,,8002,7796,,,1,99,,8009,7796,,,1,100,,7999,7796,,,1,101,,8010,7796,,,1,99,,8000,7796,,,1
3800,'F7',703,,8018,7796,,,1,100,,8031,7796,,,1,100,,8025,7796,,,1,101,,8020,7796,,,1,96,,8032,7796,,,1,100,,8022,7796,,,1,103,,8026,7796,,,1,100,,8019,7796,,,1,100,,8027,7796,,,1,101,,8023,7796,,,1,104,,8033,7796,,,1,101,,8034,7796,,,1,97,,8030,7796,,,1,100,,8035,7796,,,1,99,,8028,7796,,,1,101,,8021,7796,,,1,100,,8029,7796,,,1,100,,8024,7796,,,1
3800,'F8',618,,8038,7796,,,1,21,,8042,7796,,,1,18,,8040,7796,,,1,58,,8036,7796,,,1,24,,8045,7796,,,1,20,,8060,7796,,,1,52,,8044,7796,,,1,24,,8063,7796,,,1,69,,8059,7796,,,1,18,,8046,7796,,,1,17,,8061,7796,,,1,70,,8041,7796,,,1,44,,8062,7796,,,1,100,,8048,7796,,,1,100,,8057,7796,,,1,101,,8064,7796,,,1,94,,8056,7796,,,1,67,,8050,7796,,,1,33,,8049,7796,,,1,70,,8037,7796,,,1,30,,8058,7796,,,1,72,,8039,7796,,,1,26,,8052,7796,,,1,66,,8051,7796,,,1,94,,8047,7796,,,1,100,,8055,7796,,,1,99,,8053,7796,,,1,99,,8065,7796,,,1,100,,8054,7796,,,1,100,,8043,7796,,,1
3800,'F9',603,,8082,7796,,,1,100,,8078,7796,,,1,100,,8070,7796,,,1,100,,8083,7796,,,1,100,,8071,7796,,,1,100,,8084,7796,,,1,100,,8072,7796,,,1,104,,8080,7796,,,1,100,,8073,7796,,,1,100,,8079,7796,,,1,102,,8074,7796,,,1,100,,8081,7796,,,1,100,,8075,7796,,,1,97,,8068,7796,,,1,100,,8069,7796,,,1,99,,8076,7796,,,1,100,,8066,7796,,,1,101,,8077,7796,,,1,99,,8067,7796,,,1
3800,'SA',603,,8101,7796,,,1,100,,8097,7796,,,1,100,,8089,7796,,,1,100,,8102,7796,,,1,100,,8090,7796,,,1,100,,8103,7796,,,1,100,,8091,7796,,,1,104,,8099,7796,,,1,100,,8092,7796,,,1,100,,8098,7796,,,1,102,,8093,7796,,,1,100,,8100,7796,,,1,100,,8094,7796,,,1,97,,8087,7796,,,1,100,,8088,7796,,,1,99,,8095,7796,,,1,100,,8085,7796,,,1,101,,8096,7796,,,1,99,,8086,7796,,,1
3800,'SE',618,,8106,7796,,,1,21,,8110,7796,,,1,18,,8108,7796,,,1,58,,8104,7796,,,1,24,,8113,7796,,,1,20,,8128,7796,,,1,52,,8112,7796,,,1,24,,8131,7796,,,1,69,,8127,7796,,,1,18,,8114,7796,,,1,17,,8129,7796,,,1,70,,8109,7796,,,1,44,,8130,7796,,,1,100,,8116,7796,,,1,100,,8125,7796,,,1,101,,8132,7796,,,1,94,,8124,7796,,,1,67,,8118,7796,,,1,33,,8117,7796,,,1,70,,8105,7796,,,1,30,,8126,7796,,,1,72,,8107,7796,,,1,26,,8120,7796,,,1,66,,8119,7796,,,1,94,,8115,7796,,,1,100,,8123,7796,,,1,99,,8121,7796,,,1,99,,8133,7796,,,1,100,,8122,7796,,,1,100,,8111,7796,,,1
4101,'DI',748,,8297,9391,,,1,100,,8299,9391,,,1,101,,8309,9391,,,1,100,,8300,9391,,,1,100,,8294,9391,,,1,100,,8301,9391,,,1,101,,8293,9391,,,1,100,,8302,9391,,,1,100,,8306,9391,,,1,102,,8307,9391,,,1,98,,8303,9391,,,1,100,,8308,9391,,,1,98,,8310,9391,,,1,100,,8296,9391,,,1,100,,8295,9391,,,1,99,,8311,9391,,,1,100,,8305,9391,,,1,100,,8298,9391,,,1,100,,8304,9391,,,1
4101,'F1',748,,8322,9391,,,1,100,,8328,9391,,,1,101,,8312,9391,,,1,101,,8313,9391,,,1,99,,8323,9391,,,1,100,,8329,9391,,,1,101,,8327,9391,,,1,100,,8314,9391,,,1,100,,8317,9391,,,1,100,,8315,9391,,,1,100,,8324,9391,,,1,100,,8330,9391,,,1,98,,8325,9391,,,1,100,,8318,9391,,,1,100,,8320,9391,,,1,99,,8326,9391,,,1,100,,8316,9391,,,1,100,,8319,9391,,,1,100,,8321,9391,,,1
4101,'F7',748,,8335,9391,,,1,100,,8337,9391,,,1,101,,8347,9391,,,1,100,,8338,9391,,,1,100,,8332,9391,,,1,100,,8339,9391,,,1,101,,8331,9391,,,1,100,,8340,9391,,,1,100,,8344,9391,,,1,102,,8345,9391,,,1,98,,8341,9391,,,1,100,,8346,9391,,,1,98,,8348,9391,,,1,100,,8334,9391,,,1,100,,8333,9391,,,1,99,,8349,9391,,,1,100,,8343,9391,,,1,100,,8336,9391,,,1,100,,8342,9391,,,1
4101,'F8',717,,8350,9391,,,1,30,,8370,9391,,,1,70,,8353,9391,,,1,36,,8354,9391,,,1,65,,8360,9391,,,1,30,,8375,9391,,,1,100,,8371,9391,,,1,100,,8355,9391,,,1,100,,8357,9391,,,1,100,,8351,9391,,,1,101,,8358,9391,,,1,75,,8361,9391,,,1,25,,8362,9391,,,1,69,,8372,9391,,,1,37,,8356,9391,,,1,66,,8369,9391,,,1,27,,8367,9391,,,1,71,,8368,9391,,,1,29,,8373,9391,,,1,100,,8366,9391,,,1,99,,8374,9391,,,1,100,,8364,9391,,,1,99,,8359,9391,,,1,100,,8363,9391,,,1,100,,8365,9391,,,1,100,,8352,9391,,,1
4101,'F9',748,,8386,9391,,,1,100,,8392,9391,,,1,101,,8376,9391,,,1,101,,8377,9391,,,1,99,,8387,9391,,,1,100,,8393,9391,,,1,101,,8391,9391,,,1,100,,8378,9391,,,1,100,,8381,9391,,,1,100,,8379,9391,,,1,100,,8388,9391,,,1,100,,8394,9391,,,1,98,,8389,9391,,,1,100,,8382,9391,,,1,100,,8384,9391,,,1,99,,8390,9391,,,1,100,,8380,9391,,,1,100,,8383,9391,,,1,100,,8385,9391,,,1
4101,'SA',748,,8405,9391,,,1,100,,8411,9391,,,1,101,,8395,9391,,,1,101,,8396,9391,,,1,99,,8406,9391,,,1,100,,8412,9391,,,1,101,,8410,9391,,,1,100,,8397,9391,,,1,100,,8400,9391,,,1,100,,8398,9391,,,1,100,,8407,9391,,,1,100,,8413,9391,,,1,98,,8408,9391,,,1,100,,8401,9391,,,1,100,,8403,9391,,,1,99,,8409,9391,,,1,100,,8399,9391,,,1,100,,8402,9391,,,1,100,,8404,9391,,,1
4101,'SE',717,,8414,9391,,,1,30,,8434,9391,,,1,70,,8417,9391,,,1,36,,8418,9391,,,1,65,,8424,9391,,,1,30,,8439,9391,,,1,100,,8435,9391,,,1,100,,8419,9391,,,1,100,,8421,9391,,,1,100,,8415,9391,,,1,101,,8422,9391,,,1,75,,8425,9391,,,1,25,,8426,9391,,,1,69,,8436,9391,,,1,37,,8420,9391,,,1,66,,8433,9391,,,1,27,,8431,9391,,,1,71,,8432,9391,,,1,29,,8437,9391,,,1,100,,8430,9391,,,1,99,,8438,9391,,,1,100,,8428,9391,,,1,99,,8423,9391,,,1,100,,8427,9391,,,1,100,,8429,9391,,,1,100,,8416,9391,,,1
