1701,'DI',609,,4963,11228,,,1,100,,4961,11228,,,1,30,,4953,11228,,,1,70,,4969,11228,,,1,30,,4948,11228,,,1,70,,4964,11228,,,1,30,,4954,11228,,,1,70,,4962,11228,,,1,30,,4958,11228,,,1,70,,4970,11228,,,1,30,,4944,11228,,,1,70,,4965,11228,,,1,30,,4973,11228,,,1,70,,4971,11228,,,1,30,,4950,11228,,,1,70,,4959,11228,,,1,30,,4955,11228,,,1,70,,4966,11228,,,1,30,,4951,11228,,,1,69,,4945,11228,,,1,30,,4941,11228,,,1,71,,4946,11228,,,1,30,,4942,11228,,,1,70,,4956,11228,,,1,31,,4943,11228,,,1,70,,4957,11228,,,1,99,,4967,11228,,,1,100,,4952,11228,,,1,100,,4972,11228,,,1,100,,4968,11228,,,1,100,,4949,11228,,,1,100,,4947,11228,,,1
1701,'F1',609,,5003,11228,,,1,100,,4993,11228,,,1,30,,4985,11228,,,1,70,,4978,11228,,,1,30,,4994,11228,,,1,70,,4988,11228,,,1,30,,5000,11228,,,1,70,,5001,11228,,,1,30,,4987,11228,,,1,70,,4989,11228,,,1,30,,4979,11228,,,1,70,,5004,11228,,,1,30,,4986,11228,,,1,70,,4990,11228,,,1,30,,4981,11228,,,1,70,,5005,11228,,,1,30,,4995,11228,,,1,70,,5002,11228,,,1,30,,4984,11228,,,1,70,,4991,11228,,,1,30,,4974,11228,,,1,69,,4982,11228,,,1,30,,4996,11228,,,1,71,,4977,11228,,,1,30,,4997,11228,,,1,71,,4992,11228,,,1,99,,4980,11228,,,1,100,,4999,11228,,,1,100,,4983,11228,,,1,100,,4975,11228,,,1,100,,5006,11228,,,1,100,,4976,11228,,,1
1701,'F7',609,,5029,11228,,,1,100,,5027,11228,,,1,30,,5019,11228,,,1,70,,5035,11228,,,1,30,,5014,11228,,,1,70,,5030,11228,,,1,30,,5020,11228,,,1,70,,5028,11228,,,1,30,,5024,11228,,,1,70,,5036,11228,,,1,30,,5010,11228,,,1,70,,5031,11228,,,1,30,,5039,11228,,,1,70,,5037,11228,,,1,30,,5016,11228,,,1,70,,5025,11228,,,1,30,,5021,11228,,,1,70,,5032,11228,,,1,30,,5017,11228,,,1,69,,5011,11228,,,1,30,,5007,11228,,,1,71,,5012,11228,,,1,30,,5008,11228,,,1,70,,5022,11228,,,1,31,,5009,11228,,,1,70,,5023,11228,,,1,99,,5033,11228,,,1,100,,5018,11228,,,1,100,,5038,11228,,,1,100,,5034,11228,,,1,100,,5015,11228,,,1,100,,5013,11228,,,1
1701,'F9',609,,5069,11228,,,1,100,,5059,11228,,,1,30,,5051,11228,,,1,70,,5044,11228,,,1,30,,5060,11228,,,1,70,,5054,11228,,,1,30,,5066,11228,,,1,70,,5067,11228,,,1,30,,5053,11228,,,1,70,,5055,11228,,,1,30,,5045,11228,,,1,70,,5070,11228,,,1,30,,5052,11228,,,1,70,,5056,11228,,,1,30,,5047,11228,,,1,70,,5071,11228,,,1,30,,5061,11228,,,1,70,,5068,11228,,,1,30,,5050,11228,,,1,70,,5057,11228,,,1,30,,5040,11228,,,1,69,,5048,11228,,,1,30,,5062,11228,,,1,71,,5043,11228,,,1,30,,5063,11228,,,1,71,,5058,11228,,,1,99,,5046,11228,,,1,100,,5065,11228,,,1,100,,5049,11228,,,1,100,,5041,11228,,,1,100,,5072,11228,,,1,100,,5042,11228,,,1
1701,'SA',609,,5102,11228,,,1,100,,5092,11228,,,1,30,,5084,11228,,,1,70,,5077,11228,,,1,30,,5093,11228,,,1,70,,5087,11228,,,1,30,,5099,11228,,,1,70,,5100,11228,,,1,30,,5086,11228,,,1,70,,5088,11228,,,1,30,,5078,11228,,,1,70,,5103,11228,,,1,30,,5085,11228,,,1,70,,5089,11228,,,1,30,,5080,11228,,,1,70,,5104,11228,,,1,30,,5094,11228,,,1,70,,5101,11228,,,1,30,,5083,11228,,,1,70,,5090,11228,,,1,30,,5073,11228,,,1,69,,5081,11228,,,1,30,,5095,11228,,,1,71,,5076,11228,,,1,30,,5096,11228,,,1,71,,5091,11228,,,1,99,,5079,11228,,,1,100,,5098,11228,,,1,100,,5082,11228,,,1,100,,5074,11228,,,1,100,,5105,11228,,,1,100,,5075,11228,,,1
2501,'DI',1616,,6767,16310,,,2
2501,'F1',1616,,6768,16310,,,2
2501,'F7',1616,,6769,16310,,,2
2501,'F8',528,,6777,14673,,,2,30,,6779,14673,,,2,63,,6781,14673,,,2,34,,6778,14673,,,2,76,,6797,16310,,,2,70,,6795,16310,,,2,26,,6773,14673,,,2,30,,6782,14673,,,2,67,,6780,14673,,,2,505,,6790,14673,,,2,71,,6772,14673,,,2,33,,6770,14673,,,2,71,,6800,16310,,,2,20,,6799,16310,,,2,12,,6796,16310,,,2,9,,6794,14673,,,2,59,,6786,14673,,,2,14,,6771,14673,,,2,14,,6774,14673,,,2,68,,6784,14673,,,2,27,,6792,14673,,,2,29,,6775,14673,,,2,99,,6783,14673,,,2,385,,6787,14673,,,2,86,,6801,16310,,,2,12,,6793,14673,,,2,75,,6788,14673,,,2
2501,'F9',1616,,6802,16310,,,2
2501,'SA',1616,,6803,16310,,,2
2501,'SE',528,,6811,14673,,,2,30,,6813,14673,,,2,63,,6815,14673,,,2,34,,6812,14673,,,2,76,,6831,16310,,,2,70,,6829,16310,,,2,26,,6807,14673,,,2,30,,6816,14673,,,2,67,,6814,14673,,,2,505,,6824,14673,,,2,71,,6806,14673,,,2,33,,6804,14673,,,2,71,,6834,16310,,,2,20,,6833,16310,,,2,12,,6830,16310,,,2,9,,6828,14673,,,2,59,,6820,14673,,,2,14,,6805,14673,,,2,14,,6808,14673,,,2,68,,6818,14673,,,2,27,,6826,14673,,,2,29,,6809,14673,,,2,99,,6817,14673,,,2,385,,6821,14673,,,2,86,,6835,16310,,,2,12,,6827,14673,,,2,75,,6822,14673,,,2
7601,'F8',521,,13446,8345,,,1,30,,13425,8345,,,1,70,,13441,8345,,,1,27,,13449,8345,,,1,61,,13450,8345,,,1,20,,13442,8345,,,1,22,,13447,8345,,,1,4,,13432,8345,,,1,45,,13427,8345,,,1,14,,13421,8345,,,1,21,,13416,8345,,,1,22,,13422,8345,,,1,66,,13410,8345,,,1,29,,13420,8345,,,1,70,,13411,8345,,,1,30,,13451,8345,,,1,70,,13407,8345,,,1,30,,13415,8345,,,1,70,,13452,8345,,,1,30,,13428,8345,,,1,70,,13448,8345,,,1,30,,13409,8345,,,1,70,,13413,8345,,,1,32,,13418,8345,,,1,76,,13414,8345,,,1,26,,13424,8345,,,1,72,,13440,8345,,,1,74,,13417,8345,,,1,24,,13433,8345,,,1,15,,13419,8345,,,1,59,,13408,8345,,,1,21,,13423,8345,,,1,17,,13429,8345,,,1,18,,13426,8345,,,1,66,,13443,8345,,,1,30,,13412,8345,,,1,70,,13438,8345,,,1,29,,13430,8345,,,1,70,,13434,8345,,,1,30,,13431,8345,,,1,70,,13435,8345,,,1,29,,13444,8345,,,1,70,,13436,8345,,,1,30,,13445,8345,,,1,70,,13437,8345,,,1,30,,13439,8345,,,1
7601,'SE',521,,13492,8345,,,1,30,,13471,8345,,,1,70,,13487,8345,,,1,27,,13495,8345,,,1,61,,13496,8345,,,1,20,,13488,8345,,,1,22,,13493,8345,,,1,4,,13478,8345,,,1,45,,13473,8345,,,1,14,,13467,8345,,,1,21,,13462,8345,,,1,22,,13468,8345,,,1,66,,13456,8345,,,1,29,,13466,8345,,,1,70,,13457,8345,,,1,30,,13497,8345,,,1,70,,13453,8345,,,1,30,,13461,8345,,,1,70,,13498,8345,,,1,30,,13474,8345,,,1,70,,13494,8345,,,1,30,,13455,8345,,,1,70,,13459,8345,,,1,32,,13464,8345,,,1,76,,13460,8345,,,1,26,,13470,8345,,,1,72,,13486,8345,,,1,74,,13463,8345,,,1,24,,13479,8345,,,1,15,,13465,8345,,,1,59,,13454,8345,,,1,21,,13469,8345,,,1,17,,13475,8345,,,1,18,,13472,8345,,,1,66,,13489,8345,,,1,30,,13458,8345,,,1,70,,13484,8345,,,1,29,,13476,8345,,,1,70,,13480,8345,,,1,30,,13477,8345,,,1,70,,13481,8345,,,1,29,,13490,8345,,,1,70,,13482,8345,,,1,30,,13491,8345,,,1,70,,13483,8345,,,1,30,,13485,8345,,,1
