900,'F7',1624,,23447,9689,0,28 30,2,34,,23446,9689,0,28 30,2,66,,23448,9689,0,28 30,2,29,,23444,9689,0,28 30,2,69,,23445,9689,0,28 30,2
900,'SE',1624,,23454,9689,0,28 30,2,34,,23453,9689,0,28 30,2,66,,23455,9689,0,28 30,2,29,,3071,9689,0,28 30,2,69,,23452,9689,0,28 30,2
8800,'DI',729,,36639,10358,,,1,30,,36644,10358,,,1,70,,36650,10358,,,1,30,,36659,10358,,,1,70,,36640,10358,,,1,30,,36645,10358,,,1,72,,36651,10358,,,1,70,,36660,10358,,,1,30,,36641,10358,,,1,70,,36646,10358,,,1,31,,36652,10358,,,1,70,,36661,10358,,,1,30,,36642,10358,,,1,70,,36647,10358,,,1,30,,36653,10358,,,1,70,,15002,10358,,,1,30,,36654,10358,,,1,70,,36648,10358,,,1,30,,36662,10358,,,1,70,,15003,10358,,,1,30,,36655,10358,,,1,68,,36649,10358,,,1,30,,36663,10358,,,1,100,,36656,10358,,,1,100,,36664,10358,,,1,100,,36657,10358,,,1,100,,36665,10358,,,1,97,,36658,10358,,,1,100,,36638,10358,,,1,100,,36643,10358,,,1
8800,'F1',729,,36672,10358,,,1,30,,15061,10358,,,1,70,,36685,10358,,,1,30,,36676,10358,,,1,71,,36673,10358,,,1,70,,15062,10358,,,1,32,,36686,10358,,,1,70,,36677,10358,,,1,30,,15046,10358,,,1,70,,36681,10358,,,1,30,,36687,10358,,,1,70,,36678,10358,,,1,30,,15047,10358,,,1,70,,36682,10358,,,1,30,,36688,10358,,,1,70,,36668,10358,,,1,30,,15048,10358,,,1,70,,36683,10358,,,1,30,,36689,10358,,,1,70,,36669,10358,,,1,31,,36690,10358,,,1,69,,36684,10358,,,1,31,,36679,10358,,,1,69,,36670,10358,,,1,30,,36674,10358,,,1,100,,36680,10358,,,1,99,,36675,10358,,,1,97,,36667,10358,,,1,100,,36666,10358,,,1,100,,36671,10358,,,1,100,,15032,10358,,,1
8800,'F2',729,,36694,10358,,,1,30,,36719,10358,,,1,70,,36715,10358,,,1,30,,36706,10358,,,1,71,,36699,10358,,,1,70,,36720,10358,,,1,32,,36716,10358,,,1,70,,36707,10358,,,1,30,,36700,10358,,,1,70,,36711,10358,,,1,30,,36696,10358,,,1,70,,36708,10358,,,1,30,,36701,10358,,,1,70,,36712,10358,,,1,30,,36697,10358,,,1,70,,36691,10358,,,1,30,,36702,10358,,,1,70,,36713,10358,,,1,30,,36698,10358,,,1,70,,36692,10358,,,1,31,,36721,10358,,,1,69,,36714,10358,,,1,31,,36709,10358,,,1,69,,36693,10358,,,1,30,,36703,10358,,,1,100,,36710,10358,,,1,99,,36704,10358,,,1,97,,36718,10358,,,1,100,,36705,10358,,,1,100,,36717,10358,,,1,100,,36695,10358,,,1
8800,'F7',733,,36732,10358,,,1,2,,36737,10358,,,1,19,,36767,10358,,,1,55,,36768,10358,,,1,14,,36734,10358,,,1,15,,36769,10358,,,1,15,,36735,10358,,,1,54,,36736,10358,,,1,29,,36757,10358,,,1,70,,36733,10358,,,1,30,,36731,10358,,,1,70,,36755,10358,,,1,32,,36758,10358,,,1,70,,36724,10358,,,1,30,,36722,10358,,,1,70,,36759,10358,,,1,30,,36725,10358,,,1,70,,36756,10358,,,1,33,,36771,10358,,,1,72,,36760,10358,,,1,17,,36762,10358,,,1,16,,36764,10358,,,1,55,,36726,10358,,,1,15,,36738,10358,,,1,15,,36770,10358,,,1,15,,36743,10358,,,1,13,,36747,10358,,,1,52,,36723,10358,,,1,12,,36750,10358,,,1,12,,36740,10358,,,1,11,,36745,10358,,,1,11,,36730,10358,,,1,51,,36765,10358,,,1,12,,36727,10358,,,1,12,,36739,10358,,,1,8,,36763,10358,,,1,19,,36744,10358,,,1,55,,36748,10358,,,1,22,,36741,10358,,,1,68,,36766,10358,,,1,30,,36761,10358,,,1,68,,36749,10358,,,1,30,,36742,10358,,,1,70,,36729,10358,,,1,30,,36753,10358,,,1,100,,36751,10358,,,1,99,,36754,10358,,,1,96,,36752,10358,,,1
8800,'F8',729,,36775,10358,,,1,30,,36800,10358,,,1,70,,36796,10358,,,1,30,,36787,10358,,,1,71,,36780,10358,,,1,70,,36801,10358,,,1,32,,36797,10358,,,1,70,,36788,10358,,,1,30,,36781,10358,,,1,70,,36792,10358,,,1,30,,36777,10358,,,1,70,,36789,10358,,,1,30,,36782,10358,,,1,70,,36793,10358,,,1,30,,36778,10358,,,1,70,,36772,10358,,,1,30,,36783,10358,,,1,70,,36794,10358,,,1,30,,36779,10358,,,1,70,,36773,10358,,,1,31,,36802,10358,,,1,69,,36795,10358,,,1,31,,36790,10358,,,1,69,,36774,10358,,,1,30,,36784,10358,,,1,100,,36791,10358,,,1,99,,36785,10358,,,1,97,,36799,10358,,,1,100,,36786,10358,,,1,100,,36798,10358,,,1,100,,36776,10358,,,1
8800,'F9',729,,36806,10358,,,1,30,,36811,10358,,,1,70,,36817,10358,,,1,30,,36826,10358,,,1,70,,36807,10358,,,1,30,,36812,10358,,,1,72,,36818,10358,,,1,70,,36827,10358,,,1,30,,36808,10358,,,1,70,,36813,10358,,,1,31,,36819,10358,,,1,70,,36828,10358,,,1,30,,36809,10358,,,1,70,,36814,10358,,,1,30,,36820,10358,,,1,70,,36803,10358,,,1,30,,36821,10358,,,1,70,,36815,10358,,,1,30,,36829,10358,,,1,70,,36804,10358,,,1,30,,36822,10358,,,1,68,,36816,10358,,,1,30,,36830,10358,,,1,100,,36823,10358,,,1,100,,36831,10358,,,1,100,,36824,10358,,,1,100,,36832,10358,,,1,97,,36825,10358,,,1,100,,36805,10358,,,1,100,,36810,10358,,,1
8800,'SA',729,,36836,10358,,,1,30,,36860,10358,,,1,70,,36857,10358,,,1,30,,36848,10358,,,1,71,,36841,10358,,,1,70,,36861,10358,,,1,32,,36858,10358,,,1,70,,36849,10358,,,1,30,,36842,10358,,,1,70,,36853,10358,,,1,30,,36838,10358,,,1,70,,36850,10358,,,1,30,,36843,10358,,,1,70,,36854,10358,,,1,30,,36839,10358,,,1,70,,36833,10358,,,1,30,,36844,10358,,,1,70,,36855,10358,,,1,30,,36840,10358,,,1,70,,36834,10358,,,1,31,,36862,10358,,,1,69,,36856,10358,,,1,31,,36851,10358,,,1,69,,36835,10358,,,1,30,,36845,10358,,,1,100,,36852,10358,,,1,99,,36846,10358,,,1,97,,15203,10358,,,1,100,,36847,10358,,,1,100,,36859,10358,,,1,100,,36837,10358,,,1
8800,'SE',733,,36873,10358,,,1,2,,36877,10358,,,1,19,,36905,10358,,,1,55,,36906,10358,,,1,14,,15219,10358,,,1,15,,36907,10358,,,1,15,,36875,10358,,,1,54,,36876,10358,,,1,29,,36895,10358,,,1,70,,36874,10358,,,1,30,,36872,10358,,,1,70,,36893,10358,,,1,32,,36896,10358,,,1,70,,36865,10358,,,1,30,,36863,10358,,,1,70,,36897,10358,,,1,30,,36866,10358,,,1,70,,36894,10358,,,1,33,,36909,10358,,,1,72,,36898,10358,,,1,17,,36900,10358,,,1,16,,36902,10358,,,1,55,,36867,10358,,,1,15,,36878,10358,,,1,15,,36908,10358,,,1,15,,36883,10358,,,1,13,,36887,10358,,,1,52,,36864,10358,,,1,12,,36888,10358,,,1,12,,36880,10358,,,1,11,,36885,10358,,,1,11,,36871,10358,,,1,51,,36903,10358,,,1,12,,36868,10358,,,1,12,,36879,10358,,,1,8,,36901,10358,,,1,19,,36884,10358,,,1,55,,15235,10358,,,1,22,,36881,10358,,,1,68,,36904,10358,,,1,30,,36899,10358,,,1,68,,15236,10358,,,1,30,,36882,10358,,,1,70,,36870,10358,,,1,30,,36891,10358,,,1,100,,36889,10358,,,1,99,,36892,10358,,,1,96,,36890,10358,,,1
53800,'F7',1635,,40678,5528,,,2
53800,'SE',1635,,40679,5528,,,2
