1400,'F7',635,,24269,12034,,,1,17,,24264,12034,,,1,65,,24265,12034,,,1,13,,24268,12034,,,1,17,,24271,12034,,,1,58,,24270,12034,,,1,30,,24266,12034,,,1,20,,24267,12034,,,1,92,,24279,9787,,,1,100,,24283,9787,,,1,100,,24284,9787,,,1,100,,24272,9787,,,1,100,,24275,9787,,,1,100,,24274,9787,,,1,110,,24278,9787,,,1,53,,24280,9787,,,1,18,,24286,9787,,,1,15,,24285,9787,,,1,61,,24281,9787,,,1,18,,24277,9787,,,1,21,,24273,9787,,,1,58,,24282,9787,,,1,29,,24276,9787,,,1
1400,'SE',635,,24292,12034,,,1,17,,24287,12034,,,1,65,,24288,12034,,,1,13,,24291,12034,,,1,17,,24294,12034,,,1,58,,24293,12034,,,1,30,,24289,12034,,,1,20,,24290,12034,,,1,92,,24302,9787,,,1,100,,24305,9787,,,1,100,,24306,9787,,,1,100,,24295,9787,,,1,100,,24298,9787,,,1,100,,24297,9787,,,1,110,,24301,9787,,,1,53,,3826,9787,,,1,18,,24308,9787,,,1,15,,24307,9787,,,1,61,,24303,9787,,,1,18,,24300,9787,,,1,21,,24296,9787,,,1,58,,24304,9787,,,1,29,,24299,9787,,,1
3101,'F7',536,,28389,650,,,1,70,,28376,650,,,1,30,,28403,650,,,1,70,,28386,650,,,1,30,,28385,650,,,1,71,,28394,650,,,1,29,,28396,650,,,1,69,,28390,650,,,1,30,,28395,650,,,1,70,,28391,650,,,1,30,,28402,650,,,1,70,,28393,650,,,1,31,,28377,650,,,1,70,,28387,650,,,1,30,,28400,650,,,1,70,,28379,650,,,1,30,,28369,650,,,1,70,,28383,650,,,1,31,,28392,650,,,1,70,,28380,650,,,1,30,,28397,650,,,1,70,,28372,650,,,1,30,,28388,650,,,1,70,,28370,650,,,1,30,,28373,650,,,1,70,,28401,650,,,1,30,,28371,650,,,1,71,,28374,650,,,1,30,,28381,650,,,1,70,,28398,650,,,1,29,,28384,650,,,1,70,,28378,650,,,1,29,,28399,650,,,1,100,,28382,650,,,1,99,,28375,650,,,1
3101,'SE',536,,28424,650,,,1,70,,28411,650,,,1,30,,28438,650,,,1,70,,28421,650,,,1,30,,28420,650,,,1,71,,28429,650,,,1,29,,28431,650,,,1,69,,28425,650,,,1,30,,28430,650,,,1,70,,28426,650,,,1,30,,28437,650,,,1,70,,28428,650,,,1,31,,28412,650,,,1,70,,28422,650,,,1,30,,28435,650,,,1,70,,28414,650,,,1,30,,28404,650,,,1,70,,28418,650,,,1,31,,28427,650,,,1,70,,28415,650,,,1,30,,28432,650,,,1,70,,28407,650,,,1,30,,28423,650,,,1,70,,28405,650,,,1,30,,28408,650,,,1,70,,28436,650,,,1,30,,28406,650,,,1,71,,28409,650,,,1,30,,28416,650,,,1,70,,28433,650,,,1,29,,28419,650,,,1,70,,28413,650,,,1,29,,28434,650,,,1,100,,28417,650,,,1,99,,28410,650,,,1
21401,'DI',826,,39064,650,,,1,100,,39065,650,,,1,100,,39066,650,,,1,100,,39067,650,,,1,100,,39068,650,,,1,100,,39069,650,,,1,100,,39070,650,,,1,100,,39071,650,,,1,100,,39072,650,,,1,100,,39073,650,,,1
21401,'F1',826,,39077,650,,,1,100,,39074,650,,,1,100,,39075,650,,,1,100,,17257,650,,,1,100,,17258,650,,,1,100,,17259,650,,,1,100,,39076,650,,,1,100,,17261,650,,,1,100,,17262,650,,,1,100,,17263,650,,,1
21401,'F2',826,,39078,650,,,1,100,,39079,650,,,1,100,,39080,650,,,1,100,,39081,650,,,1,100,,39082,650,,,1,100,,39083,650,,,1,100,,39084,650,,,1,100,,39085,650,,,1,100,,39086,650,,,1,100,,39087,650,,,1
21401,'F8',826,,39088,650,,,1,100,,39089,650,,,1,100,,39090,650,,,1,100,,39091,650,,,1,100,,39092,650,,,1,100,,39093,650,,,1,100,,39094,650,,,1,100,,39095,650,,,1,100,,39096,650,,,1,100,,39097,650,,,1
21401,'F9',826,,39098,650,,,1,100,,39099,650,,,1,100,,39100,650,,,1,100,,39101,650,,,1,100,,39102,650,,,1,100,,39103,650,,,1,100,,39104,650,,,1,100,,39105,650,,,1,100,,39106,650,,,1,100,,39107,650,,,1
21401,'SA',826,,39108,650,,,1,100,,39109,650,,,1,100,,39110,650,,,1,100,,39111,650,,,1,100,,39112,650,,,1,100,,39113,650,,,1,100,,39114,650,,,1,100,,39115,650,,,1,100,,39116,650,,,1,100,,39117,650,,,1
