3801,'DI',613,,29083,2282,,,1,100,,29090,2282,,,1,100,,29088,2282,,,1,100,,29084,2282,,,1,100,,29091,2282,,,1,100,,29079,2282,,,1,100,,29096,2282,,,1,100,,29082,2282,,,1,98,,29089,2282,,,1,99,,29092,2282,,,1,103,,29080,2282,,,1,101,,29085,2282,,,1,100,,29086,2282,,,1,99,,29081,2282,,,1,100,,29093,2282,,,1,100,,29087,2282,,,1,100,,29094,2282,,,1,100,,29097,2282,,,1,100,,29095,2282,,,1
3801,'F1',612,,29114,2282,,,1,100,,29098,2282,,,1,99,,29115,2282,,,1,101,,29100,2282,,,1,100,,29116,2282,,,1,100,,29101,2282,,,1,100,,29102,2282,,,1,100,,29106,2282,,,1,100,,29103,2282,,,1,100,,29107,2282,,,1,101,,29104,2282,,,1,100,,29108,2282,,,1,100,,29105,2282,,,1,99,,29099,2282,,,1,100,,29109,2282,,,1,100,,29112,2282,,,1,100,,29110,2282,,,1,100,,29113,2282,,,1,100,,29111,2282,,,1
3801,'F2',612,,29119,2282,,,1,100,,29128,2282,,,1,99,,29122,2282,,,1,101,,29129,2282,,,1,100,,29123,2282,,,1,100,,29130,2282,,,1,100,,29124,2282,,,1,100,,29131,2282,,,1,100,,29125,2282,,,1,100,,29120,2282,,,1,101,,29126,2282,,,1,100,,29121,2282,,,1,100,,29127,2282,,,1,99,,29117,2282,,,1,100,,29132,2282,,,1,100,,29118,2282,,,1,100,,29133,2282,,,1,100,,29135,2282,,,1,100,,29134,2282,,,1
3801,'F7',521,,29136,2282,,,1,30,,29148,2282,,,1,71,,29139,2282,,,1,34,,29149,2282,,,1,73,,29142,2282,,,1,24,,29141,2282,,,1,69,,29151,2282,,,1,35,,29150,2282,,,1,70,,29160,2282,,,1,75,,29164,2282,,,1,100,,29166,2282,,,1,100,,29153,2282,,,1,100,,29167,2282,,,1,98,,29154,2282,,,1,57,,29158,2282,,,1,55,,29161,2282,,,1,17,,29145,2282,,,1,21,,29155,2282,,,1,61,,29137,2282,,,1,20,,29140,2282,,,1,21,,29152,2282,,,1,60,,29165,2282,,,1,19,,29163,2282,,,1,22,,29144,2282,,,1,59,,29146,2282,,,1,20,,29159,2282,,,1,80,,29156,2282,,,1,95,,29162,2282,,,1,100,,29157,2282,,,1,99,,29143,2282,,,1,100,,29147,2282,,,1,100,,29138,2282,,,1
3801,'F8',612,,29170,2282,,,1,100,,29179,2282,,,1,99,,29173,2282,,,1,101,,29180,2282,,,1,100,,29174,2282,,,1,100,,29181,2282,,,1,100,,29175,2282,,,1,100,,29182,2282,,,1,100,,29176,2282,,,1,100,,29171,2282,,,1,101,,29177,2282,,,1,100,,29172,2282,,,1,100,,29178,2282,,,1,99,,29168,2282,,,1,100,,29183,2282,,,1,100,,29169,2282,,,1,100,,29184,2282,,,1,100,,29186,2282,,,1,100,,29185,2282,,,1
3801,'F9',613,,29191,2282,,,1,100,,29198,2282,,,1,100,,29196,2282,,,1,100,,29192,2282,,,1,100,,29199,2282,,,1,100,,29187,2282,,,1,100,,29204,2282,,,1,100,,29190,2282,,,1,98,,29197,2282,,,1,99,,29200,2282,,,1,103,,29188,2282,,,1,101,,29193,2282,,,1,100,,29194,2282,,,1,99,,29189,2282,,,1,100,,29201,2282,,,1,100,,29195,2282,,,1,100,,29202,2282,,,1,100,,29205,2282,,,1,100,,29203,2282,,,1
3801,'SA',612,,29208,2282,,,1,100,,29217,2282,,,1,99,,29211,2282,,,1,101,,29218,2282,,,1,100,,29212,2282,,,1,100,,29219,2282,,,1,100,,29213,2282,,,1,100,,29220,2282,,,1,100,,29214,2282,,,1,100,,29209,2282,,,1,101,,29215,2282,,,1,100,,29210,2282,,,1,100,,29216,2282,,,1,99,,29206,2282,,,1,100,,29221,2282,,,1,100,,29207,2282,,,1,100,,29222,2282,,,1,100,,29224,2282,,,1,100,,29223,2282,,,1
3801,'SE',521,,29225,2282,,,1,30,,29237,2282,,,1,71,,29228,2282,,,1,34,,29238,2282,,,1,73,,29231,2282,,,1,24,,29230,2282,,,1,69,,29240,2282,,,1,35,,29239,2282,,,1,70,,29249,2282,,,1,75,,29253,2282,,,1,100,,29255,2282,,,1,100,,29242,2282,,,1,100,,29256,2282,,,1,98,,29243,2282,,,1,57,,29247,2282,,,1,55,,29250,2282,,,1,17,,29234,2282,,,1,21,,29244,2282,,,1,61,,29226,2282,,,1,20,,29229,2282,,,1,21,,29241,2282,,,1,60,,29254,2282,,,1,19,,29252,2282,,,1,22,,29233,2282,,,1,59,,29235,2282,,,1,20,,29248,2282,,,1,80,,29245,2282,,,1,95,,29251,2282,,,1,100,,29246,2282,,,1,99,,29232,2282,,,1,100,,29236,2282,,,1,100,,29227,2282,,,1
53601,'F7',910,,40676,520,,,2
53601,'SE',910,,40677,520,,,2
