401,'DI',557,,21384,12523,,,1,70,,21391,12523,,,1,30,,21403,12523,,,1,69,,21399,12523,,,1,30,,21385,12523,,,1,70,,21392,12523,,,1,32,,21405,12523,,,1,70,,21407,12523,,,1,30,,21386,12523,,,1,70,,21393,12523,,,1,30,,21406,12523,,,1,70,,21408,12523,,,1,30,,21387,12523,,,1,70,,21413,12523,,,1,30,,21414,12523,,,1,70,,21409,12523,,,1,31,,21388,12523,,,1,69,,21394,12523,,,1,30,,21416,12523,,,1,70,,21397,12523,,,1,72,,21389,12523,,,1,29,,21395,12523,,,1,30,,21417,12523,,,1,74,,21398,12523,,,1,25,,21410,12523,,,1,70,,21415,12523,,,1,30,,21412,12523,,,1,70,,21390,12523,,,1,31,,21411,12523,,,1,69,,21400,12523,,,1,30,,21383,12523,,,1,70,,21396,12523,,,1,100,,21402,12523,,,1,100,,21404,12523,,,1,100,,21401,12523,,,1
401,'F1',557,,21418,12523,,,1,70,,21426,12523,,,1,30,,21429,12523,,,1,69,,21423,12523,,,1,30,,21419,12523,,,1,70,,21427,12523,,,1,32,,21448,12523,,,1,70,,21424,12523,,,1,30,,21420,12523,,,1,70,,21438,12523,,,1,30,,21449,12523,,,1,70,,1236,12523,,,1,30,,21446,12523,,,1,72,,21428,12523,,,1,70,,21450,12523,,,1,30,,21431,12523,,,1,70,,21439,12523,,,1,30,,21421,12523,,,1,70,,21430,12523,,,1,30,,21447,12523,,,1,70,,21440,12523,,,1,30,,21436,12523,,,1,70,,21441,12523,,,1,30,,21435,12523,,,1,70,,21444,12523,,,1,28,,21445,12523,,,1,30,,21422,12523,,,1,70,,21433,12523,,,1,30,,21443,12523,,,1,70,,21432,12523,,,1,30,,21437,12523,,,1,70,,21425,12523,,,1,100,,21442,12523,,,1,100,,1223,12523,,,1,100,,21434,12523,,,1
401,'F2',557,,21452,12523,,,1,70,,21459,12523,,,1,30,,21461,12523,,,1,69,,21456,12523,,,1,30,,21453,12523,,,1,70,,21460,12523,,,1,32,,21462,12523,,,1,70,,21457,12523,,,1,30,,21454,12523,,,1,70,,21480,12523,,,1,30,,21463,12523,,,1,70,,21474,12523,,,1,30,,21484,12523,,,1,72,,21472,12523,,,1,70,,21483,12523,,,1,30,,21467,12523,,,1,70,,21451,12523,,,1,30,,21464,12523,,,1,70,,21475,12523,,,1,30,,21485,12523,,,1,70,,21482,12523,,,1,30,,21471,12523,,,1,70,,21477,12523,,,1,30,,21470,12523,,,1,70,,21458,12523,,,1,28,,21476,12523,,,1,30,,21466,12523,,,1,70,,21455,12523,,,1,30,,21479,12523,,,1,70,,21465,12523,,,1,30,,21478,12523,,,1,70,,21481,12523,,,1,100,,21473,12523,,,1,100,,21469,12523,,,1,100,,21468,12523,,,1
401,'F7',602,,21501,12523,,,1,22,,21499,12523,,,1,17,,21512,12523,,,1,61,,21488,12523,,,1,32,,21486,12523,,,1,74,,21489,12523,,,1,33,,21521,12523,,,1,70,,21497,12523,,,1,32,,21504,12523,,,1,70,,21513,12523,,,1,30,,21523,12523,,,1,70,,21515,12523,,,1,30,,21490,12523,,,1,70,,21508,12523,,,1,32,,21511,12523,,,1,72,,21509,12523,,,1,30,,21498,12523,,,1,70,,21507,12523,,,1,26,,21487,12523,,,1,74,,21519,12523,,,1,15,,21516,12523,,,1,23,,21491,12523,,,1,62,,21510,12523,,,1,19,,21493,12523,,,1,20,,21494,12523,,,1,63,,21514,12523,,,1,16,,21522,12523,,,1,20,,21518,12523,,,1,64,,21503,12523,,,1,16,,21517,12523,,,1,67,,21492,12523,,,1,30,,21520,12523,,,1,27,,21500,12523,,,1,68,,21495,12523,,,1,30,,21506,12523,,,1,70,,21524,12523,,,1,30,,21525,12523,,,1,100,,21496,12523,,,1,97,,21502,12523,,,1,100,,21505,12523,,,1
401,'F8',557,,21527,12523,,,1,70,,21534,12523,,,1,30,,21536,12523,,,1,69,,21531,12523,,,1,30,,21528,12523,,,1,70,,21535,12523,,,1,32,,21537,12523,,,1,70,,21532,12523,,,1,30,,21529,12523,,,1,70,,21555,12523,,,1,30,,21538,12523,,,1,70,,21549,12523,,,1,30,,21559,12523,,,1,72,,21547,12523,,,1,70,,21558,12523,,,1,30,,21542,12523,,,1,70,,21526,12523,,,1,30,,21539,12523,,,1,70,,21550,12523,,,1,30,,21560,12523,,,1,70,,21557,12523,,,1,30,,21546,12523,,,1,70,,21552,12523,,,1,30,,21545,12523,,,1,70,,21533,12523,,,1,28,,21551,12523,,,1,30,,21541,12523,,,1,70,,21530,12523,,,1,30,,21554,12523,,,1,70,,21540,12523,,,1,30,,21553,12523,,,1,70,,21556,12523,,,1,100,,21548,12523,,,1,100,,21544,12523,,,1,100,,21543,12523,,,1
401,'F9',557,,21562,12523,,,1,70,,21569,12523,,,1,30,,21581,12523,,,1,69,,21577,12523,,,1,30,,21563,12523,,,1,70,,21570,12523,,,1,32,,21583,12523,,,1,70,,21585,12523,,,1,30,,21564,12523,,,1,70,,21571,12523,,,1,30,,21584,12523,,,1,70,,21586,12523,,,1,30,,21565,12523,,,1,70,,21591,12523,,,1,30,,21592,12523,,,1,70,,21587,12523,,,1,31,,21566,12523,,,1,69,,21572,12523,,,1,30,,21594,12523,,,1,70,,21575,12523,,,1,72,,21567,12523,,,1,29,,21573,12523,,,1,30,,21595,12523,,,1,74,,21576,12523,,,1,25,,21588,12523,,,1,70,,21593,12523,,,1,30,,21590,12523,,,1,70,,21568,12523,,,1,31,,21589,12523,,,1,69,,21578,12523,,,1,30,,21561,12523,,,1,70,,21574,12523,,,1,100,,21580,12523,,,1,100,,21582,12523,,,1,100,,21579,12523,,,1
401,'SA',557,,21596,12523,,,1,70,,1360,12523,,,1,30,,1362,12523,,,1,69,,1358,12523,,,1,30,,21597,12523,,,1,70,,1361,12523,,,1,32,,1363,12523,,,1,70,,1359,12523,,,1,30,,21598,12523,,,1,70,,21616,12523,,,1,30,,1364,12523,,,1,70,,21610,12523,,,1,30,,21620,12523,,,1,72,,21608,12523,,,1,70,,21619,12523,,,1,30,,21603,12523,,,1,70,,1356,12523,,,1,30,,1365,12523,,,1,70,,21611,12523,,,1,30,,21621,12523,,,1,70,,21618,12523,,,1,30,,21607,12523,,,1,70,,21613,12523,,,1,30,,21606,12523,,,1,70,,21600,12523,,,1,28,,21612,12523,,,1,30,,21602,12523,,,1,70,,21599,12523,,,1,30,,21615,12523,,,1,70,,21601,12523,,,1,30,,21614,12523,,,1,70,,21617,12523,,,1,100,,21609,12523,,,1,100,,21605,12523,,,1,100,,21604,12523,,,1
401,'SE',602,,21637,12523,,,1,22,,21635,12523,,,1,17,,21647,12523,,,1,61,,21624,12523,,,1,32,,21622,12523,,,1,74,,21625,12523,,,1,33,,21653,12523,,,1,70,,21633,12523,,,1,32,,21640,12523,,,1,70,,1417,12523,,,1,30,,21655,12523,,,1,70,,21649,12523,,,1,30,,21626,12523,,,1,70,,21644,12523,,,1,32,,1416,12523,,,1,72,,21645,12523,,,1,30,,21634,12523,,,1,70,,21643,12523,,,1,26,,21623,12523,,,1,74,,21651,12523,,,1,15,,1420,12523,,,1,23,,21627,12523,,,1,62,,21646,12523,,,1,19,,21629,12523,,,1,20,,21630,12523,,,1,63,,21648,12523,,,1,16,,21654,12523,,,1,20,,21650,12523,,,1,64,,21639,12523,,,1,16,,1421,12523,,,1,67,,21628,12523,,,1,30,,21652,12523,,,1,27,,21636,12523,,,1,68,,21631,12523,,,1,30,,21642,12523,,,1,70,,21656,12523,,,1,30,,21657,12523,,,1,100,,21632,12523,,,1,97,,21638,12523,,,1,100,,21641,12523,,,1
52600,'F7',1617,,40643,752,,,2,1,,40642,752,,,2
52600,'SE',1617,,40645,752,,,2,1,,40644,752,,,2
