4200,'DI',618,,29423,3206,,,1,100,,29424,3206,,,1,100,,29425,3206,,,1,100,,29426,3206,,,1,100,,29427,3206,,,1,100,,29428,3206,,,1,100,,29429,3206,,,1,100,,29430,3206,,,1,100,,29431,3206,,,1,100,,29432,3206,,,1,100,,29433,3206,,,1,100,,29434,3206,,,1,100,,29435,3206,,,1,100,,29436,3206,,,1,100,,29437,3206,,,1,100,,29438,3206,,,1,100,,29439,3206,,,1,100,,29440,3206,,,1,100,,29441,3206,,,1,100,,29442,3206,,,1
4200,'F1',618,,29443,3206,,,1,100,,29444,3206,,,1,100,,29445,3206,,,1,100,,29446,3206,,,1,100,,29447,3206,,,1,100,,29448,3206,,,1,100,,29449,3206,,,1,100,,29450,3206,,,1,100,,29451,3206,,,1,100,,29452,3206,,,1,100,,29453,3206,,,1,100,,29454,3206,,,1,100,,29455,3206,,,1,100,,29456,3206,,,1,100,,29457,3206,,,1,100,,29458,3206,,,1,100,,29459,3206,,,1,100,,29460,3206,,,1,100,,29461,3206,,,1,100,,29462,3206,,,1
4200,'F2',618,,29480,3206,,,1,100,,29481,3206,,,1,100,,29482,3206,,,1,100,,29463,3206,,,1,100,,29464,3206,,,1,100,,29465,3206,,,1,100,,29466,3206,,,1,100,,29467,3206,,,1,100,,29468,3206,,,1,100,,29469,3206,,,1,100,,29470,3206,,,1,100,,29471,3206,,,1,100,,29472,3206,,,1,100,,29473,3206,,,1,100,,29474,3206,,,1,100,,29475,3206,,,1,100,,29476,3206,,,1,100,,29477,3206,,,1,100,,29478,3206,,,1,100,,29479,3206,,,1
4200,'F7',600,,29511,3206,,,1,36,,29493,3206,,,1,69,,29496,3206,,,1,12,,29492,3206,,,1,6,,29494,3206,,,1,6,,29489,3206,,,1,6,,29490,3206,,,1,22,,29488,3206,,,1,61,,29497,3206,,,1,34,,29524,3206,,,1,70,,29525,3206,,,1,30,,29491,3206,,,1,70,,29515,3206,,,1,30,,29495,3206,,,1,70,,29520,3206,,,1,30,,29498,3206,,,1,70,,29521,3206,,,1,30,,29484,3206,,,1,70,,29501,3206,,,1,30,,29499,3206,,,1,70,,29513,3206,,,1,30,,29523,3206,,,1,72,,29502,3206,,,1,30,,29518,3206,,,1,67,,29516,3206,,,1,24,,29522,3206,,,1,55,,29519,3206,,,1,14,,29483,3206,,,1,14,,29517,3206,,,1,14,,29512,3206,,,1,15,,29514,3206,,,1,67,,29500,3206,,,1,30,,29503,3206,,,1,72,,29507,3206,,,1,74,,29504,3206,,,1,30,,29508,3206,,,1,29,,29505,3206,,,1,70,,29509,3206,,,1,30,,29506,3206,,,1,70,,29510,3206,,,1,91,,29485,3206,,,1,100,,29486,3206,,,1,100,,29487,3206,,,1
4200,'F8',618,,29543,3206,,,1,100,,29544,3206,,,1,100,,29545,3206,,,1,100,,29526,3206,,,1,100,,29527,3206,,,1,100,,29528,3206,,,1,100,,29529,3206,,,1,100,,29530,3206,,,1,100,,29531,3206,,,1,100,,29532,3206,,,1,100,,29533,3206,,,1,100,,29534,3206,,,1,100,,29535,3206,,,1,100,,29536,3206,,,1,100,,29537,3206,,,1,100,,29538,3206,,,1,100,,29539,3206,,,1,100,,29540,3206,,,1,100,,29541,3206,,,1,100,,29542,3206,,,1
4200,'F9',618,,29546,3206,,,1,100,,29547,3206,,,1,100,,29548,3206,,,1,100,,29549,3206,,,1,100,,29550,3206,,,1,100,,29551,3206,,,1,100,,29552,3206,,,1,100,,29553,3206,,,1,100,,29554,3206,,,1,100,,29555,3206,,,1,100,,29556,3206,,,1,100,,29557,3206,,,1,100,,29558,3206,,,1,100,,29559,3206,,,1,100,,29560,3206,,,1,100,,29561,3206,,,1,100,,29562,3206,,,1,100,,29563,3206,,,1,100,,29564,3206,,,1,100,,29565,3206,,,1
4200,'SA',618,,29583,3206,,,1,100,,29584,3206,,,1,100,,29585,3206,,,1,100,,29566,3206,,,1,100,,29567,3206,,,1,100,,29568,3206,,,1,100,,29569,3206,,,1,100,,29570,3206,,,1,100,,29571,3206,,,1,100,,29572,3206,,,1,100,,29573,3206,,,1,100,,29574,3206,,,1,100,,29575,3206,,,1,100,,29576,3206,,,1,100,,29577,3206,,,1,100,,29578,3206,,,1,100,,29579,3206,,,1,100,,29580,3206,,,1,100,,29581,3206,,,1,100,,29582,3206,,,1
4200,'SE',600,,29614,3206,,,1,36,,29596,3206,,,1,69,,29599,3206,,,1,12,,29595,3206,,,1,6,,29597,3206,,,1,6,,29592,3206,,,1,6,,29593,3206,,,1,22,,29591,3206,,,1,61,,29600,3206,,,1,34,,29627,3206,,,1,70,,29628,3206,,,1,30,,29594,3206,,,1,70,,29618,3206,,,1,30,,29598,3206,,,1,70,,29623,3206,,,1,30,,29601,3206,,,1,70,,29624,3206,,,1,30,,29587,3206,,,1,70,,29604,3206,,,1,30,,29602,3206,,,1,70,,29616,3206,,,1,30,,29626,3206,,,1,72,,29605,3206,,,1,30,,29621,3206,,,1,67,,29619,3206,,,1,24,,29625,3206,,,1,55,,29622,3206,,,1,14,,29586,3206,,,1,14,,29620,3206,,,1,14,,29615,3206,,,1,15,,29617,3206,,,1,67,,29603,3206,,,1,30,,29606,3206,,,1,72,,29610,3206,,,1,74,,29607,3206,,,1,30,,29611,3206,,,1,29,,29608,3206,,,1,70,,29612,3206,,,1,30,,29609,3206,,,1,70,,29613,3206,,,1,91,,29588,3206,,,1,100,,29589,3206,,,1,100,,29590,3206,,,1
6000,'F7',629,,32199,3206,,,1,84,,32200,3206,,,1,37,,32208,3206,,,1,86,,32201,3206,,,1,101,,32207,3206,,,1,100,,32197,3206,,,1,100,,32202,3206,,,1,100,,32198,3206,,,1,100,,32215,3206,,,1,100,,32210,3206,,,1,97,,32211,3206,,,1,70,,32206,3206,,,1,25,,32203,3206,,,1,24,,32204,3206,,,1,68,,32195,3206,,,1,28,,32212,3206,,,1,65,,32205,3206,,,1,30,,32209,3206,,,1,68,,32213,3206,,,1,99,,32194,3206,,,1,99,,32214,3206,,,1,100,,32192,3206,,,1,90,,32196,3206,,,1,100,,32193,3206,,,1
6000,'SE',629,,32223,3206,,,1,84,,32224,3206,,,1,37,,32232,3206,,,1,86,,32225,3206,,,1,101,,32231,3206,,,1,100,,32221,3206,,,1,100,,32226,3206,,,1,100,,32222,3206,,,1,100,,32239,3206,,,1,100,,32234,3206,,,1,97,,32235,3206,,,1,70,,32230,3206,,,1,25,,32227,3206,,,1,24,,32228,3206,,,1,68,,32219,3206,,,1,28,,32236,3206,,,1,65,,32229,3206,,,1,30,,32233,3206,,,1,68,,32237,3206,,,1,99,,32218,3206,,,1,99,,32238,3206,,,1,100,,32216,3206,,,1,90,,32220,3206,,,1,100,,32217,3206,,,1
16000,'DI',659,,38365,3206,0,19 20,1,100,,38368,3206,0,19 20,1,100,,38371,3206,0,19 20,1,100,,38366,3206,0,19 20,1,100,,38372,3206,0,19 20,1,100,,38364,3206,0,19 20,1,100,,38373,3206,0,19 20,1,100,,38362,3206,0,19 20,1,100,,38360,3206,0,19 20,1,100,,38369,3206,0,19 20,1,100,,38367,3206,0,19 20,1,100,,38374,3206,0,19 20,1,100,,38370,3206,0,19 20,1,142,,38363,3206,0,19 20,1,58,,38361,3206,0,19 20,1
16000,'F1',659,,38382,3206,0,19 20,1,99,,38377,3206,0,19 20,1,101,,38376,3206,0,19 20,1,100,,38379,3206,0,19 20,1,100,,38383,3206,0,19 20,1,99,,16591,3206,0,19 20,1,101,,38380,3206,0,19 20,1,100,,38375,3206,0,19 20,1,100,,16592,3206,0,19 20,1,100,,38378,3206,0,19 20,1,100,,38381,3206,0,19 20,1,100,,16593,3206,0,19 20,1,100,,38384,3206,0,19 20,1,141,,16594,3206,0,19 20,1,59,,38385,3206,0,19 20,1
16000,'F2',659,,38390,3206,0,19 20,1,99,,38393,3206,0,19 20,1,101,,38389,3206,0,19 20,1,100,,38386,3206,0,19 20,1,100,,38392,3206,0,19 20,1,99,,38397,3206,0,19 20,1,101,,38387,3206,0,19 20,1,100,,38391,3206,0,19 20,1,100,,38398,3206,0,19 20,1,100,,38394,3206,0,19 20,1,100,,38388,3206,0,19 20,1,100,,38399,3206,0,19 20,1,100,,38395,3206,0,19 20,1,141,,38400,3206,0,19 20,1,59,,38396,3206,0,19 20,1
16000,'F7',613,,38407,3206,0,19 20,1,95,,38421,3206,0,19 20,1,38,,38406,3206,0,19 20,1,95,,38422,3206,0,19 20,1,89,,38418,3206,0,19 20,1,86,,38405,3206,0,19 20,1,100,,38408,3206,0,19 20,1,100,,38409,3206,0,19 20,1,100,,38404,3206,0,19 20,1,100,,38423,3206,0,19 20,1,98,,38402,3206,0,19 20,1,30,,38417,3206,0,19 20,1,68,,38410,3206,0,19 20,1,24,,38401,3206,0,19 20,1,70,,38411,3206,0,19 20,1,28,,38424,3206,0,19 20,1,70,,38403,3206,0,19 20,1,30,,38416,3206,0,19 20,1,70,,38412,3206,0,19 20,1,47,,38415,3206,0,19 20,1,100,,38413,3206,0,19 20,1,100,,38419,3206,0,19 20,1,92,,38414,3206,0,19 20,1,100,,38420,3206,0,19 20,1
16000,'F8',659,,38429,3206,0,19 20,1,99,,38432,3206,0,19 20,1,101,,38428,3206,0,19 20,1,100,,38425,3206,0,19 20,1,100,,38431,3206,0,19 20,1,99,,38436,3206,0,19 20,1,101,,38426,3206,0,19 20,1,100,,38430,3206,0,19 20,1,100,,38437,3206,0,19 20,1,100,,38433,3206,0,19 20,1,100,,38427,3206,0,19 20,1,100,,38438,3206,0,19 20,1,100,,38434,3206,0,19 20,1,141,,38439,3206,0,19 20,1,59,,38435,3206,0,19 20,1
16000,'F9',659,,38445,3206,0,19 20,1,100,,38448,3206,0,19 20,1,100,,38451,3206,0,19 20,1,100,,38446,3206,0,19 20,1,100,,38452,3206,0,19 20,1,100,,38444,3206,0,19 20,1,100,,38453,3206,0,19 20,1,100,,38442,3206,0,19 20,1,100,,38440,3206,0,19 20,1,100,,38449,3206,0,19 20,1,100,,38447,3206,0,19 20,1,100,,38454,3206,0,19 20,1,100,,38450,3206,0,19 20,1,142,,38443,3206,0,19 20,1,58,,38441,3206,0,19 20,1
16000,'SA',659,,38459,3206,0,19 20,1,99,,16667,3206,0,19 20,1,101,,38458,3206,0,19 20,1,100,,38455,3206,0,19 20,1,100,,38461,3206,0,19 20,1,99,,38464,3206,0,19 20,1,101,,38456,3206,0,19 20,1,100,,38460,3206,0,19 20,1,100,,38465,3206,0,19 20,1,100,,16668,3206,0,19 20,1,100,,38457,3206,0,19 20,1,100,,38466,3206,0,19 20,1,100,,38462,3206,0,19 20,1,141,,38467,3206,0,19 20,1,59,,38463,3206,0,19 20,1
16000,'SE',613,,38474,3206,0,19 20,1,95,,38488,3206,0,19 20,1,38,,38473,3206,0,19 20,1,95,,38489,3206,0,19 20,1,89,,38485,3206,0,19 20,1,86,,38472,3206,0,19 20,1,100,,38475,3206,0,19 20,1,100,,38476,3206,0,19 20,1,100,,38471,3206,0,19 20,1,100,,38490,3206,0,19 20,1,98,,38469,3206,0,19 20,1,30,,38484,3206,0,19 20,1,68,,38477,3206,0,19 20,1,24,,38468,3206,0,19 20,1,70,,38478,3206,0,19 20,1,28,,38491,3206,0,19 20,1,70,,38470,3206,0,19 20,1,30,,38483,3206,0,19 20,1,70,,38479,3206,0,19 20,1,47,,38482,3206,0,19 20,1,100,,38480,3206,0,19 20,1,100,,38486,3206,0,19 20,1,92,,38481,3206,0,19 20,1,100,,38487,3206,0,19 20,1
53200,'F7',1629,,40654,5366,,,2,1,,40655,5366,,,2
53200,'SE',1629,,40656,5366,,,2,1,,40657,5366,,,2
54201,'F7',904,,40692,3292,,,2
54201,'SE',904,,40693,3292,,,2
67000,'F7',1612,,40854,2749,,,2,1,,40855,2749,,,2,1,,40856,2749,,,2
67000,'SE',1612,,40857,2749,,,2,1,,40858,2749,,,2,1,,40859,2749,,,2
69601,'F7',832,,40962,759,,,2,1,,40963,759,,,2
69601,'SE',832,,40964,759,,,2,1,,40965,759,,,2
