3001,'F7',600,,28281,3093,,,2,30,,28282,3093,,,2,70,,28283,3093,,,2,30,,28285,3093,,,2,72,,28284,3093,,,2,32,,28286,3093,,,2,721,,28289,3093,,,2,71,,28290,3093,,,2,28,,28287,3093,,,2,72,,28288,3093,,,2,31,,28291,3093,,,2
3001,'SE',600,,28292,3093,,,2,30,,28293,3093,,,2,70,,28294,3093,,,2,30,,28296,3093,,,2,72,,28295,3093,,,2,32,,28297,3093,,,2,721,,28300,3093,,,2,71,,28301,3093,,,2,28,,28298,3093,,,2,72,,28299,3093,,,2,31,,28302,3093,,,2
52600,'F7',1635,,40643,6154,,,2,1,,40642,6154,,,2
52600,'SE',1635,,40645,6154,,,2,1,,40644,6154,,,2
66000,'F7',1618,,40826,4786,,,2,1,,40827,4786,,,2,1,,40828,4786,,,2
66000,'SE',1618,,40829,4786,,,2,1,,40830,4786,,,2,1,,40831,4786,,,2
66001,'F7',838,,40833,205,,,2,1,,40832,205,,,2,1,,40834,205,,,2
66001,'SE',838,,40836,205,,,2,1,,40835,205,,,2,1,,40837,205,,,2
69201,'F7',835,,40932,1078,,,2
69201,'SE',835,,40933,1078,,,2
