1501,'DI',653,,24559,3731,,,1,100,,24556,3731,,,1,100,,24553,3731,,,1,100,,24566,3731,,,1,101,,24571,3731,,,1,100,,24564,3731,,,1,100,,24560,3731,,,1,100,,24554,3731,,,1,100,,24568,3731,,,1,100,,24555,3731,,,1,100,,24563,3731,,,1,100,,24561,3731,,,1,100,,24565,3731,,,1,98,,24569,3731,,,1,100,,24567,3731,,,1,100,,24562,3731,,,1,100,,24557,3731,,,1,100,,24570,3731,,,1,100,,24558,3731,,,1
1501,'F1',653,,24573,3731,,,1,100,,24579,3731,,,1,100,,24588,3731,,,1,100,,24580,3731,,,1,100,,24582,3731,,,1,100,,24581,3731,,,1,100,,24589,3731,,,1,101,,24574,3731,,,1,100,,24583,3731,,,1,102,,24575,3731,,,1,98,,24572,3731,,,1,100,,24585,3731,,,1,100,,24590,3731,,,1,99,,24576,3731,,,1,100,,24577,3731,,,1,100,,24586,3731,,,1,100,,24578,3731,,,1,100,,24587,3731,,,1,100,,24584,3731,,,1
1501,'F2',653,,24606,3731,,,1,100,,24600,3731,,,1,100,,24594,3731,,,1,100,,24607,3731,,,1,100,,24592,3731,,,1,100,,24591,3731,,,1,100,,24603,3731,,,1,101,,24598,3731,,,1,100,,24602,3731,,,1,102,,24599,3731,,,1,98,,24595,3731,,,1,100,,24601,3731,,,1,100,,24604,3731,,,1,99,,24605,3731,,,1,100,,24593,3731,,,1,100,,24608,3731,,,1,100,,24596,3731,,,1,100,,24609,3731,,,1,100,,24597,3731,,,1
1501,'F7',517,,24622,3731,,,1,86,,24614,3731,,,1,30,,24620,3731,,,1,72,,24642,3731,,,1,20,,24630,3731,,,1,20,,24624,3731,,,1,60,,24615,3731,,,1,30,,24611,3731,,,1,70,,24648,3731,,,1,31,,24632,3731,,,1,69,,24621,3731,,,1,30,,24640,3731,,,1,70,,24634,3731,,,1,30,,24616,3731,,,1,70,,24618,3731,,,1,30,,24635,3731,,,1,70,,24637,3731,,,1,30,,24619,3731,,,1,70,,24617,3731,,,1,30,,24643,3731,,,1,71,,24625,3731,,,1,31,,24646,3731,,,1,63,,24641,3731,,,1,39,,24638,3731,,,1,67,,24627,3731,,,1,30,,24613,3731,,,1,71,,24647,3731,,,1,27,,24636,3731,,,1,70,,24626,3731,,,1,30,,24644,3731,,,1,69,,24639,3731,,,1,30,,24612,3731,,,1,70,,24633,3731,,,1,30,,24645,3731,,,1,70,,24629,3731,,,1,30,,24610,3731,,,1,100,,24623,3731,,,1,100,,24628,3731,,,1,99,,24631,3731,,,1
1501,'F8',653,,24664,3731,,,1,100,,24658,3731,,,1,100,,24652,3731,,,1,100,,24665,3731,,,1,100,,24650,3731,,,1,100,,24649,3731,,,1,100,,24661,3731,,,1,101,,24656,3731,,,1,100,,24660,3731,,,1,102,,24657,3731,,,1,98,,24653,3731,,,1,100,,24659,3731,,,1,100,,24662,3731,,,1,99,,24663,3731,,,1,100,,24651,3731,,,1,100,,24666,3731,,,1,100,,24654,3731,,,1,100,,24667,3731,,,1,100,,24655,3731,,,1
1501,'F9',653,,24674,3731,,,1,100,,24671,3731,,,1,100,,24668,3731,,,1,100,,24681,3731,,,1,101,,24686,3731,,,1,100,,24679,3731,,,1,100,,24675,3731,,,1,100,,24669,3731,,,1,100,,24683,3731,,,1,100,,24670,3731,,,1,100,,24678,3731,,,1,100,,24676,3731,,,1,100,,24680,3731,,,1,98,,24684,3731,,,1,100,,24682,3731,,,1,100,,24677,3731,,,1,100,,24672,3731,,,1,100,,24685,3731,,,1,100,,24673,3731,,,1
1501,'SA',653,,24702,3731,,,1,100,,24696,3731,,,1,100,,24690,3731,,,1,100,,24703,3731,,,1,100,,24688,3731,,,1,100,,24687,3731,,,1,100,,24699,3731,,,1,101,,24694,3731,,,1,100,,24698,3731,,,1,102,,24695,3731,,,1,98,,24691,3731,,,1,100,,24697,3731,,,1,100,,24700,3731,,,1,99,,24701,3731,,,1,100,,24689,3731,,,1,100,,24704,3731,,,1,100,,24692,3731,,,1,100,,24705,3731,,,1,100,,24693,3731,,,1
1501,'SE',517,,24718,3731,,,1,86,,24710,3731,,,1,30,,24716,3731,,,1,72,,24738,3731,,,1,20,,24726,3731,,,1,20,,24720,3731,,,1,60,,24711,3731,,,1,30,,24707,3731,,,1,70,,24744,3731,,,1,31,,24728,3731,,,1,69,,24717,3731,,,1,30,,24736,3731,,,1,70,,24730,3731,,,1,30,,24712,3731,,,1,70,,24714,3731,,,1,30,,24731,3731,,,1,70,,24733,3731,,,1,30,,24715,3731,,,1,70,,24713,3731,,,1,30,,24739,3731,,,1,71,,24721,3731,,,1,31,,24742,3731,,,1,63,,24737,3731,,,1,39,,24734,3731,,,1,67,,24723,3731,,,1,30,,24709,3731,,,1,71,,24743,3731,,,1,27,,24732,3731,,,1,70,,24722,3731,,,1,30,,24740,3731,,,1,69,,24735,3731,,,1,30,,24708,3731,,,1,70,,24729,3731,,,1,30,,24741,3731,,,1,70,,24725,3731,,,1,30,,24706,3731,,,1,100,,24719,3731,,,1,100,,24724,3731,,,1,99,,24727,3731,,,1
53500,'F7',1626,,40670,3551,,,2
53500,'SE',1626,,40671,3551,,,2
