101,'DI',628,,260,4370,,,1,100,,261,4370,,,1,100,,262,4370,,,1,100,,263,4370,,,1,100,,264,4370,,,1,100,,265,4370,,,1,100,,266,4370,,,1,100,,267,4370,,,1,101,,268,4370,,,1,100,,269,4370,,,1,98,,250,4370,,,1,100,,251,4370,,,1,100,,252,4370,,,1,100,,253,4370,,,1,100,,254,4370,,,1,100,,255,4370,,,1,100,,256,4370,,,1,100,,257,4370,,,1,100,,258,4370,,,1,100,,259,4370,,,1
101,'F1',558,,293,4370,,,1,70,,283,4370,,,1,30,,294,4370,,,1,70,,284,4370,,,1,30,,295,4370,,,1,70,,285,4370,,,1,30,,296,4370,,,1,70,,286,4370,,,1,30,,297,4370,,,1,70,,287,4370,,,1,30,,298,4370,,,1,70,,288,4370,,,1,30,,299,4370,,,1,70,,289,4370,,,1,30,,300,4370,,,1,70,,290,4370,,,1,31,,301,4370,,,1,70,,291,4370,,,1,30,,302,4370,,,1,70,,292,4370,,,1,28,,280,4370,,,1,70,,270,4370,,,1,30,,281,4370,,,1,70,,271,4370,,,1,30,,282,4370,,,1,70,,272,4370,,,1,100,,273,4370,,,1,100,,274,4370,,,1,100,,275,4370,,,1,100,,276,4370,,,1,100,,277,4370,,,1,100,,278,4370,,,1,100,,279,4370,,,1
101,'F7',628,,313,4370,,,1,100,,314,4370,,,1,100,,315,4370,,,1,100,,316,4370,,,1,100,,317,4370,,,1,100,,318,4370,,,1,100,,319,4370,,,1,100,,320,4370,,,1,101,,321,4370,,,1,100,,322,4370,,,1,98,,303,4370,,,1,100,,304,4370,,,1,100,,305,4370,,,1,100,,306,4370,,,1,100,,307,4370,,,1,100,,308,4370,,,1,100,,309,4370,,,1,100,,310,4370,,,1,100,,311,4370,,,1,100,,312,4370,,,1
101,'F8',510,,342,4370,,,1,30,,343,4370,,,1,60,,345,4370,,,1,20,,334,4370,,,1,20,,346,4370,,,1,16,,323,4370,,,1,62,,336,4370,,,1,10,,335,4370,,,1,20,,326,4370,,,1,55,,347,4370,,,1,15,,351,4370,,,1,15,,350,4370,,,1,14,,365,4370,,,1,60,,348,4370,,,1,20,,340,4370,,,1,20,,324,4370,,,1,70,,327,4370,,,1,30,,349,4370,,,1,70,,360,4370,,,1,30,,362,4370,,,1,70,,325,4370,,,1,31,,328,4370,,,1,70,,363,4370,,,1,30,,338,4370,,,1,70,,359,4370,,,1,30,,330,4370,,,1,71,,353,4370,,,1,33,,344,4370,,,1,57,,352,4370,,,1,35,,329,4370,,,1,71,,331,4370,,,1,34,,341,4370,,,1,65,,366,4370,,,1,27,,364,4370,,,1,75,,357,4370,,,1,28,,361,4370,,,1,70,,339,4370,,,1,30,,356,4370,,,1,68,,354,4370,,,1,30,,358,4370,,,1,70,,355,4370,,,1,100,,337,4370,,,1,99,,332,4370,,,1,100,,333,4370,,,1
101,'F9',558,,390,4370,,,1,70,,380,4370,,,1,30,,391,4370,,,1,70,,381,4370,,,1,30,,392,4370,,,1,70,,382,4370,,,1,30,,393,4370,,,1,70,,383,4370,,,1,30,,394,4370,,,1,70,,384,4370,,,1,30,,395,4370,,,1,70,,385,4370,,,1,30,,396,4370,,,1,70,,386,4370,,,1,30,,397,4370,,,1,70,,387,4370,,,1,31,,398,4370,,,1,70,,388,4370,,,1,30,,399,4370,,,1,70,,389,4370,,,1,28,,377,4370,,,1,70,,367,4370,,,1,30,,378,4370,,,1,70,,368,4370,,,1,30,,379,4370,,,1,70,,369,4370,,,1,100,,370,4370,,,1,100,,371,4370,,,1,100,,372,4370,,,1,100,,373,4370,,,1,100,,374,4370,,,1,100,,375,4370,,,1,100,,376,4370,,,1
101,'SA',558,,423,4370,,,1,70,,413,4370,,,1,30,,424,4370,,,1,70,,414,4370,,,1,30,,425,4370,,,1,70,,415,4370,,,1,30,,426,4370,,,1,70,,416,4370,,,1,30,,427,4370,,,1,70,,417,4370,,,1,30,,428,4370,,,1,70,,418,4370,,,1,30,,429,4370,,,1,70,,419,4370,,,1,30,,430,4370,,,1,70,,420,4370,,,1,31,,431,4370,,,1,70,,421,4370,,,1,30,,432,4370,,,1,70,,422,4370,,,1,28,,410,4370,,,1,70,,400,4370,,,1,30,,411,4370,,,1,70,,401,4370,,,1,30,,412,4370,,,1,70,,402,4370,,,1,100,,403,4370,,,1,100,,404,4370,,,1,100,,405,4370,,,1,100,,406,4370,,,1,100,,407,4370,,,1,100,,408,4370,,,1,100,,409,4370,,,1
101,'SE',510,,452,4370,,,1,30,,453,4370,,,1,60,,455,4370,,,1,20,,444,4370,,,1,20,,456,4370,,,1,16,,433,4370,,,1,62,,446,4370,,,1,10,,445,4370,,,1,20,,436,4370,,,1,55,,457,4370,,,1,15,,461,4370,,,1,15,,460,4370,,,1,14,,475,4370,,,1,60,,458,4370,,,1,20,,450,4370,,,1,20,,434,4370,,,1,70,,437,4370,,,1,30,,459,4370,,,1,70,,470,4370,,,1,30,,472,4370,,,1,70,,435,4370,,,1,31,,438,4370,,,1,70,,473,4370,,,1,30,,448,4370,,,1,70,,469,4370,,,1,30,,440,4370,,,1,71,,463,4370,,,1,33,,454,4370,,,1,57,,462,4370,,,1,35,,439,4370,,,1,71,,441,4370,,,1,34,,451,4370,,,1,65,,476,4370,,,1,27,,474,4370,,,1,75,,467,4370,,,1,28,,471,4370,,,1,70,,449,4370,,,1,30,,466,4370,,,1,68,,464,4370,,,1,30,,468,4370,,,1,70,,465,4370,,,1,100,,447,4370,,,1,99,,442,4370,,,1,100,,443,4370,,,1
601,'DI',614,,2204,5242,,,1,30,,2217,5242,,,1,70,,2222,5242,,,1,30,,2221,5242,,,1,70,,2205,5242,,,1,30,,2230,5242,,,1,70,,2201,5242,,,1,30,,2199,5242,,,1,73,,2226,5242,,,1,30,,2208,5242,,,1,70,,2229,5242,,,1,30,,2206,5242,,,1,70,,2212,5242,,,1,33,,2223,5242,,,1,70,,2202,5242,,,1,30,,2209,5242,,,1,70,,2224,5242,,,1,30,,2203,5242,,,1,70,,2207,5242,,,1,30,,2225,5242,,,1,70,,2214,5242,,,1,30,,2218,5242,,,1,70,,2210,5242,,,1,29,,2215,5242,,,1,70,,2219,5242,,,1,30,,2216,5242,,,1,100,,2228,5242,,,1,100,,2213,5242,,,1,100,,2220,5242,,,1,100,,2211,5242,,,1,100,,2200,5242,,,1,100,,2227,5242,,,1
601,'F1',614,,2233,5242,,,1,30,,2236,5242,,,1,70,,2252,5242,,,1,30,,2262,5242,,,1,70,,2241,5242,,,1,30,,2237,5242,,,1,74,,2242,5242,,,1,26,,2259,5242,,,1,75,,2246,5242,,,1,23,,2243,5242,,,1,75,,2257,5242,,,1,26,,2231,5242,,,1,70,,2255,5242,,,1,38,,2232,5242,,,1,70,,2256,5242,,,1,29,,2247,5242,,,1,70,,2234,5242,,,1,30,,2238,5242,,,1,70,,2248,5242,,,1,30,,2260,5242,,,1,70,,2253,5242,,,1,30,,2249,5242,,,1,70,,2261,5242,,,1,29,,2254,5242,,,1,70,,2250,5242,,,1,30,,2244,5242,,,1,100,,2239,5242,,,1,100,,2258,5242,,,1,100,,2245,5242,,,1,100,,2235,5242,,,1,100,,2240,5242,,,1,100,,2251,5242,,,1
601,'F7',614,,2268,5242,,,1,30,,2281,5242,,,1,70,,2286,5242,,,1,30,,2285,5242,,,1,70,,2269,5242,,,1,30,,2294,5242,,,1,70,,2265,5242,,,1,30,,2263,5242,,,1,73,,2290,5242,,,1,30,,2272,5242,,,1,70,,2293,5242,,,1,30,,2270,5242,,,1,70,,2276,5242,,,1,33,,2287,5242,,,1,70,,2266,5242,,,1,30,,2273,5242,,,1,70,,2288,5242,,,1,30,,2267,5242,,,1,70,,2271,5242,,,1,30,,2289,5242,,,1,70,,2278,5242,,,1,30,,2282,5242,,,1,70,,2274,5242,,,1,29,,2279,5242,,,1,70,,2283,5242,,,1,30,,2280,5242,,,1,100,,2292,5242,,,1,100,,2277,5242,,,1,100,,2284,5242,,,1,100,,2275,5242,,,1,100,,2264,5242,,,1,100,,2291,5242,,,1
601,'F8',528,,2308,5242,,,1,30,,2310,5242,,,1,71,,2311,5242,,,1,71,,2316,5242,,,1,25,,2301,5242,,,1,77,,2322,5242,,,1,29,,2295,5242,,,1,72,,2302,5242,,,1,28,,2309,5242,,,1,70,,2318,5242,,,1,30,,2300,5242,,,1,70,,2312,5242,,,1,30,,2305,5242,,,1,70,,2313,5242,,,1,30,,2319,5242,,,1,70,,2317,5242,,,1,30,,2314,5242,,,1,70,,2328,5242,,,1,30,,2303,5242,,,1,71,,2320,5242,,,1,30,,2296,5242,,,1,26,,2306,5242,,,1,78,,2323,5242,,,1,66,,2329,5242,,,1,32,,2325,5242,,,1,25,,2324,5242,,,1,71,,2331,5242,,,1,70,,2315,5242,,,1,29,,2297,5242,,,1,30,,2326,5242,,,1,70,,2330,5242,,,1,30,,2327,5242,,,1,70,,2321,5242,,,1,30,,2307,5242,,,1,98,,2298,5242,,,1,100,,2299,5242,,,1,100,,2304,5242,,,1
601,'F9',614,,2334,5242,,,1,30,,2337,5242,,,1,70,,2353,5242,,,1,30,,2363,5242,,,1,70,,2342,5242,,,1,30,,2338,5242,,,1,74,,2343,5242,,,1,26,,2360,5242,,,1,75,,2347,5242,,,1,23,,2344,5242,,,1,75,,2358,5242,,,1,26,,2332,5242,,,1,70,,2356,5242,,,1,38,,2333,5242,,,1,70,,2357,5242,,,1,29,,2348,5242,,,1,70,,2335,5242,,,1,30,,2339,5242,,,1,70,,2349,5242,,,1,30,,2361,5242,,,1,70,,2354,5242,,,1,30,,2350,5242,,,1,70,,2362,5242,,,1,29,,2355,5242,,,1,70,,2351,5242,,,1,30,,2345,5242,,,1,100,,2340,5242,,,1,100,,2359,5242,,,1,100,,2346,5242,,,1,100,,2336,5242,,,1,100,,2341,5242,,,1,100,,2352,5242,,,1
601,'SA',614,,2366,5242,,,1,30,,2369,5242,,,1,70,,2385,5242,,,1,30,,2395,5242,,,1,70,,2374,5242,,,1,30,,2370,5242,,,1,74,,2375,5242,,,1,26,,2392,5242,,,1,75,,2379,5242,,,1,23,,2376,5242,,,1,75,,2390,5242,,,1,26,,2364,5242,,,1,70,,2388,5242,,,1,38,,2365,5242,,,1,70,,2389,5242,,,1,29,,2380,5242,,,1,70,,2367,5242,,,1,30,,2371,5242,,,1,70,,2381,5242,,,1,30,,2393,5242,,,1,70,,2386,5242,,,1,30,,2382,5242,,,1,70,,2394,5242,,,1,29,,2387,5242,,,1,70,,2383,5242,,,1,30,,2377,5242,,,1,100,,2372,5242,,,1,100,,2391,5242,,,1,100,,2378,5242,,,1,100,,2368,5242,,,1,100,,2373,5242,,,1,100,,2384,5242,,,1
601,'SE',528,,2409,5242,,,1,30,,2411,5242,,,1,71,,2412,5242,,,1,71,,2417,5242,,,1,25,,2402,5242,,,1,77,,2423,5242,,,1,29,,2396,5242,,,1,72,,2403,5242,,,1,28,,2410,5242,,,1,70,,2419,5242,,,1,30,,2401,5242,,,1,70,,2413,5242,,,1,30,,2406,5242,,,1,70,,2414,5242,,,1,30,,2420,5242,,,1,70,,2418,5242,,,1,30,,2415,5242,,,1,70,,2429,5242,,,1,30,,2404,5242,,,1,71,,2421,5242,,,1,30,,2397,5242,,,1,26,,2407,5242,,,1,78,,2424,5242,,,1,66,,2430,5242,,,1,32,,2426,5242,,,1,25,,2425,5242,,,1,71,,2432,5242,,,1,70,,2416,5242,,,1,29,,2398,5242,,,1,30,,2427,5242,,,1,70,,2431,5242,,,1,30,,2428,5242,,,1,70,,2422,5242,,,1,30,,2408,5242,,,1,98,,2399,5242,,,1,100,,2400,5242,,,1,100,,2405,5242,,,1
5501,'F8',628,,10881,4223,,,2,20,,10888,4223,,,2,55,,10884,4223,,,2,15,,10886,4223,,,2,15,,10882,4223,,,2,15,,10883,4223,,,2,55,,10889,4223,,,2,15,,10885,4223,,,2,20,,10887,4223,,,2
5501,'SE',628,,10895,4223,,,2,20,,10902,4223,,,2,55,,10898,4223,,,2,15,,10900,4223,,,2,15,,10896,4223,,,2,15,,10897,4223,,,2,55,,10903,4223,,,2,15,,10899,4223,,,2,20,,10901,4223,,,2
50101,'F8',748,,18730,4658,,,2,100,,18731,4658,,,2
50101,'SE',748,,18732,4658,,,2,100,,18733,4658,,,2
60001,'F8',901,,18848,3041,,,2
60001,'SE',901,,18849,3041,,,2
65000,'F8',1644,,18920,11058,,,2
65000,'SE',1644,,18921,11058,,,2
