1300,'DI',703,,3422,6447,,,1,100,,3418,6447,,,1,100,,3423,6447,,,1,100,,3419,6447,,,1,100,,3424,6447,,,1,100,,3420,6447,,,1,100,,3425,6447,,,1,55,,3421,6447,,,1,145,,3433,6447,,,1,100,,3432,6447,,,1,100,,3436,6447,,,1,100,,3435,6447,,,1,100,,3427,6447,,,1,100,,3434,6447,,,1,100,,3430,6447,,,1,100,,3428,6447,,,1,100,,3426,6447,,,1,100,,3431,6447,,,1,100,,3429,6447,,,1
1300,'F1',703,,3441,6447,,,1,100,,3444,6447,,,1,100,,3446,6447,,,1,101,,3447,6447,,,1,99,,3450,6447,,,1,100,,3448,6447,,,1,100,,3451,6447,,,1,100,,3449,6447,,,1,100,,3452,6447,,,1,100,,3439,6447,,,1,100,,3455,6447,,,1,100,,3442,6447,,,1,100,,3440,6447,,,1,100,,3445,6447,,,1,100,,3438,6447,,,1,100,,3456,6447,,,1,100,,3453,6447,,,1,100,,3437,6447,,,1,100,,3454,6447,,,1,100,,3443,6447,,,1
1300,'F7',703,,3461,6447,,,1,100,,3457,6447,,,1,100,,3462,6447,,,1,100,,3458,6447,,,1,100,,3463,6447,,,1,100,,3459,6447,,,1,100,,3464,6447,,,1,55,,3460,6447,,,1,145,,3472,6447,,,1,100,,3471,6447,,,1,100,,3475,6447,,,1,100,,3474,6447,,,1,100,,3466,6447,,,1,100,,3473,6447,,,1,100,,3469,6447,,,1,100,,3467,6447,,,1,100,,3465,6447,,,1,100,,3470,6447,,,1,100,,3468,6447,,,1
1300,'F8',607,,3485,6447,,,1,33,,3505,6447,,,1,67,,3488,6447,,,1,32,,3479,6447,,,1,15,,3506,6447,,,1,55,,3508,6447,,,1,15,,3480,6447,,,1,25,,3486,6447,,,1,65,,3504,6447,,,1,29,,3496,6447,,,1,70,,3487,6447,,,1,30,,3513,6447,,,1,70,,3477,6447,,,1,30,,3489,6447,,,1,70,,3481,6447,,,1,31,,3490,6447,,,1,70,,3494,6447,,,1,30,,3509,6447,,,1,70,,3514,6447,,,1,30,,3497,6447,,,1,70,,3478,6447,,,1,30,,3499,6447,,,1,61,,3503,6447,,,1,20,,3511,6447,,,1,15,,3482,6447,,,1,13,,3507,6447,,,1,50,,3484,6447,,,1,17,,3491,6447,,,1,20,,3476,6447,,,1,60,,3502,6447,,,1,20,,3516,6447,,,1,27,,3498,6447,,,1,68,,3515,6447,,,1,32,,3495,6447,,,1,70,,3483,6447,,,1,30,,3492,6447,,,1,69,,3512,6447,,,1,100,,3510,6447,,,1,100,,3493,6447,,,1,100,,3500,6447,,,1,103,,3501,6447,,,1
1300,'F9',703,,3521,6447,,,1,100,,3524,6447,,,1,100,,3526,6447,,,1,101,,3527,6447,,,1,99,,3530,6447,,,1,100,,3528,6447,,,1,100,,3531,6447,,,1,100,,3529,6447,,,1,100,,3532,6447,,,1,100,,3519,6447,,,1,100,,3535,6447,,,1,100,,3522,6447,,,1,100,,3520,6447,,,1,100,,3525,6447,,,1,100,,3518,6447,,,1,100,,3536,6447,,,1,100,,3533,6447,,,1,100,,3517,6447,,,1,100,,3534,6447,,,1,100,,3523,6447,,,1
1300,'SA',703,,3541,6447,,,1,100,,3544,6447,,,1,100,,3546,6447,,,1,101,,3547,6447,,,1,99,,3550,6447,,,1,100,,3548,6447,,,1,100,,3551,6447,,,1,100,,3549,6447,,,1,100,,3552,6447,,,1,100,,3539,6447,,,1,100,,3555,6447,,,1,100,,3542,6447,,,1,100,,3540,6447,,,1,100,,3545,6447,,,1,100,,3538,6447,,,1,100,,3556,6447,,,1,100,,3553,6447,,,1,100,,3537,6447,,,1,100,,3554,6447,,,1,100,,3543,6447,,,1
1300,'SE',607,,3566,6447,,,1,33,,3586,6447,,,1,67,,3569,6447,,,1,32,,3560,6447,,,1,15,,3587,6447,,,1,55,,3589,6447,,,1,15,,3561,6447,,,1,25,,3567,6447,,,1,65,,3585,6447,,,1,29,,3577,6447,,,1,70,,3568,6447,,,1,30,,3594,6447,,,1,70,,3558,6447,,,1,30,,3570,6447,,,1,70,,3562,6447,,,1,31,,3571,6447,,,1,70,,3575,6447,,,1,30,,3590,6447,,,1,70,,3595,6447,,,1,30,,3578,6447,,,1,70,,3559,6447,,,1,30,,3580,6447,,,1,61,,3584,6447,,,1,20,,3592,6447,,,1,15,,3563,6447,,,1,13,,3588,6447,,,1,50,,3565,6447,,,1,17,,3572,6447,,,1,20,,3557,6447,,,1,60,,3583,6447,,,1,20,,3597,6447,,,1,27,,3579,6447,,,1,68,,3596,6447,,,1,32,,3576,6447,,,1,70,,3564,6447,,,1,30,,3573,6447,,,1,69,,3593,6447,,,1,100,,3591,6447,,,1,100,,3574,6447,,,1,100,,3581,6447,,,1,103,,3582,6447,,,1
3700,'F8',1622,,7955,5825,,,2,36,,7957,5825,,,2,65,,7956,5825,,,2,30,,7959,5825,,,2,66,,7958,5825,,,2
3700,'SE',1622,,7962,5825,,,2,36,,7964,5825,,,2,65,,7963,5825,,,2,30,,7966,5825,,,2,66,,7965,5825,,,2
52601,'F8',858,,18755,516,,,2,1,,18754,516,,,2
52601,'SE',858,,18757,516,,,2,1,,18756,516,,,2
61300,'F8',1648,,18879,6018,,,2,53,,18878,6018,,,2
61300,'SE',1648,,18881,6018,,,2,53,,18880,6018,,,2
69500,'F8',1626,,19061,6286,,,2,1,,19060,6286,,,2
69500,'SE',1626,,19063,6286,,,2,1,,19062,6286,,,2
