12000,'F7',612,,37569,7669,,,2,26,,37566,7669,,,2,77,,37570,7669,,,2,29,,37567,7669,,,2,70,,37568,7669,,,2,797,,37571,7426,,,2,31,,37572,7426,,,2,76,,37576,7426,,,2,23,,37575,7426,,,2,69,,37574,7426,,,2,28,,37573,7426,,,2
12000,'SE',612,,37580,7669,,,2,26,,37577,7669,,,2,77,,37581,7669,,,2,29,,37578,7669,,,2,70,,37579,7669,,,2,797,,37582,7426,,,2,31,,37583,7426,,,2,76,,37587,7426,,,2,23,,37586,7426,,,2,69,,37585,7426,,,2,28,,37584,7426,,,2
12301,'DI',523,,37798,6269,,,1,100,,37808,6269,,,1,100,,37799,6269,,,1,100,,37809,6269,,,1,100,,37800,6269,,,1,100,,37810,6269,,,1,100,,37801,6269,,,1,100,,37811,6269,,,1,100,,37802,6269,,,1,100,,37812,6269,,,1,100,,37803,6269,,,1,100,,37813,6269,,,1,100,,37804,6269,,,1,100,,37814,6269,,,1,100,,37805,6269,,,1,100,,37815,6269,,,1,100,,37806,6269,,,1,100,,37816,6269,,,1,100,,37807,6269,,,1,100,,37817,6269,,,1
12301,'F1',523,,37826,6269,,,1,100,,37831,6269,,,1,100,,37827,6269,,,1,100,,37832,6269,,,1,100,,37820,6269,,,1,100,,37833,6269,,,1,100,,37821,6269,,,1,100,,37818,6269,,,1,100,,37822,6269,,,1,100,,37819,6269,,,1,100,,37823,6269,,,1,100,,37824,6269,,,1,100,,37834,6269,,,1,100,,37825,6269,,,1,100,,37835,6269,,,1,100,,37828,6269,,,1,100,,37836,6269,,,1,100,,37829,6269,,,1,100,,37837,6269,,,1,100,,37830,6269,,,1
12301,'F2',523,,37840,6269,,,1,100,,37838,6269,,,1,100,,37841,6269,,,1,100,,37839,6269,,,1,100,,37842,6269,,,1,100,,37850,6269,,,1,100,,37843,6269,,,1,100,,37851,6269,,,1,100,,37844,6269,,,1,100,,37852,6269,,,1,100,,37845,6269,,,1,100,,37853,6269,,,1,100,,37846,6269,,,1,100,,37854,6269,,,1,100,,37847,6269,,,1,100,,37855,6269,,,1,100,,37848,6269,,,1,100,,37856,6269,,,1,100,,37849,6269,,,1,100,,37857,6269,,,1
12301,'F7',508,,37869,6269,,,1,30,,37879,6269,,,1,20,,37862,6269,,,1,60,,37861,6269,,,1,15,,37863,6269,,,1,25,,37864,6269,,,1,70,,37858,6269,,,1,31,,37859,6269,,,1,70,,37860,6269,,,1,29,,37880,6269,,,1,70,,37883,6269,,,1,96,,37870,6269,,,1,100,,37866,6269,,,1,100,,37876,6269,,,1,100,,37881,6269,,,1,100,,37886,6269,,,1,11,,37874,6269,,,1,24,,37887,6269,,,1,60,,37889,6269,,,1,15,,37875,6269,,,1,19,,37873,6269,,,1,6,,37884,6269,,,1,56,,37890,6269,,,1,10,,37892,6269,,,1,6,,37878,6269,,,1,24,,37877,6269,,,1,69,,37888,6269,,,1,30,,37893,6269,,,1,71,,37868,6269,,,1,26,,37865,6269,,,1,74,,37867,6269,,,1,28,,37885,6269,,,1,70,,37882,6269,,,1,98,,37891,6269,,,1,100,,37871,6269,,,1,100,,37894,6269,,,1,120,,37872,6269,,,1
12301,'F8',523,,37897,6269,,,1,100,,37895,6269,,,1,100,,37898,6269,,,1,100,,37896,6269,,,1,100,,37899,6269,,,1,100,,37907,6269,,,1,100,,37900,6269,,,1,100,,37908,6269,,,1,100,,37901,6269,,,1,100,,37909,6269,,,1,100,,37902,6269,,,1,100,,37910,6269,,,1,100,,37903,6269,,,1,100,,37911,6269,,,1,100,,37904,6269,,,1,100,,37912,6269,,,1,100,,37905,6269,,,1,100,,37913,6269,,,1,100,,37906,6269,,,1,100,,37914,6269,,,1
12301,'F9',523,,37915,6269,,,1,100,,37925,6269,,,1,100,,37916,6269,,,1,100,,37926,6269,,,1,100,,37917,6269,,,1,100,,37927,6269,,,1,100,,37918,6269,,,1,100,,37928,6269,,,1,100,,37919,6269,,,1,100,,37929,6269,,,1,100,,37920,6269,,,1,100,,37930,6269,,,1,100,,37921,6269,,,1,100,,37931,6269,,,1,100,,37922,6269,,,1,100,,37932,6269,,,1,100,,37923,6269,,,1,100,,37933,6269,,,1,100,,37924,6269,,,1,100,,37934,6269,,,1
12301,'SA',523,,37937,6269,,,1,100,,37935,6269,,,1,100,,37938,6269,,,1,100,,37936,6269,,,1,100,,37939,6269,,,1,100,,37947,6269,,,1,100,,37940,6269,,,1,100,,37948,6269,,,1,100,,37941,6269,,,1,100,,37949,6269,,,1,100,,37942,6269,,,1,100,,37950,6269,,,1,100,,37943,6269,,,1,100,,37951,6269,,,1,100,,37944,6269,,,1,100,,37952,6269,,,1,100,,37945,6269,,,1,100,,37953,6269,,,1,100,,37946,6269,,,1,100,,37954,6269,,,1
12301,'SE',508,,37966,6269,,,1,30,,37976,6269,,,1,20,,37959,6269,,,1,60,,37958,6269,,,1,15,,37960,6269,,,1,25,,37961,6269,,,1,70,,37955,6269,,,1,31,,37956,6269,,,1,70,,37957,6269,,,1,29,,37977,6269,,,1,70,,37980,6269,,,1,96,,37967,6269,,,1,100,,37963,6269,,,1,100,,37973,6269,,,1,100,,37978,6269,,,1,100,,37983,6269,,,1,11,,37971,6269,,,1,24,,37984,6269,,,1,60,,37986,6269,,,1,15,,37972,6269,,,1,19,,37970,6269,,,1,6,,37981,6269,,,1,56,,37987,6269,,,1,10,,37989,6269,,,1,6,,37975,6269,,,1,24,,37974,6269,,,1,69,,37985,6269,,,1,30,,37990,6269,,,1,71,,37965,6269,,,1,26,,37962,6269,,,1,74,,37964,6269,,,1,28,,37982,6269,,,1,70,,37979,6269,,,1,98,,37988,6269,,,1,100,,37968,6269,,,1,100,,37991,6269,,,1,120,,37969,6269,,,1
67300,'F7',1510,,40874,7471,,,2
67300,'SE',1510,,40875,7471,,,2
