4701,'DI',707,,9596,8637,,,1,100,,9587,8637,,,1,100,,9598,8637,,,1,100,,9588,8637,,,1,100,,9599,8637,,,1,100,,9589,8637,,,1,100,,9584,8637,,,1,100,,9590,8637,,,1,104,,9583,8637,,,1,91,,9591,8637,,,1,108,,9592,8637,,,1,101,,9593,8637,,,1,95,,9597,8637,,,1,96,,9585,8637,,,1,100,,9600,8637,,,1,99,,9594,8637,,,1,100,,9586,8637,,,1,100,,9601,8637,,,1,100,,9595,8637,,,1
4701,'F1',707,,9617,8637,,,1,103,,9607,8637,,,1,101,,9614,8637,,,1,96,,9605,8637,,,1,96,,9608,8637,,,1,104,,9606,8637,,,1,100,,9615,8637,,,1,100,,9603,8637,,,1,95,,9616,8637,,,1,104,,9618,8637,,,1,100,,9604,8637,,,1,101,,9609,8637,,,1,99,,9612,8637,,,1,96,,9602,8637,,,1,100,,9613,8637,,,1,57,,9610,8637,,,1,100,,9611,8637,,,1,100,,9619,8637,,,1,100,,9620,8637,,,1,100,,9621,8637,,,1
4701,'F7',707,,9635,8637,,,1,100,,9626,8637,,,1,100,,9637,8637,,,1,100,,9627,8637,,,1,100,,9638,8637,,,1,100,,9628,8637,,,1,100,,9623,8637,,,1,100,,9629,8637,,,1,104,,9622,8637,,,1,91,,9630,8637,,,1,108,,9631,8637,,,1,101,,9632,8637,,,1,95,,9636,8637,,,1,96,,9624,8637,,,1,100,,9639,8637,,,1,99,,9633,8637,,,1,100,,9625,8637,,,1,100,,9640,8637,,,1,100,,9634,8637,,,1
4701,'F8',625,,9652,8637,,,1,31,,9641,8637,,,1,60,,9651,8637,,,1,15,,9673,8637,,,1,15,,9653,8637,,,1,54,,9675,8637,,,1,15,,9649,8637,,,1,15,,9659,8637,,,1,18,,9648,8637,,,1,60,,9642,8637,,,1,20,,9677,8637,,,1,20,,9654,8637,,,1,70,,9643,8637,,,1,30,,9661,8637,,,1,70,,9656,8637,,,1,30,,9655,8637,,,1,70,,9664,8637,,,1,30,,9678,8637,,,1,70,,9644,8637,,,1,30,,9660,8637,,,1,70,,9663,8637,,,1,30,,9665,8637,,,1,70,,9679,8637,,,1,31,,9681,8637,,,1,71,,9645,8637,,,1,33,,9646,8637,,,1,73,,9669,8637,,,1,18,,9666,8637,,,1,67,,9667,8637,,,1,28,,9676,8637,,,1,70,,9672,8637,,,1,32,,9680,8637,,,1,63,,9668,8637,,,1,30,,9662,8637,,,1,70,,9658,8637,,,1,29,,9647,8637,,,1,70,,9657,8637,,,1,30,,9670,8637,,,1,100,,9674,8637,,,1,100,,9650,8637,,,1,100,,9671,8637,,,1
4701,'F9',707,,9697,8637,,,1,103,,9687,8637,,,1,101,,9694,8637,,,1,96,,9685,8637,,,1,96,,9688,8637,,,1,104,,9686,8637,,,1,100,,9695,8637,,,1,100,,9683,8637,,,1,95,,9696,8637,,,1,104,,9698,8637,,,1,100,,9684,8637,,,1,101,,9689,8637,,,1,99,,9692,8637,,,1,96,,9682,8637,,,1,100,,9693,8637,,,1,57,,9690,8637,,,1,100,,9691,8637,,,1,100,,9699,8637,,,1,100,,9700,8637,,,1,100,,9701,8637,,,1
4701,'SA',707,,9717,8637,,,1,103,,9707,8637,,,1,101,,9714,8637,,,1,96,,9705,8637,,,1,96,,9708,8637,,,1,104,,9706,8637,,,1,100,,9715,8637,,,1,100,,9703,8637,,,1,95,,9716,8637,,,1,104,,9718,8637,,,1,100,,9704,8637,,,1,101,,9709,8637,,,1,99,,9712,8637,,,1,96,,9702,8637,,,1,100,,9713,8637,,,1,57,,9710,8637,,,1,100,,9711,8637,,,1,100,,9719,8637,,,1,100,,9720,8637,,,1,100,,9721,8637,,,1
4701,'SE',625,,9733,8637,,,1,31,,9722,8637,,,1,60,,9732,8637,,,1,15,,9754,8637,,,1,15,,9734,8637,,,1,54,,9756,8637,,,1,15,,9730,8637,,,1,15,,9740,8637,,,1,18,,9729,8637,,,1,60,,9723,8637,,,1,20,,9758,8637,,,1,20,,9735,8637,,,1,70,,9724,8637,,,1,30,,9742,8637,,,1,70,,9737,8637,,,1,30,,9736,8637,,,1,70,,9745,8637,,,1,30,,9759,8637,,,1,70,,9725,8637,,,1,30,,9741,8637,,,1,70,,9744,8637,,,1,30,,9746,8637,,,1,70,,9760,8637,,,1,31,,9762,8637,,,1,71,,9726,8637,,,1,33,,9727,8637,,,1,73,,9750,8637,,,1,18,,9747,8637,,,1,67,,9748,8637,,,1,28,,9757,8637,,,1,70,,9753,8637,,,1,32,,9761,8637,,,1,63,,9749,8637,,,1,30,,9743,8637,,,1,70,,9739,8637,,,1,29,,9728,8637,,,1,70,,9738,8637,,,1,30,,9751,8637,,,1,100,,9755,8637,,,1,100,,9731,8637,,,1,100,,9752,8637,,,1
54601,'F8',908,,18808,6187,,,2
54601,'SE',908,,18809,6187,,,2
65300,'F8',1612,,18924,2634,,,2
65300,'SE',1612,,18925,2634,,,2
66000,'F8',1612,,18936,2634,,,2,1,,18937,2634,,,2,1,,18938,2634,,,2
66000,'SE',1612,,18939,2634,,,2,1,,18940,2634,,,2,1,,18941,2634,,,2
