100,'DI',711,,20128,8082,0,14,1,100,,20129,8082,0,14,1,100,,20130,8082,0,14,1,100,,20131,8082,0,14,1,100,,20132,8082,0,14,1,100,,20133,8082,0,14,1,100,,20134,8082,0,14,1,101,,20135,8082,0,14,1,100,,20136,8082,0,14,1,98,,20138,8082,0,14,1,100,,20139,8082,0,14,1,100,,20140,8082,0,14,1,100,,20141,8082,0,14,1,100,,20142,8082,0,14,1,100,,20143,8082,0,14,1,100,,20144,8082,0,14,1,100,,20145,8082,0,14,1,100,,20148,8082,0,14,1,100,,20146,8082,0,14,1,100,,20147,8082,0,14,1
100,'F1',641,,20153,8082,0,14,1,70,,20159,8082,0,14,1,30,,20154,8082,0,14,1,70,,20160,8082,0,14,1,30,,20155,8082,0,14,1,70,,20161,8082,0,14,1,30,,20156,8082,0,14,1,70,,20162,8082,0,14,1,30,,20157,8082,0,14,1,70,,20163,8082,0,14,1,30,,20158,8082,0,14,1,70,,20164,8082,0,14,1,30,,20168,8082,0,14,1,70,,20165,8082,0,14,1,31,,20169,8082,0,14,1,70,,20166,8082,0,14,1,30,,20170,8082,0,14,1,70,,20167,8082,0,14,1,28,,20171,8082,0,14,1,70,,22,8082,0,14,1,30,,20150,8082,0,14,1,70,,23,8082,0,14,1,30,,20151,8082,0,14,1,70,,24,8082,0,14,1,30,,20152,8082,0,14,1,70,,25,8082,0,14,1,100,,26,8082,0,14,1,100,,27,8082,0,14,1,100,,28,8082,0,14,1,100,,29,8082,0,14,1,100,,30,8082,0,14,1,100,,31,8082,0,14,1,100,,32,8082,0,14,1
100,'F2',641,,20194,8082,0,14,1,70,,20183,8082,0,14,1,30,,20195,8082,0,14,1,70,,20184,8082,0,14,1,30,,20196,8082,0,14,1,70,,20185,8082,0,14,1,30,,20198,8082,0,14,1,70,,20186,8082,0,14,1,30,,20199,8082,0,14,1,70,,20187,8082,0,14,1,30,,20200,8082,0,14,1,70,,20188,8082,0,14,1,30,,20201,8082,0,14,1,70,,20189,8082,0,14,1,31,,20205,8082,0,14,1,70,,20190,8082,0,14,1,30,,20206,8082,0,14,1,70,,20191,8082,0,14,1,28,,20202,8082,0,14,1,70,,20172,8082,0,14,1,30,,20203,8082,0,14,1,70,,20173,8082,0,14,1,30,,20204,8082,0,14,1,70,,20174,8082,0,14,1,30,,20193,8082,0,14,1,70,,20175,8082,0,14,1,100,,20176,8082,0,14,1,100,,20177,8082,0,14,1,100,,20178,8082,0,14,1,100,,20179,8082,0,14,1,100,,20180,8082,0,14,1,100,,20181,8082,0,14,1,100,,20182,8082,0,14,1
100,'F7',604,,20229,8082,0,14,1,36,,20240,8082,0,14,1,69,,20245,8082,0,14,1,35,,20235,8082,0,14,1,69,,20243,8082,0,14,1,35,,20238,8082,0,14,1,80,,20234,8082,0,14,1,30,,20253,8082,0,14,1,70,,20207,8082,0,14,1,30,,20251,8082,0,14,1,70,,20222,8082,0,14,1,30,,20254,8082,0,14,1,71,,20220,8082,0,14,1,30,,20242,8082,0,14,1,70,,20230,8082,0,14,1,30,,20247,8082,0,14,1,70,,20227,8082,0,14,1,30,,20236,8082,0,14,1,73,,20255,8082,0,14,1,18,,20257,8082,0,14,1,61,,20239,8082,0,14,1,15,,20216,8082,0,14,1,19,,20231,8082,0,14,1,12,,20208,8082,0,14,1,62,,20249,8082,0,14,1,12,,20237,8082,0,14,1,11,,20224,8082,0,14,1,15,,20246,8082,0,14,1,52,,20209,8082,0,14,1,15,,20241,8082,0,14,1,15,,20217,8082,0,14,1,20,,20252,8082,0,14,1,68,,20256,8082,0,14,1,30,,20225,8082,0,14,1,70,,20250,8082,0,14,1,29,,20210,8082,0,14,1,70,,20248,8082,0,14,1,30,,20211,8082,0,14,1,100,,20212,8082,0,14,1,99,,20213,8082,0,14,1,100,,20214,8082,0,14,1,98,,20215,8082,0,14,1
100,'F8',641,,20280,8082,0,14,1,70,,20269,8082,0,14,1,30,,20281,8082,0,14,1,70,,20270,8082,0,14,1,30,,20282,8082,0,14,1,70,,20271,8082,0,14,1,30,,20284,8082,0,14,1,70,,20272,8082,0,14,1,30,,20285,8082,0,14,1,70,,20273,8082,0,14,1,30,,20286,8082,0,14,1,70,,20274,8082,0,14,1,30,,20287,8082,0,14,1,70,,20275,8082,0,14,1,31,,20291,8082,0,14,1,70,,20276,8082,0,14,1,30,,20292,8082,0,14,1,70,,20277,8082,0,14,1,28,,20288,8082,0,14,1,70,,20258,8082,0,14,1,30,,20289,8082,0,14,1,70,,20259,8082,0,14,1,30,,20290,8082,0,14,1,70,,20260,8082,0,14,1,30,,20279,8082,0,14,1,70,,20261,8082,0,14,1,100,,20262,8082,0,14,1,100,,20263,8082,0,14,1,100,,20264,8082,0,14,1,100,,20265,8082,0,14,1,100,,20266,8082,0,14,1,100,,20267,8082,0,14,1,100,,20268,8082,0,14,1
100,'F9',711,,20293,8082,0,14,1,100,,20294,8082,0,14,1,100,,20295,8082,0,14,1,100,,20296,8082,0,14,1,100,,20297,8082,0,14,1,100,,20298,8082,0,14,1,100,,20299,8082,0,14,1,101,,20300,8082,0,14,1,100,,20301,8082,0,14,1,98,,20303,8082,0,14,1,100,,20304,8082,0,14,1,100,,20305,8082,0,14,1,100,,20306,8082,0,14,1,100,,20307,8082,0,14,1,100,,20308,8082,0,14,1,100,,20309,8082,0,14,1,100,,20310,8082,0,14,1,100,,20313,8082,0,14,1,100,,20311,8082,0,14,1,100,,20312,8082,0,14,1
100,'SA',641,,20325,8082,0,14,1,70,,20314,8082,0,14,1,30,,20326,8082,0,14,1,70,,20315,8082,0,14,1,30,,20327,8082,0,14,1,70,,20316,8082,0,14,1,30,,20329,8082,0,14,1,70,,20317,8082,0,14,1,30,,20330,8082,0,14,1,70,,20318,8082,0,14,1,30,,20331,8082,0,14,1,70,,20319,8082,0,14,1,30,,20332,8082,0,14,1,70,,20320,8082,0,14,1,31,,20336,8082,0,14,1,70,,20321,8082,0,14,1,30,,20337,8082,0,14,1,70,,20322,8082,0,14,1,28,,20333,8082,0,14,1,70,,164,8082,0,14,1,30,,20334,8082,0,14,1,70,,165,8082,0,14,1,30,,20335,8082,0,14,1,70,,166,8082,0,14,1,30,,20324,8082,0,14,1,70,,167,8082,0,14,1,100,,168,8082,0,14,1,100,,169,8082,0,14,1,100,,170,8082,0,14,1,100,,171,8082,0,14,1,100,,172,8082,0,14,1,100,,173,8082,0,14,1,100,,174,8082,0,14,1
100,'SE',604,,20360,8082,0,14,1,36,,20371,8082,0,14,1,69,,20376,8082,0,14,1,35,,20366,8082,0,14,1,69,,20374,8082,0,14,1,35,,20369,8082,0,14,1,80,,20365,8082,0,14,1,30,,20384,8082,0,14,1,70,,20338,8082,0,14,1,30,,20382,8082,0,14,1,70,,20353,8082,0,14,1,30,,20385,8082,0,14,1,71,,20351,8082,0,14,1,30,,20373,8082,0,14,1,70,,20361,8082,0,14,1,30,,20378,8082,0,14,1,70,,20358,8082,0,14,1,30,,20367,8082,0,14,1,73,,20386,8082,0,14,1,18,,20388,8082,0,14,1,61,,20370,8082,0,14,1,15,,20347,8082,0,14,1,19,,20362,8082,0,14,1,12,,20339,8082,0,14,1,62,,20380,8082,0,14,1,12,,20368,8082,0,14,1,11,,20355,8082,0,14,1,15,,20377,8082,0,14,1,52,,20340,8082,0,14,1,15,,20372,8082,0,14,1,15,,20348,8082,0,14,1,20,,20383,8082,0,14,1,68,,20387,8082,0,14,1,30,,20356,8082,0,14,1,70,,20381,8082,0,14,1,29,,20341,8082,0,14,1,70,,20379,8082,0,14,1,30,,20342,8082,0,14,1,100,,20343,8082,0,14,1,99,,20344,8082,0,14,1,100,,20345,8082,0,14,1,98,,20346,8082,0,14,1
50100,'F7',1517,,40619,8046,,,2,184,,40618,8046,,,2
50100,'SE',1517,,40621,8046,,,2,184,,40620,8046,,,2
60101,'F7',849,,40743,6389,,,2
60101,'SE',849,,40744,6389,,,2
