4700,'DI',623,,30486,3345,,,1,100,,30472,3345,,,1,100,,30489,3345,,,1,100,,30490,3345,,,1,100,,30473,3345,,,1,100,,30478,3345,,,1,100,,30487,3345,,,1,100,,30474,3345,,,1,104,,30475,3345,,,1,91,,30481,3345,,,1,108,,30482,3345,,,1,102,,30476,3345,,,1,95,,30483,3345,,,1,96,,30479,3345,,,1,100,,30484,3345,,,1,100,,30477,3345,,,1,100,,30480,3345,,,1,100,,30485,3345,,,1,100,,30488,3345,,,1,100,,30491,3345,,,1
4700,'F1',623,,30505,3345,,,1,103,,30509,3345,,,1,101,,30494,3345,,,1,96,,30499,3345,,,1,96,,30495,3345,,,1,104,,30500,3345,,,1,100,,30492,3345,,,1,100,,30501,3345,,,1,95,,30493,3345,,,1,104,,30510,3345,,,1,100,,30506,3345,,,1,101,,30508,3345,,,1,100,,30507,3345,,,1,96,,30496,3345,,,1,100,,30511,3345,,,1,100,,30502,3345,,,1,100,,30503,3345,,,1,100,,30504,3345,,,1,100,,30497,3345,,,1,100,,30498,3345,,,1
4700,'F2',623,,30529,3345,,,1,103,,30515,3345,,,1,101,,30512,3345,,,1,96,,30519,3345,,,1,96,,30513,3345,,,1,104,,30520,3345,,,1,100,,30516,3345,,,1,100,,30521,3345,,,1,95,,30514,3345,,,1,104,,30517,3345,,,1,100,,30522,3345,,,1,101,,30518,3345,,,1,100,,30523,3345,,,1,96,,30526,3345,,,1,100,,30524,3345,,,1,100,,30525,3345,,,1,100,,30527,3345,,,1,100,,30528,3345,,,1,100,,30530,3345,,,1,100,,30531,3345,,,1
4700,'F7',624,,30542,3345,,,1,32,,30543,3345,,,1,69,,30541,3345,,,1,33,,30565,3345,,,1,74,,30545,3345,,,1,70,,30566,3345,,,1,30,,30558,3345,,,1,70,,30564,3345,,,1,30,,30544,3345,,,1,70,,30534,3345,,,1,30,,30561,3345,,,1,70,,30535,3345,,,1,30,,30536,3345,,,1,70,,30546,3345,,,1,30,,30570,3345,,,1,70,,30559,3345,,,1,30,,30537,3345,,,1,70,,30563,3345,,,1,28,,30549,3345,,,1,28,,30568,3345,,,1,75,,30547,3345,,,1,15,,30550,3345,,,1,55,,30553,3345,,,1,15,,30555,3345,,,1,15,,30562,3345,,,1,15,,30548,3345,,,1,55,,30554,3345,,,1,15,,30560,3345,,,1,15,,30556,3345,,,1,18,,30551,3345,,,1,69,,30567,3345,,,1,30,,30538,3345,,,1,70,,30569,3345,,,1,30,,30533,3345,,,1,70,,30540,3345,,,1,30,,30552,3345,,,1,100,,30532,3345,,,1,100,,30557,3345,,,1,100,,30539,3345,,,1
4700,'F8',623,,30588,3345,,,1,103,,30574,3345,,,1,101,,30571,3345,,,1,96,,30578,3345,,,1,96,,30572,3345,,,1,104,,30579,3345,,,1,100,,30575,3345,,,1,100,,30580,3345,,,1,95,,30573,3345,,,1,104,,30576,3345,,,1,100,,30581,3345,,,1,101,,30577,3345,,,1,100,,30582,3345,,,1,96,,30585,3345,,,1,100,,30583,3345,,,1,100,,30584,3345,,,1,100,,30586,3345,,,1,100,,30587,3345,,,1,100,,30589,3345,,,1,100,,30590,3345,,,1
4700,'F9',623,,30605,3345,,,1,100,,30591,3345,,,1,100,,30608,3345,,,1,100,,30609,3345,,,1,100,,30592,3345,,,1,100,,30597,3345,,,1,100,,30606,3345,,,1,100,,30593,3345,,,1,104,,30594,3345,,,1,91,,30600,3345,,,1,108,,30601,3345,,,1,102,,30595,3345,,,1,95,,30602,3345,,,1,96,,30598,3345,,,1,100,,30603,3345,,,1,100,,30596,3345,,,1,100,,30599,3345,,,1,100,,30604,3345,,,1,100,,30607,3345,,,1,100,,30610,3345,,,1
4700,'SA',623,,30628,3345,,,1,103,,30614,3345,,,1,101,,30611,3345,,,1,96,,30618,3345,,,1,96,,30612,3345,,,1,104,,30619,3345,,,1,100,,30615,3345,,,1,100,,30620,3345,,,1,95,,30613,3345,,,1,104,,30616,3345,,,1,100,,30621,3345,,,1,101,,30617,3345,,,1,100,,30622,3345,,,1,96,,30625,3345,,,1,100,,30623,3345,,,1,100,,30624,3345,,,1,100,,30626,3345,,,1,100,,30627,3345,,,1,100,,30629,3345,,,1,100,,30630,3345,,,1
4700,'SE',624,,30641,3345,,,1,32,,30642,3345,,,1,69,,30640,3345,,,1,33,,30662,3345,,,1,74,,30644,3345,,,1,70,,30663,3345,,,1,30,,30655,3345,,,1,70,,30661,3345,,,1,30,,30643,3345,,,1,70,,30633,3345,,,1,30,,30658,3345,,,1,70,,30634,3345,,,1,30,,30635,3345,,,1,70,,30645,3345,,,1,30,,30667,3345,,,1,70,,30656,3345,,,1,30,,30636,3345,,,1,70,,30660,3345,,,1,28,,30648,3345,,,1,28,,30665,3345,,,1,75,,30646,3345,,,1,15,,30649,3345,,,1,55,,9568,3345,,,1,15,,30652,3345,,,1,15,,30659,3345,,,1,15,,30647,3345,,,1,55,,9569,3345,,,1,15,,30657,3345,,,1,15,,30653,3345,,,1,18,,30650,3345,,,1,69,,30664,3345,,,1,30,,30637,3345,,,1,70,,30666,3345,,,1,30,,30632,3345,,,1,70,,30639,3345,,,1,30,,30651,3345,,,1,100,,30631,3345,,,1,100,,30654,3345,,,1,100,,30638,3345,,,1
54700,'F7',1636,,40701,8081,,,2
54700,'SE',1636,,40702,8081,,,2
