2501,'DI',1605,,27599,11232,,,2
2501,'F1',1605,,27600,11232,,,2
2501,'F2',1605,,27601,11232,,,2
2501,'F7',517,,27606,9596,,,2,30,,27608,9596,,,2,63,,27603,9596,,,2,34,,27607,9596,,,2,76,,27628,11232,,,2,30,,27627,11232,,,2,65,,27609,9596,,,2,30,,27611,9596,,,2,67,,27612,9596,,,2,505,,27623,9596,,,2,31,,27613,9596,,,2,72,,27614,9596,,,2,31,,27631,11232,,,2,60,,27630,11232,,,2,12,,27629,11232,,,2,9,,27604,9596,,,2,19,,27616,9596,,,2,54,,27615,9596,,,2,16,,27619,9596,,,2,28,,27621,9596,,,2,67,,27624,9596,,,2,29,,27620,9596,,,2,99,,27618,9596,,,2,385,,27626,9596,,,2,86,,27633,11232,,,2,12,,27625,9596,,,2,75,,27617,9596,,,2
2501,'F8',1605,,27634,11232,,,2
2501,'F9',1605,,27635,11232,,,2
2501,'SA',1605,,27636,11232,,,2
2501,'SE',517,,27641,9596,,,2,30,,27643,9596,,,2,63,,27638,9596,,,2,34,,27642,9596,,,2,76,,27663,11232,,,2,30,,27662,11232,,,2,65,,27644,9596,,,2,30,,27646,9596,,,2,67,,27647,9596,,,2,505,,27658,9596,,,2,31,,27648,9596,,,2,72,,27649,9596,,,2,31,,27666,11232,,,2,60,,27665,11232,,,2,12,,27664,11232,,,2,9,,27639,9596,,,2,19,,27651,9596,,,2,54,,27650,9596,,,2,16,,27654,9596,,,2,28,,27656,9596,,,2,67,,27659,9596,,,2,29,,27655,9596,,,2,99,,27653,9596,,,2,385,,27661,9596,,,2,86,,27668,11232,,,2,12,,27660,9596,,,2,75,,27652,9596,,,2
8101,'DI',636,,35898,15662,,,1,100,,35895,15662,,,1,100,,35884,15662,,,1,103,,35891,15662,,,1,100,,35885,15662,,,1,100,,35893,15662,,,1,100,,35897,15662,,,1,100,,35899,15662,,,1,100,,35888,15662,,,1,100,,35892,15662,,,1,100,,35883,15662,,,1,96,,35896,15662,,,1,108,,35886,15662,,,1,96,,35894,15662,,,1,100,,35887,15662,,,1,100,,35900,15662,,,1,100,,35889,15662,,,1,100,,35902,15662,,,1,100,,35901,15662,,,1
8101,'F1',636,,35905,15662,,,1,100,,35903,15662,,,1,100,,35911,15662,,,1,103,,35919,15662,,,1,100,,35916,15662,,,1,100,,35904,15662,,,1,100,,35912,15662,,,1,100,,35909,15662,,,1,100,,35917,15662,,,1,100,,35923,15662,,,1,100,,35920,15662,,,1,100,,35918,15662,,,1,104,,35915,15662,,,1,96,,35914,15662,,,1,100,,35921,15662,,,1,100,,35907,15662,,,1,100,,35910,15662,,,1,100,,35913,15662,,,1,100,,35906,15662,,,1,100,,35908,15662,,,1
8101,'F2',636,,35929,15662,,,1,100,,35936,15662,,,1,100,,35942,15662,,,1,103,,35937,15662,,,1,100,,35938,15662,,,1,100,,35943,15662,,,1,100,,35924,15662,,,1,100,,35926,15662,,,1,100,,35932,15662,,,1,100,,35939,15662,,,1,100,,35944,15662,,,1,100,,35930,15662,,,1,104,,35933,15662,,,1,96,,35940,15662,,,1,100,,35925,15662,,,1,100,,35934,15662,,,1,100,,35928,15662,,,1,100,,35941,15662,,,1,100,,35935,15662,,,1,100,,35931,15662,,,1
8101,'F7',607,,35962,15662,,,1,30,,35959,15662,,,1,22,,35948,15662,,,1,78,,35960,15662,,,1,70,,35955,15662,,,1,31,,35965,15662,,,1,69,,35961,15662,,,1,36,,35953,15662,,,1,98,,35945,15662,,,1,100,,35963,15662,,,1,100,,35954,15662,,,1,100,,35972,15662,,,1,100,,35970,15662,,,1,100,,35951,15662,,,1,71,,35968,15662,,,1,31,,35973,15662,,,1,70,,35964,15662,,,1,30,,35956,15662,,,1,70,,35947,15662,,,1,30,,35969,15662,,,1,70,,35957,15662,,,1,26,,35946,15662,,,1,100,,35952,15662,,,1,100,,35949,15662,,,1,100,,35966,15662,,,1,100,,35971,15662,,,1,100,,35950,15662,,,1,100,,35967,15662,,,1
8101,'F8',636,,35979,15662,,,1,100,,35986,15662,,,1,100,,35992,15662,,,1,103,,35987,15662,,,1,100,,35988,15662,,,1,100,,35993,15662,,,1,100,,35974,15662,,,1,100,,35976,15662,,,1,100,,35982,15662,,,1,100,,35989,15662,,,1,100,,35994,15662,,,1,100,,35980,15662,,,1,104,,35983,15662,,,1,96,,35990,15662,,,1,100,,35975,15662,,,1,100,,35984,15662,,,1,100,,35978,15662,,,1,100,,35991,15662,,,1,100,,35985,15662,,,1,100,,35981,15662,,,1
8101,'F9',636,,36010,15662,,,1,100,,36007,15662,,,1,100,,35996,15662,,,1,103,,36003,15662,,,1,100,,35997,15662,,,1,100,,36005,15662,,,1,100,,36009,15662,,,1,100,,36011,15662,,,1,100,,36000,15662,,,1,100,,36004,15662,,,1,100,,35995,15662,,,1,96,,36008,15662,,,1,108,,35998,15662,,,1,96,,36006,15662,,,1,100,,35999,15662,,,1,100,,36012,15662,,,1,100,,36001,15662,,,1,100,,36014,15662,,,1,100,,36013,15662,,,1
8101,'SA',636,,36020,15662,,,1,100,,36027,15662,,,1,100,,36033,15662,,,1,103,,36028,15662,,,1,100,,36029,15662,,,1,100,,14421,15662,,,1,100,,36015,15662,,,1,100,,36017,15662,,,1,100,,36023,15662,,,1,100,,36030,15662,,,1,100,,36034,15662,,,1,100,,36021,15662,,,1,104,,36024,15662,,,1,96,,36031,15662,,,1,100,,36016,15662,,,1,100,,36025,15662,,,1,100,,36019,15662,,,1,100,,36032,15662,,,1,100,,36026,15662,,,1,100,,36022,15662,,,1
8101,'SE',607,,36052,15662,,,1,30,,36049,15662,,,1,22,,36038,15662,,,1,78,,36050,15662,,,1,70,,36045,15662,,,1,31,,36055,15662,,,1,69,,36051,15662,,,1,36,,36043,15662,,,1,98,,36035,15662,,,1,100,,36053,15662,,,1,100,,36044,15662,,,1,100,,36062,15662,,,1,100,,36060,15662,,,1,100,,36041,15662,,,1,71,,36058,15662,,,1,31,,36063,15662,,,1,70,,36054,15662,,,1,30,,36046,15662,,,1,70,,36037,15662,,,1,30,,36059,15662,,,1,70,,36047,15662,,,1,26,,36036,15662,,,1,100,,36042,15662,,,1,100,,36039,15662,,,1,100,,36056,15662,,,1,100,,36061,15662,,,1,100,,36040,15662,,,1,100,,36057,15662,,,1
