100,'DI',713,,20128,8570,0,14,1,100,,20129,8570,0,14,1,100,,20130,8570,0,14,1,100,,20131,8570,0,14,1,100,,20132,8570,0,14,1,100,,20133,8570,0,14,1,100,,20134,8570,0,14,1,101,,20135,8570,0,14,1,100,,20136,8570,0,14,1,98,,20138,8570,0,14,1,100,,20139,8570,0,14,1,100,,20140,8570,0,14,1,100,,20141,8570,0,14,1,100,,20142,8570,0,14,1,100,,20143,8570,0,14,1,100,,20144,8570,0,14,1,100,,20145,8570,0,14,1,100,,20148,8570,0,14,1,100,,20146,8570,0,14,1,100,,20147,8570,0,14,1
100,'F1',643,,20153,8570,0,14,1,70,,20159,8570,0,14,1,30,,20154,8570,0,14,1,70,,20160,8570,0,14,1,30,,20155,8570,0,14,1,70,,20161,8570,0,14,1,30,,20156,8570,0,14,1,70,,20162,8570,0,14,1,30,,20157,8570,0,14,1,70,,20163,8570,0,14,1,30,,20158,8570,0,14,1,70,,20164,8570,0,14,1,30,,20168,8570,0,14,1,70,,20165,8570,0,14,1,31,,20169,8570,0,14,1,70,,20166,8570,0,14,1,30,,20170,8570,0,14,1,70,,20167,8570,0,14,1,28,,20171,8570,0,14,1,70,,22,8570,0,14,1,30,,20150,8570,0,14,1,70,,23,8570,0,14,1,30,,20151,8570,0,14,1,70,,24,8570,0,14,1,30,,20152,8570,0,14,1,70,,25,8570,0,14,1,100,,26,8570,0,14,1,100,,27,8570,0,14,1,100,,28,8570,0,14,1,100,,29,8570,0,14,1,100,,30,8570,0,14,1,100,,31,8570,0,14,1,100,,32,8570,0,14,1
100,'F2',643,,20194,8570,0,14,1,70,,20183,8570,0,14,1,30,,20195,8570,0,14,1,70,,20184,8570,0,14,1,30,,20196,8570,0,14,1,70,,20185,8570,0,14,1,30,,20198,8570,0,14,1,70,,20186,8570,0,14,1,30,,20199,8570,0,14,1,70,,20187,8570,0,14,1,30,,20200,8570,0,14,1,70,,20188,8570,0,14,1,30,,20201,8570,0,14,1,70,,20189,8570,0,14,1,31,,20205,8570,0,14,1,70,,20190,8570,0,14,1,30,,20206,8570,0,14,1,70,,20191,8570,0,14,1,28,,20202,8570,0,14,1,70,,20172,8570,0,14,1,30,,20203,8570,0,14,1,70,,20173,8570,0,14,1,30,,20204,8570,0,14,1,70,,20174,8570,0,14,1,30,,20193,8570,0,14,1,70,,20175,8570,0,14,1,100,,20176,8570,0,14,1,100,,20177,8570,0,14,1,100,,20178,8570,0,14,1,100,,20179,8570,0,14,1,100,,20180,8570,0,14,1,100,,20181,8570,0,14,1,100,,20182,8570,0,14,1
100,'F7',605,,20229,8570,0,14,1,36,,20240,8570,0,14,1,69,,20245,8570,0,14,1,35,,20235,8570,0,14,1,70,,20243,8570,0,14,1,35,,20238,8570,0,14,1,80,,20234,8570,0,14,1,70,,20253,8570,0,14,1,30,,20207,8570,0,14,1,70,,20251,8570,0,14,1,30,,20222,8570,0,14,1,70,,20254,8570,0,14,1,31,,20220,8570,0,14,1,70,,20242,8570,0,14,1,30,,20230,8570,0,14,1,70,,20247,8570,0,14,1,30,,20227,8570,0,14,1,70,,20236,8570,0,14,1,33,,20255,8570,0,14,1,18,,20257,8570,0,14,1,61,,20239,8570,0,14,1,15,,20216,8570,0,14,1,19,,20231,8570,0,14,1,12,,20208,8570,0,14,1,62,,20249,8570,0,14,1,12,,20237,8570,0,14,1,11,,20224,8570,0,14,1,15,,20246,8570,0,14,1,52,,20209,8570,0,14,1,15,,20241,8570,0,14,1,15,,20217,8570,0,14,1,60,,20252,8570,0,14,1,28,,20256,8570,0,14,1,30,,20225,8570,0,14,1,70,,20250,8570,0,14,1,28,,20210,8570,0,14,1,70,,20248,8570,0,14,1,30,,20211,8570,0,14,1,100,,20212,8570,0,14,1,99,,20213,8570,0,14,1,100,,20214,8570,0,14,1,99,,20215,8570,0,14,1
100,'F8',643,,20280,8570,0,14,1,70,,20269,8570,0,14,1,30,,20281,8570,0,14,1,70,,20270,8570,0,14,1,30,,20282,8570,0,14,1,70,,20271,8570,0,14,1,30,,20284,8570,0,14,1,70,,20272,8570,0,14,1,30,,20285,8570,0,14,1,70,,20273,8570,0,14,1,30,,20286,8570,0,14,1,70,,20274,8570,0,14,1,30,,20287,8570,0,14,1,70,,20275,8570,0,14,1,31,,20291,8570,0,14,1,70,,20276,8570,0,14,1,30,,20292,8570,0,14,1,70,,20277,8570,0,14,1,28,,20288,8570,0,14,1,70,,20258,8570,0,14,1,30,,20289,8570,0,14,1,70,,20259,8570,0,14,1,30,,20290,8570,0,14,1,70,,20260,8570,0,14,1,30,,20279,8570,0,14,1,70,,20261,8570,0,14,1,100,,20262,8570,0,14,1,100,,20263,8570,0,14,1,100,,20264,8570,0,14,1,100,,20265,8570,0,14,1,100,,20266,8570,0,14,1,100,,20267,8570,0,14,1,100,,20268,8570,0,14,1
100,'F9',713,,20293,8570,0,14,1,100,,20294,8570,0,14,1,100,,20295,8570,0,14,1,100,,20296,8570,0,14,1,100,,20297,8570,0,14,1,100,,20298,8570,0,14,1,100,,20299,8570,0,14,1,101,,20300,8570,0,14,1,100,,20301,8570,0,14,1,98,,20303,8570,0,14,1,100,,20304,8570,0,14,1,100,,20305,8570,0,14,1,100,,20306,8570,0,14,1,100,,20307,8570,0,14,1,100,,20308,8570,0,14,1,100,,20309,8570,0,14,1,100,,20310,8570,0,14,1,100,,20313,8570,0,14,1,100,,20311,8570,0,14,1,100,,20312,8570,0,14,1
100,'SA',643,,20325,8570,0,14,1,70,,20314,8570,0,14,1,30,,20326,8570,0,14,1,70,,20315,8570,0,14,1,30,,20327,8570,0,14,1,70,,20316,8570,0,14,1,30,,20329,8570,0,14,1,70,,20317,8570,0,14,1,30,,20330,8570,0,14,1,70,,20318,8570,0,14,1,30,,20331,8570,0,14,1,70,,20319,8570,0,14,1,30,,20332,8570,0,14,1,70,,20320,8570,0,14,1,31,,20336,8570,0,14,1,70,,20321,8570,0,14,1,30,,20337,8570,0,14,1,70,,20322,8570,0,14,1,28,,20333,8570,0,14,1,70,,164,8570,0,14,1,30,,20334,8570,0,14,1,70,,165,8570,0,14,1,30,,20335,8570,0,14,1,70,,166,8570,0,14,1,30,,20324,8570,0,14,1,70,,167,8570,0,14,1,100,,168,8570,0,14,1,100,,169,8570,0,14,1,100,,170,8570,0,14,1,100,,171,8570,0,14,1,100,,172,8570,0,14,1,100,,173,8570,0,14,1,100,,174,8570,0,14,1
100,'SE',605,,20360,8570,0,14,1,36,,20371,8570,0,14,1,69,,20376,8570,0,14,1,35,,20366,8570,0,14,1,70,,20374,8570,0,14,1,35,,20369,8570,0,14,1,80,,20365,8570,0,14,1,70,,20384,8570,0,14,1,30,,20338,8570,0,14,1,70,,20382,8570,0,14,1,30,,20353,8570,0,14,1,70,,20385,8570,0,14,1,31,,20351,8570,0,14,1,70,,20373,8570,0,14,1,30,,20361,8570,0,14,1,70,,20378,8570,0,14,1,30,,20358,8570,0,14,1,70,,20367,8570,0,14,1,33,,20386,8570,0,14,1,18,,20388,8570,0,14,1,61,,20370,8570,0,14,1,15,,20347,8570,0,14,1,19,,20362,8570,0,14,1,12,,20339,8570,0,14,1,62,,20380,8570,0,14,1,12,,20368,8570,0,14,1,11,,20355,8570,0,14,1,15,,20377,8570,0,14,1,52,,20340,8570,0,14,1,15,,20372,8570,0,14,1,15,,20348,8570,0,14,1,60,,20383,8570,0,14,1,28,,20387,8570,0,14,1,30,,20356,8570,0,14,1,70,,20381,8570,0,14,1,28,,20341,8570,0,14,1,70,,20379,8570,0,14,1,30,,20342,8570,0,14,1,100,,20343,8570,0,14,1,99,,20344,8570,0,14,1,100,,20345,8570,0,14,1,99,,20346,8570,0,14,1
50100,'F7',1518,,40619,8534,,,2,184,,40618,8534,,,2
50100,'SE',1518,,40621,8534,,,2,184,,40620,8534,,,2
