13200,'DI',847,,38037,7835,0,21 45,2,100,,38042,7835,0,21 45,2,100,,38038,7835,0,21 45,2,100,,38040,7835,0,21 45,2,100,,38043,7835,0,21 45,2,100,,38046,7835,0,21 45,2,100,,38044,7835,0,21 45,2,105,,38048,7835,0,21 45,2,95,,38047,7835,0,21 45,2,100,,38045,7835,0,21 45,2,101,,38049,7835,0,21 45,2,98,,38050,7835,0,21 45,2,100,,38041,7835,0,21 45,2,100,,38036,7835,0,21 45,2,100,,38051,7835,0,21 45,2,100,,38053,7835,0,21 45,2,100,,38039,7835,0,21 45,2,100,,38052,7835,0,21 45,2
13200,'F1',747,,38068,7835,0,21 45,2,100,,38057,7835,0,21 45,2,100,,38069,7835,0,21 45,2,103,,38054,7835,0,21 45,2,97,,38058,7835,0,21 45,2,104,,38070,7835,0,21 45,2,96,,38067,7835,0,21 45,2,104,,38071,7835,0,21 45,2,96,,38059,7835,0,21 45,2,100,,38055,7835,0,21 45,2,100,,38056,7835,0,21 45,2,101,,38060,7835,0,21 45,2,98,,38061,7835,0,21 45,2,100,,16308,7835,0,21 45,2,100,,38065,7835,0,21 45,2,100,,38062,7835,0,21 45,2,100,,38064,7835,0,21 45,2,100,,38066,7835,0,21 45,2,100,,38063,7835,0,21 45,2
13200,'F2',747,,38090,7835,0,21 45,2,100,,38077,7835,0,21 45,2,100,,38072,7835,0,21 45,2,103,,38073,7835,0,21 45,2,97,,38078,7835,0,21 45,2,104,,38074,7835,0,21 45,2,96,,38089,7835,0,21 45,2,104,,38079,7835,0,21 45,2,96,,38081,7835,0,21 45,2,100,,38075,7835,0,21 45,2,100,,38080,7835,0,21 45,2,101,,38082,7835,0,21 45,2,98,,38084,7835,0,21 45,2,100,,38083,7835,0,21 45,2,100,,38086,7835,0,21 45,2,100,,38085,7835,0,21 45,2,100,,38088,7835,0,21 45,2,100,,38087,7835,0,21 45,2,100,,38076,7835,0,21 45,2
13200,'F7',655,,38101,7835,0,21 45,2,61,,38104,7835,0,21 45,2,11,,38092,7835,0,21 45,2,9,,38103,7835,0,21 45,2,4,,38096,7835,0,21 45,2,62,,38097,7835,0,21 45,2,18,,38102,7835,0,21 45,2,20,,38105,7835,0,21 45,2,79,,38098,7835,0,21 45,2,97,,38116,7835,0,21 45,2,99,,38114,7835,0,21 45,2,96,,38115,7835,0,21 45,2,100,,38106,7835,0,21 45,2,108,,38107,7835,0,21 45,2,95,,38099,7835,0,21 45,2,24,,38108,7835,0,21 45,2,20,,38111,7835,0,21 45,2,60,,38094,7835,0,21 45,2,23,,38100,7835,0,21 45,2,60,,38093,7835,0,21 45,2,20,,38109,7835,0,21 45,2,20,,38091,7835,0,21 45,2,61,,38095,7835,0,21 45,2,19,,38113,7835,0,21 45,2,18,,38110,7835,0,21 45,2,19,,38112,7835,0,21 45,2
13200,'F8',747,,38135,7835,0,21 45,2,100,,38122,7835,0,21 45,2,100,,38117,7835,0,21 45,2,103,,38118,7835,0,21 45,2,97,,38123,7835,0,21 45,2,104,,38119,7835,0,21 45,2,96,,38134,7835,0,21 45,2,104,,38124,7835,0,21 45,2,96,,38126,7835,0,21 45,2,100,,38120,7835,0,21 45,2,100,,38125,7835,0,21 45,2,101,,38127,7835,0,21 45,2,98,,38129,7835,0,21 45,2,100,,38128,7835,0,21 45,2,100,,38131,7835,0,21 45,2,100,,38130,7835,0,21 45,2,100,,38133,7835,0,21 45,2,100,,38132,7835,0,21 45,2,100,,38121,7835,0,21 45,2
13200,'F9',847,,38137,7835,0,21 45,2,100,,38142,7835,0,21 45,2,100,,38138,7835,0,21 45,2,100,,38140,7835,0,21 45,2,100,,38143,7835,0,21 45,2,100,,38146,7835,0,21 45,2,100,,38144,7835,0,21 45,2,105,,38148,7835,0,21 45,2,95,,38147,7835,0,21 45,2,100,,38145,7835,0,21 45,2,101,,38149,7835,0,21 45,2,98,,38150,7835,0,21 45,2,100,,38141,7835,0,21 45,2,100,,38136,7835,0,21 45,2,100,,38151,7835,0,21 45,2,100,,38153,7835,0,21 45,2,100,,38139,7835,0,21 45,2,100,,38152,7835,0,21 45,2
13200,'SA',747,,38172,7835,0,21 45,2,100,,38159,7835,0,21 45,2,100,,38154,7835,0,21 45,2,103,,38155,7835,0,21 45,2,97,,38160,7835,0,21 45,2,104,,38156,7835,0,21 45,2,96,,38171,7835,0,21 45,2,104,,38161,7835,0,21 45,2,96,,38163,7835,0,21 45,2,100,,38157,7835,0,21 45,2,100,,38162,7835,0,21 45,2,101,,38164,7835,0,21 45,2,98,,38166,7835,0,21 45,2,100,,38165,7835,0,21 45,2,100,,38168,7835,0,21 45,2,100,,38167,7835,0,21 45,2,100,,38170,7835,0,21 45,2,100,,38169,7835,0,21 45,2,100,,38158,7835,0,21 45,2
13200,'SE',655,,38182,7835,0,21 45,2,61,,38185,7835,0,21 45,2,11,,38174,7835,0,21 45,2,9,,38184,7835,0,21 45,2,4,,38178,7835,0,21 45,2,62,,38179,7835,0,21 45,2,18,,38183,7835,0,21 45,2,20,,38186,7835,0,21 45,2,79,,16412,7835,0,21 45,2,97,,38196,7835,0,21 45,2,99,,16418,7835,0,21 45,2,96,,38195,7835,0,21 45,2,100,,38187,7835,0,21 45,2,108,,38188,7835,0,21 45,2,95,,38180,7835,0,21 45,2,24,,38189,7835,0,21 45,2,20,,38192,7835,0,21 45,2,60,,38176,7835,0,21 45,2,23,,38181,7835,0,21 45,2,60,,38175,7835,0,21 45,2,20,,38190,7835,0,21 45,2,20,,38173,7835,0,21 45,2,61,,38177,7835,0,21 45,2,19,,38194,7835,0,21 45,2,18,,38191,7835,0,21 45,2,19,,38193,7835,0,21 45,2
54001,'F7',911,,40688,3312,,,2
54001,'SE',911,,40689,3312,,,2
