8101,'DI',630,,35898,11772,,,1,100,,35895,11772,,,1,100,,35884,11772,,,1,103,,35891,11772,,,1,100,,35885,11772,,,1,100,,35893,11772,,,1,100,,35897,11772,,,1,100,,35899,11772,,,1,100,,35888,11772,,,1,100,,35892,11772,,,1,100,,35883,11772,,,1,96,,35896,11772,,,1,108,,35886,11772,,,1,96,,35894,11772,,,1,100,,35887,11772,,,1,100,,35900,11772,,,1,100,,35889,11772,,,1,100,,35902,11772,,,1,100,,35901,11772,,,1,100,,35890,11772,,,1
8101,'F1',630,,35905,11772,,,1,100,,35903,11772,,,1,100,,35911,11772,,,1,103,,35919,11772,,,1,100,,35916,11772,,,1,100,,35904,11772,,,1,100,,35912,11772,,,1,100,,35909,11772,,,1,100,,35917,11772,,,1,100,,35923,11772,,,1,100,,35920,11772,,,1,100,,35918,11772,,,1,104,,35915,11772,,,1,96,,35914,11772,,,1,100,,35921,11772,,,1,100,,35907,11772,,,1,100,,35910,11772,,,1,100,,35913,11772,,,1,100,,35906,11772,,,1,100,,35908,11772,,,1,100,,35922,11772,,,1
8101,'F2',630,,35929,11772,,,1,100,,35936,11772,,,1,100,,35942,11772,,,1,103,,35937,11772,,,1,100,,35938,11772,,,1,100,,35943,11772,,,1,100,,35924,11772,,,1,100,,35926,11772,,,1,100,,35932,11772,,,1,100,,35939,11772,,,1,100,,35944,11772,,,1,100,,35930,11772,,,1,104,,35933,11772,,,1,96,,35940,11772,,,1,100,,35925,11772,,,1,100,,35934,11772,,,1,100,,35928,11772,,,1,100,,35941,11772,,,1,100,,35935,11772,,,1,100,,35931,11772,,,1,100,,35927,11772,,,1
8101,'F7',600,,35962,11772,,,1,30,,35959,11772,,,1,22,,35948,11772,,,1,78,,35960,11772,,,1,70,,35955,11772,,,1,31,,35965,11772,,,1,69,,35961,11772,,,1,36,,35953,11772,,,1,98,,35945,11772,,,1,100,,35963,11772,,,1,100,,35954,11772,,,1,100,,35972,11772,,,1,100,,35970,11772,,,1,100,,35951,11772,,,1,71,,35968,11772,,,1,32,,35973,11772,,,1,70,,35964,11772,,,1,30,,35956,11772,,,1,70,,35947,11772,,,1,30,,35969,11772,,,1,70,,35957,11772,,,1,26,,35946,11772,,,1,100,,35952,11772,,,1,100,,35949,11772,,,1,100,,35966,11772,,,1,100,,35971,11772,,,1,100,,35950,11772,,,1,100,,35967,11772,,,1,100,,35958,11772,,,1
8101,'F8',630,,35979,11772,,,1,100,,35986,11772,,,1,100,,35992,11772,,,1,103,,35987,11772,,,1,100,,35988,11772,,,1,100,,35993,11772,,,1,100,,35974,11772,,,1,100,,35976,11772,,,1,100,,35982,11772,,,1,100,,35989,11772,,,1,100,,35994,11772,,,1,100,,35980,11772,,,1,104,,35983,11772,,,1,96,,35990,11772,,,1,100,,35975,11772,,,1,100,,35984,11772,,,1,100,,35978,11772,,,1,100,,35991,11772,,,1,100,,35985,11772,,,1,100,,35981,11772,,,1,100,,35977,11772,,,1
8101,'F9',630,,36010,11772,,,1,100,,36007,11772,,,1,100,,35996,11772,,,1,103,,36003,11772,,,1,100,,35997,11772,,,1,100,,36005,11772,,,1,100,,36009,11772,,,1,100,,36011,11772,,,1,100,,36000,11772,,,1,100,,36004,11772,,,1,100,,35995,11772,,,1,96,,36008,11772,,,1,108,,35998,11772,,,1,96,,36006,11772,,,1,100,,35999,11772,,,1,100,,36012,11772,,,1,100,,36001,11772,,,1,100,,36014,11772,,,1,100,,36013,11772,,,1,100,,36002,11772,,,1
8101,'SA',630,,36020,11772,,,1,100,,36027,11772,,,1,100,,36033,11772,,,1,103,,36028,11772,,,1,100,,36029,11772,,,1,100,,14421,11772,,,1,100,,36015,11772,,,1,100,,36017,11772,,,1,100,,36023,11772,,,1,100,,36030,11772,,,1,100,,36034,11772,,,1,100,,36021,11772,,,1,104,,36024,11772,,,1,96,,36031,11772,,,1,100,,36016,11772,,,1,100,,36025,11772,,,1,100,,36019,11772,,,1,100,,36032,11772,,,1,100,,36026,11772,,,1,100,,36022,11772,,,1,100,,36018,11772,,,1
8101,'SE',600,,36052,11772,,,1,30,,36049,11772,,,1,22,,36038,11772,,,1,78,,36050,11772,,,1,70,,36045,11772,,,1,31,,36055,11772,,,1,69,,36051,11772,,,1,36,,36043,11772,,,1,98,,36035,11772,,,1,100,,36053,11772,,,1,100,,36044,11772,,,1,100,,36062,11772,,,1,100,,36060,11772,,,1,100,,36041,11772,,,1,71,,36058,11772,,,1,32,,36063,11772,,,1,70,,36054,11772,,,1,30,,36046,11772,,,1,70,,36037,11772,,,1,30,,36059,11772,,,1,70,,36047,11772,,,1,26,,36036,11772,,,1,100,,36042,11772,,,1,100,,36039,11772,,,1,100,,36056,11772,,,1,100,,36061,11772,,,1,100,,36040,11772,,,1,100,,36057,11772,,,1,100,,36048,11772,,,1
8601,'F7',639,,36632,10339,,,2,85,,36633,10339,,,2,32,,36634,10339,,,2
8601,'SE',639,,36635,10339,,,2,85,,36636,10339,,,2,32,,36637,10339,,,2
