7101,'DI',530,,33239,4053,,,2,70,,33251,4053,,,2,29,,33246,4053,,,2,30,,33225,4053,,,2,70,,33249,4053,,,2,30,,33241,4053,,,2,70,,33252,4053,,,2,30,,33240,4053,,,2,71,,33222,4053,,,2,29,,33220,4053,,,2,71,,33221,4053,,,2,70,,33228,4053,,,2,30,,33242,4053,,,2,70,,33253,4053,,,2,30,,33247,4053,,,2,75,,33226,4053,,,2,25,,33248,4053,,,2,70,,33227,4053,,,2,30,,33250,4053,,,2,70,,33245,4053,,,2,30,,33235,4053,,,2,70,,33231,4053,,,2,30,,33238,4053,,,2,70,,33232,4053,,,2,28,,33229,4053,,,2,72,,33233,4053,,,2,30,,33230,4053,,,2,70,,33234,4053,,,2,100,,33236,4053,,,2,59,,33237,4053,,,2,100,,33244,4053,,,2,100,,33223,4053,,,2,100,,33224,4053,,,2
7101,'F1',530,,33276,4053,,,2,70,,33268,4053,,,2,29,,33270,4053,,,2,30,,33274,4053,,,2,70,,11910,4053,,,2,30,,33277,4053,,,2,71,,33254,4053,,,2,29,,33257,4053,,,2,70,,33256,4053,,,2,30,,33278,4053,,,2,71,,33284,4053,,,2,70,,33279,4053,,,2,30,,33259,4053,,,2,70,,33258,4053,,,2,30,,33260,4053,,,2,70,,33275,4053,,,2,30,,33261,4053,,,2,70,,33280,4053,,,2,30,,33262,4053,,,2,70,,33281,4053,,,2,30,,33263,4053,,,2,70,,33282,4053,,,2,30,,33264,4053,,,2,28,,33283,4053,,,2,70,,33265,4053,,,2,76,,33271,4053,,,2,26,,33266,4053,,,2,72,,33272,4053,,,2,98,,33273,4053,,,2,100,,11912,4053,,,2,100,,33267,4053,,,2,100,,33285,4053,,,2,100,,33255,4053,,,2,100,,33286,4053,,,2
7101,'F2',530,,33299,4053,,,2,70,,33296,4053,,,2,29,,33320,4053,,,2,30,,33295,4053,,,2,70,,33290,4053,,,2,30,,33300,4053,,,2,71,,33321,4053,,,2,29,,33297,4053,,,2,70,,33287,4053,,,2,30,,33303,4053,,,2,71,,33316,4053,,,2,70,,33304,4053,,,2,30,,33317,4053,,,2,70,,33305,4053,,,2,30,,33318,4053,,,2,70,,33306,4053,,,2,30,,33319,4053,,,2,70,,33307,4053,,,2,30,,33310,4053,,,2,70,,33308,4053,,,2,30,,33311,4053,,,2,70,,33309,4053,,,2,30,,33312,4053,,,2,28,,33293,4053,,,2,70,,33313,4053,,,2,76,,33298,4053,,,2,26,,33314,4053,,,2,72,,33294,4053,,,2,98,,33301,4053,,,2,100,,33292,4053,,,2,100,,33291,4053,,,2,100,,33289,4053,,,2,100,,33288,4053,,,2,100,,33315,4053,,,2
7101,'F7',454,,33333,4053,,,2,70,,33339,4053,,,2,30,,33334,4053,,,2,70,,33357,4053,,,2,30,,33324,4053,,,2,55,,33346,4053,,,2,25,,33325,4053,,,2,20,,33347,4053,,,2,62,,33359,4053,,,2,18,,33360,4053,,,2,67,,33341,4053,,,2,31,,33330,4053,,,2,69,,33355,4053,,,2,30,,33326,4053,,,2,70,,33356,4053,,,2,30,,33327,4053,,,2,70,,33332,4053,,,2,30,,33328,4053,,,2,70,,33342,4053,,,2,30,,33340,4053,,,2,70,,33343,4053,,,2,30,,33329,4053,,,2,72,,33335,4053,,,2,31,,33361,4053,,,2,71,,33358,4053,,,2,41,,33344,4053,,,2,82,,33338,4053,,,2,76,,33348,4053,,,2,32,,33336,4053,,,2,66,,33349,4053,,,2,30,,33363,4053,,,2,69,,33331,4053,,,2,29,,33364,4053,,,2,70,,33323,4053,,,2,30,,33365,4053,,,2,70,,33350,4053,,,2,30,,33366,4053,,,2,70,,33351,4053,,,2,30,,33322,4053,,,2,70,,33352,4053,,,2,28,,33362,4053,,,2
7101,'F8',530,,33380,4053,,,2,70,,33377,4053,,,2,29,,33401,4053,,,2,30,,33376,4053,,,2,70,,33371,4053,,,2,30,,33381,4053,,,2,71,,33402,4053,,,2,29,,33378,4053,,,2,70,,33368,4053,,,2,30,,33384,4053,,,2,71,,33397,4053,,,2,70,,33385,4053,,,2,30,,33398,4053,,,2,70,,33386,4053,,,2,30,,33399,4053,,,2,70,,33387,4053,,,2,30,,33400,4053,,,2,70,,33388,4053,,,2,30,,33391,4053,,,2,70,,33389,4053,,,2,30,,33392,4053,,,2,70,,33390,4053,,,2,30,,33393,4053,,,2,28,,33374,4053,,,2,70,,33394,4053,,,2,76,,33379,4053,,,2,26,,33395,4053,,,2,72,,33375,4053,,,2,98,,33382,4053,,,2,100,,33373,4053,,,2,100,,33372,4053,,,2,100,,33370,4053,,,2,100,,33369,4053,,,2,100,,33396,4053,,,2
7101,'F9',530,,33422,4053,,,2,70,,33434,4053,,,2,29,,33429,4053,,,2,30,,33408,4053,,,2,70,,33432,4053,,,2,30,,33424,4053,,,2,70,,33435,4053,,,2,30,,33423,4053,,,2,71,,33405,4053,,,2,29,,33403,4053,,,2,71,,33404,4053,,,2,70,,33411,4053,,,2,30,,33425,4053,,,2,70,,33436,4053,,,2,30,,33430,4053,,,2,75,,33409,4053,,,2,25,,33431,4053,,,2,70,,33410,4053,,,2,30,,33433,4053,,,2,70,,33428,4053,,,2,30,,33418,4053,,,2,70,,33414,4053,,,2,30,,33421,4053,,,2,70,,33415,4053,,,2,28,,33412,4053,,,2,72,,33416,4053,,,2,30,,33413,4053,,,2,70,,33417,4053,,,2,100,,33419,4053,,,2,59,,33420,4053,,,2,100,,33427,4053,,,2,100,,33406,4053,,,2,100,,33407,4053,,,2
7101,'SA',530,,33449,4053,,,2,70,,33446,4053,,,2,29,,33468,4053,,,2,30,,33445,4053,,,2,70,,33440,4053,,,2,30,,33450,4053,,,2,71,,33469,4053,,,2,29,,33447,4053,,,2,70,,33437,4053,,,2,30,,33451,4053,,,2,71,,33464,4053,,,2,70,,33452,4053,,,2,30,,33465,4053,,,2,70,,33453,4053,,,2,30,,33466,4053,,,2,70,,33454,4053,,,2,30,,33467,4053,,,2,70,,33455,4053,,,2,30,,33458,4053,,,2,70,,33456,4053,,,2,30,,33459,4053,,,2,70,,33457,4053,,,2,30,,33460,4053,,,2,28,,33443,4053,,,2,70,,33461,4053,,,2,76,,33448,4053,,,2,26,,33462,4053,,,2,72,,33444,4053,,,2,98,,12078,4053,,,2,100,,33442,4053,,,2,100,,33441,4053,,,2,100,,33439,4053,,,2,100,,33438,4053,,,2,100,,33463,4053,,,2
7101,'SE',454,,33481,4053,,,2,70,,33487,4053,,,2,30,,33482,4053,,,2,70,,33505,4053,,,2,30,,33472,4053,,,2,55,,33494,4053,,,2,25,,33473,4053,,,2,20,,33495,4053,,,2,62,,33507,4053,,,2,18,,33508,4053,,,2,67,,33489,4053,,,2,31,,33478,4053,,,2,69,,33503,4053,,,2,30,,33474,4053,,,2,70,,33504,4053,,,2,30,,33475,4053,,,2,70,,33480,4053,,,2,30,,33476,4053,,,2,70,,33490,4053,,,2,30,,33488,4053,,,2,70,,33491,4053,,,2,30,,33477,4053,,,2,72,,33483,4053,,,2,31,,33509,4053,,,2,71,,33506,4053,,,2,41,,33492,4053,,,2,82,,33486,4053,,,2,76,,33496,4053,,,2,32,,33484,4053,,,2,66,,33497,4053,,,2,30,,33511,4053,,,2,69,,33479,4053,,,2,29,,33512,4053,,,2,70,,33471,4053,,,2,30,,33513,4053,,,2,70,,33498,4053,,,2,30,,33514,4053,,,2,70,,33499,4053,,,2,30,,33470,4053,,,2,70,,33500,4053,,,2,28,,33510,4053,,,2
56501,'F7',846,,40723,7152,,,2
56501,'SE',846,,40724,7152,,,2
