4200,'DI',621,,8457,4824,,,1,100,,8440,4824,,,1,100,,8441,4824,,,1,100,,8442,4824,,,1,100,,8443,4824,,,1,100,,8444,4824,,,1,100,,8445,4824,,,1,100,,8446,4824,,,1,100,,8447,4824,,,1,100,,8448,4824,,,1,100,,8449,4824,,,1,100,,8450,4824,,,1,100,,8451,4824,,,1,100,,8458,4824,,,1,100,,8459,4824,,,1,100,,8452,4824,,,1,100,,8453,4824,,,1,100,,8454,4824,,,1,100,,8455,4824,,,1,100,,8456,4824,,,1
4200,'F1',621,,8460,4824,,,1,100,,8461,4824,,,1,100,,8462,4824,,,1,100,,8463,4824,,,1,100,,8464,4824,,,1,100,,8465,4824,,,1,100,,8466,4824,,,1,100,,8467,4824,,,1,100,,8468,4824,,,1,100,,8469,4824,,,1,100,,8470,4824,,,1,100,,8471,4824,,,1,100,,8472,4824,,,1,100,,8473,4824,,,1,100,,8474,4824,,,1,100,,8475,4824,,,1,100,,8476,4824,,,1,100,,8477,4824,,,1,100,,8478,4824,,,1,100,,8479,4824,,,1
4200,'F7',621,,8497,4824,,,1,100,,8480,4824,,,1,100,,8481,4824,,,1,100,,8482,4824,,,1,100,,8483,4824,,,1,100,,8484,4824,,,1,100,,8485,4824,,,1,100,,8486,4824,,,1,100,,8487,4824,,,1,100,,8488,4824,,,1,100,,8489,4824,,,1,100,,8490,4824,,,1,100,,8491,4824,,,1,100,,8498,4824,,,1,100,,8499,4824,,,1,100,,8492,4824,,,1,100,,8493,4824,,,1,100,,8494,4824,,,1,100,,8495,4824,,,1,100,,8496,4824,,,1
4200,'F8',603,,8536,4824,,,1,36,,8510,4824,,,1,69,,8507,4824,,,1,13,,8501,4824,,,1,5,,8531,4824,,,1,4,,8511,4824,,,1,6,,8509,4824,,,1,6,,8502,4824,,,1,64,,8530,4824,,,1,21,,8508,4824,,,1,29,,8537,4824,,,1,69,,8543,4824,,,1,30,,8534,4824,,,1,70,,8504,4824,,,1,30,,8512,4824,,,1,70,,8528,4824,,,1,30,,8542,4824,,,1,70,,8515,4824,,,1,30,,8514,4824,,,1,70,,8541,4824,,,1,30,,8513,4824,,,1,70,,8529,4824,,,1,30,,8505,4824,,,1,71,,8535,4824,,,1,24,,8527,4824,,,1,56,,8516,4824,,,1,16,,8517,4824,,,1,14,,8544,4824,,,1,14,,8500,4824,,,1,54,,8519,4824,,,1,14,,8503,4824,,,1,14,,8518,4824,,,1,13,,8545,4824,,,1,55,,8506,4824,,,1,27,,8538,4824,,,1,30,,8520,4824,,,1,72,,8539,4824,,,1,74,,8521,4824,,,1,30,,8540,4824,,,1,69,,8522,4824,,,1,30,,8532,4824,,,1,70,,8523,4824,,,1,30,,8533,4824,,,1,91,,8524,4824,,,1,100,,8525,4824,,,1,100,,8526,4824,,,1
4200,'F9',621,,8546,4824,,,1,100,,8547,4824,,,1,100,,8548,4824,,,1,100,,8549,4824,,,1,100,,8550,4824,,,1,100,,8551,4824,,,1,100,,8552,4824,,,1,100,,8553,4824,,,1,100,,8554,4824,,,1,100,,8555,4824,,,1,100,,8556,4824,,,1,100,,8557,4824,,,1,100,,8558,4824,,,1,100,,8559,4824,,,1,100,,8560,4824,,,1,100,,8561,4824,,,1,100,,8562,4824,,,1,100,,8563,4824,,,1,100,,8564,4824,,,1,100,,8565,4824,,,1
4200,'SA',621,,8566,4824,,,1,100,,8567,4824,,,1,100,,8568,4824,,,1,100,,8569,4824,,,1,100,,8570,4824,,,1,100,,8571,4824,,,1,100,,8572,4824,,,1,100,,8573,4824,,,1,100,,8574,4824,,,1,100,,8575,4824,,,1,100,,8576,4824,,,1,100,,8577,4824,,,1,100,,8578,4824,,,1,100,,8579,4824,,,1,100,,8580,4824,,,1,100,,8581,4824,,,1,100,,8582,4824,,,1,100,,8583,4824,,,1,100,,8584,4824,,,1,100,,8585,4824,,,1
4200,'SE',603,,8622,4824,,,1,36,,8596,4824,,,1,69,,8593,4824,,,1,13,,8587,4824,,,1,5,,8617,4824,,,1,4,,8597,4824,,,1,6,,8595,4824,,,1,6,,8588,4824,,,1,64,,8616,4824,,,1,21,,8594,4824,,,1,29,,8623,4824,,,1,69,,8629,4824,,,1,30,,8620,4824,,,1,70,,8590,4824,,,1,30,,8598,4824,,,1,70,,8614,4824,,,1,30,,8628,4824,,,1,70,,8601,4824,,,1,30,,8600,4824,,,1,70,,8627,4824,,,1,30,,8599,4824,,,1,70,,8615,4824,,,1,30,,8591,4824,,,1,71,,8621,4824,,,1,24,,8613,4824,,,1,56,,8602,4824,,,1,16,,8603,4824,,,1,14,,8630,4824,,,1,14,,8586,4824,,,1,54,,8605,4824,,,1,14,,8589,4824,,,1,14,,8604,4824,,,1,13,,8631,4824,,,1,55,,8592,4824,,,1,27,,8624,4824,,,1,30,,8606,4824,,,1,72,,8625,4824,,,1,74,,8607,4824,,,1,30,,8626,4824,,,1,69,,8608,4824,,,1,30,,8618,4824,,,1,70,,8609,4824,,,1,30,,8619,4824,,,1,91,,8610,4824,,,1,100,,8611,4824,,,1,100,,8612,4824,,,1
6000,'F8',632,,10967,4824,,,1,85,,10958,4824,,,1,38,,10959,4824,,,1,84,,10961,4824,,,1,101,,10960,4824,,,1,100,,10947,4824,,,1,100,,10951,4824,,,1,100,,10957,4824,,,1,100,,10948,4824,,,1,100,,10956,4824,,,1,94,,10962,4824,,,1,24,,10952,4824,,,1,71,,10949,4824,,,1,28,,10950,4824,,,1,68,,10963,4824,,,1,27,,10964,4824,,,1,65,,10953,4824,,,1,30,,10969,4824,,,1,68,,10965,4824,,,1,99,,10968,4824,,,1,99,,10970,4824,,,1,100,,10966,4824,,,1,90,,10955,4824,,,1,100,,10954,4824,,,1
6000,'SE',632,,10991,4824,,,1,85,,10982,4824,,,1,38,,10983,4824,,,1,84,,10985,4824,,,1,101,,10984,4824,,,1,100,,10971,4824,,,1,100,,10975,4824,,,1,100,,10981,4824,,,1,100,,10972,4824,,,1,100,,10980,4824,,,1,94,,10986,4824,,,1,24,,10976,4824,,,1,71,,10973,4824,,,1,28,,10974,4824,,,1,68,,10987,4824,,,1,27,,10988,4824,,,1,65,,10977,4824,,,1,30,,10993,4824,,,1,68,,10989,4824,,,1,99,,10992,4824,,,1,99,,10994,4824,,,1,100,,10990,4824,,,1,90,,10979,4824,,,1,100,,10978,4824,,,1
16000,'DI',702,,16575,4824,0,19 20,1,100,,16570,4824,0,19 20,1,100,,16582,4824,0,19 20,1,100,,16579,4824,0,19 20,1,100,,16583,4824,0,19 20,1,100,,16572,4824,0,19 20,1,100,,16577,4824,0,19 20,1,100,,16578,4824,0,19 20,1,100,,16573,4824,0,19 20,1,100,,16584,4824,0,19 20,1,100,,16576,4824,0,19 20,1,100,,16574,4824,0,19 20,1,100,,16580,4824,0,19 20,1,102,,16571,4824,0,19 20,1,98,,16581,4824,0,19 20,1
16000,'F1',702,,16595,4824,0,19 20,1,99,,16598,4824,0,19 20,1,101,,16588,4824,0,19 20,1,100,,16585,4824,0,19 20,1,100,,16596,4824,0,19 20,1,99,,16591,4824,0,19 20,1,101,,16589,4824,0,19 20,1,100,,16586,4824,0,19 20,1,100,,16592,4824,0,19 20,1,100,,16599,4824,0,19 20,1,100,,16587,4824,0,19 20,1,100,,16593,4824,0,19 20,1,100,,16597,4824,0,19 20,1,101,,16594,4824,0,19 20,1,99,,16590,4824,0,19 20,1
16000,'F7',702,,16605,4824,0,19 20,1,100,,16600,4824,0,19 20,1,100,,16612,4824,0,19 20,1,100,,16609,4824,0,19 20,1,100,,16613,4824,0,19 20,1,100,,16602,4824,0,19 20,1,100,,16607,4824,0,19 20,1,100,,16608,4824,0,19 20,1,100,,16603,4824,0,19 20,1,100,,16614,4824,0,19 20,1,100,,16606,4824,0,19 20,1,100,,16604,4824,0,19 20,1,100,,16610,4824,0,19 20,1,102,,16601,4824,0,19 20,1,98,,16611,4824,0,19 20,1
16000,'F8',616,,16619,4824,0,19 20,1,95,,16622,4824,0,19 20,1,41,,16620,4824,0,19 20,1,91,,16623,4824,0,19 20,1,90,,16621,4824,0,19 20,1,86,,16618,4824,0,19 20,1,100,,16615,4824,0,19 20,1,100,,16628,4824,0,19 20,1,100,,16629,4824,0,19 20,1,100,,16631,4824,0,19 20,1,99,,16633,4824,0,19 20,1,24,,16627,4824,0,19 20,1,72,,16635,4824,0,19 20,1,29,,16632,4824,0,19 20,1,68,,16624,4824,0,19 20,1,27,,16634,4824,0,19 20,1,69,,16616,4824,0,19 20,1,30,,16630,4824,0,19 20,1,70,,16625,4824,0,19 20,1,47,,16636,4824,0,19 20,1,100,,16617,4824,0,19 20,1,100,,16637,4824,0,19 20,1,92,,16626,4824,0,19 20,1,100,,16638,4824,0,19 20,1
16000,'F9',702,,16649,4824,0,19 20,1,99,,16652,4824,0,19 20,1,101,,16642,4824,0,19 20,1,100,,16639,4824,0,19 20,1,100,,16650,4824,0,19 20,1,99,,16645,4824,0,19 20,1,101,,16643,4824,0,19 20,1,100,,16640,4824,0,19 20,1,100,,16646,4824,0,19 20,1,100,,16653,4824,0,19 20,1,100,,16641,4824,0,19 20,1,100,,16647,4824,0,19 20,1,100,,16651,4824,0,19 20,1,101,,16648,4824,0,19 20,1,99,,16644,4824,0,19 20,1
16000,'SA',702,,16664,4824,0,19 20,1,99,,16667,4824,0,19 20,1,101,,16657,4824,0,19 20,1,100,,16654,4824,0,19 20,1,100,,16665,4824,0,19 20,1,99,,16660,4824,0,19 20,1,101,,16658,4824,0,19 20,1,100,,16655,4824,0,19 20,1,100,,16661,4824,0,19 20,1,100,,16668,4824,0,19 20,1,100,,16656,4824,0,19 20,1,100,,16662,4824,0,19 20,1,100,,16666,4824,0,19 20,1,101,,16663,4824,0,19 20,1,99,,16659,4824,0,19 20,1
16000,'SE',616,,16673,4824,0,19 20,1,95,,16676,4824,0,19 20,1,41,,16674,4824,0,19 20,1,91,,16677,4824,0,19 20,1,90,,16675,4824,0,19 20,1,86,,16672,4824,0,19 20,1,100,,16669,4824,0,19 20,1,100,,16682,4824,0,19 20,1,100,,16683,4824,0,19 20,1,100,,16685,4824,0,19 20,1,99,,16687,4824,0,19 20,1,24,,16681,4824,0,19 20,1,72,,16689,4824,0,19 20,1,29,,16686,4824,0,19 20,1,68,,16678,4824,0,19 20,1,27,,16688,4824,0,19 20,1,69,,16670,4824,0,19 20,1,30,,16684,4824,0,19 20,1,70,,16679,4824,0,19 20,1,47,,16690,4824,0,19 20,1,100,,16671,4824,0,19 20,1,100,,16691,4824,0,19 20,1,92,,16680,4824,0,19 20,1,100,,16692,4824,0,19 20,1
54201,'F8',908,,18800,4911,,,2
54201,'SE',908,,18801,4911,,,2
