1300,'DI',707,,3422,7994,,,1,100,,3418,7994,,,1,100,,3423,7994,,,1,100,,3419,7994,,,1,100,,3424,7994,,,1,100,,3420,7994,,,1,100,,3425,7994,,,1,95,,3421,7994,,,1,105,,3433,7994,,,1,100,,3432,7994,,,1,100,,3436,7994,,,1,100,,3435,7994,,,1,100,,3427,7994,,,1,100,,3434,7994,,,1,100,,3430,7994,,,1,100,,3428,7994,,,1,100,,3426,7994,,,1,100,,3431,7994,,,1,100,,3429,7994,,,1
1300,'F1',707,,3441,7994,,,1,100,,3444,7994,,,1,100,,3446,7994,,,1,101,,3447,7994,,,1,99,,3450,7994,,,1,100,,3448,7994,,,1,100,,3451,7994,,,1,100,,3449,7994,,,1,100,,3452,7994,,,1,100,,3439,7994,,,1,100,,3455,7994,,,1,100,,3442,7994,,,1,100,,3440,7994,,,1,100,,3445,7994,,,1,100,,3438,7994,,,1,100,,3456,7994,,,1,100,,3453,7994,,,1,100,,3437,7994,,,1,100,,3454,7994,,,1,100,,3443,7994,,,1
1300,'F7',707,,3461,7994,,,1,100,,3457,7994,,,1,100,,3462,7994,,,1,100,,3458,7994,,,1,100,,3463,7994,,,1,100,,3459,7994,,,1,100,,3464,7994,,,1,95,,3460,7994,,,1,105,,3472,7994,,,1,100,,3471,7994,,,1,100,,3475,7994,,,1,100,,3474,7994,,,1,100,,3466,7994,,,1,100,,3473,7994,,,1,100,,3469,7994,,,1,100,,3467,7994,,,1,100,,3465,7994,,,1,100,,3470,7994,,,1,100,,3468,7994,,,1
1300,'F8',610,,3485,7994,,,1,33,,3505,7994,,,1,67,,3488,7994,,,1,32,,3479,7994,,,1,15,,3506,7994,,,1,55,,3508,7994,,,1,15,,3480,7994,,,1,25,,3486,7994,,,1,65,,3504,7994,,,1,29,,3496,7994,,,1,70,,3487,7994,,,1,30,,3513,7994,,,1,70,,3477,7994,,,1,30,,3489,7994,,,1,70,,3481,7994,,,1,31,,3490,7994,,,1,70,,3494,7994,,,1,30,,3509,7994,,,1,70,,3514,7994,,,1,30,,3497,7994,,,1,72,,3478,7994,,,1,30,,3499,7994,,,1,61,,3503,7994,,,1,20,,3511,7994,,,1,15,,3482,7994,,,1,13,,3507,7994,,,1,50,,3484,7994,,,1,16,,3491,7994,,,1,20,,3476,7994,,,1,60,,3502,7994,,,1,20,,3516,7994,,,1,27,,3498,7994,,,1,68,,3515,7994,,,1,32,,3495,7994,,,1,70,,3483,7994,,,1,30,,3492,7994,,,1,69,,3512,7994,,,1,100,,3510,7994,,,1,100,,3493,7994,,,1,100,,3500,7994,,,1,103,,3501,7994,,,1
1300,'F9',707,,3521,7994,,,1,100,,3524,7994,,,1,100,,3526,7994,,,1,101,,3527,7994,,,1,99,,3530,7994,,,1,100,,3528,7994,,,1,100,,3531,7994,,,1,100,,3529,7994,,,1,100,,3532,7994,,,1,100,,3519,7994,,,1,100,,3535,7994,,,1,100,,3522,7994,,,1,100,,3520,7994,,,1,100,,3525,7994,,,1,100,,3518,7994,,,1,100,,3536,7994,,,1,100,,3533,7994,,,1,100,,3517,7994,,,1,100,,3534,7994,,,1,100,,3523,7994,,,1
1300,'SA',707,,3541,7994,,,1,100,,3544,7994,,,1,100,,3546,7994,,,1,101,,3547,7994,,,1,99,,3550,7994,,,1,100,,3548,7994,,,1,100,,3551,7994,,,1,100,,3549,7994,,,1,100,,3552,7994,,,1,100,,3539,7994,,,1,100,,3555,7994,,,1,100,,3542,7994,,,1,100,,3540,7994,,,1,100,,3545,7994,,,1,100,,3538,7994,,,1,100,,3556,7994,,,1,100,,3553,7994,,,1,100,,3537,7994,,,1,100,,3554,7994,,,1,100,,3543,7994,,,1
1300,'SE',610,,3566,7994,,,1,33,,3586,7994,,,1,67,,3569,7994,,,1,32,,3560,7994,,,1,15,,3587,7994,,,1,55,,3589,7994,,,1,15,,3561,7994,,,1,25,,3567,7994,,,1,65,,3585,7994,,,1,29,,3577,7994,,,1,70,,3568,7994,,,1,30,,3594,7994,,,1,70,,3558,7994,,,1,30,,3570,7994,,,1,70,,3562,7994,,,1,31,,3571,7994,,,1,70,,3575,7994,,,1,30,,3590,7994,,,1,70,,3595,7994,,,1,30,,3578,7994,,,1,72,,3559,7994,,,1,30,,3580,7994,,,1,61,,3584,7994,,,1,20,,3592,7994,,,1,15,,3563,7994,,,1,13,,3588,7994,,,1,50,,3565,7994,,,1,16,,3572,7994,,,1,20,,3557,7994,,,1,60,,3583,7994,,,1,20,,3597,7994,,,1,27,,3579,7994,,,1,68,,3596,7994,,,1,32,,3576,7994,,,1,70,,3564,7994,,,1,30,,3573,7994,,,1,69,,3593,7994,,,1,100,,3591,7994,,,1,100,,3574,7994,,,1,100,,3581,7994,,,1,103,,3582,7994,,,1
61300,'F8',1653,,18879,7564,,,2,53,,18878,7564,,,2
61300,'SE',1653,,18881,7564,,,2,53,,18880,7564,,,2
69501,'F8',842,,19064,3016,,,2,1,,19065,3016,,,2
69501,'SE',842,,19066,3016,,,2,1,,19067,3016,,,2
