1401,'F7',603,,24311,5916,,,1,30,,24313,5916,,,1,20,,24316,5916,,,1,56,,24315,5916,,,1,16,,24318,5916,,,1,12,,24312,5916,,,1,16,,24309,5916,,,1,54,,24314,5916,,,1,14,,24317,5916,,,1,16,,24320,5916,,,1,16,,24310,5916,,,1,61,,24319,5916,,,1,24,,24328,5916,,,1,100,,24329,5916,,,1,100,,24333,5916,,,1,100,,24334,5916,,,1,100,,24321,5916,,,1,100,,24325,5916,,,1,100,,24323,5916,,,1,85,,24332,5916,,,1,16,,24327,5916,,,1,19,,24322,5916,,,1,64,,24336,5916,,,1,19,,24335,5916,,,1,61,,24330,5916,,,1,20,,24324,5916,,,1,18,,24326,5916,,,1,68,,24331,5916,,,1
1401,'SE',603,,24339,5916,,,1,30,,24341,5916,,,1,20,,24344,5916,,,1,56,,24343,5916,,,1,16,,24346,5916,,,1,12,,24340,5916,,,1,16,,24337,5916,,,1,54,,24342,5916,,,1,14,,24345,5916,,,1,16,,24348,5916,,,1,16,,24338,5916,,,1,61,,24347,5916,,,1,24,,24356,5916,,,1,100,,24357,5916,,,1,100,,24361,5916,,,1,100,,24362,5916,,,1,100,,24349,5916,,,1,100,,24353,5916,,,1,100,,24351,5916,,,1,85,,24360,5916,,,1,16,,24355,5916,,,1,19,,24350,5916,,,1,64,,24364,5916,,,1,19,,24363,5916,,,1,61,,24358,5916,,,1,20,,24352,5916,,,1,18,,24354,5916,,,1,68,,24359,5916,,,1
4901,'DI',628,,31060,5866,,,2,100,,31072,5866,,,2,100,,31061,5866,,,2,100,,31067,5866,,,2,103,,31068,5866,,,2,100,,31069,5866,,,2,100,,31070,5866,,,2,100,,31071,5866,,,2,100,,31062,5866,,,2,100,,31063,5866,,,2,100,,31073,5866,,,2,100,,31074,5866,,,2,99,,31059,5866,,,2,99,,31064,5866,,,2,99,,31065,5866,,,2,100,,31075,5866,,,2,100,,31076,5866,,,2,98,,31066,5866,,,2,100,,31058,5866,,,2
4901,'F1',628,,31078,5866,,,2,100,,31077,5866,,,2,100,,31088,5866,,,2,100,,31094,5866,,,2,103,,31095,5866,,,2,100,,31096,5866,,,2,100,,31081,5866,,,2,100,,31082,5866,,,2,100,,31083,5866,,,2,100,,31084,5866,,,2,100,,31085,5866,,,2,100,,31086,5866,,,2,99,,31087,5866,,,2,99,,31090,5866,,,2,99,,31091,5866,,,2,100,,31079,5866,,,2,100,,31080,5866,,,2,98,,31092,5866,,,2,100,,31089,5866,,,2
4901,'F2',628,,31113,5866,,,2,100,,31097,5866,,,2,100,,31114,5866,,,2,100,,31106,5866,,,2,103,,31100,5866,,,2,100,,31101,5866,,,2,100,,31102,5866,,,2,100,,31103,5866,,,2,100,,31107,5866,,,2,100,,31108,5866,,,2,100,,31109,5866,,,2,100,,31110,5866,,,2,99,,31111,5866,,,2,99,,31098,5866,,,2,99,,31112,5866,,,2,100,,31104,5866,,,2,100,,31099,5866,,,2,98,,31115,5866,,,2,100,,31105,5866,,,2
4901,'F7',627,,31135,5866,,,2,20,,31148,5866,,,2,55,,31124,5866,,,2,18,,31138,5866,,,2,15,,31117,5866,,,2,16,,31136,5866,,,2,54,,31139,5866,,,2,15,,31133,5866,,,2,15,,31137,5866,,,2,15,,31140,5866,,,2,60,,31134,5866,,,2,19,,31141,5866,,,2,101,,31149,5866,,,2,100,,31125,5866,,,2,101,,31118,5866,,,2,100,,31126,5866,,,2,98,,31128,5866,,,2,100,,31122,5866,,,2,103,,31121,5866,,,2,12,,31150,5866,,,2,59,,31129,5866,,,2,10,,31145,5866,,,2,15,,31142,5866,,,2,15,,31152,5866,,,2,15,,31146,5866,,,2,55,,31143,5866,,,2,15,,31130,5866,,,2,14,,31147,5866,,,2,15,,31144,5866,,,2,71,,31151,5866,,,2,100,,31119,5866,,,2,98,,31131,5866,,,2,100,,31120,5866,,,2,99,,31132,5866,,,2,100,,31127,5866,,,2
4901,'F8',628,,31169,5866,,,2,100,,31153,5866,,,2,100,,31170,5866,,,2,100,,31162,5866,,,2,103,,31156,5866,,,2,100,,31157,5866,,,2,100,,31158,5866,,,2,100,,31159,5866,,,2,100,,31163,5866,,,2,100,,31164,5866,,,2,100,,31165,5866,,,2,100,,31166,5866,,,2,99,,31167,5866,,,2,99,,31154,5866,,,2,99,,31168,5866,,,2,100,,31160,5866,,,2,100,,31155,5866,,,2,98,,31171,5866,,,2,100,,31161,5866,,,2
4901,'F9',628,,31175,5866,,,2,100,,31187,5866,,,2,100,,31176,5866,,,2,100,,31182,5866,,,2,103,,31183,5866,,,2,100,,31184,5866,,,2,100,,31185,5866,,,2,100,,31186,5866,,,2,100,,31177,5866,,,2,100,,31178,5866,,,2,100,,31188,5866,,,2,100,,31189,5866,,,2,99,,31174,5866,,,2,99,,31179,5866,,,2,99,,31180,5866,,,2,100,,31190,5866,,,2,100,,31191,5866,,,2,98,,31181,5866,,,2,100,,31173,5866,,,2
4901,'SA',628,,31208,5866,,,2,100,,31192,5866,,,2,100,,31209,5866,,,2,100,,31201,5866,,,2,103,,31195,5866,,,2,100,,31196,5866,,,2,100,,31197,5866,,,2,100,,31198,5866,,,2,100,,31202,5866,,,2,100,,31203,5866,,,2,100,,31204,5866,,,2,100,,31205,5866,,,2,99,,31206,5866,,,2,99,,31193,5866,,,2,99,,31207,5866,,,2,100,,31199,5866,,,2,100,,31194,5866,,,2,98,,31210,5866,,,2,100,,31200,5866,,,2
4901,'SE',627,,31230,5866,,,2,20,,31243,5866,,,2,55,,31219,5866,,,2,18,,31233,5866,,,2,15,,31212,5866,,,2,16,,31231,5866,,,2,54,,31234,5866,,,2,15,,31228,5866,,,2,15,,31232,5866,,,2,15,,31235,5866,,,2,60,,31229,5866,,,2,19,,31236,5866,,,2,101,,31244,5866,,,2,100,,31220,5866,,,2,101,,31213,5866,,,2,100,,31221,5866,,,2,98,,31223,5866,,,2,100,,31217,5866,,,2,103,,31216,5866,,,2,12,,31245,5866,,,2,59,,31224,5866,,,2,10,,31240,5866,,,2,15,,31237,5866,,,2,15,,31247,5866,,,2,15,,31241,5866,,,2,55,,31238,5866,,,2,15,,31225,5866,,,2,14,,31242,5866,,,2,15,,31239,5866,,,2,71,,31246,5866,,,2,100,,31214,5866,,,2,98,,31226,5866,,,2,100,,31215,5866,,,2,99,,31227,5866,,,2,100,,31222,5866,,,2
55001,'F7',906,,40711,2057,,,2
55001,'SE',906,,40712,2057,,,2
68400,'F7',1613,,40899,2359,,,2,1,,40898,2359,,,2
68400,'SE',1613,,40901,2359,,,2,1,,40900,2359,,,2
