4200,'DI',632,,29423,10056,,,1,100,,29424,10056,,,1,100,,29425,10056,,,1,100,,29426,10056,,,1,100,,29427,10056,,,1,102,,29428,10056,,,1,100,,29429,10056,,,1,100,,29430,10056,,,1,100,,29431,10056,,,1,100,,29432,10056,,,1,100,,29433,10056,,,1,100,,29434,10056,,,1,100,,29435,10056,,,1,100,,29436,10056,,,1,97,,29437,10056,,,1,100,,29438,10056,,,1,100,,29439,10056,,,1,100,,29440,10056,,,1,100,,29441,10056,,,1,100,,29442,10056,,,1
4200,'F1',632,,29443,10056,,,1,100,,29444,10056,,,1,100,,29445,10056,,,1,100,,29446,10056,,,1,100,,29447,10056,,,1,102,,29448,10056,,,1,100,,29449,10056,,,1,100,,29450,10056,,,1,100,,29451,10056,,,1,100,,29452,10056,,,1,100,,29453,10056,,,1,100,,29454,10056,,,1,100,,29455,10056,,,1,100,,29456,10056,,,1,97,,29457,10056,,,1,100,,29458,10056,,,1,100,,29459,10056,,,1,100,,29460,10056,,,1,100,,29461,10056,,,1,100,,29462,10056,,,1
4200,'F2',632,,29480,10056,,,1,100,,29481,10056,,,1,100,,29482,10056,,,1,100,,29463,10056,,,1,100,,29464,10056,,,1,102,,29465,10056,,,1,100,,29466,10056,,,1,100,,29467,10056,,,1,100,,29468,10056,,,1,100,,29469,10056,,,1,100,,29470,10056,,,1,100,,29471,10056,,,1,100,,29472,10056,,,1,100,,29473,10056,,,1,97,,29474,10056,,,1,100,,29475,10056,,,1,100,,29476,10056,,,1,100,,29477,10056,,,1,100,,29478,10056,,,1,100,,29479,10056,,,1
4200,'F7',615,,29511,10056,,,1,36,,29493,10056,,,1,73,,29496,10056,,,1,12,,29492,10056,,,1,6,,29494,10056,,,1,6,,29489,10056,,,1,6,,29490,10056,,,1,61,,29488,10056,,,1,20,,29497,10056,,,1,74,,29524,10056,,,1,30,,29525,10056,,,1,70,,29491,10056,,,1,30,,29515,10056,,,1,70,,29495,10056,,,1,30,,29520,10056,,,1,70,,29498,10056,,,1,30,,29521,10056,,,1,70,,29484,10056,,,1,30,,29501,10056,,,1,70,,29499,10056,,,1,30,,29513,10056,,,1,70,,29523,10056,,,1,33,,29502,10056,,,1,70,,29518,10056,,,1,29,,29516,10056,,,1,64,,29522,10056,,,1,15,,29519,10056,,,1,14,,29483,10056,,,1,14,,29517,10056,,,1,52,,29512,10056,,,1,15,,29514,10056,,,1,27,,29500,10056,,,1,69,,29503,10056,,,1,31,,29507,10056,,,1,74,,29504,10056,,,1,30,,29508,10056,,,1,68,,29505,10056,,,1,30,,29509,10056,,,1,70,,29506,10056,,,1,30,,29510,10056,,,1,91,,29485,10056,,,1,100,,29486,10056,,,1,100,,29487,10056,,,1
4200,'F8',632,,29543,10056,,,1,100,,29544,10056,,,1,100,,29545,10056,,,1,100,,29526,10056,,,1,100,,29527,10056,,,1,102,,29528,10056,,,1,100,,29529,10056,,,1,100,,29530,10056,,,1,100,,29531,10056,,,1,100,,29532,10056,,,1,100,,29533,10056,,,1,100,,29534,10056,,,1,100,,29535,10056,,,1,100,,29536,10056,,,1,97,,29537,10056,,,1,100,,29538,10056,,,1,100,,29539,10056,,,1,100,,29540,10056,,,1,100,,29541,10056,,,1,100,,29542,10056,,,1
4200,'F9',632,,29546,10056,,,1,100,,29547,10056,,,1,100,,29548,10056,,,1,100,,29549,10056,,,1,100,,29550,10056,,,1,102,,29551,10056,,,1,100,,29552,10056,,,1,100,,29553,10056,,,1,100,,29554,10056,,,1,100,,29555,10056,,,1,100,,29556,10056,,,1,100,,29557,10056,,,1,100,,29558,10056,,,1,100,,29559,10056,,,1,97,,29560,10056,,,1,100,,29561,10056,,,1,100,,29562,10056,,,1,100,,29563,10056,,,1,100,,29564,10056,,,1,100,,29565,10056,,,1
4200,'SA',632,,29583,10056,,,1,100,,29584,10056,,,1,100,,29585,10056,,,1,100,,29566,10056,,,1,100,,29567,10056,,,1,102,,29568,10056,,,1,100,,29569,10056,,,1,100,,29570,10056,,,1,100,,29571,10056,,,1,100,,29572,10056,,,1,100,,29573,10056,,,1,100,,29574,10056,,,1,100,,29575,10056,,,1,100,,29576,10056,,,1,97,,29577,10056,,,1,100,,29578,10056,,,1,100,,29579,10056,,,1,100,,29580,10056,,,1,100,,29581,10056,,,1,100,,29582,10056,,,1
4200,'SE',615,,29614,10056,,,1,36,,29596,10056,,,1,73,,29599,10056,,,1,12,,29595,10056,,,1,6,,29597,10056,,,1,6,,29592,10056,,,1,6,,29593,10056,,,1,61,,29591,10056,,,1,20,,29600,10056,,,1,74,,29627,10056,,,1,30,,29628,10056,,,1,70,,29594,10056,,,1,30,,29618,10056,,,1,70,,29598,10056,,,1,30,,29623,10056,,,1,70,,29601,10056,,,1,30,,29624,10056,,,1,70,,29587,10056,,,1,30,,29604,10056,,,1,70,,29602,10056,,,1,30,,29616,10056,,,1,70,,29626,10056,,,1,33,,29605,10056,,,1,70,,29621,10056,,,1,29,,29619,10056,,,1,64,,29625,10056,,,1,15,,29622,10056,,,1,14,,29586,10056,,,1,14,,29620,10056,,,1,52,,29615,10056,,,1,15,,29617,10056,,,1,27,,29603,10056,,,1,69,,29606,10056,,,1,31,,29610,10056,,,1,74,,29607,10056,,,1,30,,29611,10056,,,1,68,,29608,10056,,,1,30,,29612,10056,,,1,70,,29609,10056,,,1,30,,29613,10056,,,1,91,,29588,10056,,,1,100,,29589,10056,,,1,100,,29590,10056,,,1
13200,'DI',849,,38037,8682,0,21 45,2,100,,38042,8682,0,21 45,2,100,,38038,8682,0,21 45,2,100,,38040,8682,0,21 45,2,100,,38043,8682,0,21 45,2,100,,38046,8682,0,21 45,2,100,,38044,8682,0,21 45,2,105,,38048,8682,0,21 45,2,95,,38047,8682,0,21 45,2,100,,38045,8682,0,21 45,2,101,,38049,8682,0,21 45,2,98,,38050,8682,0,21 45,2,100,,38041,8682,0,21 45,2,100,,38036,8682,0,21 45,2,100,,38051,8682,0,21 45,2,100,,38053,8682,0,21 45,2,100,,38039,8682,0,21 45,2,100,,38052,8682,0,21 45,2
13200,'F1',749,,38068,8682,0,21 45,2,100,,38057,8682,0,21 45,2,100,,38069,8682,0,21 45,2,103,,38054,8682,0,21 45,2,97,,38058,8682,0,21 45,2,104,,38070,8682,0,21 45,2,96,,38067,8682,0,21 45,2,104,,38071,8682,0,21 45,2,96,,38059,8682,0,21 45,2,100,,38055,8682,0,21 45,2,100,,38056,8682,0,21 45,2,101,,38060,8682,0,21 45,2,98,,38061,8682,0,21 45,2,100,,16308,8682,0,21 45,2,100,,38065,8682,0,21 45,2,100,,38062,8682,0,21 45,2,100,,38064,8682,0,21 45,2,100,,38066,8682,0,21 45,2,100,,38063,8682,0,21 45,2
13200,'F2',749,,38090,8682,0,21 45,2,100,,38077,8682,0,21 45,2,100,,38072,8682,0,21 45,2,103,,38073,8682,0,21 45,2,97,,38078,8682,0,21 45,2,104,,38074,8682,0,21 45,2,96,,38089,8682,0,21 45,2,104,,38079,8682,0,21 45,2,96,,38081,8682,0,21 45,2,100,,38075,8682,0,21 45,2,100,,38080,8682,0,21 45,2,101,,38082,8682,0,21 45,2,98,,38084,8682,0,21 45,2,100,,38083,8682,0,21 45,2,100,,38086,8682,0,21 45,2,100,,38085,8682,0,21 45,2,100,,38088,8682,0,21 45,2,100,,38087,8682,0,21 45,2,100,,38076,8682,0,21 45,2
13200,'F7',657,,38101,8682,0,21 45,2,61,,38104,8682,0,21 45,2,11,,38092,8682,0,21 45,2,9,,38103,8682,0,21 45,2,4,,38096,8682,0,21 45,2,62,,38097,8682,0,21 45,2,18,,38102,8682,0,21 45,2,20,,38105,8682,0,21 45,2,79,,38098,8682,0,21 45,2,97,,38116,8682,0,21 45,2,99,,38114,8682,0,21 45,2,96,,38115,8682,0,21 45,2,100,,38106,8682,0,21 45,2,108,,38107,8682,0,21 45,2,95,,38099,8682,0,21 45,2,24,,38108,8682,0,21 45,2,60,,38111,8682,0,21 45,2,20,,38094,8682,0,21 45,2,23,,38100,8682,0,21 45,2,60,,38093,8682,0,21 45,2,20,,38109,8682,0,21 45,2,20,,38091,8682,0,21 45,2,61,,38095,8682,0,21 45,2,19,,38113,8682,0,21 45,2,18,,38110,8682,0,21 45,2,59,,38112,8682,0,21 45,2
13200,'F8',749,,38135,8682,0,21 45,2,100,,38122,8682,0,21 45,2,100,,38117,8682,0,21 45,2,103,,38118,8682,0,21 45,2,97,,38123,8682,0,21 45,2,104,,38119,8682,0,21 45,2,96,,38134,8682,0,21 45,2,104,,38124,8682,0,21 45,2,96,,38126,8682,0,21 45,2,100,,38120,8682,0,21 45,2,100,,38125,8682,0,21 45,2,101,,38127,8682,0,21 45,2,98,,38129,8682,0,21 45,2,100,,38128,8682,0,21 45,2,100,,38131,8682,0,21 45,2,100,,38130,8682,0,21 45,2,100,,38133,8682,0,21 45,2,100,,38132,8682,0,21 45,2,100,,38121,8682,0,21 45,2
13200,'F9',849,,38137,8682,0,21 45,2,100,,38142,8682,0,21 45,2,100,,38138,8682,0,21 45,2,100,,38140,8682,0,21 45,2,100,,38143,8682,0,21 45,2,100,,38146,8682,0,21 45,2,100,,38144,8682,0,21 45,2,105,,38148,8682,0,21 45,2,95,,38147,8682,0,21 45,2,100,,38145,8682,0,21 45,2,101,,38149,8682,0,21 45,2,98,,38150,8682,0,21 45,2,100,,38141,8682,0,21 45,2,100,,38136,8682,0,21 45,2,100,,38151,8682,0,21 45,2,100,,38153,8682,0,21 45,2,100,,38139,8682,0,21 45,2,100,,38152,8682,0,21 45,2
13200,'SA',749,,38172,8682,0,21 45,2,100,,38159,8682,0,21 45,2,100,,38154,8682,0,21 45,2,103,,38155,8682,0,21 45,2,97,,38160,8682,0,21 45,2,104,,38156,8682,0,21 45,2,96,,38171,8682,0,21 45,2,104,,38161,8682,0,21 45,2,96,,38163,8682,0,21 45,2,100,,38157,8682,0,21 45,2,100,,38162,8682,0,21 45,2,101,,38164,8682,0,21 45,2,98,,38166,8682,0,21 45,2,100,,38165,8682,0,21 45,2,100,,38168,8682,0,21 45,2,100,,38167,8682,0,21 45,2,100,,38170,8682,0,21 45,2,100,,38169,8682,0,21 45,2,100,,38158,8682,0,21 45,2
13200,'SE',657,,38182,8682,0,21 45,2,61,,38185,8682,0,21 45,2,11,,38174,8682,0,21 45,2,9,,38184,8682,0,21 45,2,4,,38178,8682,0,21 45,2,62,,38179,8682,0,21 45,2,18,,38183,8682,0,21 45,2,20,,38186,8682,0,21 45,2,79,,16412,8682,0,21 45,2,97,,38196,8682,0,21 45,2,99,,16418,8682,0,21 45,2,96,,38195,8682,0,21 45,2,100,,38187,8682,0,21 45,2,108,,38188,8682,0,21 45,2,95,,38180,8682,0,21 45,2,24,,38189,8682,0,21 45,2,60,,38192,8682,0,21 45,2,20,,38176,8682,0,21 45,2,23,,38181,8682,0,21 45,2,60,,38175,8682,0,21 45,2,20,,38190,8682,0,21 45,2,20,,38173,8682,0,21 45,2,61,,38177,8682,0,21 45,2,19,,38194,8682,0,21 45,2,18,,38191,8682,0,21 45,2,59,,38193,8682,0,21 45,2
