4701,'DI',704,,30682,7702,,,1,100,,30668,7702,,,1,100,,30670,7702,,,1,100,,30686,7702,,,1,100,,30669,7702,,,1,100,,30674,7702,,,1,100,,30683,7702,,,1,100,,30671,7702,,,1,104,,30672,7702,,,1,51,,30677,7702,,,1,148,,30678,7702,,,1,102,,30673,7702,,,1,95,,30679,7702,,,1,96,,30675,7702,,,1,100,,30680,7702,,,1,59,,30684,7702,,,1,100,,30676,7702,,,1,100,,30681,7702,,,1,100,,30685,7702,,,1
4701,'F1',704,,30699,7702,,,1,103,,30704,7702,,,1,101,,30689,7702,,,1,96,,30694,7702,,,1,96,,30702,7702,,,1,104,,30695,7702,,,1,100,,30687,7702,,,1,100,,30696,7702,,,1,55,,30688,7702,,,1,144,,30705,7702,,,1,100,,30700,7702,,,1,101,,30703,7702,,,1,100,,30701,7702,,,1,96,,30690,7702,,,1,100,,30706,7702,,,1,57,,30697,7702,,,1,100,,30698,7702,,,1,100,,30691,7702,,,1,100,,30692,7702,,,1,100,,30693,7702,,,1
4701,'F2',704,,30723,7702,,,1,103,,30710,7702,,,1,101,,30707,7702,,,1,96,,30714,7702,,,1,96,,30708,7702,,,1,104,,30715,7702,,,1,100,,30711,7702,,,1,100,,30716,7702,,,1,55,,30709,7702,,,1,144,,30712,7702,,,1,100,,30717,7702,,,1,101,,30713,7702,,,1,100,,30718,7702,,,1,96,,30721,7702,,,1,100,,30719,7702,,,1,57,,30720,7702,,,1,100,,30722,7702,,,1,100,,30724,7702,,,1,100,,30725,7702,,,1,100,,30726,7702,,,1
4701,'F7',622,,30743,7702,,,1,31,,30741,7702,,,1,60,,30742,7702,,,1,15,,30763,7702,,,1,15,,30744,7702,,,1,14,,30747,7702,,,1,55,,30740,7702,,,1,15,,30736,7702,,,1,18,,30762,7702,,,1,60,,30761,7702,,,1,20,,30745,7702,,,1,20,,30764,7702,,,1,70,,30757,7702,,,1,30,,30738,7702,,,1,70,,30746,7702,,,1,30,,30730,7702,,,1,70,,30760,7702,,,1,30,,30731,7702,,,1,70,,30732,7702,,,1,30,,30748,7702,,,1,70,,30767,7702,,,1,30,,30758,7702,,,1,70,,30733,7702,,,1,31,,30739,7702,,,1,71,,30751,7702,,,1,33,,30727,7702,,,1,73,,30749,7702,,,1,18,,30752,7702,,,1,67,,30755,7702,,,1,28,,30750,7702,,,1,70,,30759,7702,,,1,32,,30753,7702,,,1,63,,30765,7702,,,1,30,,30734,7702,,,1,70,,30766,7702,,,1,29,,30729,7702,,,1,70,,30737,7702,,,1,30,,30754,7702,,,1,100,,30728,7702,,,1,100,,30756,7702,,,1,100,,30735,7702,,,1
4701,'F8',704,,30784,7702,,,1,103,,30771,7702,,,1,101,,30768,7702,,,1,96,,30775,7702,,,1,96,,30769,7702,,,1,104,,30776,7702,,,1,100,,30772,7702,,,1,100,,30777,7702,,,1,55,,30770,7702,,,1,144,,30773,7702,,,1,100,,30778,7702,,,1,101,,30774,7702,,,1,100,,30779,7702,,,1,96,,30782,7702,,,1,100,,30780,7702,,,1,57,,30781,7702,,,1,100,,30783,7702,,,1,100,,30785,7702,,,1,100,,30786,7702,,,1,100,,30787,7702,,,1
4701,'F9',704,,30802,7702,,,1,100,,30788,7702,,,1,100,,30790,7702,,,1,100,,30806,7702,,,1,100,,30789,7702,,,1,100,,30794,7702,,,1,100,,30803,7702,,,1,100,,30791,7702,,,1,104,,30792,7702,,,1,51,,30797,7702,,,1,148,,30798,7702,,,1,102,,30793,7702,,,1,95,,30799,7702,,,1,96,,30795,7702,,,1,100,,30800,7702,,,1,59,,30804,7702,,,1,100,,30796,7702,,,1,100,,30801,7702,,,1,100,,30805,7702,,,1
4701,'SA',704,,30823,7702,,,1,103,,30810,7702,,,1,101,,30807,7702,,,1,96,,30814,7702,,,1,96,,30808,7702,,,1,104,,30815,7702,,,1,100,,30811,7702,,,1,100,,30816,7702,,,1,55,,30809,7702,,,1,144,,30812,7702,,,1,100,,30817,7702,,,1,101,,30813,7702,,,1,100,,30818,7702,,,1,96,,30821,7702,,,1,100,,30819,7702,,,1,57,,30820,7702,,,1,100,,30822,7702,,,1,100,,30824,7702,,,1,100,,30825,7702,,,1,100,,30826,7702,,,1
4701,'SE',622,,30843,7702,,,1,31,,30841,7702,,,1,60,,30842,7702,,,1,15,,30863,7702,,,1,15,,30844,7702,,,1,14,,30847,7702,,,1,55,,30840,7702,,,1,15,,30836,7702,,,1,18,,30862,7702,,,1,60,,30861,7702,,,1,20,,30845,7702,,,1,20,,30864,7702,,,1,70,,30857,7702,,,1,30,,30838,7702,,,1,70,,30846,7702,,,1,30,,30830,7702,,,1,70,,30860,7702,,,1,30,,30831,7702,,,1,70,,30832,7702,,,1,30,,30848,7702,,,1,70,,30867,7702,,,1,30,,30858,7702,,,1,70,,30833,7702,,,1,31,,30839,7702,,,1,71,,30851,7702,,,1,33,,30827,7702,,,1,73,,30849,7702,,,1,18,,30852,7702,,,1,67,,30855,7702,,,1,28,,30850,7702,,,1,70,,30859,7702,,,1,32,,30853,7702,,,1,63,,30865,7702,,,1,30,,30834,7702,,,1,70,,30866,7702,,,1,29,,30829,7702,,,1,70,,30837,7702,,,1,30,,30854,7702,,,1,100,,30828,7702,,,1,100,,30856,7702,,,1,100,,30835,7702,,,1
54701,'F7',908,,40703,3364,,,2
54701,'SE',908,,40704,3364,,,2
