'DI',4101,72840,0,'Rome',1,10000,0,'Rome',1,10090,0,'Rome',1,10000,0,'Rome',1,10000,0,'Rome',1,10000,0,'Rome',1,10000,0,'Rome',1,10000,0,'Rome',1,10000,0,'Rome',1,10200,0,'Rome',1,9800,0,'Rome',1,10000,0,'Rome',1,10000,0,'Rome',1,10000,0,'Rome',1,10000,0,'Rome',1,9910,0,'Rome',1,10000,0,'Rome',1,10000,0,'Rome',1,10000,0,'Rome',1
'F1',4101,72840,0,'Rome',1,10000,0,'Rome',1,10090,0,'Rome',1,10000,0,'Rome',1,10000,0,'Rome',1,10000,0,'Rome',1,10000,0,'Rome',1,10000,0,'Rome',1,10000,0,'Rome',1,10200,0,'Rome',1,9800,0,'Rome',1,10000,0,'Rome',1,10000,0,'Rome',1,10000,0,'Rome',1,10000,0,'Rome',1,9910,0,'Rome',1,10000,0,'Rome',1,10000,0,'Rome',1,10000,0,'Rome',1
'F2',4101,72840,0,'Rome',1,10000,0,'Rome',1,10090,0,'Rome',1,10100,0,'Rome',1,9900,0,'Rome',1,10000,0,'Rome',1,10000,0,'Rome',1,10000,0,'Rome',1,10000,0,'Rome',1,10000,0,'Rome',1,10000,0,'Rome',1,10000,0,'Rome',1,10000,0,'Rome',1,10000,0,'Rome',1,10000,0,'Rome',1,9910,0,'Rome',1,10000,0,'Rome',1,10000,0,'Rome',1,10000,0,'Rome',1
'SA',4101,72840,0,'Rome',1,10000,0,'Rome',1,10090,0,'Rome',1,10100,0,'Rome',1,9900,0,'Rome',1,10000,0,'Rome',1,10000,0,'Rome',1,10000,0,'Rome',1,10000,0,'Rome',1,10000,0,'Rome',1,10000,0,'Rome',1,10000,0,'Rome',1,10000,0,'Rome',1,10000,0,'Rome',1,10000,0,'Rome',1,9910,0,'Rome',1,10000,0,'Rome',1,10000,0,'Rome',1,10000,0,'Rome',1
'SE',4101,65930,0,'Rome',1,7000,0,'Rome',1,3000,0,'Rome',1,7500,0,'Rome',1,2500,0,'Rome',1,7000,0,'Rome',1,10000,0,'Rome',1,10000,0,'Rome',1,10000,0,'Rome',1,10000,0,'Rome',1,10090,0,'Rome',1,7000,0,'Rome',1,2900,0,'Rome',1,2700,0,'Rome',1,7800,0,'Rome',1,6600,0,'Rome',1,2910,0,'Rome',1,7100,0,'Rome',1,2900,0,'Rome',1,10000,0,'Rome',1,10000,0,'Rome',1,10000,0,'Rome',1,10000,0,'Rome',1,10000,0,'Rome',1,10000,0,'Rome',1,10000,0,'Rome',1
'DI',4700,61500,,'',1,10000,,'',1,10000,,'',1,10000,,'',1,10000,,'',1,10000,,'',1,10000,,'',1,10000,,'',1,10400,,'',1,9100,,'',1,10800,,'',1,10200,,'',1,9500,,'',1,9920,,'',1,10000,,'',1,10000,,'',1,10000,,'',1,10000,,'',1,10000,,'',1,10000,,'',1
'F1',4700,61500,,'',1,10000,,'',1,10000,,'',1,10000,,'',1,10000,,'',1,10000,,'',1,10000,,'',1,10000,,'',1,10400,,'',1,9100,,'',1,10800,,'',1,10200,,'',1,9500,,'',1,9920,,'',1,10000,,'',1,10000,,'',1,10000,,'',1,10000,,'',1,10000,,'',1,10000,,'',1
'F2',4700,61500,,'',1,10300,,'',1,10100,,'',1,9600,,'',1,9600,,'',1,10400,,'',1,10000,,'',1,10000,,'',1,9500,,'',1,10400,,'',1,10000,,'',1,10100,,'',1,10000,,'',1,9920,,'',1,10000,,'',1,10000,,'',1,10000,,'',1,10000,,'',1,10000,,'',1,10000,,'',1
'SA',4700,61500,,'',1,10300,,'',1,10100,,'',1,9600,,'',1,9600,,'',1,10400,,'',1,10000,,'',1,10000,,'',1,9500,,'',1,10400,,'',1,10000,,'',1,10100,,'',1,10000,,'',1,9920,,'',1,10000,,'',1,10000,,'',1,10000,,'',1,10000,,'',1,10000,,'',1,10000,,'',1
'SE',4700,61920,,'',1,3200,,'',1,6900,,'',1,3300,,'',1,7400,,'',1,3000,,'',1,7000,,'',1,3000,,'',1,7000,,'',1,3000,,'',1,7000,,'',1,3000,,'',1,7000,,'',1,3000,,'',1,7000,,'',1,3000,,'',1,7000,,'',1,3000,,'',1,6800,,'',1,2800,,'',1,7400,,'',1,1500,,'',1,1500,,'',1,5500,,'',1,1500,,'',1,1500,,'',1,1500,,'',1,5500,,'',1,1500,,'',1,1800,,'',1,7000,,'',1,3000,,'',1,7000,,'',1,3000,,'',1,7000,,'',1,3000,,'',1,10000,,'',1,10000,,'',1,10000,,'',1
'SE',54600,162940,,'',2
'SE',55000,163040,,'',2
'SE',65301,85300,,'',2
'SE',66001,85040,,'',2,100,,'',2,100,,'',2
'SE',69201,84430,,'',2
