18500,'F7',619,,38974,12641,,,2,29,,38972,12641,,,2,67,,38975,12641,,,2,30,,38971,12641,,,2,90,,38976,12641,,,2,24,,38973,12641,,,2
18500,'SE',619,,38980,12641,,,2,29,,38978,12641,,,2,67,,38981,12641,,,2,30,,38977,12641,,,2,90,,38982,12641,,,2,24,,38979,12641,,,2
46100,'DI',640,,40004,12541,,,2,75,,40007,12541,,,2,108,,40008,12541,,,2,97,,40009,12541,,,2,30,,40005,12541,,,2,69,,40010,12541,,,2,30,,40012,12541,,,2,70,,40017,12541,,,2,30,,40013,12541,,,2,70,,40018,12541,,,2,30,,40014,12541,,,2,70,,40019,12541,,,2,30,,40015,12541,,,2,70,,40034,12541,,,2,30,,40021,12541,,,2,100,,40022,12541,,,2,96,,40023,12541,,,2,100,,40024,12541,,,2,74,,40026,12541,,,2,30,,40025,12541,,,2,70,,40027,12541,,,2,100,,40029,12541,,,2,100,,40030,12541,,,2,100,,40031,12541,,,2,100,,40032,12541,,,2,100,,40033,12541,,,2
46100,'F1',640,,40041,12541,,,2,75,,40044,12541,,,2,108,,40045,12541,,,2,97,,40046,12541,,,2,30,,40042,12541,,,2,69,,40047,12541,,,2,30,,40049,12541,,,2,70,,40054,12541,,,2,30,,40050,12541,,,2,70,,40055,12541,,,2,30,,40051,12541,,,2,70,,40056,12541,,,2,30,,40052,12541,,,2,70,,40066,12541,,,2,30,,40058,12541,,,2,100,,40059,12541,,,2,96,,40060,12541,,,2,100,,40061,12541,,,2,74,,40063,12541,,,2,30,,40062,12541,,,2,70,,40064,12541,,,2,100,,40037,12541,,,2,100,,40035,12541,,,2,100,,40038,12541,,,2,100,,40040,12541,,,2,100,,40039,12541,,,2
46100,'F2',640,,40073,12541,,,2,75,,40076,12541,,,2,108,,40077,12541,,,2,97,,40078,12541,,,2,30,,40074,12541,,,2,69,,40079,12541,,,2,30,,40081,12541,,,2,70,,40086,12541,,,2,30,,40082,12541,,,2,70,,40087,12541,,,2,30,,40083,12541,,,2,70,,40088,12541,,,2,30,,40084,12541,,,2,70,,40098,12541,,,2,30,,40090,12541,,,2,100,,40091,12541,,,2,96,,40092,12541,,,2,100,,40093,12541,,,2,74,,40095,12541,,,2,30,,40094,12541,,,2,70,,40096,12541,,,2,100,,40069,12541,,,2,100,,40067,12541,,,2,100,,40070,12541,,,2,100,,40072,12541,,,2,100,,40071,12541,,,2
46100,'F7',524,,40100,12541,,,2,19,,40099,12541,,,2,16,,40141,12541,,,2,58,,40140,12541,,,2,24,,40136,12541,,,2,71,,40133,12541,,,2,33,,40142,12541,,,2,84,,40134,12541,,,2,28,,40103,12541,,,2,156,,40104,12541,,,2,30,,40106,12541,,,2,70,,40101,12541,,,2,30,,40108,12541,,,2,70,,40110,12541,,,2,30,,40115,12541,,,2,70,,40105,12541,,,2,30,,40107,12541,,,2,70,,40112,12541,,,2,22,,40109,12541,,,2,75,,40117,12541,,,2,36,,40116,12541,,,2,70,,40138,12541,,,2,26,,40118,12541,,,2,14,,40111,12541,,,2,67,,40113,12541,,,2,21,,40139,12541,,,2,15,,40119,12541,,,2,61,,40120,12541,,,2,86,,40123,12541,,,2,30,,40125,12541,,,2,70,,40128,12541,,,2,30,,40122,12541,,,2,70,,40130,12541,,,2,30,,40129,12541,,,2,70,,40124,12541,,,2,31,,40126,12541,,,2,69,,40131,12541,,,2,30,,40127,12541,,,2,69,,40132,12541,,,2
46100,'F8',640,,40149,12541,,,2,75,,40152,12541,,,2,108,,40153,12541,,,2,97,,40154,12541,,,2,30,,40150,12541,,,2,69,,40155,12541,,,2,30,,40157,12541,,,2,70,,40162,12541,,,2,30,,40158,12541,,,2,70,,40163,12541,,,2,30,,40159,12541,,,2,70,,40164,12541,,,2,30,,40160,12541,,,2,70,,40174,12541,,,2,30,,40166,12541,,,2,100,,40167,12541,,,2,96,,40168,12541,,,2,100,,40169,12541,,,2,74,,40171,12541,,,2,30,,40170,12541,,,2,70,,40172,12541,,,2,100,,40145,12541,,,2,100,,40143,12541,,,2,100,,40146,12541,,,2,100,,40148,12541,,,2,100,,40147,12541,,,2
46100,'F9',640,,40175,12541,,,2,75,,40178,12541,,,2,108,,40179,12541,,,2,97,,40180,12541,,,2,30,,40176,12541,,,2,69,,40181,12541,,,2,30,,40183,12541,,,2,70,,40188,12541,,,2,30,,40184,12541,,,2,70,,40189,12541,,,2,30,,40185,12541,,,2,70,,40190,12541,,,2,30,,40186,12541,,,2,70,,40205,12541,,,2,30,,40192,12541,,,2,100,,40193,12541,,,2,96,,40194,12541,,,2,100,,40195,12541,,,2,74,,40197,12541,,,2,30,,40196,12541,,,2,70,,40198,12541,,,2,100,,40200,12541,,,2,100,,40201,12541,,,2,100,,40202,12541,,,2,100,,40203,12541,,,2,100,,40204,12541,,,2
46100,'SA',640,,40212,12541,,,2,75,,40215,12541,,,2,108,,40216,12541,,,2,97,,40217,12541,,,2,30,,40213,12541,,,2,69,,40218,12541,,,2,30,,40220,12541,,,2,70,,40225,12541,,,2,30,,40221,12541,,,2,70,,40226,12541,,,2,30,,40222,12541,,,2,70,,40227,12541,,,2,30,,40223,12541,,,2,70,,40237,12541,,,2,30,,40229,12541,,,2,100,,40230,12541,,,2,96,,40231,12541,,,2,100,,40232,12541,,,2,74,,40234,12541,,,2,30,,40233,12541,,,2,70,,40235,12541,,,2,100,,40208,12541,,,2,100,,40206,12541,,,2,100,,40209,12541,,,2,100,,40211,12541,,,2,100,,40210,12541,,,2
46100,'SE',524,,40239,12541,,,2,19,,40238,12541,,,2,16,,40280,12541,,,2,58,,40279,12541,,,2,24,,40275,12541,,,2,71,,40272,12541,,,2,33,,40281,12541,,,2,84,,40273,12541,,,2,28,,40242,12541,,,2,156,,40243,12541,,,2,30,,40245,12541,,,2,70,,40240,12541,,,2,30,,40247,12541,,,2,70,,40249,12541,,,2,30,,40254,12541,,,2,70,,40244,12541,,,2,30,,40246,12541,,,2,70,,40251,12541,,,2,22,,40248,12541,,,2,75,,40256,12541,,,2,36,,40255,12541,,,2,70,,40277,12541,,,2,26,,40257,12541,,,2,14,,40250,12541,,,2,67,,40252,12541,,,2,21,,40278,12541,,,2,15,,40258,12541,,,2,61,,40259,12541,,,2,86,,40262,12541,,,2,30,,40264,12541,,,2,70,,40267,12541,,,2,30,,40261,12541,,,2,70,,40269,12541,,,2,30,,40268,12541,,,2,70,,40263,12541,,,2,31,,40265,12541,,,2,69,,40270,12541,,,2,30,,40266,12541,,,2,69,,40271,12541,,,2
