5001,'DI',641,,10261,920,,,2,102,,10259,920,,,2,100,,10267,920,,,2,100,,10262,920,,,2,103,,10263,920,,,2,94,,10268,920,,,2,103,,10269,920,,,2,103,,10270,920,,,2,97,,10260,920,,,2,96,,10272,920,,,2,103,,10273,920,,,2,106,,10271,920,,,2,95,,10266,920,,,2,100,,10276,920,,,2,100,,10264,920,,,2,100,,10277,920,,,2,100,,10274,920,,,2,100,,10265,920,,,2,100,,10278,920,,,2,100,,10275,920,,,2
5001,'F1',643,,10297,920,,,2,98,,10292,920,,,2,102,,10288,920,,,2,97,,10289,920,,,2,103,,10290,920,,,2,96,,10284,920,,,2,102,,10280,920,,,2,98,,10298,920,,,2,99,,10293,920,,,2,103,,10294,920,,,2,103,,10295,920,,,2,103,,10296,920,,,2,96,,10281,920,,,2,100,,10282,920,,,2,100,,10285,920,,,2,100,,10291,920,,,2,97,,10286,920,,,2,103,,10287,920,,,2,101,,10279,920,,,2,99,,10283,920,,,2
5001,'F7',641,,10301,920,,,2,102,,10299,920,,,2,100,,10307,920,,,2,100,,10302,920,,,2,103,,10303,920,,,2,94,,10308,920,,,2,103,,10309,920,,,2,103,,10310,920,,,2,97,,10300,920,,,2,96,,10312,920,,,2,103,,10313,920,,,2,106,,10311,920,,,2,95,,10306,920,,,2,100,,10316,920,,,2,100,,10304,920,,,2,100,,10317,920,,,2,100,,10314,920,,,2,100,,10305,920,,,2,100,,10318,920,,,2,100,,10315,920,,,2
5001,'F8',533,,10326,920,,,2,70,,10329,920,,,2,30,,10331,920,,,2,70,,10333,920,,,2,30,,10319,920,,,2,70,,10321,920,,,2,30,,10332,920,,,2,73,,10330,920,,,2,27,,10343,920,,,2,100,,10345,920,,,2,100,,10344,920,,,2,100,,10334,920,,,2,100,,10335,920,,,2,99,,10322,920,,,2,102,,10327,920,,,2,68,,10346,920,,,2,33,,10328,920,,,2,74,,10347,920,,,2,26,,10342,920,,,2,70,,10337,920,,,2,30,,10336,920,,,2,68,,10323,920,,,2,30,,10338,920,,,2,100,,10320,920,,,2,100,,10325,920,,,2,100,,10339,920,,,2,100,,10341,920,,,2,100,,10324,920,,,2,100,,10340,920,,,2
5001,'F9',643,,10366,920,,,2,98,,10361,920,,,2,102,,10357,920,,,2,97,,10358,920,,,2,103,,10359,920,,,2,96,,10353,920,,,2,102,,10349,920,,,2,98,,10367,920,,,2,99,,10362,920,,,2,103,,10363,920,,,2,103,,10364,920,,,2,103,,10365,920,,,2,96,,10350,920,,,2,100,,10351,920,,,2,100,,10354,920,,,2,100,,10360,920,,,2,97,,10355,920,,,2,103,,10356,920,,,2,101,,10348,920,,,2,99,,10352,920,,,2
5001,'SA',643,,10386,920,,,2,98,,10381,920,,,2,102,,10377,920,,,2,97,,10378,920,,,2,103,,10379,920,,,2,96,,10373,920,,,2,102,,10369,920,,,2,98,,10387,920,,,2,99,,10382,920,,,2,103,,10383,920,,,2,103,,10384,920,,,2,103,,10385,920,,,2,96,,10370,920,,,2,100,,10371,920,,,2,100,,10374,920,,,2,100,,10380,920,,,2,97,,10375,920,,,2,103,,10376,920,,,2,101,,10368,920,,,2,99,,10372,920,,,2
5001,'SE',533,,10395,920,,,2,70,,10398,920,,,2,30,,10400,920,,,2,70,,10402,920,,,2,30,,10388,920,,,2,70,,10390,920,,,2,30,,10401,920,,,2,73,,10399,920,,,2,27,,10412,920,,,2,100,,10414,920,,,2,100,,10413,920,,,2,100,,10403,920,,,2,100,,10404,920,,,2,99,,10391,920,,,2,102,,10396,920,,,2,68,,10415,920,,,2,33,,10397,920,,,2,74,,10416,920,,,2,26,,10411,920,,,2,70,,10406,920,,,2,30,,10405,920,,,2,68,,10392,920,,,2,30,,10407,920,,,2,100,,10389,920,,,2,100,,10394,920,,,2,100,,10408,920,,,2,100,,10410,920,,,2,100,,10393,920,,,2,100,,10409,920,,,2
6001,'F8',548,,11004,4022,,,1,62,,11003,4022,,,1,21,,10997,4022,,,1,28,,11018,4022,,,1,68,,11011,4022,,,1,28,,11008,4022,,,1,68,,11009,4022,,,1,21,,11021,4022,,,1,64,,11012,4022,,,1,100,,11010,4022,,,1,100,,10995,4022,,,1,100,,11000,4022,,,1,101,,11007,4022,,,1,100,,10996,4022,,,1,101,,11006,4022,,,1,95,,11013,4022,,,1,30,,11001,4022,,,1,67,,10998,4022,,,1,28,,10999,4022,,,1,27,,11014,4022,,,1,69,,11015,4022,,,1,30,,11002,4022,,,1,88,,11016,4022,,,1,100,,11019,4022,,,1,100,,11020,4022,,,1,100,,11017,4022,,,1,95,,11005,4022,,,1
6001,'SE',548,,11031,4022,,,1,62,,11030,4022,,,1,21,,11024,4022,,,1,28,,11045,4022,,,1,68,,11038,4022,,,1,28,,11035,4022,,,1,68,,11036,4022,,,1,21,,11048,4022,,,1,64,,11039,4022,,,1,100,,11037,4022,,,1,100,,11022,4022,,,1,100,,11027,4022,,,1,101,,11034,4022,,,1,100,,11023,4022,,,1,101,,11033,4022,,,1,95,,11040,4022,,,1,30,,11028,4022,,,1,67,,11025,4022,,,1,28,,11026,4022,,,1,27,,11041,4022,,,1,69,,11042,4022,,,1,30,,11029,4022,,,1,88,,11043,4022,,,1,100,,11046,4022,,,1,100,,11047,4022,,,1,100,,11044,4022,,,1,95,,11032,4022,,,1
16001,'DI',605,,16702,10416,,,1,99,,16706,10416,,,1,100,,16698,10416,,,1,100,,16693,10416,,,1,100,,16707,10416,,,1,100,,16703,10416,,,1,100,,16708,10416,,,1,100,,16695,10416,,,1,100,,16700,10416,,,1,100,,16701,10416,,,1,100,,16696,10416,,,1,100,,16709,10416,,,1,100,,16699,10416,,,1,100,,16697,10416,,,1,100,,16704,10416,,,1,103,,16694,10416,,,1,97,,16705,10416,,,1
16001,'F1',606,,16713,10416,,,1,99,,16724,10416,,,1,99,,16721,10416,,,1,100,,16725,10416,,,1,99,,16714,10416,,,1,101,,16710,10416,,,1,100,,16722,10416,,,1,100,,16717,10416,,,1,100,,16715,10416,,,1,100,,16711,10416,,,1,100,,16718,10416,,,1,100,,16726,10416,,,1,100,,16712,10416,,,1,101,,16719,10416,,,1,99,,16723,10416,,,1,103,,16720,10416,,,1,97,,16716,10416,,,1
16001,'F7',605,,16736,10416,,,1,99,,16740,10416,,,1,100,,16732,10416,,,1,100,,16727,10416,,,1,100,,16741,10416,,,1,100,,16737,10416,,,1,100,,16742,10416,,,1,100,,16729,10416,,,1,100,,16734,10416,,,1,100,,16735,10416,,,1,100,,16730,10416,,,1,100,,16743,10416,,,1,100,,16733,10416,,,1,100,,16731,10416,,,1,100,,16738,10416,,,1,103,,16728,10416,,,1,97,,16739,10416,,,1
16001,'F8',615,,16747,10416,,,1,28,,16758,10416,,,1,68,,16749,10416,,,1,28,,16753,10416,,,1,67,,16752,10416,,,1,29,,16759,10416,,,1,19,,16750,10416,,,1,83,,16754,10416,,,1,99,,16751,10416,,,1,93,,16748,10416,,,1,100,,16744,10416,,,1,100,,16760,10416,,,1,100,,16761,10416,,,1,99,,16762,10416,,,1,93,,16764,10416,,,1,96,,16766,10416,,,1,31,,16763,10416,,,1,67,,16755,10416,,,1,25,,16765,10416,,,1,66,,16745,10416,,,1,99,,16756,10416,,,1,100,,16767,10416,,,1,101,,16746,10416,,,1,100,,16768,10416,,,1,50,,16757,10416,,,1
16001,'F9',606,,16772,10416,,,1,99,,16783,10416,,,1,99,,16780,10416,,,1,100,,16784,10416,,,1,99,,16773,10416,,,1,101,,16769,10416,,,1,100,,16781,10416,,,1,100,,16776,10416,,,1,100,,16774,10416,,,1,100,,16770,10416,,,1,100,,16777,10416,,,1,100,,16785,10416,,,1,100,,16771,10416,,,1,101,,16778,10416,,,1,99,,16782,10416,,,1,103,,16779,10416,,,1,97,,16775,10416,,,1
16001,'SA',606,,16789,10416,,,1,99,,16800,10416,,,1,99,,16797,10416,,,1,100,,16801,10416,,,1,99,,16790,10416,,,1,101,,16786,10416,,,1,100,,16798,10416,,,1,100,,16793,10416,,,1,100,,16791,10416,,,1,100,,16787,10416,,,1,100,,16794,10416,,,1,100,,16802,10416,,,1,100,,16788,10416,,,1,101,,16795,10416,,,1,99,,16799,10416,,,1,103,,16796,10416,,,1,97,,16792,10416,,,1
16001,'SE',615,,16806,10416,,,1,28,,16817,10416,,,1,68,,16808,10416,,,1,28,,16812,10416,,,1,67,,16811,10416,,,1,29,,16818,10416,,,1,19,,16809,10416,,,1,83,,16813,10416,,,1,99,,16810,10416,,,1,93,,16807,10416,,,1,100,,16803,10416,,,1,100,,16819,10416,,,1,100,,16820,10416,,,1,99,,16821,10416,,,1,93,,16823,10416,,,1,96,,16825,10416,,,1,31,,16822,10416,,,1,67,,16814,10416,,,1,25,,16824,10416,,,1,66,,16804,10416,,,1,99,,16815,10416,,,1,100,,16826,10416,,,1,101,,16805,10416,,,1,100,,16827,10416,,,1,50,,16816,10416,,,1
