4301,'DI',813,,29856,6711,,,1,100,,29849,6711,,,1,100,,29850,6711,,,1,100,,29851,6711,,,1,101,,29852,6711,,,1,100,,29841,6711,,,1,100,,29842,6711,,,1,100,,29847,6711,,,1,101,,29848,6711,,,1,99,,29853,6711,,,1,100,,29843,6711,,,1,99,,29844,6711,,,1,99,,29845,6711,,,1,100,,29854,6711,,,1,100,,29846,6711,,,1,100,,29857,6711,,,1,99,,29855,6711,,,1,100,,29858,6711,,,1
4301,'F1',712,,29868,6711,,,1,101,,29859,6711,,,1,100,,29869,6711,,,1,100,,29876,6711,,,1,100,,29870,6711,,,1,100,,29874,6711,,,1,101,,29861,6711,,,1,100,,29873,6711,,,1,100,,29871,6711,,,1,101,,29875,6711,,,1,99,,29877,6711,,,1,100,,29860,6711,,,1,99,,29863,6711,,,1,99,,29864,6711,,,1,100,,29872,6711,,,1,100,,29865,6711,,,1,100,,29862,6711,,,1,99,,29866,6711,,,1,100,,29867,6711,,,1
4301,'F2',712,,29886,6711,,,1,101,,29880,6711,,,1,100,,29895,6711,,,1,100,,29891,6711,,,1,100,,29896,6711,,,1,100,,29878,6711,,,1,101,,29885,6711,,,1,100,,29888,6711,,,1,100,,29894,6711,,,1,101,,29879,6711,,,1,99,,29887,6711,,,1,100,,29883,6711,,,1,99,,29889,6711,,,1,99,,29881,6711,,,1,100,,29892,6711,,,1,100,,29884,6711,,,1,100,,29882,6711,,,1,99,,29890,6711,,,1,100,,29893,6711,,,1
4301,'F7',659,,29914,6711,,,1,73,,29917,6711,,,1,73,,29898,6711,,,1,22,,29908,6711,,,1,80,,29918,6711,,,1,25,,29897,6711,,,1,70,,29915,6711,,,1,100,,29919,6711,,,1,101,,29899,6711,,,1,100,,29907,6711,,,1,100,,29900,6711,,,1,56,,29916,6711,,,1,74,,29912,6711,,,1,67,,29901,6711,,,1,41,,29902,6711,,,1,66,,29904,6711,,,1,29,,29913,6711,,,1,71,,29910,6711,,,1,29,,29906,6711,,,1,70,,29909,6711,,,1,99,,29922,6711,,,1,100,,29903,6711,,,1,100,,29905,6711,,,1,98,,29920,6711,,,1,100,,29911,6711,,,1,100,,29921,6711,,,1
4301,'F8',712,,29931,6711,,,1,101,,29925,6711,,,1,100,,29940,6711,,,1,100,,29936,6711,,,1,100,,29941,6711,,,1,100,,29923,6711,,,1,101,,29930,6711,,,1,100,,29933,6711,,,1,100,,29939,6711,,,1,101,,29924,6711,,,1,99,,29932,6711,,,1,100,,29928,6711,,,1,99,,29934,6711,,,1,99,,29926,6711,,,1,100,,29937,6711,,,1,100,,29929,6711,,,1,100,,29927,6711,,,1,99,,29935,6711,,,1,100,,29938,6711,,,1
4301,'F9',813,,29957,6711,,,1,100,,29950,6711,,,1,100,,29951,6711,,,1,100,,29952,6711,,,1,101,,29953,6711,,,1,100,,29942,6711,,,1,100,,29943,6711,,,1,100,,29948,6711,,,1,101,,29949,6711,,,1,99,,29954,6711,,,1,100,,29944,6711,,,1,99,,29945,6711,,,1,99,,29946,6711,,,1,100,,29955,6711,,,1,100,,29947,6711,,,1,100,,29958,6711,,,1,99,,29956,6711,,,1,100,,29959,6711,,,1
4301,'SA',712,,29968,6711,,,1,101,,29962,6711,,,1,100,,29976,6711,,,1,100,,29973,6711,,,1,100,,29977,6711,,,1,100,,29960,6711,,,1,101,,29967,6711,,,1,100,,29970,6711,,,1,100,,8946,6711,,,1,101,,29961,6711,,,1,99,,29969,6711,,,1,100,,29965,6711,,,1,99,,29971,6711,,,1,99,,29963,6711,,,1,100,,29974,6711,,,1,100,,29966,6711,,,1,100,,29964,6711,,,1,99,,29972,6711,,,1,100,,29975,6711,,,1
4301,'SE',659,,29995,6711,,,1,73,,29998,6711,,,1,73,,29979,6711,,,1,22,,29989,6711,,,1,80,,29999,6711,,,1,25,,29978,6711,,,1,70,,29996,6711,,,1,100,,30000,6711,,,1,101,,29980,6711,,,1,100,,29988,6711,,,1,100,,29981,6711,,,1,56,,29997,6711,,,1,74,,29993,6711,,,1,67,,29982,6711,,,1,41,,29983,6711,,,1,66,,29985,6711,,,1,29,,29994,6711,,,1,71,,29991,6711,,,1,29,,29987,6711,,,1,70,,29990,6711,,,1,99,,30003,6711,,,1,100,,29984,6711,,,1,100,,29986,6711,,,1,98,,30001,6711,,,1,100,,29992,6711,,,1,100,,30002,6711,,,1
54600,'F7',1633,,40697,7323,,,2
54600,'SE',1633,,40698,7323,,,2
68900,'F7',1613,,40906,2892,,,2,1,,40907,2892,,,2
68900,'SE',1613,,40908,2892,,,2,1,,40909,2892,,,2
