4101,'DI',735,,29270,5096,,,1,100,,29274,5096,,,1,101,,29264,5096,,,1,100,,29260,5096,,,1,100,,29271,5096,,,1,100,,29261,5096,,,1,101,,29272,5096,,,1,100,,29265,5096,,,1,100,,29257,5096,,,1,102,,29262,5096,,,1,98,,29266,5096,,,1,100,,29258,5096,,,1,99,,29267,5096,,,1,100,,29259,5096,,,1,100,,29263,5096,,,1,99,,29268,5096,,,1,100,,29273,5096,,,1,100,,29269,5096,,,1,100,,29275,5096,,,1
4101,'F1',735,,29292,5096,,,1,100,,29294,5096,,,1,101,,29279,5096,,,1,101,,29288,5096,,,1,99,,29276,5096,,,1,100,,29289,5096,,,1,101,,29277,5096,,,1,100,,29290,5096,,,1,100,,29280,5096,,,1,100,,29285,5096,,,1,100,,29281,5096,,,1,100,,29286,5096,,,1,99,,29282,5096,,,1,100,,29291,5096,,,1,100,,29283,5096,,,1,99,,29293,5096,,,1,100,,29287,5096,,,1,100,,29278,5096,,,1,100,,29284,5096,,,1
4101,'F2',735,,29298,5096,,,1,100,,29311,5096,,,1,101,,29299,5096,,,1,101,,29304,5096,,,1,99,,29312,5096,,,1,100,,29305,5096,,,1,101,,29300,5096,,,1,100,,29306,5096,,,1,100,,29301,5096,,,1,100,,29297,5096,,,1,100,,29302,5096,,,1,100,,29295,5096,,,1,99,,29307,5096,,,1,100,,29296,5096,,,1,100,,29313,5096,,,1,99,,29308,5096,,,1,100,,29303,5096,,,1,100,,29309,5096,,,1,100,,29310,5096,,,1
4101,'F7',706,,29314,5096,,,1,30,,29331,5096,,,1,70,,29325,5096,,,1,35,,29326,5096,,,1,65,,29332,5096,,,1,30,,29333,5096,,,1,100,,29328,5096,,,1,100,,29334,5096,,,1,100,,29329,5096,,,1,100,,29318,5096,,,1,101,,29337,5096,,,1,74,,29338,5096,,,1,25,,29335,5096,,,1,67,,29321,5096,,,1,39,,29327,5096,,,1,66,,29316,5096,,,1,28,,29319,5096,,,1,71,,29339,5096,,,1,29,,29324,5096,,,1,100,,29315,5096,,,1,99,,29330,5096,,,1,100,,29317,5096,,,1,100,,29322,5096,,,1,100,,29336,5096,,,1,100,,29323,5096,,,1,100,,29320,5096,,,1
4101,'F8',735,,29343,5096,,,1,100,,29356,5096,,,1,101,,29344,5096,,,1,101,,29349,5096,,,1,99,,29357,5096,,,1,100,,29350,5096,,,1,101,,29345,5096,,,1,100,,29351,5096,,,1,100,,29346,5096,,,1,100,,29342,5096,,,1,100,,29347,5096,,,1,100,,29340,5096,,,1,99,,29352,5096,,,1,100,,29341,5096,,,1,100,,29358,5096,,,1,99,,29353,5096,,,1,100,,29348,5096,,,1,100,,29354,5096,,,1,100,,29355,5096,,,1
4101,'F9',735,,29372,5096,,,1,100,,29376,5096,,,1,101,,29366,5096,,,1,100,,29362,5096,,,1,100,,29373,5096,,,1,100,,29363,5096,,,1,101,,29374,5096,,,1,100,,29367,5096,,,1,100,,29359,5096,,,1,102,,29364,5096,,,1,98,,29368,5096,,,1,100,,29360,5096,,,1,99,,29369,5096,,,1,100,,29361,5096,,,1,100,,29365,5096,,,1,99,,29370,5096,,,1,100,,29375,5096,,,1,100,,29371,5096,,,1,100,,29377,5096,,,1
4101,'SA',735,,29381,5096,,,1,100,,29394,5096,,,1,101,,29382,5096,,,1,101,,29387,5096,,,1,99,,29395,5096,,,1,100,,29388,5096,,,1,101,,29383,5096,,,1,100,,29389,5096,,,1,100,,29384,5096,,,1,100,,29380,5096,,,1,100,,29385,5096,,,1,100,,29378,5096,,,1,99,,29390,5096,,,1,100,,29379,5096,,,1,100,,29396,5096,,,1,99,,29391,5096,,,1,100,,29386,5096,,,1,100,,29392,5096,,,1,100,,29393,5096,,,1
4101,'SE',706,,29397,5096,,,1,30,,29414,5096,,,1,70,,29408,5096,,,1,35,,29409,5096,,,1,65,,29415,5096,,,1,30,,29416,5096,,,1,100,,29411,5096,,,1,100,,29417,5096,,,1,100,,29412,5096,,,1,100,,29401,5096,,,1,101,,29420,5096,,,1,74,,29421,5096,,,1,25,,29418,5096,,,1,67,,29404,5096,,,1,39,,29410,5096,,,1,66,,29399,5096,,,1,28,,29402,5096,,,1,71,,29422,5096,,,1,29,,29407,5096,,,1,100,,29398,5096,,,1,99,,29413,5096,,,1,100,,29400,5096,,,1,100,,29405,5096,,,1,100,,29419,5096,,,1,100,,29406,5096,,,1,100,,29403,5096,,,1
54701,'F7',909,,40703,3730,,,2
54701,'SE',909,,40704,3730,,,2
68901,'F7',853,,40910,2804,,,2,1,,40911,2804,,,2
68901,'SE',853,,40912,2804,,,2,1,,40913,2804,,,2
