9301,'F1',544,,37197,2857,0,39 20,2,89,,37198,2857,0,39 20,2,25,,37199,2857,0,39 20,2,70,,37200,2857,0,39 20,2,29,,37201,2857,0,39 20,2
9301,'F7',544,,37206,2857,0,39 20,2,89,,37203,2857,0,39 20,2,25,,37204,2857,0,39 20,2,70,,37205,2857,0,39 20,2,29,,37202,2857,0,39 20,2
9301,'SE',544,,37211,2857,0,39 20,2,89,,37208,2857,0,39 20,2,25,,37209,2857,0,39 20,2,70,,37210,2857,0,39 20,2,29,,37207,2857,0,39 20,2
9901,'DI',859,,37415,9339,0,19 20,2,100,,37411,9339,0,19 20,2,100,,37403,9339,0,19 20,2,141,,37408,9339,0,19 20,2,100,,37401,9339,0,19 20,2,100,,37404,9339,0,19 20,2,100,,37416,9339,0,19 20,2,100,,37413,9339,0,19 20,2,100,,37410,9339,0,19 20,2,59,,37412,9339,0,19 20,2,144,,37407,9339,0,19 20,2,56,,37405,9339,0,19 20,2,100,,37406,9339,0,19 20,2,100,,37414,9339,0,19 20,2,100,,37417,9339,0,19 20,2,100,,37409,9339,0,19 20,2,100,,37402,9339,0,19 20,2
9901,'F1',754,,37430,9339,0,19 20,2,105,,37422,9339,0,19 20,2,98,,37419,9339,0,19 20,2,102,,15726,9339,0,19 20,2,141,,37427,9339,0,19 20,2,100,,37418,9339,0,19 20,2,100,,37429,9339,0,19 20,2,100,,37433,9339,0,19 20,2,58,,37428,9339,0,19 20,2,142,,37420,9339,0,19 20,2,59,,37434,9339,0,19 20,2,100,,37431,9339,0,19 20,2,100,,37426,9339,0,19 20,2,100,,37424,9339,0,19 20,2,100,,37432,9339,0,19 20,2,100,,37423,9339,0,19 20,2,100,,37435,9339,0,19 20,2,100,,37425,9339,0,19 20,2,100,,37421,9339,0,19 20,2
9901,'F2',754,,37440,9339,0,19 20,2,105,,37439,9339,0,19 20,2,98,,37451,9339,0,19 20,2,102,,37441,9339,0,19 20,2,141,,37447,9339,0,19 20,2,100,,37452,9339,0,19 20,2,100,,37442,9339,0,19 20,2,100,,37446,9339,0,19 20,2,58,,37443,9339,0,19 20,2,142,,37448,9339,0,19 20,2,59,,37453,9339,0,19 20,2,100,,37437,9339,0,19 20,2,100,,37444,9339,0,19 20,2,100,,37449,9339,0,19 20,2,100,,37438,9339,0,19 20,2,100,,37445,9339,0,19 20,2,100,,37436,9339,0,19 20,2,100,,37450,9339,0,19 20,2,100,,37454,9339,0,19 20,2
9901,'F7',551,,37456,9339,,,2,70,,37458,9339,,,2,20,,37460,9339,,,2,18,,37461,9339,,,2,64,,37455,9339,,,2,29,,37459,9339,,,2,76,,37457,9339,,,2,30,,37477,9339,0,19 20,2,100,,37470,9339,0,19 20,2,100,,37463,9339,0,19 20,2,100,,37462,9339,0,19 20,2,100,,37464,9339,0,19 20,2,100,,37466,9339,0,19 20,2,98,,37471,9339,0,19 20,2,97,,37480,9339,0,19 20,2,69,,37478,9339,0,19 20,2,26,,37482,9339,0,19 20,2,78,,37476,9339,0,19 20,2,29,,37479,9339,0,19 20,2,67,,37481,9339,0,19 20,2,37,,37465,9339,0,19 20,2,98,,37468,9339,0,19 20,2,100,,37467,9339,0,19 20,2,100,,37472,9339,0,19 20,2,100,,37474,9339,0,19 20,2,100,,37469,9339,0,19 20,2,100,,37473,9339,0,19 20,2,100,,37475,9339,0,19 20,2
9901,'F8',754,,37487,9339,0,19 20,2,105,,37486,9339,0,19 20,2,98,,37498,9339,0,19 20,2,102,,37488,9339,0,19 20,2,141,,37494,9339,0,19 20,2,100,,37499,9339,0,19 20,2,100,,37489,9339,0,19 20,2,100,,37493,9339,0,19 20,2,58,,37490,9339,0,19 20,2,142,,37495,9339,0,19 20,2,59,,37500,9339,0,19 20,2,100,,37484,9339,0,19 20,2,100,,37491,9339,0,19 20,2,100,,37496,9339,0,19 20,2,100,,37485,9339,0,19 20,2,100,,37492,9339,0,19 20,2,100,,37483,9339,0,19 20,2,100,,37497,9339,0,19 20,2,100,,37501,9339,0,19 20,2
9901,'F9',859,,37516,9339,0,19 20,2,100,,37512,9339,0,19 20,2,100,,37504,9339,0,19 20,2,141,,37509,9339,0,19 20,2,100,,37502,9339,0,19 20,2,100,,37505,9339,0,19 20,2,100,,37517,9339,0,19 20,2,100,,37514,9339,0,19 20,2,100,,37511,9339,0,19 20,2,59,,37513,9339,0,19 20,2,144,,37508,9339,0,19 20,2,56,,37506,9339,0,19 20,2,100,,37507,9339,0,19 20,2,100,,37515,9339,0,19 20,2,100,,37518,9339,0,19 20,2,100,,37510,9339,0,19 20,2,100,,37503,9339,0,19 20,2
9901,'SA',754,,37523,9339,0,19 20,2,105,,37522,9339,0,19 20,2,98,,37534,9339,0,19 20,2,102,,37524,9339,0,19 20,2,141,,37530,9339,0,19 20,2,100,,37535,9339,0,19 20,2,100,,37525,9339,0,19 20,2,100,,37529,9339,0,19 20,2,58,,37526,9339,0,19 20,2,142,,37531,9339,0,19 20,2,59,,37536,9339,0,19 20,2,100,,37520,9339,0,19 20,2,100,,37527,9339,0,19 20,2,100,,37532,9339,0,19 20,2,100,,37521,9339,0,19 20,2,100,,37528,9339,0,19 20,2,100,,37519,9339,0,19 20,2,100,,37533,9339,0,19 20,2,100,,37537,9339,0,19 20,2
9901,'SE',551,,37539,9339,,,2,70,,37541,9339,,,2,20,,37543,9339,,,2,18,,37544,9339,,,2,64,,37538,9339,,,2,29,,37542,9339,,,2,76,,37540,9339,,,2,30,,37560,9339,0,19 20,2,100,,37553,9339,0,19 20,2,100,,37546,9339,0,19 20,2,100,,37545,9339,0,19 20,2,100,,37547,9339,0,19 20,2,100,,37549,9339,0,19 20,2,98,,37554,9339,0,19 20,2,97,,37563,9339,0,19 20,2,69,,37561,9339,0,19 20,2,26,,37565,9339,0,19 20,2,78,,37559,9339,0,19 20,2,29,,37562,9339,0,19 20,2,67,,37564,9339,0,19 20,2,37,,37548,9339,0,19 20,2,98,,37551,9339,0,19 20,2,100,,37550,9339,0,19 20,2,100,,37555,9339,0,19 20,2,100,,37557,9339,0,19 20,2,100,,37552,9339,0,19 20,2,100,,37556,9339,0,19 20,2,100,,37558,9339,0,19 20,2
