4101,'DI',742,,29270,7188,,,1,100,,29274,7188,,,1,101,,29264,7188,,,1,100,,29260,7188,,,1,100,,29271,7188,,,1,100,,29261,7188,,,1,101,,29272,7188,,,1,100,,29265,7188,,,1,100,,29257,7188,,,1,102,,29262,7188,,,1,98,,29266,7188,,,1,100,,29258,7188,,,1,99,,29267,7188,,,1,100,,29259,7188,,,1,100,,29263,7188,,,1,99,,29268,7188,,,1,100,,29273,7188,,,1,100,,29269,7188,,,1,100,,29275,7188,,,1
4101,'F1',742,,29292,7188,,,1,100,,29294,7188,,,1,101,,29279,7188,,,1,101,,29288,7188,,,1,99,,29276,7188,,,1,100,,29289,7188,,,1,101,,29277,7188,,,1,100,,29290,7188,,,1,100,,29280,7188,,,1,100,,29285,7188,,,1,100,,29281,7188,,,1,100,,29286,7188,,,1,99,,29282,7188,,,1,100,,29291,7188,,,1,100,,29283,7188,,,1,99,,29293,7188,,,1,100,,29287,7188,,,1,100,,29278,7188,,,1,100,,29284,7188,,,1
4101,'F2',742,,29298,7188,,,1,100,,29311,7188,,,1,101,,29299,7188,,,1,101,,29304,7188,,,1,99,,29312,7188,,,1,100,,29305,7188,,,1,101,,29300,7188,,,1,100,,29306,7188,,,1,100,,29301,7188,,,1,100,,29297,7188,,,1,100,,29302,7188,,,1,100,,29295,7188,,,1,99,,29307,7188,,,1,100,,29296,7188,,,1,100,,29313,7188,,,1,99,,29308,7188,,,1,100,,29303,7188,,,1,100,,29309,7188,,,1,100,,29310,7188,,,1
4101,'F7',712,,29314,7188,,,1,30,,29331,7188,,,1,70,,29325,7188,,,1,36,,29326,7188,,,1,65,,29332,7188,,,1,30,,29333,7188,,,1,100,,29328,7188,,,1,100,,29334,7188,,,1,100,,29329,7188,,,1,100,,29318,7188,,,1,101,,29337,7188,,,1,74,,29338,7188,,,1,25,,29335,7188,,,1,69,,29321,7188,,,1,37,,29327,7188,,,1,66,,29316,7188,,,1,28,,29319,7188,,,1,71,,29339,7188,,,1,29,,29324,7188,,,1,100,,29315,7188,,,1,99,,29330,7188,,,1,100,,29317,7188,,,1,99,,29322,7188,,,1,100,,29336,7188,,,1,100,,29323,7188,,,1,100,,29320,7188,,,1
4101,'F8',742,,29343,7188,,,1,100,,29356,7188,,,1,101,,29344,7188,,,1,101,,29349,7188,,,1,99,,29357,7188,,,1,100,,29350,7188,,,1,101,,29345,7188,,,1,100,,29351,7188,,,1,100,,29346,7188,,,1,100,,29342,7188,,,1,100,,29347,7188,,,1,100,,29340,7188,,,1,99,,29352,7188,,,1,100,,29341,7188,,,1,100,,29358,7188,,,1,99,,29353,7188,,,1,100,,29348,7188,,,1,100,,29354,7188,,,1,100,,29355,7188,,,1
4101,'F9',742,,29372,7188,,,1,100,,29376,7188,,,1,101,,29366,7188,,,1,100,,29362,7188,,,1,100,,29373,7188,,,1,100,,29363,7188,,,1,101,,29374,7188,,,1,100,,29367,7188,,,1,100,,29359,7188,,,1,102,,29364,7188,,,1,98,,29368,7188,,,1,100,,29360,7188,,,1,99,,29369,7188,,,1,100,,29361,7188,,,1,100,,29365,7188,,,1,99,,29370,7188,,,1,100,,29375,7188,,,1,100,,29371,7188,,,1,100,,29377,7188,,,1
4101,'SA',742,,29381,7188,,,1,100,,29394,7188,,,1,101,,29382,7188,,,1,101,,29387,7188,,,1,99,,29395,7188,,,1,100,,29388,7188,,,1,101,,29383,7188,,,1,100,,29389,7188,,,1,100,,29384,7188,,,1,100,,29380,7188,,,1,100,,29385,7188,,,1,100,,29378,7188,,,1,99,,29390,7188,,,1,100,,29379,7188,,,1,100,,29396,7188,,,1,99,,29391,7188,,,1,100,,29386,7188,,,1,100,,29392,7188,,,1,100,,29393,7188,,,1
4101,'SE',712,,29397,7188,,,1,30,,29414,7188,,,1,70,,29408,7188,,,1,36,,29409,7188,,,1,65,,29415,7188,,,1,30,,29416,7188,,,1,100,,29411,7188,,,1,100,,29417,7188,,,1,100,,29412,7188,,,1,100,,29401,7188,,,1,101,,29420,7188,,,1,74,,29421,7188,,,1,25,,29418,7188,,,1,69,,29404,7188,,,1,37,,29410,7188,,,1,66,,29399,7188,,,1,28,,29402,7188,,,1,71,,29422,7188,,,1,29,,29407,7188,,,1,100,,29398,7188,,,1,99,,29413,7188,,,1,100,,29400,7188,,,1,99,,29405,7188,,,1,100,,29419,7188,,,1,100,,29406,7188,,,1,100,,29403,7188,,,1
55101,'F7',907,,40715,3283,,,2
55101,'SE',907,,40716,3283,,,2
