1500,'DI',739,,24371,7463,,,1,101,,24368,7463,,,1,100,,24365,7463,,,1,100,,24378,7463,,,1,100,,24383,7463,,,1,100,,24376,7463,,,1,100,,24372,7463,,,1,100,,24366,7463,,,1,100,,24380,7463,,,1,100,,24367,7463,,,1,100,,24375,7463,,,1,100,,24373,7463,,,1,98,,24377,7463,,,1,100,,24381,7463,,,1,100,,24379,7463,,,1,100,,24374,7463,,,1,100,,24369,7463,,,1,100,,24382,7463,,,1,100,,24370,7463,,,1
1500,'F1',740,,24385,7463,,,1,100,,24391,7463,,,1,100,,24400,7463,,,1,100,,24392,7463,,,1,107,,24394,7463,,,1,95,,24393,7463,,,1,100,,24401,7463,,,1,100,,24386,7463,,,1,100,,24395,7463,,,1,100,,24387,7463,,,1,100,,24384,7463,,,1,100,,24397,7463,,,1,100,,24402,7463,,,1,99,,24388,7463,,,1,100,,24389,7463,,,1,100,,24398,7463,,,1,100,,24390,7463,,,1,100,,24399,7463,,,1,100,,24396,7463,,,1
1500,'F2',740,,24418,7463,,,1,100,,24411,7463,,,1,100,,24405,7463,,,1,100,,24419,7463,,,1,107,,24413,7463,,,1,95,,24403,7463,,,1,100,,24415,7463,,,1,100,,24409,7463,,,1,100,,24414,7463,,,1,100,,24410,7463,,,1,100,,24406,7463,,,1,100,,24412,7463,,,1,100,,24416,7463,,,1,99,,24417,7463,,,1,100,,24404,7463,,,1,100,,24420,7463,,,1,100,,24407,7463,,,1,100,,24421,7463,,,1,100,,24408,7463,,,1
1500,'F7',602,,24458,7463,,,1,30,,24452,7463,,,1,71,,24423,7463,,,1,28,,24444,7463,,,1,74,,24450,7463,,,1,26,,24430,7463,,,1,74,,24446,7463,,,1,30,,24429,7463,,,1,68,,24451,7463,,,1,30,,24448,7463,,,1,70,,24424,7463,,,1,30,,24427,7463,,,1,70,,24449,7463,,,1,30,,24432,7463,,,1,70,,24428,7463,,,1,30,,24425,7463,,,1,70,,24454,7463,,,1,30,,24438,7463,,,1,72,,24453,7463,,,1,30,,24431,7463,,,1,24,,24433,7463,,,1,74,,24426,7463,,,1,82,,24442,7463,,,1,20,,24457,7463,,,1,70,,24439,7463,,,1,30,,24440,7463,,,1,70,,24455,7463,,,1,27,,24443,7463,,,1,70,,24436,7463,,,1,30,,24447,7463,,,1,70,,24456,7463,,,1,30,,24441,7463,,,1,70,,24422,7463,,,1,30,,24435,7463,,,1,100,,24437,7463,,,1,98,,24445,7463,,,1,100,,24434,7463,,,1
1500,'F8',740,,24474,7463,,,1,100,,24467,7463,,,1,100,,24461,7463,,,1,100,,24475,7463,,,1,107,,24469,7463,,,1,95,,24459,7463,,,1,100,,24471,7463,,,1,100,,24465,7463,,,1,100,,24470,7463,,,1,100,,24466,7463,,,1,100,,24462,7463,,,1,100,,24468,7463,,,1,100,,24472,7463,,,1,99,,24473,7463,,,1,100,,24460,7463,,,1,100,,24476,7463,,,1,100,,24463,7463,,,1,100,,24477,7463,,,1,100,,24464,7463,,,1
1500,'F9',739,,24484,7463,,,1,101,,24481,7463,,,1,100,,24478,7463,,,1,100,,24491,7463,,,1,100,,24496,7463,,,1,100,,24489,7463,,,1,100,,24485,7463,,,1,100,,24479,7463,,,1,100,,24493,7463,,,1,100,,24480,7463,,,1,100,,24488,7463,,,1,100,,24486,7463,,,1,98,,24490,7463,,,1,100,,24494,7463,,,1,100,,24492,7463,,,1,100,,24487,7463,,,1,100,,24482,7463,,,1,100,,24495,7463,,,1,100,,24483,7463,,,1
1500,'SA',740,,24512,7463,,,1,100,,24505,7463,,,1,100,,24499,7463,,,1,100,,24513,7463,,,1,107,,24507,7463,,,1,95,,24497,7463,,,1,100,,24509,7463,,,1,100,,24503,7463,,,1,100,,24508,7463,,,1,100,,24504,7463,,,1,100,,24500,7463,,,1,100,,24506,7463,,,1,100,,24510,7463,,,1,99,,24511,7463,,,1,100,,24498,7463,,,1,100,,24514,7463,,,1,100,,24501,7463,,,1,100,,24515,7463,,,1,100,,24502,7463,,,1
1500,'SE',602,,24552,7463,,,1,30,,24546,7463,,,1,71,,24517,7463,,,1,28,,24538,7463,,,1,74,,24544,7463,,,1,26,,24524,7463,,,1,74,,24540,7463,,,1,30,,24523,7463,,,1,68,,24545,7463,,,1,30,,24542,7463,,,1,70,,24518,7463,,,1,30,,24521,7463,,,1,70,,24543,7463,,,1,30,,24526,7463,,,1,70,,24522,7463,,,1,30,,24519,7463,,,1,70,,24548,7463,,,1,30,,24532,7463,,,1,72,,24547,7463,,,1,30,,24525,7463,,,1,24,,24527,7463,,,1,74,,24520,7463,,,1,82,,24536,7463,,,1,20,,24551,7463,,,1,70,,24533,7463,,,1,30,,24534,7463,,,1,70,,24549,7463,,,1,27,,24537,7463,,,1,70,,24530,7463,,,1,30,,24541,7463,,,1,70,,24550,7463,,,1,30,,24535,7463,,,1,70,,24516,7463,,,1,30,,24529,7463,,,1,100,,24531,7463,,,1,98,,24539,7463,,,1,100,,24528,7463,,,1
53501,'F7',914,,40672,3650,,,2
53501,'SE',914,,40673,3650,,,2
