4601,'F8',617,,9362,3690,,,2,20,,9367,3690,,,2,20,,9363,3690,,,2,60,,9368,3690,,,2,16,,9371,3690,,,2,14,,9364,3690,,,2,58,,9369,3690,,,2,22,,9372,3690,,,2,20,,9370,3690,,,2,100,,9365,3690,,,2,100,,9360,3690,,,2,100,,9361,3690,,,2,100,,9379,3690,,,2,100,,9357,3690,,,2,100,,9358,3690,,,2,100,,9366,3690,,,2,73,,9373,3690,,,2,18,,9359,3690,,,2,62,,9375,3690,,,2,20,,9374,3690,,,2,15,,9377,3690,,,2,75,,9380,3690,,,2
4601,'SE',617,,9386,3690,,,2,20,,9391,3690,,,2,20,,9387,3690,,,2,60,,9392,3690,,,2,16,,9395,3690,,,2,14,,9388,3690,,,2,58,,9393,3690,,,2,22,,9396,3690,,,2,20,,9394,3690,,,2,100,,9389,3690,,,2,100,,9384,3690,,,2,100,,9385,3690,,,2,100,,9403,3690,,,2,100,,9381,3690,,,2,100,,9382,3690,,,2,100,,9390,3690,,,2,73,,9397,3690,,,2,18,,9383,3690,,,2,62,,9399,3690,,,2,20,,9398,3690,,,2,15,,9401,3690,,,2,75,,9404,3690,,,2
54601,'F8',857,,18808,2195,,,2
54601,'SE',857,,18809,2195,,,2
68901,'F8',847,,19021,911,,,2,1,,19020,911,,,2
68901,'SE',847,,19023,911,,,2,1,,19022,911,,,2
69200,'F8',1616,,19040,2398,,,2
69200,'SE',1616,,19041,2398,,,2
84801,'DI',650,,19943,5716,,,2,70,,19944,5716,,,2,30,,19945,5716,,,2,70,,19946,5716,,,2,30,,19947,5716,,,2,70,,19948,5716,,,2,30,,19949,5716,,,2,70,,19950,5716,,,2,30,,19951,5716,,,2,70,,19952,5716,,,2,30,,19953,5716,,,2,70,,19954,5716,,,2,30,,19955,5716,,,2,70,,19956,5716,,,2,30,,19957,5716,,,2,70,,19958,5716,,,2,30,,19959,5716,,,2,70,,19960,5716,,,2,30,,19961,5716,,,2,70,,19962,5716,,,2,30,,19963,5716,,,2,70,,19964,5716,,,2,30,,19965,5716,,,2,70,,19966,5716,,,2,30,,19967,5716,,,2,70,,19968,5716,,,2,30,,19969,5716,,,2,70,,19970,5716,,,2,30,,19971,5716,,,2,70,,19972,5716,,,2,30,,19973,5716,,,2,70,,19974,5716,,,2,30,,19975,5716,,,2,70,,19976,5716,,,2,30,,19977,5716,,,2,70,,19978,5716,,,2,30,,19979,5716,,,2
84801,'F1',650,,19980,5716,,,2,70,,19981,5716,,,2,30,,19982,5716,,,2,70,,19983,5716,,,2,30,,19984,5716,,,2,70,,19985,5716,,,2,30,,19986,5716,,,2,70,,19987,5716,,,2,30,,19988,5716,,,2,70,,19989,5716,,,2,30,,19990,5716,,,2,70,,19991,5716,,,2,30,,19992,5716,,,2,70,,19993,5716,,,2,30,,19994,5716,,,2,70,,19995,5716,,,2,30,,19996,5716,,,2,70,,19997,5716,,,2,30,,19998,5716,,,2,70,,19999,5716,,,2,30,,20000,5716,,,2,70,,20001,5716,,,2,30,,20002,5716,,,2,70,,20003,5716,,,2,30,,20004,5716,,,2,70,,20005,5716,,,2,30,,20006,5716,,,2,70,,20007,5716,,,2,30,,20008,5716,,,2,70,,20009,5716,,,2,30,,20010,5716,,,2,70,,20011,5716,,,2,30,,20012,5716,,,2,70,,20013,5716,,,2,30,,20014,5716,,,2,70,,20015,5716,,,2,30,,20016,5716,,,2
84801,'F7',650,,20017,5716,,,2,70,,20018,5716,,,2,30,,20019,5716,,,2,70,,20020,5716,,,2,30,,20021,5716,,,2,70,,20022,5716,,,2,30,,20023,5716,,,2,70,,20024,5716,,,2,30,,20025,5716,,,2,70,,20026,5716,,,2,30,,20027,5716,,,2,70,,20028,5716,,,2,30,,20029,5716,,,2,70,,20030,5716,,,2,30,,20031,5716,,,2,70,,20032,5716,,,2,30,,20033,5716,,,2,70,,20034,5716,,,2,30,,20035,5716,,,2,70,,20036,5716,,,2,30,,20037,5716,,,2,70,,20038,5716,,,2,30,,20039,5716,,,2,70,,20040,5716,,,2,30,,20041,5716,,,2,70,,20042,5716,,,2,30,,20043,5716,,,2,70,,20044,5716,,,2,30,,20045,5716,,,2,70,,20046,5716,,,2,30,,20047,5716,,,2,70,,20048,5716,,,2,30,,20049,5716,,,2,70,,20050,5716,,,2,30,,20051,5716,,,2,70,,20052,5716,,,2,30,,20053,5716,,,2
84801,'F9',650,,20054,5716,,,2,70,,20055,5716,,,2,30,,20056,5716,,,2,70,,20057,5716,,,2,30,,20058,5716,,,2,70,,20059,5716,,,2,30,,20060,5716,,,2,70,,20061,5716,,,2,30,,20062,5716,,,2,70,,20063,5716,,,2,30,,20064,5716,,,2,70,,20065,5716,,,2,30,,20066,5716,,,2,70,,20067,5716,,,2,30,,20068,5716,,,2,70,,20069,5716,,,2,30,,20070,5716,,,2,70,,20071,5716,,,2,30,,20072,5716,,,2,70,,20073,5716,,,2,30,,20074,5716,,,2,70,,20075,5716,,,2,30,,20076,5716,,,2,70,,20077,5716,,,2,30,,20078,5716,,,2,70,,20079,5716,,,2,30,,20080,5716,,,2,70,,20081,5716,,,2,30,,20082,5716,,,2,70,,20083,5716,,,2,30,,20084,5716,,,2,70,,20085,5716,,,2,30,,20086,5716,,,2,70,,20087,5716,,,2,30,,20088,5716,,,2,70,,20089,5716,,,2,30,,20090,5716,,,2
84801,'SA',650,,20091,5716,,,2,70,,20092,5716,,,2,30,,20093,5716,,,2,70,,20094,5716,,,2,30,,20095,5716,,,2,70,,20096,5716,,,2,30,,20097,5716,,,2,70,,20098,5716,,,2,30,,20099,5716,,,2,70,,20100,5716,,,2,30,,20101,5716,,,2,70,,20102,5716,,,2,30,,20103,5716,,,2,70,,20104,5716,,,2,30,,20105,5716,,,2,70,,20106,5716,,,2,30,,20107,5716,,,2,70,,20108,5716,,,2,30,,20109,5716,,,2,70,,20110,5716,,,2,30,,20111,5716,,,2,70,,20112,5716,,,2,30,,20113,5716,,,2,70,,20114,5716,,,2,30,,20115,5716,,,2,70,,20116,5716,,,2,30,,20117,5716,,,2,70,,20118,5716,,,2,30,,20119,5716,,,2,70,,20120,5716,,,2,30,,20121,5716,,,2,70,,20122,5716,,,2,30,,20123,5716,,,2,70,,20124,5716,,,2,30,,20125,5716,,,2,70,,20126,5716,,,2,30,,20127,5716,,,2
