7300,'DI',549,,12154,6976,,,2,70,,12151,6976,,,2,30,,12168,6976,,,2,76,,12152,6976,,,2,31,,12169,6976,,,2,70,,12165,6976,,,2,32,,12170,6976,,,2,73,,12166,6976,,,2,69,,12153,6976,,,2,30,,12162,6976,,,2,70,,12155,6976,,,2,30,,12156,6976,,,2,70,,12164,6976,,,2,30,,12159,6976,,,2,70,,12150,6976,,,2,31,,12141,6976,,,2,70,,12139,6976,,,2,30,,12167,6976,,,2,70,,12148,6976,,,2,30,,12144,6976,,,2,70,,12163,6976,,,2,30,,12157,6976,,,2,69,,12145,6976,,,2,31,,12149,6976,,,2,70,,12140,6976,,,2,33,,12160,6976,,,2,97,,12171,6976,,,2,100,,12158,6976,,,2,98,,12146,6976,,,2,100,,12147,6976,,,2,100,,12161,6976,,,2,100,,12142,6976,,,2,100,,12143,6976,,,2
7300,'F1',549,,12201,6976,,,2,70,,12196,6976,,,2,30,,12202,6976,,,2,76,,12197,6976,,,2,31,,12172,6976,,,2,69,,12203,6976,,,2,33,,12173,6976,,,2,72,,12204,6976,,,2,70,,12188,6976,,,2,30,,12191,6976,,,2,70,,12194,6976,,,2,30,,12187,6976,,,2,70,,12182,6976,,,2,30,,12177,6976,,,2,70,,12174,6976,,,2,31,,12198,6976,,,2,70,,12192,6976,,,2,30,,12189,6976,,,2,70,,12178,6976,,,2,30,,12183,6976,,,2,70,,12195,6976,,,2,25,,12175,6976,,,2,33,,12180,6976,,,2,74,,12176,6976,,,2,73,,12181,6976,,,2,25,,12179,6976,,,2,99,,12190,6976,,,2,103,,12184,6976,,,2,96,,12199,6976,,,2,100,,12200,6976,,,2,100,,12193,6976,,,2,100,,12185,6976,,,2,100,,12186,6976,,,2
7300,'F7',549,,12220,6976,,,2,70,,12217,6976,,,2,30,,12234,6976,,,2,76,,12218,6976,,,2,31,,12235,6976,,,2,70,,12231,6976,,,2,32,,12236,6976,,,2,73,,12232,6976,,,2,69,,12219,6976,,,2,30,,12228,6976,,,2,70,,12221,6976,,,2,30,,12222,6976,,,2,70,,12230,6976,,,2,30,,12225,6976,,,2,70,,12216,6976,,,2,31,,12207,6976,,,2,70,,12205,6976,,,2,30,,12233,6976,,,2,70,,12214,6976,,,2,30,,12210,6976,,,2,70,,12229,6976,,,2,30,,12223,6976,,,2,69,,12211,6976,,,2,31,,12215,6976,,,2,70,,12206,6976,,,2,33,,12226,6976,,,2,97,,12237,6976,,,2,100,,12224,6976,,,2,98,,12212,6976,,,2,100,,12213,6976,,,2,100,,12227,6976,,,2,100,,12208,6976,,,2,100,,12209,6976,,,2
7300,'F8',543,,12268,6976,,,2,72,,12241,6976,,,2,30,,12269,6976,,,2,70,,12238,6976,,,2,25,,12243,6976,,,2,73,,12276,6976,,,2,35,,12301,6976,,,2,60,,12270,6976,,,2,21,,12267,6976,,,2,20,,12277,6976,,,2,60,,12244,6976,,,2,20,,12271,6976,,,2,20,,12302,6976,,,2,60,,12291,6976,,,2,22,,12245,6976,,,2,20,,12278,6976,,,2,60,,12256,6976,,,2,20,,12290,6976,,,2,20,,12246,6976,,,2,60,,12303,6976,,,2,20,,12272,6976,,,2,20,,12279,6976,,,2,60,,12257,6976,,,2,20,,12262,6976,,,2,21,,12280,6976,,,2,60,,12240,6976,,,2,12,,12273,6976,,,2,12,,12266,6976,,,2,12,,12263,6976,,,2,10,,12295,6976,,,2,51,,12250,6976,,,2,10,,12274,6976,,,2,9,,12264,6976,,,2,6,,12258,6976,,,2,8,,12265,6976,,,2,8,,12292,6976,,,2,9,,12281,6976,,,2,46,,12283,6976,,,2,9,,12282,6976,,,2,7,,12299,6976,,,2,8,,12253,6976,,,2,6,,12239,6976,,,2,8,,12300,6976,,,2,7,,12259,6976,,,2,8,,12252,6976,,,2,46,,12255,6976,,,2,8,,12297,6976,,,2,7,,12248,6976,,,2,7,,12275,6976,,,2,8,,12298,6976,,,2,10,,12296,6976,,,2,13,,12260,6976,,,2,53,,12261,6976,,,2,20,,12242,6976,,,2,70,,12247,6976,,,2,30,,12289,6976,,,2,70,,12251,6976,,,2,30,,12254,6976,,,2,70,,12249,6976,,,2,30,,12293,6976,,,2,70,,12294,6976,,,2,30,,12284,6976,,,2,26,,12287,6976,,,2,70,,12285,6976,,,2,30,,12288,6976,,,2,70,,12286,6976,,,2
7300,'F9',549,,12333,6976,,,2,70,,12328,6976,,,2,30,,12334,6976,,,2,76,,12329,6976,,,2,31,,12304,6976,,,2,69,,12335,6976,,,2,33,,12305,6976,,,2,72,,12336,6976,,,2,70,,12320,6976,,,2,30,,12323,6976,,,2,70,,12326,6976,,,2,30,,12319,6976,,,2,70,,12314,6976,,,2,30,,12309,6976,,,2,70,,12306,6976,,,2,31,,12330,6976,,,2,70,,12324,6976,,,2,30,,12321,6976,,,2,70,,12310,6976,,,2,30,,12315,6976,,,2,70,,12327,6976,,,2,25,,12307,6976,,,2,33,,12312,6976,,,2,74,,12308,6976,,,2,73,,12313,6976,,,2,25,,12311,6976,,,2,99,,12322,6976,,,2,103,,12316,6976,,,2,96,,12331,6976,,,2,100,,12332,6976,,,2,100,,12325,6976,,,2,100,,12317,6976,,,2,100,,12318,6976,,,2
7300,'SA',549,,12366,6976,,,2,70,,12361,6976,,,2,30,,12367,6976,,,2,76,,12362,6976,,,2,31,,12337,6976,,,2,69,,12368,6976,,,2,33,,12338,6976,,,2,72,,12369,6976,,,2,70,,12353,6976,,,2,30,,12356,6976,,,2,70,,12359,6976,,,2,30,,12352,6976,,,2,70,,12347,6976,,,2,30,,12342,6976,,,2,70,,12339,6976,,,2,31,,12363,6976,,,2,70,,12357,6976,,,2,30,,12354,6976,,,2,70,,12343,6976,,,2,30,,12348,6976,,,2,70,,12360,6976,,,2,25,,12340,6976,,,2,33,,12345,6976,,,2,74,,12341,6976,,,2,73,,12346,6976,,,2,25,,12344,6976,,,2,99,,12355,6976,,,2,103,,12349,6976,,,2,96,,12364,6976,,,2,100,,12365,6976,,,2,100,,12358,6976,,,2,100,,12350,6976,,,2,100,,12351,6976,,,2
7300,'SE',543,,12400,6976,,,2,72,,12373,6976,,,2,30,,12401,6976,,,2,70,,12370,6976,,,2,25,,12375,6976,,,2,73,,12408,6976,,,2,35,,12433,6976,,,2,60,,12402,6976,,,2,21,,12399,6976,,,2,20,,12409,6976,,,2,60,,12376,6976,,,2,20,,12403,6976,,,2,20,,12434,6976,,,2,60,,12423,6976,,,2,22,,12377,6976,,,2,20,,12410,6976,,,2,60,,12388,6976,,,2,20,,12422,6976,,,2,20,,12378,6976,,,2,60,,12435,6976,,,2,20,,12404,6976,,,2,20,,12411,6976,,,2,60,,12389,6976,,,2,20,,12394,6976,,,2,21,,12412,6976,,,2,60,,12372,6976,,,2,12,,12405,6976,,,2,12,,12398,6976,,,2,12,,12395,6976,,,2,10,,12427,6976,,,2,51,,12382,6976,,,2,10,,12406,6976,,,2,9,,12396,6976,,,2,6,,12390,6976,,,2,8,,12397,6976,,,2,8,,12424,6976,,,2,9,,12413,6976,,,2,46,,12415,6976,,,2,9,,12414,6976,,,2,7,,12431,6976,,,2,8,,12385,6976,,,2,6,,12371,6976,,,2,8,,12432,6976,,,2,7,,12391,6976,,,2,8,,12384,6976,,,2,46,,12387,6976,,,2,8,,12429,6976,,,2,7,,12380,6976,,,2,7,,12407,6976,,,2,8,,12430,6976,,,2,10,,12428,6976,,,2,13,,12392,6976,,,2,53,,12393,6976,,,2,20,,12374,6976,,,2,70,,12379,6976,,,2,30,,12421,6976,,,2,70,,12383,6976,,,2,30,,12386,6976,,,2,70,,12381,6976,,,2,30,,12425,6976,,,2,70,,12426,6976,,,2,30,,12416,6976,,,2,26,,12419,6976,,,2,70,,12417,6976,,,2,30,,12420,6976,,,2,70,,12418,6976,,,2
57500,'F8',1604,,18842,5697,,,2
57500,'SE',1604,,18843,5697,,,2
60500,'F8',1637,,18854,12186,,,2,1,,18855,12186,,,2
60500,'SE',1637,,18856,12186,,,2,1,,18857,12186,,,2
