7701,'DI',814,,35180,11994,0,25 26,1,100,,35183,11994,0,25 26,1,100,,35181,11994,0,25 26,1,100,,35184,11994,0,25 26,1,100,,35182,11994,0,25 26,1,100,,35179,11994,0,25 26,1,100,,35185,11994,0,25 26,1,100,,35188,11994,0,25 26,1,100,,35178,11994,0,25 26,1,100,,35189,11994,0,25 26,1,100,,35190,11994,0,25 26,1,98,,35191,11994,0,25 26,1,99,,35186,11994,0,25 26,1,100,,35192,11994,0,25 26,1,100,,35187,11994,0,25 26,1
7701,'F1',814,,35196,11994,0,25 26,1,100,,35198,11994,0,25 26,1,100,,35197,11994,0,25 26,1,100,,35199,11994,0,25 26,1,100,,35193,11994,0,25 26,1,100,,35200,11994,0,25 26,1,100,,35201,11994,0,25 26,1,97,,35194,11994,0,25 26,1,103,,35202,11994,0,25 26,1,99,,35204,11994,0,25 26,1,101,,35203,11994,0,25 26,1,98,,35205,11994,0,25 26,1,99,,35206,11994,0,25 26,1,100,,35195,11994,0,25 26,1,100,,35207,11994,0,25 26,1
7701,'F2',814,,35222,11994,0,25 26,1,100,,35213,11994,0,25 26,1,100,,35209,11994,0,25 26,1,100,,35214,11994,0,25 26,1,100,,35210,11994,0,25 26,1,100,,35212,11994,0,25 26,1,100,,35215,11994,0,25 26,1,97,,35208,11994,0,25 26,1,103,,35216,11994,0,25 26,1,99,,35218,11994,0,25 26,1,101,,35217,11994,0,25 26,1,98,,35219,11994,0,25 26,1,99,,35220,11994,0,25 26,1,100,,35211,11994,0,25 26,1,100,,35221,11994,0,25 26,1
7701,'F7',653,,35229,11994,0,25 26,1,51,,35225,11994,0,25 26,1,7,,35232,11994,0,25 26,1,7,,35235,11994,0,25 26,1,13,,35226,11994,0,25 26,1,2,,35238,11994,0,25 26,1,8,,35231,11994,0,25 26,1,18,,35236,11994,0,25 26,1,74,,35240,11994,0,25 26,1,68,,35233,11994,0,25 26,1,27,,35239,11994,0,25 26,1,5,,35227,11994,0,25 26,1,70,,35237,11994,0,25 26,1,30,,35241,11994,0,25 26,1,70,,35234,11994,0,25 26,1,30,,35228,11994,0,25 26,1,70,,35243,11994,0,25 26,1,32,,35242,11994,0,25 26,1,70,,35245,11994,0,25 26,1,31,,35246,11994,0,25 26,1,73,,35244,11994,0,25 26,1,30,,35247,11994,0,25 26,1,70,,35251,11994,0,25 26,1,30,,35253,11994,0,25 26,1,20,,35255,11994,0,25 26,1,60,,35258,11994,0,25 26,1,20,,35248,11994,0,25 26,1,20,,35252,11994,0,25 26,1,57,,35230,11994,0,25 26,1,18,,35254,11994,0,25 26,1,22,,35256,11994,0,25 26,1,70,,35259,11994,0,25 26,1,24,,35249,11994,0,25 26,1,73,,35257,11994,0,25 26,1,32,,35250,11994,0,25 26,1,70,,35260,11994,0,25 26,1,31,,35261,11994,0,25 26,1,71,,35224,11994,0,25 26,1,22,,35223,11994,0,25 26,1
7701,'F8',814,,35276,11994,0,25 26,1,100,,35267,11994,0,25 26,1,100,,35263,11994,0,25 26,1,100,,35268,11994,0,25 26,1,100,,35264,11994,0,25 26,1,100,,35266,11994,0,25 26,1,100,,35269,11994,0,25 26,1,97,,35262,11994,0,25 26,1,103,,35270,11994,0,25 26,1,99,,35272,11994,0,25 26,1,101,,35271,11994,0,25 26,1,98,,35273,11994,0,25 26,1,99,,35274,11994,0,25 26,1,100,,35265,11994,0,25 26,1,100,,35275,11994,0,25 26,1
7701,'F9',814,,35279,11994,0,25 26,1,100,,35282,11994,0,25 26,1,100,,35280,11994,0,25 26,1,100,,35283,11994,0,25 26,1,100,,35281,11994,0,25 26,1,100,,35278,11994,0,25 26,1,100,,35284,11994,0,25 26,1,100,,35287,11994,0,25 26,1,100,,35277,11994,0,25 26,1,100,,35288,11994,0,25 26,1,100,,35289,11994,0,25 26,1,98,,35290,11994,0,25 26,1,99,,35285,11994,0,25 26,1,100,,35291,11994,0,25 26,1,100,,35286,11994,0,25 26,1
7701,'SA',814,,35305,11994,0,25 26,1,100,,35296,11994,0,25 26,1,100,,35293,11994,0,25 26,1,100,,35297,11994,0,25 26,1,100,,13757,11994,0,25 26,1,100,,35295,11994,0,25 26,1,100,,35298,11994,0,25 26,1,97,,35292,11994,0,25 26,1,103,,35299,11994,0,25 26,1,99,,35301,11994,0,25 26,1,101,,35300,11994,0,25 26,1,98,,35302,11994,0,25 26,1,99,,35303,11994,0,25 26,1,100,,35294,11994,0,25 26,1,100,,35304,11994,0,25 26,1
7701,'SE',653,,35312,11994,0,25 26,1,51,,35308,11994,0,25 26,1,7,,35315,11994,0,25 26,1,7,,35318,11994,0,25 26,1,13,,35309,11994,0,25 26,1,2,,35321,11994,0,25 26,1,8,,35314,11994,0,25 26,1,18,,35319,11994,0,25 26,1,74,,35323,11994,0,25 26,1,68,,35316,11994,0,25 26,1,27,,35322,11994,0,25 26,1,5,,35310,11994,0,25 26,1,70,,35320,11994,0,25 26,1,30,,35324,11994,0,25 26,1,70,,35317,11994,0,25 26,1,30,,35311,11994,0,25 26,1,70,,35326,11994,0,25 26,1,32,,35325,11994,0,25 26,1,70,,35328,11994,0,25 26,1,31,,35329,11994,0,25 26,1,73,,35327,11994,0,25 26,1,30,,35330,11994,0,25 26,1,70,,35334,11994,0,25 26,1,30,,35336,11994,0,25 26,1,20,,35338,11994,0,25 26,1,60,,35341,11994,0,25 26,1,20,,35331,11994,0,25 26,1,20,,35335,11994,0,25 26,1,57,,35313,11994,0,25 26,1,18,,35337,11994,0,25 26,1,22,,35339,11994,0,25 26,1,70,,13794,11994,0,25 26,1,24,,35332,11994,0,25 26,1,73,,35340,11994,0,25 26,1,32,,35333,11994,0,25 26,1,70,,35342,11994,0,25 26,1,31,,35343,11994,0,25 26,1,71,,35307,11994,0,25 26,1,22,,35306,11994,0,25 26,1
60500,'F7',1619,,40745,6228,,,2,1,,40746,6228,,,2
60500,'SE',1619,,40747,6228,,,2,1,,40748,6228,,,2
