1001,'DI',629,,23694,2075,,,1,27,,23668,2075,,,1,70,,23695,2075,,,1,30,,23693,2075,,,1,70,,23686,2075,,,1,78,,23669,2075,,,1,30,,23687,2075,,,1,70,,23670,2075,,,1,30,,23688,2075,,,1,70,,23671,2075,,,1,30,,23689,2075,,,1,70,,23672,2075,,,1,30,,23690,2075,,,1,70,,23673,2075,,,1,30,,23691,2075,,,1,70,,23674,2075,,,1,30,,23692,2075,,,1,70,,23675,2075,,,1,30,,23696,2075,,,1,70,,23676,2075,,,1,30,,23697,2075,,,1,70,,23677,2075,,,1,30,,23698,2075,,,1,70,,23678,2075,,,1,30,,23699,2075,,,1,81,,23679,2075,,,1,100,,23680,2075,,,1,100,,23681,2075,,,1,100,,23682,2075,,,1,100,,23683,2075,,,1,100,,23684,2075,,,1,100,,23685,2075,,,1
1001,'F1',529,,23712,2075,,,1,96,,23713,2075,,,1,30,,23711,2075,,,1,70,,23700,2075,,,1,30,,23715,2075,,,1,70,,23714,2075,,,1,78,,23701,2075,,,1,30,,23728,2075,,,1,70,,23702,2075,,,1,30,,23729,2075,,,1,70,,23703,2075,,,1,30,,23730,2075,,,1,70,,23704,2075,,,1,32,,23731,2075,,,1,70,,23705,2075,,,1,30,,23732,2075,,,1,70,,23716,2075,,,1,30,,23707,2075,,,1,70,,23717,2075,,,1,30,,23708,2075,,,1,70,,23718,2075,,,1,30,,23709,2075,,,1,69,,23719,2075,,,1,31,,23710,2075,,,1,70,,23720,2075,,,1,30,,23706,2075,,,1,81,,23721,2075,,,1,100,,23722,2075,,,1,100,,23723,2075,,,1,100,,23724,2075,,,1,100,,23725,2075,,,1,100,,23726,2075,,,1,100,,23727,2075,,,1
1001,'F2',529,,23743,2075,,,1,96,,23744,2075,,,1,30,,23739,2075,,,1,70,,23733,2075,,,1,30,,23746,2075,,,1,70,,23745,2075,,,1,78,,23755,2075,,,1,30,,23754,2075,,,1,70,,23756,2075,,,1,30,,23762,2075,,,1,70,,23757,2075,,,1,30,,23763,2075,,,1,70,,23747,2075,,,1,32,,23764,2075,,,1,70,,23748,2075,,,1,30,,23765,2075,,,1,70,,23749,2075,,,1,30,,23734,2075,,,1,70,,23750,2075,,,1,30,,23735,2075,,,1,70,,23751,2075,,,1,30,,23736,2075,,,1,69,,23752,2075,,,1,31,,23737,2075,,,1,70,,23753,2075,,,1,30,,23738,2075,,,1,81,,23758,2075,,,1,100,,23759,2075,,,1,100,,23760,2075,,,1,100,,23761,2075,,,1,100,,23740,2075,,,1,100,,23741,2075,,,1,100,,23742,2075,,,1
1001,'F8',529,,23776,2075,,,1,96,,23777,2075,,,1,30,,23772,2075,,,1,70,,23766,2075,,,1,30,,23779,2075,,,1,70,,23778,2075,,,1,78,,23788,2075,,,1,30,,23787,2075,,,1,70,,23789,2075,,,1,30,,23795,2075,,,1,70,,23790,2075,,,1,30,,23796,2075,,,1,70,,23780,2075,,,1,32,,23797,2075,,,1,70,,23781,2075,,,1,30,,23798,2075,,,1,70,,23782,2075,,,1,30,,23767,2075,,,1,70,,23783,2075,,,1,30,,23768,2075,,,1,70,,23784,2075,,,1,30,,23769,2075,,,1,69,,23785,2075,,,1,31,,23770,2075,,,1,70,,23786,2075,,,1,30,,23771,2075,,,1,81,,23791,2075,,,1,100,,23792,2075,,,1,100,,23793,2075,,,1,100,,23794,2075,,,1,100,,23773,2075,,,1,100,,23774,2075,,,1,100,,23775,2075,,,1
1001,'F9',629,,23825,2075,,,1,27,,23799,2075,,,1,70,,23826,2075,,,1,30,,23824,2075,,,1,70,,23817,2075,,,1,78,,23800,2075,,,1,30,,23818,2075,,,1,70,,23801,2075,,,1,30,,23819,2075,,,1,70,,23802,2075,,,1,30,,23820,2075,,,1,70,,23803,2075,,,1,30,,23821,2075,,,1,70,,23804,2075,,,1,30,,23822,2075,,,1,70,,23805,2075,,,1,30,,23823,2075,,,1,70,,23806,2075,,,1,30,,23827,2075,,,1,70,,23807,2075,,,1,30,,23828,2075,,,1,70,,23808,2075,,,1,30,,23829,2075,,,1,70,,23809,2075,,,1,30,,23830,2075,,,1,81,,23810,2075,,,1,100,,23811,2075,,,1,100,,23812,2075,,,1,100,,23813,2075,,,1,100,,23814,2075,,,1,100,,23815,2075,,,1,100,,23816,2075,,,1
1001,'SA',529,,23841,2075,,,1,96,,23842,2075,,,1,30,,23837,2075,,,1,70,,23831,2075,,,1,30,,23844,2075,,,1,70,,23843,2075,,,1,78,,23853,2075,,,1,30,,23852,2075,,,1,70,,23854,2075,,,1,30,,23860,2075,,,1,70,,23855,2075,,,1,30,,23861,2075,,,1,70,,23845,2075,,,1,32,,23862,2075,,,1,70,,23846,2075,,,1,30,,23863,2075,,,1,70,,23847,2075,,,1,30,,23832,2075,,,1,70,,23848,2075,,,1,30,,23833,2075,,,1,70,,23849,2075,,,1,30,,23834,2075,,,1,69,,23850,2075,,,1,31,,23835,2075,,,1,70,,23851,2075,,,1,30,,23836,2075,,,1,81,,23856,2075,,,1,100,,23857,2075,,,1,100,,23858,2075,,,1,100,,23859,2075,,,1,100,,23838,2075,,,1,100,,23839,2075,,,1,100,,23840,2075,,,1
2201,'F1',546,,27402,5724,,,2,92,,27404,5724,,,2,65,,27403,5724,,,2,30,,27406,5724,,,2,70,,27405,5724,,,2,909,,27407,5724,,,2,40,,27408,5724,,,2,60,,27401,5724,,,2
2201,'F7',546,,27410,5724,,,2,92,,27412,5724,,,2,65,,27411,5724,,,2,30,,27409,5724,,,2,70,,27413,5724,,,2,909,,27415,5724,,,2,40,,27414,5724,,,2,60,,27416,5724,,,2
2201,'SE',546,,27418,5724,,,2,92,,27420,5724,,,2,65,,27419,5724,,,2,30,,27417,5724,,,2,70,,27421,5724,,,2,909,,27423,5724,,,2,40,,27422,5724,,,2,60,,27424,5724,,,2
41001,'F7',458,,39296,2075,,,2,70,,39289,2075,,,2,20,,39270,2075,,,2,60,,39266,2075,,,2,20,,39290,2075,,,2,13,,39302,2075,,,2,10,,39276,2075,,,2,8,,39267,2075,,,2,45,,39271,2075,,,2,10,,39288,2075,,,2,6,,39304,2075,,,2,2,,39278,2075,,,2,8,,39291,2075,,,2,3,,39280,2075,,,2,5,,39294,2075,,,2,10,,39260,2075,,,2,53,,39303,2075,,,2,12,,39261,2075,,,2,14,,39305,2075,,,2,16,,39281,2075,,,2,58,,39293,2075,,,2,30,,39285,2075,,,2,70,,39272,2075,,,2,30,,39297,2075,,,2,70,,39262,2075,,,2,30,,39298,2075,,,2,70,,39273,2075,,,2,30,,39299,2075,,,2,70,,39263,2075,,,2,30,,39279,2075,,,2,70,,39274,2075,,,2,31,,39284,2075,,,2,78,,39264,2075,,,2,4,,39269,2075,,,2,1,,39306,2075,,,2,1,,39292,2075,,,2,2,,39310,2075,,,2,18,,39283,2075,,,2,69,,39265,2075,,,2,15,,39307,2075,,,2,15,,39316,2075,,,2,15,,39286,2075,,,2,53,,39314,2075,,,2,9,,39275,2075,,,2,9,,39308,2075,,,2,10,,39311,2075,,,2,10,,39317,2075,,,2,15,,39287,2075,,,2,52,,39315,2075,,,2,17,,39309,2075,,,2,20,,39318,2075,,,2,58,,39295,2075,,,2,30,,39312,2075,,,2,69,,39258,2075,,,2,30,,39268,2075,,,2,70,,39259,2075,,,2,30,,39313,2075,,,2,70,,39282,2075,,,2,30,,39300,2075,,,2,70,,39277,2075,,,2,30,,39301,2075,,,2,100,,39319,2075,,,2,100,,39320,2075,,,2
41001,'SE',458,,39359,2075,,,2,70,,39352,2075,,,2,20,,39333,2075,,,2,60,,39329,2075,,,2,20,,39353,2075,,,2,13,,39365,2075,,,2,10,,39339,2075,,,2,8,,39330,2075,,,2,45,,39334,2075,,,2,10,,39351,2075,,,2,6,,39367,2075,,,2,2,,39341,2075,,,2,8,,39354,2075,,,2,3,,39343,2075,,,2,5,,39357,2075,,,2,10,,39323,2075,,,2,53,,39366,2075,,,2,12,,39324,2075,,,2,14,,39368,2075,,,2,16,,39344,2075,,,2,58,,39356,2075,,,2,30,,39348,2075,,,2,70,,39335,2075,,,2,30,,39360,2075,,,2,70,,39325,2075,,,2,30,,39361,2075,,,2,70,,39336,2075,,,2,30,,39362,2075,,,2,70,,39326,2075,,,2,30,,39342,2075,,,2,70,,39337,2075,,,2,31,,39347,2075,,,2,78,,39327,2075,,,2,4,,39332,2075,,,2,1,,39369,2075,,,2,1,,39355,2075,,,2,2,,39373,2075,,,2,18,,39346,2075,,,2,69,,39328,2075,,,2,15,,39370,2075,,,2,15,,39379,2075,,,2,15,,39349,2075,,,2,53,,39377,2075,,,2,9,,39338,2075,,,2,9,,39371,2075,,,2,10,,39374,2075,,,2,10,,39380,2075,,,2,15,,39350,2075,,,2,52,,39378,2075,,,2,17,,39372,2075,,,2,20,,39381,2075,,,2,58,,39358,2075,,,2,30,,39375,2075,,,2,69,,39321,2075,,,2,30,,39331,2075,,,2,70,,39322,2075,,,2,30,,39376,2075,,,2,70,,39345,2075,,,2,30,,39363,2075,,,2,70,,39340,2075,,,2,30,,39364,2075,,,2,100,,39382,2075,,,2,100,,39383,2075,,,2
