1701,'DI',608,,25564,10962,,,1,100,,25567,10962,,,1,30,,25560,10962,,,1,70,,25550,10962,,,1,30,,25556,10962,,,1,70,,25565,10962,,,1,30,,25578,10962,,,1,70,,25568,10962,,,1,30,,25573,10962,,,1,70,,25551,10962,,,1,30,,25575,10962,,,1,70,,25562,10962,,,1,30,,25571,10962,,,1,70,,25579,10962,,,1,30,,25557,10962,,,1,70,,25574,10962,,,1,30,,25563,10962,,,1,70,,25561,10962,,,1,30,,25577,10962,,,1,69,,25569,10962,,,1,30,,25552,10962,,,1,71,,25559,10962,,,1,30,,25553,10962,,,1,70,,25548,10962,,,1,31,,25554,10962,,,1,70,,25547,10962,,,1,99,,25576,10962,,,1,100,,25570,10962,,,1,100,,25555,10962,,,1,100,,25572,10962,,,1,100,,25558,10962,,,1,100,,25549,10962,,,1
1701,'F1',608,,25608,10962,,,1,100,,25587,10962,,,1,30,,25609,10962,,,1,70,,25600,10962,,,1,30,,25590,10962,,,1,70,,25603,10962,,,1,30,,25607,10962,,,1,70,,25598,10962,,,1,30,,25594,10962,,,1,70,,25610,10962,,,1,30,,25588,10962,,,1,70,,25601,10962,,,1,30,,25597,10962,,,1,70,,25611,10962,,,1,30,,25591,10962,,,1,70,,25602,10962,,,1,30,,25583,10962,,,1,70,,25604,10962,,,1,30,,25589,10962,,,1,70,,25612,10962,,,1,30,,25592,10962,,,1,69,,25580,10962,,,1,30,,25595,10962,,,1,71,,25581,10962,,,1,30,,25596,10962,,,1,71,,25582,10962,,,1,99,,25593,10962,,,1,100,,25584,10962,,,1,100,,25605,10962,,,1,100,,25585,10962,,,1,100,,25606,10962,,,1,100,,25586,10962,,,1
1701,'F2',608,,25640,10962,,,1,100,,25634,10962,,,1,30,,25629,10962,,,1,70,,25644,10962,,,1,30,,25616,10962,,,1,70,,25628,10962,,,1,30,,25641,10962,,,1,70,,25626,10962,,,1,30,,25615,10962,,,1,70,,25635,10962,,,1,30,,25617,10962,,,1,70,,25621,10962,,,1,30,,25613,10962,,,1,70,,25623,10962,,,1,30,,25630,10962,,,1,70,,25636,10962,,,1,30,,25642,10962,,,1,70,,25622,10962,,,1,30,,25643,10962,,,1,70,,25631,10962,,,1,30,,25638,10962,,,1,69,,25637,10962,,,1,30,,25618,10962,,,1,71,,25620,10962,,,1,30,,25619,10962,,,1,71,,25624,10962,,,1,99,,25639,10962,,,1,100,,25632,10962,,,1,100,,25627,10962,,,1,100,,25625,10962,,,1,100,,25614,10962,,,1,100,,25645,10962,,,1
1701,'F8',608,,25673,10962,,,1,100,,25667,10962,,,1,30,,25662,10962,,,1,70,,25677,10962,,,1,30,,25649,10962,,,1,70,,25661,10962,,,1,30,,25674,10962,,,1,70,,25659,10962,,,1,30,,25648,10962,,,1,70,,25668,10962,,,1,30,,25650,10962,,,1,70,,25654,10962,,,1,30,,25646,10962,,,1,70,,25656,10962,,,1,30,,25663,10962,,,1,70,,25669,10962,,,1,30,,25675,10962,,,1,70,,25655,10962,,,1,30,,25676,10962,,,1,70,,25664,10962,,,1,30,,25671,10962,,,1,69,,25670,10962,,,1,30,,25651,10962,,,1,71,,25653,10962,,,1,30,,25652,10962,,,1,71,,25657,10962,,,1,99,,25672,10962,,,1,100,,25665,10962,,,1,100,,25660,10962,,,1,100,,25658,10962,,,1,100,,25647,10962,,,1,100,,25678,10962,,,1
1701,'F9',608,,25696,10962,,,1,100,,25699,10962,,,1,30,,25692,10962,,,1,70,,25682,10962,,,1,30,,25688,10962,,,1,70,,25697,10962,,,1,30,,25710,10962,,,1,70,,25700,10962,,,1,30,,25705,10962,,,1,70,,25683,10962,,,1,30,,25707,10962,,,1,70,,25694,10962,,,1,30,,25703,10962,,,1,70,,25711,10962,,,1,30,,25689,10962,,,1,70,,25706,10962,,,1,30,,25695,10962,,,1,70,,25693,10962,,,1,30,,25709,10962,,,1,69,,25701,10962,,,1,30,,25684,10962,,,1,71,,25691,10962,,,1,30,,25685,10962,,,1,70,,25680,10962,,,1,31,,25686,10962,,,1,70,,25679,10962,,,1,99,,25708,10962,,,1,100,,25702,10962,,,1,100,,25687,10962,,,1,100,,25704,10962,,,1,100,,25690,10962,,,1,100,,25681,10962,,,1
1701,'SA',608,,25737,10962,,,1,100,,25731,10962,,,1,30,,25727,10962,,,1,70,,25741,10962,,,1,30,,25715,10962,,,1,70,,5087,10962,,,1,30,,25738,10962,,,1,70,,25725,10962,,,1,30,,25714,10962,,,1,70,,25732,10962,,,1,30,,25716,10962,,,1,70,,25720,10962,,,1,30,,25712,10962,,,1,70,,25722,10962,,,1,30,,25728,10962,,,1,70,,25733,10962,,,1,30,,25739,10962,,,1,70,,25721,10962,,,1,30,,25740,10962,,,1,70,,25729,10962,,,1,30,,25735,10962,,,1,69,,25734,10962,,,1,30,,25717,10962,,,1,71,,25719,10962,,,1,30,,25718,10962,,,1,71,,25723,10962,,,1,99,,25736,10962,,,1,100,,5098,10962,,,1,100,,25726,10962,,,1,100,,25724,10962,,,1,100,,25713,10962,,,1,100,,25742,10962,,,1
2501,'DI',1615,,27599,16043,,,2
2501,'F1',1615,,27600,16043,,,2
2501,'F2',1615,,27601,16043,,,2
2501,'F7',527,,27606,14407,,,2,30,,27608,14407,,,2,63,,27603,14407,,,2,34,,27607,14407,,,2,76,,27628,16043,,,2,70,,27627,16043,,,2,26,,27609,14407,,,2,30,,27611,14407,,,2,67,,27612,14407,,,2,505,,27623,14407,,,2,31,,27613,14407,,,2,73,,27614,14407,,,2,71,,27631,16043,,,2,20,,27630,16043,,,2,12,,27629,16043,,,2,9,,27604,14407,,,2,59,,27616,14407,,,2,14,,27615,14407,,,2,14,,27619,14407,,,2,28,,27621,14407,,,2,67,,27624,14407,,,2,29,,27620,14407,,,2,99,,27618,14407,,,2,385,,27626,14407,,,2,86,,27633,16043,,,2,12,,27625,14407,,,2,75,,27617,14407,,,2
2501,'F8',1615,,27634,16043,,,2
2501,'F9',1615,,27635,16043,,,2
2501,'SA',1615,,27636,16043,,,2
2501,'SE',527,,27641,14407,,,2,30,,27643,14407,,,2,63,,27638,14407,,,2,34,,27642,14407,,,2,76,,27663,16043,,,2,70,,27662,16043,,,2,26,,27644,14407,,,2,30,,27646,14407,,,2,67,,27647,14407,,,2,505,,27658,14407,,,2,31,,27648,14407,,,2,73,,27649,14407,,,2,71,,27666,16043,,,2,20,,27665,16043,,,2,12,,27664,16043,,,2,9,,27639,14407,,,2,59,,27651,14407,,,2,14,,27650,14407,,,2,14,,27654,14407,,,2,28,,27656,14407,,,2,67,,27659,14407,,,2,29,,27655,14407,,,2,99,,27653,14407,,,2,385,,27661,14407,,,2,86,,27668,16043,,,2,12,,27660,14407,,,2,75,,27652,14407,,,2
7601,'F7',521,,34930,8079,,,1,30,,34932,8079,,,1,70,,34939,8079,,,1,27,,34926,8079,,,1,61,,34922,8079,,,1,20,,34953,8079,,,1,21,,34928,8079,,,1,4,,34944,8079,,,1,5,,34923,8079,,,1,54,,34954,8079,,,1,21,,34940,8079,,,1,22,,34920,8079,,,1,66,,34955,8079,,,1,29,,34916,8079,,,1,70,,34927,8079,,,1,30,,34919,8079,,,1,70,,34958,8079,,,1,30,,34917,8079,,,1,70,,34921,8079,,,1,30,,34934,8079,,,1,70,,34936,8079,,,1,30,,34924,8079,,,1,70,,34945,8079,,,1,32,,34959,8079,,,1,76,,34946,8079,,,1,26,,34935,8079,,,1,72,,34931,8079,,,1,74,,34947,8079,,,1,24,,34925,8079,,,1,16,,34933,8079,,,1,18,,34961,8079,,,1,61,,34960,8079,,,1,17,,34938,8079,,,1,18,,34956,8079,,,1,66,,34952,8079,,,1,30,,34937,8079,,,1,70,,34929,8079,,,1,30,,34941,8079,,,1,70,,34948,8079,,,1,30,,34942,8079,,,1,70,,34949,8079,,,1,29,,34943,8079,,,1,70,,34950,8079,,,1,30,,34918,8079,,,1,70,,34951,8079,,,1,30,,34957,8079,,,1
7601,'SE',521,,34976,8079,,,1,30,,34978,8079,,,1,70,,34985,8079,,,1,27,,34972,8079,,,1,61,,34968,8079,,,1,20,,34999,8079,,,1,21,,34974,8079,,,1,4,,34990,8079,,,1,5,,34969,8079,,,1,54,,35000,8079,,,1,21,,34986,8079,,,1,22,,34966,8079,,,1,66,,35001,8079,,,1,29,,34962,8079,,,1,70,,34973,8079,,,1,30,,34965,8079,,,1,70,,35004,8079,,,1,30,,34963,8079,,,1,70,,34967,8079,,,1,30,,34980,8079,,,1,70,,34982,8079,,,1,30,,34970,8079,,,1,70,,34991,8079,,,1,32,,35005,8079,,,1,76,,34992,8079,,,1,26,,34981,8079,,,1,72,,34977,8079,,,1,74,,34993,8079,,,1,24,,34971,8079,,,1,16,,34979,8079,,,1,18,,35007,8079,,,1,61,,35006,8079,,,1,17,,34984,8079,,,1,18,,35002,8079,,,1,66,,34998,8079,,,1,30,,34983,8079,,,1,70,,34975,8079,,,1,30,,34987,8079,,,1,70,,34994,8079,,,1,30,,34988,8079,,,1,70,,34995,8079,,,1,29,,34989,8079,,,1,70,,34996,8079,,,1,30,,34964,8079,,,1,70,,34997,8079,,,1,30,,35003,8079,,,1
