8800,'DI',733,,36639,12019,,,1,70,,36644,12019,,,1,30,,36650,12019,,,1,70,,36659,12019,,,1,30,,36640,12019,,,1,70,,36645,12019,,,1,32,,36651,12019,,,1,70,,36660,12019,,,1,30,,36641,12019,,,1,70,,36646,12019,,,1,31,,36652,12019,,,1,70,,36661,12019,,,1,30,,36642,12019,,,1,70,,36647,12019,,,1,30,,36653,12019,,,1,70,,15002,12019,,,1,30,,36654,12019,,,1,70,,36648,12019,,,1,30,,36662,12019,,,1,70,,15003,12019,,,1,30,,36655,12019,,,1,68,,36649,12019,,,1,30,,36663,12019,,,1,100,,36656,12019,,,1,100,,36664,12019,,,1,100,,36657,12019,,,1,100,,36665,12019,,,1,97,,36658,12019,,,1,100,,36638,12019,,,1,100,,36643,12019,,,1
8800,'F1',733,,36672,12019,,,1,70,,15061,12019,,,1,31,,36685,12019,,,1,70,,36676,12019,,,1,31,,36673,12019,,,1,70,,15062,12019,,,1,32,,36686,12019,,,1,70,,36677,12019,,,1,30,,15046,12019,,,1,70,,36681,12019,,,1,30,,36687,12019,,,1,70,,36678,12019,,,1,30,,15047,12019,,,1,70,,36682,12019,,,1,30,,36688,12019,,,1,70,,36668,12019,,,1,30,,15048,12019,,,1,70,,36683,12019,,,1,30,,36689,12019,,,1,70,,36669,12019,,,1,31,,36690,12019,,,1,69,,36684,12019,,,1,31,,36679,12019,,,1,69,,36670,12019,,,1,30,,36674,12019,,,1,100,,36680,12019,,,1,98,,36675,12019,,,1,97,,36667,12019,,,1,100,,36666,12019,,,1,100,,36671,12019,,,1,100,,15032,12019,,,1
8800,'F2',733,,36694,12019,,,1,70,,36719,12019,,,1,31,,36715,12019,,,1,70,,36706,12019,,,1,31,,36699,12019,,,1,70,,36720,12019,,,1,32,,36716,12019,,,1,70,,36707,12019,,,1,30,,36700,12019,,,1,70,,36711,12019,,,1,30,,36696,12019,,,1,70,,36708,12019,,,1,30,,36701,12019,,,1,70,,36712,12019,,,1,30,,36697,12019,,,1,70,,36691,12019,,,1,30,,36702,12019,,,1,70,,36713,12019,,,1,30,,36698,12019,,,1,70,,36692,12019,,,1,31,,36721,12019,,,1,69,,36714,12019,,,1,31,,36709,12019,,,1,69,,36693,12019,,,1,30,,36703,12019,,,1,100,,36710,12019,,,1,98,,36704,12019,,,1,97,,36718,12019,,,1,100,,36705,12019,,,1,100,,36717,12019,,,1,100,,36695,12019,,,1
8800,'F7',659,,36728,12019,,,1,81,,36732,12019,,,1,2,,36737,12019,,,1,59,,36767,12019,,,1,15,,36768,12019,,,1,14,,36734,12019,,,1,15,,36769,12019,,,1,55,,36735,12019,,,1,13,,36736,12019,,,1,29,,36757,12019,,,1,70,,36733,12019,,,1,30,,36731,12019,,,1,70,,36755,12019,,,1,33,,36758,12019,,,1,70,,36724,12019,,,1,30,,36722,12019,,,1,70,,36759,12019,,,1,30,,36725,12019,,,1,70,,36756,12019,,,1,34,,36771,12019,,,1,3,,36746,12019,,,1,70,,36760,12019,,,1,17,,36762,12019,,,1,16,,36764,12019,,,1,55,,36726,12019,,,1,15,,36738,12019,,,1,15,,36770,12019,,,1,15,,36743,12019,,,1,53,,36747,12019,,,1,10,,36723,12019,,,1,12,,36750,12019,,,1,12,,36740,12019,,,1,11,,36745,12019,,,1,51,,36730,12019,,,1,11,,36765,12019,,,1,12,,36727,12019,,,1,12,,36739,12019,,,1,7,,36763,12019,,,1,59,,36744,12019,,,1,15,,36748,12019,,,1,22,,36741,12019,,,1,68,,36766,12019,,,1,30,,36761,12019,,,1,68,,36749,12019,,,1,30,,36742,12019,,,1,70,,36729,12019,,,1,30,,36753,12019,,,1,100,,36751,12019,,,1,99,,36754,12019,,,1,95,,36752,12019,,,1
8800,'F8',733,,36775,12019,,,1,70,,36800,12019,,,1,31,,36796,12019,,,1,70,,36787,12019,,,1,31,,36780,12019,,,1,70,,36801,12019,,,1,32,,36797,12019,,,1,70,,36788,12019,,,1,30,,36781,12019,,,1,70,,36792,12019,,,1,30,,36777,12019,,,1,70,,36789,12019,,,1,30,,36782,12019,,,1,70,,36793,12019,,,1,30,,36778,12019,,,1,70,,36772,12019,,,1,30,,36783,12019,,,1,70,,36794,12019,,,1,30,,36779,12019,,,1,70,,36773,12019,,,1,31,,36802,12019,,,1,69,,36795,12019,,,1,31,,36790,12019,,,1,69,,36774,12019,,,1,30,,36784,12019,,,1,100,,36791,12019,,,1,98,,36785,12019,,,1,97,,36799,12019,,,1,100,,36786,12019,,,1,100,,36798,12019,,,1,100,,36776,12019,,,1
8800,'F9',733,,36806,12019,,,1,70,,36811,12019,,,1,30,,36817,12019,,,1,70,,36826,12019,,,1,30,,36807,12019,,,1,70,,36812,12019,,,1,32,,36818,12019,,,1,70,,36827,12019,,,1,30,,36808,12019,,,1,70,,36813,12019,,,1,31,,36819,12019,,,1,70,,36828,12019,,,1,30,,36809,12019,,,1,70,,36814,12019,,,1,30,,36820,12019,,,1,70,,36803,12019,,,1,30,,36821,12019,,,1,70,,36815,12019,,,1,30,,36829,12019,,,1,70,,36804,12019,,,1,30,,36822,12019,,,1,68,,36816,12019,,,1,30,,36830,12019,,,1,100,,36823,12019,,,1,100,,36831,12019,,,1,100,,36824,12019,,,1,100,,36832,12019,,,1,97,,36825,12019,,,1,100,,36805,12019,,,1,100,,36810,12019,,,1
8800,'SA',733,,36836,12019,,,1,70,,36860,12019,,,1,31,,36857,12019,,,1,70,,36848,12019,,,1,31,,36841,12019,,,1,70,,36861,12019,,,1,32,,36858,12019,,,1,70,,36849,12019,,,1,30,,36842,12019,,,1,70,,36853,12019,,,1,30,,36838,12019,,,1,70,,36850,12019,,,1,30,,36843,12019,,,1,70,,36854,12019,,,1,30,,36839,12019,,,1,70,,36833,12019,,,1,30,,36844,12019,,,1,70,,36855,12019,,,1,30,,36840,12019,,,1,70,,36834,12019,,,1,31,,36862,12019,,,1,69,,36856,12019,,,1,31,,36851,12019,,,1,69,,36835,12019,,,1,30,,36845,12019,,,1,100,,36852,12019,,,1,98,,36846,12019,,,1,97,,15203,12019,,,1,100,,36847,12019,,,1,100,,36859,12019,,,1,100,,36837,12019,,,1
8800,'SE',659,,36869,12019,,,1,81,,36873,12019,,,1,2,,36877,12019,,,1,59,,36905,12019,,,1,15,,36906,12019,,,1,14,,15219,12019,,,1,15,,36907,12019,,,1,55,,36875,12019,,,1,13,,36876,12019,,,1,29,,36895,12019,,,1,70,,36874,12019,,,1,30,,36872,12019,,,1,70,,36893,12019,,,1,33,,36896,12019,,,1,70,,36865,12019,,,1,30,,36863,12019,,,1,70,,36897,12019,,,1,30,,36866,12019,,,1,70,,36894,12019,,,1,34,,36909,12019,,,1,3,,36886,12019,,,1,70,,36898,12019,,,1,17,,36900,12019,,,1,16,,36902,12019,,,1,55,,36867,12019,,,1,15,,36878,12019,,,1,15,,36908,12019,,,1,15,,36883,12019,,,1,53,,36887,12019,,,1,10,,36864,12019,,,1,12,,36888,12019,,,1,12,,36880,12019,,,1,11,,36885,12019,,,1,51,,36871,12019,,,1,11,,36903,12019,,,1,12,,36868,12019,,,1,12,,36879,12019,,,1,7,,36901,12019,,,1,59,,36884,12019,,,1,15,,15235,12019,,,1,22,,36881,12019,,,1,68,,36904,12019,,,1,30,,36899,12019,,,1,68,,15236,12019,,,1,30,,36882,12019,,,1,70,,36870,12019,,,1,30,,36891,12019,,,1,100,,36889,12019,,,1,99,,36892,12019,,,1,95,,36890,12019,,,1
50500,'F7',1627,,40630,5139,,,2
50500,'SE',1627,,40631,5139,,,2
