1001,'DI',643,,3282,7075,,,1,67,,3256,7075,,,1,30,,3283,7075,,,1,70,,3255,7075,,,1,30,,3266,7075,,,1,78,,3257,7075,,,1,30,,3267,7075,,,1,70,,3258,7075,,,1,30,,3268,7075,,,1,70,,3284,7075,,,1,30,,3269,7075,,,1,70,,3285,7075,,,1,30,,3275,7075,,,1,70,,3286,7075,,,1,30,,3276,7075,,,1,70,,3270,7075,,,1,30,,3277,7075,,,1,70,,3271,7075,,,1,30,,3278,7075,,,1,70,,3272,7075,,,1,30,,3279,7075,,,1,70,,3273,7075,,,1,30,,3280,7075,,,1,70,,3274,7075,,,1,30,,3281,7075,,,1,81,,3259,7075,,,1,100,,3260,7075,,,1,100,,3261,7075,,,1,100,,3262,7075,,,1,100,,3263,7075,,,1,100,,3264,7075,,,1
1001,'F1',542,,3318,7075,,,1,96,,3319,7075,,,1,70,,3302,7075,,,1,30,,3295,7075,,,1,70,,3303,7075,,,1,30,,3316,7075,,,1,78,,3301,7075,,,1,31,,3287,7075,,,1,70,,3304,7075,,,1,30,,3288,7075,,,1,70,,3296,7075,,,1,30,,3289,7075,,,1,70,,3309,7075,,,1,32,,3317,7075,,,1,70,,3310,7075,,,1,30,,3290,7075,,,1,70,,3311,7075,,,1,30,,3291,7075,,,1,70,,3312,7075,,,1,30,,3292,7075,,,1,70,,3313,7075,,,1,30,,3293,7075,,,1,69,,3314,7075,,,1,31,,3294,7075,,,1,70,,3315,7075,,,1,30,,3305,7075,,,1,81,,3297,7075,,,1,100,,3298,7075,,,1,100,,3299,7075,,,1,100,,3300,7075,,,1,100,,3306,7075,,,1,100,,3307,7075,,,1
1001,'F7',643,,3347,7075,,,1,67,,3321,7075,,,1,30,,3348,7075,,,1,70,,3320,7075,,,1,30,,3331,7075,,,1,78,,3322,7075,,,1,30,,3332,7075,,,1,70,,3323,7075,,,1,30,,3333,7075,,,1,70,,3349,7075,,,1,30,,3334,7075,,,1,70,,3350,7075,,,1,30,,3340,7075,,,1,70,,3351,7075,,,1,30,,3341,7075,,,1,70,,3335,7075,,,1,30,,3342,7075,,,1,70,,3336,7075,,,1,30,,3343,7075,,,1,70,,3337,7075,,,1,30,,3344,7075,,,1,70,,3338,7075,,,1,30,,3345,7075,,,1,70,,3339,7075,,,1,30,,3346,7075,,,1,81,,3324,7075,,,1,100,,3325,7075,,,1,100,,3326,7075,,,1,100,,3327,7075,,,1,100,,3328,7075,,,1,100,,3329,7075,,,1
1001,'F9',542,,3383,7075,,,1,96,,3384,7075,,,1,70,,3367,7075,,,1,30,,3360,7075,,,1,70,,3368,7075,,,1,30,,3381,7075,,,1,78,,3366,7075,,,1,31,,3352,7075,,,1,70,,3369,7075,,,1,30,,3353,7075,,,1,70,,3361,7075,,,1,30,,3354,7075,,,1,70,,3374,7075,,,1,32,,3382,7075,,,1,70,,3375,7075,,,1,30,,3355,7075,,,1,70,,3376,7075,,,1,30,,3356,7075,,,1,70,,3377,7075,,,1,30,,3357,7075,,,1,70,,3378,7075,,,1,30,,3358,7075,,,1,69,,3379,7075,,,1,31,,3359,7075,,,1,70,,3380,7075,,,1,30,,3370,7075,,,1,81,,3362,7075,,,1,100,,3363,7075,,,1,100,,3364,7075,,,1,100,,3365,7075,,,1,100,,3371,7075,,,1,100,,3372,7075,,,1
1001,'SA',542,,3416,7075,,,1,96,,3417,7075,,,1,70,,3400,7075,,,1,30,,3393,7075,,,1,70,,3401,7075,,,1,30,,3414,7075,,,1,78,,3399,7075,,,1,31,,3385,7075,,,1,70,,3402,7075,,,1,30,,3386,7075,,,1,70,,3394,7075,,,1,30,,3387,7075,,,1,70,,3407,7075,,,1,32,,3415,7075,,,1,70,,3408,7075,,,1,30,,3388,7075,,,1,70,,3409,7075,,,1,30,,3389,7075,,,1,70,,3410,7075,,,1,30,,3390,7075,,,1,70,,3411,7075,,,1,30,,3391,7075,,,1,69,,3412,7075,,,1,31,,3392,7075,,,1,70,,3413,7075,,,1,30,,3403,7075,,,1,81,,3395,7075,,,1,100,,3396,7075,,,1,100,,3397,7075,,,1,100,,3398,7075,,,1,100,,3404,7075,,,1,100,,3405,7075,,,1
1701,'DI',600,,4963,7210,,,1,100,,4961,7210,,,1,30,,4953,7210,,,1,70,,4969,7210,,,1,30,,4948,7210,,,1,70,,4964,7210,,,1,30,,4954,7210,,,1,70,,4962,7210,,,1,30,,4958,7210,,,1,70,,4970,7210,,,1,30,,4944,7210,,,1,70,,4965,7210,,,1,30,,4973,7210,,,1,70,,4971,7210,,,1,30,,4950,7210,,,1,70,,4959,7210,,,1,30,,4955,7210,,,1,70,,4966,7210,,,1,30,,4951,7210,,,1,29,,4945,7210,,,1,70,,4941,7210,,,1,71,,4946,7210,,,1,30,,4942,7210,,,1,70,,4956,7210,,,1,31,,4943,7210,,,1,70,,4957,7210,,,1,99,,4967,7210,,,1,100,,4952,7210,,,1,100,,4972,7210,,,1,100,,4968,7210,,,1,100,,4949,7210,,,1,100,,4947,7210,,,1
1701,'F1',601,,5003,7210,,,1,100,,4993,7210,,,1,30,,4985,7210,,,1,70,,4978,7210,,,1,30,,4994,7210,,,1,70,,4988,7210,,,1,30,,5000,7210,,,1,70,,5001,7210,,,1,30,,4987,7210,,,1,70,,4989,7210,,,1,30,,4979,7210,,,1,70,,5004,7210,,,1,30,,4986,7210,,,1,70,,4990,7210,,,1,30,,4981,7210,,,1,70,,5005,7210,,,1,30,,4995,7210,,,1,70,,5002,7210,,,1,30,,4984,7210,,,1,70,,4991,7210,,,1,30,,4974,7210,,,1,69,,4982,7210,,,1,30,,4996,7210,,,1,71,,4977,7210,,,1,30,,4997,7210,,,1,71,,4992,7210,,,1,99,,4980,7210,,,1,100,,4999,7210,,,1,100,,4983,7210,,,1,100,,4975,7210,,,1,100,,5006,7210,,,1,100,,4976,7210,,,1
1701,'F7',600,,5029,7210,,,1,100,,5027,7210,,,1,30,,5019,7210,,,1,70,,5035,7210,,,1,30,,5014,7210,,,1,70,,5030,7210,,,1,30,,5020,7210,,,1,70,,5028,7210,,,1,30,,5024,7210,,,1,70,,5036,7210,,,1,30,,5010,7210,,,1,70,,5031,7210,,,1,30,,5039,7210,,,1,70,,5037,7210,,,1,30,,5016,7210,,,1,70,,5025,7210,,,1,30,,5021,7210,,,1,70,,5032,7210,,,1,30,,5017,7210,,,1,29,,5011,7210,,,1,70,,5007,7210,,,1,71,,5012,7210,,,1,30,,5008,7210,,,1,70,,5022,7210,,,1,31,,5009,7210,,,1,70,,5023,7210,,,1,99,,5033,7210,,,1,100,,5018,7210,,,1,100,,5038,7210,,,1,100,,5034,7210,,,1,100,,5015,7210,,,1,100,,5013,7210,,,1
1701,'F9',601,,5069,7210,,,1,100,,5059,7210,,,1,30,,5051,7210,,,1,70,,5044,7210,,,1,30,,5060,7210,,,1,70,,5054,7210,,,1,30,,5066,7210,,,1,70,,5067,7210,,,1,30,,5053,7210,,,1,70,,5055,7210,,,1,30,,5045,7210,,,1,70,,5070,7210,,,1,30,,5052,7210,,,1,70,,5056,7210,,,1,30,,5047,7210,,,1,70,,5071,7210,,,1,30,,5061,7210,,,1,70,,5068,7210,,,1,30,,5050,7210,,,1,70,,5057,7210,,,1,30,,5040,7210,,,1,69,,5048,7210,,,1,30,,5062,7210,,,1,71,,5043,7210,,,1,30,,5063,7210,,,1,71,,5058,7210,,,1,99,,5046,7210,,,1,100,,5065,7210,,,1,100,,5049,7210,,,1,100,,5041,7210,,,1,100,,5072,7210,,,1,100,,5042,7210,,,1
1701,'SA',601,,5102,7210,,,1,100,,5092,7210,,,1,30,,5084,7210,,,1,70,,5077,7210,,,1,30,,5093,7210,,,1,70,,5087,7210,,,1,30,,5099,7210,,,1,70,,5100,7210,,,1,30,,5086,7210,,,1,70,,5088,7210,,,1,30,,5078,7210,,,1,70,,5103,7210,,,1,30,,5085,7210,,,1,70,,5089,7210,,,1,30,,5080,7210,,,1,70,,5104,7210,,,1,30,,5094,7210,,,1,70,,5101,7210,,,1,30,,5083,7210,,,1,70,,5090,7210,,,1,30,,5073,7210,,,1,69,,5081,7210,,,1,30,,5095,7210,,,1,71,,5076,7210,,,1,30,,5096,7210,,,1,71,,5091,7210,,,1,99,,5079,7210,,,1,100,,5098,7210,,,1,100,,5082,7210,,,1,100,,5074,7210,,,1,100,,5105,7210,,,1,100,,5075,7210,,,1
2900,'DI',747,,7095,5782,0,29 30,1,100,,7096,5782,0,29 30,1,100,,7097,5782,0,29 30,1,100,,7098,5782,0,29 30,1,100,,7099,5782,0,29 30,1,100,,7100,5782,0,29 30,1,100,,7101,5782,0,29 30,1,100,,7102,5782,0,29 30,1,100,,7103,5782,0,29 30,1,100,,7104,5782,0,29 30,1,100,,7105,5782,0,29 30,1,100,,7106,5782,0,29 30,1,100,,7107,5782,0,29 30,1,100,,7108,5782,0,29 30,1,100,,7109,5782,0,29 30,1,100,,7110,5782,0,29 30,1,100,,7111,5782,0,29 30,1,160,,7112,5782,0,29 30,1
2900,'F1',745,,7122,5782,0,29 30,1,100,,7123,5782,0,29 30,1,100,,7124,5782,0,29 30,1,100,,7125,5782,0,29 30,1,100,,7126,5782,0,29 30,1,100,,7127,5782,0,29 30,1,100,,7128,5782,0,29 30,1,99,,7129,5782,0,29 30,1,99,,7130,5782,0,29 30,1,99,,7131,5782,0,29 30,1,108,,7113,5782,0,29 30,1,99,,7114,5782,0,29 30,1,97,,7115,5782,0,29 30,1,99,,7116,5782,0,29 30,1,100,,7117,5782,0,29 30,1,100,,7118,5782,0,29 30,1,100,,7119,5782,0,29 30,1,160,,7120,5782,0,29 30,1
2900,'F7',747,,7133,5782,0,29 30,1,100,,7134,5782,0,29 30,1,100,,7135,5782,0,29 30,1,100,,7136,5782,0,29 30,1,100,,7137,5782,0,29 30,1,100,,7138,5782,0,29 30,1,100,,7139,5782,0,29 30,1,100,,7140,5782,0,29 30,1,100,,7141,5782,0,29 30,1,100,,7142,5782,0,29 30,1,100,,7143,5782,0,29 30,1,100,,7144,5782,0,29 30,1,100,,7145,5782,0,29 30,1,100,,7146,5782,0,29 30,1,100,,7147,5782,0,29 30,1,100,,7148,5782,0,29 30,1,100,,7149,5782,0,29 30,1,160,,7150,5782,0,29 30,1
2900,'F8',713,,7164,5782,0,29 30,1,27,,7155,5782,0,29 30,1,70,,7152,5782,0,29 30,1,33,,7162,5782,0,29 30,1,103,,7159,5782,0,29 30,1,100,,7153,5782,0,29 30,1,100,,7154,5782,0,29 30,1,100,,7176,5782,0,29 30,1,100,,7151,5782,0,29 30,1,98,,7175,5782,0,29 30,1,74,,7177,5782,0,29 30,1,26,,7174,5782,0,29 30,1,74,,7165,5782,0,29 30,1,20,,7158,5782,0,29 30,1,69,,7173,5782,0,29 30,1,12,,7172,5782,0,29 30,1,31,,7163,5782,0,29 30,1,68,,7166,5782,0,29 30,1,29,,7156,5782,0,29 30,1,99,,7157,5782,0,29 30,1,99,,7167,5782,0,29 30,1,99,,7168,5782,0,29 30,1,100,,7169,5782,0,29 30,1,100,,7170,5782,0,29 30,1,158,,7171,5782,0,29 30,1
2900,'F9',745,,7187,5782,0,29 30,1,100,,7188,5782,0,29 30,1,100,,7189,5782,0,29 30,1,100,,7190,5782,0,29 30,1,100,,7191,5782,0,29 30,1,100,,7192,5782,0,29 30,1,100,,7193,5782,0,29 30,1,99,,7194,5782,0,29 30,1,99,,7195,5782,0,29 30,1,99,,7196,5782,0,29 30,1,108,,7178,5782,0,29 30,1,99,,7179,5782,0,29 30,1,97,,7180,5782,0,29 30,1,99,,7181,5782,0,29 30,1,100,,7182,5782,0,29 30,1,100,,7183,5782,0,29 30,1,100,,7184,5782,0,29 30,1,160,,7185,5782,0,29 30,1
2900,'SA',745,,7206,5782,0,29 30,1,100,,7207,5782,0,29 30,1,100,,7208,5782,0,29 30,1,100,,7209,5782,0,29 30,1,100,,7210,5782,0,29 30,1,100,,7211,5782,0,29 30,1,100,,7212,5782,0,29 30,1,99,,7213,5782,0,29 30,1,99,,7214,5782,0,29 30,1,99,,7215,5782,0,29 30,1,108,,7197,5782,0,29 30,1,99,,7198,5782,0,29 30,1,97,,7199,5782,0,29 30,1,99,,7200,5782,0,29 30,1,100,,7201,5782,0,29 30,1,100,,7202,5782,0,29 30,1,100,,7203,5782,0,29 30,1,160,,7204,5782,0,29 30,1
2900,'SE',713,,7229,5782,0,29 30,1,27,,7220,5782,0,29 30,1,70,,7217,5782,0,29 30,1,33,,7227,5782,0,29 30,1,103,,7224,5782,0,29 30,1,100,,7218,5782,0,29 30,1,100,,7219,5782,0,29 30,1,100,,7241,5782,0,29 30,1,100,,7216,5782,0,29 30,1,98,,7240,5782,0,29 30,1,74,,7242,5782,0,29 30,1,26,,7239,5782,0,29 30,1,74,,7230,5782,0,29 30,1,20,,7223,5782,0,29 30,1,69,,7238,5782,0,29 30,1,12,,7237,5782,0,29 30,1,31,,7228,5782,0,29 30,1,68,,7231,5782,0,29 30,1,29,,7221,5782,0,29 30,1,99,,7222,5782,0,29 30,1,99,,7232,5782,0,29 30,1,99,,7233,5782,0,29 30,1,100,,7234,5782,0,29 30,1,100,,7235,5782,0,29 30,1,158,,7236,5782,0,29 30,1
7601,'F8',513,,13446,4328,,,1,30,,13425,4328,,,1,70,,13441,4328,,,1,25,,13449,4328,,,1,21,,13450,4328,,,1,60,,13442,4328,,,1,20,,13447,4328,,,1,4,,13432,4328,,,1,5,,13427,4328,,,1,55,,13421,4328,,,1,21,,13416,4328,,,1,23,,13422,4328,,,1,66,,13410,4328,,,1,30,,13420,4328,,,1,70,,13411,4328,,,1,30,,13451,4328,,,1,70,,13407,4328,,,1,30,,13415,4328,,,1,70,,13452,4328,,,1,30,,13428,4328,,,1,70,,13448,4328,,,1,30,,13409,4328,,,1,70,,13413,4328,,,1,32,,13418,4328,,,1,75,,13414,4328,,,1,26,,13424,4328,,,1,72,,13440,4328,,,1,33,,13417,4328,,,1,64,,13433,4328,,,1,16,,13419,4328,,,1,20,,13408,4328,,,1,61,,13423,4328,,,1,17,,13429,4328,,,1,18,,13426,4328,,,1,66,,13443,4328,,,1,30,,13412,4328,,,1,70,,13438,4328,,,1,30,,13430,4328,,,1,70,,13434,4328,,,1,30,,13431,4328,,,1,70,,13435,4328,,,1,29,,13444,4328,,,1,70,,13436,4328,,,1,30,,13445,4328,,,1,70,,13437,4328,,,1,30,,13439,4328,,,1
7601,'SE',513,,13492,4328,,,1,30,,13471,4328,,,1,70,,13487,4328,,,1,25,,13495,4328,,,1,21,,13496,4328,,,1,60,,13488,4328,,,1,20,,13493,4328,,,1,4,,13478,4328,,,1,5,,13473,4328,,,1,55,,13467,4328,,,1,21,,13462,4328,,,1,23,,13468,4328,,,1,66,,13456,4328,,,1,30,,13466,4328,,,1,70,,13457,4328,,,1,30,,13497,4328,,,1,70,,13453,4328,,,1,30,,13461,4328,,,1,70,,13498,4328,,,1,30,,13474,4328,,,1,70,,13494,4328,,,1,30,,13455,4328,,,1,70,,13459,4328,,,1,32,,13464,4328,,,1,75,,13460,4328,,,1,26,,13470,4328,,,1,72,,13486,4328,,,1,33,,13463,4328,,,1,64,,13479,4328,,,1,16,,13465,4328,,,1,20,,13454,4328,,,1,61,,13469,4328,,,1,17,,13475,4328,,,1,18,,13472,4328,,,1,66,,13489,4328,,,1,30,,13458,4328,,,1,70,,13484,4328,,,1,30,,13476,4328,,,1,70,,13480,4328,,,1,30,,13477,4328,,,1,70,,13481,4328,,,1,29,,13490,4328,,,1,70,,13482,4328,,,1,30,,13491,4328,,,1,70,,13483,4328,,,1,30,,13485,4328,,,1
16101,'DI',620,,16944,12983,,,2,30,,16935,8260,,,2,70,,16933,8260,,,2,30,,16939,8260,,,2,70,,16937,8260,,,2,30,,16943,8260,,,2,70,,16936,8260,,,2,702,,16941,8260,,,2,28,,16934,8260,,,2,72,,16940,8260,,,2,30,,16945,12983,,,2,70,,16938,8260,,,2,32,,16942,8260,,,2
16101,'F1',620,,16957,12983,,,2,30,,16952,8260,,,2,70,,16946,8260,,,2,30,,16956,8260,,,2,70,,16949,8260,,,2,30,,16953,8260,,,2,70,,16951,8260,,,2,700,,16955,8260,,,2,31,,16947,8260,,,2,71,,16954,8260,,,2,30,,16958,12983,,,2,71,,16948,8260,,,2,31,,16950,8260,,,2
16101,'F7',620,,16970,12983,,,2,30,,16961,8260,,,2,70,,16959,8260,,,2,30,,16965,8260,,,2,70,,16963,8260,,,2,30,,16969,8260,,,2,70,,16962,8260,,,2,702,,16967,8260,,,2,28,,16960,8260,,,2,72,,16966,8260,,,2,30,,16971,12983,,,2,70,,16964,8260,,,2,32,,16968,8260,,,2
16101,'F8',614,,16977,8260,,,2,20,,16975,8260,,,2,25,,16988,12983,,,2,60,,16976,8260,,,2,13,,16985,12983,,,2,17,,16981,8260,,,2,56,,16990,12983,,,2,16,,16972,8260,,,2,23,,16978,8260,,,2,59,,16973,8260,,,2,17,,16982,8260,,,2,20,,16979,8260,,,2,366,,16987,12983,,,2,332,,16986,12983,,,2,15,,16974,8260,,,2,61,,16991,12983,,,2,20,,16983,8260,,,2,18,,16989,12983,,,2,60,,16984,8260,,,2,20,,16980,8260,,,2
16101,'F9',620,,17003,12983,,,2,30,,16998,8260,,,2,70,,16992,8260,,,2,30,,17002,8260,,,2,70,,16995,8260,,,2,30,,16999,8260,,,2,70,,16997,8260,,,2,700,,17001,8260,,,2,31,,16993,8260,,,2,71,,17000,8260,,,2,30,,17004,12983,,,2,71,,16994,8260,,,2,31,,16996,8260,,,2
16101,'SA',620,,17016,12983,,,2,30,,17011,8260,,,2,70,,17005,8260,,,2,30,,17015,8260,,,2,70,,17008,8260,,,2,30,,17012,8260,,,2,70,,17010,8260,,,2,700,,17014,8260,,,2,31,,17006,8260,,,2,71,,17013,8260,,,2,30,,17017,12983,,,2,71,,17007,8260,,,2,31,,17009,8260,,,2
16101,'SE',614,,17023,8260,,,2,20,,17021,8260,,,2,25,,17034,12983,,,2,60,,17022,8260,,,2,13,,17031,12983,,,2,17,,17027,8260,,,2,56,,17036,12983,,,2,16,,17018,8260,,,2,23,,17024,8260,,,2,59,,17019,8260,,,2,17,,17028,8260,,,2,20,,17025,8260,,,2,366,,17033,12983,,,2,332,,17032,12983,,,2,15,,17020,8260,,,2,61,,17037,12983,,,2,20,,17029,8260,,,2,18,,17035,12983,,,2,60,,17030,8260,,,2,20,,17026,8260,,,2
41001,'F8',509,,17462,7075,,,2,30,,17469,7075,,,2,20,,17476,7075,,,2,61,,17447,7075,,,2,20,,17439,7075,,,2,13,,17478,7075,,,2,50,,17440,7075,,,2,8,,17455,7075,,,2,8,,17461,7075,,,2,10,,17441,7075,,,2,6,,17465,7075,,,2,2,,17443,7075,,,2,8,,17460,7075,,,2,3,,17481,7075,,,2,5,,17449,7075,,,2,50,,17479,7075,,,2,13,,17480,7075,,,2,11,,17472,7075,,,2,14,,17452,7075,,,2,16,,17448,7075,,,2,58,,17475,7075,,,2,30,,17453,7075,,,2,70,,17477,7075,,,2,30,,17463,7075,,,2,70,,17466,7075,,,2,30,,17464,7075,,,2,70,,17456,7075,,,2,30,,17436,7075,,,2,70,,17467,7075,,,2,30,,17482,7075,,,2,70,,17457,7075,,,2,31,,17483,7075,,,2,78,,17468,7075,,,2,25,,17484,7075,,,2,69,,17450,7075,,,2,15,,17495,7075,,,2,15,,17489,7075,,,2,55,,17470,7075,,,2,13,,17492,7075,,,2,9,,17437,7075,,,2,9,,17496,7075,,,2,10,,17442,7075,,,2,10,,17490,7075,,,2,55,,17471,7075,,,2,29,,17451,7075,,,2,78,,17444,7075,,,2,28,,17446,7075,,,2,69,,17438,7075,,,2,30,,17497,7075,,,2,70,,17458,7075,,,2,30,,17454,7075,,,2,70,,17474,7075,,,2,30,,17485,7075,,,2,70,,17459,7075,,,2,30,,17486,7075,,,2,100,,17487,7075,,,2
41001,'SE',509,,17525,7075,,,2,30,,17532,7075,,,2,20,,17539,7075,,,2,61,,17510,7075,,,2,20,,17502,7075,,,2,13,,17541,7075,,,2,50,,17503,7075,,,2,8,,17518,7075,,,2,8,,17524,7075,,,2,10,,17504,7075,,,2,6,,17528,7075,,,2,2,,17506,7075,,,2,8,,17523,7075,,,2,3,,17544,7075,,,2,5,,17512,7075,,,2,50,,17542,7075,,,2,13,,17543,7075,,,2,11,,17535,7075,,,2,14,,17515,7075,,,2,16,,17511,7075,,,2,58,,17538,7075,,,2,30,,17516,7075,,,2,70,,17540,7075,,,2,30,,17526,7075,,,2,70,,17529,7075,,,2,30,,17527,7075,,,2,70,,17519,7075,,,2,30,,17499,7075,,,2,70,,17530,7075,,,2,30,,17545,7075,,,2,70,,17520,7075,,,2,31,,17546,7075,,,2,78,,17531,7075,,,2,25,,17547,7075,,,2,69,,17513,7075,,,2,15,,17558,7075,,,2,15,,17552,7075,,,2,55,,17533,7075,,,2,13,,17555,7075,,,2,9,,17500,7075,,,2,9,,17559,7075,,,2,10,,17505,7075,,,2,10,,17553,7075,,,2,55,,17534,7075,,,2,29,,17514,7075,,,2,78,,17507,7075,,,2,28,,17509,7075,,,2,69,,17501,7075,,,2,30,,17560,7075,,,2,70,,17521,7075,,,2,30,,17517,7075,,,2,70,,17537,7075,,,2,30,,17548,7075,,,2,70,,17522,7075,,,2,30,,17549,7075,,,2,100,,17550,7075,,,2
41701,'F8',529,,17705,7210,,,2,20,,17707,7210,,,2,60,,17693,7210,,,2,21,,17692,7210,,,2,18,,17708,7210,,,2,53,,17686,7210,,,2,8,,17702,7210,,,2,7,,17682,7210,,,2,10,,17681,7210,,,2,8,,17701,7210,,,2,6,,17706,7210,,,2,4,,17679,7210,,,2,3,,17716,7210,,,2,3,,17709,7210,,,2,8,,17714,7210,,,2,50,,17699,7210,,,2,14,,17680,7210,,,2,12,,17715,7210,,,2,16,,17717,7210,,,2,56,,17703,7210,,,2,24,,17683,7210,,,2,29,,17710,7210,,,2,70,,17684,7210,,,2,30,,17711,7210,,,2,70,,17685,7210,,,2,30,,17712,7210,,,2,70,,17678,7210,,,2,71,,17713,7210,,,2,30,,17718,7210,,,2,70,,17694,7210,,,2,30,,17719,7210,,,2,70,,17695,7210,,,2,29,,17722,7210,,,2,3,,17688,7210,,,2,5,,17720,7210,,,2,67,,17698,7210,,,2,22,,17724,7210,,,2,14,,17721,7210,,,2,15,,17687,7210,,,2,52,,17696,7210,,,2,11,,17689,7210,,,2,8,,17725,7210,,,2,10,,17700,7210,,,2,10,,17697,7210,,,2,12,,17704,7210,,,2,53,,17728,7210,,,2,15,,17726,7210,,,2,20,,17723,7210,,,2,60,,17729,7210,,,2,24,,17735,7210,,,2,28,,17730,7210,,,2,70,,17736,7210,,,2,30,,17731,7210,,,2,70,,17737,7210,,,2,30,,17732,7210,,,2,69,,17738,7210,,,2,30,,17733,7210,,,2,69,,17739,7210,,,2,30,,17734,7210,,,2,69,,17740,7210,,,2,30,,17742,7210,,,2
41701,'SE',529,,17770,7210,,,2,20,,17772,7210,,,2,60,,17758,7210,,,2,21,,17757,7210,,,2,18,,17773,7210,,,2,53,,17751,7210,,,2,8,,17767,7210,,,2,7,,17747,7210,,,2,10,,17746,7210,,,2,8,,17766,7210,,,2,6,,17771,7210,,,2,4,,17744,7210,,,2,3,,17781,7210,,,2,3,,17774,7210,,,2,8,,17779,7210,,,2,50,,17764,7210,,,2,14,,17745,7210,,,2,12,,17780,7210,,,2,16,,17782,7210,,,2,56,,17768,7210,,,2,24,,17748,7210,,,2,29,,17775,7210,,,2,70,,17749,7210,,,2,30,,17776,7210,,,2,70,,17750,7210,,,2,30,,17777,7210,,,2,70,,17743,7210,,,2,71,,17778,7210,,,2,30,,17783,7210,,,2,70,,17759,7210,,,2,30,,17784,7210,,,2,70,,17760,7210,,,2,29,,17787,7210,,,2,3,,17753,7210,,,2,5,,17785,7210,,,2,67,,17763,7210,,,2,22,,17789,7210,,,2,14,,17786,7210,,,2,15,,17752,7210,,,2,52,,17761,7210,,,2,11,,17754,7210,,,2,8,,17790,7210,,,2,10,,17765,7210,,,2,10,,17762,7210,,,2,12,,17769,7210,,,2,53,,17793,7210,,,2,15,,17791,7210,,,2,20,,17788,7210,,,2,60,,17794,7210,,,2,24,,17800,7210,,,2,28,,17795,7210,,,2,70,,17801,7210,,,2,30,,17796,7210,,,2,70,,17802,7210,,,2,30,,17797,7210,,,2,69,,17803,7210,,,2,30,,17798,7210,,,2,69,,17804,7210,,,2,30,,17799,7210,,,2,69,,17805,7210,,,2,30,,17807,7210,,,2
