6101,'DI',724,,32655,12040,,,2,30,,32652,12040,,,2,72,,32658,12040,,,2,17,,32656,12040,,,2,70,,32653,12040,,,2,30,,32659,12040,,,2,70,,32657,12040,,,2,30,,32654,12040,,,2,70,,32660,12040,,,2,30,,32661,12040,,,2,70,,32665,12040,,,2,30,,32669,12040,,,2,70,,32662,12040,,,2,30,,32666,12040,,,2,70,,32670,12040,,,2,30,,32663,12040,,,2,70,,32667,12040,,,2,30,,32671,12040,,,2,70,,32664,12040,,,2,34,,32668,12040,,,2,61,,32672,12040,,,2,35,,32674,12040,,,2,60,,32677,12040,,,2,40,,32673,12040,,,2,65,,32675,12040,,,2,30,,32678,12040,,,2,85,,32676,12040,,,2,100,,32679,12040,,,2,100,,32680,12040,,,2,100,,32681,12040,,,2
6101,'F1',724,,32687,12040,,,2,30,,32684,12040,,,2,72,,32690,12040,,,2,17,,32688,12040,,,2,70,,32685,12040,,,2,30,,32691,12040,,,2,70,,32689,12040,,,2,30,,32686,12040,,,2,70,,32692,12040,,,2,30,,32693,12040,,,2,70,,32697,12040,,,2,30,,32699,12040,,,2,70,,32694,12040,,,2,30,,32698,12040,,,2,70,,32700,12040,,,2,30,,32695,12040,,,2,70,,32701,12040,,,2,30,,32705,12040,,,2,70,,32696,12040,,,2,34,,32702,12040,,,2,61,,32706,12040,,,2,35,,32708,12040,,,2,60,,32703,12040,,,2,40,,32707,12040,,,2,65,,32709,12040,,,2,30,,32704,12040,,,2,85,,32710,12040,,,2,100,,32712,12040,,,2,100,,32711,12040,,,2,100,,32714,12040,,,2
6101,'F2',724,,32719,12040,,,2,30,,32716,12040,,,2,72,,32722,12040,,,2,17,,32720,12040,,,2,70,,32717,12040,,,2,30,,32723,12040,,,2,70,,32721,12040,,,2,30,,32718,12040,,,2,70,,32724,12040,,,2,30,,32725,12040,,,2,70,,32729,12040,,,2,30,,32731,12040,,,2,70,,32726,12040,,,2,30,,32730,12040,,,2,70,,32732,12040,,,2,30,,32727,12040,,,2,70,,32733,12040,,,2,30,,32737,12040,,,2,70,,32728,12040,,,2,34,,32734,12040,,,2,61,,32738,12040,,,2,35,,32740,12040,,,2,60,,32735,12040,,,2,40,,32739,12040,,,2,65,,32741,12040,,,2,30,,32736,12040,,,2,85,,32742,12040,,,2,100,,32744,12040,,,2,100,,32743,12040,,,2,100,,32746,12040,,,2
6101,'F7',603,,32797,12040,,,2,30,,32799,12040,,,2,10,,32752,12040,,,2,57,,32755,12040,,,2,9,,32749,12040,,,2,14,,32758,12040,,,2,14,,32748,12040,,,2,7,,32762,12040,,,2,56,,32756,12040,,,2,9,,32761,12040,,,2,19,,32753,12040,,,2,24,,32750,12040,,,2,62,,32759,12040,,,2,15,,32763,12040,,,2,76,,32754,12040,,,2,30,,32751,12040,,,2,70,,32760,12040,,,2,32,,32798,12040,,,2,70,,32757,12040,,,2,30,,32764,12040,,,2,72,,32768,12040,,,2,30,,32765,12040,,,2,70,,32766,12040,,,2,33,,32770,12040,,,2,61,,32772,12040,,,2,27,,32775,12040,,,2,23,,32767,12040,,,2,60,,32769,12040,,,2,24,,32777,12040,,,2,4,,32779,12040,,,2,65,,32773,12040,,,2,7,,32774,12040,,,2,14,,32780,12040,,,2,13,,32781,12040,,,2,14,,32771,12040,,,2,54,,32784,12040,,,2,6,,32787,12040,,,2,15,,32778,12040,,,2,14,,32776,12040,,,2,64,,32789,12040,,,2,24,,32782,12040,,,2,28,,32792,12040,,,2,68,,32795,12040,,,2,30,,32785,12040,,,2,69,,32788,12040,,,2,29,,32796,12040,,,2,70,,32783,12040,,,2,29,,32793,12040,,,2,70,,32790,12040,,,2
6101,'F8',724,,32803,12040,,,2,30,,32800,12040,,,2,72,,32806,12040,,,2,17,,32804,12040,,,2,70,,32801,12040,,,2,30,,32807,12040,,,2,70,,32805,12040,,,2,30,,32802,12040,,,2,70,,32808,12040,,,2,30,,32809,12040,,,2,70,,32813,12040,,,2,30,,32815,12040,,,2,70,,32810,12040,,,2,30,,32814,12040,,,2,70,,32816,12040,,,2,30,,32811,12040,,,2,70,,32817,12040,,,2,30,,32821,12040,,,2,70,,32812,12040,,,2,34,,32818,12040,,,2,61,,32822,12040,,,2,35,,32824,12040,,,2,60,,32819,12040,,,2,40,,32823,12040,,,2,65,,32825,12040,,,2,30,,32820,12040,,,2,85,,32826,12040,,,2,100,,32828,12040,,,2,100,,32827,12040,,,2,100,,32830,12040,,,2
6101,'F9',724,,32835,12040,,,2,30,,32832,12040,,,2,72,,32838,12040,,,2,17,,32836,12040,,,2,70,,32833,12040,,,2,30,,32839,12040,,,2,70,,32837,12040,,,2,30,,32834,12040,,,2,70,,32840,12040,,,2,30,,32841,12040,,,2,70,,32845,12040,,,2,30,,32849,12040,,,2,70,,32842,12040,,,2,30,,32846,12040,,,2,70,,32850,12040,,,2,30,,32843,12040,,,2,70,,32847,12040,,,2,30,,32851,12040,,,2,70,,32844,12040,,,2,34,,32848,12040,,,2,61,,32852,12040,,,2,35,,32854,12040,,,2,60,,32857,12040,,,2,40,,32853,12040,,,2,65,,32855,12040,,,2,30,,32858,12040,,,2,85,,32856,12040,,,2,100,,32859,12040,,,2,100,,32860,12040,,,2,100,,32861,12040,,,2
6101,'SA',724,,32867,12040,,,2,30,,32864,12040,,,2,72,,32870,12040,,,2,17,,32868,12040,,,2,70,,32865,12040,,,2,30,,32871,12040,,,2,70,,32869,12040,,,2,30,,32866,12040,,,2,70,,32872,12040,,,2,30,,32873,12040,,,2,70,,32877,12040,,,2,30,,32879,12040,,,2,70,,32874,12040,,,2,30,,32878,12040,,,2,70,,32880,12040,,,2,30,,32875,12040,,,2,70,,32881,12040,,,2,30,,32885,12040,,,2,70,,32876,12040,,,2,34,,32882,12040,,,2,61,,32886,12040,,,2,35,,32888,12040,,,2,60,,32883,12040,,,2,40,,32887,12040,,,2,65,,32889,12040,,,2,30,,32884,12040,,,2,85,,32890,12040,,,2,100,,32892,12040,,,2,100,,32891,12040,,,2,100,,32894,12040,,,2
6101,'SE',603,,32945,12040,,,2,30,,32947,12040,,,2,10,,32900,12040,,,2,57,,32903,12040,,,2,9,,32897,12040,,,2,14,,32906,12040,,,2,14,,32896,12040,,,2,7,,32910,12040,,,2,56,,32904,12040,,,2,9,,32909,12040,,,2,19,,32901,12040,,,2,24,,32898,12040,,,2,62,,32907,12040,,,2,15,,32911,12040,,,2,76,,32902,12040,,,2,30,,32899,12040,,,2,70,,32908,12040,,,2,32,,32946,12040,,,2,70,,32905,12040,,,2,30,,32912,12040,,,2,72,,32916,12040,,,2,30,,32913,12040,,,2,70,,32914,12040,,,2,33,,32918,12040,,,2,61,,32920,12040,,,2,27,,32923,12040,,,2,23,,32915,12040,,,2,60,,32917,12040,,,2,24,,32925,12040,,,2,4,,32927,12040,,,2,65,,32921,12040,,,2,7,,32922,12040,,,2,14,,32928,12040,,,2,13,,32929,12040,,,2,14,,32919,12040,,,2,54,,32932,12040,,,2,6,,32935,12040,,,2,15,,32926,12040,,,2,14,,32924,12040,,,2,64,,32937,12040,,,2,24,,32930,12040,,,2,28,,32940,12040,,,2,68,,32943,12040,,,2,30,,32933,12040,,,2,69,,32936,12040,,,2,29,,32944,12040,,,2,70,,32931,12040,,,2,29,,32941,12040,,,2,70,,32938,12040,,,2
16101,'DI',558,,38767,3506,0,35 36,2,1172,,38766,3506,0,35 36,2
16101,'F1',558,,38778,3506,0,35 36,2,1172,,38779,3506,0,35 36,2
16101,'F2',558,,38791,3506,0,35 36,2,1172,,38792,3506,0,35 36,2
16101,'F7',635,,38809,3506,0,35 36,2,73,,38807,3506,0,35 36,2,32,,38810,3506,0,35 36,2,502,,38806,3506,0,35 36,2,372,,38812,3506,0,35 36,2,36,,38808,3506,0,35 36,2,78,,38811,3506,0,35 36,2
16101,'F8',558,,38824,3506,0,35 36,2,1172,,38825,3506,0,35 36,2
16101,'F9',558,,38838,3506,0,35 36,2,1172,,38837,3506,0,35 36,2
16101,'SA',558,,38849,3506,0,35 36,2,1172,,38850,3506,0,35 36,2
16101,'SE',635,,38867,3506,0,35 36,2,73,,38865,3506,0,35 36,2,32,,38868,3506,0,35 36,2,502,,38864,3506,0,35 36,2,372,,38870,3506,0,35 36,2,36,,38866,3506,0,35 36,2,78,,38869,3506,0,35 36,2
