901,'F8',614,,3077,4041,,,2,30,,3076,4041,,,2,71,,3079,4041,,,2,30,,3078,4041,,,2,70,,3080,4041,,,2
901,'SE',614,,3085,4041,,,2,30,,3084,4041,,,2,71,,3087,4041,,,2,30,,3086,4041,,,2,70,,3088,4041,,,2
6001,'F8',545,,11004,3163,,,1,62,,11003,3163,,,1,21,,10997,3163,,,1,27,,11018,3163,,,1,68,,11011,3163,,,1,28,,11008,3163,,,1,68,,11009,3163,,,1,21,,11021,3163,,,1,65,,11012,3163,,,1,100,,11010,3163,,,1,100,,10995,3163,,,1,100,,11000,3163,,,1,101,,11007,3163,,,1,100,,10996,3163,,,1,101,,11006,3163,,,1,95,,11013,3163,,,1,30,,11001,3163,,,1,27,,10998,3163,,,1,68,,10999,3163,,,1,27,,11014,3163,,,1,69,,11015,3163,,,1,30,,11002,3163,,,1,88,,11016,3163,,,1,100,,11019,3163,,,1,101,,11020,3163,,,1,100,,11017,3163,,,1,95,,11005,3163,,,1
6001,'SE',545,,11031,3163,,,1,62,,11030,3163,,,1,21,,11024,3163,,,1,27,,11045,3163,,,1,68,,11038,3163,,,1,28,,11035,3163,,,1,68,,11036,3163,,,1,21,,11048,3163,,,1,65,,11039,3163,,,1,100,,11037,3163,,,1,100,,11022,3163,,,1,100,,11027,3163,,,1,101,,11034,3163,,,1,100,,11023,3163,,,1,101,,11033,3163,,,1,95,,11040,3163,,,1,30,,11028,3163,,,1,27,,11025,3163,,,1,68,,11026,3163,,,1,27,,11041,3163,,,1,69,,11042,3163,,,1,30,,11029,3163,,,1,88,,11043,3163,,,1,100,,11046,3163,,,1,101,,11047,3163,,,1,100,,11044,3163,,,1,95,,11032,3163,,,1
16001,'DI',603,,16702,9557,,,1,99,,16706,9557,,,1,100,,16698,9557,,,1,100,,16693,9557,,,1,100,,16707,9557,,,1,100,,16703,9557,,,1,100,,16708,9557,,,1,100,,16695,9557,,,1,100,,16700,9557,,,1,100,,16701,9557,,,1,100,,16696,9557,,,1,100,,16709,9557,,,1,100,,16699,9557,,,1,100,,16697,9557,,,1,100,,16704,9557,,,1,103,,16694,9557,,,1,97,,16705,9557,,,1
16001,'F1',604,,16713,9557,,,1,99,,16724,9557,,,1,99,,16721,9557,,,1,100,,16725,9557,,,1,99,,16714,9557,,,1,101,,16710,9557,,,1,100,,16722,9557,,,1,100,,16717,9557,,,1,100,,16715,9557,,,1,100,,16711,9557,,,1,100,,16718,9557,,,1,100,,16726,9557,,,1,100,,16712,9557,,,1,101,,16719,9557,,,1,99,,16723,9557,,,1,103,,16720,9557,,,1,97,,16716,9557,,,1
16001,'F7',603,,16736,9557,,,1,99,,16740,9557,,,1,100,,16732,9557,,,1,100,,16727,9557,,,1,100,,16741,9557,,,1,100,,16737,9557,,,1,100,,16742,9557,,,1,100,,16729,9557,,,1,100,,16734,9557,,,1,100,,16735,9557,,,1,100,,16730,9557,,,1,100,,16743,9557,,,1,100,,16733,9557,,,1,100,,16731,9557,,,1,100,,16738,9557,,,1,103,,16728,9557,,,1,97,,16739,9557,,,1
16001,'F8',613,,16747,9557,,,1,28,,16758,9557,,,1,67,,16749,9557,,,1,27,,16753,9557,,,1,68,,16752,9557,,,1,29,,16759,9557,,,1,19,,16750,9557,,,1,83,,16754,9557,,,1,99,,16751,9557,,,1,93,,16748,9557,,,1,100,,16744,9557,,,1,100,,16760,9557,,,1,100,,16761,9557,,,1,99,,16762,9557,,,1,93,,16764,9557,,,1,96,,16766,9557,,,1,31,,16763,9557,,,1,67,,16755,9557,,,1,25,,16765,9557,,,1,66,,16745,9557,,,1,99,,16756,9557,,,1,100,,16767,9557,,,1,102,,16746,9557,,,1,100,,16768,9557,,,1,50,,16757,9557,,,1
16001,'F9',604,,16772,9557,,,1,99,,16783,9557,,,1,99,,16780,9557,,,1,100,,16784,9557,,,1,99,,16773,9557,,,1,101,,16769,9557,,,1,100,,16781,9557,,,1,100,,16776,9557,,,1,100,,16774,9557,,,1,100,,16770,9557,,,1,100,,16777,9557,,,1,100,,16785,9557,,,1,100,,16771,9557,,,1,101,,16778,9557,,,1,99,,16782,9557,,,1,103,,16779,9557,,,1,97,,16775,9557,,,1
16001,'SA',604,,16789,9557,,,1,99,,16800,9557,,,1,99,,16797,9557,,,1,100,,16801,9557,,,1,99,,16790,9557,,,1,101,,16786,9557,,,1,100,,16798,9557,,,1,100,,16793,9557,,,1,100,,16791,9557,,,1,100,,16787,9557,,,1,100,,16794,9557,,,1,100,,16802,9557,,,1,100,,16788,9557,,,1,101,,16795,9557,,,1,99,,16799,9557,,,1,103,,16796,9557,,,1,97,,16792,9557,,,1
16001,'SE',613,,16806,9557,,,1,28,,16817,9557,,,1,67,,16808,9557,,,1,27,,16812,9557,,,1,68,,16811,9557,,,1,29,,16818,9557,,,1,19,,16809,9557,,,1,83,,16813,9557,,,1,99,,16810,9557,,,1,93,,16807,9557,,,1,100,,16803,9557,,,1,100,,16819,9557,,,1,100,,16820,9557,,,1,99,,16821,9557,,,1,93,,16823,9557,,,1,96,,16825,9557,,,1,31,,16822,9557,,,1,67,,16814,9557,,,1,25,,16824,9557,,,1,66,,16804,9557,,,1,99,,16815,9557,,,1,100,,16826,9557,,,1,102,,16805,9557,,,1,100,,16827,9557,,,1,50,,16816,9557,,,1
