1500,'DI',730,,24371,4279,,,1,100,,24368,4279,,,1,100,,24365,4279,,,1,100,,24378,4279,,,1,100,,24383,4279,,,1,100,,24376,4279,,,1,100,,24372,4279,,,1,100,,24366,4279,,,1,100,,24380,4279,,,1,100,,24367,4279,,,1,100,,24375,4279,,,1,100,,24373,4279,,,1,100,,24377,4279,,,1,100,,24381,4279,,,1,100,,24379,4279,,,1,100,,24374,4279,,,1,100,,24369,4279,,,1,100,,24382,4279,,,1,100,,24370,4279,,,1
1500,'F1',731,,24385,4279,,,1,100,,24391,4279,,,1,100,,24400,4279,,,1,100,,24392,4279,,,1,105,,24394,4279,,,1,95,,24393,4279,,,1,100,,24401,4279,,,1,100,,24386,4279,,,1,100,,24395,4279,,,1,100,,24387,4279,,,1,100,,24384,4279,,,1,100,,24397,4279,,,1,100,,24402,4279,,,1,100,,24388,4279,,,1,100,,24389,4279,,,1,100,,24398,4279,,,1,100,,24390,4279,,,1,100,,24399,4279,,,1,100,,24396,4279,,,1
1500,'F2',731,,24418,4279,,,1,100,,24411,4279,,,1,100,,24405,4279,,,1,100,,24419,4279,,,1,105,,24413,4279,,,1,95,,24403,4279,,,1,100,,24415,4279,,,1,100,,24409,4279,,,1,100,,24414,4279,,,1,100,,24410,4279,,,1,100,,24406,4279,,,1,100,,24412,4279,,,1,100,,24416,4279,,,1,100,,24417,4279,,,1,100,,24404,4279,,,1,100,,24420,4279,,,1,100,,24407,4279,,,1,100,,24421,4279,,,1,100,,24408,4279,,,1
1500,'F7',552,,24458,4279,,,1,70,,24452,4279,,,1,31,,24423,4279,,,1,68,,24444,4279,,,1,33,,24450,4279,,,1,66,,24430,4279,,,1,34,,24446,4279,,,1,70,,24429,4279,,,1,29,,24451,4279,,,1,70,,24448,4279,,,1,30,,24424,4279,,,1,70,,24427,4279,,,1,30,,24449,4279,,,1,70,,24432,4279,,,1,30,,24428,4279,,,1,70,,24425,4279,,,1,30,,24454,4279,,,1,70,,24438,4279,,,1,31,,24453,4279,,,1,70,,24431,4279,,,1,24,,24433,4279,,,1,74,,24426,4279,,,1,81,,24442,4279,,,1,21,,24457,4279,,,1,30,,24439,4279,,,1,70,,24440,4279,,,1,30,,24455,4279,,,1,69,,24443,4279,,,1,30,,24436,4279,,,1,70,,24447,4279,,,1,30,,24456,4279,,,1,70,,24441,4279,,,1,30,,24422,4279,,,1,70,,24435,4279,,,1,100,,24437,4279,,,1,99,,24445,4279,,,1,100,,24434,4279,,,1
1500,'F8',731,,24474,4279,,,1,100,,24467,4279,,,1,100,,24461,4279,,,1,100,,24475,4279,,,1,105,,24469,4279,,,1,95,,24459,4279,,,1,100,,24471,4279,,,1,100,,24465,4279,,,1,100,,24470,4279,,,1,100,,24466,4279,,,1,100,,24462,4279,,,1,100,,24468,4279,,,1,100,,24472,4279,,,1,100,,24473,4279,,,1,100,,24460,4279,,,1,100,,24476,4279,,,1,100,,24463,4279,,,1,100,,24477,4279,,,1,100,,24464,4279,,,1
1500,'F9',730,,24484,4279,,,1,100,,24481,4279,,,1,100,,24478,4279,,,1,100,,24491,4279,,,1,100,,24496,4279,,,1,100,,24489,4279,,,1,100,,24485,4279,,,1,100,,24479,4279,,,1,100,,24493,4279,,,1,100,,24480,4279,,,1,100,,24488,4279,,,1,100,,24486,4279,,,1,100,,24490,4279,,,1,100,,24494,4279,,,1,100,,24492,4279,,,1,100,,24487,4279,,,1,100,,24482,4279,,,1,100,,24495,4279,,,1,100,,24483,4279,,,1
1500,'SA',731,,24512,4279,,,1,100,,24505,4279,,,1,100,,24499,4279,,,1,100,,24513,4279,,,1,105,,24507,4279,,,1,95,,24497,4279,,,1,100,,24509,4279,,,1,100,,24503,4279,,,1,100,,24508,4279,,,1,100,,24504,4279,,,1,100,,24500,4279,,,1,100,,24506,4279,,,1,100,,24510,4279,,,1,100,,24511,4279,,,1,100,,24498,4279,,,1,100,,24514,4279,,,1,100,,24501,4279,,,1,100,,24515,4279,,,1,100,,24502,4279,,,1
1500,'SE',552,,24552,4279,,,1,70,,24546,4279,,,1,31,,24517,4279,,,1,68,,24538,4279,,,1,33,,24544,4279,,,1,66,,24524,4279,,,1,34,,24540,4279,,,1,70,,24523,4279,,,1,29,,24545,4279,,,1,70,,24542,4279,,,1,30,,24518,4279,,,1,70,,24521,4279,,,1,30,,24543,4279,,,1,70,,24526,4279,,,1,30,,24522,4279,,,1,70,,24519,4279,,,1,30,,24548,4279,,,1,70,,24532,4279,,,1,31,,24547,4279,,,1,70,,24525,4279,,,1,24,,24527,4279,,,1,74,,24520,4279,,,1,81,,24536,4279,,,1,21,,24551,4279,,,1,30,,24533,4279,,,1,70,,24534,4279,,,1,30,,24549,4279,,,1,69,,24537,4279,,,1,30,,24530,4279,,,1,70,,24541,4279,,,1,30,,24550,4279,,,1,70,,24535,4279,,,1,30,,24516,4279,,,1,70,,24529,4279,,,1,100,,24531,4279,,,1,99,,24539,4279,,,1,100,,24528,4279,,,1
50001,'F7',844,,40616,4104,,,2
50001,'SE',844,,40617,4104,,,2
