2200,'F8',632,,6586,8571,,,2,92,,6588,8571,,,2,25,,6587,8571,,,2,893,,6589,8571,,,2,80,,6591,8571,,,2,20,,6593,8571,,,2,70,,6590,8571,,,2,40,,6592,8571,,,2
2200,'SE',632,,6594,8571,,,2,92,,6596,8571,,,2,25,,6595,8571,,,2,893,,6597,8571,,,2,80,,6599,8571,,,2,20,,6601,8571,,,2,70,,6598,8571,,,2,40,,6600,8571,,,2
2500,'DI',713,,6710,11068,,,2
2500,'F1',713,,6711,11068,,,2
2500,'F7',713,,6712,11068,,,2
2500,'F8',538,,6729,11068,,,2,70,,6719,11068,,,2,29,,6735,11068,,,2,19,,6733,11068,,,2,61,,6722,11068,,,2,19,,6715,11068,,,2,71,,6721,11068,,,2,28,,6720,11068,,,2,74,,6730,11068,,,2,30,,6718,11068,,,2,470,,6714,11068,,,2,30,,6713,11068,,,2,69,,6737,11068,,,2,13,,6736,11068,,,2,18,,6734,11068,,,2,72,,6726,11068,,,2,31,,6716,11068,,,2,69,,6724,11068,,,2,30,,6731,11068,,,2,69,,6717,11068,,,2,28,,6725,11068,,,2,70,,6723,11068,,,2,335,,6727,11068,,,2,83,,6738,11068,,,2,15,,6732,11068,,,2,85,,6728,11068,,,2
2500,'F9',713,,6739,11068,,,2
2500,'SA',713,,6740,11068,,,2
2500,'SE',538,,6757,11068,,,2,70,,6747,11068,,,2,29,,6763,11068,,,2,19,,6761,11068,,,2,61,,6750,11068,,,2,19,,6743,11068,,,2,71,,6749,11068,,,2,28,,6748,11068,,,2,74,,6758,11068,,,2,30,,6746,11068,,,2,470,,6742,11068,,,2,30,,6741,11068,,,2,69,,6765,11068,,,2,13,,6764,11068,,,2,18,,6762,11068,,,2,72,,6754,11068,,,2,31,,6744,11068,,,2,69,,6752,11068,,,2,30,,6759,11068,,,2,69,,6745,11068,,,2,28,,6753,11068,,,2,70,,6751,11068,,,2,335,,6755,11068,,,2,83,,6766,11068,,,2,15,,6760,11068,,,2,85,,6756,11068,,,2
16100,'DI',620,,16839,12272,0,11 12,2,30,,16828,12272,0,11 12,2,70,,16833,12272,0,11 12,2,30,,16831,12272,0,11 12,2,70,,16837,12272,0,11 12,2,30,,16830,12272,0,11 12,2,702,,16835,12272,0,11 12,2,68,,16829,12272,0,11 12,2,32,,16834,12272,0,11 12,2,70,,16832,12272,0,11 12,2,30,,16840,12272,0,11 12,2,72,,16836,12272,0,11 12,2,30,,16838,12272,0,11 12,2
16100,'F1',620,,16853,12272,0,11 12,2,30,,16841,12272,0,11 12,2,70,,16851,12272,0,11 12,2,30,,16844,12272,0,11 12,2,70,,16848,12272,0,11 12,2,30,,16847,12272,0,11 12,2,700,,16850,12272,0,11 12,2,71,,16842,12272,0,11 12,2,31,,16849,12272,0,11 12,2,70,,16852,12272,0,11 12,2,31,,16843,12272,0,11 12,2,71,,16845,12272,0,11 12,2,29,,16846,12272,0,11 12,2
16100,'F7',620,,16865,12272,0,11 12,2,30,,16854,12272,0,11 12,2,70,,16859,12272,0,11 12,2,30,,16857,12272,0,11 12,2,70,,16863,12272,0,11 12,2,30,,16856,12272,0,11 12,2,702,,16861,12272,0,11 12,2,68,,16855,12272,0,11 12,2,32,,16860,12272,0,11 12,2,70,,16858,12272,0,11 12,2,30,,16866,12272,0,11 12,2,72,,16862,12272,0,11 12,2,30,,16864,12272,0,11 12,2
16100,'F8',658,,16881,12161,0,11 12,2,65,,16879,12161,0,11 12,2,25,,16880,12161,0,11 12,2,62,,16868,12161,0,11 12,2,21,,16867,12161,0,11 12,2,17,,16869,12161,0,11 12,2,362,,16883,12272,0,11 12,2,299,,16870,12272,0,11 12,2,30,,16872,12272,0,11 12,2,20,,16885,12272,0,11 12,2,61,,16871,12272,0,11 12,2,20,,16884,12272,0,11 12,2,61,,16876,12272,0,11 12,2,18,,16882,12272,0,11 12,2,21,,16877,12272,0,11 12,2,60,,16874,12272,0,11 12,2,19,,16886,12272,0,11 12,2,21,,16873,12272,0,11 12,2,19,,16878,12272,0,11 12,2,60,,16875,12272,0,11 12,2
16100,'F9',620,,16899,12272,0,11 12,2,30,,16887,12272,0,11 12,2,70,,16897,12272,0,11 12,2,30,,16890,12272,0,11 12,2,70,,16894,12272,0,11 12,2,30,,16893,12272,0,11 12,2,700,,16896,12272,0,11 12,2,71,,16888,12272,0,11 12,2,31,,16895,12272,0,11 12,2,70,,16898,12272,0,11 12,2,31,,16889,12272,0,11 12,2,71,,16891,12272,0,11 12,2,29,,16892,12272,0,11 12,2
16100,'SA',620,,16912,12272,0,11 12,2,30,,16900,12272,0,11 12,2,70,,16910,12272,0,11 12,2,30,,16903,12272,0,11 12,2,70,,16907,12272,0,11 12,2,30,,16906,12272,0,11 12,2,700,,16909,12272,0,11 12,2,71,,16901,12272,0,11 12,2,31,,16908,12272,0,11 12,2,70,,16911,12272,0,11 12,2,31,,16902,12272,0,11 12,2,71,,16904,12272,0,11 12,2,29,,16905,12272,0,11 12,2
16100,'SE',658,,16927,12161,0,11 12,2,65,,16925,12161,0,11 12,2,25,,16926,12161,0,11 12,2,62,,16914,12161,0,11 12,2,21,,16913,12161,0,11 12,2,17,,16915,12161,0,11 12,2,362,,16929,12272,0,11 12,2,299,,16916,12272,0,11 12,2,30,,16918,12272,0,11 12,2,20,,16931,12272,0,11 12,2,61,,16917,12272,0,11 12,2,20,,16930,12272,0,11 12,2,61,,16922,12272,0,11 12,2,18,,16928,12272,0,11 12,2,21,,16923,12272,0,11 12,2,60,,16920,12272,0,11 12,2,19,,16932,12272,0,11 12,2,21,,16919,12272,0,11 12,2,19,,16924,12272,0,11 12,2,60,,16921,12272,0,11 12,2
