12801,'F7',654,,38030,9683,,,2,862,,38031,9683,,,2,133,,38032,9683,,,2
12801,'SE',654,,38033,9683,,,2,862,,38034,9683,,,2,133,,38035,9683,,,2
42801,'DI',646,,39840,4087,,,1,113,,39841,4087,,,1,151,,39842,4087,,,1,106,,39843,4087,,,1,110,,39844,4087,,,1,75,,39850,4087,,,1,35,,39845,4087,,,1,75,,39851,4087,,,1,35,,39846,4087,,,1,76,,39852,4087,,,1,34,,39847,4087,,,1,76,,39853,4087,,,1,75,,39848,4087,,,1,44,,39854,4087,,,1,74,,39849,4087,,,1,108,,39855,4087,,,1,106,,39856,4087,,,1,108,,39857,4087,,,1,110,,39858,4087,,,1,155,,39859,4087,,,1
42801,'F1',646,,18038,4087,,,1,113,,18039,4087,,,1,151,,18040,4087,,,1,106,,18041,4087,,,1,110,,18042,4087,,,1,75,,18048,4087,,,1,35,,18043,4087,,,1,75,,18049,4087,,,1,35,,18044,4087,,,1,76,,18050,4087,,,1,34,,18045,4087,,,1,76,,18051,4087,,,1,75,,18046,4087,,,1,44,,18052,4087,,,1,74,,18047,4087,,,1,108,,18053,4087,,,1,106,,18054,4087,,,1,108,,18055,4087,,,1,110,,18056,4087,,,1,155,,18057,4087,,,1
42801,'F2',646,,39860,4087,,,1,113,,39861,4087,,,1,151,,39862,4087,,,1,106,,39863,4087,,,1,110,,39864,4087,,,1,75,,39870,4087,,,1,35,,39865,4087,,,1,75,,39871,4087,,,1,35,,39866,4087,,,1,76,,39872,4087,,,1,34,,39867,4087,,,1,76,,39873,4087,,,1,75,,39868,4087,,,1,44,,39874,4087,,,1,74,,39869,4087,,,1,108,,39875,4087,,,1,106,,39876,4087,,,1,108,,39877,4087,,,1,110,,39878,4087,,,1,155,,39879,4087,,,1
42801,'F7',601,,39880,4087,,,1,40,,39890,4087,,,1,78,,39881,4087,,,1,38,,39891,4087,,,1,78,,39882,4087,,,1,75,,39892,4087,,,1,34,,39883,4087,,,1,72,,39893,4087,,,1,35,,39884,4087,,,1,75,,39894,4087,,,1,75,,39885,4087,,,1,35,,39895,4087,,,1,73,,39886,4087,,,1,33,,39896,4087,,,1,75,,39887,4087,,,1,35,,39897,4087,,,1,76,,39888,4087,,,1,77,,39898,4087,,,1,40,,39889,4087,,,1,80,,39899,4087,,,1,31,,39906,4087,,,1,79,,39900,4087,,,1,72,,39907,4087,,,1,35,,39901,4087,,,1,107,,39902,4087,,,1,108,,39903,4087,,,1,155,,39904,4087,,,1,105,,39905,4087,,,1
42801,'F8',646,,39908,4087,,,1,113,,39909,4087,,,1,151,,39910,4087,,,1,106,,39911,4087,,,1,110,,39912,4087,,,1,75,,39918,4087,,,1,35,,39913,4087,,,1,75,,39919,4087,,,1,35,,39914,4087,,,1,76,,39920,4087,,,1,34,,39915,4087,,,1,76,,39921,4087,,,1,75,,39916,4087,,,1,44,,39922,4087,,,1,74,,39917,4087,,,1,108,,39923,4087,,,1,106,,39924,4087,,,1,108,,39925,4087,,,1,110,,39926,4087,,,1,155,,39927,4087,,,1
42801,'F9',646,,39928,4087,,,1,113,,39929,4087,,,1,151,,39930,4087,,,1,106,,39931,4087,,,1,110,,39932,4087,,,1,75,,39938,4087,,,1,35,,39933,4087,,,1,75,,39939,4087,,,1,35,,39934,4087,,,1,76,,39940,4087,,,1,34,,39935,4087,,,1,76,,39941,4087,,,1,75,,39936,4087,,,1,44,,39942,4087,,,1,74,,39937,4087,,,1,108,,39943,4087,,,1,106,,39944,4087,,,1,108,,39945,4087,,,1,110,,39946,4087,,,1,155,,39947,4087,,,1
42801,'SA',646,,39948,4087,,,1,113,,39949,4087,,,1,151,,39950,4087,,,1,106,,39951,4087,,,1,110,,39952,4087,,,1,75,,39958,4087,,,1,35,,39953,4087,,,1,75,,39959,4087,,,1,35,,39954,4087,,,1,76,,39960,4087,,,1,34,,39955,4087,,,1,76,,39961,4087,,,1,75,,39956,4087,,,1,44,,39962,4087,,,1,74,,39957,4087,,,1,108,,39963,4087,,,1,106,,39964,4087,,,1,108,,39965,4087,,,1,110,,39966,4087,,,1,155,,39967,4087,,,1
42801,'SE',601,,39968,4087,,,1,40,,39978,4087,,,1,78,,39969,4087,,,1,38,,39979,4087,,,1,78,,39970,4087,,,1,75,,39980,4087,,,1,34,,39971,4087,,,1,72,,39981,4087,,,1,35,,39972,4087,,,1,75,,39982,4087,,,1,75,,39973,4087,,,1,35,,39983,4087,,,1,73,,39974,4087,,,1,33,,39984,4087,,,1,75,,39975,4087,,,1,35,,39985,4087,,,1,76,,39976,4087,,,1,77,,39986,4087,,,1,40,,39977,4087,,,1,80,,39987,4087,,,1,31,,39994,4087,,,1,79,,39988,4087,,,1,72,,39995,4087,,,1,35,,39989,4087,,,1,107,,39990,4087,,,1,108,,39991,4087,,,1,155,,39992,4087,,,1,105,,39993,4087,,,1
