500,'DI',634,,21659,960,,,1,70,,21665,960,,,1,30,,21660,960,,,1,70,,21666,960,,,1,30,,21686,960,,,1,70,,21667,960,,,1,30,,21671,960,,,1,70,,21668,960,,,1,30,,21683,960,,,1,70,,21672,960,,,1,30,,21661,960,,,1,70,,21673,960,,,1,30,,21662,960,,,1,68,,21687,960,,,1,32,,21684,960,,,1,70,,21688,960,,,1,30,,21674,960,,,1,69,,21663,960,,,1,31,,21678,960,,,1,70,,21685,960,,,1,30,,21669,960,,,1,70,,21675,960,,,1,30,,21689,960,,,1,100,,21670,960,,,1,100,,21677,960,,,1,100,,21676,960,,,1,100,,21679,960,,,1,100,,21680,960,,,1,100,,21681,960,,,1,100,,21682,960,,,1
500,'F1',604,,21708,960,,,1,30,,21716,960,,,1,70,,21698,960,,,1,30,,21717,960,,,1,70,,21699,960,,,1,30,,21718,960,,,1,70,,21700,960,,,1,30,,21709,960,,,1,70,,21701,960,,,1,30,,21710,960,,,1,70,,21702,960,,,1,30,,21704,960,,,1,70,,21703,960,,,1,30,,21705,960,,,1,70,,21713,960,,,1,30,,1493,960,,,1,70,,21720,960,,,1,30,,21719,960,,,1,70,,21712,960,,,1,30,,21706,960,,,1,70,,21714,960,,,1,30,,1494,960,,,1,70,,21711,960,,,1,30,,21721,960,,,1,100,,21690,960,,,1,100,,21691,960,,,1,100,,21692,960,,,1,100,,21693,960,,,1,100,,21694,960,,,1,100,,21695,960,,,1,100,,21696,960,,,1,100,,21697,960,,,1
500,'F2',604,,21723,960,,,1,30,,21731,960,,,1,70,,21724,960,,,1,30,,21732,960,,,1,70,,21725,960,,,1,30,,21733,960,,,1,70,,21726,960,,,1,30,,21735,960,,,1,70,,21727,960,,,1,30,,21736,960,,,1,70,,21728,960,,,1,30,,21737,960,,,1,70,,21729,960,,,1,30,,21738,960,,,1,70,,21734,960,,,1,30,,21754,960,,,1,70,,21749,960,,,1,30,,21739,960,,,1,70,,21752,960,,,1,30,,21748,960,,,1,70,,21751,960,,,1,30,,21755,960,,,1,70,,21750,960,,,1,30,,21753,960,,,1,100,,21740,960,,,1,100,,21741,960,,,1,100,,21742,960,,,1,100,,21743,960,,,1,100,,21744,960,,,1,100,,21745,960,,,1,100,,21746,960,,,1,100,,21747,960,,,1
500,'F7',605,,21756,960,,,1,29,,21794,960,,,1,70,,21761,960,,,1,30,,21759,960,,,1,69,,21760,960,,,1,40,,21788,960,,,1,60,,21797,960,,,1,30,,21786,960,,,1,70,,21795,960,,,1,30,,21793,960,,,1,70,,21791,960,,,1,30,,21784,960,,,1,70,,21762,960,,,1,30,,21767,960,,,1,70,,21765,960,,,1,30,,21766,960,,,1,70,,21763,960,,,1,30,,21771,960,,,1,73,,21799,960,,,1,13,,21769,960,,,1,15,,21768,960,,,1,14,,21792,960,,,1,55,,21798,960,,,1,17,,21770,960,,,1,16,,21775,960,,,1,12,,21778,960,,,1,55,,21772,960,,,1,15,,21789,960,,,1,15,,21764,960,,,1,22,,21796,960,,,1,58,,21779,960,,,1,21,,21776,960,,,1,69,,21787,960,,,1,30,,21773,960,,,1,70,,21790,960,,,1,30,,21800,960,,,1,70,,21777,960,,,1,30,,21774,960,,,1,100,,21780,960,,,1,100,,21781,960,,,1,100,,21782,960,,,1,100,,21783,960,,,1
500,'F8',604,,21802,960,,,1,30,,21810,960,,,1,70,,21803,960,,,1,30,,21811,960,,,1,70,,21804,960,,,1,30,,21812,960,,,1,70,,21805,960,,,1,30,,21814,960,,,1,70,,21806,960,,,1,30,,21815,960,,,1,70,,21807,960,,,1,30,,21816,960,,,1,70,,21808,960,,,1,30,,21817,960,,,1,70,,21813,960,,,1,30,,21833,960,,,1,70,,21828,960,,,1,30,,21818,960,,,1,70,,21831,960,,,1,30,,21827,960,,,1,70,,21830,960,,,1,30,,21834,960,,,1,70,,21829,960,,,1,30,,21832,960,,,1,100,,21819,960,,,1,100,,21820,960,,,1,100,,21821,960,,,1,100,,21822,960,,,1,100,,21823,960,,,1,100,,21824,960,,,1,100,,21825,960,,,1,100,,21826,960,,,1
500,'F9',634,,21836,960,,,1,70,,21842,960,,,1,30,,21837,960,,,1,70,,21843,960,,,1,30,,21863,960,,,1,70,,21844,960,,,1,30,,21848,960,,,1,70,,21845,960,,,1,30,,21860,960,,,1,70,,21849,960,,,1,30,,21838,960,,,1,70,,21850,960,,,1,30,,21839,960,,,1,68,,21864,960,,,1,32,,21861,960,,,1,70,,21865,960,,,1,30,,21851,960,,,1,69,,21840,960,,,1,31,,21855,960,,,1,70,,21862,960,,,1,30,,21846,960,,,1,70,,21852,960,,,1,30,,21866,960,,,1,100,,21847,960,,,1,100,,21854,960,,,1,100,,21853,960,,,1,100,,21856,960,,,1,100,,21857,960,,,1,100,,21858,960,,,1,100,,21859,960,,,1
500,'SA',604,,21868,960,,,1,30,,21876,960,,,1,70,,21869,960,,,1,30,,21877,960,,,1,70,,21870,960,,,1,30,,21878,960,,,1,70,,21871,960,,,1,30,,21880,960,,,1,70,,21872,960,,,1,30,,21881,960,,,1,70,,21873,960,,,1,30,,21882,960,,,1,70,,21874,960,,,1,30,,21883,960,,,1,70,,21879,960,,,1,30,,21899,960,,,1,70,,21894,960,,,1,30,,21884,960,,,1,70,,21897,960,,,1,30,,21893,960,,,1,70,,21896,960,,,1,30,,21900,960,,,1,70,,21895,960,,,1,30,,21898,960,,,1,100,,21885,960,,,1,100,,21886,960,,,1,100,,21887,960,,,1,100,,21888,960,,,1,100,,21889,960,,,1,100,,21890,960,,,1,100,,21891,960,,,1,100,,21892,960,,,1
500,'SE',605,,21901,960,,,1,29,,21938,960,,,1,70,,21906,960,,,1,30,,21904,960,,,1,69,,21905,960,,,1,40,,21932,960,,,1,60,,21941,960,,,1,30,,21930,960,,,1,70,,21939,960,,,1,30,,21937,960,,,1,70,,21935,960,,,1,30,,21929,960,,,1,70,,21907,960,,,1,30,,21912,960,,,1,70,,21910,960,,,1,30,,21911,960,,,1,70,,21908,960,,,1,30,,21916,960,,,1,73,,21943,960,,,1,13,,21914,960,,,1,15,,21913,960,,,1,14,,21936,960,,,1,55,,21942,960,,,1,17,,21915,960,,,1,16,,21920,960,,,1,12,,21923,960,,,1,55,,21917,960,,,1,15,,21933,960,,,1,15,,21909,960,,,1,22,,21940,960,,,1,58,,21924,960,,,1,21,,21921,960,,,1,69,,21931,960,,,1,30,,21918,960,,,1,70,,21934,960,,,1,30,,21944,960,,,1,70,,21922,960,,,1,30,,21919,960,,,1,100,,21925,960,,,1,100,,21926,960,,,1,100,,21927,960,,,1,100,,21928,960,,,1
52601,'F7',913,,40646,6063,,,2,1,,40647,6063,,,2
52601,'SE',913,,40648,6063,,,2,1,,40649,6063,,,2
67001,'F7',841,,40862,1026,,,2,1,,40861,1026,,,2,1,,40860,1026,,,2
67001,'SE',841,,40865,1026,,,2,1,,40864,1026,,,2,1,,40863,1026,,,2
69401,'F7',830,,40946,0,,,2,1,,40947,0,,,2
69401,'SE',830,,40948,0,,,2,1,,40949,0,,,2
