1400,'F7',648,,24269,17555,,,1,57,,24264,17555,,,1,26,,24265,17555,,,1,14,,24268,17555,,,1,57,,24271,17555,,,1,18,,24270,17555,,,1,30,,24266,17555,,,1,60,,24267,17555,,,1,92,,24279,15307,,,1,100,,24283,15307,,,1,100,,24284,15307,,,1,100,,24272,15307,,,1,100,,24275,15307,,,1,100,,24274,15307,,,1,112,,24278,15307,,,1,13,,24280,15307,,,1,18,,24286,15307,,,1,55,,24285,15307,,,1,21,,24281,15307,,,1,17,,24277,15307,,,1,21,,24273,15307,,,1,58,,24282,15307,,,1,29,,24276,15307,,,1
1400,'SE',648,,24292,17555,,,1,57,,24287,17555,,,1,26,,24288,17555,,,1,14,,24291,17555,,,1,57,,24294,17555,,,1,18,,24293,17555,,,1,30,,24289,17555,,,1,60,,24290,17555,,,1,92,,24302,15307,,,1,100,,24305,15307,,,1,100,,24306,15307,,,1,100,,24295,15307,,,1,100,,24298,15307,,,1,100,,24297,15307,,,1,112,,24301,15307,,,1,13,,3826,15307,,,1,18,,24308,15307,,,1,55,,24307,15307,,,1,21,,24303,15307,,,1,17,,24300,15307,,,1,21,,24296,15307,,,1,58,,24304,15307,,,1,29,,24299,15307,,,1
21401,'DI',836,,39064,4191,,,1,100,,39065,4191,,,1,100,,39066,4191,,,1,100,,39067,4191,,,1,100,,39068,4191,,,1,100,,39069,4191,,,1,100,,39070,4191,,,1,100,,39071,4191,,,1,100,,39072,4191,,,1,100,,39073,4191,,,1
21401,'F1',836,,39077,4191,,,1,100,,39074,4191,,,1,100,,39075,4191,,,1,100,,17257,4191,,,1,100,,17258,4191,,,1,100,,17259,4191,,,1,100,,39076,4191,,,1,100,,17261,4191,,,1,100,,17262,4191,,,1,100,,17263,4191,,,1
21401,'F2',836,,39078,4191,,,1,100,,39079,4191,,,1,100,,39080,4191,,,1,100,,39081,4191,,,1,100,,39082,4191,,,1,100,,39083,4191,,,1,100,,39084,4191,,,1,100,,39085,4191,,,1,100,,39086,4191,,,1,100,,39087,4191,,,1
21401,'F8',836,,39088,4191,,,1,100,,39089,4191,,,1,100,,39090,4191,,,1,100,,39091,4191,,,1,100,,39092,4191,,,1,100,,39093,4191,,,1,100,,39094,4191,,,1,100,,39095,4191,,,1,100,,39096,4191,,,1,100,,39097,4191,,,1
21401,'F9',836,,39098,4191,,,1,100,,39099,4191,,,1,100,,39100,4191,,,1,100,,39101,4191,,,1,100,,39102,4191,,,1,100,,39103,4191,,,1,100,,39104,4191,,,1,100,,39105,4191,,,1,100,,39106,4191,,,1,100,,39107,4191,,,1
21401,'SA',836,,39108,4191,,,1,100,,39109,4191,,,1,100,,39110,4191,,,1,100,,39111,4191,,,1,100,,39112,4191,,,1,100,,39113,4191,,,1,100,,39114,4191,,,1,100,,39115,4191,,,1,100,,39116,4191,,,1,100,,39117,4191,,,1
55100,'F7',1637,,40713,7145,,,2
55100,'SE',1637,,40714,7145,,,2
69300,'F7',1629,,40934,6450,,,2,1,,40935,6450,,,2
69300,'SE',1629,,40936,6450,,,2,1,,40937,6450,,,2
