2000,'DI',622,,26261,8039,,,2,100,,26264,8039,,,2,100,,26267,8039,,,2,100,,26259,8039,,,2,100,,26265,8039,,,2,97,,26268,8039,,,2,103,,26269,8039,,,2,100,,26266,8039,,,2,100,,26270,8039,,,2,100,,26262,8039,,,2,97,,26273,8039,,,2,103,,26274,8039,,,2,100,,26263,8039,,,2,100,,26271,8039,,,2,100,,26260,8039,,,2,100,,26275,8039,,,2,100,,26272,8039,,,2,100,,26276,8039,,,2,100,,26277,8039,,,2
2000,'F1',625,,26294,8039,,,2,100,,26290,8039,,,2,100,,26292,8039,,,2,100,,26291,8039,,,2,100,,5595,8039,,,2,100,,26293,8039,,,2,100,,5597,8039,,,2,100,,26282,8039,,,2,100,,26283,8039,,,2,100,,26280,8039,,,2,96,,26284,8039,,,2,104,,26285,8039,,,2,104,,26286,8039,,,2,96,,26278,8039,,,2,100,,26287,8039,,,2,100,,26288,8039,,,2,100,,26279,8039,,,2,100,,26281,8039,,,2,100,,26289,8039,,,2,100,,26295,8039,,,2
2000,'F2',625,,26314,8039,,,2,100,,26308,8039,,,2,100,,26305,8039,,,2,100,,26299,8039,,,2,100,,26301,8039,,,2,100,,26300,8039,,,2,100,,26309,8039,,,2,100,,26302,8039,,,2,100,,26303,8039,,,2,100,,26313,8039,,,2,96,,26310,8039,,,2,104,,26311,8039,,,2,104,,26312,8039,,,2,96,,26297,8039,,,2,100,,26306,8039,,,2,100,,26304,8039,,,2,100,,26296,8039,,,2,100,,26315,8039,,,2,100,,26307,8039,,,2,100,,26298,8039,,,2
2000,'F7',543,,26330,8039,,,2,60,,26356,8039,,,2,24,,26339,8039,,,2,31,,26331,8039,,,2,54,,26362,7449,,,2,9,,26360,7449,,,2,8,,26364,7449,,,2,10,,26357,7449,,,2,11,,26359,7449,,,2,6,,26358,7449,,,2,54,,26363,7449,,,2,32,,26361,7449,,,2,71,,26365,7449,,,2,29,,26317,8039,,,2,71,,26347,8039,,,2,30,,26323,8039,,,2,70,,26350,8039,,,2,30,,26320,8039,,,2,70,,26344,8039,,,2,30,,26324,8039,,,2,70,,26352,8039,,,2,30,,26321,8039,,,2,70,,26343,8039,,,2,30,,26325,8039,,,2,70,,26332,8039,,,2,21,,26334,8039,,,2,17,,26327,8039,,,2,55,,26319,8039,,,2,15,,26328,8039,,,2,15,,26345,8039,,,2,17,,26335,8039,,,2,51,,26351,8039,,,2,13,,26336,8039,,,2,10,,26338,8039,,,2,12,,26333,8039,,,2,13,,26346,8039,,,2,51,,26326,8039,,,2,14,,26354,8039,,,2,13,,26337,8039,,,2,15,,26349,8039,,,2,68,,26316,8039,,,2,30,,26348,8039,,,2,70,,26355,8039,,,2,30,,26329,8039,,,2,70,,26353,8039,,,2,30,,26340,8039,,,2,100,,26322,8039,,,2,100,,26341,8039,,,2,100,,26318,8039,,,2,100,,26342,8039,,,2
2000,'F8',625,,26384,8039,,,2,100,,26378,8039,,,2,100,,26375,8039,,,2,100,,26369,8039,,,2,100,,26371,8039,,,2,100,,26370,8039,,,2,100,,26379,8039,,,2,100,,26372,8039,,,2,100,,26373,8039,,,2,100,,26383,8039,,,2,96,,26380,8039,,,2,104,,26381,8039,,,2,104,,26382,8039,,,2,96,,26367,8039,,,2,100,,26376,8039,,,2,100,,26374,8039,,,2,100,,26366,8039,,,2,100,,26385,8039,,,2,100,,26377,8039,,,2,100,,26368,8039,,,2
2000,'F9',622,,26388,8039,,,2,100,,26391,8039,,,2,100,,26394,8039,,,2,100,,26386,8039,,,2,100,,26392,8039,,,2,97,,26395,8039,,,2,103,,26396,8039,,,2,100,,26393,8039,,,2,100,,26397,8039,,,2,100,,26389,8039,,,2,97,,26400,8039,,,2,103,,26401,8039,,,2,100,,26390,8039,,,2,100,,26398,8039,,,2,100,,26387,8039,,,2,100,,26402,8039,,,2,100,,26399,8039,,,2,100,,26403,8039,,,2,100,,26404,8039,,,2
2000,'SA',625,,26422,8039,,,2,100,,5701,8039,,,2,100,,26414,8039,,,2,100,,26408,8039,,,2,100,,26410,8039,,,2,100,,26409,8039,,,2,100,,26417,8039,,,2,100,,26411,8039,,,2,100,,26412,8039,,,2,100,,26421,8039,,,2,96,,26418,8039,,,2,104,,26419,8039,,,2,104,,26420,8039,,,2,96,,26406,8039,,,2,100,,26415,8039,,,2,100,,26413,8039,,,2,100,,26405,8039,,,2,100,,26423,8039,,,2,100,,26416,8039,,,2,100,,26407,8039,,,2
2000,'SE',543,,26438,8039,,,2,60,,26464,8039,,,2,24,,26447,8039,,,2,31,,26439,8039,,,2,54,,26470,7449,,,2,9,,26468,7449,,,2,8,,26472,7449,,,2,10,,26465,7449,,,2,11,,26467,7449,,,2,6,,26466,7449,,,2,54,,26471,7449,,,2,32,,26469,7449,,,2,71,,26473,7449,,,2,29,,26425,8039,,,2,71,,26455,8039,,,2,30,,26431,8039,,,2,70,,26458,8039,,,2,30,,26428,8039,,,2,70,,26452,8039,,,2,30,,26432,8039,,,2,70,,26460,8039,,,2,30,,26429,8039,,,2,70,,26451,8039,,,2,30,,26433,8039,,,2,70,,26440,8039,,,2,21,,26442,8039,,,2,17,,26435,8039,,,2,55,,26427,8039,,,2,15,,26436,8039,,,2,15,,26453,8039,,,2,17,,26443,8039,,,2,51,,26459,8039,,,2,13,,26444,8039,,,2,10,,26446,8039,,,2,12,,26441,8039,,,2,13,,26454,8039,,,2,51,,26434,8039,,,2,14,,26462,8039,,,2,13,,26445,8039,,,2,15,,26457,8039,,,2,68,,26424,8039,,,2,30,,26456,8039,,,2,70,,26463,8039,,,2,30,,26437,8039,,,2,70,,26461,8039,,,2,30,,26448,8039,,,2,100,,26430,8039,,,2,100,,26449,8039,,,2,100,,26426,8039,,,2,100,,26450,8039,,,2
2901,'DI',700,,28112,1264,,,1,100,,28113,1264,,,1,100,,28114,1264,,,1,100,,28115,1264,,,1,100,,28116,1264,,,1,100,,28117,1264,,,1,100,,28118,1264,,,1,100,,28119,1264,,,1,100,,28120,1264,,,1,100,,28121,1264,,,1,100,,28122,1264,,,1,100,,28123,1264,,,1,100,,28124,1264,,,1,100,,28125,1264,,,1,100,,28126,1264,,,1,100,,28127,1264,,,1,100,,28128,1264,,,1,120,,28129,1264,,,1,100,,28130,1264,,,1
2901,'F1',700,,28131,1264,,,1,100,,28132,1264,,,1,100,,28133,1264,,,1,100,,28134,1264,,,1,100,,28135,1264,,,1,100,,28136,1264,,,1,100,,28137,1264,,,1,100,,28138,1264,,,1,59,,28139,1264,,,1,99,,28140,1264,,,1,99,,28141,1264,,,1,148,,28142,1264,,,1,99,,28143,1264,,,1,97,,28144,1264,,,1,99,,28145,1264,,,1,100,,28146,1264,,,1,100,,28147,1264,,,1,120,,28148,1264,,,1,100,,28149,1264,,,1
2901,'F2',700,,28163,1264,,,1,100,,28164,1264,,,1,100,,28165,1264,,,1,100,,28166,1264,,,1,100,,28167,1264,,,1,100,,28168,1264,,,1,100,,28150,1264,,,1,100,,28151,1264,,,1,59,,28152,1264,,,1,99,,28153,1264,,,1,99,,28154,1264,,,1,148,,28155,1264,,,1,99,,28156,1264,,,1,97,,28157,1264,,,1,99,,28158,1264,,,1,100,,28159,1264,,,1,100,,28160,1264,,,1,120,,28161,1264,,,1,100,,28162,1264,,,1
2901,'F7',630,,28183,1264,,,1,26,,28178,1264,,,1,72,,28194,1264,,,1,5,,28185,1264,,,1,67,,28179,1264,,,1,30,,28182,1264,,,1,70,,28184,1264,,,1,103,,28177,1264,,,1,100,,28196,1264,,,1,101,,28176,1264,,,1,100,,28171,1264,,,1,100,,28174,1264,,,1,99,,28172,1264,,,1,35,,28186,1264,,,1,66,,28187,1264,,,1,34,,28173,1264,,,1,20,,28175,1264,,,1,69,,28181,1264,,,1,14,,28195,1264,,,1,68,,28180,1264,,,1,28,,28188,1264,,,1,67,,28170,1264,,,1,99,,28169,1264,,,1,99,,28189,1264,,,1,99,,28190,1264,,,1,58,,28191,1264,,,1,161,,28192,1264,,,1,96,,28193,1264,,,1
2901,'F8',700,,28210,1264,,,1,100,,28211,1264,,,1,100,,28212,1264,,,1,100,,28213,1264,,,1,100,,28214,1264,,,1,100,,28215,1264,,,1,100,,28197,1264,,,1,100,,28198,1264,,,1,59,,28199,1264,,,1,99,,28200,1264,,,1,99,,28201,1264,,,1,148,,28202,1264,,,1,99,,28203,1264,,,1,97,,28204,1264,,,1,99,,28205,1264,,,1,100,,28206,1264,,,1,100,,28207,1264,,,1,120,,28208,1264,,,1,100,,28209,1264,,,1
2901,'F9',700,,28216,1264,,,1,100,,28217,1264,,,1,100,,28218,1264,,,1,100,,28219,1264,,,1,100,,28220,1264,,,1,100,,28221,1264,,,1,100,,28222,1264,,,1,100,,28223,1264,,,1,100,,28224,1264,,,1,100,,28225,1264,,,1,100,,28226,1264,,,1,100,,28227,1264,,,1,100,,28228,1264,,,1,100,,28229,1264,,,1,100,,28230,1264,,,1,100,,28231,1264,,,1,100,,28232,1264,,,1,120,,28233,1264,,,1,100,,28234,1264,,,1
2901,'SA',700,,28248,1264,,,1,100,,28249,1264,,,1,100,,28250,1264,,,1,100,,28251,1264,,,1,100,,28252,1264,,,1,100,,28253,1264,,,1,100,,28235,1264,,,1,100,,28236,1264,,,1,59,,28237,1264,,,1,99,,28238,1264,,,1,99,,28239,1264,,,1,148,,28240,1264,,,1,99,,28241,1264,,,1,97,,28242,1264,,,1,99,,28243,1264,,,1,100,,28244,1264,,,1,100,,28245,1264,,,1,120,,28246,1264,,,1,100,,28247,1264,,,1
2901,'SE',630,,28267,1264,,,1,26,,7376,1264,,,1,72,,28278,1264,,,1,5,,28269,1264,,,1,67,,28263,1264,,,1,30,,28266,1264,,,1,70,,28268,1264,,,1,103,,28262,1264,,,1,100,,28280,1264,,,1,101,,28261,1264,,,1,100,,28256,1264,,,1,100,,28259,1264,,,1,99,,28257,1264,,,1,35,,28270,1264,,,1,66,,28271,1264,,,1,34,,28258,1264,,,1,20,,28260,1264,,,1,69,,28265,1264,,,1,14,,28279,1264,,,1,68,,28264,1264,,,1,28,,28272,1264,,,1,67,,28255,1264,,,1,99,,28254,1264,,,1,99,,28273,1264,,,1,99,,28274,1264,,,1,58,,28275,1264,,,1,161,,28276,1264,,,1,96,,28277,1264,,,1
57001,'F7',818,,40727,1782,,,2
57001,'SE',818,,40728,1782,,,2
