2301,'F1',622,,6669,8472,,,2,103,,6670,8472,,,2,103,,6671,8472,,,2,100,,6667,8472,,,2,103,,6668,8472,,,2,99,,6672,8472,,,2,103,,6673,8472,,,2,97,,6664,8472,,,2,99,,6665,8472,,,2,100,,6666,8472,,,2,100,,6675,8472,,,2,100,,6674,8472,,,2
2301,'F8',1031,,6678,8472,,,2,101,,6676,8472,,,2,100,,6679,8472,,,2,101,,6677,8472,,,2,100,,6680,8472,,,2
2301,'F9',622,,6686,8472,,,2,103,,6687,8472,,,2,103,,6688,8472,,,2,100,,6684,8472,,,2,103,,6685,8472,,,2,99,,6689,8472,,,2,103,,6690,8472,,,2,97,,6681,8472,,,2,99,,6682,8472,,,2,100,,6683,8472,,,2,100,,6692,8472,,,2,100,,6691,8472,,,2
2301,'SA',622,,6698,8472,,,2,103,,6699,8472,,,2,103,,6700,8472,,,2,100,,6696,8472,,,2,103,,6697,8472,,,2,99,,6701,8472,,,2,103,,6702,8472,,,2,97,,6693,8472,,,2,99,,6694,8472,,,2,100,,6695,8472,,,2,100,,6704,8472,,,2,100,,6703,8472,,,2
2301,'SE',1031,,6707,8472,,,2,101,,6705,8472,,,2,100,,6708,8472,,,2,101,,6706,8472,,,2,100,,6709,8472,,,2
12301,'DI',557,,16064,22769,,,2,100,,16071,22769,,,2,100,,16065,22769,,,2,100,,16072,22769,,,2,102,,16066,22769,,,2,100,,16073,22769,,,2,100,,16067,22769,,,2,100,,16074,22769,,,2,100,,16068,22769,,,2,100,,16075,22769,,,2,100,,16069,22769,,,2,100,,16076,22769,,,2,100,,16070,22769,,,2,100,,16077,22769,,,2,100,,16078,22769,,,2,98,,16061,22769,,,2,100,,16079,22769,,,2,100,,16062,22769,,,2,100,,16080,22769,,,2,100,,16063,22769,,,2
12301,'F1',555,,16081,22769,,,2,100,,16094,22769,,,2,100,,16082,22769,,,2,102,,16095,22769,,,2,100,,16083,22769,,,2,100,,16096,22769,,,2,100,,16084,22769,,,2,100,,16097,22769,,,2,100,,16085,22769,,,2,100,,16098,22769,,,2,100,,16086,22769,,,2,100,,16099,22769,,,2,100,,16087,22769,,,2,100,,16100,22769,,,2,100,,16088,22769,,,2,100,,16091,22769,,,2,100,,16089,22769,,,2,100,,16092,22769,,,2,100,,16090,22769,,,2,100,,16093,22769,,,2
12301,'F7',557,,16104,22769,,,2,100,,16111,22769,,,2,100,,16105,22769,,,2,100,,16112,22769,,,2,102,,16106,22769,,,2,100,,16113,22769,,,2,100,,16107,22769,,,2,100,,16114,22769,,,2,100,,16108,22769,,,2,100,,16115,22769,,,2,100,,16109,22769,,,2,100,,16116,22769,,,2,100,,16110,22769,,,2,100,,16117,22769,,,2,100,,16118,22769,,,2,98,,16101,22769,,,2,100,,16119,22769,,,2,100,,16102,22769,,,2,100,,16120,22769,,,2,100,,16103,22769,,,2
12301,'F8',543,,16140,22769,,,2,70,,16141,22769,,,2,323,,16144,22769,,,2,70,,16145,22769,,,2,96,,16130,22769,,,2,102,,16138,22769,,,2,100,,16128,22769,,,2,100,,16147,22769,,,2,100,,16149,22769,,,2,11,,16156,22769,,,2,27,,16151,22769,,,2,60,,16133,22769,,,2,15,,16132,22769,,,2,19,,16135,22769,,,2,6,,16146,22769,,,2,16,,16154,22769,,,2,50,,16155,22769,,,2,6,,16131,22769,,,2,24,,16153,22769,,,2,66,,16152,22769,,,2,27,,16150,22769,,,2,71,,16136,22769,,,2,26,,16129,22769,,,2,74,,16134,22769,,,2,28,,16137,22769,,,2,70,,16157,22769,,,2,58,,16148,22769,,,2,97,,16142,22769,,,2,100,,16139,22769,,,2,157,,16143,22769,,,2
12301,'F9',555,,16158,22769,,,2,100,,16171,22769,,,2,100,,16159,22769,,,2,102,,16172,22769,,,2,100,,16160,22769,,,2,100,,16173,22769,,,2,100,,16161,22769,,,2,100,,16174,22769,,,2,100,,16162,22769,,,2,100,,16175,22769,,,2,100,,16163,22769,,,2,100,,16176,22769,,,2,100,,16164,22769,,,2,100,,16177,22769,,,2,100,,16165,22769,,,2,100,,16168,22769,,,2,100,,16166,22769,,,2,100,,16169,22769,,,2,100,,16167,22769,,,2,100,,16170,22769,,,2
12301,'SA',555,,16178,22769,,,2,100,,16191,22769,,,2,100,,16179,22769,,,2,102,,16192,22769,,,2,100,,16180,22769,,,2,100,,16193,22769,,,2,100,,16181,22769,,,2,100,,16194,22769,,,2,100,,16182,22769,,,2,100,,16195,22769,,,2,100,,16183,22769,,,2,100,,16196,22769,,,2,100,,16184,22769,,,2,100,,16197,22769,,,2,100,,16185,22769,,,2,100,,16188,22769,,,2,100,,16186,22769,,,2,100,,16189,22769,,,2,100,,16187,22769,,,2,100,,16190,22769,,,2
12301,'SE',543,,16217,22769,,,2,70,,16218,22769,,,2,323,,16221,22769,,,2,70,,16222,22769,,,2,96,,16207,22769,,,2,102,,16215,22769,,,2,100,,16205,22769,,,2,100,,16224,22769,,,2,100,,16226,22769,,,2,11,,16233,22769,,,2,27,,16228,22769,,,2,60,,16210,22769,,,2,15,,16209,22769,,,2,19,,16212,22769,,,2,6,,16223,22769,,,2,16,,16231,22769,,,2,50,,16232,22769,,,2,6,,16208,22769,,,2,24,,16230,22769,,,2,66,,16229,22769,,,2,27,,16227,22769,,,2,71,,16213,22769,,,2,26,,16206,22769,,,2,74,,16211,22769,,,2,28,,16214,22769,,,2,70,,16234,22769,,,2,58,,16225,22769,,,2,97,,16219,22769,,,2,100,,16216,22769,,,2,157,,16220,22769,,,2
17001,'F8',523,,17082,5468,0,48 49,2,30,,17083,5468,0,48 49,2,982,,17078,5468,0,48 49,2,70,,17073,5468,0,48 49,2,30,,17079,5468,0,48 49,2,70,,17074,5468,0,48 49,2,30,,17080,5468,0,48 49,2,70,,17075,5468,0,48 49,2,30,,17081,5468,0,48 49,2,70,,17076,5468,0,48 49,2
17001,'SE',523,,17100,5468,0,48 49,2,30,,17101,5468,0,48 49,2,982,,17096,5468,0,48 49,2,70,,17091,5468,0,48 49,2,30,,17097,5468,0,48 49,2,70,,17092,5468,0,48 49,2,30,,17098,5468,0,48 49,2,70,,17093,5468,0,48 49,2,30,,17099,5468,0,48 49,2,70,,17094,5468,0,48 49,2
