8301,'DI',717,,36304,3097,0,50,1,100,,36305,3097,0,50,1,108,,36306,3097,0,50,1,100,,36307,3097,0,50,1,100,,36308,3097,0,50,1,100,,36309,3097,0,50,1,100,,36310,3097,0,50,1,100,,36311,3097,0,50,1,100,,36312,3097,0,50,1,100,,36313,3097,0,50,1,100,,36314,3097,0,50,1,100,,36315,3097,0,50,1,100,,36316,3097,0,50,1,100,,36317,3097,0,50,1,100,,36318,3097,0,50,1,100,,36319,3097,0,50,1,100,,36320,3097,0,50,1,100,,36321,3097,0,50,1
8301,'F1',617,,14698,3097,0,50,1,100,,14699,3097,0,50,1,100,,36325,3097,0,50,1,108,,36326,3097,0,50,1,100,,36327,3097,0,50,1,100,,36328,3097,0,50,1,100,,36329,3097,0,50,1,100,,36330,3097,0,50,1,100,,36331,3097,0,50,1,100,,36332,3097,0,50,1,100,,36333,3097,0,50,1,100,,36334,3097,0,50,1,100,,36335,3097,0,50,1,100,,36336,3097,0,50,1,100,,36337,3097,0,50,1,100,,36338,3097,0,50,1,100,,36339,3097,0,50,1,100,,36322,3097,0,50,1,100,,36323,3097,0,50,1,100,,36324,3097,0,50,1
8301,'F2',617,,36356,3097,0,50,1,100,,36357,3097,0,50,1,100,,36358,3097,0,50,1,108,,36359,3097,0,50,1,100,,36340,3097,0,50,1,100,,36341,3097,0,50,1,100,,36342,3097,0,50,1,100,,36343,3097,0,50,1,100,,36344,3097,0,50,1,100,,36345,3097,0,50,1,100,,36346,3097,0,50,1,100,,36347,3097,0,50,1,100,,36348,3097,0,50,1,100,,36349,3097,0,50,1,100,,36350,3097,0,50,1,100,,36351,3097,0,50,1,100,,36352,3097,0,50,1,100,,36353,3097,0,50,1,100,,36354,3097,0,50,1,100,,36355,3097,0,50,1
8301,'F7',540,,36378,3097,0,50,1,70,,36382,3097,0,50,1,19,,36373,3097,0,50,1,16,,36379,3097,0,50,1,65,,36384,3097,0,50,1,20,,36380,3097,0,50,1,22,,36369,3097,0,50,1,58,,36383,3097,0,50,1,20,,36375,3097,0,50,1,23,,36371,3097,0,50,1,71,,36391,3097,0,50,1,20,,36381,3097,0,50,1,80,,36366,3097,0,50,1,100,,36367,3097,0,50,1,100,,36374,3097,0,50,1,100,,36361,3097,0,50,1,100,,36362,3097,0,50,1,101,,36363,3097,0,50,1,15,,36385,3097,0,50,1,65,,36364,3097,0,50,1,20,,36392,3097,0,50,1,22,,36360,3097,0,50,1,60,,36370,3097,0,50,1,18,,36393,3097,0,50,1,20,,36394,3097,0,50,1,60,,36372,3097,0,50,1,20,,36386,3097,0,50,1,20,,36368,3097,0,50,1,80,,36387,3097,0,50,1,100,,36388,3097,0,50,1,100,,36389,3097,0,50,1,100,,36390,3097,0,50,1,100,,36365,3097,0,50,1,100,,36376,3097,0,50,1,100,,36377,3097,0,50,1
8301,'F8',617,,36411,3097,0,50,1,100,,36412,3097,0,50,1,100,,36413,3097,0,50,1,108,,36414,3097,0,50,1,100,,36395,3097,0,50,1,100,,36396,3097,0,50,1,100,,36397,3097,0,50,1,100,,36398,3097,0,50,1,100,,36399,3097,0,50,1,100,,36400,3097,0,50,1,100,,36401,3097,0,50,1,100,,36402,3097,0,50,1,100,,36403,3097,0,50,1,100,,36404,3097,0,50,1,100,,36405,3097,0,50,1,100,,36406,3097,0,50,1,100,,36407,3097,0,50,1,100,,36408,3097,0,50,1,100,,36409,3097,0,50,1,100,,36410,3097,0,50,1
8301,'F9',717,,36415,3097,0,50,1,100,,36416,3097,0,50,1,108,,36417,3097,0,50,1,100,,36418,3097,0,50,1,100,,36419,3097,0,50,1,100,,36420,3097,0,50,1,100,,36421,3097,0,50,1,100,,36422,3097,0,50,1,100,,36423,3097,0,50,1,100,,36424,3097,0,50,1,100,,36425,3097,0,50,1,100,,36426,3097,0,50,1,100,,36427,3097,0,50,1,100,,36428,3097,0,50,1,100,,36429,3097,0,50,1,100,,36430,3097,0,50,1,100,,36431,3097,0,50,1,100,,36432,3097,0,50,1
8301,'SA',617,,36449,3097,0,50,1,100,,36450,3097,0,50,1,100,,36451,3097,0,50,1,108,,36452,3097,0,50,1,100,,36433,3097,0,50,1,100,,36434,3097,0,50,1,100,,36435,3097,0,50,1,100,,36436,3097,0,50,1,100,,36437,3097,0,50,1,100,,36438,3097,0,50,1,100,,36439,3097,0,50,1,100,,36440,3097,0,50,1,100,,36441,3097,0,50,1,100,,36442,3097,0,50,1,100,,36443,3097,0,50,1,100,,36444,3097,0,50,1,100,,36445,3097,0,50,1,100,,36446,3097,0,50,1,100,,36447,3097,0,50,1,100,,36448,3097,0,50,1
8301,'SE',540,,36471,3097,0,50,1,70,,36475,3097,0,50,1,19,,36466,3097,0,50,1,16,,36472,3097,0,50,1,65,,36477,3097,0,50,1,20,,36473,3097,0,50,1,22,,36462,3097,0,50,1,58,,36476,3097,0,50,1,20,,36468,3097,0,50,1,23,,36464,3097,0,50,1,71,,36484,3097,0,50,1,20,,36474,3097,0,50,1,80,,36459,3097,0,50,1,100,,36460,3097,0,50,1,100,,36467,3097,0,50,1,100,,36454,3097,0,50,1,100,,36455,3097,0,50,1,101,,36456,3097,0,50,1,15,,36478,3097,0,50,1,65,,36457,3097,0,50,1,20,,36485,3097,0,50,1,22,,36453,3097,0,50,1,60,,36463,3097,0,50,1,18,,36486,3097,0,50,1,20,,36487,3097,0,50,1,60,,36465,3097,0,50,1,20,,36479,3097,0,50,1,20,,36461,3097,0,50,1,80,,36480,3097,0,50,1,100,,36481,3097,0,50,1,100,,36482,3097,0,50,1,100,,36483,3097,0,50,1,100,,36458,3097,0,50,1,100,,36469,3097,0,50,1,100,,36470,3097,0,50,1
68301,'F7',709,,40896,1016,,,2
68301,'SE',709,,40897,1016,,,2
