1500,'DI',730,,24371,4073,,,1,100,,24368,4073,,,1,100,,24365,4073,,,1,100,,24378,4073,,,1,100,,24383,4073,,,1,100,,24376,4073,,,1,100,,24372,4073,,,1,100,,24366,4073,,,1,100,,24380,4073,,,1,100,,24367,4073,,,1,100,,24375,4073,,,1,100,,24373,4073,,,1,100,,24377,4073,,,1,100,,24381,4073,,,1,100,,24379,4073,,,1,100,,24374,4073,,,1,100,,24369,4073,,,1,100,,24382,4073,,,1,100,,24370,4073,,,1
1500,'F1',731,,24385,4073,,,1,100,,24391,4073,,,1,100,,24400,4073,,,1,100,,24392,4073,,,1,105,,24394,4073,,,1,95,,24393,4073,,,1,100,,24401,4073,,,1,100,,24386,4073,,,1,100,,24395,4073,,,1,100,,24387,4073,,,1,100,,24384,4073,,,1,100,,24397,4073,,,1,100,,24402,4073,,,1,100,,24388,4073,,,1,100,,24389,4073,,,1,100,,24398,4073,,,1,100,,24390,4073,,,1,100,,24399,4073,,,1,100,,24396,4073,,,1
1500,'F2',731,,24418,4073,,,1,100,,24411,4073,,,1,100,,24405,4073,,,1,100,,24419,4073,,,1,105,,24413,4073,,,1,95,,24403,4073,,,1,100,,24415,4073,,,1,100,,24409,4073,,,1,100,,24414,4073,,,1,100,,24410,4073,,,1,100,,24406,4073,,,1,100,,24412,4073,,,1,100,,24416,4073,,,1,100,,24417,4073,,,1,100,,24404,4073,,,1,100,,24420,4073,,,1,100,,24407,4073,,,1,100,,24421,4073,,,1,100,,24408,4073,,,1
1500,'F7',552,,24458,4073,,,1,70,,24452,4073,,,1,31,,24423,4073,,,1,68,,24444,4073,,,1,33,,24450,4073,,,1,66,,24430,4073,,,1,34,,24446,4073,,,1,70,,24429,4073,,,1,29,,24451,4073,,,1,70,,24448,4073,,,1,30,,24424,4073,,,1,70,,24427,4073,,,1,30,,24449,4073,,,1,70,,24432,4073,,,1,30,,24428,4073,,,1,70,,24425,4073,,,1,30,,24454,4073,,,1,70,,24438,4073,,,1,31,,24453,4073,,,1,70,,24431,4073,,,1,24,,24433,4073,,,1,74,,24426,4073,,,1,81,,24442,4073,,,1,21,,24457,4073,,,1,30,,24439,4073,,,1,70,,24440,4073,,,1,30,,24455,4073,,,1,69,,24443,4073,,,1,30,,24436,4073,,,1,70,,24447,4073,,,1,30,,24456,4073,,,1,70,,24441,4073,,,1,30,,24422,4073,,,1,70,,24435,4073,,,1,100,,24437,4073,,,1,99,,24445,4073,,,1,100,,24434,4073,,,1
1500,'F8',731,,24474,4073,,,1,100,,24467,4073,,,1,100,,24461,4073,,,1,100,,24475,4073,,,1,105,,24469,4073,,,1,95,,24459,4073,,,1,100,,24471,4073,,,1,100,,24465,4073,,,1,100,,24470,4073,,,1,100,,24466,4073,,,1,100,,24462,4073,,,1,100,,24468,4073,,,1,100,,24472,4073,,,1,100,,24473,4073,,,1,100,,24460,4073,,,1,100,,24476,4073,,,1,100,,24463,4073,,,1,100,,24477,4073,,,1,100,,24464,4073,,,1
1500,'F9',730,,24484,4073,,,1,100,,24481,4073,,,1,100,,24478,4073,,,1,100,,24491,4073,,,1,100,,24496,4073,,,1,100,,24489,4073,,,1,100,,24485,4073,,,1,100,,24479,4073,,,1,100,,24493,4073,,,1,100,,24480,4073,,,1,100,,24488,4073,,,1,100,,24486,4073,,,1,100,,24490,4073,,,1,100,,24494,4073,,,1,100,,24492,4073,,,1,100,,24487,4073,,,1,100,,24482,4073,,,1,100,,24495,4073,,,1,100,,24483,4073,,,1
1500,'SA',731,,24512,4073,,,1,100,,24505,4073,,,1,100,,24499,4073,,,1,100,,24513,4073,,,1,105,,24507,4073,,,1,95,,24497,4073,,,1,100,,24509,4073,,,1,100,,24503,4073,,,1,100,,24508,4073,,,1,100,,24504,4073,,,1,100,,24500,4073,,,1,100,,24506,4073,,,1,100,,24510,4073,,,1,100,,24511,4073,,,1,100,,24498,4073,,,1,100,,24514,4073,,,1,100,,24501,4073,,,1,100,,24515,4073,,,1,100,,24502,4073,,,1
1500,'SE',552,,24552,4073,,,1,70,,24546,4073,,,1,31,,24517,4073,,,1,68,,24538,4073,,,1,33,,24544,4073,,,1,66,,24524,4073,,,1,34,,24540,4073,,,1,70,,24523,4073,,,1,29,,24545,4073,,,1,70,,24542,4073,,,1,30,,24518,4073,,,1,70,,24521,4073,,,1,30,,24543,4073,,,1,70,,24526,4073,,,1,30,,24522,4073,,,1,70,,24519,4073,,,1,30,,24548,4073,,,1,70,,24532,4073,,,1,31,,24547,4073,,,1,70,,24525,4073,,,1,24,,24527,4073,,,1,74,,24520,4073,,,1,81,,24536,4073,,,1,21,,24551,4073,,,1,30,,24533,4073,,,1,70,,24534,4073,,,1,30,,24549,4073,,,1,69,,24537,4073,,,1,30,,24530,4073,,,1,70,,24541,4073,,,1,30,,24550,4073,,,1,70,,24535,4073,,,1,30,,24516,4073,,,1,70,,24529,4073,,,1,100,,24531,4073,,,1,99,,24539,4073,,,1,100,,24528,4073,,,1
50001,'F7',843,,40616,3898,,,2
50001,'SE',843,,40617,3898,,,2
