2001,'DI',545,,26482,4823,,,2,100,,26476,4823,,,2,100,,26479,4823,,,2,100,,26483,4823,,,2,100,,26474,4823,,,2,100,,26480,4823,,,2,97,,26484,4823,,,2,103,,26485,4823,,,2,100,,26481,4823,,,2,100,,26486,4823,,,2,100,,26477,4823,,,2,97,,26489,4823,,,2,103,,26490,4823,,,2,100,,26478,4823,,,2,100,,26487,4823,,,2,100,,26475,4823,,,2,100,,26491,4823,,,2,100,,26488,4823,,,2,100,,26492,4823,,,2
2001,'F1',546,,26503,4823,,,2,100,,26511,4823,,,2,100,,26507,4823,,,2,100,,26509,4823,,,2,100,,26508,4823,,,2,100,,5794,4823,,,2,100,,26510,4823,,,2,100,,5797,4823,,,2,100,,26498,4823,,,2,100,,26499,4823,,,2,100,,26496,4823,,,2,96,,26500,4823,,,2,104,,26501,4823,,,2,104,,26502,4823,,,2,96,,26494,4823,,,2,100,,26504,4823,,,2,100,,26505,4823,,,2,100,,26495,4823,,,2,100,,26497,4823,,,2,100,,26506,4823,,,2
2001,'F2',546,,26530,4823,,,2,100,,26532,4823,,,2,100,,26525,4823,,,2,100,,26522,4823,,,2,100,,26516,4823,,,2,100,,26518,4823,,,2,100,,26517,4823,,,2,100,,26526,4823,,,2,100,,26519,4823,,,2,100,,26520,4823,,,2,100,,26531,4823,,,2,96,,26527,4823,,,2,104,,26528,4823,,,2,104,,26529,4823,,,2,96,,26514,4823,,,2,100,,26523,4823,,,2,100,,26521,4823,,,2,100,,26513,4823,,,2,100,,26533,4823,,,2,100,,26524,4823,,,2
2001,'F7',531,,26566,4823,,,2,76,,26554,4823,,,2,20,,26588,4823,,,2,16,,26544,4823,,,2,9,,26567,4823,,,2,49,,26580,4823,,,2,9,,26570,4823,,,2,9,,26557,4823,,,2,4,,26555,4823,,,2,14,,26556,4823,,,2,10,,26552,4823,,,2,8,,26574,4823,,,2,50,,26536,4823,,,2,10,,26543,4823,,,2,6,,26537,4823,,,2,14,,26558,4823,,,2,71,,26553,4823,,,2,31,,26583,4823,,,2,70,,26535,4823,,,2,31,,26577,4823,,,2,70,,26545,4823,,,2,30,,26581,4823,,,2,70,,26540,4823,,,2,30,,26573,4823,,,2,70,,26546,4823,,,2,30,,26584,4823,,,2,70,,26541,4823,,,2,30,,26572,4823,,,2,70,,26547,4823,,,2,31,,26559,4823,,,2,61,,26561,4823,,,2,17,,26549,4823,,,2,15,,26539,4823,,,2,15,,26550,4823,,,2,55,,26575,4823,,,2,17,,26562,4823,,,2,11,,26582,4823,,,2,13,,26563,4823,,,2,9,,26565,4823,,,2,52,,26560,4823,,,2,13,,26576,4823,,,2,11,,26548,4823,,,2,14,,26586,4823,,,2,13,,26564,4823,,,2,55,,26579,4823,,,2,28,,26534,4823,,,2,70,,26578,4823,,,2,30,,26587,4823,,,2,70,,26551,4823,,,2,30,,26585,4823,,,2,70,,26568,4823,,,2,100,,26542,4823,,,2,100,,26569,4823,,,2,100,,26538,4823,,,2
2001,'F8',546,,26606,4823,,,2,100,,26608,4823,,,2,100,,26601,4823,,,2,100,,26598,4823,,,2,100,,26592,4823,,,2,100,,26594,4823,,,2,100,,26593,4823,,,2,100,,26602,4823,,,2,100,,26595,4823,,,2,100,,26596,4823,,,2,100,,26607,4823,,,2,96,,26603,4823,,,2,104,,26604,4823,,,2,104,,26605,4823,,,2,96,,26590,4823,,,2,100,,26599,4823,,,2,100,,26597,4823,,,2,100,,26589,4823,,,2,100,,26609,4823,,,2,100,,26600,4823,,,2
2001,'F9',545,,26618,4823,,,2,100,,26612,4823,,,2,100,,26615,4823,,,2,100,,26619,4823,,,2,100,,26610,4823,,,2,100,,26616,4823,,,2,97,,26620,4823,,,2,103,,26621,4823,,,2,100,,26617,4823,,,2,100,,26622,4823,,,2,100,,26613,4823,,,2,97,,26625,4823,,,2,103,,26626,4823,,,2,100,,26614,4823,,,2,100,,26623,4823,,,2,100,,26611,4823,,,2,100,,26627,4823,,,2,100,,26624,4823,,,2,100,,26628,4823,,,2
2001,'SA',546,,26646,4823,,,2,100,,26648,4823,,,2,100,,5908,4823,,,2,100,,26639,4823,,,2,100,,26633,4823,,,2,100,,26635,4823,,,2,100,,26634,4823,,,2,100,,26642,4823,,,2,100,,26636,4823,,,2,100,,26637,4823,,,2,100,,26647,4823,,,2,96,,26643,4823,,,2,104,,26644,4823,,,2,104,,26645,4823,,,2,96,,26631,4823,,,2,100,,26640,4823,,,2,100,,26638,4823,,,2,100,,26630,4823,,,2,100,,26649,4823,,,2,100,,26641,4823,,,2
2001,'SE',531,,26682,4823,,,2,76,,26670,4823,,,2,20,,26704,4823,,,2,16,,26660,4823,,,2,9,,26683,4823,,,2,49,,26696,4823,,,2,9,,26686,4823,,,2,9,,26673,4823,,,2,4,,26671,4823,,,2,14,,26672,4823,,,2,10,,26668,4823,,,2,8,,26690,4823,,,2,50,,26652,4823,,,2,10,,26659,4823,,,2,6,,26653,4823,,,2,14,,26674,4823,,,2,71,,26669,4823,,,2,31,,26699,4823,,,2,70,,26651,4823,,,2,31,,26693,4823,,,2,70,,26661,4823,,,2,30,,26697,4823,,,2,70,,26656,4823,,,2,30,,26689,4823,,,2,70,,26662,4823,,,2,30,,26700,4823,,,2,70,,26657,4823,,,2,30,,26688,4823,,,2,70,,26663,4823,,,2,31,,26675,4823,,,2,61,,26677,4823,,,2,17,,26665,4823,,,2,15,,26655,4823,,,2,15,,26666,4823,,,2,55,,26691,4823,,,2,17,,26678,4823,,,2,11,,26698,4823,,,2,13,,26679,4823,,,2,9,,26681,4823,,,2,52,,26676,4823,,,2,13,,26692,4823,,,2,11,,26664,4823,,,2,14,,26702,4823,,,2,13,,26680,4823,,,2,55,,26695,4823,,,2,28,,26650,4823,,,2,70,,26694,4823,,,2,30,,26703,4823,,,2,70,,26667,4823,,,2,30,,26701,4823,,,2,70,,26684,4823,,,2,100,,26658,4823,,,2,100,,26685,4823,,,2,100,,26654,4823,,,2
57000,'F7',1620,,40725,12260,,,2
57000,'SE',1620,,40726,12260,,,2
67300,'F7',1504,,40874,5049,,,2
67300,'SE',1504,,40875,5049,,,2
