3300,'F7',618,,28794,1018,,,2,30,,28793,1018,,,2,68,,28796,1018,,,2,31,,28795,1018,,,2,67,,28792,1018,,,2,35,,28791,1018,,,2
3300,'SE',618,,28806,1018,,,2,30,,28805,1018,,,2,68,,28808,1018,,,2,31,,28807,1018,,,2,67,,28804,1018,,,2,35,,28803,1018,,,2
7700,'DI',730,,35010,11667,0,21 22 23,1,100,,35013,11667,0,21 22 23,1,100,,35011,11667,0,21 22 23,1,100,,35014,11667,0,21 22 23,1,100,,35012,11667,0,21 22 23,1,100,,35009,11667,0,21 22 23,1,100,,35015,11667,0,21 22 23,1,100,,35018,11667,0,21 22 23,1,100,,35008,11667,0,21 22 23,1,100,,35019,11667,0,21 22 23,1,100,,35020,11667,0,21 22 23,1,100,,35021,11667,0,21 22 23,1,99,,35016,11667,0,21 22 23,1,100,,35022,11667,0,21 22 23,1,100,,35017,11667,0,21 22 23,1
7700,'F1',730,,35026,11667,0,21 22 23,1,100,,35028,11667,0,21 22 23,1,100,,35027,11667,0,21 22 23,1,100,,35029,11667,0,21 22 23,1,100,,35023,11667,0,21 22 23,1,100,,35030,11667,0,21 22 23,1,100,,35031,11667,0,21 22 23,1,97,,35024,11667,0,21 22 23,1,103,,35032,11667,0,21 22 23,1,99,,35034,11667,0,21 22 23,1,101,,35033,11667,0,21 22 23,1,100,,35035,11667,0,21 22 23,1,99,,35036,11667,0,21 22 23,1,100,,35025,11667,0,21 22 23,1,100,,35037,11667,0,21 22 23,1
7700,'F2',730,,35052,11667,0,21 22 23,1,100,,35043,11667,0,21 22 23,1,100,,35039,11667,0,21 22 23,1,100,,35044,11667,0,21 22 23,1,100,,35040,11667,0,21 22 23,1,100,,35042,11667,0,21 22 23,1,100,,35045,11667,0,21 22 23,1,97,,35038,11667,0,21 22 23,1,103,,35046,11667,0,21 22 23,1,99,,35048,11667,0,21 22 23,1,101,,35047,11667,0,21 22 23,1,100,,35049,11667,0,21 22 23,1,99,,35050,11667,0,21 22 23,1,100,,35041,11667,0,21 22 23,1,100,,35051,11667,0,21 22 23,1
7700,'F7',619,,35056,11667,0,21 22 23,1,15,,35057,11667,0,21 22 23,1,20,,35062,11667,0,21 22 23,1,58,,35065,11667,0,21 22 23,1,31,,35068,11667,0,21 22 23,1,63,,35063,11667,0,21 22 23,1,22,,35067,11667,0,21 22 23,1,15,,35058,11667,0,21 22 23,1,70,,35066,11667,0,21 22 23,1,30,,35069,11667,0,21 22 23,1,70,,35064,11667,0,21 22 23,1,30,,35059,11667,0,21 22 23,1,70,,35071,11667,0,21 22 23,1,30,,35070,11667,0,21 22 23,1,70,,35073,11667,0,21 22 23,1,32,,35074,11667,0,21 22 23,1,73,,35072,11667,0,21 22 23,1,30,,35075,11667,0,21 22 23,1,70,,35079,11667,0,21 22 23,1,28,,35081,11667,0,21 22 23,1,60,,35084,11667,0,21 22 23,1,20,,35088,11667,0,21 22 23,1,20,,35076,11667,0,21 22 23,1,5,,35054,11667,0,21 22 23,1,55,,35080,11667,0,21 22 23,1,19,,35060,11667,0,21 22 23,1,18,,35082,11667,0,21 22 23,1,58,,35085,11667,0,21 22 23,1,17,,35089,11667,0,21 22 23,1,18,,35090,11667,0,21 22 23,1,18,,35077,11667,0,21 22 23,1,60,,35061,11667,0,21 22 23,1,18,,35083,11667,0,21 22 23,1,2,,35087,11667,0,21 22 23,1,18,,35086,11667,0,21 22 23,1,56,,35078,11667,0,21 22 23,1,30,,35091,11667,0,21 22 23,1,72,,35093,11667,0,21 22 23,1,31,,35055,11667,0,21 22 23,1,66,,35053,11667,0,21 22 23,1,30,,35092,11667,0,21 22 23,1
7700,'F8',730,,35108,11667,0,21 22 23,1,100,,35099,11667,0,21 22 23,1,100,,35095,11667,0,21 22 23,1,100,,35100,11667,0,21 22 23,1,100,,35096,11667,0,21 22 23,1,100,,35098,11667,0,21 22 23,1,100,,35101,11667,0,21 22 23,1,97,,35094,11667,0,21 22 23,1,103,,35102,11667,0,21 22 23,1,99,,35104,11667,0,21 22 23,1,101,,35103,11667,0,21 22 23,1,100,,35105,11667,0,21 22 23,1,99,,35106,11667,0,21 22 23,1,100,,35097,11667,0,21 22 23,1,100,,35107,11667,0,21 22 23,1
7700,'F9',730,,35111,11667,0,21 22 23,1,100,,35114,11667,0,21 22 23,1,100,,35112,11667,0,21 22 23,1,100,,35115,11667,0,21 22 23,1,100,,35113,11667,0,21 22 23,1,100,,35110,11667,0,21 22 23,1,100,,35116,11667,0,21 22 23,1,100,,35119,11667,0,21 22 23,1,100,,35109,11667,0,21 22 23,1,100,,35120,11667,0,21 22 23,1,100,,35121,11667,0,21 22 23,1,100,,35122,11667,0,21 22 23,1,99,,35117,11667,0,21 22 23,1,100,,35123,11667,0,21 22 23,1,100,,35118,11667,0,21 22 23,1
7700,'SA',730,,35137,11667,0,21 22 23,1,100,,35128,11667,0,21 22 23,1,100,,35125,11667,0,21 22 23,1,100,,35129,11667,0,21 22 23,1,100,,13602,11667,0,21 22 23,1,100,,35127,11667,0,21 22 23,1,100,,35130,11667,0,21 22 23,1,97,,35124,11667,0,21 22 23,1,103,,35131,11667,0,21 22 23,1,99,,35133,11667,0,21 22 23,1,101,,35132,11667,0,21 22 23,1,100,,35134,11667,0,21 22 23,1,99,,35135,11667,0,21 22 23,1,100,,35126,11667,0,21 22 23,1,100,,35136,11667,0,21 22 23,1
7700,'SE',619,,35141,11667,0,21 22 23,1,15,,35142,11667,0,21 22 23,1,20,,35147,11667,0,21 22 23,1,58,,35150,11667,0,21 22 23,1,31,,35153,11667,0,21 22 23,1,63,,35148,11667,0,21 22 23,1,22,,35152,11667,0,21 22 23,1,15,,35143,11667,0,21 22 23,1,70,,35151,11667,0,21 22 23,1,30,,35154,11667,0,21 22 23,1,70,,35149,11667,0,21 22 23,1,30,,35144,11667,0,21 22 23,1,70,,35156,11667,0,21 22 23,1,30,,35155,11667,0,21 22 23,1,70,,35158,11667,0,21 22 23,1,32,,35159,11667,0,21 22 23,1,73,,35157,11667,0,21 22 23,1,30,,35160,11667,0,21 22 23,1,70,,35164,11667,0,21 22 23,1,28,,35166,11667,0,21 22 23,1,60,,35169,11667,0,21 22 23,1,20,,35173,11667,0,21 22 23,1,20,,35161,11667,0,21 22 23,1,5,,35139,11667,0,21 22 23,1,55,,35165,11667,0,21 22 23,1,19,,35145,11667,0,21 22 23,1,18,,35167,11667,0,21 22 23,1,58,,35170,11667,0,21 22 23,1,17,,35174,11667,0,21 22 23,1,18,,13636,11667,0,21 22 23,1,18,,35162,11667,0,21 22 23,1,60,,35146,11667,0,21 22 23,1,18,,35168,11667,0,21 22 23,1,2,,35172,11667,0,21 22 23,1,18,,35171,11667,0,21 22 23,1,56,,35163,11667,0,21 22 23,1,30,,35175,11667,0,21 22 23,1,72,,35177,11667,0,21 22 23,1,31,,35140,11667,0,21 22 23,1,66,,35138,11667,0,21 22 23,1,30,,35176,11667,0,21 22 23,1
