500,'DI',554,,21658,8593,,,1,70,,21664,8593,,,1,30,,21659,8593,,,1,70,,21665,8593,,,1,30,,21660,8593,,,1,70,,21666,8593,,,1,30,,21686,8593,,,1,70,,21667,8593,,,1,30,,21671,8593,,,1,70,,21668,8593,,,1,30,,21683,8593,,,1,70,,21672,8593,,,1,30,,21661,8593,,,1,72,,21673,8593,,,1,30,,21662,8593,,,1,68,,21687,8593,,,1,32,,21684,8593,,,1,70,,21688,8593,,,1,30,,21674,8593,,,1,69,,21663,8593,,,1,31,,21678,8593,,,1,70,,21685,8593,,,1,30,,21669,8593,,,1,70,,21675,8593,,,1,30,,21689,8593,,,1,99,,21670,8593,,,1,100,,21677,8593,,,1,100,,21676,8593,,,1,100,,21679,8593,,,1,100,,21680,8593,,,1,100,,21681,8593,,,1,100,,21682,8593,,,1
500,'F1',524,,21707,8593,,,1,30,,21715,8593,,,1,70,,21708,8593,,,1,30,,21716,8593,,,1,70,,21698,8593,,,1,30,,21717,8593,,,1,70,,21699,8593,,,1,30,,21718,8593,,,1,70,,21700,8593,,,1,30,,21709,8593,,,1,70,,21701,8593,,,1,30,,21710,8593,,,1,70,,21702,8593,,,1,30,,21704,8593,,,1,72,,21703,8593,,,1,30,,21705,8593,,,1,70,,21713,8593,,,1,30,,1493,8593,,,1,70,,21720,8593,,,1,30,,21719,8593,,,1,70,,21712,8593,,,1,30,,21706,8593,,,1,70,,21714,8593,,,1,30,,1494,8593,,,1,70,,21711,8593,,,1,30,,21721,8593,,,1,99,,21690,8593,,,1,100,,21691,8593,,,1,100,,21692,8593,,,1,100,,21693,8593,,,1,100,,21694,8593,,,1,100,,21695,8593,,,1,100,,21696,8593,,,1,100,,21697,8593,,,1
500,'F2',524,,21722,8593,,,1,30,,21730,8593,,,1,70,,21723,8593,,,1,30,,21731,8593,,,1,70,,21724,8593,,,1,30,,21732,8593,,,1,70,,21725,8593,,,1,30,,21733,8593,,,1,70,,21726,8593,,,1,30,,21735,8593,,,1,70,,21727,8593,,,1,30,,21736,8593,,,1,70,,21728,8593,,,1,30,,21737,8593,,,1,72,,21729,8593,,,1,30,,21738,8593,,,1,70,,21734,8593,,,1,30,,21754,8593,,,1,70,,21749,8593,,,1,30,,21739,8593,,,1,70,,21752,8593,,,1,30,,21748,8593,,,1,70,,21751,8593,,,1,30,,21755,8593,,,1,70,,21750,8593,,,1,30,,21753,8593,,,1,99,,21740,8593,,,1,100,,21741,8593,,,1,100,,21742,8593,,,1,100,,21743,8593,,,1,100,,21744,8593,,,1,100,,21745,8593,,,1,100,,21746,8593,,,1,100,,21747,8593,,,1
500,'F7',500,,21785,8593,,,1,40,,21757,8593,,,1,70,,21758,8593,,,1,15,,21756,8593,,,1,30,,21794,8593,,,1,70,,21761,8593,,,1,30,,21759,8593,,,1,70,,21760,8593,,,1,80,,21788,8593,,,1,20,,21797,8593,,,1,30,,21786,8593,,,1,70,,21795,8593,,,1,30,,21793,8593,,,1,70,,21791,8593,,,1,30,,21784,8593,,,1,70,,21762,8593,,,1,31,,21767,8593,,,1,70,,21765,8593,,,1,30,,21766,8593,,,1,70,,21763,8593,,,1,30,,21771,8593,,,1,74,,21799,8593,,,1,13,,21769,8593,,,1,15,,21768,8593,,,1,57,,21792,8593,,,1,15,,21798,8593,,,1,17,,21770,8593,,,1,56,,21775,8593,,,1,12,,21778,8593,,,1,15,,21772,8593,,,1,15,,21789,8593,,,1,55,,21764,8593,,,1,22,,21796,8593,,,1,16,,21779,8593,,,1,21,,21776,8593,,,1,65,,21787,8593,,,1,30,,21773,8593,,,1,70,,21790,8593,,,1,30,,21800,8593,,,1,70,,21777,8593,,,1,30,,21774,8593,,,1,100,,21780,8593,,,1,100,,21781,8593,,,1,100,,21782,8593,,,1,100,,21783,8593,,,1
500,'F8',524,,21801,8593,,,1,30,,21809,8593,,,1,70,,21802,8593,,,1,30,,21810,8593,,,1,70,,21803,8593,,,1,30,,21811,8593,,,1,70,,21804,8593,,,1,30,,21812,8593,,,1,70,,21805,8593,,,1,30,,21814,8593,,,1,70,,21806,8593,,,1,30,,21815,8593,,,1,70,,21807,8593,,,1,30,,21816,8593,,,1,72,,21808,8593,,,1,30,,21817,8593,,,1,70,,21813,8593,,,1,30,,21833,8593,,,1,70,,21828,8593,,,1,30,,21818,8593,,,1,70,,21831,8593,,,1,30,,21827,8593,,,1,70,,21830,8593,,,1,30,,21834,8593,,,1,70,,21829,8593,,,1,30,,21832,8593,,,1,99,,21819,8593,,,1,100,,21820,8593,,,1,100,,21821,8593,,,1,100,,21822,8593,,,1,100,,21823,8593,,,1,100,,21824,8593,,,1,100,,21825,8593,,,1,100,,21826,8593,,,1
500,'F9',554,,21835,8593,,,1,70,,21841,8593,,,1,30,,21836,8593,,,1,70,,21842,8593,,,1,30,,21837,8593,,,1,70,,21843,8593,,,1,30,,21863,8593,,,1,70,,21844,8593,,,1,30,,21848,8593,,,1,70,,21845,8593,,,1,30,,21860,8593,,,1,70,,21849,8593,,,1,30,,21838,8593,,,1,72,,21850,8593,,,1,30,,21839,8593,,,1,68,,21864,8593,,,1,32,,21861,8593,,,1,70,,21865,8593,,,1,30,,21851,8593,,,1,69,,21840,8593,,,1,31,,21855,8593,,,1,70,,21862,8593,,,1,30,,21846,8593,,,1,70,,21852,8593,,,1,30,,21866,8593,,,1,99,,21847,8593,,,1,100,,21854,8593,,,1,100,,21853,8593,,,1,100,,21856,8593,,,1,100,,21857,8593,,,1,100,,21858,8593,,,1,100,,21859,8593,,,1
500,'SA',524,,21867,8593,,,1,30,,21875,8593,,,1,70,,21868,8593,,,1,30,,21876,8593,,,1,70,,21869,8593,,,1,30,,21877,8593,,,1,70,,21870,8593,,,1,30,,21878,8593,,,1,70,,21871,8593,,,1,30,,21880,8593,,,1,70,,21872,8593,,,1,30,,21881,8593,,,1,70,,21873,8593,,,1,30,,21882,8593,,,1,72,,21874,8593,,,1,30,,21883,8593,,,1,70,,21879,8593,,,1,30,,21899,8593,,,1,70,,21894,8593,,,1,30,,21884,8593,,,1,70,,21897,8593,,,1,30,,21893,8593,,,1,70,,21896,8593,,,1,30,,21900,8593,,,1,70,,21895,8593,,,1,30,,21898,8593,,,1,99,,21885,8593,,,1,100,,21886,8593,,,1,100,,21887,8593,,,1,100,,21888,8593,,,1,100,,21889,8593,,,1,100,,21890,8593,,,1,100,,21891,8593,,,1,100,,21892,8593,,,1
500,'SE',500,,1670,8593,,,1,40,,21902,8593,,,1,70,,21903,8593,,,1,15,,21901,8593,,,1,30,,21938,8593,,,1,70,,21906,8593,,,1,30,,21904,8593,,,1,70,,21905,8593,,,1,80,,21932,8593,,,1,20,,21941,8593,,,1,30,,21930,8593,,,1,70,,21939,8593,,,1,30,,21937,8593,,,1,70,,21935,8593,,,1,30,,21929,8593,,,1,70,,21907,8593,,,1,31,,21912,8593,,,1,70,,21910,8593,,,1,30,,21911,8593,,,1,70,,21908,8593,,,1,30,,21916,8593,,,1,74,,21943,8593,,,1,13,,21914,8593,,,1,15,,21913,8593,,,1,57,,21936,8593,,,1,15,,21942,8593,,,1,17,,21915,8593,,,1,56,,21920,8593,,,1,12,,21923,8593,,,1,15,,21917,8593,,,1,15,,21933,8593,,,1,55,,21909,8593,,,1,22,,21940,8593,,,1,16,,21924,8593,,,1,21,,21921,8593,,,1,65,,21931,8593,,,1,30,,21918,8593,,,1,70,,21934,8593,,,1,30,,21944,8593,,,1,70,,21922,8593,,,1,30,,21919,8593,,,1,100,,21925,8593,,,1,100,,21926,8593,,,1,100,,21927,8593,,,1,100,,21928,8593,,,1
901,'F7',613,,23456,3612,,,2,30,,23458,3612,,,2,71,,23457,3612,,,2,30,,23459,3612,,,2,70,,23460,3612,,,2
901,'SE',613,,23464,3612,,,2,30,,23466,3612,,,2,71,,23465,3612,,,2,30,,23467,3612,,,2,70,,23468,3612,,,2
6001,'F7',544,,32249,2735,,,1,62,,32246,2735,,,1,21,,32240,2735,,,1,27,,32250,2735,,,1,68,,32242,2735,,,1,28,,32251,2735,,,1,66,,32259,2735,,,1,14,,32260,2735,,,1,74,,32252,2735,,,1,100,,32258,2735,,,1,100,,32247,2735,,,1,100,,32253,2735,,,1,101,,32248,2735,,,1,100,,32266,2735,,,1,101,,32261,2735,,,1,99,,32262,2735,,,1,30,,32257,2735,,,1,67,,32254,2735,,,1,24,,32255,2735,,,1,27,,32244,2735,,,1,69,,32263,2735,,,1,30,,32256,2735,,,1,88,,32264,2735,,,1,100,,32243,2735,,,1,101,,32265,2735,,,1,100,,32241,2735,,,1,95,,32245,2735,,,1
6001,'SE',544,,32276,2735,,,1,62,,32273,2735,,,1,21,,32267,2735,,,1,27,,32277,2735,,,1,68,,32269,2735,,,1,28,,32278,2735,,,1,66,,32286,2735,,,1,14,,32287,2735,,,1,74,,32279,2735,,,1,100,,32285,2735,,,1,100,,32274,2735,,,1,100,,32280,2735,,,1,101,,32275,2735,,,1,100,,32293,2735,,,1,101,,32288,2735,,,1,99,,32289,2735,,,1,30,,32284,2735,,,1,67,,32281,2735,,,1,24,,32282,2735,,,1,27,,32271,2735,,,1,69,,32290,2735,,,1,30,,32283,2735,,,1,88,,32291,2735,,,1,100,,32270,2735,,,1,101,,32292,2735,,,1,100,,32268,2735,,,1,95,,32272,2735,,,1
16001,'DI',602,,38498,9129,,,1,99,,38493,9129,,,1,100,,38499,9129,,,1,100,,38502,9129,,,1,100,,38505,9129,,,1,100,,38500,9129,,,1,100,,38506,9129,,,1,100,,38497,9129,,,1,100,,38507,9129,,,1,100,,38495,9129,,,1,100,,38492,9129,,,1,100,,38503,9129,,,1,100,,38501,9129,,,1,100,,38508,9129,,,1,100,,38504,9129,,,1,103,,38496,9129,,,1,97,,38494,9129,,,1
16001,'F1',603,,38514,9129,,,1,99,,38513,9129,,,1,99,,38518,9129,,,1,100,,38511,9129,,,1,99,,38510,9129,,,1,101,,38515,9129,,,1,100,,38519,9129,,,1,100,,16717,9129,,,1,100,,38516,9129,,,1,100,,38509,9129,,,1,100,,16718,9129,,,1,100,,38512,9129,,,1,100,,38517,9129,,,1,101,,16719,9129,,,1,99,,38520,9129,,,1,103,,16720,9129,,,1,97,,38521,9129,,,1
16001,'F2',603,,38530,9129,,,1,99,,38528,9129,,,1,99,,38526,9129,,,1,100,,38531,9129,,,1,99,,38525,9129,,,1,101,,38522,9129,,,1,100,,38529,9129,,,1,100,,38535,9129,,,1,100,,38523,9129,,,1,100,,38527,9129,,,1,100,,38536,9129,,,1,100,,38532,9129,,,1,100,,38524,9129,,,1,101,,38537,9129,,,1,99,,38533,9129,,,1,103,,38538,9129,,,1,97,,38534,9129,,,1
16001,'F7',614,,38542,9129,,,1,28,,38543,9129,,,1,66,,38547,9129,,,1,27,,38549,9129,,,1,24,,38559,9129,,,1,63,,38561,9129,,,1,28,,38546,9129,,,1,84,,38560,9129,,,1,98,,38557,9129,,,1,93,,38545,9129,,,1,100,,38548,9129,,,1,100,,38550,9129,,,1,100,,38544,9129,,,1,99,,38562,9129,,,1,92,,38540,9129,,,1,97,,38551,9129,,,1,30,,38539,9129,,,1,68,,38552,9129,,,1,25,,38563,9129,,,1,66,,38541,9129,,,1,99,,38553,9129,,,1,100,,38556,9129,,,1,102,,38554,9129,,,1,100,,38558,9129,,,1,50,,38555,9129,,,1
16001,'F8',603,,38572,9129,,,1,99,,38570,9129,,,1,99,,38568,9129,,,1,100,,38573,9129,,,1,99,,38567,9129,,,1,101,,38564,9129,,,1,100,,38571,9129,,,1,100,,38577,9129,,,1,100,,38565,9129,,,1,100,,38569,9129,,,1,100,,38578,9129,,,1,100,,38574,9129,,,1,100,,38566,9129,,,1,101,,38579,9129,,,1,99,,38575,9129,,,1,103,,38580,9129,,,1,97,,38576,9129,,,1
16001,'F9',602,,38587,9129,,,1,99,,38582,9129,,,1,100,,38588,9129,,,1,100,,38591,9129,,,1,100,,38594,9129,,,1,100,,38589,9129,,,1,100,,38595,9129,,,1,100,,38586,9129,,,1,100,,38596,9129,,,1,100,,38584,9129,,,1,100,,38581,9129,,,1,100,,38592,9129,,,1,100,,38590,9129,,,1,100,,38597,9129,,,1,100,,38593,9129,,,1,103,,38585,9129,,,1,97,,38583,9129,,,1
16001,'SA',603,,38606,9129,,,1,99,,38604,9129,,,1,99,,38602,9129,,,1,100,,16801,9129,,,1,99,,38601,9129,,,1,101,,38598,9129,,,1,100,,38605,9129,,,1,100,,38609,9129,,,1,100,,38599,9129,,,1,100,,38603,9129,,,1,100,,38610,9129,,,1,100,,16802,9129,,,1,100,,38600,9129,,,1,101,,38611,9129,,,1,99,,38607,9129,,,1,103,,38612,9129,,,1,97,,38608,9129,,,1
16001,'SE',614,,38616,9129,,,1,28,,38617,9129,,,1,66,,38621,9129,,,1,27,,38623,9129,,,1,24,,38633,9129,,,1,63,,38635,9129,,,1,28,,38620,9129,,,1,84,,38634,9129,,,1,98,,38631,9129,,,1,93,,38619,9129,,,1,100,,38622,9129,,,1,100,,38624,9129,,,1,100,,38618,9129,,,1,99,,38636,9129,,,1,92,,38614,9129,,,1,97,,38625,9129,,,1,30,,38613,9129,,,1,68,,38626,9129,,,1,25,,38637,9129,,,1,66,,38615,9129,,,1,99,,38627,9129,,,1,100,,38630,9129,,,1,102,,38628,9129,,,1,100,,38632,9129,,,1,50,,38629,9129,,,1
53801,'F7',914,,40680,4180,,,2
53801,'SE',914,,40681,4180,,,2
