401,'DI',709,,1186,5822,,,1,30,,1180,5822,,,1,70,,1189,5822,,,1,32,,1202,5822,,,1,70,,1199,5822,,,1,30,,1181,5822,,,1,70,,1177,5822,,,1,30,,1203,5822,,,1,70,,1200,5822,,,1,30,,1182,5822,,,1,70,,1210,5822,,,1,30,,1195,5822,,,1,70,,1201,5822,,,1,31,,1183,5822,,,1,69,,1205,5822,,,1,30,,1208,5822,,,1,70,,1178,5822,,,1,32,,1184,5822,,,1,69,,1206,5822,,,1,30,,1209,5822,,,1,74,,1207,5822,,,1,25,,1191,5822,,,1,70,,1194,5822,,,1,30,,1196,5822,,,1,70,,1198,5822,,,1,31,,1192,5822,,,1,69,,1193,5822,,,1,30,,1176,5822,,,1,70,,1187,5822,,,1,100,,1204,5822,,,1,100,,1197,5822,,,1,100,,1185,5822,,,1
401,'F1',709,,1213,5822,,,1,30,,1227,5822,,,1,70,,1216,5822,,,1,32,,1218,5822,,,1,70,,1214,5822,,,1,30,,1228,5822,,,1,70,,1231,5822,,,1,30,,1219,5822,,,1,70,,1236,5822,,,1,30,,1212,5822,,,1,71,,1238,5822,,,1,30,,1233,5822,,,1,70,,1242,5822,,,1,30,,1211,5822,,,1,70,,1220,5822,,,1,30,,1237,5822,,,1,70,,1232,5822,,,1,30,,1243,5822,,,1,70,,1240,5822,,,1,30,,1235,5822,,,1,70,,1234,5822,,,1,30,,1245,5822,,,1,69,,1230,5822,,,1,30,,1221,5822,,,1,70,,1241,5822,,,1,30,,1244,5822,,,1,70,,1222,5822,,,1,30,,1239,5822,,,1,70,,1229,5822,,,1,100,,1224,5822,,,1,100,,1223,5822,,,1,100,,1225,5822,,,1
401,'F7',709,,1256,5822,,,1,30,,1250,5822,,,1,70,,1259,5822,,,1,32,,1272,5822,,,1,70,,1269,5822,,,1,30,,1251,5822,,,1,70,,1247,5822,,,1,30,,1273,5822,,,1,70,,1270,5822,,,1,30,,1252,5822,,,1,70,,1280,5822,,,1,30,,1265,5822,,,1,70,,1271,5822,,,1,31,,1253,5822,,,1,69,,1275,5822,,,1,30,,1278,5822,,,1,70,,1248,5822,,,1,32,,1254,5822,,,1,69,,1276,5822,,,1,30,,1279,5822,,,1,74,,1277,5822,,,1,25,,1261,5822,,,1,70,,1264,5822,,,1,30,,1266,5822,,,1,70,,1268,5822,,,1,31,,1262,5822,,,1,69,,1263,5822,,,1,30,,1246,5822,,,1,70,,1257,5822,,,1,100,,1274,5822,,,1,100,,1267,5822,,,1,100,,1255,5822,,,1
401,'F8',624,,1282,5822,,,1,21,,1293,5822,,,1,71,,1305,5822,,,1,34,,1285,5822,,,1,73,,1314,5822,,,1,30,,1295,5822,,,1,72,,1308,5822,,,1,30,,1307,5822,,,1,70,,1281,5822,,,1,30,,1313,5822,,,1,70,,1300,5822,,,1,30,,1284,5822,,,1,71,,1306,5822,,,1,32,,1303,5822,,,1,70,,1301,5822,,,1,30,,1320,5822,,,1,66,,1318,5822,,,1,34,,1297,5822,,,1,55,,1310,5822,,,1,23,,1289,5822,,,1,21,,1302,5822,,,1,59,,1296,5822,,,1,20,,1291,5822,,,1,23,,1317,5822,,,1,57,,1290,5822,,,1,20,,1309,5822,,,1,64,,1294,5822,,,1,16,,1311,5822,,,1,27,,1304,5822,,,1,70,,1319,5822,,,1,27,,1315,5822,,,1,69,,1287,5822,,,1,30,,1299,5822,,,1,70,,1316,5822,,,1,30,,1312,5822,,,1,100,,1298,5822,,,1,99,,1288,5822,,,1,100,,1292,5822,,,1
401,'F9',709,,1323,5822,,,1,30,,1337,5822,,,1,70,,1326,5822,,,1,32,,1328,5822,,,1,70,,1324,5822,,,1,30,,1338,5822,,,1,70,,1341,5822,,,1,30,,1329,5822,,,1,70,,1346,5822,,,1,30,,1322,5822,,,1,71,,1348,5822,,,1,30,,1343,5822,,,1,70,,1352,5822,,,1,30,,1321,5822,,,1,70,,1330,5822,,,1,30,,1347,5822,,,1,70,,1342,5822,,,1,30,,1353,5822,,,1,70,,1350,5822,,,1,30,,1345,5822,,,1,70,,1344,5822,,,1,30,,1355,5822,,,1,69,,1340,5822,,,1,30,,1331,5822,,,1,70,,1351,5822,,,1,30,,1354,5822,,,1,70,,1332,5822,,,1,30,,1349,5822,,,1,70,,1339,5822,,,1,100,,1334,5822,,,1,100,,1333,5822,,,1,100,,1335,5822,,,1
401,'SA',709,,1358,5822,,,1,30,,1372,5822,,,1,70,,1361,5822,,,1,32,,1363,5822,,,1,70,,1359,5822,,,1,30,,1373,5822,,,1,70,,1376,5822,,,1,30,,1364,5822,,,1,70,,1381,5822,,,1,30,,1357,5822,,,1,71,,1383,5822,,,1,30,,1378,5822,,,1,70,,1387,5822,,,1,30,,1356,5822,,,1,70,,1365,5822,,,1,30,,1382,5822,,,1,70,,1377,5822,,,1,30,,1388,5822,,,1,70,,1385,5822,,,1,30,,1380,5822,,,1,70,,1379,5822,,,1,30,,1390,5822,,,1,69,,1375,5822,,,1,30,,1366,5822,,,1,70,,1386,5822,,,1,30,,1389,5822,,,1,70,,1367,5822,,,1,30,,1384,5822,,,1,70,,1374,5822,,,1,100,,1369,5822,,,1,100,,1368,5822,,,1,100,,1370,5822,,,1
401,'SE',624,,1392,5822,,,1,21,,1403,5822,,,1,71,,1415,5822,,,1,34,,1395,5822,,,1,73,,1424,5822,,,1,30,,1405,5822,,,1,72,,1418,5822,,,1,30,,1417,5822,,,1,70,,1391,5822,,,1,30,,1423,5822,,,1,70,,1410,5822,,,1,30,,1394,5822,,,1,71,,1416,5822,,,1,32,,1413,5822,,,1,70,,1411,5822,,,1,30,,1430,5822,,,1,66,,1428,5822,,,1,34,,1407,5822,,,1,55,,1420,5822,,,1,23,,1399,5822,,,1,21,,1412,5822,,,1,59,,1406,5822,,,1,20,,1401,5822,,,1,23,,1427,5822,,,1,57,,1400,5822,,,1,20,,1419,5822,,,1,64,,1404,5822,,,1,16,,1421,5822,,,1,27,,1414,5822,,,1,70,,1429,5822,,,1,27,,1425,5822,,,1,69,,1397,5822,,,1,30,,1409,5822,,,1,70,,1426,5822,,,1,30,,1422,5822,,,1,100,,1408,5822,,,1,99,,1398,5822,,,1,100,,1402,5822,,,1
5400,'DI',703,,10423,5929,,,1,100,,10437,5929,,,1,101,,10424,5929,,,1,102,,10420,5929,,,1,100,,10434,5929,,,1,100,,10417,5929,,,1,30,,10440,5929,,,1,70,,10425,5929,,,1,30,,10435,5929,,,1,70,,10442,5929,,,1,30,,10426,5929,,,1,70,,10436,5929,,,1,30,,10418,5929,,,1,70,,10438,5929,,,1,30,,10439,5929,,,1,70,,10427,5929,,,1,30,,10419,5929,,,1,73,,10441,5929,,,1,34,,10428,5929,,,1,63,,10421,5929,,,1,100,,10422,5929,,,1,100,,10429,5929,,,1,100,,10430,5929,,,1,100,,10431,5929,,,1,99,,10432,5929,,,1,100,,10433,5929,,,1
5400,'F1',703,,10454,5929,,,1,30,,10450,5929,,,1,70,,10470,5929,,,1,31,,10449,5929,,,1,70,,10443,5929,,,1,32,,10446,5929,,,1,70,,10462,5929,,,1,30,,10467,5929,,,1,70,,10444,5929,,,1,30,,10463,5929,,,1,70,,10447,5929,,,1,30,,10468,5929,,,1,70,,10451,5929,,,1,30,,10448,5929,,,1,70,,10445,5929,,,1,30,,10469,5929,,,1,70,,10471,5929,,,1,30,,10464,5929,,,1,70,,10452,5929,,,1,30,,10472,5929,,,1,70,,10465,5929,,,1,30,,10453,5929,,,1,73,,10473,5929,,,1,30,,10466,5929,,,1,67,,10455,5929,,,1,100,,10456,5929,,,1,100,,10457,5929,,,1,100,,10458,5929,,,1,100,,10459,5929,,,1,99,,10460,5929,,,1,100,,10461,5929,,,1
5400,'F7',703,,10480,5929,,,1,100,,10494,5929,,,1,101,,10481,5929,,,1,102,,10477,5929,,,1,100,,10491,5929,,,1,100,,10474,5929,,,1,30,,10497,5929,,,1,70,,10482,5929,,,1,30,,10492,5929,,,1,70,,10499,5929,,,1,30,,10483,5929,,,1,70,,10493,5929,,,1,30,,10475,5929,,,1,70,,10495,5929,,,1,30,,10496,5929,,,1,70,,10484,5929,,,1,30,,10476,5929,,,1,73,,10498,5929,,,1,34,,10485,5929,,,1,63,,10478,5929,,,1,100,,10479,5929,,,1,100,,10486,5929,,,1,100,,10487,5929,,,1,100,,10488,5929,,,1,99,,10489,5929,,,1,100,,10490,5929,,,1
5400,'F8',657,,10504,5929,,,1,76,,10522,5929,,,1,71,,10524,5929,,,1,34,,10503,5929,,,1,72,,10526,5929,,,1,30,,10525,5929,,,1,70,,10515,5929,,,1,30,,10519,5929,,,1,70,,10500,5929,,,1,30,,10501,5929,,,1,70,,10505,5929,,,1,30,,10506,5929,,,1,71,,10532,5929,,,1,30,,10516,5929,,,1,70,,10507,5929,,,1,30,,10531,5929,,,1,66,,10509,5929,,,1,27,,10508,5929,,,1,70,,10517,5929,,,1,30,,10533,5929,,,1,74,,10510,5929,,,1,23,,10527,5929,,,1,75,,10502,5929,,,1,28,,10513,5929,,,1,75,,10530,5929,,,1,29,,10511,5929,,,1,68,,10523,5929,,,1,30,,10518,5929,,,1,70,,10528,5929,,,1,30,,10514,5929,,,1,68,,10520,5929,,,1,100,,10512,5929,,,1,99,,10529,5929,,,1,100,,10521,5929,,,1
5400,'F9',703,,10545,5929,,,1,30,,10541,5929,,,1,70,,10561,5929,,,1,31,,10540,5929,,,1,70,,10534,5929,,,1,32,,10537,5929,,,1,70,,10553,5929,,,1,30,,10558,5929,,,1,70,,10535,5929,,,1,30,,10554,5929,,,1,70,,10538,5929,,,1,30,,10559,5929,,,1,70,,10542,5929,,,1,30,,10539,5929,,,1,70,,10536,5929,,,1,30,,10560,5929,,,1,70,,10562,5929,,,1,30,,10555,5929,,,1,70,,10543,5929,,,1,30,,10563,5929,,,1,70,,10556,5929,,,1,30,,10544,5929,,,1,73,,10564,5929,,,1,30,,10557,5929,,,1,67,,10546,5929,,,1,100,,10547,5929,,,1,100,,10548,5929,,,1,100,,10549,5929,,,1,100,,10550,5929,,,1,99,,10551,5929,,,1,100,,10552,5929,,,1
5400,'SA',703,,10576,5929,,,1,30,,10572,5929,,,1,70,,10592,5929,,,1,31,,10571,5929,,,1,70,,10565,5929,,,1,32,,10568,5929,,,1,70,,10584,5929,,,1,30,,10589,5929,,,1,70,,10566,5929,,,1,30,,10585,5929,,,1,70,,10569,5929,,,1,30,,10590,5929,,,1,70,,10573,5929,,,1,30,,10570,5929,,,1,70,,10567,5929,,,1,30,,10591,5929,,,1,70,,10593,5929,,,1,30,,10586,5929,,,1,70,,10574,5929,,,1,30,,10594,5929,,,1,70,,10587,5929,,,1,30,,10575,5929,,,1,73,,10595,5929,,,1,30,,10588,5929,,,1,67,,10577,5929,,,1,100,,10578,5929,,,1,100,,10579,5929,,,1,100,,10580,5929,,,1,100,,10581,5929,,,1,99,,10582,5929,,,1,100,,10583,5929,,,1
5400,'SE',657,,10600,5929,,,1,76,,10618,5929,,,1,71,,10620,5929,,,1,34,,10599,5929,,,1,72,,10622,5929,,,1,30,,10621,5929,,,1,70,,10611,5929,,,1,30,,10615,5929,,,1,70,,10596,5929,,,1,30,,10597,5929,,,1,70,,10601,5929,,,1,30,,10602,5929,,,1,71,,10628,5929,,,1,30,,10612,5929,,,1,70,,10603,5929,,,1,30,,10627,5929,,,1,66,,10605,5929,,,1,27,,10604,5929,,,1,70,,10613,5929,,,1,30,,10629,5929,,,1,74,,10606,5929,,,1,23,,10623,5929,,,1,75,,10598,5929,,,1,28,,10609,5929,,,1,75,,10626,5929,,,1,29,,10607,5929,,,1,68,,10619,5929,,,1,30,,10614,5929,,,1,70,,10624,5929,,,1,30,,10610,5929,,,1,68,,10616,5929,,,1,100,,10608,5929,,,1,99,,10625,5929,,,1,100,,10617,5929,,,1
7700,'DI',718,,13501,7480,0,21 22 23,1,100,,13504,7480,0,21 22 23,1,100,,13499,7480,0,21 22 23,1,100,,13505,7480,0,21 22 23,1,100,,13500,7480,0,21 22 23,1,100,,13506,7480,0,21 22 23,1,100,,13503,7480,0,21 22 23,1,100,,13507,7480,0,21 22 23,1,100,,13502,7480,0,21 22 23,1,100,,13508,7480,0,21 22 23,1,100,,13509,7480,0,21 22 23,1,100,,13510,7480,0,21 22 23,1,99,,13512,7480,0,21 22 23,1,100,,13511,7480,0,21 22 23,1,100,,13513,7480,0,21 22 23,1
7700,'F1',718,,13515,7480,0,21 22 23,1,100,,13517,7480,0,21 22 23,1,100,,13518,7480,0,21 22 23,1,100,,13514,7480,0,21 22 23,1,100,,13516,7480,0,21 22 23,1,100,,13519,7480,0,21 22 23,1,100,,13521,7480,0,21 22 23,1,97,,13520,7480,0,21 22 23,1,103,,13522,7480,0,21 22 23,1,99,,13524,7480,0,21 22 23,1,101,,13523,7480,0,21 22 23,1,100,,13525,7480,0,21 22 23,1,99,,13526,7480,0,21 22 23,1,100,,13528,7480,0,21 22 23,1,100,,13527,7480,0,21 22 23,1
7700,'F7',718,,13531,7480,0,21 22 23,1,100,,13534,7480,0,21 22 23,1,100,,13529,7480,0,21 22 23,1,100,,13535,7480,0,21 22 23,1,100,,13530,7480,0,21 22 23,1,100,,13536,7480,0,21 22 23,1,100,,13533,7480,0,21 22 23,1,100,,13537,7480,0,21 22 23,1,100,,13532,7480,0,21 22 23,1,100,,13538,7480,0,21 22 23,1,100,,13539,7480,0,21 22 23,1,100,,13540,7480,0,21 22 23,1,99,,13542,7480,0,21 22 23,1,100,,13541,7480,0,21 22 23,1,100,,13543,7480,0,21 22 23,1
7700,'F8',608,,13546,7480,0,21 22 23,1,15,,13547,7480,0,21 22 23,1,20,,13548,7480,0,21 22 23,1,58,,13553,7480,0,21 22 23,1,29,,13556,7480,0,21 22 23,1,23,,13551,7480,0,21 22 23,1,62,,13555,7480,0,21 22 23,1,15,,13549,7480,0,21 22 23,1,71,,13554,7480,0,21 22 23,1,30,,13557,7480,0,21 22 23,1,70,,13552,7480,0,21 22 23,1,30,,13550,7480,0,21 22 23,1,70,,13559,7480,0,21 22 23,1,30,,13558,7480,0,21 22 23,1,70,,13561,7480,0,21 22 23,1,31,,13564,7480,0,21 22 23,1,73,,13560,7480,0,21 22 23,1,30,,13566,7480,0,21 22 23,1,70,,13562,7480,0,21 22 23,1,27,,13569,7480,0,21 22 23,1,20,,13572,7480,0,21 22 23,1,60,,13575,7480,0,21 22 23,1,20,,13567,7480,0,21 22 23,1,5,,13577,7480,0,21 22 23,1,15,,13563,7480,0,21 22 23,1,58,,13581,7480,0,21 22 23,1,18,,13570,7480,0,21 22 23,1,18,,13573,7480,0,21 22 23,1,58,,13576,7480,0,21 22 23,1,18,,13565,7480,0,21 22 23,1,18,,13568,7480,0,21 22 23,1,60,,13582,7480,0,21 22 23,1,18,,13544,7480,0,21 22 23,1,2,,13571,7480,0,21 22 23,1,19,,13574,7480,0,21 22 23,1,16,,13583,7480,0,21 22 23,1,70,,13578,7480,0,21 22 23,1,32,,13545,7480,0,21 22 23,1,71,,13580,7480,0,21 22 23,1,27,,13584,7480,0,21 22 23,1,70,,13579,7480,0,21 22 23,1
7700,'F9',718,,13586,7480,0,21 22 23,1,100,,13588,7480,0,21 22 23,1,100,,13589,7480,0,21 22 23,1,100,,13585,7480,0,21 22 23,1,100,,13587,7480,0,21 22 23,1,100,,13590,7480,0,21 22 23,1,100,,13592,7480,0,21 22 23,1,97,,13591,7480,0,21 22 23,1,103,,13593,7480,0,21 22 23,1,99,,13595,7480,0,21 22 23,1,101,,13594,7480,0,21 22 23,1,100,,13596,7480,0,21 22 23,1,99,,13597,7480,0,21 22 23,1,100,,13599,7480,0,21 22 23,1,100,,13598,7480,0,21 22 23,1
7700,'SA',718,,13601,7480,0,21 22 23,1,100,,13603,7480,0,21 22 23,1,100,,13604,7480,0,21 22 23,1,100,,13600,7480,0,21 22 23,1,100,,13602,7480,0,21 22 23,1,100,,13605,7480,0,21 22 23,1,100,,13607,7480,0,21 22 23,1,97,,13606,7480,0,21 22 23,1,103,,13608,7480,0,21 22 23,1,99,,13610,7480,0,21 22 23,1,101,,13609,7480,0,21 22 23,1,100,,13611,7480,0,21 22 23,1,99,,13612,7480,0,21 22 23,1,100,,13614,7480,0,21 22 23,1,100,,13613,7480,0,21 22 23,1
7700,'SE',608,,13617,7480,0,21 22 23,1,15,,13618,7480,0,21 22 23,1,20,,13619,7480,0,21 22 23,1,58,,13624,7480,0,21 22 23,1,29,,13627,7480,0,21 22 23,1,23,,13622,7480,0,21 22 23,1,62,,13626,7480,0,21 22 23,1,15,,13620,7480,0,21 22 23,1,71,,13625,7480,0,21 22 23,1,30,,13628,7480,0,21 22 23,1,70,,13623,7480,0,21 22 23,1,30,,13621,7480,0,21 22 23,1,70,,13630,7480,0,21 22 23,1,30,,13629,7480,0,21 22 23,1,70,,13632,7480,0,21 22 23,1,31,,13635,7480,0,21 22 23,1,73,,13631,7480,0,21 22 23,1,30,,13637,7480,0,21 22 23,1,70,,13633,7480,0,21 22 23,1,27,,13640,7480,0,21 22 23,1,20,,13643,7480,0,21 22 23,1,60,,13646,7480,0,21 22 23,1,20,,13638,7480,0,21 22 23,1,5,,13648,7480,0,21 22 23,1,15,,13634,7480,0,21 22 23,1,58,,13652,7480,0,21 22 23,1,18,,13641,7480,0,21 22 23,1,18,,13644,7480,0,21 22 23,1,58,,13647,7480,0,21 22 23,1,18,,13636,7480,0,21 22 23,1,18,,13639,7480,0,21 22 23,1,60,,13653,7480,0,21 22 23,1,18,,13615,7480,0,21 22 23,1,2,,13642,7480,0,21 22 23,1,19,,13645,7480,0,21 22 23,1,16,,13654,7480,0,21 22 23,1,70,,13649,7480,0,21 22 23,1,32,,13616,7480,0,21 22 23,1,71,,13651,7480,0,21 22 23,1,27,,13655,7480,0,21 22 23,1,70,,13650,7480,0,21 22 23,1
42100,'F8',645,,17812,5822,0,12 13,1,71,,17808,5822,0,12 13,1,17,,17818,5822,0,12 13,1,722,,17819,5822,0,12 13,1,62,,17816,5822,0,12 13,1,30,,17814,5822,0,12 13,1,70,,17817,5822,0,12 13,1,32,,17820,5822,0,12 13,1,69,,17815,5822,0,12 13,1
42100,'SE',645,,17825,5822,0,12 13,1,71,,17821,5822,0,12 13,1,17,,17831,5822,0,12 13,1,722,,17832,5822,0,12 13,1,62,,17829,5822,0,12 13,1,30,,17827,5822,0,12 13,1,70,,17830,5822,0,12 13,1,32,,17833,5822,0,12 13,1,69,,17828,5822,0,12 13,1
60701,'F8',853,,18868,5751,,,2
60701,'SE',853,,18869,5751,,,2
