2500,'DI',711,,27541,9629,,,2
2500,'F1',711,,27542,9629,,,2
2500,'F2',711,,27543,9629,,,2
2500,'F7',535,,27545,9629,,,2,70,,27546,9629,,,2,29,,27565,9629,,,2,19,,27564,9629,,,2,61,,27560,9629,,,2,19,,27547,9629,,,2,69,,27549,9629,,,2,28,,27550,9629,,,2,75,,27548,9629,,,2,30,,27544,9629,,,2,470,,27551,9629,,,2,30,,27552,9629,,,2,69,,27568,9629,,,2,13,,27567,9629,,,2,18,,27566,9629,,,2,72,,27553,9629,,,2,32,,27556,9629,,,2,69,,27558,9629,,,2,30,,27561,9629,,,2,69,,27557,9629,,,2,28,,27559,9629,,,2,70,,27555,9629,,,2,335,,27563,9629,,,2,83,,27569,9629,,,2,15,,27562,9629,,,2,85,,27554,9629,,,2
2500,'F8',711,,27570,9629,,,2
2500,'F9',711,,27571,9629,,,2
2500,'SA',711,,27572,9629,,,2
2500,'SE',535,,27574,9629,,,2,70,,27575,9629,,,2,29,,27594,9629,,,2,19,,27593,9629,,,2,61,,27589,9629,,,2,19,,27576,9629,,,2,69,,27578,9629,,,2,28,,27579,9629,,,2,75,,27577,9629,,,2,30,,27573,9629,,,2,470,,27580,9629,,,2,30,,27581,9629,,,2,69,,27597,9629,,,2,13,,27596,9629,,,2,18,,27595,9629,,,2,72,,27582,9629,,,2,32,,27585,9629,,,2,69,,27587,9629,,,2,30,,27590,9629,,,2,69,,27586,9629,,,2,28,,27588,9629,,,2,70,,27584,9629,,,2,335,,27592,9629,,,2,83,,27598,9629,,,2,15,,27591,9629,,,2,85,,27583,9629,,,2
67300,'F7',1512,,40874,7889,4,,2
67300,'SE',1512,,40875,7889,4,,2
