400,'DI',630,,529,,,1,70,,538,,,1,30,,539,,,1,70,,536,,,1,32,,530,,,1,70,,527,,,1,32,,551,,,1,70,,548,,,1,30,,531,,,1,71,,528,,,1,30,,552,,,1,67,,549,,,1,31,,532,,,1,72,,560,,,1,30,,544,,,1,68,,550,,,1,31,,533,,,1,69,,554,,,1,30,,558,,,1,72,,556,,,1,30,,534,,,1,70,,555,,,1,30,,559,,,1,72,,557,,,1,28,,540,,,1,70,,543,,,1,30,,545,,,1,70,,547,,,1,30,,541,,,1,70,,542,,,1,30,,526,,,1,70,,537,,,1,100,,553,,,1,100,,546,,,1
400,'F1',630,,574,,,1,70,,565,,,1,30,,566,,,1,70,,564,,,1,32,,575,,,1,70,,590,,,1,32,,567,,,1,71,,581,,,1,30,,576,,,1,70,,579,,,1,30,,568,,,1,70,,585,,,1,30,,562,,,1,70,,587,,,1,30,,582,,,1,70,,592,,,1,30,,561,,,1,70,,569,,,1,30,,586,,,1,70,,580,,,1,30,,593,,,1,70,,589,,,1,30,,584,,,1,70,,583,,,1,30,,595,,,1,70,,578,,,1,30,,570,,,1,70,,591,,,1,30,,594,,,1,70,,571,,,1,30,,588,,,1,70,,577,,,1,100,,573,,,1,100,,572,,,1
400,'SA',630,,609,,,1,70,,600,,,1,30,,601,,,1,70,,599,,,1,32,,610,,,1,70,,625,,,1,32,,602,,,1,71,,616,,,1,30,,611,,,1,70,,614,,,1,30,,603,,,1,70,,620,,,1,30,,597,,,1,70,,622,,,1,30,,617,,,1,70,,627,,,1,30,,596,,,1,70,,604,,,1,30,,621,,,1,70,,615,,,1,30,,628,,,1,70,,624,,,1,30,,619,,,1,70,,618,,,1,30,,630,,,1,70,,613,,,1,30,,605,,,1,70,,626,,,1,30,,629,,,1,70,,606,,,1,30,,623,,,1,70,,612,,,1,100,,608,,,1,100,,607,,,1
400,'SE',557,,656,,,1,60,,666,,,1,15,,660,,,1,20,,657,,,1,66,,659,,,1,17,,665,,,1,24,,671,,,1,52,,668,,,1,32,,667,,,1,13,,644,,,1,63,,641,,,1,30,,643,,,1,70,,631,,,1,30,,636,,,1,70,,655,,,1,30,,646,,,1,70,,645,,,1,30,,640,,,1,70,,650,,,1,29,,638,,,1,69,,633,,,1,31,,669,,,1,66,,662,,,1,34,,661,,,1,71,,663,,,1,30,,670,,,1,70,,672,,,1,24,,634,,,1,60,,651,,,1,34,,647,,,1,74,,648,,,1,30,,642,,,1,70,,654,,,1,30,,652,,,1,70,,632,,,1,30,,639,,,1,70,,653,,,1,30,,637,,,1,100,,649,,,1,100,,635,,,1
1400,'SE',654,,2156,,,1,57,,2155,,,1,26,,2150,,,1,14,,2153,,,1,57,,2154,,,1,18,,2152,,,1,31,,2149,,,1,60,,2151,,,1,92,,2158,,,1,100,,2171,,,1,100,,2160,,,1,100,,2161,,,1,100,,2170,,,1,100,,2167,,,1,112,,2159,,,1,13,,2166,,,1,18,,2162,,,1,55,,2169,,,1,21,,2165,,,1,17,,2168,,,1,61,,2163,,,1,18,,2157,,,1,29,,2164,,,1
2101,'DI',548,,3567,,,1,70,,3572,,,1,30,,3594,,,1,69,,3588,,,1,30,,3591,,,1,70,,3580,,,1,31,,3585,,,1,70,,3595,,,1,30,,3568,,,1,67,,3562,,,1,33,,3593,,,1,70,,3592,,,1,32,,3573,,,1,70,,3589,,,1,31,,3586,,,1,71,,3563,,,1,30,,3569,,,1,70,,3587,,,1,30,,3590,,,1,70,,3564,,,1,30,,3570,,,1,70,,3581,,,1,30,,3576,,,1,70,,3565,,,1,30,,3575,,,1,70,,3582,,,1,29,,3577,,,1,67,,3566,,,1,30,,3556,,,1,70,,3560,,,1,30,,3558,,,1,70,,3583,,,1,30,,3584,,,1,70,,3578,,,1,30,,3574,,,1,70,,3559,,,1,30,,3561,,,1,70,,3579,,,1,30,,3557,,,1,70,,3571,,,1
2101,'F1',548,,3596,,,1,70,,3604,,,1,30,,3615,,,1,70,,3626,,,1,31,,3614,,,1,70,,3620,,,1,30,,3611,,,1,70,,3616,,,1,30,,3629,,,1,65,,3621,,,1,31,,3597,,,1,74,,3627,,,1,33,,3622,,,1,66,,3617,,,1,34,,3630,,,1,70,,3600,,,1,30,,3623,,,1,70,,3628,,,1,30,,3632,,,1,70,,3601,,,1,30,,3624,,,1,70,,3618,,,1,30,,3633,,,1,70,,3602,,,1,30,,3625,,,1,70,,3619,,,1,29,,3634,,,1,67,,3603,,,1,30,,3605,,,1,70,,3610,,,1,30,,3608,,,1,70,,3607,,,1,30,,3612,,,1,70,,3606,,,1,30,,3598,,,1,70,,3609,,,1,30,,3631,,,1,70,,3613,,,1,30,,3635,,,1,70,,3599,,,1
2101,'SA',548,,3636,,,1,70,,3644,,,1,30,,3655,,,1,70,,3666,,,1,31,,3654,,,1,70,,3660,,,1,30,,3651,,,1,70,,3656,,,1,30,,3669,,,1,65,,3661,,,1,31,,3637,,,1,74,,3667,,,1,33,,3662,,,1,66,,3657,,,1,34,,3670,,,1,70,,3640,,,1,30,,3663,,,1,70,,3668,,,1,30,,3672,,,1,70,,3641,,,1,30,,3664,,,1,70,,3658,,,1,30,,3673,,,1,70,,3642,,,1,30,,3665,,,1,70,,3659,,,1,29,,3674,,,1,67,,3643,,,1,30,,3645,,,1,70,,3650,,,1,30,,3648,,,1,70,,3647,,,1,30,,3652,,,1,70,,3646,,,1,30,,3638,,,1,70,,3649,,,1,30,,3671,,,1,70,,3653,,,1,30,,3675,,,1,70,,3639,,,1
2101,'SE',443,,3679,,,1,86,,3678,,,1,27,,3708,,,1,55,,3709,,,1,15,,3703,,,1,12,,3704,,,1,10,,3702,,,1,10,,3714,,,1,51,,3705,,,1,10,,3711,,,1,10,,3707,,,1,10,,3712,,,1,13,,3710,,,1,58,,3718,,,1,17,,3719,,,1,23,,3715,,,1,57,,3706,,,1,20,,3683,,,1,21,,3680,,,1,67,,3676,,,1,33,,3677,,,1,70,,3689,,,1,30,,3681,,,1,71,,3691,,,1,33,,3699,,,1,70,,3693,,,1,30,,3682,,,1,73,,3684,,,1,28,,3725,,,1,70,,3716,,,1,33,,3724,,,1,55,,3717,,,1,15,,3713,,,1,15,,3720,,,1,15,,3721,,,1,58,,3722,,,1,19,,3723,,,1,17,,3685,,,1,60,,3700,,,1,26,,3697,,,1,69,,3694,,,1,25,,3690,,,1,70,,3696,,,1,30,,3692,,,1,29,,3698,,,1,70,,3686,,,1,30,,3701,,,1,99,,3687,,,1,99,,3695,,,1,95,,3688,,,1
3200,'DI',603,,4251,0,5,2,101,,4252,0,5,2,99,,4253,0,5,2,100,,4255,0,5,2,100,,4258,0,5,2,100,,4270,0,5,2,101,,4256,0,5,2,100,,4259,0,5,2,98,,4269,0,5,2,104,,4261,0,5,2,96,,4260,0,5,2,101,,4263,0,5,2,100,,4262,0,5,2,100,,4257,0,5,2,100,,4264,0,5,2,100,,4265,0,5,2,100,,4268,0,5,2,100,,4267,0,5,2,100,,4266,0,5,2,100,,4254,0,5,2
3200,'F1',603,,4272,0,5,2,101,,4273,0,5,2,96,,4274,0,5,2,101,,4275,0,5,2,101,,4271,0,5,2,101,,4277,0,5,2,99,,4279,0,5,2,103,,4280,0,5,2,102,,4278,0,5,2,97,,4282,0,5,2,98,,4281,0,5,2,101,,4284,0,5,2,100,,4283,0,5,2,100,,4286,0,5,2,100,,4285,0,5,2,100,,4287,0,5,2,100,,4290,0,5,2,100,,4289,0,5,2,100,,4288,0,5,2,100,,4276,0,5,2
3200,'SA',603,,4292,0,5,2,101,,4293,0,5,2,96,,4294,0,5,2,101,,4295,0,5,2,101,,4291,0,5,2,101,,4297,0,5,2,99,,4299,0,5,2,103,,4300,0,5,2,102,,4298,0,5,2,97,,4302,0,5,2,98,,4301,0,5,2,101,,4304,0,5,2,100,,4303,0,5,2,100,,4306,0,5,2,100,,4305,0,5,2,100,,4307,0,5,2,100,,4310,0,5,2,100,,4309,0,5,2,100,,4308,0,5,2,100,,4296,0,5,2
3200,'SE',613,,4328,,,2,32,,4329,,,2,64,,4330,,,2,30,,4336,,,2,76,,4335,,,2,20,,4313,0,5,2,96,,4312,0,5,2,100,,4322,0,5,2,100,,4319,0,5,2,100,,4318,0,5,2,100,,4321,0,5,2,104,,4311,0,5,2,104,,4331,,,2,68,,4327,,,2,30,,4325,,,2,71,,4332,,,2,25,,4334,,,2,74,,4333,,,2,25,,4326,,,2,74,,4320,0,5,2,30,,4316,0,5,2,100,,4324,0,5,2,100,,4317,0,5,2,100,,4323,0,5,2,100,,4314,0,5,2,101,,4315,0,5,2
13200,'DI',830,,9092,0,6 7,2,100,,9107,0,6 7,2,100,,9090,0,6 7,2,100,,9093,0,6 7,2,100,,9106,0,6 7,2,100,,9096,0,6 7,2,100,,9094,0,6 7,2,105,,9098,0,6 7,2,95,,9097,0,6 7,2,100,,9095,0,6 7,2,101,,9099,0,6 7,2,99,,9100,0,6 7,2,100,,9091,0,6 7,2,100,,9103,0,6 7,2,100,,9101,0,6 7,2,100,,9105,0,6 7,2,100,,9104,0,6 7,2,100,,9102,0,6 7,2
13200,'F1',730,,9125,0,6 7,2,100,,9109,0,6 7,2,100,,9110,0,6 7,2,103,,9112,0,6 7,2,97,,9108,0,6 7,2,104,,9111,0,6 7,2,96,,9115,0,6 7,2,104,,9113,0,6 7,2,96,,9117,0,6 7,2,100,,9116,0,6 7,2,100,,9114,0,6 7,2,101,,9118,0,6 7,2,99,,9120,0,6 7,2,100,,9119,0,6 7,2,100,,9123,0,6 7,2,100,,9121,0,6 7,2,100,,9126,0,6 7,2,100,,9124,0,6 7,2,100,,9122,0,6 7,2
13200,'SA',730,,9144,0,6 7,2,100,,9128,0,6 7,2,100,,9129,0,6 7,2,103,,9131,0,6 7,2,97,,9127,0,6 7,2,104,,9130,0,6 7,2,96,,9134,0,6 7,2,104,,9132,0,6 7,2,96,,9136,0,6 7,2,100,,9135,0,6 7,2,100,,9133,0,6 7,2,101,,9137,0,6 7,2,99,,9139,0,6 7,2,100,,9138,0,6 7,2,100,,9142,0,6 7,2,100,,9140,0,6 7,2,100,,9145,0,6 7,2,100,,9143,0,6 7,2,100,,9141,0,6 7,2
13200,'SE',641,,9154,0,6 7,2,61,,9158,0,6 7,2,11,,9150,0,6 7,2,9,,9157,0,6 7,2,4,,9165,0,6 7,2,22,,9152,0,6 7,2,58,,9155,0,6 7,2,20,,9159,0,6 7,2,79,,9160,0,6 7,2,97,,9169,0,6 7,2,99,,9166,0,6 7,2,56,,9167,0,6 7,2,100,,9146,0,6 7,2,148,,9163,0,6 7,2,53,,9170,0,6 7,2,64,,9164,0,6 7,2,20,,9153,0,6 7,2,60,,9156,0,6 7,2,21,,9171,0,6 7,2,20,,9147,0,6 7,2,60,,9161,0,6 7,2,20,,9148,0,6 7,2,21,,9151,0,6 7,2,59,,9168,0,6 7,2,21,,9162,0,6 7,2,19,,9149,0,6 7,2
21401,'DI',841,,9628,,,1,100,,9629,,,1,100,,9630,,,1,100,,9631,,,1,100,,9632,,,1,100,,9633,,,1,100,,9634,,,1,100,,9635,,,1,100,,9626,,,1,100,,9627,,,1
21401,'F1',841,,9644,,,1,100,,9645,,,1,100,,9636,,,1,100,,9637,,,1,100,,9638,,,1,100,,9639,,,1,100,,9640,,,1,100,,9641,,,1,100,,9642,,,1,100,,9643,,,1
21401,'SA',841,,9654,,,1,100,,9655,,,1,100,,9646,,,1,100,,9647,,,1,100,,9648,,,1,100,,9649,,,1,100,,9650,,,1,100,,9651,,,1,100,,9652,,,1,100,,9653,,,1
55100,'SE',1643,,10474,,,2
