1600,'DI',619,,4261,3652,0,8,2,30,,4231,3652,0,8,2,70,,4262,3652,0,8,2,30,,4232,3652,0,8,2,70,,4237,3652,0,8,2,30,,4233,3652,0,8,2,70,,4238,3652,0,8,2,30,,4234,3652,0,8,2,70,,4239,3652,0,8,2,30,,4235,3652,0,8,2,70,,4240,3652,0,8,2,28,,4236,3652,0,8,2,72,,4241,3652,0,8,2,33,,4230,3652,0,8,2,67,,4242,3652,0,8,2,30,,4255,3652,0,8,2,70,,4243,3652,0,8,2,30,,4256,3652,0,8,2,70,,4244,3652,0,8,2,30,,4257,3652,0,8,2,70,,4245,3652,0,8,2,30,,4258,3652,0,8,2,70,,4246,3652,0,8,2,31,,4259,3652,0,8,2,69,,4247,3652,0,8,2,100,,4248,3652,0,8,2,100,,4249,3652,0,8,2,100,,4250,3652,0,8,2,100,,4251,3652,0,8,2,100,,4252,3652,0,8,2,100,,4253,3652,0,8,2,100,,4254,3652,0,8,2
1600,'F1',619,,4264,3652,0,8,2,28,,4282,3652,0,8,2,72,,4265,3652,0,8,2,30,,4283,3652,0,8,2,70,,4266,3652,0,8,2,30,,4284,3652,0,8,2,70,,4267,3652,0,8,2,30,,4285,3652,0,8,2,70,,4268,3652,0,8,2,30,,4286,3652,0,8,2,70,,4269,3652,0,8,2,30,,4287,3652,0,8,2,70,,4270,3652,0,8,2,30,,4288,3652,0,8,2,70,,4271,3652,0,8,2,30,,4289,3652,0,8,2,70,,4272,3652,0,8,2,30,,4290,3652,0,8,2,70,,4273,3652,0,8,2,30,,4291,3652,0,8,2,70,,4275,3652,0,8,2,27,,4292,3652,0,8,2,73,,4276,3652,0,8,2,35,,4274,3652,0,8,2,65,,4277,3652,0,8,2,100,,4278,3652,0,8,2,100,,4279,3652,0,8,2,100,,4280,3652,0,8,2,100,,4281,3652,0,8,2,100,,4293,3652,0,8,2,100,,4294,3652,0,8,2,100,,4295,3652,0,8,2
1600,'F7',619,,4327,3652,0,8,2,30,,4297,3652,0,8,2,70,,4328,3652,0,8,2,30,,4298,3652,0,8,2,70,,4303,3652,0,8,2,30,,4299,3652,0,8,2,70,,4304,3652,0,8,2,30,,4300,3652,0,8,2,70,,4305,3652,0,8,2,30,,4301,3652,0,8,2,70,,4306,3652,0,8,2,28,,4302,3652,0,8,2,72,,4307,3652,0,8,2,33,,4296,3652,0,8,2,67,,4308,3652,0,8,2,30,,4321,3652,0,8,2,70,,4309,3652,0,8,2,30,,4322,3652,0,8,2,70,,4310,3652,0,8,2,30,,4323,3652,0,8,2,70,,4311,3652,0,8,2,30,,4324,3652,0,8,2,70,,4312,3652,0,8,2,31,,4325,3652,0,8,2,69,,4313,3652,0,8,2,100,,4314,3652,0,8,2,100,,4315,3652,0,8,2,100,,4316,3652,0,8,2,100,,4317,3652,0,8,2,100,,4318,3652,0,8,2,100,,4319,3652,0,8,2,100,,4320,3652,0,8,2
1600,'F8',551,,4342,3652,0,8,2,68,,4349,3652,0,8,2,12,,4332,3652,0,8,2,13,,4345,3652,0,8,2,59,,4351,3652,0,8,2,11,,4331,3652,0,8,2,11,,4334,3652,0,8,2,10,,4333,3652,0,8,2,7,,4350,3652,0,8,2,9,,4346,3652,0,8,2,55,,4382,3652,0,8,2,15,,4386,3652,0,8,2,29,,4330,3652,0,8,2,70,,4370,3652,0,8,2,30,,4375,3652,0,8,2,70,,4344,3652,0,8,2,30,,4341,3652,0,8,2,70,,4384,3652,0,8,2,30,,4347,3652,0,8,2,70,,4383,3652,0,8,2,30,,4376,3652,0,8,2,70,,4329,3652,0,8,2,30,,4377,3652,0,8,2,70,,4336,3652,0,8,2,19,,4371,3652,0,8,2,16,,4337,3652,0,8,2,55,,4360,3652,0,8,2,15,,4364,3652,0,8,2,15,,4379,3652,0,8,2,15,,4362,3652,0,8,2,52,,4390,3652,0,8,2,13,,4385,3652,0,8,2,12,,4366,3652,0,8,2,12,,4367,3652,0,8,2,12,,4339,3652,0,8,2,52,,4363,3652,0,8,2,12,,4368,3652,0,8,2,12,,4361,3652,0,8,2,12,,4338,3652,0,8,2,13,,4378,3652,0,8,2,54,,4365,3652,0,8,2,20,,4369,3652,0,8,2,20,,4335,3652,0,8,2,69,,4353,3652,0,8,2,30,,4387,3652,0,8,2,69,,4354,3652,0,8,2,30,,4388,3652,0,8,2,70,,4355,3652,0,8,2,30,,4389,3652,0,8,2,70,,4356,3652,0,8,2,100,,4357,3652,0,8,2,100,,4358,3652,0,8,2,99,,4359,3652,0,8,2
1600,'F9',619,,4392,3652,0,8,2,28,,4410,3652,0,8,2,72,,4393,3652,0,8,2,30,,4411,3652,0,8,2,70,,4394,3652,0,8,2,30,,4412,3652,0,8,2,70,,4395,3652,0,8,2,30,,4413,3652,0,8,2,70,,4396,3652,0,8,2,30,,4414,3652,0,8,2,70,,4397,3652,0,8,2,30,,4415,3652,0,8,2,70,,4398,3652,0,8,2,30,,4416,3652,0,8,2,70,,4399,3652,0,8,2,30,,4417,3652,0,8,2,70,,4400,3652,0,8,2,30,,4418,3652,0,8,2,70,,4401,3652,0,8,2,30,,4419,3652,0,8,2,70,,4403,3652,0,8,2,27,,4420,3652,0,8,2,73,,4404,3652,0,8,2,35,,4402,3652,0,8,2,65,,4405,3652,0,8,2,100,,4406,3652,0,8,2,100,,4407,3652,0,8,2,100,,4408,3652,0,8,2,100,,4409,3652,0,8,2,100,,4421,3652,0,8,2,100,,4422,3652,0,8,2,100,,4423,3652,0,8,2
1600,'SA',619,,4425,3652,0,8,2,28,,4443,3652,0,8,2,72,,4426,3652,0,8,2,30,,4444,3652,0,8,2,70,,4427,3652,0,8,2,30,,4445,3652,0,8,2,70,,4428,3652,0,8,2,30,,4446,3652,0,8,2,70,,4429,3652,0,8,2,30,,4447,3652,0,8,2,70,,4430,3652,0,8,2,30,,4448,3652,0,8,2,70,,4431,3652,0,8,2,30,,4449,3652,0,8,2,70,,4432,3652,0,8,2,30,,4450,3652,0,8,2,70,,4433,3652,0,8,2,30,,4451,3652,0,8,2,70,,4434,3652,0,8,2,30,,4452,3652,0,8,2,70,,4436,3652,0,8,2,27,,4453,3652,0,8,2,73,,4437,3652,0,8,2,35,,4435,3652,0,8,2,65,,4438,3652,0,8,2,100,,4439,3652,0,8,2,100,,4440,3652,0,8,2,100,,4441,3652,0,8,2,100,,4442,3652,0,8,2,100,,4454,3652,0,8,2,100,,4455,3652,0,8,2,100,,4456,3652,0,8,2
1600,'SE',551,,4470,3652,0,8,2,68,,4477,3652,0,8,2,12,,4460,3652,0,8,2,13,,4473,3652,0,8,2,59,,4479,3652,0,8,2,11,,4459,3652,0,8,2,11,,4462,3652,0,8,2,10,,4461,3652,0,8,2,7,,4478,3652,0,8,2,9,,4474,3652,0,8,2,55,,4510,3652,0,8,2,15,,4514,3652,0,8,2,29,,4458,3652,0,8,2,70,,4498,3652,0,8,2,30,,4503,3652,0,8,2,70,,4472,3652,0,8,2,30,,4469,3652,0,8,2,70,,4512,3652,0,8,2,30,,4475,3652,0,8,2,70,,4511,3652,0,8,2,30,,4504,3652,0,8,2,70,,4457,3652,0,8,2,30,,4505,3652,0,8,2,70,,4464,3652,0,8,2,19,,4499,3652,0,8,2,16,,4465,3652,0,8,2,55,,4488,3652,0,8,2,15,,4492,3652,0,8,2,15,,4507,3652,0,8,2,15,,4490,3652,0,8,2,52,,4518,3652,0,8,2,13,,4513,3652,0,8,2,12,,4494,3652,0,8,2,12,,4495,3652,0,8,2,12,,4467,3652,0,8,2,52,,4491,3652,0,8,2,12,,4496,3652,0,8,2,12,,4489,3652,0,8,2,12,,4466,3652,0,8,2,13,,4506,3652,0,8,2,54,,4493,3652,0,8,2,20,,4497,3652,0,8,2,20,,4463,3652,0,8,2,69,,4481,3652,0,8,2,30,,4515,3652,0,8,2,69,,4482,3652,0,8,2,30,,4516,3652,0,8,2,70,,4483,3652,0,8,2,30,,4517,3652,0,8,2,70,,4484,3652,0,8,2,100,,4485,3652,0,8,2,100,,4486,3652,0,8,2,99,,4487,3652,0,8,2
57500,'F8',1555,,18842,2305,,,2
57500,'SE',1555,,18843,2305,,,2
61600,'F8',1455,,18886,303,,,2,1,,18887,303,,,2
61600,'SE',1455,,18888,303,,,2,1,,18889,303,,,2
