1401,'F8',557,,3833,3806,,,1,70,,3836,3806,,,1,20,,3838,3806,,,1,56,,3832,3806,,,1,16,,3842,3806,,,1,12,,3841,3806,,,1,16,,3834,3806,,,1,54,,3837,3806,,,1,14,,3839,3806,,,1,16,,3840,3806,,,1,16,,3843,3806,,,1,61,,3835,3806,,,1,23,,3844,3806,,,1,100,,3846,3806,,,1,100,,3859,3806,,,1,100,,3847,3806,,,1,100,,3849,3806,,,1,100,,3858,3806,,,1,100,,3856,3806,,,1,85,,3855,3806,,,1,17,,3848,3806,,,1,19,,3851,3806,,,1,64,,3850,3806,,,1,19,,3857,3806,,,1,21,,3854,3806,,,1,60,,3845,3806,,,1,18,,3853,3806,,,1,68,,3852,3806,,,1
1401,'SE',557,,3861,3806,,,1,70,,3864,3806,,,1,20,,3866,3806,,,1,56,,3860,3806,,,1,16,,3870,3806,,,1,12,,3869,3806,,,1,16,,3862,3806,,,1,54,,3865,3806,,,1,14,,3867,3806,,,1,16,,3868,3806,,,1,16,,3871,3806,,,1,61,,3863,3806,,,1,23,,3872,3806,,,1,100,,3874,3806,,,1,100,,3887,3806,,,1,100,,3875,3806,,,1,100,,3877,3806,,,1,100,,3886,3806,,,1,100,,3884,3806,,,1,85,,3883,3806,,,1,17,,3876,3806,,,1,19,,3879,3806,,,1,64,,3878,3806,,,1,19,,3885,3806,,,1,21,,3882,3806,,,1,60,,3873,3806,,,1,18,,3881,3806,,,1,68,,3880,3806,,,1
21400,'DI',911,,17199,3806,,,1,100,,17200,3806,,,1,100,,17201,3806,,,1,100,,17202,3806,,,1,100,,17203,3806,,,1,100,,17204,3806,,,1,100,,17205,3806,,,1,100,,17196,3806,,,1,100,,17197,3806,,,1,100,,17198,3806,,,1
21400,'F1',911,,17215,3806,,,1,100,,17206,3806,,,1,100,,17207,3806,,,1,100,,17208,3806,,,1,100,,17209,3806,,,1,100,,17210,3806,,,1,100,,17211,3806,,,1,100,,17212,3806,,,1,100,,17213,3806,,,1,100,,17214,3806,,,1
21400,'F7',911,,17219,3806,,,1,100,,17220,3806,,,1,100,,17221,3806,,,1,100,,17222,3806,,,1,100,,17223,3806,,,1,100,,17224,3806,,,1,100,,17225,3806,,,1,100,,17216,3806,,,1,100,,17217,3806,,,1,100,,17218,3806,,,1
21400,'F9',911,,17235,3806,,,1,100,,17226,3806,,,1,100,,17227,3806,,,1,100,,17228,3806,,,1,100,,17229,3806,,,1,100,,17230,3806,,,1,100,,17231,3806,,,1,100,,17232,3806,,,1,100,,17233,3806,,,1,100,,17234,3806,,,1
21400,'SA',911,,17245,3806,,,1,100,,17236,3806,,,1,100,,17237,3806,,,1,100,,17238,3806,,,1,100,,17239,3806,,,1,100,,17240,3806,,,1,100,,17241,3806,,,1,100,,17242,3806,,,1,100,,17243,3806,,,1,100,,17244,3806,,,1
55101,'F8',906,,18824,3077,,,2
55101,'SE',906,,18825,3077,,,2
69301,'F8',836,,19049,1820,,,2,1,,19048,1820,,,2
69301,'SE',836,,19051,1820,,,2,1,,19050,1820,,,2
