2300,'F1',647,,27432,3155,,,1,100,,27433,3155,,,1,100,,27429,3155,,,1,101,,27425,3155,,,1,99,,27427,3155,,,1,103,,27428,3155,,,1,97,,27434,3155,,,1,100,,27426,3155,,,1,100,,27430,3155,,,1,100,,27431,3155,,,1,100,,27435,3155,,,1,102,,27436,3155,,,1
2300,'F2',647,,27445,3155,,,1,100,,27446,3155,,,1,100,,27437,3155,,,1,101,,27438,3155,,,1,99,,27441,3155,,,1,103,,27442,3155,,,1,97,,27447,3155,,,1,100,,27448,3155,,,1,100,,27444,3155,,,1,100,,27443,3155,,,1,100,,27439,3155,,,1,102,,27440,3155,,,1
2300,'F7',948,,27451,3155,,,1,100,,27449,3155,,,1,100,,27452,3155,,,1,100,,27453,3155,,,1,100,,27450,3155,,,1
2300,'F8',647,,27462,3155,,,1,100,,27463,3155,,,1,100,,27454,3155,,,1,101,,27455,3155,,,1,99,,27458,3155,,,1,103,,27459,3155,,,1,97,,27464,3155,,,1,100,,27465,3155,,,1,100,,27461,3155,,,1,100,,27460,3155,,,1,100,,27456,3155,,,1,102,,27457,3155,,,1
2300,'SA',647,,27474,3155,,,1,100,,27475,3155,,,1,100,,27466,3155,,,1,101,,27467,3155,,,1,99,,27470,3155,,,1,103,,27471,3155,,,1,97,,27476,3155,,,1,100,,27477,3155,,,1,100,,27473,3155,,,1,100,,27472,3155,,,1,100,,27468,3155,,,1,102,,27469,3155,,,1
2300,'SE',948,,27480,3155,,,1,100,,27478,3155,,,1,100,,27481,3155,,,1,100,,27482,3155,,,1,100,,27479,3155,,,1
12300,'DI',618,,37610,3155,0,42 43,1,100,,37620,3155,0,42 43,1,100,,37611,3155,0,42 43,1,100,,37621,3155,0,42 43,1,100,,37612,3155,0,42 43,1,100,,37622,3155,0,42 43,1,105,,37613,3155,0,42 43,1,95,,37623,3155,0,42 43,1,100,,37614,3155,0,42 43,1,100,,37624,3155,0,42 43,1,100,,37615,3155,0,42 43,1,100,,37625,3155,0,42 43,1,100,,37616,3155,0,42 43,1,100,,37626,3155,0,42 43,1,100,,37617,3155,0,42 43,1,100,,37627,3155,0,42 43,1,100,,37618,3155,0,42 43,1,100,,37628,3155,0,42 43,1,100,,37619,3155,0,42 43,1
12300,'F1',617,,37637,3155,0,42 43,1,100,,37641,3155,0,42 43,1,100,,37631,3155,0,42 43,1,105,,37642,3155,0,42 43,1,99,,37632,3155,0,42 43,1,100,,37629,3155,0,42 43,1,100,,37633,3155,0,42 43,1,96,,37630,3155,0,42 43,1,100,,37634,3155,0,42 43,1,100,,37635,3155,0,42 43,1,104,,37643,3155,0,42 43,1,101,,37636,3155,0,42 43,1,99,,37644,3155,0,42 43,1,96,,37638,3155,0,42 43,1,100,,37645,3155,0,42 43,1,100,,37639,3155,0,42 43,1,100,,37646,3155,0,42 43,1,100,,37640,3155,0,42 43,1,100,,37647,3155,0,42 43,1
12300,'F2',617,,37649,3155,0,42 43,1,100,,37648,3155,0,42 43,1,100,,37650,3155,0,42 43,1,105,,37659,3155,0,42 43,1,99,,37651,3155,0,42 43,1,100,,37660,3155,0,42 43,1,100,,37652,3155,0,42 43,1,96,,37661,3155,0,42 43,1,100,,37653,3155,0,42 43,1,100,,37662,3155,0,42 43,1,104,,37654,3155,0,42 43,1,101,,37663,3155,0,42 43,1,99,,37655,3155,0,42 43,1,96,,37664,3155,0,42 43,1,100,,37656,3155,0,42 43,1,100,,37665,3155,0,42 43,1,100,,37657,3155,0,42 43,1,100,,37666,3155,0,42 43,1,100,,37658,3155,0,42 43,1
12300,'F7',510,,37686,3155,0,42 43,1,33,,37667,3155,0,42 43,1,15,,37674,3155,0,42 43,1,50,,37668,3155,0,42 43,1,10,,37688,3155,0,42 43,1,10,,37679,3155,0,42 43,1,11,,37689,3155,0,42 43,1,8,,37669,3155,0,42 43,1,12,,37693,3155,0,42 43,1,50,,37670,3155,0,42 43,1,21,,37694,3155,0,42 43,1,17,,37690,3155,0,42 43,1,69,,37696,3155,0,42 43,1,29,,37695,3155,0,42 43,1,69,,37676,3155,0,42 43,1,102,,37671,3155,0,42 43,1,100,,37681,3155,0,42 43,1,99,,37691,3155,0,42 43,1,101,,37683,3155,0,42 43,1,5,,37680,3155,0,42 43,1,93,,37687,3155,0,42 43,1,30,,37697,3155,0,42 43,1,71,,37684,3155,0,42 43,1,26,,37682,3155,0,42 43,1,71,,37699,3155,0,42 43,1,31,,37701,3155,0,42 43,1,71,,37673,3155,0,42 43,1,30,,37685,3155,0,42 43,1,76,,37672,3155,0,42 43,1,28,,37698,3155,0,42 43,1,70,,37692,3155,0,42 43,1,30,,37675,3155,0,42 43,1,70,,37700,3155,0,42 43,1,100,,37677,3155,0,42 43,1,100,,37702,3155,0,42 43,1,99,,37678,3155,0,42 43,1,100,,37703,3155,0,42 43,1
12300,'F8',617,,37705,3155,0,42 43,1,100,,37704,3155,0,42 43,1,100,,37706,3155,0,42 43,1,105,,37715,3155,0,42 43,1,99,,37707,3155,0,42 43,1,100,,37716,3155,0,42 43,1,100,,37708,3155,0,42 43,1,96,,37717,3155,0,42 43,1,100,,37709,3155,0,42 43,1,100,,37718,3155,0,42 43,1,104,,37710,3155,0,42 43,1,101,,37719,3155,0,42 43,1,99,,37711,3155,0,42 43,1,96,,37720,3155,0,42 43,1,100,,37712,3155,0,42 43,1,100,,37721,3155,0,42 43,1,100,,37713,3155,0,42 43,1,100,,37722,3155,0,42 43,1,100,,37714,3155,0,42 43,1
12300,'F9',618,,37723,3155,0,42 43,1,100,,37733,3155,0,42 43,1,100,,37724,3155,0,42 43,1,100,,37734,3155,0,42 43,1,100,,37725,3155,0,42 43,1,100,,37735,3155,0,42 43,1,105,,37726,3155,0,42 43,1,95,,37736,3155,0,42 43,1,100,,37727,3155,0,42 43,1,100,,37737,3155,0,42 43,1,100,,37728,3155,0,42 43,1,100,,37738,3155,0,42 43,1,100,,37729,3155,0,42 43,1,100,,37739,3155,0,42 43,1,100,,37730,3155,0,42 43,1,100,,37740,3155,0,42 43,1,100,,37731,3155,0,42 43,1,100,,37741,3155,0,42 43,1,100,,37732,3155,0,42 43,1
12300,'SA',617,,37743,3155,0,42 43,1,100,,37742,3155,0,42 43,1,100,,37744,3155,0,42 43,1,105,,37753,3155,0,42 43,1,99,,37745,3155,0,42 43,1,100,,37754,3155,0,42 43,1,100,,37746,3155,0,42 43,1,96,,37755,3155,0,42 43,1,100,,37747,3155,0,42 43,1,100,,37756,3155,0,42 43,1,104,,37748,3155,0,42 43,1,101,,37757,3155,0,42 43,1,99,,37749,3155,0,42 43,1,96,,37758,3155,0,42 43,1,100,,37750,3155,0,42 43,1,100,,37759,3155,0,42 43,1,100,,37751,3155,0,42 43,1,100,,37760,3155,0,42 43,1,100,,37752,3155,0,42 43,1
12300,'SE',510,,37780,3155,0,42 43,1,33,,37761,3155,0,42 43,1,15,,37768,3155,0,42 43,1,50,,37762,3155,0,42 43,1,10,,37782,3155,0,42 43,1,10,,37773,3155,0,42 43,1,11,,37783,3155,0,42 43,1,8,,37763,3155,0,42 43,1,12,,37787,3155,0,42 43,1,50,,37764,3155,0,42 43,1,21,,37788,3155,0,42 43,1,17,,37784,3155,0,42 43,1,69,,37790,3155,0,42 43,1,29,,37789,3155,0,42 43,1,69,,37770,3155,0,42 43,1,102,,37765,3155,0,42 43,1,100,,37775,3155,0,42 43,1,99,,37785,3155,0,42 43,1,101,,37777,3155,0,42 43,1,5,,37774,3155,0,42 43,1,93,,37781,3155,0,42 43,1,30,,37791,3155,0,42 43,1,71,,37778,3155,0,42 43,1,26,,37776,3155,0,42 43,1,71,,37793,3155,0,42 43,1,31,,37795,3155,0,42 43,1,71,,37767,3155,0,42 43,1,30,,37779,3155,0,42 43,1,76,,37766,3155,0,42 43,1,28,,37792,3155,0,42 43,1,70,,37786,3155,0,42 43,1,30,,37769,3155,0,42 43,1,70,,37794,3155,0,42 43,1,100,,37771,3155,0,42 43,1,100,,37796,3155,0,42 43,1,99,,37772,3155,0,42 43,1,100,,37797,3155,0,42 43,1
17000,'F7',548,,38871,5783,0,46,2,70,,38875,5783,0,46,2,31,,38872,5783,0,46,2,70,,38876,5783,0,46,2,30,,38873,5783,0,46,2,73,,38877,5783,0,46,2,28,,38874,5783,0,46,2,691,,38878,5783,0,46,2,70,,38882,5783,0,46,2,30,,38879,5783,0,46,2,70,,38883,5783,0,46,2,30,,38880,5783,0,46,2,70,,38884,5783,0,46,2,30,,38881,5783,0,46,2
17000,'SE',548,,38885,5783,0,46,2,70,,38889,5783,0,46,2,31,,38886,5783,0,46,2,70,,38890,5783,0,46,2,30,,38887,5783,0,46,2,73,,38891,5783,0,46,2,28,,38888,5783,0,46,2,691,,38892,5783,0,46,2,70,,38896,5783,0,46,2,30,,38893,5783,0,46,2,70,,38897,5783,0,46,2,30,,38894,5783,0,46,2,70,,38898,5783,0,46,2,30,,38895,5783,0,46,2
