2000,'DI',626,,5579,10040,,,2,100,,5573,10040,,,2,100,,5569,10040,,,2,100,,5580,10040,,,2,100,,5574,10040,,,2,97,,5570,10040,,,2,103,,5571,10040,,,2,100,,5575,10040,,,2,100,,5581,10040,,,2,100,,5572,10040,,,2,97,,5576,10040,,,2,103,,5577,10040,,,2,100,,5584,10040,,,2,100,,5568,10040,,,2,100,,5582,10040,,,2,100,,5578,10040,,,2,100,,5567,10040,,,2,100,,5566,10040,,,2,100,,5583,10040,,,2
2000,'F1',629,,5603,10040,,,2,100,,5592,10040,,,2,100,,5599,10040,,,2,100,,5596,10040,,,2,100,,5595,10040,,,2,100,,5604,10040,,,2,100,,5597,10040,,,2,100,,5587,10040,,,2,100,,5593,10040,,,2,100,,5598,10040,,,2,96,,5600,10040,,,2,104,,5601,10040,,,2,104,,5602,10040,,,2,96,,5588,10040,,,2,100,,5594,10040,,,2,100,,5585,10040,,,2,100,,5589,10040,,,2,100,,5586,10040,,,2,100,,5591,10040,,,2,100,,5590,10040,,,2
2000,'F7',626,,5618,10040,,,2,100,,5612,10040,,,2,100,,5608,10040,,,2,100,,5619,10040,,,2,100,,5613,10040,,,2,97,,5609,10040,,,2,103,,5610,10040,,,2,100,,5614,10040,,,2,100,,5620,10040,,,2,100,,5611,10040,,,2,97,,5615,10040,,,2,103,,5616,10040,,,2,100,,5623,10040,,,2,100,,5607,10040,,,2,100,,5621,10040,,,2,100,,5617,10040,,,2,100,,5606,10040,,,2,100,,5605,10040,,,2,100,,5622,10040,,,2
2000,'F8',548,,5654,10040,,,2,60,,5664,10040,,,2,24,,5655,10040,,,2,71,,5629,10040,,,2,14,,5671,9450,,,2,9,,5666,9450,,,2,8,,5667,9450,,,2,10,,5670,9450,,,2,11,,5672,9450,,,2,46,,5665,9450,,,2,14,,5668,9450,,,2,32,,5673,9450,,,2,71,,5669,9450,,,2,29,,5626,10040,,,2,71,,5630,10040,,,2,30,,5633,10040,,,2,70,,5624,10040,,,2,30,,5657,10040,,,2,70,,5646,10040,,,2,30,,5634,10040,,,2,70,,5650,10040,,,2,30,,5656,10040,,,2,70,,5663,10040,,,2,30,,5635,10040,,,2,70,,5631,10040,,,2,21,,5662,10040,,,2,17,,5645,10040,,,2,55,,5660,10040,,,2,15,,5649,10040,,,2,15,,5643,10040,,,2,17,,5652,10040,,,2,51,,5647,10040,,,2,13,,5641,10040,,,2,10,,5638,10040,,,2,12,,5658,10040,,,2,13,,5644,10040,,,2,51,,5628,10040,,,2,14,,5636,10040,,,2,13,,5642,10040,,,2,15,,5639,10040,,,2,68,,5648,10040,,,2,30,,5653,10040,,,2,70,,5632,10040,,,2,30,,5627,10040,,,2,70,,5659,10040,,,2,30,,5637,10040,,,2,100,,5640,10040,,,2,100,,5651,10040,,,2,100,,5625,10040,,,2,100,,5661,10040,,,2
2000,'F9',629,,5692,10040,,,2,100,,5681,10040,,,2,100,,5688,10040,,,2,100,,5685,10040,,,2,100,,5684,10040,,,2,100,,5693,10040,,,2,100,,5686,10040,,,2,100,,5676,10040,,,2,100,,5682,10040,,,2,100,,5687,10040,,,2,96,,5689,10040,,,2,104,,5690,10040,,,2,104,,5691,10040,,,2,96,,5677,10040,,,2,100,,5683,10040,,,2,100,,5674,10040,,,2,100,,5678,10040,,,2,100,,5675,10040,,,2,100,,5680,10040,,,2,100,,5679,10040,,,2
2000,'SA',629,,5712,10040,,,2,100,,5701,10040,,,2,100,,5708,10040,,,2,100,,5705,10040,,,2,100,,5704,10040,,,2,100,,5713,10040,,,2,100,,5706,10040,,,2,100,,5696,10040,,,2,100,,5702,10040,,,2,100,,5707,10040,,,2,96,,5709,10040,,,2,104,,5710,10040,,,2,104,,5711,10040,,,2,96,,5697,10040,,,2,100,,5703,10040,,,2,100,,5694,10040,,,2,100,,5698,10040,,,2,100,,5695,10040,,,2,100,,5700,10040,,,2,100,,5699,10040,,,2
2000,'SE',548,,5744,10040,,,2,60,,5754,10040,,,2,24,,5745,10040,,,2,71,,5719,10040,,,2,14,,5761,9450,,,2,9,,5756,9450,,,2,8,,5757,9450,,,2,10,,5760,9450,,,2,11,,5762,9450,,,2,46,,5755,9450,,,2,14,,5758,9450,,,2,32,,5763,9450,,,2,71,,5759,9450,,,2,29,,5716,10040,,,2,71,,5720,10040,,,2,30,,5723,10040,,,2,70,,5714,10040,,,2,30,,5747,10040,,,2,70,,5736,10040,,,2,30,,5724,10040,,,2,70,,5740,10040,,,2,30,,5746,10040,,,2,70,,5753,10040,,,2,30,,5725,10040,,,2,70,,5721,10040,,,2,21,,5752,10040,,,2,17,,5735,10040,,,2,55,,5750,10040,,,2,15,,5739,10040,,,2,15,,5733,10040,,,2,17,,5742,10040,,,2,51,,5737,10040,,,2,13,,5731,10040,,,2,10,,5728,10040,,,2,12,,5748,10040,,,2,13,,5734,10040,,,2,51,,5718,10040,,,2,14,,5726,10040,,,2,13,,5732,10040,,,2,15,,5729,10040,,,2,68,,5738,10040,,,2,30,,5743,10040,,,2,70,,5722,10040,,,2,30,,5717,10040,,,2,70,,5749,10040,,,2,30,,5727,10040,,,2,100,,5730,10040,,,2,100,,5741,10040,,,2,100,,5715,10040,,,2,100,,5751,10040,,,2
57001,'F8',823,,18836,3783,,,2
57001,'SE',823,,18837,3783,,,2
67301,'F8',730,,18986,1890,,,2
67301,'SE',730,,18987,1890,,,2
