3200,'DI',612,,28441,6963,0,44,2,101,,28442,6963,0,44,2,99,,28443,6963,0,44,2,102,,28444,6963,0,44,2,100,,28447,6963,0,44,2,100,,28449,6963,0,44,2,101,,28445,6963,0,44,2,101,,28451,6963,0,44,2,98,,28450,6963,0,44,2,104,,28453,6963,0,44,2,96,,28452,6963,0,44,2,101,,28455,6963,0,44,2,100,,28454,6963,0,44,2,100,,28448,6963,0,44,2,100,,28439,6963,0,44,2,100,,28456,6963,0,44,2,100,,28458,6963,0,44,2,100,,28446,6963,0,44,2,100,,28457,6963,0,44,2,99,,28440,6963,0,44,2
3200,'F1',612,,28459,6963,0,44,2,101,,28460,6963,0,44,2,96,,28461,6963,0,44,2,103,,28462,6963,0,44,2,101,,28468,6963,0,44,2,101,,28476,6963,0,44,2,99,,28475,6963,0,44,2,104,,28478,6963,0,44,2,102,,28477,6963,0,44,2,97,,28463,6963,0,44,2,98,,28465,6963,0,44,2,101,,28469,6963,0,44,2,100,,28464,6963,0,44,2,100,,28466,6963,0,44,2,100,,28470,6963,0,44,2,100,,28471,6963,0,44,2,100,,28473,6963,0,44,2,100,,28474,6963,0,44,2,100,,28472,6963,0,44,2,99,,28467,6963,0,44,2
3200,'F2',612,,28480,6963,0,44,2,101,,28481,6963,0,44,2,96,,28482,6963,0,44,2,103,,28483,6963,0,44,2,101,,28489,6963,0,44,2,101,,28484,6963,0,44,2,99,,28498,6963,0,44,2,104,,28490,6963,0,44,2,102,,28485,6963,0,44,2,97,,28486,6963,0,44,2,98,,28491,6963,0,44,2,101,,28492,6963,0,44,2,100,,28487,6963,0,44,2,100,,28494,6963,0,44,2,100,,28493,6963,0,44,2,100,,28495,6963,0,44,2,100,,28497,6963,0,44,2,100,,28496,6963,0,44,2,100,,28488,6963,0,44,2,99,,28479,6963,0,44,2
3200,'F7',625,,28521,6963,,,2,32,,28517,6963,,,2,63,,28515,6963,,,2,32,,28520,6963,,,2,76,,28513,6963,,,2,19,,28501,6963,0,44,2,96,,28508,6963,0,44,2,100,,28509,6963,0,44,2,100,,28512,6963,0,44,2,100,,28500,6963,0,44,2,100,,28511,6963,0,44,2,104,,28502,6963,0,44,2,107,,28516,6963,,,2,68,,28519,6963,,,2,30,,28523,6963,,,2,70,,28522,6963,,,2,25,,28518,6963,,,2,74,,28524,6963,,,2,25,,28514,6963,,,2,73,,28503,6963,0,44,2,30,,28510,6963,0,44,2,100,,28506,6963,0,44,2,99,,28507,6963,0,44,2,100,,28499,6963,0,44,2,98,,28504,6963,0,44,2,101,,28505,6963,0,44,2
3200,'F8',612,,28526,6963,0,44,2,101,,28527,6963,0,44,2,96,,28528,6963,0,44,2,103,,28529,6963,0,44,2,101,,28535,6963,0,44,2,101,,28530,6963,0,44,2,99,,28544,6963,0,44,2,104,,28536,6963,0,44,2,102,,28531,6963,0,44,2,97,,28532,6963,0,44,2,98,,28537,6963,0,44,2,101,,28538,6963,0,44,2,100,,28533,6963,0,44,2,100,,28540,6963,0,44,2,100,,28539,6963,0,44,2,100,,28541,6963,0,44,2,100,,28543,6963,0,44,2,100,,28542,6963,0,44,2,100,,28534,6963,0,44,2,99,,28525,6963,0,44,2
3200,'F9',612,,28547,6963,0,44,2,101,,28548,6963,0,44,2,99,,28549,6963,0,44,2,102,,28550,6963,0,44,2,100,,28553,6963,0,44,2,100,,28555,6963,0,44,2,101,,28551,6963,0,44,2,101,,28557,6963,0,44,2,98,,28556,6963,0,44,2,104,,28559,6963,0,44,2,96,,28558,6963,0,44,2,101,,28561,6963,0,44,2,100,,28560,6963,0,44,2,100,,28554,6963,0,44,2,100,,28545,6963,0,44,2,100,,28562,6963,0,44,2,100,,28564,6963,0,44,2,100,,28552,6963,0,44,2,100,,28563,6963,0,44,2,99,,28546,6963,0,44,2
3200,'SA',612,,28566,6963,0,44,2,101,,28567,6963,0,44,2,96,,28568,6963,0,44,2,103,,28569,6963,0,44,2,101,,28575,6963,0,44,2,101,,28570,6963,0,44,2,99,,28584,6963,0,44,2,104,,28576,6963,0,44,2,102,,28571,6963,0,44,2,97,,28572,6963,0,44,2,98,,28577,6963,0,44,2,101,,28578,6963,0,44,2,100,,28573,6963,0,44,2,100,,28580,6963,0,44,2,100,,28579,6963,0,44,2,100,,28581,6963,0,44,2,100,,28583,6963,0,44,2,100,,28582,6963,0,44,2,100,,28574,6963,0,44,2,99,,28565,6963,0,44,2
3200,'SE',625,,28606,6963,,,2,32,,28602,6963,,,2,63,,28600,6963,,,2,32,,28605,6963,,,2,76,,28598,6963,,,2,19,,28587,6963,0,44,2,96,,28594,6963,0,44,2,100,,28595,6963,0,44,2,100,,28597,6963,0,44,2,100,,28586,6963,0,44,2,100,,7688,6963,0,44,2,104,,28588,6963,0,44,2,107,,28601,6963,,,2,68,,28604,6963,,,2,30,,28608,6963,,,2,70,,28607,6963,,,2,25,,28603,6963,,,2,74,,28609,6963,,,2,25,,28599,6963,,,2,73,,28589,6963,0,44,2,30,,28596,6963,0,44,2,100,,28592,6963,0,44,2,99,,28593,6963,0,44,2,100,,28585,6963,0,44,2,98,,28590,6963,0,44,2,101,,28591,6963,0,44,2
13200,'DI',842,,38037,5640,0,21 45,2,100,,38042,5640,0,21 45,2,100,,38038,5640,0,21 45,2,100,,38040,5640,0,21 45,2,100,,38043,5640,0,21 45,2,100,,38046,5640,0,21 45,2,100,,38044,5640,0,21 45,2,105,,38048,5640,0,21 45,2,95,,38047,5640,0,21 45,2,100,,38045,5640,0,21 45,2,102,,38049,5640,0,21 45,2,98,,38050,5640,0,21 45,2,100,,38041,5640,0,21 45,2,100,,38036,5640,0,21 45,2,100,,38051,5640,0,21 45,2,100,,38053,5640,0,21 45,2,100,,38039,5640,0,21 45,2,100,,38052,5640,0,21 45,2
13200,'F1',742,,38068,5640,0,21 45,2,100,,38057,5640,0,21 45,2,100,,38069,5640,0,21 45,2,103,,38054,5640,0,21 45,2,97,,38058,5640,0,21 45,2,104,,38070,5640,0,21 45,2,96,,38067,5640,0,21 45,2,104,,38071,5640,0,21 45,2,96,,38059,5640,0,21 45,2,100,,38055,5640,0,21 45,2,100,,38056,5640,0,21 45,2,102,,38060,5640,0,21 45,2,98,,38061,5640,0,21 45,2,100,,16308,5640,0,21 45,2,100,,38065,5640,0,21 45,2,100,,38062,5640,0,21 45,2,100,,38064,5640,0,21 45,2,100,,38066,5640,0,21 45,2,100,,38063,5640,0,21 45,2
13200,'F2',742,,38090,5640,0,21 45,2,100,,38077,5640,0,21 45,2,100,,38072,5640,0,21 45,2,103,,38073,5640,0,21 45,2,97,,38078,5640,0,21 45,2,104,,38074,5640,0,21 45,2,96,,38089,5640,0,21 45,2,104,,38079,5640,0,21 45,2,96,,38081,5640,0,21 45,2,100,,38075,5640,0,21 45,2,100,,38080,5640,0,21 45,2,102,,38082,5640,0,21 45,2,98,,38084,5640,0,21 45,2,100,,38083,5640,0,21 45,2,100,,38086,5640,0,21 45,2,100,,38085,5640,0,21 45,2,100,,38088,5640,0,21 45,2,100,,38087,5640,0,21 45,2,100,,38076,5640,0,21 45,2
13200,'F7',650,,38101,5640,0,21 45,2,61,,38104,5640,0,21 45,2,11,,38092,5640,0,21 45,2,9,,38103,5640,0,21 45,2,4,,38096,5640,0,21 45,2,22,,38097,5640,0,21 45,2,58,,38102,5640,0,21 45,2,20,,38105,5640,0,21 45,2,79,,38098,5640,0,21 45,2,97,,38116,5640,0,21 45,2,99,,38114,5640,0,21 45,2,96,,38115,5640,0,21 45,2,100,,38106,5640,0,21 45,2,108,,38107,5640,0,21 45,2,95,,38099,5640,0,21 45,2,24,,38108,5640,0,21 45,2,20,,38111,5640,0,21 45,2,60,,38094,5640,0,21 45,2,22,,38100,5640,0,21 45,2,20,,38093,5640,0,21 45,2,60,,38109,5640,0,21 45,2,20,,38091,5640,0,21 45,2,21,,38095,5640,0,21 45,2,59,,38113,5640,0,21 45,2,19,,38110,5640,0,21 45,2,19,,38112,5640,0,21 45,2
13200,'F8',742,,38135,5640,0,21 45,2,100,,38122,5640,0,21 45,2,100,,38117,5640,0,21 45,2,103,,38118,5640,0,21 45,2,97,,38123,5640,0,21 45,2,104,,38119,5640,0,21 45,2,96,,38134,5640,0,21 45,2,104,,38124,5640,0,21 45,2,96,,38126,5640,0,21 45,2,100,,38120,5640,0,21 45,2,100,,38125,5640,0,21 45,2,102,,38127,5640,0,21 45,2,98,,38129,5640,0,21 45,2,100,,38128,5640,0,21 45,2,100,,38131,5640,0,21 45,2,100,,38130,5640,0,21 45,2,100,,38133,5640,0,21 45,2,100,,38132,5640,0,21 45,2,100,,38121,5640,0,21 45,2
13200,'F9',842,,38137,5640,0,21 45,2,100,,38142,5640,0,21 45,2,100,,38138,5640,0,21 45,2,100,,38140,5640,0,21 45,2,100,,38143,5640,0,21 45,2,100,,38146,5640,0,21 45,2,100,,38144,5640,0,21 45,2,105,,38148,5640,0,21 45,2,95,,38147,5640,0,21 45,2,100,,38145,5640,0,21 45,2,102,,38149,5640,0,21 45,2,98,,38150,5640,0,21 45,2,100,,38141,5640,0,21 45,2,100,,38136,5640,0,21 45,2,100,,38151,5640,0,21 45,2,100,,38153,5640,0,21 45,2,100,,38139,5640,0,21 45,2,100,,38152,5640,0,21 45,2
13200,'SA',742,,38172,5640,0,21 45,2,100,,38159,5640,0,21 45,2,100,,38154,5640,0,21 45,2,103,,38155,5640,0,21 45,2,97,,38160,5640,0,21 45,2,104,,38156,5640,0,21 45,2,96,,38171,5640,0,21 45,2,104,,38161,5640,0,21 45,2,96,,38163,5640,0,21 45,2,100,,38157,5640,0,21 45,2,100,,38162,5640,0,21 45,2,102,,38164,5640,0,21 45,2,98,,38166,5640,0,21 45,2,100,,38165,5640,0,21 45,2,100,,38168,5640,0,21 45,2,100,,38167,5640,0,21 45,2,100,,38170,5640,0,21 45,2,100,,38169,5640,0,21 45,2,100,,38158,5640,0,21 45,2
13200,'SE',650,,38182,5640,0,21 45,2,61,,38185,5640,0,21 45,2,11,,38174,5640,0,21 45,2,9,,38184,5640,0,21 45,2,4,,38178,5640,0,21 45,2,22,,38179,5640,0,21 45,2,58,,38183,5640,0,21 45,2,20,,38186,5640,0,21 45,2,79,,16412,5640,0,21 45,2,97,,38196,5640,0,21 45,2,99,,16418,5640,0,21 45,2,96,,38195,5640,0,21 45,2,100,,38187,5640,0,21 45,2,108,,38188,5640,0,21 45,2,95,,38180,5640,0,21 45,2,24,,38189,5640,0,21 45,2,20,,38192,5640,0,21 45,2,60,,38176,5640,0,21 45,2,22,,38181,5640,0,21 45,2,20,,38175,5640,0,21 45,2,60,,38190,5640,0,21 45,2,20,,38173,5640,0,21 45,2,21,,38177,5640,0,21 45,2,59,,38194,5640,0,21 45,2,19,,38191,5640,0,21 45,2,19,,38193,5640,0,21 45,2
52100,'F7',1636,,40638,6706,,,2
52100,'SE',1636,,40639,6706,,,2
54001,'F7',906,,40688,1117,,,2
54001,'SE',906,,40689,1117,,,2
