8800,'DI',736,,36639,14026,,,1,70,,36644,14026,,,1,30,,36650,14026,,,1,70,,36659,14026,,,1,30,,36640,14026,,,1,70,,36645,14026,,,1,33,,36651,14026,,,1,70,,36660,14026,,,1,30,,36641,14026,,,1,70,,36646,14026,,,1,31,,36652,14026,,,1,70,,36661,14026,,,1,30,,36642,14026,,,1,70,,36647,14026,,,1,30,,36653,14026,,,1,70,,15002,14026,,,1,30,,36654,14026,,,1,70,,36648,14026,,,1,30,,36662,14026,,,1,70,,15003,14026,,,1,30,,36655,14026,,,1,67,,36649,14026,,,1,30,,36663,14026,,,1,100,,36656,14026,,,1,100,,36664,14026,,,1,100,,36657,14026,,,1,100,,36665,14026,,,1,97,,36658,14026,,,1,100,,36638,14026,,,1,100,,36643,14026,,,1
8800,'F1',736,,36672,14026,,,1,70,,15061,14026,,,1,31,,36685,14026,,,1,70,,36676,14026,,,1,31,,36673,14026,,,1,70,,15062,14026,,,1,32,,36686,14026,,,1,70,,36677,14026,,,1,30,,15046,14026,,,1,70,,36681,14026,,,1,30,,36687,14026,,,1,70,,36678,14026,,,1,30,,15047,14026,,,1,70,,36682,14026,,,1,30,,36688,14026,,,1,70,,36668,14026,,,1,30,,15048,14026,,,1,70,,36683,14026,,,1,30,,36689,14026,,,1,70,,36669,14026,,,1,31,,36690,14026,,,1,69,,36684,14026,,,1,31,,36679,14026,,,1,69,,36670,14026,,,1,30,,36674,14026,,,1,100,,36680,14026,,,1,98,,36675,14026,,,1,97,,36667,14026,,,1,100,,36666,14026,,,1,100,,36671,14026,,,1,100,,15032,14026,,,1
8800,'F2',736,,36694,14026,,,1,70,,36719,14026,,,1,31,,36715,14026,,,1,70,,36706,14026,,,1,31,,36699,14026,,,1,70,,36720,14026,,,1,32,,36716,14026,,,1,70,,36707,14026,,,1,30,,36700,14026,,,1,70,,36711,14026,,,1,30,,36696,14026,,,1,70,,36708,14026,,,1,30,,36701,14026,,,1,70,,36712,14026,,,1,30,,36697,14026,,,1,70,,36691,14026,,,1,30,,36702,14026,,,1,70,,36713,14026,,,1,30,,36698,14026,,,1,70,,36692,14026,,,1,31,,36721,14026,,,1,69,,36714,14026,,,1,31,,36709,14026,,,1,69,,36693,14026,,,1,30,,36703,14026,,,1,100,,36710,14026,,,1,98,,36704,14026,,,1,97,,36718,14026,,,1,100,,36705,14026,,,1,100,,36717,14026,,,1,100,,36695,14026,,,1
8800,'F7',703,,36728,14026,,,1,41,,36732,14026,,,1,2,,36737,14026,,,1,59,,36767,14026,,,1,15,,36768,14026,,,1,14,,36734,14026,,,1,15,,36769,14026,,,1,55,,36735,14026,,,1,13,,36736,14026,,,1,29,,36757,14026,,,1,70,,36733,14026,,,1,30,,36731,14026,,,1,70,,36755,14026,,,1,32,,36758,14026,,,1,70,,36724,14026,,,1,30,,36722,14026,,,1,70,,36759,14026,,,1,30,,36725,14026,,,1,70,,36756,14026,,,1,34,,36771,14026,,,1,4,,36746,14026,,,1,70,,36760,14026,,,1,17,,36762,14026,,,1,16,,36764,14026,,,1,55,,36726,14026,,,1,15,,36738,14026,,,1,15,,36770,14026,,,1,15,,36743,14026,,,1,53,,36747,14026,,,1,10,,36723,14026,,,1,12,,36750,14026,,,1,12,,36740,14026,,,1,11,,36745,14026,,,1,51,,36730,14026,,,1,11,,36765,14026,,,1,12,,36727,14026,,,1,12,,36739,14026,,,1,7,,36763,14026,,,1,59,,36744,14026,,,1,15,,36748,14026,,,1,22,,36741,14026,,,1,68,,36766,14026,,,1,30,,36761,14026,,,1,68,,36749,14026,,,1,30,,36742,14026,,,1,70,,36729,14026,,,1,30,,36753,14026,,,1,100,,36751,14026,,,1,99,,36754,14026,,,1,94,,36752,14026,,,1
8800,'F8',736,,36775,14026,,,1,70,,36800,14026,,,1,31,,36796,14026,,,1,70,,36787,14026,,,1,31,,36780,14026,,,1,70,,36801,14026,,,1,32,,36797,14026,,,1,70,,36788,14026,,,1,30,,36781,14026,,,1,70,,36792,14026,,,1,30,,36777,14026,,,1,70,,36789,14026,,,1,30,,36782,14026,,,1,70,,36793,14026,,,1,30,,36778,14026,,,1,70,,36772,14026,,,1,30,,36783,14026,,,1,70,,36794,14026,,,1,30,,36779,14026,,,1,70,,36773,14026,,,1,31,,36802,14026,,,1,69,,36795,14026,,,1,31,,36790,14026,,,1,69,,36774,14026,,,1,30,,36784,14026,,,1,100,,36791,14026,,,1,98,,36785,14026,,,1,97,,36799,14026,,,1,100,,36786,14026,,,1,100,,36798,14026,,,1,100,,36776,14026,,,1
8800,'F9',736,,36806,14026,,,1,70,,36811,14026,,,1,30,,36817,14026,,,1,70,,36826,14026,,,1,30,,36807,14026,,,1,70,,36812,14026,,,1,33,,36818,14026,,,1,70,,36827,14026,,,1,30,,36808,14026,,,1,70,,36813,14026,,,1,31,,36819,14026,,,1,70,,36828,14026,,,1,30,,36809,14026,,,1,70,,36814,14026,,,1,30,,36820,14026,,,1,70,,36803,14026,,,1,30,,36821,14026,,,1,70,,36815,14026,,,1,30,,36829,14026,,,1,70,,36804,14026,,,1,30,,36822,14026,,,1,67,,36816,14026,,,1,30,,36830,14026,,,1,100,,36823,14026,,,1,100,,36831,14026,,,1,100,,36824,14026,,,1,100,,36832,14026,,,1,97,,36825,14026,,,1,100,,36805,14026,,,1,100,,36810,14026,,,1
8800,'SA',736,,36836,14026,,,1,70,,36860,14026,,,1,31,,36857,14026,,,1,70,,36848,14026,,,1,31,,36841,14026,,,1,70,,36861,14026,,,1,32,,36858,14026,,,1,70,,36849,14026,,,1,30,,36842,14026,,,1,70,,36853,14026,,,1,30,,36838,14026,,,1,70,,36850,14026,,,1,30,,36843,14026,,,1,70,,36854,14026,,,1,30,,36839,14026,,,1,70,,36833,14026,,,1,30,,36844,14026,,,1,70,,36855,14026,,,1,30,,36840,14026,,,1,70,,36834,14026,,,1,31,,36862,14026,,,1,69,,36856,14026,,,1,31,,36851,14026,,,1,69,,36835,14026,,,1,30,,36845,14026,,,1,100,,36852,14026,,,1,98,,36846,14026,,,1,97,,15203,14026,,,1,100,,36847,14026,,,1,100,,36859,14026,,,1,100,,36837,14026,,,1
8800,'SE',703,,36869,14026,,,1,41,,36873,14026,,,1,2,,36877,14026,,,1,59,,36905,14026,,,1,15,,36906,14026,,,1,14,,15219,14026,,,1,15,,36907,14026,,,1,55,,36875,14026,,,1,13,,36876,14026,,,1,29,,36895,14026,,,1,70,,36874,14026,,,1,30,,36872,14026,,,1,70,,36893,14026,,,1,32,,36896,14026,,,1,70,,36865,14026,,,1,30,,36863,14026,,,1,70,,36897,14026,,,1,30,,36866,14026,,,1,70,,36894,14026,,,1,34,,36909,14026,,,1,4,,36886,14026,,,1,70,,36898,14026,,,1,17,,36900,14026,,,1,16,,36902,14026,,,1,55,,36867,14026,,,1,15,,36878,14026,,,1,15,,36908,14026,,,1,15,,36883,14026,,,1,53,,36887,14026,,,1,10,,36864,14026,,,1,12,,36888,14026,,,1,12,,36880,14026,,,1,11,,36885,14026,,,1,51,,36871,14026,,,1,11,,36903,14026,,,1,12,,36868,14026,,,1,12,,36879,14026,,,1,7,,36901,14026,,,1,59,,36884,14026,,,1,15,,15235,14026,,,1,22,,36881,14026,,,1,68,,36904,14026,,,1,30,,36899,14026,,,1,68,,15236,14026,,,1,30,,36882,14026,,,1,70,,36870,14026,,,1,30,,36891,14026,,,1,100,,36889,14026,,,1,99,,36892,14026,,,1,94,,36890,14026,,,1
50500,'F7',1632,,40630,7146,,,2
50500,'SE',1632,,40631,7146,,,2
