301,'DI',617,,698,3556,,,1,100,,687,3556,,,1,100,,699,3556,,,1,100,,688,3556,,,1,100,,700,3556,,,1,100,,689,3556,,,1,100,,701,3556,,,1,100,,690,3556,,,1,100,,702,3556,,,1,100,,703,3556,,,1,100,,704,3556,,,1,100,,705,3556,,,1,100,,706,3556,,,1,100,,691,3556,,,1,100,,692,3556,,,1,100,,693,3556,,,1,100,,694,3556,,,1,100,,695,3556,,,1,100,,696,3556,,,1
301,'F1',547,,707,3556,,,1,70,,727,3556,,,1,30,,708,3556,,,1,70,,732,3556,,,1,30,,709,3556,,,1,70,,734,3556,,,1,30,,710,3556,,,1,70,,733,3556,,,1,30,,711,3556,,,1,70,,728,3556,,,1,30,,712,3556,,,1,70,,729,3556,,,1,30,,713,3556,,,1,70,,737,3556,,,1,30,,714,3556,,,1,70,,735,3556,,,1,30,,715,3556,,,1,70,,738,3556,,,1,30,,716,3556,,,1,70,,736,3556,,,1,30,,717,3556,,,1,70,,730,3556,,,1,30,,718,3556,,,1,70,,731,3556,,,1,30,,719,3556,,,1,70,,740,3556,,,1,100,,721,3556,,,1,100,,722,3556,,,1,100,,723,3556,,,1,100,,724,3556,,,1,100,,725,3556,,,1,100,,739,3556,,,1
301,'F7',617,,752,3556,,,1,100,,741,3556,,,1,100,,753,3556,,,1,100,,742,3556,,,1,100,,754,3556,,,1,100,,743,3556,,,1,100,,755,3556,,,1,100,,744,3556,,,1,100,,756,3556,,,1,100,,757,3556,,,1,100,,758,3556,,,1,100,,759,3556,,,1,100,,760,3556,,,1,100,,745,3556,,,1,100,,746,3556,,,1,100,,747,3556,,,1,100,,748,3556,,,1,100,,749,3556,,,1,100,,750,3556,,,1
301,'F8',505,,776,3556,,,1,30,,777,3556,,,1,72,,799,3556,,,1,24,,793,3556,,,1,20,,788,3556,,,1,60,,800,3556,,,1,20,,797,3556,,,1,17,,789,3556,,,1,63,,791,3556,,,1,21,,798,3556,,,1,20,,790,3556,,,1,68,,771,3556,,,1,30,,774,3556,,,1,70,,770,3556,,,1,30,,775,3556,,,1,70,,761,3556,,,1,30,,765,3556,,,1,70,,762,3556,,,1,30,,766,3556,,,1,70,,763,3556,,,1,30,,767,3556,,,1,70,,764,3556,,,1,30,,792,3556,,,1,72,,786,3556,,,1,79,,804,3556,,,1,44,,796,3556,,,1,81,,802,3556,,,1,78,,803,3556,,,1,49,,783,3556,,,1,67,,778,3556,,,1,28,,768,3556,,,1,70,,779,3556,,,1,30,,769,3556,,,1,70,,780,3556,,,1,30,,784,3556,,,1,70,,781,3556,,,1,100,,782,3556,,,1,100,,772,3556,,,1
301,'F9',547,,805,3556,,,1,70,,825,3556,,,1,30,,806,3556,,,1,70,,830,3556,,,1,30,,807,3556,,,1,70,,832,3556,,,1,30,,808,3556,,,1,70,,831,3556,,,1,30,,809,3556,,,1,70,,826,3556,,,1,30,,810,3556,,,1,70,,827,3556,,,1,30,,811,3556,,,1,70,,835,3556,,,1,30,,812,3556,,,1,70,,833,3556,,,1,30,,813,3556,,,1,70,,836,3556,,,1,30,,814,3556,,,1,70,,834,3556,,,1,30,,815,3556,,,1,70,,828,3556,,,1,30,,816,3556,,,1,70,,829,3556,,,1,30,,817,3556,,,1,70,,838,3556,,,1,100,,819,3556,,,1,100,,820,3556,,,1,100,,821,3556,,,1,100,,822,3556,,,1,100,,823,3556,,,1,100,,837,3556,,,1
301,'SA',547,,839,3556,,,1,70,,859,3556,,,1,30,,840,3556,,,1,70,,864,3556,,,1,30,,841,3556,,,1,70,,866,3556,,,1,30,,842,3556,,,1,70,,865,3556,,,1,30,,843,3556,,,1,70,,860,3556,,,1,30,,844,3556,,,1,70,,861,3556,,,1,30,,845,3556,,,1,70,,869,3556,,,1,30,,846,3556,,,1,70,,867,3556,,,1,30,,847,3556,,,1,70,,870,3556,,,1,30,,848,3556,,,1,70,,868,3556,,,1,30,,849,3556,,,1,70,,862,3556,,,1,30,,850,3556,,,1,70,,863,3556,,,1,30,,851,3556,,,1,70,,872,3556,,,1,100,,853,3556,,,1,100,,854,3556,,,1,100,,855,3556,,,1,100,,856,3556,,,1,100,,857,3556,,,1,100,,871,3556,,,1
301,'SE',505,,888,3556,,,1,30,,889,3556,,,1,72,,911,3556,,,1,24,,905,3556,,,1,20,,900,3556,,,1,60,,912,3556,,,1,20,,909,3556,,,1,17,,901,3556,,,1,63,,903,3556,,,1,21,,910,3556,,,1,20,,902,3556,,,1,68,,883,3556,,,1,30,,886,3556,,,1,70,,882,3556,,,1,30,,887,3556,,,1,70,,873,3556,,,1,30,,877,3556,,,1,70,,874,3556,,,1,30,,878,3556,,,1,70,,875,3556,,,1,30,,879,3556,,,1,70,,876,3556,,,1,30,,904,3556,,,1,72,,898,3556,,,1,79,,916,3556,,,1,44,,908,3556,,,1,81,,914,3556,,,1,78,,915,3556,,,1,49,,895,3556,,,1,67,,890,3556,,,1,28,,880,3556,,,1,70,,891,3556,,,1,30,,881,3556,,,1,70,,892,3556,,,1,30,,896,3556,,,1,70,,893,3556,,,1,100,,894,3556,,,1,100,,884,3556,,,1
50300,'F8',1631,,18734,5649,,,2
50300,'SE',1631,,18735,5649,,,2
60101,'F8',844,,18852,4291,,,2
60101,'SE',844,,18853,4291,,,2
