4701,'DI',652,,9596,3236,,,1,100,,9587,3236,,,1,100,,9598,3236,,,1,100,,9588,3236,,,1,100,,9599,3236,,,1,100,,9589,3236,,,1,100,,9584,3236,,,1,100,,9590,3236,,,1,104,,9583,3236,,,1,91,,9591,3236,,,1,108,,9592,3236,,,1,102,,9593,3236,,,1,95,,9597,3236,,,1,96,,9585,3236,,,1,100,,9600,3236,,,1,100,,9594,3236,,,1,100,,9586,3236,,,1,100,,9601,3236,,,1,100,,9595,3236,,,1
4701,'F1',652,,9617,3236,,,1,103,,9607,3236,,,1,101,,9614,3236,,,1,96,,9605,3236,,,1,96,,9608,3236,,,1,104,,9606,3236,,,1,100,,9615,3236,,,1,100,,9603,3236,,,1,95,,9616,3236,,,1,104,,9618,3236,,,1,100,,9604,3236,,,1,101,,9609,3236,,,1,100,,9612,3236,,,1,96,,9602,3236,,,1,100,,9613,3236,,,1,100,,9610,3236,,,1,100,,9611,3236,,,1,100,,9619,3236,,,1,100,,9620,3236,,,1,100,,9621,3236,,,1
4701,'F7',652,,9635,3236,,,1,100,,9626,3236,,,1,100,,9637,3236,,,1,100,,9627,3236,,,1,100,,9638,3236,,,1,100,,9628,3236,,,1,100,,9623,3236,,,1,100,,9629,3236,,,1,104,,9622,3236,,,1,91,,9630,3236,,,1,108,,9631,3236,,,1,102,,9632,3236,,,1,95,,9636,3236,,,1,96,,9624,3236,,,1,100,,9639,3236,,,1,100,,9633,3236,,,1,100,,9625,3236,,,1,100,,9640,3236,,,1,100,,9634,3236,,,1
4701,'F8',611,,9652,3236,,,1,30,,9641,3236,,,1,60,,9651,3236,,,1,15,,9673,3236,,,1,15,,9653,3236,,,1,15,,9675,3236,,,1,55,,9649,3236,,,1,15,,9659,3236,,,1,18,,9648,3236,,,1,20,,9642,3236,,,1,60,,9677,3236,,,1,20,,9654,3236,,,1,70,,9643,3236,,,1,30,,9661,3236,,,1,70,,9656,3236,,,1,30,,9655,3236,,,1,70,,9664,3236,,,1,30,,9678,3236,,,1,70,,9644,3236,,,1,30,,9660,3236,,,1,70,,9663,3236,,,1,30,,9665,3236,,,1,70,,9679,3236,,,1,31,,9681,3236,,,1,71,,9645,3236,,,1,33,,9646,3236,,,1,72,,9669,3236,,,1,18,,9666,3236,,,1,27,,9667,3236,,,1,70,,9676,3236,,,1,30,,9672,3236,,,1,72,,9680,3236,,,1,23,,9668,3236,,,1,70,,9662,3236,,,1,30,,9658,3236,,,1,69,,9647,3236,,,1,30,,9657,3236,,,1,70,,9670,3236,,,1,100,,9674,3236,,,1,100,,9650,3236,,,1,100,,9671,3236,,,1
4701,'F9',652,,9697,3236,,,1,103,,9687,3236,,,1,101,,9694,3236,,,1,96,,9685,3236,,,1,96,,9688,3236,,,1,104,,9686,3236,,,1,100,,9695,3236,,,1,100,,9683,3236,,,1,95,,9696,3236,,,1,104,,9698,3236,,,1,100,,9684,3236,,,1,101,,9689,3236,,,1,100,,9692,3236,,,1,96,,9682,3236,,,1,100,,9693,3236,,,1,100,,9690,3236,,,1,100,,9691,3236,,,1,100,,9699,3236,,,1,100,,9700,3236,,,1,100,,9701,3236,,,1
4701,'SA',652,,9717,3236,,,1,103,,9707,3236,,,1,101,,9714,3236,,,1,96,,9705,3236,,,1,96,,9708,3236,,,1,104,,9706,3236,,,1,100,,9715,3236,,,1,100,,9703,3236,,,1,95,,9716,3236,,,1,104,,9718,3236,,,1,100,,9704,3236,,,1,101,,9709,3236,,,1,100,,9712,3236,,,1,96,,9702,3236,,,1,100,,9713,3236,,,1,100,,9710,3236,,,1,100,,9711,3236,,,1,100,,9719,3236,,,1,100,,9720,3236,,,1,100,,9721,3236,,,1
4701,'SE',611,,9733,3236,,,1,30,,9722,3236,,,1,60,,9732,3236,,,1,15,,9754,3236,,,1,15,,9734,3236,,,1,15,,9756,3236,,,1,55,,9730,3236,,,1,15,,9740,3236,,,1,18,,9729,3236,,,1,20,,9723,3236,,,1,60,,9758,3236,,,1,20,,9735,3236,,,1,70,,9724,3236,,,1,30,,9742,3236,,,1,70,,9737,3236,,,1,30,,9736,3236,,,1,70,,9745,3236,,,1,30,,9759,3236,,,1,70,,9725,3236,,,1,30,,9741,3236,,,1,70,,9744,3236,,,1,30,,9746,3236,,,1,70,,9760,3236,,,1,31,,9762,3236,,,1,71,,9726,3236,,,1,33,,9727,3236,,,1,72,,9750,3236,,,1,18,,9747,3236,,,1,27,,9748,3236,,,1,70,,9757,3236,,,1,30,,9753,3236,,,1,72,,9761,3236,,,1,23,,9749,3236,,,1,70,,9743,3236,,,1,30,,9739,3236,,,1,69,,9728,3236,,,1,30,,9738,3236,,,1,70,,9751,3236,,,1,100,,9755,3236,,,1,100,,9731,3236,,,1,100,,9752,3236,,,1
64401,'F8',847,,18916,1742,,,2,1,,18914,1742,,,2,1,,18915,1742,,,2
64401,'SE',847,,18919,1742,,,2,1,,18917,1742,,,2,1,,18918,1742,,,2
69101,'F8',839,,19037,1742,,,2,1,,19036,1742,,,2
69101,'SE',839,,19039,1742,,,2,1,,19038,1742,,,2
