8301,'DI',741,,36304,14452,,,1,100,,36305,14452,,,1,108,,36306,14452,,,1,100,,36307,14452,,,1,100,,36308,14452,,,1,100,,36309,14452,,,1,100,,36310,14452,,,1,100,,36311,14452,,,1,100,,36312,14452,,,1,100,,36313,14452,,,1,100,,36314,14452,,,1,100,,36315,14452,,,1,100,,36316,14452,,,1,100,,36317,14452,,,1,100,,36318,14452,,,1,100,,36319,14452,,,1,100,,36320,14452,,,1
8301,'F1',641,,14698,14452,,,1,100,,14699,14452,,,1,100,,36325,14452,,,1,108,,36326,14452,,,1,100,,36327,14452,,,1,100,,36328,14452,,,1,100,,36329,14452,,,1,100,,36330,14452,,,1,100,,36331,14452,,,1,100,,36332,14452,,,1,100,,36333,14452,,,1,100,,36334,14452,,,1,100,,36335,14452,,,1,100,,36336,14452,,,1,100,,36337,14452,,,1,100,,36338,14452,,,1,100,,36339,14452,,,1,100,,36322,14452,,,1,100,,36323,14452,,,1
8301,'F2',641,,36356,14452,,,1,100,,36357,14452,,,1,100,,36358,14452,,,1,108,,36359,14452,,,1,100,,36340,14452,,,1,100,,36341,14452,,,1,100,,36342,14452,,,1,100,,36343,14452,,,1,100,,36344,14452,,,1,100,,36345,14452,,,1,100,,36346,14452,,,1,100,,36347,14452,,,1,100,,36348,14452,,,1,100,,36349,14452,,,1,100,,36350,14452,,,1,100,,36351,14452,,,1,100,,36352,14452,,,1,100,,36353,14452,,,1,100,,36354,14452,,,1
8301,'F7',608,,36378,14452,,,1,30,,36382,14452,,,1,21,,36373,14452,,,1,56,,36379,14452,,,1,25,,36384,14452,,,1,60,,36380,14452,,,1,22,,36369,14452,,,1,18,,36383,14452,,,1,60,,36375,14452,,,1,20,,36371,14452,,,1,31,,36391,14452,,,1,60,,36381,14452,,,1,40,,36366,14452,,,1,100,,36367,14452,,,1,100,,36374,14452,,,1,100,,36361,14452,,,1,100,,36362,14452,,,1,101,,36363,14452,,,1,55,,36385,14452,,,1,25,,36364,14452,,,1,21,,36392,14452,,,1,62,,36360,14452,,,1,20,,36370,14452,,,1,18,,36393,14452,,,1,60,,36394,14452,,,1,17,,36372,14452,,,1,20,,36386,14452,,,1,60,,36368,14452,,,1,40,,36387,14452,,,1,100,,36388,14452,,,1,100,,36389,14452,,,1,100,,36390,14452,,,1,100,,36365,14452,,,1,100,,36376,14452,,,1
8301,'F8',641,,36411,14452,,,1,100,,36412,14452,,,1,100,,36413,14452,,,1,108,,36414,14452,,,1,100,,36395,14452,,,1,100,,36396,14452,,,1,100,,36397,14452,,,1,100,,36398,14452,,,1,100,,36399,14452,,,1,100,,36400,14452,,,1,100,,36401,14452,,,1,100,,36402,14452,,,1,100,,36403,14452,,,1,100,,36404,14452,,,1,100,,36405,14452,,,1,100,,36406,14452,,,1,100,,36407,14452,,,1,100,,36408,14452,,,1,100,,36409,14452,,,1
8301,'F9',741,,36415,14452,,,1,100,,36416,14452,,,1,108,,36417,14452,,,1,100,,36418,14452,,,1,100,,36419,14452,,,1,100,,36420,14452,,,1,100,,36421,14452,,,1,100,,36422,14452,,,1,100,,36423,14452,,,1,100,,36424,14452,,,1,100,,36425,14452,,,1,100,,36426,14452,,,1,100,,36427,14452,,,1,100,,36428,14452,,,1,100,,36429,14452,,,1,100,,36430,14452,,,1,100,,36431,14452,,,1
8301,'SA',641,,36449,14452,,,1,100,,36450,14452,,,1,100,,36451,14452,,,1,108,,36452,14452,,,1,100,,36433,14452,,,1,100,,36434,14452,,,1,100,,36435,14452,,,1,100,,36436,14452,,,1,100,,36437,14452,,,1,100,,36438,14452,,,1,100,,36439,14452,,,1,100,,36440,14452,,,1,100,,36441,14452,,,1,100,,36442,14452,,,1,100,,36443,14452,,,1,100,,36444,14452,,,1,100,,36445,14452,,,1,100,,36446,14452,,,1,100,,36447,14452,,,1
8301,'SE',608,,36471,14452,,,1,30,,36475,14452,,,1,21,,36466,14452,,,1,56,,36472,14452,,,1,25,,36477,14452,,,1,60,,36473,14452,,,1,22,,36462,14452,,,1,18,,36476,14452,,,1,60,,36468,14452,,,1,20,,36464,14452,,,1,31,,36484,14452,,,1,60,,36474,14452,,,1,40,,36459,14452,,,1,100,,36460,14452,,,1,100,,36467,14452,,,1,100,,36454,14452,,,1,100,,36455,14452,,,1,101,,36456,14452,,,1,55,,36478,14452,,,1,25,,36457,14452,,,1,21,,36485,14452,,,1,62,,36453,14452,,,1,20,,36463,14452,,,1,18,,36486,14452,,,1,60,,36487,14452,,,1,17,,36465,14452,,,1,20,,36479,14452,,,1,60,,36461,14452,,,1,40,,36480,14452,,,1,100,,36481,14452,,,1,100,,36482,14452,,,1,100,,36483,14452,,,1,100,,36458,14452,,,1,100,,36469,14452,,,1
8401,'F7',648,,36551,14440,,,2,55,,36559,14440,,,2,25,,36562,14440,,,2,21,,36550,14440,,,2,64,,36561,14440,,,2,16,,36564,14440,,,2,20,,36565,14440,,,2,59,,36560,14440,,,2,26,,36563,14440,,,2,87,,36546,14440,,,2,101,,36547,14440,,,2,100,,36576,14440,,,2,100,,36552,14440,,,2,100,,36556,14440,,,2,97,,36566,14440,,,2,5,,36557,14440,,,2,78,,36578,14440,,,2,19,,36548,14440,,,2,20,,36558,14440,,,2,61,,36569,14440,,,2,20,,36577,14440,,,2,19,,36568,14440,,,2,60,,36567,14440,,,2,18,,36554,14440,,,2,21,,36555,14440,,,2,19,,36553,14440,,,2,60,,36549,14440,,,2,100,,36570,14440,,,2,99,,36571,14440,,,2,100,,36572,14440,,,2,100,,36573,14440,,,2,100,,36574,14440,,,2
8401,'SE',648,,36584,14440,,,2,55,,36592,14440,,,2,25,,36595,14440,,,2,21,,36583,14440,,,2,64,,36594,14440,,,2,16,,36597,14440,,,2,20,,36598,14440,,,2,59,,36593,14440,,,2,26,,36596,14440,,,2,87,,36579,14440,,,2,101,,36580,14440,,,2,100,,36609,14440,,,2,100,,36585,14440,,,2,100,,36589,14440,,,2,97,,36599,14440,,,2,5,,36590,14440,,,2,78,,36611,14440,,,2,19,,36581,14440,,,2,20,,36591,14440,,,2,61,,36602,14440,,,2,20,,36610,14440,,,2,19,,36601,14440,,,2,60,,36600,14440,,,2,18,,36587,14440,,,2,21,,36588,14440,,,2,19,,36586,14440,,,2,60,,36582,14440,,,2,100,,36603,14440,,,2,99,,36604,14440,,,2,100,,36605,14440,,,2,100,,36606,14440,,,2,100,,36607,14440,,,2
