7101,'DI',522,,11893,1284,,,2,30,,11904,1284,,,2,69,,11897,1284,,,2,30,,11884,1284,,,2,70,,11900,1284,,,2,30,,11905,1284,,,2,70,,11902,1284,,,2,30,,11885,1284,,,2,71,,11901,1284,,,2,29,,11879,1284,,,2,71,,11875,1284,,,2,30,,11880,1284,,,2,70,,11892,1284,,,2,30,,11881,1284,,,2,70,,11889,1284,,,2,35,,11898,1284,,,2,65,,11903,1284,,,2,30,,11899,1284,,,2,70,,11890,1284,,,2,30,,11876,1284,,,2,70,,11888,1284,,,2,30,,11882,1284,,,2,70,,11896,1284,,,2,30,,11883,1284,,,2,68,,11886,1284,,,2,32,,11877,1284,,,2,70,,11887,1284,,,2,30,,11878,1284,,,2,100,,11891,1284,,,2,99,,11907,1284,,,2,100,,11874,1284,,,2,100,,11894,1284,,,2,100,,11895,1284,,,2,100,,11906,1284,,,2
7101,'F1',522,,11925,1284,,,2,30,,11936,1284,,,2,69,,11923,1284,,,2,30,,11909,1284,,,2,70,,11910,1284,,,2,30,,11926,1284,,,2,71,,11924,1284,,,2,29,,11937,1284,,,2,70,,11911,1284,,,2,30,,11938,1284,,,2,71,,11940,1284,,,2,30,,11939,1284,,,2,70,,11913,1284,,,2,30,,11930,1284,,,2,70,,11914,1284,,,2,30,,11931,1284,,,2,70,,11915,1284,,,2,30,,11932,1284,,,2,70,,11916,1284,,,2,30,,11933,1284,,,2,70,,11917,1284,,,2,30,,11941,1284,,,2,70,,11918,1284,,,2,28,,11942,1284,,,2,70,,11919,1284,,,2,36,,11934,1284,,,2,66,,11920,1284,,,2,32,,11935,1284,,,2,98,,11928,1284,,,2,100,,11912,1284,,,2,100,,11921,1284,,,2,100,,11922,1284,,,2,100,,11908,1284,,,2,100,,11927,1284,,,2,100,,11929,1284,,,2
7101,'F7',522,,11962,1284,,,2,30,,11973,1284,,,2,69,,11966,1284,,,2,30,,11953,1284,,,2,70,,11969,1284,,,2,30,,11974,1284,,,2,70,,11971,1284,,,2,30,,11954,1284,,,2,71,,11970,1284,,,2,29,,11948,1284,,,2,71,,11944,1284,,,2,30,,11949,1284,,,2,70,,11961,1284,,,2,30,,11950,1284,,,2,70,,11958,1284,,,2,35,,11967,1284,,,2,65,,11972,1284,,,2,30,,11968,1284,,,2,70,,11959,1284,,,2,30,,11945,1284,,,2,70,,11957,1284,,,2,30,,11951,1284,,,2,70,,11965,1284,,,2,30,,11952,1284,,,2,68,,11955,1284,,,2,32,,11946,1284,,,2,70,,11956,1284,,,2,30,,11947,1284,,,2,100,,11960,1284,,,2,99,,11976,1284,,,2,100,,11943,1284,,,2,100,,11963,1284,,,2,100,,11964,1284,,,2,100,,11975,1284,,,2
7101,'F8',444,,11989,1284,,,2,70,,11995,1284,,,2,30,,11983,1284,,,2,70,,11992,1284,,,2,30,,11987,1284,,,2,15,,11984,1284,,,2,65,,11980,1284,,,2,20,,11985,1284,,,2,62,,12013,1284,,,2,18,,11994,1284,,,2,28,,12006,1284,,,2,71,,11986,1284,,,2,29,,12021,1284,,,2,70,,11977,1284,,,2,30,,12007,1284,,,2,70,,12019,1284,,,2,30,,12008,1284,,,2,70,,12020,1284,,,2,30,,12009,1284,,,2,70,,11996,1284,,,2,30,,12014,1284,,,2,70,,11997,1284,,,2,31,,12015,1284,,,2,71,,12018,1284,,,2,31,,11988,1284,,,2,60,,11978,1284,,,2,21,,11991,1284,,,2,65,,12012,1284,,,2,17,,11993,1284,,,2,18,,11990,1284,,,2,19,,12010,1284,,,2,72,,12022,1284,,,2,26,,12011,1284,,,2,70,,11998,1284,,,2,30,,11981,1284,,,2,69,,11999,1284,,,2,30,,11982,1284,,,2,70,,12000,1284,,,2,30,,11979,1284,,,2,70,,12001,1284,,,2,30,,12016,1284,,,2,70,,12002,1284,,,2,30,,12004,1284,,,2,68,,12003,1284,,,2,30,,12005,1284,,,2,70,,12017,1284,,,2
7101,'F9',522,,12040,1284,,,2,30,,12051,1284,,,2,69,,12038,1284,,,2,30,,12024,1284,,,2,70,,12025,1284,,,2,30,,12041,1284,,,2,71,,12039,1284,,,2,29,,12052,1284,,,2,70,,12026,1284,,,2,30,,12053,1284,,,2,71,,12055,1284,,,2,30,,12054,1284,,,2,70,,12028,1284,,,2,30,,12045,1284,,,2,70,,12029,1284,,,2,30,,12046,1284,,,2,70,,12030,1284,,,2,30,,12047,1284,,,2,70,,12031,1284,,,2,30,,12048,1284,,,2,70,,12032,1284,,,2,30,,12056,1284,,,2,70,,12033,1284,,,2,28,,12057,1284,,,2,70,,12034,1284,,,2,36,,12049,1284,,,2,66,,12035,1284,,,2,32,,12050,1284,,,2,98,,12043,1284,,,2,100,,12027,1284,,,2,100,,12036,1284,,,2,100,,12037,1284,,,2,100,,12023,1284,,,2,100,,12042,1284,,,2,100,,12044,1284,,,2
7101,'SA',522,,12075,1284,,,2,30,,12086,1284,,,2,69,,12073,1284,,,2,30,,12059,1284,,,2,70,,12060,1284,,,2,30,,12076,1284,,,2,71,,12074,1284,,,2,29,,12087,1284,,,2,70,,12061,1284,,,2,30,,12088,1284,,,2,71,,12090,1284,,,2,30,,12089,1284,,,2,70,,12063,1284,,,2,30,,12080,1284,,,2,70,,12064,1284,,,2,30,,12081,1284,,,2,70,,12065,1284,,,2,30,,12082,1284,,,2,70,,12066,1284,,,2,30,,12083,1284,,,2,70,,12067,1284,,,2,30,,12091,1284,,,2,70,,12068,1284,,,2,28,,12092,1284,,,2,70,,12069,1284,,,2,36,,12084,1284,,,2,66,,12070,1284,,,2,32,,12085,1284,,,2,98,,12078,1284,,,2,100,,12062,1284,,,2,100,,12071,1284,,,2,100,,12072,1284,,,2,100,,12058,1284,,,2,100,,12077,1284,,,2,100,,12079,1284,,,2
7101,'SE',444,,12105,1284,,,2,70,,12111,1284,,,2,30,,12099,1284,,,2,70,,12108,1284,,,2,30,,12103,1284,,,2,15,,12100,1284,,,2,65,,12096,1284,,,2,20,,12101,1284,,,2,62,,12129,1284,,,2,18,,12110,1284,,,2,28,,12122,1284,,,2,71,,12102,1284,,,2,29,,12137,1284,,,2,70,,12093,1284,,,2,30,,12123,1284,,,2,70,,12135,1284,,,2,30,,12124,1284,,,2,70,,12136,1284,,,2,30,,12125,1284,,,2,70,,12112,1284,,,2,30,,12130,1284,,,2,70,,12113,1284,,,2,31,,12131,1284,,,2,71,,12134,1284,,,2,31,,12104,1284,,,2,60,,12094,1284,,,2,21,,12107,1284,,,2,65,,12128,1284,,,2,17,,12109,1284,,,2,18,,12106,1284,,,2,19,,12126,1284,,,2,72,,12138,1284,,,2,26,,12127,1284,,,2,70,,12114,1284,,,2,30,,12097,1284,,,2,69,,12115,1284,,,2,30,,12098,1284,,,2,70,,12116,1284,,,2,30,,12095,1284,,,2,70,,12117,1284,,,2,30,,12132,1284,,,2,70,,12118,1284,,,2,30,,12120,1284,,,2,68,,12119,1284,,,2,30,,12121,1284,,,2,70,,12133,1284,,,2
7800,'F8',706,,13810,7001,0,54 55,2,33,,13809,7001,0,54 55,2,66,,13811,7001,0,54 55,2,28,,13812,7001,0,54 55,2,715,,13813,7112,0,54 55,2,72,,13815,7112,0,54 55,2,30,,13816,7112,0,54 55,2,74,,13819,7112,0,54 55,2,25,,13817,7112,0,54 55,2,70,,13814,7112,0,54 55,2,28,,13818,7112,0,54 55,2
7800,'SE',706,,13821,7001,0,54 55,2,33,,13820,7001,0,54 55,2,66,,13822,7001,0,54 55,2,28,,13823,7001,0,54 55,2,715,,13824,7112,0,54 55,2,72,,13826,7112,0,54 55,2,30,,13827,7112,0,54 55,2,74,,13830,7112,0,54 55,2,25,,13828,7112,0,54 55,2,70,,13825,7112,0,54 55,2,28,,13829,7112,0,54 55,2
56500,'F8',1617,,18830,9017,,,2
56500,'SE',1617,,18831,9017,,,2
56501,'F8',835,,18832,3092,,,2
56501,'SE',835,,18833,3092,,,2
67300,'F8',1458,,18984,3059,,,2
67300,'SE',1458,,18985,3059,,,2
