1400,'F8',650,,3793,18242,,,1,57,,3792,18242,,,1,26,,3787,18242,,,1,14,,3790,18242,,,1,57,,3791,18242,,,1,18,,3789,18242,,,1,30,,3786,18242,,,1,60,,3788,18242,,,1,92,,3795,15995,,,1,100,,3808,15995,,,1,100,,3797,15995,,,1,100,,3798,15995,,,1,100,,3807,15995,,,1,100,,3804,15995,,,1,112,,3796,15995,,,1,13,,3803,15995,,,1,18,,3799,15995,,,1,55,,3806,15995,,,1,21,,3802,15995,,,1,17,,3805,15995,,,1,61,,3800,15995,,,1,18,,3794,15995,,,1,29,,3801,15995,,,1
1400,'SE',650,,3816,18242,,,1,57,,3815,18242,,,1,26,,3810,18242,,,1,14,,3813,18242,,,1,57,,3814,18242,,,1,18,,3812,18242,,,1,30,,3809,18242,,,1,60,,3811,18242,,,1,92,,3818,15995,,,1,100,,3831,15995,,,1,100,,3820,15995,,,1,100,,3821,15995,,,1,100,,3830,15995,,,1,100,,3827,15995,,,1,112,,3819,15995,,,1,13,,3826,15995,,,1,18,,3822,15995,,,1,55,,3829,15995,,,1,21,,3825,15995,,,1,17,,3828,15995,,,1,61,,3823,15995,,,1,18,,3817,15995,,,1,29,,3824,15995,,,1
21401,'DI',838,,17248,4878,,,1,100,,17249,4878,,,1,100,,17250,4878,,,1,100,,17251,4878,,,1,100,,17252,4878,,,1,100,,17253,4878,,,1,100,,17254,4878,,,1,100,,17255,4878,,,1,100,,17246,4878,,,1,100,,17247,4878,,,1
21401,'F1',838,,17264,4878,,,1,100,,17265,4878,,,1,100,,17256,4878,,,1,100,,17257,4878,,,1,100,,17258,4878,,,1,100,,17259,4878,,,1,100,,17260,4878,,,1,100,,17261,4878,,,1,100,,17262,4878,,,1,100,,17263,4878,,,1
21401,'F7',838,,17268,4878,,,1,100,,17269,4878,,,1,100,,17270,4878,,,1,100,,17271,4878,,,1,100,,17272,4878,,,1,100,,17273,4878,,,1,100,,17274,4878,,,1,100,,17275,4878,,,1,100,,17266,4878,,,1,100,,17267,4878,,,1
21401,'F9',838,,17284,4878,,,1,100,,17285,4878,,,1,100,,17276,4878,,,1,100,,17277,4878,,,1,100,,17278,4878,,,1,100,,17279,4878,,,1,100,,17280,4878,,,1,100,,17281,4878,,,1,100,,17282,4878,,,1,100,,17283,4878,,,1
21401,'SA',838,,17294,4878,,,1,100,,17295,4878,,,1,100,,17286,4878,,,1,100,,17287,4878,,,1,100,,17288,4878,,,1,100,,17289,4878,,,1,100,,17290,4878,,,1,100,,17291,4878,,,1,100,,17292,4878,,,1,100,,17293,4878,,,1
55100,'F8',1639,,18822,7833,,,2
55100,'SE',1639,,18823,7833,,,2
69300,'F8',1631,,19044,7137,,,2,1,,19045,7137,,,2
69300,'SE',1631,,19046,7137,,,2,1,,19047,7137,,,2
