4900,'DI',611,,30870,3691,,,2,100,,30882,3691,,,2,100,,30871,3691,,,2,100,,30877,3691,,,2,101,,30878,3691,,,2,100,,30879,3691,,,2,100,,30880,3691,,,2,100,,30881,3691,,,2,100,,30872,3691,,,2,100,,30873,3691,,,2,100,,30883,3691,,,2,100,,30884,3691,,,2,100,,30869,3691,,,2,99,,30874,3691,,,2,100,,30875,3691,,,2,100,,30885,3691,,,2,100,,30886,3691,,,2,99,,30876,3691,,,2,100,,30868,3691,,,2
4900,'F1',611,,30888,3691,,,2,100,,30887,3691,,,2,100,,30898,3691,,,2,100,,30904,3691,,,2,101,,30905,3691,,,2,100,,30906,3691,,,2,100,,30891,3691,,,2,100,,30892,3691,,,2,100,,30893,3691,,,2,100,,30894,3691,,,2,100,,30895,3691,,,2,100,,30896,3691,,,2,100,,30897,3691,,,2,99,,30900,3691,,,2,100,,30901,3691,,,2,100,,30889,3691,,,2,100,,30890,3691,,,2,99,,30902,3691,,,2,100,,30899,3691,,,2,100,,30903,3691,,,2
4900,'F2',611,,30923,3691,,,2,100,,30907,3691,,,2,100,,30924,3691,,,2,100,,30916,3691,,,2,101,,30910,3691,,,2,100,,30911,3691,,,2,100,,30912,3691,,,2,100,,30913,3691,,,2,100,,30917,3691,,,2,100,,30918,3691,,,2,100,,30919,3691,,,2,100,,30920,3691,,,2,100,,30921,3691,,,2,99,,30908,3691,,,2,100,,30922,3691,,,2,100,,30914,3691,,,2,100,,30909,3691,,,2,99,,30925,3691,,,2,100,,30915,3691,,,2,100,,30926,3691,,,2
4900,'F7',612,,30945,3691,,,2,20,,30958,3691,,,2,15,,30934,3691,,,2,55,,30948,3691,,,2,14,,30927,3691,,,2,16,,30946,3691,,,2,14,,30949,3691,,,2,55,,30943,3691,,,2,15,,30947,3691,,,2,15,,30950,3691,,,2,20,,30944,3691,,,2,61,,30951,3691,,,2,101,,30959,3691,,,2,100,,30935,3691,,,2,101,,30928,3691,,,2,100,,30936,3691,,,2,97,,30938,3691,,,2,100,,30932,3691,,,2,101,,30931,3691,,,2,12,,30960,3691,,,2,19,,30939,3691,,,2,11,,30955,3691,,,2,55,,30952,3691,,,2,15,,30962,3691,,,2,15,,30956,3691,,,2,15,,30953,3691,,,2,55,,30940,3691,,,2,15,,30957,3691,,,2,15,,30954,3691,,,2,72,,30961,3691,,,2,100,,30929,3691,,,2,100,,30941,3691,,,2,100,,30930,3691,,,2,99,,30942,3691,,,2,100,,30937,3691,,,2,100,,30933,3691,,,2
4900,'F8',611,,30979,3691,,,2,100,,30963,3691,,,2,100,,30980,3691,,,2,100,,30972,3691,,,2,101,,30966,3691,,,2,100,,30967,3691,,,2,100,,30968,3691,,,2,100,,30969,3691,,,2,100,,30973,3691,,,2,100,,30974,3691,,,2,100,,30975,3691,,,2,100,,30976,3691,,,2,100,,30977,3691,,,2,99,,30964,3691,,,2,100,,30978,3691,,,2,100,,30970,3691,,,2,100,,30965,3691,,,2,99,,30981,3691,,,2,100,,30971,3691,,,2,100,,30982,3691,,,2
4900,'F9',611,,30985,3691,,,2,100,,30997,3691,,,2,100,,30986,3691,,,2,100,,30992,3691,,,2,101,,30993,3691,,,2,100,,30994,3691,,,2,100,,30995,3691,,,2,100,,30996,3691,,,2,100,,30987,3691,,,2,100,,30988,3691,,,2,100,,30998,3691,,,2,100,,30999,3691,,,2,100,,30984,3691,,,2,99,,30989,3691,,,2,100,,30990,3691,,,2,100,,31000,3691,,,2,100,,31001,3691,,,2,99,,30991,3691,,,2,100,,30983,3691,,,2
4900,'SA',611,,31018,3691,,,2,100,,31002,3691,,,2,100,,31019,3691,,,2,100,,31011,3691,,,2,101,,31005,3691,,,2,100,,31006,3691,,,2,100,,31007,3691,,,2,100,,31008,3691,,,2,100,,31012,3691,,,2,100,,31013,3691,,,2,100,,31014,3691,,,2,100,,31015,3691,,,2,100,,31016,3691,,,2,99,,31003,3691,,,2,100,,31017,3691,,,2,100,,31009,3691,,,2,100,,31004,3691,,,2,99,,31020,3691,,,2,100,,31010,3691,,,2,100,,31021,3691,,,2
4900,'SE',612,,31040,3691,,,2,20,,31053,3691,,,2,15,,31029,3691,,,2,55,,31043,3691,,,2,14,,31022,3691,,,2,16,,31041,3691,,,2,14,,31044,3691,,,2,55,,31038,3691,,,2,15,,31042,3691,,,2,15,,31045,3691,,,2,20,,31039,3691,,,2,61,,31046,3691,,,2,101,,31054,3691,,,2,100,,31030,3691,,,2,101,,31023,3691,,,2,100,,31031,3691,,,2,97,,31033,3691,,,2,100,,31027,3691,,,2,101,,31026,3691,,,2,12,,31055,3691,,,2,19,,31034,3691,,,2,11,,31050,3691,,,2,55,,31047,3691,,,2,15,,31057,3691,,,2,15,,31051,3691,,,2,15,,31048,3691,,,2,55,,31035,3691,,,2,15,,31052,3691,,,2,15,,31049,3691,,,2,72,,31056,3691,,,2,100,,31024,3691,,,2,100,,31036,3691,,,2,100,,31025,3691,,,2,99,,31037,3691,,,2,100,,31032,3691,,,2,100,,31028,3691,,,2
55000,'F7',1640,,40709,9184,,,2
55000,'SE',1640,,40710,9184,,,2
