801,'DI',602,,1554,,,1,30,,1562,,,1,70,,1569,,,1,30,,1579,,,1,70,,1555,,,1,33,,1563,,,1,70,,1570,,,1,30,,1580,,,1,69,,1556,,,1,30,,1564,,,1,70,,1571,,,1,29,,1581,,,1,70,,1557,,,1,30,,1565,,,1,70,,1572,,,1,30,,1582,,,1,71,,1558,,,1,30,,1566,,,1,71,,1573,,,1,30,,1583,,,1,69,,1586,,,1,30,,1567,,,1,70,,1574,,,1,30,,1584,,,1,19,,1588,,,1,53,,1587,,,1,30,,1568,,,1,68,,1575,,,1,30,,1585,,,1,85,,1559,,,1,100,,1576,,,1,100,,1560,,,1,98,,1577,,,1,100,,1561,,,1,99,,1578,,,1
801,'F1',602,,1589,,,1,30,,1594,,,1,70,,1605,,,1,30,,1617,,,1,70,,1590,,,1,33,,1595,,,1,70,,1606,,,1,30,,1618,,,1,67,,1591,,,1,29,,1596,,,1,70,,1607,,,1,30,,1619,,,1,71,,1592,,,1,30,,1597,,,1,71,,1608,,,1,30,,1620,,,1,71,,1593,,,1,30,,1598,,,1,70,,1609,,,1,30,,1621,,,1,70,,1615,,,1,30,,1599,,,1,70,,1610,,,1,30,,1622,,,1,25,,1601,,,1,50,,1616,,,1,20,,1600,,,1,30,,1611,,,1,70,,1623,,,1,90,,1602,,,1,100,,1612,,,1,100,,1603,,,1,95,,1613,,,1,100,,1604,,,1,100,,1614,,,1
801,'SA',602,,1624,,,1,30,,1629,,,1,70,,1640,,,1,30,,1652,,,1,70,,1625,,,1,33,,1630,,,1,70,,1641,,,1,30,,1653,,,1,67,,1626,,,1,29,,1631,,,1,70,,1642,,,1,30,,1654,,,1,71,,1627,,,1,30,,1632,,,1,71,,1643,,,1,30,,1655,,,1,71,,1628,,,1,30,,1633,,,1,70,,1644,,,1,30,,1656,,,1,70,,1650,,,1,30,,1634,,,1,70,,1645,,,1,30,,1657,,,1,25,,1636,,,1,50,,1651,,,1,20,,1635,,,1,30,,1646,,,1,70,,1658,,,1,90,,1637,,,1,100,,1647,,,1,100,,1638,,,1,95,,1648,,,1,100,,1639,,,1,100,,1649,,,1
801,'SE',529,,1659,,,1,73,,1660,,,1,27,,1702,,,1,21,,1703,,,1,6,,1708,,,1,55,,1730,,,1,5,,1704,,,1,11,,1672,,,1,4,,1731,,,1,5,,1675,,,1,3,,1729,,,1,5,,1711,,,1,4,,1732,,,1,3,,1725,,,1,3,,1712,,,1,4,,1681,,,1,49,,1661,,,1,6,,1680,,,1,5,,1709,,,1,7,,1701,,,1,12,,1682,,,1,18,,1665,,,1,58,,1669,,,1,13,,1673,,,1,15,,1676,,,1,15,,1713,,,1,55,,1662,,,1,17,,1685,,,1,15,,1683,,,1,14,,1666,,,1,55,,1677,,,1,16,,1670,,,1,15,,1698,,,1,15,,1714,,,1,55,,1663,,,1,15,,1710,,,1,15,,1686,,,1,16,,1671,,,1,55,,1667,,,1,15,,1705,,,1,15,,1699,,,1,15,,1727,,,1,55,,1715,,,1,15,,1726,,,1,15,,1728,,,1,59,,1684,,,1,15,,1688,,,1,13,,1717,,,1,22,,1678,,,1,51,,1706,,,1,10,,1700,,,1,14,,1674,,,1,16,,1721,,,1,58,,1664,,,1,15,,1687,,,1,12,,1722,,,1,16,,1668,,,1,55,,1718,,,1,15,,1679,,,1,12,,1707,,,1,21,,1716,,,1,61,,1724,,,1,27,,1723,,,1,68,,1691,,,1,31,,1693,,,1,67,,1689,,,1,33,,1719,,,1,67,,1692,,,1,11,,1695,,,1,20,,1694,,,1,69,,1690,,,1,20,,1720,,,1,92,,1696,,,1,100,,1697,,,1
2801,'DI',950,,3937,,,1,100,,3939,,,1,100,,3942,,,1,102,,3938,,,1,100,,3941,,,1,100,,3943,,,1,97,,3936,,,1,99,,3935,,,1,96,,3944,,,1,105,,3940,,,1
2801,'F1',950,,3948,,,1,100,,3947,,,1,100,,3952,,,1,102,,3954,,,1,100,,3951,,,1,100,,3945,,,1,97,,3946,,,1,96,,3949,,,1,99,,3950,,,1,105,,3953,,,1
2801,'SA',950,,3958,,,1,100,,3957,,,1,100,,3962,,,1,102,,3964,,,1,100,,3961,,,1,100,,3955,,,1,97,,3956,,,1,96,,3959,,,1,99,,3960,,,1,105,,3963,,,1
2801,'SE',701,,3984,,,1,23,,3999,,,1,18,,3991,,,1,61,,4000,,,1,27,,4002,,,1,21,,3990,,,1,60,,3996,,,1,24,,3981,,,1,69,,3985,,,1,30,,3969,,,1,70,,3965,,,1,30,,3986,,,1,70,,3970,,,1,30,,3966,,,1,70,,3987,,,1,30,,3979,,,1,70,,3967,,,1,32,,3988,,,1,70,,3980,,,1,20,,3982,,,1,13,,3973,,,1,17,,3975,,,1,50,,3997,,,1,17,,3992,,,1,13,,3971,,,1,15,,3994,,,1,58,,4001,,,1,13,,3974,,,1,16,,3976,,,1,13,,3998,,,1,58,,3972,,,1,14,,3989,,,1,20,,3983,,,1,61,,3968,,,1,23,,3978,,,1,100,,3993,,,1,100,,3977,,,1,100,,3995,,,1
7501,'DI',551,,7382,,,2,100,,7389,,,2,100,,7384,,,2,100,,7395,,,2,101,,7390,,,2,100,,7385,,,2,100,,7396,,,2,100,,7391,,,2,100,,7397,,,2,100,,7381,,,2,100,,7392,,,2,100,,7386,,,2,100,,7387,,,2,100,,7388,,,2,100,,7383,,,2,99,,7393,,,2,100,,7399,,,2,100,,7398,,,2,100,,7394,,,2
7501,'F1',551,,7415,,,2,100,,7411,,,2,100,,7416,,,2,100,,7400,,,2,101,,7405,,,2,100,,7417,,,2,100,,7406,,,2,100,,7412,,,2,100,,7407,,,2,100,,7413,,,2,100,,7414,,,2,100,,7408,,,2,105,,7418,,,2,95,,7419,,,2,100,,7409,,,2,99,,7403,,,2,100,,7410,,,2,100,,7402,,,2,100,,7404,,,2,100,,7401,,,2
7501,'SA',551,,7435,,,2,100,,7431,,,2,100,,7436,,,2,100,,7420,,,2,101,,7425,,,2,100,,7437,,,2,100,,7426,,,2,100,,7432,,,2,100,,7427,,,2,100,,7433,,,2,100,,7434,,,2,100,,7428,,,2,105,,7438,,,2,95,,7439,,,2,100,,7429,,,2,99,,7423,,,2,100,,7430,,,2,100,,7422,,,2,100,,7424,,,2,100,,7421,,,2
7501,'SE',553,,7443,,,2,90,,7458,,,2,72,,7440,,,2,20,,7442,,,2,20,,7447,,,2,97,,7444,,,2,100,,7449,,,2,100,,7448,,,2,100,,7451,,,2,100,,7459,,,2,100,,7461,,,2,100,,7450,,,2,101,,7452,,,2,101,,7445,,,2,99,,7453,,,2,98,,7455,,,2,100,,7454,,,2,100,,7446,,,2,100,,7460,,,2,100,,7441,,,2,100,,7456,,,2,100,,7457,,,2
8101,'DI',648,,8005,,,1,100,,8002,,,1,100,,8006,,,1,103,,8008,,,1,100,,8003,,,1,100,,8007,,,1,100,,7998,,,1,100,,8011,,,1,100,,7999,,,1,100,,8004,,,1,100,,8012,,,1,96,,8009,,,1,108,,8015,,,1,96,,8013,,,1,100,,8000,,,1,100,,8016,,,1,100,,8014,,,1,100,,8001,,,1,100,,8017,,,1
8101,'F1',648,,8028,,,1,100,,8025,,,1,100,,8021,,,1,103,,8026,,,1,100,,8022,,,1,100,,8033,,,1,100,,8020,,,1,100,,8030,,,1,100,,8023,,,1,100,,8027,,,1,100,,8024,,,1,100,,8018,,,1,104,,8034,,,1,96,,8037,,,1,100,,8019,,,1,100,,8035,,,1,100,,8038,,,1,100,,8032,,,1,100,,8036,,,1,100,,8031,,,1
8101,'SA',648,,8049,,,1,100,,8046,,,1,100,,8042,,,1,103,,8047,,,1,100,,8043,,,1,100,,8054,,,1,100,,8041,,,1,100,,8051,,,1,100,,8044,,,1,100,,8048,,,1,100,,8045,,,1,100,,8039,,,1,104,,8055,,,1,96,,8058,,,1,100,,8040,,,1,100,,8056,,,1,100,,8059,,,1,100,,8053,,,1,100,,8057,,,1,100,,8052,,,1
8101,'SE',619,,8078,,,1,30,,8071,,,1,62,,8065,,,1,38,,8077,,,1,70,,8063,,,1,31,,8079,,,1,69,,8060,,,1,36,,8085,,,1,98,,8064,,,1,100,,8072,,,1,100,,8066,,,1,100,,8073,,,1,100,,8070,,,1,100,,8088,,,1,71,,8061,,,1,30,,8074,,,1,70,,8067,,,1,30,,8080,,,1,70,,8062,,,1,30,,8075,,,1,70,,8086,,,1,26,,8083,,,1,100,,8087,,,1,100,,8068,,,1,100,,8081,,,1,100,,8084,,,1,100,,8069,,,1,100,,8082,,,1
8801,'DI',649,,8527,,,1,70,,8540,,,1,30,,8546,,,1,70,,8532,,,1,31,,8528,,,1,70,,8541,,,1,30,,8547,,,1,69,,8533,,,1,29,,8529,,,1,70,,8542,,,1,30,,8548,,,1,70,,8534,,,1,30,,8530,,,1,70,,8543,,,1,30,,8553,,,1,71,,8535,,,1,30,,8531,,,1,71,,8544,,,1,30,,8554,,,1,69,,8525,,,1,30,,8549,,,1,70,,8545,,,1,30,,8536,,,1,72,,8526,,,1,22,,8550,,,1,106,,8537,,,1,99,,8551,,,1,100,,8538,,,1,98,,8552,,,1,100,,8539,,,1,99,,8555,,,1
8801,'F1',647,,8556,,,1,70,,8568,,,1,30,,8573,,,1,70,,8562,,,1,30,,8557,,,1,70,,8585,,,1,32,,8574,,,1,67,,8563,,,1,30,,8558,,,1,69,,8586,,,1,30,,8575,,,1,71,,8564,,,1,30,,8569,,,1,71,,8559,,,1,28,,8576,,,1,71,,8565,,,1,30,,8570,,,1,70,,8560,,,1,30,,8577,,,1,70,,8566,,,1,30,,8571,,,1,71,,8561,,,1,28,,8578,,,1,72,,8567,,,1,21,,8581,,,1,109,,8579,,,1,100,,8582,,,1,100,,8580,,,1,100,,8583,,,1,94,,8584,,,1,100,,8572,,,1
8801,'SA',647,,8587,,,1,70,,8599,,,1,30,,8604,,,1,70,,8593,,,1,30,,8588,,,1,70,,8616,,,1,32,,8605,,,1,67,,8594,,,1,30,,8589,,,1,69,,8617,,,1,30,,8606,,,1,71,,8595,,,1,30,,8600,,,1,71,,8590,,,1,28,,8607,,,1,71,,8596,,,1,30,,8601,,,1,70,,8591,,,1,30,,8608,,,1,70,,8597,,,1,30,,8602,,,1,71,,8592,,,1,28,,8609,,,1,72,,8598,,,1,21,,8612,,,1,109,,8610,,,1,100,,8613,,,1,100,,8611,,,1,100,,8614,,,1,94,,8615,,,1,100,,8603,,,1
8801,'SE',646,,8619,,,1,60,,8621,,,1,15,,8622,,,1,12,,8636,,,1,7,,8623,,,1,62,,8638,,,1,9,,8637,,,1,12,,8627,,,1,11,,8632,,,1,10,,8633,,,1,58,,8657,,,1,18,,8658,,,1,30,,8659,,,1,70,,8652,,,1,30,,8635,,,1,70,,8651,,,1,30,,8655,,,1,70,,8654,,,1,30,,8625,,,1,70,,8624,,,1,30,,8642,,,1,70,,8618,,,1,33,,8628,,,1,69,,8620,,,1,9,,8643,,,1,2,,8648,,,1,2,,8630,,,1,7,,8634,,,1,60,,8660,,,1,18,,8666,,,1,12,,8653,,,1,15,,8656,,,1,60,,8639,,,1,12,,8626,,,1,15,,8629,,,1,14,,8644,,,1,56,,8631,,,1,13,,8661,,,1,17,,8664,,,1,16,,8663,,,1,67,,8662,,,1,32,,8645,,,1,70,,8649,,,1,27,,8665,,,1,70,,8650,,,1,30,,8646,,,1,101,,8640,,,1,98,,8647,,,1,100,,8641,,,1
60801,'SE',1527,,10499,,,2,2,,10498,,,2
