4401,'DI',623,,30200,358,,,2,101,,30205,358,,,2,102,,30195,358,,,2,101,,30198,358,,,2,96,,30192,358,,,2,100,,30206,358,,,2,100,,30193,358,,,2,100,,30207,358,,,2,100,,30201,358,,,2,98,,30208,358,,,2,104,,30202,358,,,2,99,,30196,358,,,2,102,,30194,358,,,2,97,,30199,358,,,2,100,,30197,358,,,2,101,,30203,358,,,2,99,,30209,358,,,2,102,,30204,358,,,2,100,,30210,358,,,2
4401,'F1',623,,30227,358,,,2,103,,30223,358,,,2,97,,30211,358,,,2,100,,30229,358,,,2,100,,30213,358,,,2,100,,30215,358,,,2,100,,30214,358,,,2,105,,30216,358,,,2,100,,30218,358,,,2,95,,30212,358,,,2,105,,30228,358,,,2,100,,30224,358,,,2,101,,30226,358,,,2,94,,30219,358,,,2,100,,30221,358,,,2,101,,30220,358,,,2,100,,30222,358,,,2,99,,30225,358,,,2,103,,30217,358,,,2
4401,'F2',623,,30230,358,,,2,103,,30232,358,,,2,97,,30237,358,,,2,100,,30233,358,,,2,100,,30238,358,,,2,100,,30234,358,,,2,100,,30239,358,,,2,105,,30235,358,,,2,100,,30240,358,,,2,95,,30236,358,,,2,105,,30241,358,,,2,100,,30245,358,,,2,101,,30244,358,,,2,94,,30242,358,,,2,100,,30231,358,,,2,101,,30243,358,,,2,100,,30248,358,,,2,99,,30246,358,,,2,103,,30247,358,,,2
4401,'F7',603,,30280,358,,,2,16,,30261,358,,,2,15,,30281,358,,,2,15,,30270,358,,,2,54,,30264,358,,,2,11,,30252,358,,,2,15,,30266,358,,,2,15,,30265,358,,,2,10,,30282,358,,,2,58,,30267,358,,,2,17,,30283,358,,,2,94,,30274,358,,,2,100,,30279,358,,,2,100,,30249,358,,,2,101,,30255,358,,,2,100,,30259,358,,,2,100,,30256,358,,,2,100,,30271,358,,,2,21,,30253,358,,,2,55,,30272,358,,,2,18,,30275,358,,,2,16,,30273,358,,,2,14,,30268,358,,,2,52,,30262,358,,,2,15,,30254,358,,,2,15,,30269,358,,,2,16,,30250,358,,,2,13,,30257,358,,,2,56,,30263,358,,,2,19,,30258,358,,,2,89,,30285,358,,,2,100,,30284,358,,,2,100,,30251,358,,,2,100,,30276,358,,,2,100,,30260,358,,,2,100,,30278,358,,,2,100,,30277,358,,,2
4401,'F8',623,,30286,358,,,2,103,,30288,358,,,2,97,,30293,358,,,2,100,,30289,358,,,2,100,,30294,358,,,2,100,,30290,358,,,2,100,,30295,358,,,2,105,,30291,358,,,2,100,,30296,358,,,2,95,,30292,358,,,2,105,,30297,358,,,2,100,,30301,358,,,2,101,,30300,358,,,2,94,,30298,358,,,2,100,,30287,358,,,2,101,,30299,358,,,2,100,,30304,358,,,2,99,,30302,358,,,2,103,,30303,358,,,2
4401,'F9',623,,30313,358,,,2,101,,30318,358,,,2,102,,30308,358,,,2,101,,30311,358,,,2,96,,30305,358,,,2,100,,30319,358,,,2,100,,30306,358,,,2,100,,30320,358,,,2,100,,30314,358,,,2,98,,30321,358,,,2,104,,30315,358,,,2,99,,30309,358,,,2,102,,30307,358,,,2,97,,30312,358,,,2,100,,30310,358,,,2,101,,30316,358,,,2,99,,30322,358,,,2,102,,30317,358,,,2,100,,30323,358,,,2
4401,'SA',623,,30324,358,,,2,103,,30326,358,,,2,97,,30331,358,,,2,100,,30327,358,,,2,100,,30332,358,,,2,100,,30328,358,,,2,100,,30333,358,,,2,105,,30329,358,,,2,100,,30334,358,,,2,95,,30330,358,,,2,105,,30335,358,,,2,100,,30339,358,,,2,101,,30338,358,,,2,94,,30336,358,,,2,100,,30325,358,,,2,101,,30337,358,,,2,100,,30342,358,,,2,99,,30340,358,,,2,103,,30341,358,,,2
4401,'SE',603,,30374,358,,,2,16,,30355,358,,,2,15,,30375,358,,,2,15,,30364,358,,,2,54,,30358,358,,,2,11,,30346,358,,,2,15,,30360,358,,,2,15,,30359,358,,,2,10,,30376,358,,,2,58,,30361,358,,,2,17,,30377,358,,,2,94,,30368,358,,,2,100,,30373,358,,,2,100,,30343,358,,,2,101,,30349,358,,,2,100,,30353,358,,,2,100,,30350,358,,,2,100,,30365,358,,,2,21,,30347,358,,,2,55,,30366,358,,,2,18,,30369,358,,,2,16,,30367,358,,,2,14,,30362,358,,,2,52,,30356,358,,,2,15,,30348,358,,,2,15,,30363,358,,,2,16,,30344,358,,,2,13,,30351,358,,,2,56,,30357,358,,,2,19,,30352,358,,,2,89,,30379,358,,,2,100,,30378,358,,,2,100,,30345,358,,,2,100,,30370,358,,,2,100,,30354,358,,,2,100,,30372,358,,,2,100,,30371,358,,,2
67401,'F7',855,,40880,3643,,,2
67401,'SE',855,,40881,3643,,,2
