7701,'DI',817,,35180,13049,0,25 26,1,100,,35183,13049,0,25 26,1,100,,35181,13049,0,25 26,1,100,,35184,13049,0,25 26,1,100,,35182,13049,0,25 26,1,100,,35179,13049,0,25 26,1,100,,35185,13049,0,25 26,1,100,,35188,13049,0,25 26,1,100,,35178,13049,0,25 26,1,100,,35189,13049,0,25 26,1,100,,35190,13049,0,25 26,1,98,,35191,13049,0,25 26,1,99,,35186,13049,0,25 26,1,100,,35192,13049,0,25 26,1,100,,35187,13049,0,25 26,1
7701,'F1',817,,35196,13049,0,25 26,1,100,,35198,13049,0,25 26,1,100,,35197,13049,0,25 26,1,100,,35199,13049,0,25 26,1,100,,35193,13049,0,25 26,1,100,,35200,13049,0,25 26,1,100,,35201,13049,0,25 26,1,97,,35194,13049,0,25 26,1,103,,35202,13049,0,25 26,1,99,,35204,13049,0,25 26,1,101,,35203,13049,0,25 26,1,98,,35205,13049,0,25 26,1,99,,35206,13049,0,25 26,1,100,,35195,13049,0,25 26,1,100,,35207,13049,0,25 26,1
7701,'F2',817,,35222,13049,0,25 26,1,100,,35213,13049,0,25 26,1,100,,35209,13049,0,25 26,1,100,,35214,13049,0,25 26,1,100,,35210,13049,0,25 26,1,100,,35212,13049,0,25 26,1,100,,35215,13049,0,25 26,1,97,,35208,13049,0,25 26,1,103,,35216,13049,0,25 26,1,99,,35218,13049,0,25 26,1,101,,35217,13049,0,25 26,1,98,,35219,13049,0,25 26,1,99,,35220,13049,0,25 26,1,100,,35211,13049,0,25 26,1,100,,35221,13049,0,25 26,1
7701,'F7',656,,35229,13049,0,25 26,1,51,,35225,13049,0,25 26,1,7,,35232,13049,0,25 26,1,7,,35235,13049,0,25 26,1,13,,35226,13049,0,25 26,1,2,,35238,13049,0,25 26,1,8,,35231,13049,0,25 26,1,58,,35236,13049,0,25 26,1,34,,35240,13049,0,25 26,1,68,,35233,13049,0,25 26,1,27,,35239,13049,0,25 26,1,5,,35227,13049,0,25 26,1,70,,35237,13049,0,25 26,1,30,,35241,13049,0,25 26,1,70,,35234,13049,0,25 26,1,30,,35228,13049,0,25 26,1,70,,35243,13049,0,25 26,1,32,,35242,13049,0,25 26,1,70,,35245,13049,0,25 26,1,31,,35246,13049,0,25 26,1,73,,35244,13049,0,25 26,1,30,,35247,13049,0,25 26,1,70,,35251,13049,0,25 26,1,31,,35253,13049,0,25 26,1,60,,35255,13049,0,25 26,1,20,,35258,13049,0,25 26,1,20,,35248,13049,0,25 26,1,60,,35252,13049,0,25 26,1,16,,35230,13049,0,25 26,1,18,,35254,13049,0,25 26,1,22,,35256,13049,0,25 26,1,70,,35259,13049,0,25 26,1,24,,35249,13049,0,25 26,1,73,,35257,13049,0,25 26,1,31,,35250,13049,0,25 26,1,70,,35260,13049,0,25 26,1,31,,35261,13049,0,25 26,1,71,,35224,13049,0,25 26,1,22,,35223,13049,0,25 26,1
7701,'F8',817,,35276,13049,0,25 26,1,100,,35267,13049,0,25 26,1,100,,35263,13049,0,25 26,1,100,,35268,13049,0,25 26,1,100,,35264,13049,0,25 26,1,100,,35266,13049,0,25 26,1,100,,35269,13049,0,25 26,1,97,,35262,13049,0,25 26,1,103,,35270,13049,0,25 26,1,99,,35272,13049,0,25 26,1,101,,35271,13049,0,25 26,1,98,,35273,13049,0,25 26,1,99,,35274,13049,0,25 26,1,100,,35265,13049,0,25 26,1,100,,35275,13049,0,25 26,1
7701,'F9',817,,35279,13049,0,25 26,1,100,,35282,13049,0,25 26,1,100,,35280,13049,0,25 26,1,100,,35283,13049,0,25 26,1,100,,35281,13049,0,25 26,1,100,,35278,13049,0,25 26,1,100,,35284,13049,0,25 26,1,100,,35287,13049,0,25 26,1,100,,35277,13049,0,25 26,1,100,,35288,13049,0,25 26,1,100,,35289,13049,0,25 26,1,98,,35290,13049,0,25 26,1,99,,35285,13049,0,25 26,1,100,,35291,13049,0,25 26,1,100,,35286,13049,0,25 26,1
7701,'SA',817,,35305,13049,0,25 26,1,100,,35296,13049,0,25 26,1,100,,35293,13049,0,25 26,1,100,,35297,13049,0,25 26,1,100,,13757,13049,0,25 26,1,100,,35295,13049,0,25 26,1,100,,35298,13049,0,25 26,1,97,,35292,13049,0,25 26,1,103,,35299,13049,0,25 26,1,99,,35301,13049,0,25 26,1,101,,35300,13049,0,25 26,1,98,,35302,13049,0,25 26,1,99,,35303,13049,0,25 26,1,100,,35294,13049,0,25 26,1,100,,35304,13049,0,25 26,1
7701,'SE',656,,35312,13049,0,25 26,1,51,,35308,13049,0,25 26,1,7,,35315,13049,0,25 26,1,7,,35318,13049,0,25 26,1,13,,35309,13049,0,25 26,1,2,,35321,13049,0,25 26,1,8,,35314,13049,0,25 26,1,58,,35319,13049,0,25 26,1,34,,35323,13049,0,25 26,1,68,,35316,13049,0,25 26,1,27,,35322,13049,0,25 26,1,5,,35310,13049,0,25 26,1,70,,35320,13049,0,25 26,1,30,,35324,13049,0,25 26,1,70,,35317,13049,0,25 26,1,30,,35311,13049,0,25 26,1,70,,35326,13049,0,25 26,1,32,,35325,13049,0,25 26,1,70,,35328,13049,0,25 26,1,31,,35329,13049,0,25 26,1,73,,35327,13049,0,25 26,1,30,,35330,13049,0,25 26,1,70,,35334,13049,0,25 26,1,31,,35336,13049,0,25 26,1,60,,35338,13049,0,25 26,1,20,,35341,13049,0,25 26,1,20,,35331,13049,0,25 26,1,60,,35335,13049,0,25 26,1,16,,35313,13049,0,25 26,1,18,,35337,13049,0,25 26,1,22,,35339,13049,0,25 26,1,70,,13794,13049,0,25 26,1,24,,35332,13049,0,25 26,1,73,,35340,13049,0,25 26,1,31,,35333,13049,0,25 26,1,70,,35342,13049,0,25 26,1,31,,35343,13049,0,25 26,1,71,,35307,13049,0,25 26,1,22,,35306,13049,0,25 26,1
60500,'F7',1622,,40745,7283,,,2,1,,40746,7283,,,2
60500,'SE',1622,,40747,7283,,,2,1,,40748,7283,,,2
