4700,'DI',626,,30486,4380,,,1,100,,30472,4380,,,1,100,,30489,4380,,,1,100,,30490,4380,,,1,100,,30473,4380,,,1,100,,30478,4380,,,1,100,,30487,4380,,,1,100,,30474,4380,,,1,104,,30475,4380,,,1,91,,30481,4380,,,1,108,,30482,4380,,,1,102,,30476,4380,,,1,95,,30483,4380,,,1,96,,30479,4380,,,1,100,,30484,4380,,,1,100,,30477,4380,,,1,100,,30480,4380,,,1,100,,30485,4380,,,1,100,,30488,4380,,,1,100,,30491,4380,,,1
4700,'F1',626,,30505,4380,,,1,103,,30509,4380,,,1,101,,30494,4380,,,1,96,,30499,4380,,,1,96,,30495,4380,,,1,104,,30500,4380,,,1,100,,30492,4380,,,1,100,,30501,4380,,,1,95,,30493,4380,,,1,104,,30510,4380,,,1,100,,30506,4380,,,1,101,,30508,4380,,,1,100,,30507,4380,,,1,96,,30496,4380,,,1,100,,30511,4380,,,1,100,,30502,4380,,,1,100,,30503,4380,,,1,100,,30504,4380,,,1,100,,30497,4380,,,1,100,,30498,4380,,,1
4700,'F2',626,,30529,4380,,,1,103,,30515,4380,,,1,101,,30512,4380,,,1,96,,30519,4380,,,1,96,,30513,4380,,,1,104,,30520,4380,,,1,100,,30516,4380,,,1,100,,30521,4380,,,1,95,,30514,4380,,,1,104,,30517,4380,,,1,100,,30522,4380,,,1,101,,30518,4380,,,1,100,,30523,4380,,,1,96,,30526,4380,,,1,100,,30524,4380,,,1,100,,30525,4380,,,1,100,,30527,4380,,,1,100,,30528,4380,,,1,100,,30530,4380,,,1,100,,30531,4380,,,1
4700,'F7',626,,30542,4380,,,1,32,,30543,4380,,,1,69,,30541,4380,,,1,73,,30565,4380,,,1,34,,30545,4380,,,1,70,,30566,4380,,,1,30,,30558,4380,,,1,70,,30564,4380,,,1,30,,30544,4380,,,1,70,,30534,4380,,,1,30,,30561,4380,,,1,70,,30535,4380,,,1,30,,30536,4380,,,1,70,,30546,4380,,,1,30,,30570,4380,,,1,70,,30559,4380,,,1,30,,30537,4380,,,1,70,,30563,4380,,,1,28,,30549,4380,,,1,68,,30568,4380,,,1,36,,30547,4380,,,1,15,,30550,4380,,,1,55,,30553,4380,,,1,15,,30555,4380,,,1,15,,30562,4380,,,1,15,,30548,4380,,,1,55,,30554,4380,,,1,15,,30560,4380,,,1,15,,30556,4380,,,1,18,,30551,4380,,,1,68,,30567,4380,,,1,30,,30538,4380,,,1,70,,30569,4380,,,1,30,,30533,4380,,,1,70,,30540,4380,,,1,30,,30552,4380,,,1,100,,30532,4380,,,1,100,,30557,4380,,,1,100,,30539,4380,,,1
4700,'F8',626,,30588,4380,,,1,103,,30574,4380,,,1,101,,30571,4380,,,1,96,,30578,4380,,,1,96,,30572,4380,,,1,104,,30579,4380,,,1,100,,30575,4380,,,1,100,,30580,4380,,,1,95,,30573,4380,,,1,104,,30576,4380,,,1,100,,30581,4380,,,1,101,,30577,4380,,,1,100,,30582,4380,,,1,96,,30585,4380,,,1,100,,30583,4380,,,1,100,,30584,4380,,,1,100,,30586,4380,,,1,100,,30587,4380,,,1,100,,30589,4380,,,1,100,,30590,4380,,,1
4700,'F9',626,,30605,4380,,,1,100,,30591,4380,,,1,100,,30608,4380,,,1,100,,30609,4380,,,1,100,,30592,4380,,,1,100,,30597,4380,,,1,100,,30606,4380,,,1,100,,30593,4380,,,1,104,,30594,4380,,,1,91,,30600,4380,,,1,108,,30601,4380,,,1,102,,30595,4380,,,1,95,,30602,4380,,,1,96,,30598,4380,,,1,100,,30603,4380,,,1,100,,30596,4380,,,1,100,,30599,4380,,,1,100,,30604,4380,,,1,100,,30607,4380,,,1,100,,30610,4380,,,1
4700,'SA',626,,30628,4380,,,1,103,,30614,4380,,,1,101,,30611,4380,,,1,96,,30618,4380,,,1,96,,30612,4380,,,1,104,,30619,4380,,,1,100,,30615,4380,,,1,100,,30620,4380,,,1,95,,30613,4380,,,1,104,,30616,4380,,,1,100,,30621,4380,,,1,101,,30617,4380,,,1,100,,30622,4380,,,1,96,,30625,4380,,,1,100,,30623,4380,,,1,100,,30624,4380,,,1,100,,30626,4380,,,1,100,,30627,4380,,,1,100,,30629,4380,,,1,100,,30630,4380,,,1
4700,'SE',626,,30641,4380,,,1,32,,30642,4380,,,1,69,,30640,4380,,,1,73,,30662,4380,,,1,34,,30644,4380,,,1,70,,30663,4380,,,1,30,,30655,4380,,,1,70,,30661,4380,,,1,30,,30643,4380,,,1,70,,30633,4380,,,1,30,,30658,4380,,,1,70,,30634,4380,,,1,30,,30635,4380,,,1,70,,30645,4380,,,1,30,,30667,4380,,,1,70,,30656,4380,,,1,30,,30636,4380,,,1,70,,30660,4380,,,1,28,,30648,4380,,,1,68,,30665,4380,,,1,36,,30646,4380,,,1,15,,30649,4380,,,1,55,,9568,4380,,,1,15,,30652,4380,,,1,15,,30659,4380,,,1,15,,30647,4380,,,1,55,,9569,4380,,,1,15,,30657,4380,,,1,15,,30653,4380,,,1,18,,30650,4380,,,1,68,,30664,4380,,,1,30,,30637,4380,,,1,70,,30666,4380,,,1,30,,30632,4380,,,1,70,,30639,4380,,,1,30,,30651,4380,,,1,100,,30631,4380,,,1,100,,30654,4380,,,1,100,,30638,4380,,,1
4900,'DI',616,,30870,5577,4,,2,100,,30882,5577,4,,2,100,,30871,5577,4,,2,100,,30877,5577,4,,2,102,,30878,5577,4,,2,100,,30879,5577,4,,2,100,,30880,5577,4,,2,100,,30881,5577,4,,2,100,,30872,5577,4,,2,100,,30873,5577,4,,2,100,,30883,5577,4,,2,100,,30884,5577,4,,2,100,,30869,5577,4,,2,99,,30874,5577,4,,2,100,,30875,5577,4,,2,100,,30885,5577,4,,2,100,,30886,5577,4,,2,98,,30876,5577,4,,2,100,,30868,5577,4,,2
4900,'F1',616,,30888,5577,4,,2,100,,30887,5577,4,,2,100,,30898,5577,4,,2,100,,30904,5577,4,,2,102,,30905,5577,4,,2,100,,30906,5577,4,,2,100,,30891,5577,4,,2,100,,30892,5577,4,,2,100,,30893,5577,4,,2,100,,30894,5577,4,,2,100,,30895,5577,4,,2,100,,30896,5577,4,,2,100,,30897,5577,4,,2,99,,30900,5577,4,,2,100,,30901,5577,4,,2,100,,30889,5577,4,,2,100,,30890,5577,4,,2,98,,30902,5577,4,,2,100,,30899,5577,4,,2,100,,30903,5577,4,,2
4900,'F2',616,,30923,5577,4,,2,100,,30907,5577,4,,2,100,,30924,5577,4,,2,100,,30916,5577,4,,2,102,,30910,5577,4,,2,100,,30911,5577,4,,2,100,,30912,5577,4,,2,100,,30913,5577,4,,2,100,,30917,5577,4,,2,100,,30918,5577,4,,2,100,,30919,5577,4,,2,100,,30920,5577,4,,2,100,,30921,5577,4,,2,99,,30908,5577,4,,2,100,,30922,5577,4,,2,100,,30914,5577,4,,2,100,,30909,5577,4,,2,98,,30925,5577,4,,2,100,,30915,5577,4,,2,100,,30926,5577,4,,2
4900,'F7',616,,30945,5577,4,,2,20,,30958,5577,4,,2,15,,30934,5577,4,,2,55,,30948,5577,4,,2,15,,30927,5577,4,,2,16,,30946,5577,4,,2,14,,30949,5577,4,,2,55,,30943,5577,4,,2,15,,30947,5577,4,,2,15,,30950,5577,4,,2,20,,30944,5577,4,,2,60,,30951,5577,4,,2,101,,30959,5577,4,,2,100,,30935,5577,4,,2,101,,30928,5577,4,,2,100,,30936,5577,4,,2,97,,30938,5577,4,,2,100,,30932,5577,4,,2,103,,30931,5577,4,,2,12,,30960,5577,4,,2,19,,30939,5577,4,,2,51,,30955,5577,4,,2,15,,30952,5577,4,,2,15,,30962,5577,4,,2,15,,30956,5577,4,,2,55,,30953,5577,4,,2,15,,30940,5577,4,,2,14,,30957,5577,4,,2,15,,30954,5577,4,,2,71,,30961,5577,4,,2,100,,30929,5577,4,,2,100,,30941,5577,4,,2,100,,30930,5577,4,,2,99,,30942,5577,4,,2,100,,30937,5577,4,,2,100,,30933,5577,4,,2
4900,'F8',616,,30979,5577,4,,2,100,,30963,5577,4,,2,100,,30980,5577,4,,2,100,,30972,5577,4,,2,102,,30966,5577,4,,2,100,,30967,5577,4,,2,100,,30968,5577,4,,2,100,,30969,5577,4,,2,100,,30973,5577,4,,2,100,,30974,5577,4,,2,100,,30975,5577,4,,2,100,,30976,5577,4,,2,100,,30977,5577,4,,2,99,,30964,5577,4,,2,100,,30978,5577,4,,2,100,,30970,5577,4,,2,100,,30965,5577,4,,2,98,,30981,5577,4,,2,100,,30971,5577,4,,2,100,,30982,5577,4,,2
4900,'F9',616,,30985,5577,4,,2,100,,30997,5577,4,,2,100,,30986,5577,4,,2,100,,30992,5577,4,,2,102,,30993,5577,4,,2,100,,30994,5577,4,,2,100,,30995,5577,4,,2,100,,30996,5577,4,,2,100,,30987,5577,4,,2,100,,30988,5577,4,,2,100,,30998,5577,4,,2,100,,30999,5577,4,,2,100,,30984,5577,4,,2,99,,30989,5577,4,,2,100,,30990,5577,4,,2,100,,31000,5577,4,,2,100,,31001,5577,4,,2,98,,30991,5577,4,,2,100,,30983,5577,4,,2
4900,'SA',616,,31018,5577,4,,2,100,,31002,5577,4,,2,100,,31019,5577,4,,2,100,,31011,5577,4,,2,102,,31005,5577,4,,2,100,,31006,5577,4,,2,100,,31007,5577,4,,2,100,,31008,5577,4,,2,100,,31012,5577,4,,2,100,,31013,5577,4,,2,100,,31014,5577,4,,2,100,,31015,5577,4,,2,100,,31016,5577,4,,2,99,,31003,5577,4,,2,100,,31017,5577,4,,2,100,,31009,5577,4,,2,100,,31004,5577,4,,2,98,,31020,5577,4,,2,100,,31010,5577,4,,2,100,,31021,5577,4,,2
4900,'SE',616,,31040,5577,4,,2,20,,31053,5577,4,,2,15,,31029,5577,4,,2,55,,31043,5577,4,,2,15,,31022,5577,4,,2,16,,31041,5577,4,,2,14,,31044,5577,4,,2,55,,31038,5577,4,,2,15,,31042,5577,4,,2,15,,31045,5577,4,,2,20,,31039,5577,4,,2,60,,31046,5577,4,,2,101,,31054,5577,4,,2,100,,31030,5577,4,,2,101,,31023,5577,4,,2,100,,31031,5577,4,,2,97,,31033,5577,4,,2,100,,31027,5577,4,,2,103,,31026,5577,4,,2,12,,31055,5577,4,,2,19,,31034,5577,4,,2,51,,31050,5577,4,,2,15,,31047,5577,4,,2,15,,31057,5577,4,,2,15,,31051,5577,4,,2,55,,31048,5577,4,,2,15,,31035,5577,4,,2,14,,31052,5577,4,,2,15,,31049,5577,4,,2,71,,31056,5577,4,,2,100,,31024,5577,4,,2,100,,31036,5577,4,,2,100,,31025,5577,4,,2,99,,31037,5577,4,,2,100,,31032,5577,4,,2,100,,31028,5577,4,,2
4901,'DI',616,,31060,0,,,2,100,,31072,0,,,2,100,,31061,0,,,2,100,,31067,0,,,2,102,,31068,0,,,2,100,,31069,0,,,2,100,,31070,0,,,2,100,,31071,0,,,2,100,,31062,0,,,2,100,,31063,0,,,2,100,,31073,0,,,2,100,,31074,0,,,2,100,,31059,0,,,2,99,,31064,0,,,2,100,,31065,0,,,2,100,,31075,0,,,2,100,,31076,0,,,2,98,,31066,0,,,2,100,,31058,0,,,2
4901,'F1',616,,31078,0,,,2,100,,31077,0,,,2,100,,31088,0,,,2,100,,31094,0,,,2,102,,31095,0,,,2,100,,31096,0,,,2,100,,31081,0,,,2,100,,31082,0,,,2,100,,31083,0,,,2,100,,31084,0,,,2,100,,31085,0,,,2,100,,31086,0,,,2,100,,31087,0,,,2,99,,31090,0,,,2,100,,31091,0,,,2,100,,31079,0,,,2,100,,31080,0,,,2,98,,31092,0,,,2,100,,31089,0,,,2,100,,31093,0,,,2
4901,'F2',616,,31113,0,,,2,100,,31097,0,,,2,100,,31114,0,,,2,100,,31106,0,,,2,102,,31100,0,,,2,100,,31101,0,,,2,100,,31102,0,,,2,100,,31103,0,,,2,100,,31107,0,,,2,100,,31108,0,,,2,100,,31109,0,,,2,100,,31110,0,,,2,100,,31111,0,,,2,99,,31098,0,,,2,100,,31112,0,,,2,100,,31104,0,,,2,100,,31099,0,,,2,98,,31115,0,,,2,100,,31105,0,,,2,100,,31116,0,,,2
4901,'F7',616,,31135,0,,,2,20,,31148,0,,,2,15,,31124,0,,,2,55,,31138,0,,,2,15,,31117,0,,,2,16,,31136,0,,,2,14,,31139,0,,,2,55,,31133,0,,,2,15,,31137,0,,,2,15,,31140,0,,,2,20,,31134,0,,,2,60,,31141,0,,,2,101,,31149,0,,,2,100,,31125,0,,,2,101,,31118,0,,,2,100,,31126,0,,,2,97,,31128,0,,,2,100,,31122,0,,,2,103,,31121,0,,,2,12,,31150,0,,,2,19,,31129,0,,,2,51,,31145,0,,,2,15,,31142,0,,,2,15,,31152,0,,,2,15,,31146,0,,,2,55,,31143,0,,,2,15,,31130,0,,,2,14,,31147,0,,,2,15,,31144,0,,,2,71,,31151,0,,,2,100,,31119,0,,,2,100,,31131,0,,,2,100,,31120,0,,,2,99,,31132,0,,,2,100,,31127,0,,,2,100,,31123,0,,,2
4901,'F8',616,,31169,0,,,2,100,,31153,0,,,2,100,,31170,0,,,2,100,,31162,0,,,2,102,,31156,0,,,2,100,,31157,0,,,2,100,,31158,0,,,2,100,,31159,0,,,2,100,,31163,0,,,2,100,,31164,0,,,2,100,,31165,0,,,2,100,,31166,0,,,2,100,,31167,0,,,2,99,,31154,0,,,2,100,,31168,0,,,2,100,,31160,0,,,2,100,,31155,0,,,2,98,,31171,0,,,2,100,,31161,0,,,2,100,,31172,0,,,2
4901,'F9',616,,31175,0,,,2,100,,31187,0,,,2,100,,31176,0,,,2,100,,31182,0,,,2,102,,31183,0,,,2,100,,31184,0,,,2,100,,31185,0,,,2,100,,31186,0,,,2,100,,31177,0,,,2,100,,31178,0,,,2,100,,31188,0,,,2,100,,31189,0,,,2,100,,31174,0,,,2,99,,31179,0,,,2,100,,31180,0,,,2,100,,31190,0,,,2,100,,31191,0,,,2,98,,31181,0,,,2,100,,31173,0,,,2
4901,'SA',616,,31208,0,,,2,100,,31192,0,,,2,100,,31209,0,,,2,100,,31201,0,,,2,102,,31195,0,,,2,100,,31196,0,,,2,100,,31197,0,,,2,100,,31198,0,,,2,100,,31202,0,,,2,100,,31203,0,,,2,100,,31204,0,,,2,100,,31205,0,,,2,100,,31206,0,,,2,99,,31193,0,,,2,100,,31207,0,,,2,100,,31199,0,,,2,100,,31194,0,,,2,98,,31210,0,,,2,100,,31200,0,,,2,100,,31211,0,,,2
4901,'SE',616,,31230,0,,,2,20,,31243,0,,,2,15,,31219,0,,,2,55,,31233,0,,,2,15,,31212,0,,,2,16,,31231,0,,,2,14,,31234,0,,,2,55,,31228,0,,,2,15,,31232,0,,,2,15,,31235,0,,,2,20,,31229,0,,,2,60,,31236,0,,,2,101,,31244,0,,,2,100,,31220,0,,,2,101,,31213,0,,,2,100,,31221,0,,,2,97,,31223,0,,,2,100,,31217,0,,,2,103,,31216,0,,,2,12,,31245,0,,,2,19,,31224,0,,,2,51,,31240,0,,,2,15,,31237,0,,,2,15,,31247,0,,,2,15,,31241,0,,,2,55,,31238,0,,,2,15,,31225,0,,,2,14,,31242,0,,,2,15,,31239,0,,,2,71,,31246,0,,,2,100,,31214,0,,,2,100,,31226,0,,,2,100,,31215,0,,,2,99,,31227,0,,,2,100,,31222,0,,,2,100,,31218,0,,,2
54900,'F7',1638,,40705,8689,,,2
54900,'SE',1638,,40706,8689,,,2
54901,'F7',859,,40707,0,,,2
54901,'SE',859,,40708,0,,,2
69000,'F7',1615,,40915,3804,,,2,1,,40914,3804,,,2
69000,'SE',1615,,40917,3804,,,2,1,,40916,3804,,,2
69001,'F7',843,,40919,1292,,,2,1,,40918,1292,,,2
69001,'SE',843,,40921,1292,,,2,1,,40920,1292,,,2
