401,'DI',714,,21399,7826,,,1,30,,21385,7826,,,1,70,,21392,7826,,,1,32,,21405,7826,,,1,70,,21407,7826,,,1,30,,21386,7826,,,1,70,,21393,7826,,,1,30,,21406,7826,,,1,70,,21408,7826,,,1,30,,21387,7826,,,1,70,,21413,7826,,,1,30,,21414,7826,,,1,70,,21409,7826,,,1,31,,21388,7826,,,1,69,,21394,7826,,,1,30,,21416,7826,,,1,70,,21397,7826,,,1,32,,21389,7826,,,1,69,,21395,7826,,,1,30,,21417,7826,,,1,74,,21398,7826,,,1,25,,21410,7826,,,1,70,,21415,7826,,,1,30,,21412,7826,,,1,70,,21390,7826,,,1,31,,21411,7826,,,1,69,,21400,7826,,,1,30,,21383,7826,,,1,70,,21396,7826,,,1,100,,21402,7826,,,1,100,,21404,7826,,,1,100,,21401,7826,,,1
401,'F1',714,,21423,7826,,,1,30,,21419,7826,,,1,70,,21427,7826,,,1,32,,21448,7826,,,1,70,,21424,7826,,,1,30,,21420,7826,,,1,70,,21438,7826,,,1,30,,21449,7826,,,1,70,,1236,7826,,,1,30,,21446,7826,,,1,72,,21428,7826,,,1,30,,21450,7826,,,1,70,,21431,7826,,,1,30,,21439,7826,,,1,70,,21421,7826,,,1,30,,21430,7826,,,1,70,,21447,7826,,,1,30,,21440,7826,,,1,70,,21436,7826,,,1,30,,21441,7826,,,1,70,,21435,7826,,,1,30,,21444,7826,,,1,68,,21445,7826,,,1,30,,21422,7826,,,1,70,,21433,7826,,,1,30,,21443,7826,,,1,70,,21432,7826,,,1,30,,21437,7826,,,1,70,,21425,7826,,,1,100,,21442,7826,,,1,100,,1223,7826,,,1,100,,21434,7826,,,1
401,'F2',714,,21456,7826,,,1,30,,21453,7826,,,1,70,,21460,7826,,,1,32,,21462,7826,,,1,70,,21457,7826,,,1,30,,21454,7826,,,1,70,,21480,7826,,,1,30,,21463,7826,,,1,70,,21474,7826,,,1,30,,21484,7826,,,1,72,,21472,7826,,,1,30,,21483,7826,,,1,70,,21467,7826,,,1,30,,21451,7826,,,1,70,,21464,7826,,,1,30,,21475,7826,,,1,70,,21485,7826,,,1,30,,21482,7826,,,1,70,,21471,7826,,,1,30,,21477,7826,,,1,70,,21470,7826,,,1,30,,21458,7826,,,1,68,,21476,7826,,,1,30,,21466,7826,,,1,70,,21455,7826,,,1,30,,21479,7826,,,1,70,,21465,7826,,,1,30,,21478,7826,,,1,70,,21481,7826,,,1,100,,21473,7826,,,1,100,,21469,7826,,,1,100,,21468,7826,,,1
401,'F7',630,,21512,7826,,,1,21,,21488,7826,,,1,71,,21486,7826,,,1,34,,21489,7826,,,1,73,,21521,7826,,,1,30,,21497,7826,,,1,72,,21504,7826,,,1,70,,21513,7826,,,1,30,,21523,7826,,,1,70,,21515,7826,,,1,30,,21490,7826,,,1,70,,21508,7826,,,1,31,,21511,7826,,,1,72,,21509,7826,,,1,30,,21498,7826,,,1,70,,21507,7826,,,1,26,,21487,7826,,,1,74,,21519,7826,,,1,15,,21516,7826,,,1,23,,21491,7826,,,1,61,,21510,7826,,,1,19,,21493,7826,,,1,20,,21494,7826,,,1,63,,21514,7826,,,1,17,,21522,7826,,,1,20,,21518,7826,,,1,64,,21503,7826,,,1,16,,21517,7826,,,1,27,,21492,7826,,,1,70,,21520,7826,,,1,27,,21500,7826,,,1,69,,21495,7826,,,1,30,,21506,7826,,,1,70,,21524,7826,,,1,30,,21525,7826,,,1,100,,21496,7826,,,1,98,,21502,7826,,,1,100,,21505,7826,,,1
401,'F8',714,,21531,7826,,,1,30,,21528,7826,,,1,70,,21535,7826,,,1,32,,21537,7826,,,1,70,,21532,7826,,,1,30,,21529,7826,,,1,70,,21555,7826,,,1,30,,21538,7826,,,1,70,,21549,7826,,,1,30,,21559,7826,,,1,72,,21547,7826,,,1,30,,21558,7826,,,1,70,,21542,7826,,,1,30,,21526,7826,,,1,70,,21539,7826,,,1,30,,21550,7826,,,1,70,,21560,7826,,,1,30,,21557,7826,,,1,70,,21546,7826,,,1,30,,21552,7826,,,1,70,,21545,7826,,,1,30,,21533,7826,,,1,68,,21551,7826,,,1,30,,21541,7826,,,1,70,,21530,7826,,,1,30,,21554,7826,,,1,70,,21540,7826,,,1,30,,21553,7826,,,1,70,,21556,7826,,,1,100,,21548,7826,,,1,100,,21544,7826,,,1,100,,21543,7826,,,1
401,'F9',714,,21577,7826,,,1,30,,21563,7826,,,1,70,,21570,7826,,,1,32,,21583,7826,,,1,70,,21585,7826,,,1,30,,21564,7826,,,1,70,,21571,7826,,,1,30,,21584,7826,,,1,70,,21586,7826,,,1,30,,21565,7826,,,1,70,,21591,7826,,,1,30,,21592,7826,,,1,70,,21587,7826,,,1,31,,21566,7826,,,1,69,,21572,7826,,,1,30,,21594,7826,,,1,70,,21575,7826,,,1,32,,21567,7826,,,1,69,,21573,7826,,,1,30,,21595,7826,,,1,74,,21576,7826,,,1,25,,21588,7826,,,1,70,,21593,7826,,,1,30,,21590,7826,,,1,70,,21568,7826,,,1,31,,21589,7826,,,1,69,,21578,7826,,,1,30,,21561,7826,,,1,70,,21574,7826,,,1,100,,21580,7826,,,1,100,,21582,7826,,,1,100,,21579,7826,,,1
401,'SA',714,,1358,7826,,,1,30,,21597,7826,,,1,70,,1361,7826,,,1,32,,1363,7826,,,1,70,,1359,7826,,,1,30,,21598,7826,,,1,70,,21616,7826,,,1,30,,1364,7826,,,1,70,,21610,7826,,,1,30,,21620,7826,,,1,72,,21608,7826,,,1,30,,21619,7826,,,1,70,,21603,7826,,,1,30,,1356,7826,,,1,70,,1365,7826,,,1,30,,21611,7826,,,1,70,,21621,7826,,,1,30,,21618,7826,,,1,70,,21607,7826,,,1,30,,21613,7826,,,1,70,,21606,7826,,,1,30,,21600,7826,,,1,68,,21612,7826,,,1,30,,21602,7826,,,1,70,,21599,7826,,,1,30,,21615,7826,,,1,70,,21601,7826,,,1,30,,21614,7826,,,1,70,,21617,7826,,,1,100,,21609,7826,,,1,100,,21605,7826,,,1,100,,21604,7826,,,1
401,'SE',630,,21647,7826,,,1,21,,21624,7826,,,1,71,,21622,7826,,,1,34,,21625,7826,,,1,73,,21653,7826,,,1,30,,21633,7826,,,1,72,,21640,7826,,,1,70,,1417,7826,,,1,30,,21655,7826,,,1,70,,21649,7826,,,1,30,,21626,7826,,,1,70,,21644,7826,,,1,31,,1416,7826,,,1,72,,21645,7826,,,1,30,,21634,7826,,,1,70,,21643,7826,,,1,26,,21623,7826,,,1,74,,21651,7826,,,1,15,,1420,7826,,,1,23,,21627,7826,,,1,61,,21646,7826,,,1,19,,21629,7826,,,1,20,,21630,7826,,,1,63,,21648,7826,,,1,17,,21654,7826,,,1,20,,21650,7826,,,1,64,,21639,7826,,,1,16,,1421,7826,,,1,27,,21628,7826,,,1,70,,21652,7826,,,1,27,,21636,7826,,,1,69,,21631,7826,,,1,30,,21642,7826,,,1,70,,21656,7826,,,1,30,,21657,7826,,,1,100,,21632,7826,,,1,98,,21638,7826,,,1,100,,21641,7826,,,1
3400,'F7',647,,28838,2226,0,27,2,80,,28837,2226,0,27,2,29,,28839,2226,0,27,2,69,,28840,2226,0,27,2
3400,'SE',647,,28848,2226,0,27,2,80,,28847,2226,0,27,2,29,,28849,2226,0,27,2,69,,28850,2226,0,27,2
