1601,'DI',550,,25074,4367,,,2,100,,25075,4367,,,2,70,,25066,4367,,,2,30,,25076,4367,,,2,70,,25067,4367,,,2,30,,25077,4367,,,2,70,,25068,4367,,,2,30,,25078,4367,,,2,70,,25069,4367,,,2,30,,25079,4367,,,2,70,,25070,4367,,,2,30,,25080,4367,,,2,68,,25071,4367,,,2,32,,25081,4367,,,2,73,,25072,4367,,,2,27,,25082,4367,,,2,70,,25073,4367,,,2,30,,25083,4367,,,2,70,,25085,4367,,,2,30,,25084,4367,,,2,70,,25086,4367,,,2,30,,25088,4367,,,2,70,,25087,4367,,,2,30,,25089,4367,,,2,100,,25090,4367,,,2,100,,25091,4367,,,2,100,,25092,4367,,,2,100,,25093,4367,,,2,100,,25094,4367,,,2,100,,25095,4367,,,2,100,,25096,4367,,,2
1601,'F1',550,,25102,4367,,,2,100,,25103,4367,,,2,68,,25111,4367,,,2,32,,25104,4367,,,2,70,,25112,4367,,,2,30,,25105,4367,,,2,70,,25113,4367,,,2,30,,25106,4367,,,2,70,,25114,4367,,,2,30,,25107,4367,,,2,70,,25115,4367,,,2,30,,25108,4367,,,2,70,,25116,4367,,,2,30,,25109,4367,,,2,70,,25123,4367,,,2,30,,25110,4367,,,2,70,,25124,4367,,,2,30,,25117,4367,,,2,70,,25125,4367,,,2,30,,25118,4367,,,2,70,,25126,4367,,,2,30,,25119,4367,,,2,67,,25127,4367,,,2,33,,25120,4367,,,2,100,,25121,4367,,,2,100,,25122,4367,,,2,100,,25097,4367,,,2,100,,25098,4367,,,2,100,,25099,4367,,,2,100,,25100,4367,,,2,100,,25101,4367,,,2
1601,'F2',550,,25133,4367,,,2,100,,25134,4367,,,2,68,,25137,4367,,,2,32,,25135,4367,,,2,70,,25138,4367,,,2,30,,25136,4367,,,2,70,,25139,4367,,,2,30,,25155,4367,,,2,70,,25140,4367,,,2,30,,25156,4367,,,2,70,,25141,4367,,,2,30,,25157,4367,,,2,70,,25142,4367,,,2,30,,25158,4367,,,2,70,,25148,4367,,,2,30,,25128,4367,,,2,70,,25149,4367,,,2,30,,25129,4367,,,2,70,,25150,4367,,,2,30,,25130,4367,,,2,70,,25151,4367,,,2,30,,25131,4367,,,2,67,,25152,4367,,,2,33,,25132,4367,,,2,100,,25143,4367,,,2,100,,25144,4367,,,2,100,,25145,4367,,,2,100,,25146,4367,,,2,100,,25147,4367,,,2,100,,25153,4367,,,2,100,,25154,4367,,,2
1601,'F7',519,,25194,4367,,,2,30,,25199,4367,,,2,55,,25171,4367,,,2,17,,25160,4367,,,2,15,,25209,4367,,,2,13,,25200,4367,,,2,52,,25164,4367,,,2,10,,25204,4367,,,2,7,,25210,4367,,,2,8,,25184,4367,,,2,6,,25185,4367,,,2,5,,25161,4367,,,2,5,,25205,4367,,,2,4,,25169,4367,,,2,6,,25163,4367,,,2,51,,25162,4367,,,2,10,,25165,4367,,,2,10,,25183,4367,,,2,9,,25211,4367,,,2,13,,25186,4367,,,2,13,,25170,4367,,,2,65,,25159,4367,,,2,30,,25195,4367,,,2,70,,25174,4367,,,2,30,,25172,4367,,,2,70,,25207,4367,,,2,30,,25201,4367,,,2,70,,25196,4367,,,2,30,,25173,4367,,,2,70,,25167,4367,,,2,30,,25197,4367,,,2,70,,25175,4367,,,2,31,,25212,4367,,,2,59,,25187,4367,,,2,21,,25176,4367,,,2,15,,25198,4367,,,2,55,,25213,4367,,,2,14,,25208,4367,,,2,15,,25168,4367,,,2,11,,25214,4367,,,2,12,,25190,4367,,,2,52,,25193,4367,,,2,12,,25203,4367,,,2,12,,25166,4367,,,2,24,,25189,4367,,,2,61,,25206,4367,,,2,27,,25188,4367,,,2,80,,25202,4367,,,2,27,,25177,4367,,,2,70,,25191,4367,,,2,28,,25178,4367,,,2,70,,25192,4367,,,2,30,,25179,4367,,,2,99,,25180,4367,,,2,100,,25181,4367,,,2,100,,25182,4367,,,2
1601,'F8',550,,25220,4367,,,2,100,,25221,4367,,,2,68,,25224,4367,,,2,32,,25222,4367,,,2,70,,25225,4367,,,2,30,,25223,4367,,,2,70,,25226,4367,,,2,30,,25242,4367,,,2,70,,25227,4367,,,2,30,,25243,4367,,,2,70,,25228,4367,,,2,30,,25244,4367,,,2,70,,25229,4367,,,2,30,,25245,4367,,,2,70,,25235,4367,,,2,30,,25215,4367,,,2,70,,25236,4367,,,2,30,,25216,4367,,,2,70,,25237,4367,,,2,30,,25217,4367,,,2,70,,25238,4367,,,2,30,,25218,4367,,,2,67,,25239,4367,,,2,33,,25219,4367,,,2,100,,25230,4367,,,2,100,,25231,4367,,,2,100,,25232,4367,,,2,100,,25233,4367,,,2,100,,25234,4367,,,2,100,,25240,4367,,,2,100,,25241,4367,,,2
1601,'F9',550,,25254,4367,,,2,100,,25255,4367,,,2,70,,25246,4367,,,2,30,,25256,4367,,,2,70,,25247,4367,,,2,30,,25257,4367,,,2,70,,25248,4367,,,2,30,,25258,4367,,,2,70,,25249,4367,,,2,30,,25259,4367,,,2,70,,25250,4367,,,2,30,,25260,4367,,,2,68,,25251,4367,,,2,32,,25261,4367,,,2,73,,25252,4367,,,2,27,,25262,4367,,,2,70,,25253,4367,,,2,30,,25263,4367,,,2,70,,25265,4367,,,2,30,,25264,4367,,,2,70,,25266,4367,,,2,30,,25268,4367,,,2,70,,25267,4367,,,2,30,,25269,4367,,,2,100,,25270,4367,,,2,100,,25271,4367,,,2,100,,25272,4367,,,2,100,,25273,4367,,,2,100,,25274,4367,,,2,100,,25275,4367,,,2,100,,25276,4367,,,2
1601,'SA',550,,25282,4367,,,2,100,,25283,4367,,,2,68,,25286,4367,,,2,32,,25284,4367,,,2,70,,25287,4367,,,2,30,,25285,4367,,,2,70,,25288,4367,,,2,30,,25304,4367,,,2,70,,25289,4367,,,2,30,,25305,4367,,,2,70,,25290,4367,,,2,30,,25306,4367,,,2,70,,25291,4367,,,2,30,,25307,4367,,,2,70,,25297,4367,,,2,30,,25277,4367,,,2,70,,25298,4367,,,2,30,,25278,4367,,,2,70,,25299,4367,,,2,30,,25279,4367,,,2,70,,25300,4367,,,2,30,,25280,4367,,,2,67,,25301,4367,,,2,33,,25281,4367,,,2,100,,25292,4367,,,2,100,,25293,4367,,,2,100,,25294,4367,,,2,100,,25295,4367,,,2,100,,25296,4367,,,2,100,,25302,4367,,,2,100,,25303,4367,,,2
1601,'SE',519,,25342,4367,,,2,30,,25347,4367,,,2,55,,25320,4367,,,2,17,,25309,4367,,,2,15,,25357,4367,,,2,13,,25348,4367,,,2,52,,25313,4367,,,2,10,,25352,4367,,,2,7,,25358,4367,,,2,8,,4744,4367,,,2,6,,25333,4367,,,2,5,,25310,4367,,,2,5,,25353,4367,,,2,4,,25318,4367,,,2,6,,25312,4367,,,2,51,,25311,4367,,,2,10,,25314,4367,,,2,10,,25332,4367,,,2,9,,25359,4367,,,2,13,,25334,4367,,,2,13,,25319,4367,,,2,65,,25308,4367,,,2,30,,25343,4367,,,2,70,,25323,4367,,,2,30,,25321,4367,,,2,70,,25355,4367,,,2,30,,25349,4367,,,2,70,,25344,4367,,,2,30,,25322,4367,,,2,70,,25316,4367,,,2,30,,25345,4367,,,2,70,,25324,4367,,,2,31,,25360,4367,,,2,59,,25335,4367,,,2,21,,25325,4367,,,2,15,,25346,4367,,,2,55,,25361,4367,,,2,14,,25356,4367,,,2,15,,25317,4367,,,2,11,,25362,4367,,,2,12,,25338,4367,,,2,52,,25341,4367,,,2,12,,25351,4367,,,2,12,,25315,4367,,,2,24,,25337,4367,,,2,61,,25354,4367,,,2,27,,25336,4367,,,2,80,,25350,4367,,,2,27,,25326,4367,,,2,70,,25339,4367,,,2,28,,25327,4367,,,2,70,,25340,4367,,,2,30,,25328,4367,,,2,99,,25329,4367,,,2,100,,25330,4367,,,2,100,,25331,4367,,,2
62000,'F7',1530,,40782,265,,,2
62000,'SE',1530,,40783,265,,,2
