6101,'DI',711,,11370,6427,,,2,30,,11367,6427,,,2,72,,11373,6427,,,2,17,,11371,6427,,,2,70,,11368,6427,,,2,30,,11374,6427,,,2,70,,11372,6427,,,2,30,,11369,6427,,,2,70,,11375,6427,,,2,30,,11376,6427,,,2,70,,11380,6427,,,2,30,,11384,6427,,,2,70,,11377,6427,,,2,30,,11381,6427,,,2,70,,11385,6427,,,2,30,,11378,6427,,,2,70,,11382,6427,,,2,30,,11386,6427,,,2,70,,11379,6427,,,2,34,,11383,6427,,,2,21,,11387,6427,,,2,75,,11389,6427,,,2,20,,11392,6427,,,2,80,,11388,6427,,,2,25,,11390,6427,,,2,70,,11393,6427,,,2,85,,11391,6427,,,2,100,,11394,6427,,,2,100,,11395,6427,,,2,100,,11396,6427,,,2,100,,11397,6427,,,2,100,,11398,6427,,,2
6101,'F1',711,,11402,6427,,,2,30,,11399,6427,,,2,72,,11405,6427,,,2,17,,11403,6427,,,2,70,,11400,6427,,,2,30,,11406,6427,,,2,70,,11404,6427,,,2,30,,11401,6427,,,2,70,,11407,6427,,,2,30,,11408,6427,,,2,70,,11412,6427,,,2,30,,11414,6427,,,2,70,,11409,6427,,,2,30,,11413,6427,,,2,70,,11415,6427,,,2,30,,11410,6427,,,2,70,,11416,6427,,,2,30,,11420,6427,,,2,70,,11411,6427,,,2,34,,11417,6427,,,2,21,,11421,6427,,,2,75,,11423,6427,,,2,20,,11418,6427,,,2,80,,11422,6427,,,2,25,,11424,6427,,,2,70,,11419,6427,,,2,85,,11425,6427,,,2,100,,11427,6427,,,2,100,,11426,6427,,,2,100,,11429,6427,,,2,100,,11428,6427,,,2,100,,11430,6427,,,2
6101,'F7',711,,11434,6427,,,2,30,,11431,6427,,,2,72,,11437,6427,,,2,17,,11435,6427,,,2,70,,11432,6427,,,2,30,,11438,6427,,,2,70,,11436,6427,,,2,30,,11433,6427,,,2,70,,11439,6427,,,2,30,,11440,6427,,,2,70,,11444,6427,,,2,30,,11448,6427,,,2,70,,11441,6427,,,2,30,,11445,6427,,,2,70,,11449,6427,,,2,30,,11442,6427,,,2,70,,11446,6427,,,2,30,,11450,6427,,,2,70,,11443,6427,,,2,34,,11447,6427,,,2,21,,11451,6427,,,2,75,,11453,6427,,,2,20,,11456,6427,,,2,80,,11452,6427,,,2,25,,11454,6427,,,2,70,,11457,6427,,,2,85,,11455,6427,,,2,100,,11458,6427,,,2,100,,11459,6427,,,2,100,,11460,6427,,,2,100,,11461,6427,,,2,100,,11462,6427,,,2
6101,'F8',549,,11512,6427,,,2,70,,11514,6427,,,2,10,,11467,6427,,,2,15,,11470,6427,,,2,9,,11464,6427,,,2,54,,11473,6427,,,2,14,,11463,6427,,,2,7,,11477,6427,,,2,18,,11471,6427,,,2,9,,11476,6427,,,2,59,,11468,6427,,,2,24,,11465,6427,,,2,62,,11474,6427,,,2,15,,11478,6427,,,2,36,,11469,6427,,,2,70,,11466,6427,,,2,30,,11475,6427,,,2,72,,11513,6427,,,2,30,,11472,6427,,,2,70,,11479,6427,,,2,31,,11483,6427,,,2,70,,11480,6427,,,2,30,,11481,6427,,,2,73,,11485,6427,,,2,21,,11487,6427,,,2,67,,11490,6427,,,2,23,,11482,6427,,,2,20,,11484,6427,,,2,64,,11492,6427,,,2,4,,11494,6427,,,2,25,,11488,6427,,,2,7,,11489,6427,,,2,54,,11495,6427,,,2,13,,11496,6427,,,2,14,,11486,6427,,,2,15,,11499,6427,,,2,46,,11502,6427,,,2,16,,11493,6427,,,2,14,,11491,6427,,,2,24,,11504,6427,,,2,64,,11497,6427,,,2,28,,11507,6427,,,2,69,,11510,6427,,,2,30,,11500,6427,,,2,69,,11503,6427,,,2,29,,11511,6427,,,2,70,,11498,6427,,,2,29,,11508,6427,,,2,70,,11505,6427,,,2,29,,11501,6427,,,2,68,,11509,6427,,,2,30,,11506,6427,,,2
6101,'F9',711,,11518,6427,,,2,30,,11515,6427,,,2,72,,11521,6427,,,2,17,,11519,6427,,,2,70,,11516,6427,,,2,30,,11522,6427,,,2,70,,11520,6427,,,2,30,,11517,6427,,,2,70,,11523,6427,,,2,30,,11524,6427,,,2,70,,11528,6427,,,2,30,,11530,6427,,,2,70,,11525,6427,,,2,30,,11529,6427,,,2,70,,11531,6427,,,2,30,,11526,6427,,,2,70,,11532,6427,,,2,30,,11536,6427,,,2,70,,11527,6427,,,2,34,,11533,6427,,,2,21,,11537,6427,,,2,75,,11539,6427,,,2,20,,11534,6427,,,2,80,,11538,6427,,,2,25,,11540,6427,,,2,70,,11535,6427,,,2,85,,11541,6427,,,2,100,,11543,6427,,,2,100,,11542,6427,,,2,100,,11545,6427,,,2,100,,11544,6427,,,2,100,,11546,6427,,,2
6101,'SA',711,,11550,6427,,,2,30,,11547,6427,,,2,72,,11553,6427,,,2,17,,11551,6427,,,2,70,,11548,6427,,,2,30,,11554,6427,,,2,70,,11552,6427,,,2,30,,11549,6427,,,2,70,,11555,6427,,,2,30,,11556,6427,,,2,70,,11560,6427,,,2,30,,11562,6427,,,2,70,,11557,6427,,,2,30,,11561,6427,,,2,70,,11563,6427,,,2,30,,11558,6427,,,2,70,,11564,6427,,,2,30,,11568,6427,,,2,70,,11559,6427,,,2,34,,11565,6427,,,2,21,,11569,6427,,,2,75,,11571,6427,,,2,20,,11566,6427,,,2,80,,11570,6427,,,2,25,,11572,6427,,,2,70,,11567,6427,,,2,85,,11573,6427,,,2,100,,11575,6427,,,2,100,,11574,6427,,,2,100,,11577,6427,,,2,100,,11576,6427,,,2,100,,11578,6427,,,2
6101,'SE',549,,11628,6427,,,2,70,,11630,6427,,,2,10,,11583,6427,,,2,15,,11586,6427,,,2,9,,11580,6427,,,2,54,,11589,6427,,,2,14,,11579,6427,,,2,7,,11593,6427,,,2,18,,11587,6427,,,2,9,,11592,6427,,,2,59,,11584,6427,,,2,24,,11581,6427,,,2,62,,11590,6427,,,2,15,,11594,6427,,,2,36,,11585,6427,,,2,70,,11582,6427,,,2,30,,11591,6427,,,2,72,,11629,6427,,,2,30,,11588,6427,,,2,70,,11595,6427,,,2,31,,11599,6427,,,2,70,,11596,6427,,,2,30,,11597,6427,,,2,73,,11601,6427,,,2,21,,11603,6427,,,2,67,,11606,6427,,,2,23,,11598,6427,,,2,20,,11600,6427,,,2,64,,11608,6427,,,2,4,,11610,6427,,,2,25,,11604,6427,,,2,7,,11605,6427,,,2,54,,11611,6427,,,2,13,,11612,6427,,,2,14,,11602,6427,,,2,15,,11615,6427,,,2,46,,11618,6427,,,2,16,,11609,6427,,,2,14,,11607,6427,,,2,24,,11620,6427,,,2,64,,11613,6427,,,2,28,,11623,6427,,,2,69,,11626,6427,,,2,30,,11616,6427,,,2,69,,11619,6427,,,2,29,,11627,6427,,,2,70,,11614,6427,,,2,29,,11624,6427,,,2,70,,11621,6427,,,2,29,,11617,6427,,,2,68,,11625,6427,,,2,30,,11622,6427,,,2
8200,'F8',1601,,14468,18251,0,9 14,2,30,,14465,18251,0,9 14,2,27,,14464,18251,0,9 14,2,64,,14466,18251,0,9 14,2,24,,14463,18251,0,9 14,2,70,,14467,18251,0,9 14,2,30,,14469,18251,0,9 14,2,65,,14470,18251,0,9 14,2
8200,'SE',1601,,14483,18251,0,9 14,2,30,,14480,18251,0,9 14,2,27,,14479,18251,0,9 14,2,64,,14481,18251,0,9 14,2,24,,14478,18251,0,9 14,2,70,,14482,18251,0,9 14,2,30,,14484,18251,0,9 14,2,65,,14485,18251,0,9 14,2
8201,'F8',649,,14492,7030,,,2,71,,14489,7030,,,2,30,,14487,7030,,,2,65,,14490,7030,,,2,26,,14488,7030,,,2,70,,14491,7030,,,2,20,,14486,7030,,,2
8201,'SE',649,,14507,7030,,,2,71,,14504,7030,,,2,30,,14502,7030,,,2,65,,14505,7030,,,2,26,,14503,7030,,,2,70,,14506,7030,,,2,20,,14501,7030,,,2
8700,'F8',1706,,14994,35840,,,2,103,,14995,35840,,,2
8700,'SE',1706,,14996,35840,,,2,103,,14997,35840,,,2
8701,'F8',628,,14999,6427,,,2,30,,14998,6427,,,2
8701,'SE',628,,15001,6427,,,2,30,,15000,6427,,,2
