100,'DI',704,,20128,5971,0,14,1,100,,20129,5971,0,14,1,100,,20130,5971,0,14,1,100,,20131,5971,0,14,1,100,,20132,5971,0,14,1,100,,20133,5971,0,14,1,100,,20134,5971,0,14,1,101,,20135,5971,0,14,1,100,,20136,5971,0,14,1,98,,20138,5971,0,14,1,100,,20139,5971,0,14,1,100,,20140,5971,0,14,1,100,,20141,5971,0,14,1,100,,20142,5971,0,14,1,100,,20143,5971,0,14,1,100,,20144,5971,0,14,1,100,,20145,5971,0,14,1,100,,20148,5971,0,14,1,100,,20146,5971,0,14,1,100,,20147,5971,0,14,1
100,'F1',634,,20153,5971,0,14,1,70,,20159,5971,0,14,1,30,,20154,5971,0,14,1,70,,20160,5971,0,14,1,30,,20155,5971,0,14,1,70,,20161,5971,0,14,1,30,,20156,5971,0,14,1,70,,20162,5971,0,14,1,30,,20157,5971,0,14,1,70,,20163,5971,0,14,1,30,,20158,5971,0,14,1,70,,20164,5971,0,14,1,30,,20168,5971,0,14,1,70,,20165,5971,0,14,1,31,,20169,5971,0,14,1,70,,20166,5971,0,14,1,30,,20170,5971,0,14,1,70,,20167,5971,0,14,1,28,,20171,5971,0,14,1,70,,22,5971,0,14,1,30,,20150,5971,0,14,1,70,,23,5971,0,14,1,30,,20151,5971,0,14,1,70,,24,5971,0,14,1,30,,20152,5971,0,14,1,70,,25,5971,0,14,1,100,,26,5971,0,14,1,100,,27,5971,0,14,1,100,,28,5971,0,14,1,100,,29,5971,0,14,1,100,,30,5971,0,14,1,100,,31,5971,0,14,1,100,,32,5971,0,14,1
100,'F2',634,,20194,5971,0,14,1,70,,20183,5971,0,14,1,30,,20195,5971,0,14,1,70,,20184,5971,0,14,1,30,,20196,5971,0,14,1,70,,20185,5971,0,14,1,30,,20198,5971,0,14,1,70,,20186,5971,0,14,1,30,,20199,5971,0,14,1,70,,20187,5971,0,14,1,30,,20200,5971,0,14,1,70,,20188,5971,0,14,1,30,,20201,5971,0,14,1,70,,20189,5971,0,14,1,31,,20205,5971,0,14,1,70,,20190,5971,0,14,1,30,,20206,5971,0,14,1,70,,20191,5971,0,14,1,28,,20202,5971,0,14,1,70,,20172,5971,0,14,1,30,,20203,5971,0,14,1,70,,20173,5971,0,14,1,30,,20204,5971,0,14,1,70,,20174,5971,0,14,1,30,,20193,5971,0,14,1,70,,20175,5971,0,14,1,100,,20176,5971,0,14,1,100,,20177,5971,0,14,1,100,,20178,5971,0,14,1,100,,20179,5971,0,14,1,100,,20180,5971,0,14,1,100,,20181,5971,0,14,1,100,,20182,5971,0,14,1
100,'F7',556,,20229,5971,0,14,1,76,,20240,5971,0,14,1,69,,20245,5971,0,14,1,35,,20235,5971,0,14,1,69,,20243,5971,0,14,1,35,,20238,5971,0,14,1,80,,20234,5971,0,14,1,30,,20253,5971,0,14,1,70,,20207,5971,0,14,1,30,,20251,5971,0,14,1,70,,20222,5971,0,14,1,30,,20254,5971,0,14,1,71,,20220,5971,0,14,1,30,,20242,5971,0,14,1,70,,20230,5971,0,14,1,30,,20247,5971,0,14,1,70,,20227,5971,0,14,1,30,,20236,5971,0,14,1,72,,20255,5971,0,14,1,18,,20257,5971,0,14,1,61,,20239,5971,0,14,1,15,,20216,5971,0,14,1,19,,20231,5971,0,14,1,12,,20208,5971,0,14,1,62,,20249,5971,0,14,1,12,,20237,5971,0,14,1,12,,20224,5971,0,14,1,15,,20246,5971,0,14,1,52,,20209,5971,0,14,1,15,,20241,5971,0,14,1,15,,20217,5971,0,14,1,20,,20252,5971,0,14,1,68,,20256,5971,0,14,1,30,,20225,5971,0,14,1,70,,20250,5971,0,14,1,29,,20210,5971,0,14,1,70,,20248,5971,0,14,1,30,,20211,5971,0,14,1,100,,20212,5971,0,14,1,99,,20213,5971,0,14,1,100,,20214,5971,0,14,1,99,,20215,5971,0,14,1
100,'F8',634,,20280,5971,0,14,1,70,,20269,5971,0,14,1,30,,20281,5971,0,14,1,70,,20270,5971,0,14,1,30,,20282,5971,0,14,1,70,,20271,5971,0,14,1,30,,20284,5971,0,14,1,70,,20272,5971,0,14,1,30,,20285,5971,0,14,1,70,,20273,5971,0,14,1,30,,20286,5971,0,14,1,70,,20274,5971,0,14,1,30,,20287,5971,0,14,1,70,,20275,5971,0,14,1,31,,20291,5971,0,14,1,70,,20276,5971,0,14,1,30,,20292,5971,0,14,1,70,,20277,5971,0,14,1,28,,20288,5971,0,14,1,70,,20258,5971,0,14,1,30,,20289,5971,0,14,1,70,,20259,5971,0,14,1,30,,20290,5971,0,14,1,70,,20260,5971,0,14,1,30,,20279,5971,0,14,1,70,,20261,5971,0,14,1,100,,20262,5971,0,14,1,100,,20263,5971,0,14,1,100,,20264,5971,0,14,1,100,,20265,5971,0,14,1,100,,20266,5971,0,14,1,100,,20267,5971,0,14,1,100,,20268,5971,0,14,1
100,'F9',704,,20293,5971,0,14,1,100,,20294,5971,0,14,1,100,,20295,5971,0,14,1,100,,20296,5971,0,14,1,100,,20297,5971,0,14,1,100,,20298,5971,0,14,1,100,,20299,5971,0,14,1,101,,20300,5971,0,14,1,100,,20301,5971,0,14,1,98,,20303,5971,0,14,1,100,,20304,5971,0,14,1,100,,20305,5971,0,14,1,100,,20306,5971,0,14,1,100,,20307,5971,0,14,1,100,,20308,5971,0,14,1,100,,20309,5971,0,14,1,100,,20310,5971,0,14,1,100,,20313,5971,0,14,1,100,,20311,5971,0,14,1,100,,20312,5971,0,14,1
100,'SA',634,,20325,5971,0,14,1,70,,20314,5971,0,14,1,30,,20326,5971,0,14,1,70,,20315,5971,0,14,1,30,,20327,5971,0,14,1,70,,20316,5971,0,14,1,30,,20329,5971,0,14,1,70,,20317,5971,0,14,1,30,,20330,5971,0,14,1,70,,20318,5971,0,14,1,30,,20331,5971,0,14,1,70,,20319,5971,0,14,1,30,,20332,5971,0,14,1,70,,20320,5971,0,14,1,31,,20336,5971,0,14,1,70,,20321,5971,0,14,1,30,,20337,5971,0,14,1,70,,20322,5971,0,14,1,28,,20333,5971,0,14,1,70,,164,5971,0,14,1,30,,20334,5971,0,14,1,70,,165,5971,0,14,1,30,,20335,5971,0,14,1,70,,166,5971,0,14,1,30,,20324,5971,0,14,1,70,,167,5971,0,14,1,100,,168,5971,0,14,1,100,,169,5971,0,14,1,100,,170,5971,0,14,1,100,,171,5971,0,14,1,100,,172,5971,0,14,1,100,,173,5971,0,14,1,100,,174,5971,0,14,1
100,'SE',556,,20360,5971,0,14,1,76,,20371,5971,0,14,1,69,,20376,5971,0,14,1,35,,20366,5971,0,14,1,69,,20374,5971,0,14,1,35,,20369,5971,0,14,1,80,,20365,5971,0,14,1,30,,20384,5971,0,14,1,70,,20338,5971,0,14,1,30,,20382,5971,0,14,1,70,,20353,5971,0,14,1,30,,20385,5971,0,14,1,71,,20351,5971,0,14,1,30,,20373,5971,0,14,1,70,,20361,5971,0,14,1,30,,20378,5971,0,14,1,70,,20358,5971,0,14,1,30,,20367,5971,0,14,1,72,,20386,5971,0,14,1,18,,20388,5971,0,14,1,61,,20370,5971,0,14,1,15,,20347,5971,0,14,1,19,,20362,5971,0,14,1,12,,20339,5971,0,14,1,62,,20380,5971,0,14,1,12,,20368,5971,0,14,1,12,,20355,5971,0,14,1,15,,20377,5971,0,14,1,52,,20340,5971,0,14,1,15,,20372,5971,0,14,1,15,,20348,5971,0,14,1,20,,20383,5971,0,14,1,68,,20387,5971,0,14,1,30,,20356,5971,0,14,1,70,,20381,5971,0,14,1,29,,20341,5971,0,14,1,70,,20379,5971,0,14,1,30,,20342,5971,0,14,1,100,,20343,5971,0,14,1,99,,20344,5971,0,14,1,100,,20345,5971,0,14,1,99,,20346,5971,0,14,1
53500,'F7',1639,,40670,7690,,,2
53500,'SE',1639,,40671,7690,,,2
53501,'F7',908,,40672,1324,,,2
53501,'SE',908,,40673,1324,,,2
