1601,'DI',553,,25074,5237,,,2,100,,25075,5237,,,2,70,,25066,5237,,,2,30,,25076,5237,,,2,70,,25067,5237,,,2,30,,25077,5237,,,2,70,,25068,5237,,,2,30,,25078,5237,,,2,70,,25069,5237,,,2,30,,25079,5237,,,2,70,,25070,5237,,,2,30,,25080,5237,,,2,68,,25071,5237,,,2,32,,25081,5237,,,2,73,,25072,5237,,,2,27,,25082,5237,,,2,70,,25073,5237,,,2,30,,25083,5237,,,2,70,,25085,5237,,,2,30,,25084,5237,,,2,70,,25086,5237,,,2,30,,25088,5237,,,2,70,,25087,5237,,,2,30,,25089,5237,,,2,100,,25090,5237,,,2,100,,25091,5237,,,2,100,,25092,5237,,,2,100,,25093,5237,,,2,100,,25094,5237,,,2,100,,25095,5237,,,2,100,,25096,5237,,,2
1601,'F1',553,,25102,5237,,,2,100,,25103,5237,,,2,68,,25111,5237,,,2,32,,25104,5237,,,2,70,,25112,5237,,,2,30,,25105,5237,,,2,70,,25113,5237,,,2,30,,25106,5237,,,2,70,,25114,5237,,,2,30,,25107,5237,,,2,70,,25115,5237,,,2,30,,25108,5237,,,2,70,,25116,5237,,,2,30,,25109,5237,,,2,70,,25123,5237,,,2,30,,25110,5237,,,2,70,,25124,5237,,,2,30,,25117,5237,,,2,70,,25125,5237,,,2,30,,25118,5237,,,2,70,,25126,5237,,,2,30,,25119,5237,,,2,67,,25127,5237,,,2,33,,25120,5237,,,2,100,,25121,5237,,,2,100,,25122,5237,,,2,100,,25097,5237,,,2,100,,25098,5237,,,2,100,,25099,5237,,,2,100,,25100,5237,,,2,100,,25101,5237,,,2
1601,'F2',553,,25133,5237,,,2,100,,25134,5237,,,2,68,,25137,5237,,,2,32,,25135,5237,,,2,70,,25138,5237,,,2,30,,25136,5237,,,2,70,,25139,5237,,,2,30,,25155,5237,,,2,70,,25140,5237,,,2,30,,25156,5237,,,2,70,,25141,5237,,,2,30,,25157,5237,,,2,70,,25142,5237,,,2,30,,25158,5237,,,2,70,,25148,5237,,,2,30,,25128,5237,,,2,70,,25149,5237,,,2,30,,25129,5237,,,2,70,,25150,5237,,,2,30,,25130,5237,,,2,70,,25151,5237,,,2,30,,25131,5237,,,2,67,,25152,5237,,,2,33,,25132,5237,,,2,100,,25143,5237,,,2,100,,25144,5237,,,2,100,,25145,5237,,,2,100,,25146,5237,,,2,100,,25147,5237,,,2,100,,25153,5237,,,2,100,,25154,5237,,,2
1601,'F7',522,,25194,5237,,,2,30,,25199,5237,,,2,55,,25171,5237,,,2,17,,25160,5237,,,2,15,,25209,5237,,,2,13,,25200,5237,,,2,52,,25164,5237,,,2,10,,25204,5237,,,2,8,,25210,5237,,,2,8,,25184,5237,,,2,6,,25185,5237,,,2,5,,25161,5237,,,2,5,,25205,5237,,,2,4,,25169,5237,,,2,6,,25163,5237,,,2,51,,25162,5237,,,2,10,,25165,5237,,,2,10,,25183,5237,,,2,9,,25211,5237,,,2,12,,25186,5237,,,2,53,,25170,5237,,,2,25,,25159,5237,,,2,30,,25195,5237,,,2,70,,25174,5237,,,2,30,,25172,5237,,,2,70,,25207,5237,,,2,30,,25201,5237,,,2,70,,25196,5237,,,2,30,,25173,5237,,,2,70,,25167,5237,,,2,30,,25197,5237,,,2,70,,25175,5237,,,2,31,,25212,5237,,,2,59,,25187,5237,,,2,22,,25176,5237,,,2,15,,25198,5237,,,2,55,,25213,5237,,,2,13,,25208,5237,,,2,15,,25168,5237,,,2,11,,25214,5237,,,2,12,,25190,5237,,,2,52,,25193,5237,,,2,12,,25203,5237,,,2,12,,25166,5237,,,2,24,,25189,5237,,,2,61,,25206,5237,,,2,27,,25188,5237,,,2,80,,25202,5237,,,2,27,,25177,5237,,,2,70,,25191,5237,,,2,28,,25178,5237,,,2,70,,25192,5237,,,2,30,,25179,5237,,,2,99,,25180,5237,,,2,100,,25181,5237,,,2,100,,25182,5237,,,2
1601,'F8',553,,25220,5237,,,2,100,,25221,5237,,,2,68,,25224,5237,,,2,32,,25222,5237,,,2,70,,25225,5237,,,2,30,,25223,5237,,,2,70,,25226,5237,,,2,30,,25242,5237,,,2,70,,25227,5237,,,2,30,,25243,5237,,,2,70,,25228,5237,,,2,30,,25244,5237,,,2,70,,25229,5237,,,2,30,,25245,5237,,,2,70,,25235,5237,,,2,30,,25215,5237,,,2,70,,25236,5237,,,2,30,,25216,5237,,,2,70,,25237,5237,,,2,30,,25217,5237,,,2,70,,25238,5237,,,2,30,,25218,5237,,,2,67,,25239,5237,,,2,33,,25219,5237,,,2,100,,25230,5237,,,2,100,,25231,5237,,,2,100,,25232,5237,,,2,100,,25233,5237,,,2,100,,25234,5237,,,2,100,,25240,5237,,,2,100,,25241,5237,,,2
1601,'F9',553,,25254,5237,,,2,100,,25255,5237,,,2,70,,25246,5237,,,2,30,,25256,5237,,,2,70,,25247,5237,,,2,30,,25257,5237,,,2,70,,25248,5237,,,2,30,,25258,5237,,,2,70,,25249,5237,,,2,30,,25259,5237,,,2,70,,25250,5237,,,2,30,,25260,5237,,,2,68,,25251,5237,,,2,32,,25261,5237,,,2,73,,25252,5237,,,2,27,,25262,5237,,,2,70,,25253,5237,,,2,30,,25263,5237,,,2,70,,25265,5237,,,2,30,,25264,5237,,,2,70,,25266,5237,,,2,30,,25268,5237,,,2,70,,25267,5237,,,2,30,,25269,5237,,,2,100,,25270,5237,,,2,100,,25271,5237,,,2,100,,25272,5237,,,2,100,,25273,5237,,,2,100,,25274,5237,,,2,100,,25275,5237,,,2,100,,25276,5237,,,2
1601,'SA',553,,25282,5237,,,2,100,,25283,5237,,,2,68,,25286,5237,,,2,32,,25284,5237,,,2,70,,25287,5237,,,2,30,,25285,5237,,,2,70,,25288,5237,,,2,30,,25304,5237,,,2,70,,25289,5237,,,2,30,,25305,5237,,,2,70,,25290,5237,,,2,30,,25306,5237,,,2,70,,25291,5237,,,2,30,,25307,5237,,,2,70,,25297,5237,,,2,30,,25277,5237,,,2,70,,25298,5237,,,2,30,,25278,5237,,,2,70,,25299,5237,,,2,30,,25279,5237,,,2,70,,25300,5237,,,2,30,,25280,5237,,,2,67,,25301,5237,,,2,33,,25281,5237,,,2,100,,25292,5237,,,2,100,,25293,5237,,,2,100,,25294,5237,,,2,100,,25295,5237,,,2,100,,25296,5237,,,2,100,,25302,5237,,,2,100,,25303,5237,,,2
1601,'SE',522,,25342,5237,,,2,30,,25347,5237,,,2,55,,25320,5237,,,2,17,,25309,5237,,,2,15,,25357,5237,,,2,13,,25348,5237,,,2,52,,25313,5237,,,2,10,,25352,5237,,,2,8,,25358,5237,,,2,8,,4744,5237,,,2,6,,25333,5237,,,2,5,,25310,5237,,,2,5,,25353,5237,,,2,4,,25318,5237,,,2,6,,25312,5237,,,2,51,,25311,5237,,,2,10,,25314,5237,,,2,10,,25332,5237,,,2,9,,25359,5237,,,2,12,,25334,5237,,,2,53,,25319,5237,,,2,25,,25308,5237,,,2,30,,25343,5237,,,2,70,,25323,5237,,,2,30,,25321,5237,,,2,70,,25355,5237,,,2,30,,25349,5237,,,2,70,,25344,5237,,,2,30,,25322,5237,,,2,70,,25316,5237,,,2,30,,25345,5237,,,2,70,,25324,5237,,,2,31,,25360,5237,,,2,59,,25335,5237,,,2,22,,25325,5237,,,2,15,,25346,5237,,,2,55,,25361,5237,,,2,13,,25356,5237,,,2,15,,25317,5237,,,2,11,,25362,5237,,,2,12,,25338,5237,,,2,52,,25341,5237,,,2,12,,25351,5237,,,2,12,,25315,5237,,,2,24,,25337,5237,,,2,61,,25354,5237,,,2,27,,25336,5237,,,2,80,,25350,5237,,,2,27,,25326,5237,,,2,70,,25339,5237,,,2,28,,25327,5237,,,2,70,,25340,5237,,,2,30,,25328,5237,,,2,99,,25329,5237,,,2,100,,25330,5237,,,2,100,,25331,5237,,,2
62000,'F7',1532,,40782,1134,,,2
62000,'SE',1532,,40783,1134,,,2
