8801,'DI',613,,36910,2030,,,1,30,,36915,2030,,,1,70,,36921,2030,,,1,30,,36931,2030,,,1,69,,36911,2030,,,1,30,,36916,2030,,,1,70,,36922,2030,,,1,28,,36932,2030,,,1,69,,36912,2030,,,1,30,,36917,2030,,,1,69,,36923,2030,,,1,30,,36933,2030,,,1,70,,36913,2030,,,1,30,,36918,2030,,,1,70,,36924,2030,,,1,31,,36934,2030,,,1,70,,36914,2030,,,1,31,,36919,2030,,,1,71,,36925,2030,,,1,29,,15257,2030,,,1,70,,36926,2030,,,1,30,,36920,2030,,,1,70,,36935,2030,,,1,34,,15258,2030,,,1,62,,36927,2030,,,1,106,,36936,2030,,,1,101,,36928,2030,,,1,100,,36937,2030,,,1,100,,36929,2030,,,1,100,,36938,2030,,,1,99,,36930,2030,,,1
8801,'F1',611,,36944,2030,,,1,30,,36943,2030,,,1,70,,36958,2030,,,1,28,,36949,2030,,,1,70,,36945,2030,,,1,30,,15317,2030,,,1,70,,36959,2030,,,1,27,,36950,2030,,,1,70,,36946,2030,,,1,29,,15318,2030,,,1,70,,36960,2030,,,1,31,,36951,2030,,,1,70,,15301,2030,,,1,31,,36955,2030,,,1,68,,36961,2030,,,1,31,,36952,2030,,,1,70,,15302,2030,,,1,30,,36956,2030,,,1,70,,36962,2030,,,1,30,,36941,2030,,,1,71,,15303,2030,,,1,31,,36957,2030,,,1,68,,36963,2030,,,1,32,,36942,2030,,,1,62,,36964,2030,,,1,109,,36953,2030,,,1,100,,36947,2030,,,1,100,,36954,2030,,,1,100,,36948,2030,,,1,98,,36940,2030,,,1,100,,36939,2030,,,1
8801,'F2',611,,36968,2030,,,1,30,,36967,2030,,,1,70,,36989,2030,,,1,28,,36980,2030,,,1,70,,36969,2030,,,1,30,,36993,2030,,,1,70,,36990,2030,,,1,27,,36981,2030,,,1,70,,36973,2030,,,1,29,,36994,2030,,,1,70,,36991,2030,,,1,31,,36982,2030,,,1,70,,36974,2030,,,1,31,,36986,2030,,,1,68,,36970,2030,,,1,31,,36983,2030,,,1,70,,36975,2030,,,1,30,,36987,2030,,,1,70,,36971,2030,,,1,30,,36965,2030,,,1,71,,36976,2030,,,1,31,,36988,2030,,,1,68,,36972,2030,,,1,32,,36966,2030,,,1,62,,36995,2030,,,1,109,,36984,2030,,,1,100,,36977,2030,,,1,100,,36985,2030,,,1,100,,36978,2030,,,1,98,,36992,2030,,,1,100,,36979,2030,,,1
8801,'F7',607,,36996,2030,,,1,20,,37008,2030,,,1,15,,36998,2030,,,1,12,,37010,2030,,,1,47,,37000,2030,,,1,16,,37011,2030,,,1,9,,37005,2030,,,1,12,,37013,2030,,,1,12,,37002,2030,,,1,50,,37007,2030,,,1,21,,37041,2030,,,1,18,,37042,2030,,,1,70,,37043,2030,,,1,30,,37012,2030,,,1,70,,37030,2030,,,1,30,,37009,2030,,,1,70,,37006,2030,,,1,30,,37028,2030,,,1,70,,37031,2030,,,1,30,,37001,2030,,,1,70,,36999,2030,,,1,30,,37032,2030,,,1,72,,37003,2030,,,1,29,,37029,2030,,,1,9,,37015,2030,,,1,2,,37019,2030,,,1,2,,37021,2030,,,1,47,,36997,2030,,,1,17,,37022,2030,,,1,18,,37035,2030,,,1,12,,37033,2030,,,1,55,,37036,2030,,,1,15,,37038,2030,,,1,16,,37004,2030,,,1,15,,37014,2030,,,1,54,,37044,2030,,,1,16,,37020,2030,,,1,17,,37023,2030,,,1,17,,37025,2030,,,1,61,,37016,2030,,,1,27,,37039,2030,,,1,72,,37037,2030,,,1,30,,37024,2030,,,1,70,,37017,2030,,,1,30,,37040,2030,,,1,70,,37034,2030,,,1,102,,37018,2030,,,1,98,,37027,2030,,,1,100,,37026,2030,,,1
8801,'F8',611,,37048,2030,,,1,30,,37047,2030,,,1,70,,37069,2030,,,1,28,,37060,2030,,,1,70,,37049,2030,,,1,30,,37073,2030,,,1,70,,37070,2030,,,1,27,,37061,2030,,,1,70,,37053,2030,,,1,29,,37074,2030,,,1,70,,37071,2030,,,1,31,,37062,2030,,,1,70,,37054,2030,,,1,31,,37066,2030,,,1,68,,37050,2030,,,1,31,,37063,2030,,,1,70,,37055,2030,,,1,30,,37067,2030,,,1,70,,37051,2030,,,1,30,,37045,2030,,,1,71,,37056,2030,,,1,31,,37068,2030,,,1,68,,37052,2030,,,1,32,,37046,2030,,,1,62,,37075,2030,,,1,109,,37064,2030,,,1,100,,37057,2030,,,1,100,,37065,2030,,,1,100,,37058,2030,,,1,98,,37072,2030,,,1,100,,37059,2030,,,1
8801,'F9',613,,37078,2030,,,1,30,,37083,2030,,,1,70,,37089,2030,,,1,30,,37099,2030,,,1,69,,37079,2030,,,1,30,,37084,2030,,,1,70,,37090,2030,,,1,28,,37100,2030,,,1,69,,37080,2030,,,1,30,,37085,2030,,,1,69,,37091,2030,,,1,30,,37101,2030,,,1,70,,37081,2030,,,1,30,,37086,2030,,,1,70,,37092,2030,,,1,31,,37102,2030,,,1,70,,37082,2030,,,1,31,,37087,2030,,,1,71,,37093,2030,,,1,29,,37076,2030,,,1,70,,37094,2030,,,1,30,,37088,2030,,,1,70,,37103,2030,,,1,34,,37077,2030,,,1,62,,37095,2030,,,1,106,,37104,2030,,,1,101,,37096,2030,,,1,100,,37105,2030,,,1,100,,37097,2030,,,1,100,,37106,2030,,,1,99,,37098,2030,,,1
8801,'SA',611,,37110,2030,,,1,30,,37109,2030,,,1,70,,37131,2030,,,1,28,,37122,2030,,,1,70,,37111,2030,,,1,30,,37134,2030,,,1,70,,37132,2030,,,1,27,,37123,2030,,,1,70,,37115,2030,,,1,29,,37135,2030,,,1,70,,37133,2030,,,1,31,,37124,2030,,,1,70,,37116,2030,,,1,31,,37128,2030,,,1,68,,37112,2030,,,1,31,,37125,2030,,,1,70,,37117,2030,,,1,30,,37129,2030,,,1,70,,37113,2030,,,1,30,,37107,2030,,,1,71,,37118,2030,,,1,31,,37130,2030,,,1,68,,37114,2030,,,1,32,,37108,2030,,,1,62,,37136,2030,,,1,109,,37126,2030,,,1,100,,37119,2030,,,1,100,,37127,2030,,,1,100,,37120,2030,,,1,98,,15458,2030,,,1,100,,37121,2030,,,1
8801,'SE',607,,37137,2030,,,1,20,,37149,2030,,,1,15,,37139,2030,,,1,12,,15479,2030,,,1,47,,37141,2030,,,1,16,,37151,2030,,,1,9,,37146,2030,,,1,12,,37153,2030,,,1,12,,37143,2030,,,1,50,,37148,2030,,,1,21,,37178,2030,,,1,18,,37179,2030,,,1,70,,37180,2030,,,1,30,,37152,2030,,,1,70,,37167,2030,,,1,30,,37150,2030,,,1,70,,37147,2030,,,1,30,,37165,2030,,,1,70,,37168,2030,,,1,30,,37142,2030,,,1,70,,37140,2030,,,1,30,,37169,2030,,,1,72,,37144,2030,,,1,29,,37166,2030,,,1,9,,15486,2030,,,1,2,,15491,2030,,,1,2,,37159,2030,,,1,47,,37138,2030,,,1,17,,37160,2030,,,1,18,,37172,2030,,,1,12,,37170,2030,,,1,55,,37173,2030,,,1,15,,37175,2030,,,1,16,,37145,2030,,,1,15,,37154,2030,,,1,54,,37181,2030,,,1,16,,37158,2030,,,1,17,,37161,2030,,,1,17,,37162,2030,,,1,61,,37155,2030,,,1,27,,37176,2030,,,1,72,,37174,2030,,,1,30,,15492,2030,,,1,70,,37156,2030,,,1,30,,37177,2030,,,1,70,,37171,2030,,,1,102,,37157,2030,,,1,98,,37164,2030,,,1,100,,37163,2030,,,1
50501,'F7',905,,40632,2699,,,2
50501,'SE',905,,40633,2699,,,2
