1401,'F7',611,,24311,9567,,,1,32,,24313,9567,,,1,60,,24316,9567,,,1,16,,24315,9567,,,1,16,,24318,9567,,,1,13,,24312,9567,,,1,55,,24309,9567,,,1,14,,24314,9567,,,1,14,,24317,9567,,,1,16,,24320,9567,,,1,56,,24310,9567,,,1,21,,24319,9567,,,1
1401,'SE',611,,24339,9567,,,1,32,,24341,9567,,,1,60,,24344,9567,,,1,16,,24343,9567,,,1,16,,24346,9567,,,1,13,,24340,9567,,,1,55,,24337,9567,,,1,14,,24342,9567,,,1,14,,24345,9567,,,1,16,,24348,9567,,,1,56,,24338,9567,,,1,21,,24347,9567,,,1
4600,'F7',649,,30387,5122,4,,2,60,,30391,5122,4,,2,16,,30388,5122,4,,2,14,,30384,5122,4,,2,18,,30392,5122,4,,2,62,,30389,5122,4,,2,20,,30393,5122,4,,2,100,,30390,5122,4,,2,100,,30381,5122,4,,2,100,,30401,5122,4,,2,100,,30385,5122,4,,2,100,,30383,5122,4,,2,100,,30399,5122,4,,2,100,,30398,5122,4,,2,73,,30382,5122,4,,2,18,,30396,5122,4,,2,22,,30394,5122,4,,2,60,,30386,5122,4,,2,15,,30397,5122,4,,2,15,,30395,5122,4,,2,60,,30380,5122,4,,2,22,,30400,5122,4,,2
4600,'SE',649,,30409,5122,4,,2,60,,30413,5122,4,,2,16,,30410,5122,4,,2,14,,30406,5122,4,,2,18,,30414,5122,4,,2,62,,30411,5122,4,,2,20,,30415,5122,4,,2,100,,30412,5122,4,,2,100,,30403,5122,4,,2,100,,30423,5122,4,,2,100,,30407,5122,4,,2,100,,30405,5122,4,,2,100,,30421,5122,4,,2,100,,30420,5122,4,,2,73,,30404,5122,4,,2,18,,30418,5122,4,,2,22,,30416,5122,4,,2,60,,30408,5122,4,,2,15,,30419,5122,4,,2,15,,30417,5122,4,,2,60,,30402,5122,4,,2,22,,30422,5122,4,,2
4601,'F7',609,,30431,0,,,2,20,,30436,0,,,2,20,,30432,0,,,2,60,,30437,0,,,2,16,,30433,0,,,2,14,,30428,0,,,2,18,,30438,0,,,2,62,,30434,0,,,2,20,,30439,0,,,2,100,,30435,0,,,2,100,,30425,0,,,2,100,,30447,0,,,2,100,,30429,0,,,2,100,,30427,0,,,2,100,,30445,0,,,2,100,,30444,0,,,2,73,,30426,0,,,2,18,,30442,0,,,2,22,,30440,0,,,2,60,,30430,0,,,2,15,,30443,0,,,2,15,,30441,0,,,2,60,,30424,0,,,2,22,,30446,0,,,2
4601,'SE',609,,30455,0,,,2,20,,30460,0,,,2,20,,30456,0,,,2,60,,30461,0,,,2,16,,30457,0,,,2,14,,30452,0,,,2,18,,30462,0,,,2,62,,30458,0,,,2,20,,30463,0,,,2,100,,30459,0,,,2,100,,30449,0,,,2,100,,30471,0,,,2,100,,30453,0,,,2,100,,30451,0,,,2,100,,30469,0,,,2,100,,30468,0,,,2,73,,30450,0,,,2,18,,30466,0,,,2,22,,30464,0,,,2,60,,30454,0,,,2,15,,30467,0,,,2,15,,30465,0,,,2,60,,30448,0,,,2,22,,30470,0,,,2
54600,'F7',1642,,40697,10964,,,2
54600,'SE',1642,,40698,10964,,,2
54601,'F7',852,,40699,0,,,2
54601,'SE',852,,40700,0,,,2
68900,'F7',1620,,40906,5032,4,,2,1,,40907,5032,4,,2
68900,'SE',1620,,40908,5032,4,,2,1,,40909,5032,4,,2
