2300,'F1',645,,27432,2438,,,1,100,,27433,2438,,,1,100,,27429,2438,,,1,101,,27425,2438,,,1,99,,27427,2438,,,1,103,,27428,2438,,,1,97,,27434,2438,,,1,100,,27426,2438,,,1,100,,27430,2438,,,1,100,,27431,2438,,,1,100,,27435,2438,,,1,102,,27436,2438,,,1
2300,'F2',645,,27445,2438,,,1,100,,27446,2438,,,1,100,,27437,2438,,,1,101,,27438,2438,,,1,99,,27441,2438,,,1,103,,27442,2438,,,1,97,,27447,2438,,,1,100,,27448,2438,,,1,100,,27444,2438,,,1,100,,27443,2438,,,1,100,,27439,2438,,,1,102,,27440,2438,,,1
2300,'F7',946,,27451,2438,,,1,100,,27449,2438,,,1,100,,27452,2438,,,1,100,,27453,2438,,,1,100,,27450,2438,,,1
2300,'F8',645,,27462,2438,,,1,100,,27463,2438,,,1,100,,27454,2438,,,1,101,,27455,2438,,,1,99,,27458,2438,,,1,103,,27459,2438,,,1,97,,27464,2438,,,1,100,,27465,2438,,,1,100,,27461,2438,,,1,100,,27460,2438,,,1,100,,27456,2438,,,1,102,,27457,2438,,,1
2300,'SA',645,,27474,2438,,,1,100,,27475,2438,,,1,100,,27466,2438,,,1,101,,27467,2438,,,1,99,,27470,2438,,,1,103,,27471,2438,,,1,97,,27476,2438,,,1,100,,27477,2438,,,1,100,,27473,2438,,,1,100,,27472,2438,,,1,100,,27468,2438,,,1,102,,27469,2438,,,1
2300,'SE',946,,27480,2438,,,1,100,,27478,2438,,,1,100,,27481,2438,,,1,100,,27482,2438,,,1,100,,27479,2438,,,1
12300,'DI',616,,37610,2438,0,42 43,1,100,,37620,2438,0,42 43,1,100,,37611,2438,0,42 43,1,100,,37621,2438,0,42 43,1,100,,37612,2438,0,42 43,1,100,,37622,2438,0,42 43,1,105,,37613,2438,0,42 43,1,95,,37623,2438,0,42 43,1,100,,37614,2438,0,42 43,1,100,,37624,2438,0,42 43,1,100,,37615,2438,0,42 43,1,100,,37625,2438,0,42 43,1,100,,37616,2438,0,42 43,1,100,,37626,2438,0,42 43,1,100,,37617,2438,0,42 43,1,100,,37627,2438,0,42 43,1,100,,37618,2438,0,42 43,1,100,,37628,2438,0,42 43,1,100,,37619,2438,0,42 43,1
12300,'F1',615,,37637,2438,0,42 43,1,100,,37641,2438,0,42 43,1,100,,37631,2438,0,42 43,1,105,,37642,2438,0,42 43,1,99,,37632,2438,0,42 43,1,100,,37629,2438,0,42 43,1,100,,37633,2438,0,42 43,1,96,,37630,2438,0,42 43,1,100,,37634,2438,0,42 43,1,100,,37635,2438,0,42 43,1,104,,37643,2438,0,42 43,1,101,,37636,2438,0,42 43,1,99,,37644,2438,0,42 43,1,96,,37638,2438,0,42 43,1,100,,37645,2438,0,42 43,1,100,,37639,2438,0,42 43,1,100,,37646,2438,0,42 43,1,100,,37640,2438,0,42 43,1,100,,37647,2438,0,42 43,1
12300,'F2',615,,37649,2438,0,42 43,1,100,,37648,2438,0,42 43,1,100,,37650,2438,0,42 43,1,105,,37659,2438,0,42 43,1,99,,37651,2438,0,42 43,1,100,,37660,2438,0,42 43,1,100,,37652,2438,0,42 43,1,96,,37661,2438,0,42 43,1,100,,37653,2438,0,42 43,1,100,,37662,2438,0,42 43,1,104,,37654,2438,0,42 43,1,101,,37663,2438,0,42 43,1,99,,37655,2438,0,42 43,1,96,,37664,2438,0,42 43,1,100,,37656,2438,0,42 43,1,100,,37665,2438,0,42 43,1,100,,37657,2438,0,42 43,1,100,,37666,2438,0,42 43,1,100,,37658,2438,0,42 43,1
12300,'F7',508,,37686,2438,0,42 43,1,33,,37667,2438,0,42 43,1,15,,37674,2438,0,42 43,1,50,,37668,2438,0,42 43,1,10,,37688,2438,0,42 43,1,10,,37679,2438,0,42 43,1,11,,37689,2438,0,42 43,1,8,,37669,2438,0,42 43,1,12,,37693,2438,0,42 43,1,50,,37670,2438,0,42 43,1,21,,37694,2438,0,42 43,1,17,,37690,2438,0,42 43,1,69,,37696,2438,0,42 43,1,29,,37695,2438,0,42 43,1,69,,37676,2438,0,42 43,1,102,,37671,2438,0,42 43,1,100,,37681,2438,0,42 43,1,99,,37691,2438,0,42 43,1,101,,37683,2438,0,42 43,1,5,,37680,2438,0,42 43,1,93,,37687,2438,0,42 43,1,30,,37697,2438,0,42 43,1,70,,37684,2438,0,42 43,1,26,,37682,2438,0,42 43,1,71,,37699,2438,0,42 43,1,31,,37701,2438,0,42 43,1,71,,37673,2438,0,42 43,1,31,,37685,2438,0,42 43,1,76,,37672,2438,0,42 43,1,28,,37698,2438,0,42 43,1,70,,37692,2438,0,42 43,1,30,,37675,2438,0,42 43,1,70,,37700,2438,0,42 43,1,100,,37677,2438,0,42 43,1,100,,37702,2438,0,42 43,1,99,,37678,2438,0,42 43,1,100,,37703,2438,0,42 43,1
12300,'F8',615,,37705,2438,0,42 43,1,100,,37704,2438,0,42 43,1,100,,37706,2438,0,42 43,1,105,,37715,2438,0,42 43,1,99,,37707,2438,0,42 43,1,100,,37716,2438,0,42 43,1,100,,37708,2438,0,42 43,1,96,,37717,2438,0,42 43,1,100,,37709,2438,0,42 43,1,100,,37718,2438,0,42 43,1,104,,37710,2438,0,42 43,1,101,,37719,2438,0,42 43,1,99,,37711,2438,0,42 43,1,96,,37720,2438,0,42 43,1,100,,37712,2438,0,42 43,1,100,,37721,2438,0,42 43,1,100,,37713,2438,0,42 43,1,100,,37722,2438,0,42 43,1,100,,37714,2438,0,42 43,1
12300,'F9',616,,37723,2438,0,42 43,1,100,,37733,2438,0,42 43,1,100,,37724,2438,0,42 43,1,100,,37734,2438,0,42 43,1,100,,37725,2438,0,42 43,1,100,,37735,2438,0,42 43,1,105,,37726,2438,0,42 43,1,95,,37736,2438,0,42 43,1,100,,37727,2438,0,42 43,1,100,,37737,2438,0,42 43,1,100,,37728,2438,0,42 43,1,100,,37738,2438,0,42 43,1,100,,37729,2438,0,42 43,1,100,,37739,2438,0,42 43,1,100,,37730,2438,0,42 43,1,100,,37740,2438,0,42 43,1,100,,37731,2438,0,42 43,1,100,,37741,2438,0,42 43,1,100,,37732,2438,0,42 43,1
12300,'SA',615,,37743,2438,0,42 43,1,100,,37742,2438,0,42 43,1,100,,37744,2438,0,42 43,1,105,,37753,2438,0,42 43,1,99,,37745,2438,0,42 43,1,100,,37754,2438,0,42 43,1,100,,37746,2438,0,42 43,1,96,,37755,2438,0,42 43,1,100,,37747,2438,0,42 43,1,100,,37756,2438,0,42 43,1,104,,37748,2438,0,42 43,1,101,,37757,2438,0,42 43,1,99,,37749,2438,0,42 43,1,96,,37758,2438,0,42 43,1,100,,37750,2438,0,42 43,1,100,,37759,2438,0,42 43,1,100,,37751,2438,0,42 43,1,100,,37760,2438,0,42 43,1,100,,37752,2438,0,42 43,1
12300,'SE',508,,37780,2438,0,42 43,1,33,,37761,2438,0,42 43,1,15,,37768,2438,0,42 43,1,50,,37762,2438,0,42 43,1,10,,37782,2438,0,42 43,1,10,,37773,2438,0,42 43,1,11,,37783,2438,0,42 43,1,8,,37763,2438,0,42 43,1,12,,37787,2438,0,42 43,1,50,,37764,2438,0,42 43,1,21,,37788,2438,0,42 43,1,17,,37784,2438,0,42 43,1,69,,37790,2438,0,42 43,1,29,,37789,2438,0,42 43,1,69,,37770,2438,0,42 43,1,102,,37765,2438,0,42 43,1,100,,37775,2438,0,42 43,1,99,,37785,2438,0,42 43,1,101,,37777,2438,0,42 43,1,5,,37774,2438,0,42 43,1,93,,37781,2438,0,42 43,1,30,,37791,2438,0,42 43,1,70,,37778,2438,0,42 43,1,26,,37776,2438,0,42 43,1,71,,37793,2438,0,42 43,1,31,,37795,2438,0,42 43,1,71,,37767,2438,0,42 43,1,31,,37779,2438,0,42 43,1,76,,37766,2438,0,42 43,1,28,,37792,2438,0,42 43,1,70,,37786,2438,0,42 43,1,30,,37769,2438,0,42 43,1,70,,37794,2438,0,42 43,1,100,,37771,2438,0,42 43,1,100,,37796,2438,0,42 43,1,99,,37772,2438,0,42 43,1,100,,37797,2438,0,42 43,1
17000,'F7',547,,38871,5066,0,46,2,70,,38875,5066,0,46,2,31,,38872,5066,0,46,2,70,,38876,5066,0,46,2,30,,38873,5066,0,46,2,73,,38877,5066,0,46,2,28,,38874,5066,0,46,2,690,,38878,5066,0,46,2,70,,38882,5066,0,46,2,30,,38879,5066,0,46,2,70,,38883,5066,0,46,2,30,,38880,5066,0,46,2,70,,38884,5066,0,46,2,30,,38881,5066,0,46,2
17000,'SE',547,,38885,5066,0,46,2,70,,38889,5066,0,46,2,31,,38886,5066,0,46,2,70,,38890,5066,0,46,2,30,,38887,5066,0,46,2,73,,38891,5066,0,46,2,28,,38888,5066,0,46,2,690,,38892,5066,0,46,2,70,,38896,5066,0,46,2,30,,38893,5066,0,46,2,70,,38897,5066,0,46,2,30,,38894,5066,0,46,2,70,,38898,5066,0,46,2,30,,38895,5066,0,46,2
