8800,'DI',734,,36639,12624,,,1,70,,36644,12624,,,1,30,,36650,12624,,,1,70,,36659,12624,,,1,30,,36640,12624,,,1,70,,36645,12624,,,1,32,,36651,12624,,,1,70,,36660,12624,,,1,30,,36641,12624,,,1,70,,36646,12624,,,1,31,,36652,12624,,,1,70,,36661,12624,,,1,30,,36642,12624,,,1,70,,36647,12624,,,1,30,,36653,12624,,,1,70,,15002,12624,,,1,30,,36654,12624,,,1,70,,36648,12624,,,1,30,,36662,12624,,,1,70,,15003,12624,,,1,30,,36655,12624,,,1,68,,36649,12624,,,1,30,,36663,12624,,,1,100,,36656,12624,,,1,100,,36664,12624,,,1,100,,36657,12624,,,1,100,,36665,12624,,,1,97,,36658,12624,,,1,100,,36638,12624,,,1,100,,36643,12624,,,1
8800,'F1',734,,36672,12624,,,1,70,,15061,12624,,,1,31,,36685,12624,,,1,70,,36676,12624,,,1,31,,36673,12624,,,1,70,,15062,12624,,,1,32,,36686,12624,,,1,70,,36677,12624,,,1,30,,15046,12624,,,1,70,,36681,12624,,,1,30,,36687,12624,,,1,70,,36678,12624,,,1,30,,15047,12624,,,1,70,,36682,12624,,,1,30,,36688,12624,,,1,70,,36668,12624,,,1,30,,15048,12624,,,1,70,,36683,12624,,,1,30,,36689,12624,,,1,70,,36669,12624,,,1,31,,36690,12624,,,1,69,,36684,12624,,,1,31,,36679,12624,,,1,69,,36670,12624,,,1,30,,36674,12624,,,1,100,,36680,12624,,,1,98,,36675,12624,,,1,97,,36667,12624,,,1,100,,36666,12624,,,1,100,,36671,12624,,,1,100,,15032,12624,,,1
8800,'F2',734,,36694,12624,,,1,70,,36719,12624,,,1,31,,36715,12624,,,1,70,,36706,12624,,,1,31,,36699,12624,,,1,70,,36720,12624,,,1,32,,36716,12624,,,1,70,,36707,12624,,,1,30,,36700,12624,,,1,70,,36711,12624,,,1,30,,36696,12624,,,1,70,,36708,12624,,,1,30,,36701,12624,,,1,70,,36712,12624,,,1,30,,36697,12624,,,1,70,,36691,12624,,,1,30,,36702,12624,,,1,70,,36713,12624,,,1,30,,36698,12624,,,1,70,,36692,12624,,,1,31,,36721,12624,,,1,69,,36714,12624,,,1,31,,36709,12624,,,1,69,,36693,12624,,,1,30,,36703,12624,,,1,100,,36710,12624,,,1,98,,36704,12624,,,1,97,,36718,12624,,,1,100,,36705,12624,,,1,100,,36717,12624,,,1,100,,36695,12624,,,1
8800,'F7',700,,36728,12624,,,1,41,,36732,12624,,,1,2,,36737,12624,,,1,59,,36767,12624,,,1,15,,36768,12624,,,1,14,,36734,12624,,,1,15,,36769,12624,,,1,55,,36735,12624,,,1,13,,36736,12624,,,1,29,,36757,12624,,,1,70,,36733,12624,,,1,30,,36731,12624,,,1,70,,36755,12624,,,1,33,,36758,12624,,,1,70,,36724,12624,,,1,30,,36722,12624,,,1,70,,36759,12624,,,1,30,,36725,12624,,,1,70,,36756,12624,,,1,34,,36771,12624,,,1,3,,36746,12624,,,1,70,,36760,12624,,,1,17,,36762,12624,,,1,16,,36764,12624,,,1,55,,36726,12624,,,1,15,,36738,12624,,,1,15,,36770,12624,,,1,15,,36743,12624,,,1,53,,36747,12624,,,1,10,,36723,12624,,,1,12,,36750,12624,,,1,12,,36740,12624,,,1,11,,36745,12624,,,1,51,,36730,12624,,,1,11,,36765,12624,,,1,12,,36727,12624,,,1,12,,36739,12624,,,1,7,,36763,12624,,,1,59,,36744,12624,,,1,15,,36748,12624,,,1,22,,36741,12624,,,1,68,,36766,12624,,,1,30,,36761,12624,,,1,68,,36749,12624,,,1,30,,36742,12624,,,1,70,,36729,12624,,,1,30,,36753,12624,,,1,100,,36751,12624,,,1,99,,36754,12624,,,1,95,,36752,12624,,,1
8800,'F8',734,,36775,12624,,,1,70,,36800,12624,,,1,31,,36796,12624,,,1,70,,36787,12624,,,1,31,,36780,12624,,,1,70,,36801,12624,,,1,32,,36797,12624,,,1,70,,36788,12624,,,1,30,,36781,12624,,,1,70,,36792,12624,,,1,30,,36777,12624,,,1,70,,36789,12624,,,1,30,,36782,12624,,,1,70,,36793,12624,,,1,30,,36778,12624,,,1,70,,36772,12624,,,1,30,,36783,12624,,,1,70,,36794,12624,,,1,30,,36779,12624,,,1,70,,36773,12624,,,1,31,,36802,12624,,,1,69,,36795,12624,,,1,31,,36790,12624,,,1,69,,36774,12624,,,1,30,,36784,12624,,,1,100,,36791,12624,,,1,98,,36785,12624,,,1,97,,36799,12624,,,1,100,,36786,12624,,,1,100,,36798,12624,,,1,100,,36776,12624,,,1
8800,'F9',734,,36806,12624,,,1,70,,36811,12624,,,1,30,,36817,12624,,,1,70,,36826,12624,,,1,30,,36807,12624,,,1,70,,36812,12624,,,1,32,,36818,12624,,,1,70,,36827,12624,,,1,30,,36808,12624,,,1,70,,36813,12624,,,1,31,,36819,12624,,,1,70,,36828,12624,,,1,30,,36809,12624,,,1,70,,36814,12624,,,1,30,,36820,12624,,,1,70,,36803,12624,,,1,30,,36821,12624,,,1,70,,36815,12624,,,1,30,,36829,12624,,,1,70,,36804,12624,,,1,30,,36822,12624,,,1,68,,36816,12624,,,1,30,,36830,12624,,,1,100,,36823,12624,,,1,100,,36831,12624,,,1,100,,36824,12624,,,1,100,,36832,12624,,,1,97,,36825,12624,,,1,100,,36805,12624,,,1,100,,36810,12624,,,1
8800,'SA',734,,36836,12624,,,1,70,,36860,12624,,,1,31,,36857,12624,,,1,70,,36848,12624,,,1,31,,36841,12624,,,1,70,,36861,12624,,,1,32,,36858,12624,,,1,70,,36849,12624,,,1,30,,36842,12624,,,1,70,,36853,12624,,,1,30,,36838,12624,,,1,70,,36850,12624,,,1,30,,36843,12624,,,1,70,,36854,12624,,,1,30,,36839,12624,,,1,70,,36833,12624,,,1,30,,36844,12624,,,1,70,,36855,12624,,,1,30,,36840,12624,,,1,70,,36834,12624,,,1,31,,36862,12624,,,1,69,,36856,12624,,,1,31,,36851,12624,,,1,69,,36835,12624,,,1,30,,36845,12624,,,1,100,,36852,12624,,,1,98,,36846,12624,,,1,97,,15203,12624,,,1,100,,36847,12624,,,1,100,,36859,12624,,,1,100,,36837,12624,,,1
8800,'SE',700,,36869,12624,,,1,41,,36873,12624,,,1,2,,36877,12624,,,1,59,,36905,12624,,,1,15,,36906,12624,,,1,14,,15219,12624,,,1,15,,36907,12624,,,1,55,,36875,12624,,,1,13,,36876,12624,,,1,29,,36895,12624,,,1,70,,36874,12624,,,1,30,,36872,12624,,,1,70,,36893,12624,,,1,33,,36896,12624,,,1,70,,36865,12624,,,1,30,,36863,12624,,,1,70,,36897,12624,,,1,30,,36866,12624,,,1,70,,36894,12624,,,1,34,,36909,12624,,,1,3,,36886,12624,,,1,70,,36898,12624,,,1,17,,36900,12624,,,1,16,,36902,12624,,,1,55,,36867,12624,,,1,15,,36878,12624,,,1,15,,36908,12624,,,1,15,,36883,12624,,,1,53,,36887,12624,,,1,10,,36864,12624,,,1,12,,36888,12624,,,1,12,,36880,12624,,,1,11,,36885,12624,,,1,51,,36871,12624,,,1,11,,36903,12624,,,1,12,,36868,12624,,,1,12,,36879,12624,,,1,7,,36901,12624,,,1,59,,36884,12624,,,1,15,,15235,12624,,,1,22,,36881,12624,,,1,68,,36904,12624,,,1,30,,36899,12624,,,1,68,,15236,12624,,,1,30,,36882,12624,,,1,70,,36870,12624,,,1,30,,36891,12624,,,1,100,,36889,12624,,,1,99,,36892,12624,,,1,95,,36890,12624,,,1
50500,'F7',1628,,40630,5744,,,2
50500,'SE',1628,,40631,5744,,,2
