7101,'DI',523,,11893,1586,,,2,30,,11904,1586,,,2,69,,11897,1586,,,2,30,,11884,1586,,,2,70,,11900,1586,,,2,30,,11905,1586,,,2,70,,11902,1586,,,2,30,,11885,1586,,,2,71,,11901,1586,,,2,29,,11879,1586,,,2,71,,11875,1586,,,2,30,,11880,1586,,,2,70,,11892,1586,,,2,30,,11881,1586,,,2,70,,11889,1586,,,2,35,,11898,1586,,,2,65,,11903,1586,,,2,30,,11899,1586,,,2,70,,11890,1586,,,2,30,,11876,1586,,,2,70,,11888,1586,,,2,30,,11882,1586,,,2,70,,11896,1586,,,2,30,,11883,1586,,,2,68,,11886,1586,,,2,32,,11877,1586,,,2,70,,11887,1586,,,2,30,,11878,1586,,,2,100,,11891,1586,,,2,99,,11907,1586,,,2,100,,11874,1586,,,2,100,,11894,1586,,,2,100,,11895,1586,,,2,100,,11906,1586,,,2
7101,'F1',523,,11925,1586,,,2,30,,11936,1586,,,2,69,,11923,1586,,,2,30,,11909,1586,,,2,70,,11910,1586,,,2,30,,11926,1586,,,2,71,,11924,1586,,,2,29,,11937,1586,,,2,70,,11911,1586,,,2,30,,11938,1586,,,2,71,,11940,1586,,,2,30,,11939,1586,,,2,70,,11913,1586,,,2,30,,11930,1586,,,2,70,,11914,1586,,,2,30,,11931,1586,,,2,70,,11915,1586,,,2,30,,11932,1586,,,2,70,,11916,1586,,,2,30,,11933,1586,,,2,70,,11917,1586,,,2,30,,11941,1586,,,2,70,,11918,1586,,,2,28,,11942,1586,,,2,70,,11919,1586,,,2,36,,11934,1586,,,2,66,,11920,1586,,,2,32,,11935,1586,,,2,98,,11928,1586,,,2,100,,11912,1586,,,2,100,,11921,1586,,,2,100,,11922,1586,,,2,100,,11908,1586,,,2,100,,11927,1586,,,2,100,,11929,1586,,,2
7101,'F7',523,,11962,1586,,,2,30,,11973,1586,,,2,69,,11966,1586,,,2,30,,11953,1586,,,2,70,,11969,1586,,,2,30,,11974,1586,,,2,70,,11971,1586,,,2,30,,11954,1586,,,2,71,,11970,1586,,,2,29,,11948,1586,,,2,71,,11944,1586,,,2,30,,11949,1586,,,2,70,,11961,1586,,,2,30,,11950,1586,,,2,70,,11958,1586,,,2,35,,11967,1586,,,2,65,,11972,1586,,,2,30,,11968,1586,,,2,70,,11959,1586,,,2,30,,11945,1586,,,2,70,,11957,1586,,,2,30,,11951,1586,,,2,70,,11965,1586,,,2,30,,11952,1586,,,2,68,,11955,1586,,,2,32,,11946,1586,,,2,70,,11956,1586,,,2,30,,11947,1586,,,2,100,,11960,1586,,,2,99,,11976,1586,,,2,100,,11943,1586,,,2,100,,11963,1586,,,2,100,,11964,1586,,,2,100,,11975,1586,,,2
7101,'F8',445,,11989,1586,,,2,70,,11995,1586,,,2,30,,11983,1586,,,2,70,,11992,1586,,,2,30,,11987,1586,,,2,55,,11984,1586,,,2,25,,11980,1586,,,2,20,,11985,1586,,,2,62,,12013,1586,,,2,18,,11994,1586,,,2,28,,12006,1586,,,2,71,,11986,1586,,,2,29,,12021,1586,,,2,70,,11977,1586,,,2,30,,12007,1586,,,2,70,,12019,1586,,,2,30,,12008,1586,,,2,70,,12020,1586,,,2,30,,12009,1586,,,2,70,,11996,1586,,,2,30,,12014,1586,,,2,70,,11997,1586,,,2,31,,12015,1586,,,2,71,,12018,1586,,,2,31,,11988,1586,,,2,60,,11978,1586,,,2,21,,11991,1586,,,2,65,,12012,1586,,,2,17,,11993,1586,,,2,18,,11990,1586,,,2,19,,12010,1586,,,2,72,,12022,1586,,,2,26,,12011,1586,,,2,70,,11998,1586,,,2,30,,11981,1586,,,2,69,,11999,1586,,,2,30,,11982,1586,,,2,70,,12000,1586,,,2,30,,11979,1586,,,2,70,,12001,1586,,,2,30,,12016,1586,,,2,70,,12002,1586,,,2,30,,12004,1586,,,2,68,,12003,1586,,,2,30,,12005,1586,,,2,70,,12017,1586,,,2
7101,'F9',523,,12040,1586,,,2,30,,12051,1586,,,2,69,,12038,1586,,,2,30,,12024,1586,,,2,70,,12025,1586,,,2,30,,12041,1586,,,2,71,,12039,1586,,,2,29,,12052,1586,,,2,70,,12026,1586,,,2,30,,12053,1586,,,2,71,,12055,1586,,,2,30,,12054,1586,,,2,70,,12028,1586,,,2,30,,12045,1586,,,2,70,,12029,1586,,,2,30,,12046,1586,,,2,70,,12030,1586,,,2,30,,12047,1586,,,2,70,,12031,1586,,,2,30,,12048,1586,,,2,70,,12032,1586,,,2,30,,12056,1586,,,2,70,,12033,1586,,,2,28,,12057,1586,,,2,70,,12034,1586,,,2,36,,12049,1586,,,2,66,,12035,1586,,,2,32,,12050,1586,,,2,98,,12043,1586,,,2,100,,12027,1586,,,2,100,,12036,1586,,,2,100,,12037,1586,,,2,100,,12023,1586,,,2,100,,12042,1586,,,2,100,,12044,1586,,,2
7101,'SA',523,,12075,1586,,,2,30,,12086,1586,,,2,69,,12073,1586,,,2,30,,12059,1586,,,2,70,,12060,1586,,,2,30,,12076,1586,,,2,71,,12074,1586,,,2,29,,12087,1586,,,2,70,,12061,1586,,,2,30,,12088,1586,,,2,71,,12090,1586,,,2,30,,12089,1586,,,2,70,,12063,1586,,,2,30,,12080,1586,,,2,70,,12064,1586,,,2,30,,12081,1586,,,2,70,,12065,1586,,,2,30,,12082,1586,,,2,70,,12066,1586,,,2,30,,12083,1586,,,2,70,,12067,1586,,,2,30,,12091,1586,,,2,70,,12068,1586,,,2,28,,12092,1586,,,2,70,,12069,1586,,,2,36,,12084,1586,,,2,66,,12070,1586,,,2,32,,12085,1586,,,2,98,,12078,1586,,,2,100,,12062,1586,,,2,100,,12071,1586,,,2,100,,12072,1586,,,2,100,,12058,1586,,,2,100,,12077,1586,,,2,100,,12079,1586,,,2
7101,'SE',445,,12105,1586,,,2,70,,12111,1586,,,2,30,,12099,1586,,,2,70,,12108,1586,,,2,30,,12103,1586,,,2,55,,12100,1586,,,2,25,,12096,1586,,,2,20,,12101,1586,,,2,62,,12129,1586,,,2,18,,12110,1586,,,2,28,,12122,1586,,,2,71,,12102,1586,,,2,29,,12137,1586,,,2,70,,12093,1586,,,2,30,,12123,1586,,,2,70,,12135,1586,,,2,30,,12124,1586,,,2,70,,12136,1586,,,2,30,,12125,1586,,,2,70,,12112,1586,,,2,30,,12130,1586,,,2,70,,12113,1586,,,2,31,,12131,1586,,,2,71,,12134,1586,,,2,31,,12104,1586,,,2,60,,12094,1586,,,2,21,,12107,1586,,,2,65,,12128,1586,,,2,17,,12109,1586,,,2,18,,12106,1586,,,2,19,,12126,1586,,,2,72,,12138,1586,,,2,26,,12127,1586,,,2,70,,12114,1586,,,2,30,,12097,1586,,,2,69,,12115,1586,,,2,30,,12098,1586,,,2,70,,12116,1586,,,2,30,,12095,1586,,,2,70,,12117,1586,,,2,30,,12132,1586,,,2,70,,12118,1586,,,2,30,,12120,1586,,,2,68,,12119,1586,,,2,30,,12121,1586,,,2,70,,12133,1586,,,2
56500,'F8',1618,,18830,9320,,,2
56500,'SE',1618,,18831,9320,,,2
56501,'F8',836,,18832,3395,,,2
56501,'SE',836,,18833,3395,,,2
