401,'DI',603,,676,,,1,30,,685,,,1,70,,687,,,1,30,,683,,,1,70,,677,,,1,30,,686,,,1,72,,699,,,1,30,,696,,,1,70,,678,,,1,30,,674,,,1,70,,700,,,1,30,,697,,,1,70,,679,,,1,30,,707,,,1,70,,692,,,1,30,,698,,,1,71,,680,,,1,29,,702,,,1,70,,705,,,1,30,,675,,,1,72,,681,,,1,29,,703,,,1,70,,706,,,1,34,,704,,,1,65,,688,,,1,30,,691,,,1,70,,693,,,1,30,,695,,,1,71,,689,,,1,29,,690,,,1,70,,673,,,1,30,,684,,,1,100,,701,,,1,100,,694,,,1,100,,682,,,1
401,'F1',603,,723,,,1,30,,712,,,1,70,,714,,,1,30,,710,,,1,70,,724,,,1,30,,713,,,1,72,,715,,,1,30,,711,,,1,70,,725,,,1,30,,728,,,1,70,,716,,,1,30,,733,,,1,70,,709,,,1,32,,735,,,1,70,,730,,,1,30,,739,,,1,70,,708,,,1,30,,717,,,1,70,,734,,,1,30,,729,,,1,70,,740,,,1,30,,737,,,1,70,,732,,,1,30,,731,,,1,70,,742,,,1,28,,727,,,1,70,,718,,,1,30,,738,,,1,70,,741,,,1,30,,719,,,1,70,,736,,,1,30,,726,,,1,100,,721,,,1,100,,720,,,1,100,,722,,,1
401,'SA',603,,758,,,1,30,,747,,,1,70,,749,,,1,30,,745,,,1,70,,759,,,1,30,,748,,,1,72,,750,,,1,30,,746,,,1,70,,760,,,1,30,,763,,,1,70,,751,,,1,30,,768,,,1,70,,744,,,1,32,,770,,,1,70,,765,,,1,30,,774,,,1,70,,743,,,1,30,,752,,,1,70,,769,,,1,30,,764,,,1,70,,775,,,1,30,,772,,,1,70,,767,,,1,30,,766,,,1,70,,777,,,1,28,,762,,,1,70,,753,,,1,30,,773,,,1,70,,776,,,1,30,,754,,,1,70,,771,,,1,30,,761,,,1,100,,756,,,1,100,,755,,,1,100,,757,,,1
401,'SE',608,,780,,,1,22,,783,,,1,18,,779,,,1,61,,790,,,1,33,,802,,,1,73,,782,,,1,33,,811,,,1,70,,792,,,1,32,,805,,,1,70,,804,,,1,30,,778,,,1,70,,810,,,1,30,,797,,,1,70,,781,,,1,32,,803,,,1,72,,800,,,1,30,,798,,,1,70,,817,,,1,26,,815,,,1,74,,794,,,1,15,,807,,,1,63,,786,,,1,23,,799,,,1,19,,793,,,1,60,,788,,,1,25,,814,,,1,13,,787,,,1,60,,806,,,1,24,,791,,,1,16,,808,,,1,67,,801,,,1,30,,816,,,1,67,,812,,,1,28,,784,,,1,70,,796,,,1,30,,813,,,1,70,,809,,,1,100,,795,,,1,97,,785,,,1,100,,789,,,1
3201,'DI',537,,4337,,,2,99,,4338,,,2,101,,4339,,,2,99,,4340,,,2,102,,4342,,,2,100,,4345,,,2,101,,4357,,,2,102,,4343,,,2,103,,4346,,,2,98,,4356,,,2,104,,4348,,,2,96,,4347,,,2,99,,4350,,,2,100,,4349,,,2,99,,4344,,,2,100,,4351,,,2,100,,4352,,,2,100,,4355,,,2,100,,4354,,,2,100,,4353,,,2,99,,4341,,,2
3201,'F1',537,,4359,,,2,99,,4360,,,2,101,,4361,,,2,96,,4362,,,2,103,,4363,,,2,101,,4358,,,2,102,,4365,,,2,100,,4367,,,2,106,,4368,,,2,102,,4366,,,2,97,,4370,,,2,98,,4369,,,2,99,,4372,,,2,100,,4371,,,2,99,,4374,,,2,100,,4373,,,2,100,,4375,,,2,100,,4378,,,2,100,,4377,,,2,100,,4376,,,2,99,,4364,,,2
3201,'SA',537,,4380,,,2,99,,4381,,,2,101,,4382,,,2,96,,4383,,,2,103,,4384,,,2,101,,4379,,,2,102,,4386,,,2,100,,4388,,,2,106,,4389,,,2,102,,4387,,,2,97,,4391,,,2,98,,4390,,,2,99,,4393,,,2,100,,4392,,,2,99,,4395,,,2,100,,4394,,,2,100,,4396,,,2,100,,4399,,,2,100,,4398,,,2,100,,4397,,,2,99,,4385,,,2
3201,'SE',513,,4412,,,2,30,,4417,,,2,70,,4424,,,2,29,,4415,,,2,75,,4418,,,2,27,,4419,,,2,64,,4420,,,2,30,,4427,,,2,75,,4426,,,2,96,,4402,,,2,101,,4409,,,2,100,,4407,,,2,100,,4406,,,2,100,,4408,,,2,103,,4400,,,2,105,,4401,,,2,20,,4421,,,2,70,,4416,,,2,30,,4413,,,2,70,,4422,,,2,23,,4425,,,2,73,,4423,,,2,25,,4414,,,2,87,,4404,,,2,100,,4411,,,2,98,,4405,,,2,100,,4410,,,2,98,,4403,,,2
13201,'DI',718,,9173,,,2,100,,9174,,,2,100,,9176,,,2,100,,9189,,,2,100,,9172,,,2,100,,9177,,,2,100,,9188,,,2,100,,9180,,,2,100,,9178,,,2,105,,9182,,,2,95,,9181,,,2,100,,9179,,,2,101,,9183,,,2,97,,9184,,,2,100,,9175,,,2,100,,9186,,,2,100,,9185,,,2,100,,9187,,,2
13201,'F1',718,,9192,,,2,100,,9206,,,2,100,,9191,,,2,100,,9193,,,2,103,,9195,,,2,97,,9190,,,2,104,,9194,,,2,96,,9198,,,2,104,,9196,,,2,96,,9200,,,2,100,,9199,,,2,100,,9197,,,2,101,,9201,,,2,97,,9203,,,2,100,,9202,,,2,100,,9205,,,2,100,,9204,,,2,100,,9207,,,2
13201,'SA',718,,9210,,,2,100,,9224,,,2,100,,9209,,,2,100,,9211,,,2,103,,9213,,,2,97,,9208,,,2,104,,9212,,,2,96,,9216,,,2,104,,9214,,,2,96,,9218,,,2,100,,9217,,,2,100,,9215,,,2,101,,9219,,,2,97,,9221,,,2,100,,9220,,,2,100,,9223,,,2,100,,9222,,,2,100,,9225,,,2
13201,'SE',552,,9229,,,2,70,,9231,,,2,32,,9239,,,2,60,,9243,,,2,24,,9236,,,2,20,,9241,,,2,62,,9240,,,2,18,,9230,,,2,16,,9237,,,2,60,,9242,,,2,20,,9235,,,2,19,,9244,,,2,97,,9251,,,2,99,,9248,,,2,96,,9249,,,2,100,,9226,,,2,110,,9246,,,2,51,,9232,,,2,3,,9233,,,2,43,,9252,,,2,65,,9247,,,2,19,,9234,,,2,19,,9238,,,2,63,,9253,,,2,19,,9227,,,2,18,,9245,,,2,59,,9228,,,2,40,,9250,,,2
52101,'SE',907,,10437,,,2
54000,'SE',1634,,10460,,,2
