301,'DI',618,,698,3782,,,1,100,,20863,3782,,,1,100,,699,3782,,,1,100,,20864,3782,,,1,100,,700,3782,,,1,100,,20865,3782,,,1,100,,701,3782,,,1,100,,20866,3782,,,1,100,,702,3782,,,1,100,,703,3782,,,1,100,,704,3782,,,1,100,,705,3782,,,1,100,,706,3782,,,1,100,,20856,3782,,,1,100,,20857,3782,,,1,100,,20858,3782,,,1,100,,20859,3782,,,1,100,,20860,3782,,,1,100,,20861,3782,,,1
301,'F1',548,,20885,3782,,,1,70,,20867,3782,,,1,30,,20886,3782,,,1,70,,20891,3782,,,1,30,,20887,3782,,,1,70,,20900,3782,,,1,30,,20888,3782,,,1,70,,20892,3782,,,1,30,,20889,3782,,,1,70,,20893,3782,,,1,30,,20890,3782,,,1,70,,20894,3782,,,1,30,,20897,3782,,,1,70,,20895,3782,,,1,30,,20898,3782,,,1,70,,20874,3782,,,1,30,,20899,3782,,,1,70,,20896,3782,,,1,30,,20880,3782,,,1,70,,20868,3782,,,1,30,,20881,3782,,,1,70,,20869,3782,,,1,30,,20882,3782,,,1,70,,20870,3782,,,1,30,,20883,3782,,,1,70,,20871,3782,,,1,100,,20872,3782,,,1,100,,20873,3782,,,1,100,,20875,3782,,,1,100,,20876,3782,,,1,100,,20877,3782,,,1,100,,20878,3782,,,1
301,'F2',548,,20901,3782,,,1,70,,20909,3782,,,1,30,,20902,3782,,,1,70,,20919,3782,,,1,30,,20903,3782,,,1,70,,20910,3782,,,1,30,,20904,3782,,,1,70,,20920,3782,,,1,30,,20905,3782,,,1,70,,20921,3782,,,1,30,,20906,3782,,,1,70,,20911,3782,,,1,30,,20907,3782,,,1,70,,20912,3782,,,1,30,,20908,3782,,,1,70,,20928,3782,,,1,30,,20922,3782,,,1,70,,20913,3782,,,1,30,,20923,3782,,,1,70,,20929,3782,,,1,30,,20924,3782,,,1,70,,20930,3782,,,1,30,,20925,3782,,,1,70,,20931,3782,,,1,30,,20926,3782,,,1,70,,20932,3782,,,1,100,,20933,3782,,,1,100,,20914,3782,,,1,100,,20915,3782,,,1,100,,20916,3782,,,1,100,,20917,3782,,,1,100,,20934,3782,,,1
301,'F7',506,,20945,3782,,,1,30,,20935,3782,,,1,71,,20966,3782,,,1,24,,20967,3782,,,1,20,,20969,3782,,,1,60,,20961,3782,,,1,20,,20960,3782,,,1,17,,20959,3782,,,1,63,,20962,3782,,,1,21,,20974,3782,,,1,20,,20972,3782,,,1,69,,20951,3782,,,1,30,,20946,3782,,,1,70,,20952,3782,,,1,30,,20947,3782,,,1,70,,20936,3782,,,1,30,,20948,3782,,,1,70,,20937,3782,,,1,30,,20949,3782,,,1,70,,20938,3782,,,1,30,,20950,3782,,,1,70,,20939,3782,,,1,30,,20970,3782,,,1,72,,20963,3782,,,1,79,,20977,3782,,,1,44,,20971,3782,,,1,81,,20965,3782,,,1,78,,20976,3782,,,1,49,,20955,3782,,,1,67,,20957,3782,,,1,28,,20956,3782,,,1,70,,20958,3782,,,1,30,,20943,3782,,,1,70,,20942,3782,,,1,30,,20944,3782,,,1,70,,20953,3782,,,1,100,,20954,3782,,,1,100,,20940,3782,,,1
301,'F8',548,,20979,3782,,,1,70,,20987,3782,,,1,30,,20980,3782,,,1,70,,20997,3782,,,1,30,,20981,3782,,,1,70,,20988,3782,,,1,30,,20982,3782,,,1,70,,20998,3782,,,1,30,,20983,3782,,,1,70,,20999,3782,,,1,30,,20984,3782,,,1,70,,20989,3782,,,1,30,,20985,3782,,,1,70,,20990,3782,,,1,30,,20986,3782,,,1,70,,21006,3782,,,1,30,,21000,3782,,,1,70,,20991,3782,,,1,30,,21001,3782,,,1,70,,21007,3782,,,1,30,,21002,3782,,,1,70,,21008,3782,,,1,30,,21003,3782,,,1,70,,21009,3782,,,1,30,,21004,3782,,,1,70,,21010,3782,,,1,100,,21011,3782,,,1,100,,20992,3782,,,1,100,,20993,3782,,,1,100,,20994,3782,,,1,100,,20995,3782,,,1,100,,21012,3782,,,1
301,'F9',618,,21013,3782,,,1,100,,21029,3782,,,1,100,,21014,3782,,,1,100,,21030,3782,,,1,100,,21015,3782,,,1,100,,21031,3782,,,1,100,,21016,3782,,,1,100,,21032,3782,,,1,100,,21017,3782,,,1,100,,21018,3782,,,1,100,,21019,3782,,,1,100,,21020,3782,,,1,100,,21021,3782,,,1,100,,21022,3782,,,1,100,,21023,3782,,,1,100,,21024,3782,,,1,100,,21025,3782,,,1,100,,21026,3782,,,1,100,,21027,3782,,,1
301,'SA',548,,21033,3782,,,1,70,,21041,3782,,,1,30,,21034,3782,,,1,70,,21051,3782,,,1,30,,21035,3782,,,1,70,,21042,3782,,,1,30,,21036,3782,,,1,70,,21052,3782,,,1,30,,21037,3782,,,1,70,,21053,3782,,,1,30,,21038,3782,,,1,70,,21043,3782,,,1,30,,21039,3782,,,1,70,,21044,3782,,,1,30,,21040,3782,,,1,70,,21054,3782,,,1,30,,847,3782,,,1,70,,21045,3782,,,1,30,,848,3782,,,1,70,,21055,3782,,,1,30,,849,3782,,,1,70,,21056,3782,,,1,30,,850,3782,,,1,70,,21057,3782,,,1,30,,851,3782,,,1,70,,21058,3782,,,1,100,,21059,3782,,,1,100,,21046,3782,,,1,100,,21047,3782,,,1,100,,21048,3782,,,1,100,,21049,3782,,,1,100,,21060,3782,,,1
301,'SE',506,,21071,3782,,,1,30,,21061,3782,,,1,71,,21092,3782,,,1,24,,21093,3782,,,1,20,,21095,3782,,,1,60,,21087,3782,,,1,20,,21086,3782,,,1,17,,21085,3782,,,1,63,,21088,3782,,,1,21,,21100,3782,,,1,20,,21098,3782,,,1,69,,21077,3782,,,1,30,,21072,3782,,,1,70,,21078,3782,,,1,30,,21073,3782,,,1,70,,21062,3782,,,1,30,,21074,3782,,,1,70,,21063,3782,,,1,30,,21075,3782,,,1,70,,21064,3782,,,1,30,,21076,3782,,,1,70,,21065,3782,,,1,30,,21096,3782,,,1,72,,21089,3782,,,1,79,,21103,3782,,,1,44,,21097,3782,,,1,81,,21091,3782,,,1,78,,21102,3782,,,1,49,,21081,3782,,,1,67,,21083,3782,,,1,28,,21082,3782,,,1,70,,21084,3782,,,1,30,,21069,3782,,,1,70,,21068,3782,,,1,30,,21070,3782,,,1,70,,21079,3782,,,1,100,,21080,3782,,,1,100,,21066,3782,,,1
50300,'F7',1632,,40626,5875,,,2
50300,'SE',1632,,40627,5875,,,2
60101,'F7',844,,40743,4517,,,2
60101,'SE',844,,40744,4517,,,2
