1001,'DI',640,,3282,5924,,,1,67,,3256,5924,,,1,30,,3283,5924,,,1,70,,3255,5924,,,1,30,,3266,5924,,,1,78,,3257,5924,,,1,30,,3267,5924,,,1,70,,3258,5924,,,1,30,,3268,5924,,,1,70,,3284,5924,,,1,30,,3269,5924,,,1,70,,3285,5924,,,1,30,,3275,5924,,,1,70,,3286,5924,,,1,30,,3276,5924,,,1,70,,3270,5924,,,1,30,,3277,5924,,,1,70,,3271,5924,,,1,30,,3278,5924,,,1,70,,3272,5924,,,1,30,,3279,5924,,,1,70,,3273,5924,,,1,30,,3280,5924,,,1,70,,3274,5924,,,1,30,,3281,5924,,,1,81,,3259,5924,,,1,100,,3260,5924,,,1,100,,3261,5924,,,1,100,,3262,5924,,,1,100,,3263,5924,,,1,100,,3264,5924,,,1
1001,'F1',539,,3318,5924,,,1,96,,3319,5924,,,1,70,,3302,5924,,,1,30,,3295,5924,,,1,70,,3303,5924,,,1,30,,3316,5924,,,1,78,,3301,5924,,,1,31,,3287,5924,,,1,70,,3304,5924,,,1,30,,3288,5924,,,1,70,,3296,5924,,,1,30,,3289,5924,,,1,70,,3309,5924,,,1,32,,3317,5924,,,1,70,,3310,5924,,,1,30,,3290,5924,,,1,70,,3311,5924,,,1,30,,3291,5924,,,1,70,,3312,5924,,,1,30,,3292,5924,,,1,70,,3313,5924,,,1,30,,3293,5924,,,1,69,,3314,5924,,,1,31,,3294,5924,,,1,70,,3315,5924,,,1,30,,3305,5924,,,1,81,,3297,5924,,,1,100,,3298,5924,,,1,100,,3299,5924,,,1,100,,3300,5924,,,1,100,,3306,5924,,,1,100,,3307,5924,,,1
1001,'F7',640,,3347,5924,,,1,67,,3321,5924,,,1,30,,3348,5924,,,1,70,,3320,5924,,,1,30,,3331,5924,,,1,78,,3322,5924,,,1,30,,3332,5924,,,1,70,,3323,5924,,,1,30,,3333,5924,,,1,70,,3349,5924,,,1,30,,3334,5924,,,1,70,,3350,5924,,,1,30,,3340,5924,,,1,70,,3351,5924,,,1,30,,3341,5924,,,1,70,,3335,5924,,,1,30,,3342,5924,,,1,70,,3336,5924,,,1,30,,3343,5924,,,1,70,,3337,5924,,,1,30,,3344,5924,,,1,70,,3338,5924,,,1,30,,3345,5924,,,1,70,,3339,5924,,,1,30,,3346,5924,,,1,81,,3324,5924,,,1,100,,3325,5924,,,1,100,,3326,5924,,,1,100,,3327,5924,,,1,100,,3328,5924,,,1,100,,3329,5924,,,1
1001,'F9',539,,3383,5924,,,1,96,,3384,5924,,,1,70,,3367,5924,,,1,30,,3360,5924,,,1,70,,3368,5924,,,1,30,,3381,5924,,,1,78,,3366,5924,,,1,31,,3352,5924,,,1,70,,3369,5924,,,1,30,,3353,5924,,,1,70,,3361,5924,,,1,30,,3354,5924,,,1,70,,3374,5924,,,1,32,,3382,5924,,,1,70,,3375,5924,,,1,30,,3355,5924,,,1,70,,3376,5924,,,1,30,,3356,5924,,,1,70,,3377,5924,,,1,30,,3357,5924,,,1,70,,3378,5924,,,1,30,,3358,5924,,,1,69,,3379,5924,,,1,31,,3359,5924,,,1,70,,3380,5924,,,1,30,,3370,5924,,,1,81,,3362,5924,,,1,100,,3363,5924,,,1,100,,3364,5924,,,1,100,,3365,5924,,,1,100,,3371,5924,,,1,100,,3372,5924,,,1
1001,'SA',539,,3416,5924,,,1,96,,3417,5924,,,1,70,,3400,5924,,,1,30,,3393,5924,,,1,70,,3401,5924,,,1,30,,3414,5924,,,1,78,,3399,5924,,,1,31,,3385,5924,,,1,70,,3402,5924,,,1,30,,3386,5924,,,1,70,,3394,5924,,,1,30,,3387,5924,,,1,70,,3407,5924,,,1,32,,3415,5924,,,1,70,,3408,5924,,,1,30,,3388,5924,,,1,70,,3409,5924,,,1,30,,3389,5924,,,1,70,,3410,5924,,,1,30,,3390,5924,,,1,70,,3411,5924,,,1,30,,3391,5924,,,1,69,,3412,5924,,,1,31,,3392,5924,,,1,70,,3413,5924,,,1,30,,3403,5924,,,1,81,,3395,5924,,,1,100,,3396,5924,,,1,100,,3397,5924,,,1,100,,3398,5924,,,1,100,,3404,5924,,,1,100,,3405,5924,,,1
1701,'DI',557,,4963,6059,,,1,100,,4961,6059,,,1,70,,4953,6059,,,1,30,,4969,6059,,,1,70,,4948,6059,,,1,30,,4964,6059,,,1,70,,4954,6059,,,1,30,,4962,6059,,,1,70,,4958,6059,,,1,30,,4970,6059,,,1,70,,4944,6059,,,1,30,,4965,6059,,,1,70,,4973,6059,,,1,30,,4971,6059,,,1,70,,4950,6059,,,1,30,,4959,6059,,,1,70,,4955,6059,,,1,30,,4966,6059,,,1,70,,4951,6059,,,1,29,,4945,6059,,,1,70,,4941,6059,,,1,31,,4946,6059,,,1,70,,4942,6059,,,1,30,,4956,6059,,,1,71,,4943,6059,,,1,30,,4957,6059,,,1,99,,4967,6059,,,1,100,,4952,6059,,,1,100,,4972,6059,,,1,100,,4968,6059,,,1,100,,4949,6059,,,1,100,,4947,6059,,,1
1701,'F1',558,,5003,6059,,,1,100,,4993,6059,,,1,70,,4985,6059,,,1,30,,4978,6059,,,1,70,,4994,6059,,,1,30,,4988,6059,,,1,70,,5000,6059,,,1,30,,5001,6059,,,1,70,,4987,6059,,,1,30,,4989,6059,,,1,70,,4979,6059,,,1,30,,5004,6059,,,1,70,,4986,6059,,,1,30,,4990,6059,,,1,70,,4981,6059,,,1,30,,5005,6059,,,1,70,,4995,6059,,,1,30,,5002,6059,,,1,70,,4984,6059,,,1,30,,4991,6059,,,1,70,,4974,6059,,,1,29,,4982,6059,,,1,70,,4996,6059,,,1,31,,4977,6059,,,1,70,,4997,6059,,,1,31,,4992,6059,,,1,99,,4980,6059,,,1,100,,4999,6059,,,1,100,,4983,6059,,,1,100,,4975,6059,,,1,100,,5006,6059,,,1,100,,4976,6059,,,1
1701,'F7',557,,5029,6059,,,1,100,,5027,6059,,,1,70,,5019,6059,,,1,30,,5035,6059,,,1,70,,5014,6059,,,1,30,,5030,6059,,,1,70,,5020,6059,,,1,30,,5028,6059,,,1,70,,5024,6059,,,1,30,,5036,6059,,,1,70,,5010,6059,,,1,30,,5031,6059,,,1,70,,5039,6059,,,1,30,,5037,6059,,,1,70,,5016,6059,,,1,30,,5025,6059,,,1,70,,5021,6059,,,1,30,,5032,6059,,,1,70,,5017,6059,,,1,29,,5011,6059,,,1,70,,5007,6059,,,1,31,,5012,6059,,,1,70,,5008,6059,,,1,30,,5022,6059,,,1,71,,5009,6059,,,1,30,,5023,6059,,,1,99,,5033,6059,,,1,100,,5018,6059,,,1,100,,5038,6059,,,1,100,,5034,6059,,,1,100,,5015,6059,,,1,100,,5013,6059,,,1
1701,'F9',558,,5069,6059,,,1,100,,5059,6059,,,1,70,,5051,6059,,,1,30,,5044,6059,,,1,70,,5060,6059,,,1,30,,5054,6059,,,1,70,,5066,6059,,,1,30,,5067,6059,,,1,70,,5053,6059,,,1,30,,5055,6059,,,1,70,,5045,6059,,,1,30,,5070,6059,,,1,70,,5052,6059,,,1,30,,5056,6059,,,1,70,,5047,6059,,,1,30,,5071,6059,,,1,70,,5061,6059,,,1,30,,5068,6059,,,1,70,,5050,6059,,,1,30,,5057,6059,,,1,70,,5040,6059,,,1,29,,5048,6059,,,1,70,,5062,6059,,,1,31,,5043,6059,,,1,70,,5063,6059,,,1,31,,5058,6059,,,1,99,,5046,6059,,,1,100,,5065,6059,,,1,100,,5049,6059,,,1,100,,5041,6059,,,1,100,,5072,6059,,,1,100,,5042,6059,,,1
1701,'SA',558,,5102,6059,,,1,100,,5092,6059,,,1,70,,5084,6059,,,1,30,,5077,6059,,,1,70,,5093,6059,,,1,30,,5087,6059,,,1,70,,5099,6059,,,1,30,,5100,6059,,,1,70,,5086,6059,,,1,30,,5088,6059,,,1,70,,5078,6059,,,1,30,,5103,6059,,,1,70,,5085,6059,,,1,30,,5089,6059,,,1,70,,5080,6059,,,1,30,,5104,6059,,,1,70,,5094,6059,,,1,30,,5101,6059,,,1,70,,5083,6059,,,1,30,,5090,6059,,,1,70,,5073,6059,,,1,29,,5081,6059,,,1,70,,5095,6059,,,1,31,,5076,6059,,,1,70,,5096,6059,,,1,31,,5091,6059,,,1,99,,5079,6059,,,1,100,,5098,6059,,,1,100,,5082,6059,,,1,100,,5074,6059,,,1,100,,5105,6059,,,1,100,,5075,6059,,,1
7601,'F8',510,,13446,3177,,,1,30,,13425,3177,,,1,70,,13441,3177,,,1,24,,13449,3177,,,1,21,,13450,3177,,,1,60,,13442,3177,,,1,20,,13447,3177,,,1,4,,13432,3177,,,1,5,,13427,3177,,,1,15,,13421,3177,,,1,61,,13416,3177,,,1,23,,13422,3177,,,1,66,,13410,3177,,,1,30,,13420,3177,,,1,70,,13411,3177,,,1,30,,13451,3177,,,1,70,,13407,3177,,,1,30,,13415,3177,,,1,70,,13452,3177,,,1,30,,13428,3177,,,1,70,,13448,3177,,,1,30,,13409,3177,,,1,70,,13413,3177,,,1,32,,13418,3177,,,1,75,,13414,3177,,,1,26,,13424,3177,,,1,72,,13440,3177,,,1,33,,13417,3177,,,1,64,,13433,3177,,,1,16,,13419,3177,,,1,20,,13408,3177,,,1,61,,13423,3177,,,1,17,,13429,3177,,,1,19,,13426,3177,,,1,66,,13443,3177,,,1,30,,13412,3177,,,1,70,,13438,3177,,,1,30,,13430,3177,,,1,70,,13434,3177,,,1,30,,13431,3177,,,1,70,,13435,3177,,,1,29,,13444,3177,,,1,70,,13436,3177,,,1,30,,13445,3177,,,1,70,,13437,3177,,,1,30,,13439,3177,,,1
7601,'SE',510,,13492,3177,,,1,30,,13471,3177,,,1,70,,13487,3177,,,1,24,,13495,3177,,,1,21,,13496,3177,,,1,60,,13488,3177,,,1,20,,13493,3177,,,1,4,,13478,3177,,,1,5,,13473,3177,,,1,15,,13467,3177,,,1,61,,13462,3177,,,1,23,,13468,3177,,,1,66,,13456,3177,,,1,30,,13466,3177,,,1,70,,13457,3177,,,1,30,,13497,3177,,,1,70,,13453,3177,,,1,30,,13461,3177,,,1,70,,13498,3177,,,1,30,,13474,3177,,,1,70,,13494,3177,,,1,30,,13455,3177,,,1,70,,13459,3177,,,1,32,,13464,3177,,,1,75,,13460,3177,,,1,26,,13470,3177,,,1,72,,13486,3177,,,1,33,,13463,3177,,,1,64,,13479,3177,,,1,16,,13465,3177,,,1,20,,13454,3177,,,1,61,,13469,3177,,,1,17,,13475,3177,,,1,19,,13472,3177,,,1,66,,13489,3177,,,1,30,,13458,3177,,,1,70,,13484,3177,,,1,30,,13476,3177,,,1,70,,13480,3177,,,1,30,,13477,3177,,,1,70,,13481,3177,,,1,29,,13490,3177,,,1,70,,13482,3177,,,1,30,,13491,3177,,,1,70,,13483,3177,,,1,30,,13485,3177,,,1
16101,'DI',618,,16944,11832,,,2,30,,16935,7110,,,2,70,,16933,7110,,,2,30,,16939,7110,,,2,70,,16937,7110,,,2,30,,16943,7110,,,2,70,,16936,7110,,,2,702,,16941,7110,,,2,28,,16934,7110,,,2,72,,16940,7110,,,2,30,,16945,11832,,,2,70,,16938,7110,,,2,32,,16942,7110,,,2
16101,'F1',618,,16957,11832,,,2,30,,16952,7110,,,2,70,,16946,7110,,,2,30,,16956,7110,,,2,70,,16949,7110,,,2,30,,16953,7110,,,2,70,,16951,7110,,,2,700,,16955,7110,,,2,31,,16947,7110,,,2,71,,16954,7110,,,2,30,,16958,11832,,,2,71,,16948,7110,,,2,31,,16950,7110,,,2
16101,'F7',618,,16970,11832,,,2,30,,16961,7110,,,2,70,,16959,7110,,,2,30,,16965,7110,,,2,70,,16963,7110,,,2,30,,16969,7110,,,2,70,,16962,7110,,,2,702,,16967,7110,,,2,28,,16960,7110,,,2,72,,16966,7110,,,2,30,,16971,11832,,,2,70,,16964,7110,,,2,32,,16968,7110,,,2
16101,'F8',612,,16977,7110,,,2,20,,16975,7110,,,2,24,,16988,11832,,,2,60,,16976,7110,,,2,13,,16985,11832,,,2,17,,16981,7110,,,2,56,,16990,11832,,,2,16,,16972,7110,,,2,23,,16978,7110,,,2,60,,16973,7110,,,2,17,,16982,7110,,,2,20,,16979,7110,,,2,366,,16987,11832,,,2,332,,16986,11832,,,2,15,,16974,7110,,,2,61,,16991,11832,,,2,20,,16983,7110,,,2,18,,16989,11832,,,2,60,,16984,7110,,,2,20,,16980,7110,,,2
16101,'F9',618,,17003,11832,,,2,30,,16998,7110,,,2,70,,16992,7110,,,2,30,,17002,7110,,,2,70,,16995,7110,,,2,30,,16999,7110,,,2,70,,16997,7110,,,2,700,,17001,7110,,,2,31,,16993,7110,,,2,71,,17000,7110,,,2,30,,17004,11832,,,2,71,,16994,7110,,,2,31,,16996,7110,,,2
16101,'SA',618,,17016,11832,,,2,30,,17011,7110,,,2,70,,17005,7110,,,2,30,,17015,7110,,,2,70,,17008,7110,,,2,30,,17012,7110,,,2,70,,17010,7110,,,2,700,,17014,7110,,,2,31,,17006,7110,,,2,71,,17013,7110,,,2,30,,17017,11832,,,2,71,,17007,7110,,,2,31,,17009,7110,,,2
16101,'SE',612,,17023,7110,,,2,20,,17021,7110,,,2,24,,17034,11832,,,2,60,,17022,7110,,,2,13,,17031,11832,,,2,17,,17027,7110,,,2,56,,17036,11832,,,2,16,,17018,7110,,,2,23,,17024,7110,,,2,60,,17019,7110,,,2,17,,17028,7110,,,2,20,,17025,7110,,,2,366,,17033,11832,,,2,332,,17032,11832,,,2,15,,17020,7110,,,2,61,,17037,11832,,,2,20,,17029,7110,,,2,18,,17035,11832,,,2,60,,17030,7110,,,2,20,,17026,7110,,,2
41001,'F8',507,,17462,5924,,,2,30,,17469,5924,,,2,20,,17476,5924,,,2,61,,17447,5924,,,2,20,,17439,5924,,,2,13,,17478,5924,,,2,50,,17440,5924,,,2,8,,17455,5924,,,2,7,,17461,5924,,,2,10,,17441,5924,,,2,6,,17465,5924,,,2,2,,17443,5924,,,2,8,,17460,5924,,,2,3,,17481,5924,,,2,5,,17449,5924,,,2,50,,17479,5924,,,2,13,,17480,5924,,,2,11,,17472,5924,,,2,14,,17452,5924,,,2,16,,17448,5924,,,2,58,,17475,5924,,,2,30,,17453,5924,,,2,70,,17477,5924,,,2,30,,17463,5924,,,2,70,,17466,5924,,,2,30,,17464,5924,,,2,70,,17456,5924,,,2,30,,17436,5924,,,2,70,,17467,5924,,,2,30,,17482,5924,,,2,70,,17457,5924,,,2,31,,17483,5924,,,2,78,,17468,5924,,,2,25,,17484,5924,,,2,69,,17450,5924,,,2,15,,17495,5924,,,2,15,,17489,5924,,,2,55,,17470,5924,,,2,13,,17492,5924,,,2,10,,17437,5924,,,2,9,,17496,5924,,,2,10,,17442,5924,,,2,10,,17490,5924,,,2,55,,17471,5924,,,2,29,,17451,5924,,,2,78,,17444,5924,,,2,28,,17446,5924,,,2,69,,17438,5924,,,2,30,,17497,5924,,,2,70,,17458,5924,,,2,30,,17454,5924,,,2,70,,17474,5924,,,2,30,,17485,5924,,,2,70,,17459,5924,,,2,30,,17486,5924,,,2,100,,17487,5924,,,2
41001,'SE',507,,17525,5924,,,2,30,,17532,5924,,,2,20,,17539,5924,,,2,61,,17510,5924,,,2,20,,17502,5924,,,2,13,,17541,5924,,,2,50,,17503,5924,,,2,8,,17518,5924,,,2,7,,17524,5924,,,2,10,,17504,5924,,,2,6,,17528,5924,,,2,2,,17506,5924,,,2,8,,17523,5924,,,2,3,,17544,5924,,,2,5,,17512,5924,,,2,50,,17542,5924,,,2,13,,17543,5924,,,2,11,,17535,5924,,,2,14,,17515,5924,,,2,16,,17511,5924,,,2,58,,17538,5924,,,2,30,,17516,5924,,,2,70,,17540,5924,,,2,30,,17526,5924,,,2,70,,17529,5924,,,2,30,,17527,5924,,,2,70,,17519,5924,,,2,30,,17499,5924,,,2,70,,17530,5924,,,2,30,,17545,5924,,,2,70,,17520,5924,,,2,31,,17546,5924,,,2,78,,17531,5924,,,2,25,,17547,5924,,,2,69,,17513,5924,,,2,15,,17558,5924,,,2,15,,17552,5924,,,2,55,,17533,5924,,,2,13,,17555,5924,,,2,10,,17500,5924,,,2,9,,17559,5924,,,2,10,,17505,5924,,,2,10,,17553,5924,,,2,55,,17534,5924,,,2,29,,17514,5924,,,2,78,,17507,5924,,,2,28,,17509,5924,,,2,69,,17501,5924,,,2,30,,17560,5924,,,2,70,,17521,5924,,,2,30,,17517,5924,,,2,70,,17537,5924,,,2,30,,17548,5924,,,2,70,,17522,5924,,,2,30,,17549,5924,,,2,100,,17550,5924,,,2
41701,'F8',527,,17705,6059,,,2,20,,17707,6059,,,2,60,,17693,6059,,,2,21,,17692,6059,,,2,18,,17708,6059,,,2,13,,17686,6059,,,2,48,,17702,6059,,,2,7,,17682,6059,,,2,9,,17681,6059,,,2,8,,17701,6059,,,2,6,,17706,6059,,,2,4,,17679,6059,,,2,3,,17716,6059,,,2,3,,17709,6059,,,2,8,,17714,6059,,,2,50,,17699,6059,,,2,14,,17680,6059,,,2,12,,17715,6059,,,2,16,,17717,6059,,,2,56,,17703,6059,,,2,24,,17683,6059,,,2,29,,17710,6059,,,2,70,,17684,6059,,,2,30,,17711,6059,,,2,70,,17685,6059,,,2,30,,17712,6059,,,2,70,,17678,6059,,,2,31,,17713,6059,,,2,70,,17718,6059,,,2,30,,17694,6059,,,2,70,,17719,6059,,,2,30,,17695,6059,,,2,69,,17722,6059,,,2,3,,17688,6059,,,2,5,,17720,6059,,,2,67,,17698,6059,,,2,22,,17724,6059,,,2,14,,17721,6059,,,2,15,,17687,6059,,,2,52,,17696,6059,,,2,11,,17689,6059,,,2,9,,17725,6059,,,2,10,,17700,6059,,,2,10,,17697,6059,,,2,12,,17704,6059,,,2,53,,17728,6059,,,2,15,,17726,6059,,,2,20,,17723,6059,,,2,60,,17729,6059,,,2,24,,17735,6059,,,2,28,,17730,6059,,,2,70,,17736,6059,,,2,30,,17731,6059,,,2,70,,17737,6059,,,2,30,,17732,6059,,,2,69,,17738,6059,,,2,30,,17733,6059,,,2,69,,17739,6059,,,2,30,,17734,6059,,,2,69,,17740,6059,,,2,30,,17742,6059,,,2
41701,'SE',527,,17770,6059,,,2,20,,17772,6059,,,2,60,,17758,6059,,,2,21,,17757,6059,,,2,18,,17773,6059,,,2,13,,17751,6059,,,2,48,,17767,6059,,,2,7,,17747,6059,,,2,9,,17746,6059,,,2,8,,17766,6059,,,2,6,,17771,6059,,,2,4,,17744,6059,,,2,3,,17781,6059,,,2,3,,17774,6059,,,2,8,,17779,6059,,,2,50,,17764,6059,,,2,14,,17745,6059,,,2,12,,17780,6059,,,2,16,,17782,6059,,,2,56,,17768,6059,,,2,24,,17748,6059,,,2,29,,17775,6059,,,2,70,,17749,6059,,,2,30,,17776,6059,,,2,70,,17750,6059,,,2,30,,17777,6059,,,2,70,,17743,6059,,,2,31,,17778,6059,,,2,70,,17783,6059,,,2,30,,17759,6059,,,2,70,,17784,6059,,,2,30,,17760,6059,,,2,69,,17787,6059,,,2,3,,17753,6059,,,2,5,,17785,6059,,,2,67,,17763,6059,,,2,22,,17789,6059,,,2,14,,17786,6059,,,2,15,,17752,6059,,,2,52,,17761,6059,,,2,11,,17754,6059,,,2,9,,17790,6059,,,2,10,,17765,6059,,,2,10,,17762,6059,,,2,12,,17769,6059,,,2,53,,17793,6059,,,2,15,,17791,6059,,,2,20,,17788,6059,,,2,60,,17794,6059,,,2,24,,17800,6059,,,2,28,,17795,6059,,,2,70,,17801,6059,,,2,30,,17796,6059,,,2,70,,17802,6059,,,2,30,,17797,6059,,,2,69,,17803,6059,,,2,30,,17798,6059,,,2,69,,17804,6059,,,2,30,,17799,6059,,,2,69,,17805,6059,,,2,30,,17807,6059,,,2
56500,'F8',1614,,18830,7941,,,2,5,,18830,9773,,,2
56500,'SE',1614,,18831,7941,,,2,5,,18831,9773,,,2
