901,'F7',617,,23456,5052,,,2,30,,23458,5052,,,2,71,,23457,5052,,,2,30,,23459,5052,,,2,70,,23460,5052,,,2
901,'SE',617,,23464,5052,,,2,30,,23466,5052,,,2,71,,23465,5052,,,2,30,,23467,5052,,,2,70,,23468,5052,,,2
8801,'DI',621,,36910,6287,,,1,30,,36915,6287,,,1,70,,36921,6287,,,1,30,,36931,6287,,,1,69,,36911,6287,,,1,30,,36916,6287,,,1,70,,36922,6287,,,1,28,,36932,6287,,,1,69,,36912,6287,,,1,30,,36917,6287,,,1,69,,36923,6287,,,1,30,,36933,6287,,,1,70,,36913,6287,,,1,30,,36918,6287,,,1,70,,36924,6287,,,1,31,,36934,6287,,,1,70,,36914,6287,,,1,31,,36919,6287,,,1,71,,36925,6287,,,1,29,,15257,6287,,,1,70,,36926,6287,,,1,30,,36920,6287,,,1,70,,36935,6287,,,1,34,,15258,6287,,,1,62,,36927,6287,,,1,106,,36936,6287,,,1,101,,36928,6287,,,1,100,,36937,6287,,,1,100,,36929,6287,,,1,100,,36938,6287,,,1,99,,36930,6287,,,1
8801,'F1',619,,36944,6287,,,1,30,,36943,6287,,,1,70,,36958,6287,,,1,29,,36949,6287,,,1,70,,36945,6287,,,1,30,,15317,6287,,,1,70,,36959,6287,,,1,27,,36950,6287,,,1,70,,36946,6287,,,1,29,,15318,6287,,,1,70,,36960,6287,,,1,31,,36951,6287,,,1,70,,15301,6287,,,1,31,,36955,6287,,,1,68,,36961,6287,,,1,31,,36952,6287,,,1,70,,15302,6287,,,1,30,,36956,6287,,,1,70,,36962,6287,,,1,30,,36941,6287,,,1,70,,15303,6287,,,1,31,,36957,6287,,,1,68,,36963,6287,,,1,32,,36942,6287,,,1,62,,36964,6287,,,1,109,,36953,6287,,,1,100,,36947,6287,,,1,100,,36954,6287,,,1,100,,36948,6287,,,1,98,,36940,6287,,,1,100,,36939,6287,,,1
8801,'F2',619,,36968,6287,,,1,30,,36967,6287,,,1,70,,36989,6287,,,1,29,,36980,6287,,,1,70,,36969,6287,,,1,30,,36993,6287,,,1,70,,36990,6287,,,1,27,,36981,6287,,,1,70,,36973,6287,,,1,29,,36994,6287,,,1,70,,36991,6287,,,1,31,,36982,6287,,,1,70,,36974,6287,,,1,31,,36986,6287,,,1,68,,36970,6287,,,1,31,,36983,6287,,,1,70,,36975,6287,,,1,30,,36987,6287,,,1,70,,36971,6287,,,1,30,,36965,6287,,,1,70,,36976,6287,,,1,31,,36988,6287,,,1,68,,36972,6287,,,1,32,,36966,6287,,,1,62,,36995,6287,,,1,109,,36984,6287,,,1,100,,36977,6287,,,1,100,,36985,6287,,,1,100,,36978,6287,,,1,98,,36992,6287,,,1,100,,36979,6287,,,1
8801,'F7',617,,36996,6287,,,1,20,,37008,6287,,,1,15,,36998,6287,,,1,52,,37010,6287,,,1,7,,37000,6287,,,1,17,,37011,6287,,,1,9,,37005,6287,,,1,12,,37013,6287,,,1,52,,37002,6287,,,1,10,,37007,6287,,,1,20,,37041,6287,,,1,18,,37042,6287,,,1,70,,37043,6287,,,1,30,,37012,6287,,,1,70,,37030,6287,,,1,30,,37009,6287,,,1,70,,37006,6287,,,1,30,,37028,6287,,,1,70,,37031,6287,,,1,30,,37001,6287,,,1,70,,36999,6287,,,1,30,,37032,6287,,,1,72,,37003,6287,,,1,29,,37029,6287,,,1,9,,37015,6287,,,1,42,,37019,6287,,,1,2,,37021,6287,,,1,7,,36997,6287,,,1,17,,37022,6287,,,1,18,,37035,6287,,,1,12,,37033,6287,,,1,55,,37036,6287,,,1,16,,37038,6287,,,1,15,,37004,6287,,,1,15,,37014,6287,,,1,54,,37044,6287,,,1,16,,37020,6287,,,1,17,,37023,6287,,,1,57,,37025,6287,,,1,20,,37016,6287,,,1,27,,37039,6287,,,1,72,,37037,6287,,,1,30,,37024,6287,,,1,69,,37017,6287,,,1,30,,37040,6287,,,1,70,,37034,6287,,,1,102,,37018,6287,,,1,98,,37027,6287,,,1,100,,37026,6287,,,1
8801,'F8',619,,37048,6287,,,1,30,,37047,6287,,,1,70,,37069,6287,,,1,29,,37060,6287,,,1,70,,37049,6287,,,1,30,,37073,6287,,,1,70,,37070,6287,,,1,27,,37061,6287,,,1,70,,37053,6287,,,1,29,,37074,6287,,,1,70,,37071,6287,,,1,31,,37062,6287,,,1,70,,37054,6287,,,1,31,,37066,6287,,,1,68,,37050,6287,,,1,31,,37063,6287,,,1,70,,37055,6287,,,1,30,,37067,6287,,,1,70,,37051,6287,,,1,30,,37045,6287,,,1,70,,37056,6287,,,1,31,,37068,6287,,,1,68,,37052,6287,,,1,32,,37046,6287,,,1,62,,37075,6287,,,1,109,,37064,6287,,,1,100,,37057,6287,,,1,100,,37065,6287,,,1,100,,37058,6287,,,1,98,,37072,6287,,,1,100,,37059,6287,,,1
8801,'F9',621,,37078,6287,,,1,30,,37083,6287,,,1,70,,37089,6287,,,1,30,,37099,6287,,,1,69,,37079,6287,,,1,30,,37084,6287,,,1,70,,37090,6287,,,1,28,,37100,6287,,,1,69,,37080,6287,,,1,30,,37085,6287,,,1,69,,37091,6287,,,1,30,,37101,6287,,,1,70,,37081,6287,,,1,30,,37086,6287,,,1,70,,37092,6287,,,1,31,,37102,6287,,,1,70,,37082,6287,,,1,31,,37087,6287,,,1,71,,37093,6287,,,1,29,,37076,6287,,,1,70,,37094,6287,,,1,30,,37088,6287,,,1,70,,37103,6287,,,1,34,,37077,6287,,,1,62,,37095,6287,,,1,106,,37104,6287,,,1,101,,37096,6287,,,1,100,,37105,6287,,,1,100,,37097,6287,,,1,100,,37106,6287,,,1,99,,37098,6287,,,1
8801,'SA',619,,37110,6287,,,1,30,,37109,6287,,,1,70,,37131,6287,,,1,29,,37122,6287,,,1,70,,37111,6287,,,1,30,,37134,6287,,,1,70,,37132,6287,,,1,27,,37123,6287,,,1,70,,37115,6287,,,1,29,,37135,6287,,,1,70,,37133,6287,,,1,31,,37124,6287,,,1,70,,37116,6287,,,1,31,,37128,6287,,,1,68,,37112,6287,,,1,31,,37125,6287,,,1,70,,37117,6287,,,1,30,,37129,6287,,,1,70,,37113,6287,,,1,30,,37107,6287,,,1,70,,37118,6287,,,1,31,,37130,6287,,,1,68,,37114,6287,,,1,32,,37108,6287,,,1,62,,37136,6287,,,1,109,,37126,6287,,,1,100,,37119,6287,,,1,100,,37127,6287,,,1,100,,37120,6287,,,1,98,,15458,6287,,,1,100,,37121,6287,,,1
8801,'SE',617,,37137,6287,,,1,20,,37149,6287,,,1,15,,37139,6287,,,1,52,,15479,6287,,,1,7,,37141,6287,,,1,17,,37151,6287,,,1,9,,37146,6287,,,1,12,,37153,6287,,,1,52,,37143,6287,,,1,10,,37148,6287,,,1,20,,37178,6287,,,1,18,,37179,6287,,,1,70,,37180,6287,,,1,30,,37152,6287,,,1,70,,37167,6287,,,1,30,,37150,6287,,,1,70,,37147,6287,,,1,30,,37165,6287,,,1,70,,37168,6287,,,1,30,,37142,6287,,,1,70,,37140,6287,,,1,30,,37169,6287,,,1,72,,37144,6287,,,1,29,,37166,6287,,,1,9,,15486,6287,,,1,42,,15491,6287,,,1,2,,37159,6287,,,1,7,,37138,6287,,,1,17,,37160,6287,,,1,18,,37172,6287,,,1,12,,37170,6287,,,1,55,,37173,6287,,,1,16,,37175,6287,,,1,15,,37145,6287,,,1,15,,37154,6287,,,1,54,,37181,6287,,,1,16,,37158,6287,,,1,17,,37161,6287,,,1,57,,37162,6287,,,1,20,,37155,6287,,,1,27,,37176,6287,,,1,72,,37174,6287,,,1,30,,15492,6287,,,1,69,,37156,6287,,,1,30,,37177,6287,,,1,70,,37171,6287,,,1,102,,37157,6287,,,1,98,,37164,6287,,,1,100,,37163,6287,,,1
50501,'F7',914,,40632,6956,,,2
50501,'SE',914,,40633,6956,,,2
