1400,'F8',652,,12471,,,1,57,,12470,,,1,26,,12465,,,1,14,,12468,,,1,57,,12469,,,1,18,,12467,,,1,31,,12464,,,1,60,,12466,,,1,92,,12473,,,1,100,,12486,,,1,100,,12475,,,1,100,,12476,,,1,100,,12485,,,1,100,,12482,,,1,112,,12474,,,1,13,,12481,,,1,18,,12477,,,1,55,,12484,,,1,21,,12480,,,1,17,,12483,,,1,61,,12478,,,1,18,,12472,,,1,29,,12479,,,1
1400,'SE',652,,2156,,,1,57,,2155,,,1,26,,2150,,,1,14,,2153,,,1,57,,2154,,,1,18,,2152,,,1,31,,2149,,,1,60,,2151,,,1,92,,2158,,,1,100,,2171,,,1,100,,2160,,,1,100,,2161,,,1,100,,2170,,,1,100,,2167,,,1,112,,2159,,,1,13,,2166,,,1,18,,2162,,,1,55,,2169,,,1,21,,2165,,,1,17,,2168,,,1,61,,2163,,,1,18,,2157,,,1,29,,2164,,,1
2101,'DI',547,,3567,,,1,70,,3572,,,1,30,,3594,,,1,69,,3588,,,1,30,,3591,,,1,70,,3580,,,1,31,,3585,,,1,70,,3595,,,1,30,,3568,,,1,67,,3562,,,1,33,,3593,,,1,70,,3592,,,1,32,,3573,,,1,70,,3589,,,1,31,,3586,,,1,71,,3563,,,1,30,,3569,,,1,70,,3587,,,1,30,,3590,,,1,70,,3564,,,1,30,,3570,,,1,70,,3581,,,1,30,,3576,,,1,70,,3565,,,1,30,,3575,,,1,70,,3582,,,1,29,,3577,,,1,67,,3566,,,1,30,,3556,,,1,70,,3560,,,1,30,,3558,,,1,70,,3583,,,1,30,,3584,,,1,70,,3578,,,1,30,,3574,,,1,70,,3559,,,1,30,,3561,,,1,70,,3579,,,1,30,,3557,,,1,70,,3571,,,1
2101,'F1',547,,3596,,,1,70,,3604,,,1,30,,3615,,,1,70,,3626,,,1,31,,3614,,,1,70,,3620,,,1,30,,3611,,,1,70,,3616,,,1,30,,3629,,,1,65,,3621,,,1,31,,3597,,,1,74,,3627,,,1,33,,3622,,,1,66,,3617,,,1,34,,3630,,,1,70,,3600,,,1,30,,3623,,,1,70,,3628,,,1,30,,3632,,,1,70,,3601,,,1,30,,3624,,,1,70,,3618,,,1,30,,3633,,,1,70,,3602,,,1,30,,3625,,,1,70,,3619,,,1,29,,3634,,,1,67,,3603,,,1,30,,3605,,,1,70,,3610,,,1,30,,3608,,,1,70,,3607,,,1,30,,3612,,,1,70,,3606,,,1,30,,3598,,,1,70,,3609,,,1,30,,3631,,,1,70,,3613,,,1,30,,3635,,,1,70,,3599,,,1
2101,'F7',547,,13568,,,1,70,,13573,,,1,30,,13595,,,1,69,,13589,,,1,30,,13592,,,1,70,,13581,,,1,31,,13586,,,1,70,,13596,,,1,30,,13569,,,1,67,,13563,,,1,33,,13594,,,1,70,,13593,,,1,32,,13574,,,1,70,,13590,,,1,31,,13587,,,1,71,,13564,,,1,30,,13570,,,1,70,,13588,,,1,30,,13591,,,1,70,,13565,,,1,30,,13571,,,1,70,,13582,,,1,30,,13577,,,1,70,,13566,,,1,30,,13576,,,1,70,,13583,,,1,29,,13578,,,1,67,,13567,,,1,30,,13557,,,1,70,,13561,,,1,30,,13559,,,1,70,,13584,,,1,30,,13585,,,1,70,,13579,,,1,30,,13575,,,1,70,,13560,,,1,30,,13562,,,1,70,,13580,,,1,30,,13558,,,1,70,,13572,,,1
2101,'F8',443,,13600,,,1,86,,13599,,,1,27,,13629,,,1,55,,13630,,,1,15,,13624,,,1,12,,13625,,,1,10,,13623,,,1,10,,13635,,,1,51,,13626,,,1,10,,13632,,,1,10,,13628,,,1,10,,13633,,,1,13,,13631,,,1,58,,13639,,,1,17,,13640,,,1,23,,13636,,,1,57,,13627,,,1,20,,13604,,,1,21,,13601,,,1,67,,13597,,,1,33,,13598,,,1,70,,13610,,,1,30,,13602,,,1,70,,13612,,,1,33,,13620,,,1,70,,13614,,,1,30,,13603,,,1,73,,13605,,,1,28,,13646,,,1,70,,13637,,,1,33,,13645,,,1,55,,13638,,,1,15,,13634,,,1,15,,13641,,,1,15,,13642,,,1,58,,13643,,,1,19,,13644,,,1,17,,13606,,,1,60,,13621,,,1,26,,13618,,,1,69,,13615,,,1,25,,13611,,,1,30,,13617,,,1,70,,13613,,,1,29,,13619,,,1,70,,13607,,,1,30,,13622,,,1,100,,13608,,,1,99,,13616,,,1,95,,13609,,,1
2101,'F9',547,,13647,,,1,70,,13655,,,1,30,,13666,,,1,70,,13677,,,1,31,,13665,,,1,70,,13671,,,1,30,,13662,,,1,70,,13667,,,1,30,,13680,,,1,65,,13672,,,1,31,,13648,,,1,74,,13678,,,1,33,,13673,,,1,66,,13668,,,1,34,,13681,,,1,70,,13651,,,1,30,,13674,,,1,70,,13679,,,1,30,,13683,,,1,70,,13652,,,1,30,,13675,,,1,70,,13669,,,1,30,,13684,,,1,70,,13653,,,1,30,,13676,,,1,70,,13670,,,1,29,,13685,,,1,67,,13654,,,1,30,,13656,,,1,70,,13661,,,1,30,,13659,,,1,70,,13658,,,1,30,,13663,,,1,70,,13657,,,1,30,,13649,,,1,70,,13660,,,1,30,,13682,,,1,70,,13664,,,1,30,,13686,,,1,70,,13650,,,1
2101,'SA',547,,3636,,,1,70,,3644,,,1,30,,3655,,,1,70,,3666,,,1,31,,3654,,,1,70,,3660,,,1,30,,3651,,,1,70,,3656,,,1,30,,3669,,,1,65,,3661,,,1,31,,3637,,,1,74,,3667,,,1,33,,3662,,,1,66,,3657,,,1,34,,3670,,,1,70,,3640,,,1,30,,3663,,,1,70,,3668,,,1,30,,3672,,,1,70,,3641,,,1,30,,3664,,,1,70,,3658,,,1,30,,3673,,,1,70,,3642,,,1,30,,3665,,,1,70,,3659,,,1,29,,3674,,,1,67,,3643,,,1,30,,3645,,,1,70,,3650,,,1,30,,3648,,,1,70,,3647,,,1,30,,3652,,,1,70,,3646,,,1,30,,3638,,,1,70,,3649,,,1,30,,3671,,,1,70,,3653,,,1,30,,3675,,,1,70,,3639,,,1
2101,'SE',443,,3679,,,1,86,,3678,,,1,27,,3708,,,1,55,,3709,,,1,15,,3703,,,1,12,,3704,,,1,10,,3702,,,1,10,,3714,,,1,51,,3705,,,1,10,,3711,,,1,10,,3707,,,1,10,,3712,,,1,13,,3710,,,1,58,,3718,,,1,17,,3719,,,1,23,,3715,,,1,57,,3706,,,1,20,,3683,,,1,21,,3680,,,1,67,,3676,,,1,33,,3677,,,1,70,,3689,,,1,30,,3681,,,1,70,,3691,,,1,33,,3699,,,1,70,,3693,,,1,30,,3682,,,1,73,,3684,,,1,28,,3725,,,1,70,,3716,,,1,33,,3724,,,1,55,,3717,,,1,15,,3713,,,1,15,,3720,,,1,15,,3721,,,1,58,,3722,,,1,19,,3723,,,1,17,,3685,,,1,60,,3700,,,1,26,,3697,,,1,69,,3694,,,1,25,,3690,,,1,30,,3696,,,1,70,,3692,,,1,29,,3698,,,1,70,,3686,,,1,30,,3701,,,1,100,,3687,,,1,99,,3695,,,1,95,,3688,,,1
21401,'DI',840,,9628,,,1,100,,9629,,,1,100,,9630,,,1,100,,9631,,,1,100,,9632,,,1,100,,9633,,,1,100,,9634,,,1,100,,9635,,,1,100,,9626,,,1,100,,9627,,,1
21401,'F1',840,,9644,,,1,100,,9645,,,1,100,,9636,,,1,100,,9637,,,1,100,,9638,,,1,100,,9639,,,1,100,,9640,,,1,100,,9641,,,1,100,,9642,,,1,100,,9643,,,1
21401,'F7',840,,18449,,,1,100,,18450,,,1,100,,18451,,,1,100,,18452,,,1,100,,18453,,,1,100,,18454,,,1,100,,18455,,,1,100,,18456,,,1,100,,18447,,,1,100,,18448,,,1
21401,'F9',840,,18465,,,1,100,,18466,,,1,100,,18457,,,1,100,,18458,,,1,100,,18459,,,1,100,,18460,,,1,100,,18461,,,1,100,,18462,,,1,100,,18463,,,1,100,,18464,,,1
21401,'SA',840,,9654,,,1,100,,9655,,,1,100,,9646,,,1,100,,9647,,,1,100,,9648,,,1,100,,9649,,,1,100,,9650,,,1,100,,9651,,,1,100,,9652,,,1,100,,9653,,,1
55100,'F8',1642,,19175,,,2
55100,'SE',1642,,10474,,,2
