401,'DI',612,,676,,,1,30,,685,,,1,70,,687,,,1,30,,683,,,1,70,,677,,,1,30,,686,,,1,72,,699,,,1,30,,696,,,1,70,,678,,,1,30,,674,,,1,70,,700,,,1,30,,697,,,1,70,,679,,,1,30,,707,,,1,70,,692,,,1,30,,698,,,1,71,,680,,,1,29,,702,,,1,70,,705,,,1,30,,675,,,1,72,,681,,,1,29,,703,,,1,70,,706,,,1,34,,704,,,1,65,,688,,,1,30,,691,,,1,70,,693,,,1,30,,695,,,1,71,,689,,,1,29,,690,,,1,70,,673,,,1,30,,684,,,1,100,,701,,,1,100,,694,,,1,100,,682,,,1
401,'F1',612,,723,,,1,30,,712,,,1,70,,714,,,1,30,,710,,,1,70,,724,,,1,30,,713,,,1,72,,715,,,1,30,,711,,,1,70,,725,,,1,30,,728,,,1,70,,716,,,1,30,,733,,,1,70,,709,,,1,32,,735,,,1,70,,730,,,1,30,,739,,,1,70,,708,,,1,30,,717,,,1,70,,734,,,1,30,,729,,,1,70,,740,,,1,30,,737,,,1,70,,732,,,1,30,,731,,,1,70,,742,,,1,28,,727,,,1,70,,718,,,1,30,,738,,,1,70,,741,,,1,30,,719,,,1,70,,736,,,1,30,,726,,,1,100,,721,,,1,100,,720,,,1,100,,722,,,1
401,'F7',612,,11333,,,1,30,,11342,,,1,70,,11344,,,1,30,,11340,,,1,70,,11334,,,1,30,,11343,,,1,72,,11356,,,1,30,,11353,,,1,70,,11335,,,1,30,,11331,,,1,70,,11357,,,1,30,,11354,,,1,70,,11336,,,1,30,,11364,,,1,70,,11349,,,1,30,,11355,,,1,71,,11337,,,1,29,,11359,,,1,70,,11362,,,1,30,,11332,,,1,72,,11338,,,1,29,,11360,,,1,70,,11363,,,1,34,,11361,,,1,65,,11345,,,1,30,,11348,,,1,70,,11350,,,1,30,,11352,,,1,71,,11346,,,1,29,,11347,,,1,70,,11330,,,1,30,,11341,,,1,100,,11358,,,1,100,,11351,,,1,100,,11339,,,1
401,'F8',616,,11367,,,1,22,,11370,,,1,18,,11366,,,1,61,,11377,,,1,36,,11389,,,1,74,,11369,,,1,73,,11398,,,1,30,,11379,,,1,70,,11392,,,1,30,,11391,,,1,70,,11365,,,1,30,,11397,,,1,70,,11384,,,1,30,,11368,,,1,73,,11390,,,1,32,,11387,,,1,70,,11385,,,1,30,,11404,,,1,66,,11402,,,1,34,,11381,,,1,15,,11394,,,1,63,,11373,,,1,23,,11386,,,1,19,,11380,,,1,60,,11375,,,1,25,,11401,,,1,13,,11374,,,1,60,,11393,,,1,24,,11378,,,1,15,,11395,,,1,67,,11388,,,1,30,,11403,,,1,67,,11399,,,1,27,,11371,,,1,70,,11383,,,1,30,,11400,,,1,70,,11396,,,1,100,,11382,,,1,96,,11372,,,1,100,,11376,,,1
401,'F9',612,,11420,,,1,30,,11409,,,1,70,,11411,,,1,30,,11407,,,1,70,,11421,,,1,30,,11410,,,1,72,,11412,,,1,30,,11408,,,1,70,,11422,,,1,30,,11425,,,1,70,,11413,,,1,30,,11430,,,1,70,,11406,,,1,32,,11432,,,1,70,,11427,,,1,30,,11436,,,1,70,,11405,,,1,30,,11414,,,1,70,,11431,,,1,30,,11426,,,1,70,,11437,,,1,30,,11434,,,1,70,,11429,,,1,30,,11428,,,1,70,,11439,,,1,28,,11424,,,1,70,,11415,,,1,30,,11435,,,1,70,,11438,,,1,30,,11416,,,1,70,,11433,,,1,30,,11423,,,1,100,,11418,,,1,100,,11417,,,1,100,,11419,,,1
401,'SA',612,,758,,,1,30,,747,,,1,70,,749,,,1,30,,745,,,1,70,,759,,,1,30,,748,,,1,72,,750,,,1,30,,746,,,1,70,,760,,,1,30,,763,,,1,70,,751,,,1,30,,768,,,1,70,,744,,,1,32,,770,,,1,70,,765,,,1,30,,774,,,1,70,,743,,,1,30,,752,,,1,70,,769,,,1,30,,764,,,1,70,,775,,,1,30,,772,,,1,70,,767,,,1,30,,766,,,1,70,,777,,,1,28,,762,,,1,70,,753,,,1,30,,773,,,1,70,,776,,,1,30,,754,,,1,70,,771,,,1,30,,761,,,1,100,,756,,,1,100,,755,,,1,100,,757,,,1
401,'SE',616,,780,,,1,22,,783,,,1,18,,779,,,1,61,,790,,,1,36,,802,,,1,74,,782,,,1,73,,811,,,1,30,,792,,,1,70,,805,,,1,30,,804,,,1,70,,778,,,1,30,,810,,,1,70,,797,,,1,30,,781,,,1,73,,803,,,1,32,,800,,,1,70,,798,,,1,30,,817,,,1,66,,815,,,1,34,,794,,,1,15,,807,,,1,63,,786,,,1,23,,799,,,1,19,,793,,,1,60,,788,,,1,25,,814,,,1,13,,787,,,1,60,,806,,,1,24,,791,,,1,15,,808,,,1,67,,801,,,1,30,,816,,,1,67,,812,,,1,27,,784,,,1,70,,796,,,1,30,,813,,,1,70,,809,,,1,100,,795,,,1,96,,785,,,1,100,,789,,,1
3201,'DI',544,,4337,,,2,99,,4338,,,2,101,,4339,,,2,99,,4340,,,2,102,,4342,,,2,100,,4345,,,2,102,,4357,,,2,102,,4343,,,2,103,,4346,,,2,98,,4356,,,2,104,,4348,,,2,96,,4347,,,2,98,,4350,,,2,99,,4349,,,2,99,,4344,,,2,100,,4351,,,2,100,,4352,,,2,100,,4355,,,2,100,,4354,,,2,100,,4353,,,2,99,,4341,,,2
3201,'F1',544,,4359,,,2,99,,4360,,,2,101,,4361,,,2,96,,4362,,,2,103,,4363,,,2,101,,4358,,,2,103,,4365,,,2,100,,4367,,,2,106,,4368,,,2,102,,4366,,,2,97,,4370,,,2,98,,4369,,,2,98,,4372,,,2,99,,4371,,,2,99,,4374,,,2,100,,4373,,,2,100,,4375,,,2,100,,4378,,,2,100,,4377,,,2,100,,4376,,,2,99,,4364,,,2
3201,'F7',544,,14194,,,2,99,,14195,,,2,101,,14196,,,2,99,,14197,,,2,102,,14199,,,2,100,,14202,,,2,102,,14214,,,2,102,,14200,,,2,103,,14203,,,2,98,,14213,,,2,104,,14205,,,2,96,,14204,,,2,98,,14207,,,2,99,,14206,,,2,99,,14201,,,2,100,,14208,,,2,100,,14209,,,2,100,,14212,,,2,100,,14211,,,2,100,,14210,,,2,99,,14198,,,2
3201,'F8',521,,14227,,,2,30,,14232,,,2,70,,14239,,,2,31,,14230,,,2,76,,14233,,,2,27,,14234,,,2,64,,14235,,,2,30,,14242,,,2,75,,14241,,,2,93,,14217,,,2,101,,14224,,,2,100,,14222,,,2,100,,14221,,,2,100,,14223,,,2,103,,14215,,,2,105,,14216,,,2,22,,14236,,,2,71,,14231,,,2,30,,14228,,,2,70,,14237,,,2,23,,14240,,,2,70,,14238,,,2,25,,14229,,,2,86,,14219,,,2,100,,14226,,,2,98,,14220,,,2,100,,14225,,,2,98,,14218,,,2
3201,'F9',544,,14244,,,2,99,,14245,,,2,101,,14246,,,2,96,,14247,,,2,103,,14248,,,2,101,,14243,,,2,103,,14250,,,2,100,,14252,,,2,106,,14253,,,2,102,,14251,,,2,97,,14255,,,2,98,,14254,,,2,98,,14257,,,2,99,,14256,,,2,99,,14259,,,2,100,,14258,,,2,100,,14260,,,2,100,,14263,,,2,100,,14262,,,2,100,,14261,,,2,99,,14249,,,2
3201,'SA',544,,4380,,,2,99,,4381,,,2,101,,4382,,,2,96,,4383,,,2,103,,4384,,,2,101,,4379,,,2,103,,4386,,,2,100,,4388,,,2,106,,4389,,,2,102,,4387,,,2,97,,4391,,,2,98,,4390,,,2,98,,4393,,,2,99,,4392,,,2,99,,4395,,,2,100,,4394,,,2,100,,4396,,,2,100,,4399,,,2,100,,4398,,,2,100,,4397,,,2,99,,4385,,,2
3201,'SE',521,,4412,,,2,30,,4417,,,2,70,,4424,,,2,31,,4415,,,2,76,,4418,,,2,27,,4419,,,2,64,,4420,,,2,30,,4427,,,2,75,,4426,,,2,93,,4402,,,2,101,,4409,,,2,100,,4407,,,2,100,,4406,,,2,100,,4408,,,2,103,,4400,,,2,105,,4401,,,2,22,,4421,,,2,71,,4416,,,2,30,,4413,,,2,70,,4422,,,2,23,,4425,,,2,70,,4423,,,2,25,,4414,,,2,86,,4404,,,2,100,,4411,,,2,98,,4405,,,2,100,,4410,,,2,98,,4403,,,2
53200,'F8',1639,,19145,,,2,1,,19146,,,2
53200,'SE',1639,,10444,,,2,1,,10445,,,2
