2301,'F1',617,,6669,6281,,,2,103,,6670,6281,,,2,102,,6671,6281,,,2,100,,6667,6281,,,2,103,,6668,6281,,,2,99,,6672,6281,,,2,103,,6673,6281,,,2,97,,6664,6281,,,2,99,,6665,6281,,,2,100,,6666,6281,,,2,100,,6675,6281,,,2,100,,6674,6281,,,2
2301,'F8',1025,,6678,6281,,,2,101,,6676,6281,,,2,100,,6679,6281,,,2,101,,6677,6281,,,2,100,,6680,6281,,,2
2301,'F9',617,,6686,6281,,,2,103,,6687,6281,,,2,102,,6688,6281,,,2,100,,6684,6281,,,2,103,,6685,6281,,,2,99,,6689,6281,,,2,103,,6690,6281,,,2,97,,6681,6281,,,2,99,,6682,6281,,,2,100,,6683,6281,,,2,100,,6692,6281,,,2,100,,6691,6281,,,2
2301,'SA',617,,6698,6281,,,2,103,,6699,6281,,,2,102,,6700,6281,,,2,100,,6696,6281,,,2,103,,6697,6281,,,2,99,,6701,6281,,,2,103,,6702,6281,,,2,97,,6693,6281,,,2,99,,6694,6281,,,2,100,,6695,6281,,,2,100,,6704,6281,,,2,100,,6703,6281,,,2
2301,'SE',1025,,6707,6281,,,2,101,,6705,6281,,,2,100,,6708,6281,,,2,101,,6706,6281,,,2,100,,6709,6281,,,2
12301,'DI',551,,16064,20578,,,2,100,,16071,20578,,,2,100,,16065,20578,,,2,100,,16072,20578,,,2,102,,16066,20578,,,2,100,,16073,20578,,,2,100,,16067,20578,,,2,100,,16074,20578,,,2,100,,16068,20578,,,2,100,,16075,20578,,,2,100,,16069,20578,,,2,100,,16076,20578,,,2,100,,16070,20578,,,2,100,,16077,20578,,,2,100,,16078,20578,,,2,98,,16061,20578,,,2,100,,16079,20578,,,2,100,,16062,20578,,,2,100,,16080,20578,,,2,100,,16063,20578,,,2
12301,'F1',550,,16081,20578,,,2,100,,16094,20578,,,2,100,,16082,20578,,,2,101,,16095,20578,,,2,100,,16083,20578,,,2,100,,16096,20578,,,2,100,,16084,20578,,,2,100,,16097,20578,,,2,100,,16085,20578,,,2,100,,16098,20578,,,2,100,,16086,20578,,,2,100,,16099,20578,,,2,100,,16087,20578,,,2,100,,16100,20578,,,2,100,,16088,20578,,,2,100,,16091,20578,,,2,100,,16089,20578,,,2,100,,16092,20578,,,2,100,,16090,20578,,,2,100,,16093,20578,,,2
12301,'F7',551,,16104,20578,,,2,100,,16111,20578,,,2,100,,16105,20578,,,2,100,,16112,20578,,,2,102,,16106,20578,,,2,100,,16113,20578,,,2,100,,16107,20578,,,2,100,,16114,20578,,,2,100,,16108,20578,,,2,100,,16115,20578,,,2,100,,16109,20578,,,2,100,,16116,20578,,,2,100,,16110,20578,,,2,100,,16117,20578,,,2,100,,16118,20578,,,2,98,,16101,20578,,,2,100,,16119,20578,,,2,100,,16102,20578,,,2,100,,16120,20578,,,2,100,,16103,20578,,,2
12301,'F8',537,,16140,20578,,,2,70,,16141,20578,,,2,20,,16126,20578,,,2,26,,16124,20578,,,2,55,,16123,20578,,,2,27,,16127,20578,,,2,70,,16122,20578,,,2,28,,16121,20578,,,2,70,,16125,20578,,,2,27,,16144,20578,,,2,70,,16145,20578,,,2,56,,16130,20578,,,2,102,,16138,20578,,,2,100,,16128,20578,,,2,100,,16147,20578,,,2,100,,16149,20578,,,2,51,,16156,20578,,,2,27,,16151,20578,,,2,20,,16133,20578,,,2,55,,16132,20578,,,2,19,,16135,20578,,,2,6,,16146,20578,,,2,16,,16154,20578,,,2,50,,16155,20578,,,2,6,,16131,20578,,,2,24,,16153,20578,,,2,26,,16152,20578,,,2,67,,16150,20578,,,2,31,,16136,20578,,,2,66,,16129,20578,,,2,34,,16134,20578,,,2,68,,16137,20578,,,2,30,,16157,20578,,,2,98,,16148,20578,,,2,97,,16142,20578,,,2,100,,16139,20578,,,2,157,,16143,20578,,,2
12301,'F9',550,,16158,20578,,,2,100,,16171,20578,,,2,100,,16159,20578,,,2,101,,16172,20578,,,2,100,,16160,20578,,,2,100,,16173,20578,,,2,100,,16161,20578,,,2,100,,16174,20578,,,2,100,,16162,20578,,,2,100,,16175,20578,,,2,100,,16163,20578,,,2,100,,16176,20578,,,2,100,,16164,20578,,,2,100,,16177,20578,,,2,100,,16165,20578,,,2,100,,16168,20578,,,2,100,,16166,20578,,,2,100,,16169,20578,,,2,100,,16167,20578,,,2,100,,16170,20578,,,2
12301,'SA',550,,16178,20578,,,2,100,,16191,20578,,,2,100,,16179,20578,,,2,101,,16192,20578,,,2,100,,16180,20578,,,2,100,,16193,20578,,,2,100,,16181,20578,,,2,100,,16194,20578,,,2,100,,16182,20578,,,2,100,,16195,20578,,,2,100,,16183,20578,,,2,100,,16196,20578,,,2,100,,16184,20578,,,2,100,,16197,20578,,,2,100,,16185,20578,,,2,100,,16188,20578,,,2,100,,16186,20578,,,2,100,,16189,20578,,,2,100,,16187,20578,,,2,100,,16190,20578,,,2
12301,'SE',537,,16217,20578,,,2,70,,16218,20578,,,2,20,,16203,20578,,,2,26,,16201,20578,,,2,55,,16200,20578,,,2,27,,16204,20578,,,2,70,,16199,20578,,,2,28,,16198,20578,,,2,70,,16202,20578,,,2,27,,16221,20578,,,2,70,,16222,20578,,,2,56,,16207,20578,,,2,102,,16215,20578,,,2,100,,16205,20578,,,2,100,,16224,20578,,,2,100,,16226,20578,,,2,51,,16233,20578,,,2,27,,16228,20578,,,2,20,,16210,20578,,,2,55,,16209,20578,,,2,19,,16212,20578,,,2,6,,16223,20578,,,2,16,,16231,20578,,,2,50,,16232,20578,,,2,6,,16208,20578,,,2,24,,16230,20578,,,2,26,,16229,20578,,,2,67,,16227,20578,,,2,31,,16213,20578,,,2,66,,16206,20578,,,2,34,,16211,20578,,,2,68,,16214,20578,,,2,30,,16234,20578,,,2,98,,16225,20578,,,2,97,,16219,20578,,,2,100,,16216,20578,,,2,157,,16220,20578,,,2
17001,'F8',517,,17082,3278,0,48 49,2,30,,17083,3278,0,48 49,2,62,,17066,3278,0,48 49,2,30,,17070,3278,0,48 49,2,70,,17067,3278,0,48 49,2,31,,17071,3278,0,48 49,2,69,,17068,3278,0,48 49,2,35,,17072,3278,0,48 49,2,70,,17069,3278,0,48 49,2,616,,17078,3278,0,48 49,2,70,,17073,3278,0,48 49,2,30,,17079,3278,0,48 49,2,70,,17074,3278,0,48 49,2,30,,17080,3278,0,48 49,2,70,,17075,3278,0,48 49,2,30,,17081,3278,0,48 49,2,70,,17076,3278,0,48 49,2
17001,'SE',517,,17100,3278,0,48 49,2,30,,17101,3278,0,48 49,2,62,,17084,3278,0,48 49,2,30,,17088,3278,0,48 49,2,70,,17085,3278,0,48 49,2,31,,17089,3278,0,48 49,2,69,,17086,3278,0,48 49,2,35,,17090,3278,0,48 49,2,70,,17087,3278,0,48 49,2,616,,17096,3278,0,48 49,2,70,,17091,3278,0,48 49,2,30,,17097,3278,0,48 49,2,70,,17092,3278,0,48 49,2,30,,17098,3278,0,48 49,2,70,,17093,3278,0,48 49,2,30,,17099,3278,0,48 49,2,70,,17094,3278,0,48 49,2
