3700,'F8',1612,,14310,,,2,36,,14312,,,2,65,,14311,,,2,30,,14314,,,2,67,,14313,,,2
3700,'SE',1612,,4474,,,2,36,,4476,,,2,65,,4475,,,2,30,,4478,,,2,67,,4477,,,2
3701,'F8',633,,14319,0,38,2,70,,14316,0,38,2,30,,14315,0,38,2,70,,14318,0,38,2,30,,14317,0,38,2
3701,'SE',633,,4483,0,38,2,70,,4480,0,38,2,30,,4479,0,38,2,70,,4482,0,38,2,30,,4481,0,38,2
50001,'F8',835,,19126,,,2
50001,'SE',835,,10425,,,2
65000,'F8',1621,,19224,,,2
65000,'SE',1621,,10523,,,2
65001,'F8',842,,19225,,,2
65001,'SE',842,,10524,,,2
69501,'F8',836,,19296,,,2,1,,19297,,,2
69501,'SE',836,,10595,,,2,1,,10596,,,2
