900,'F8',1635,,12158,0,9 14,2,74,,12160,0,9 14,2,26,,12161,0,9 14,2,67,,12157,0,9 14,2,28,,12159,0,9 14,2
900,'SE',1635,,1737,0,9 14,2,74,,1739,0,9 14,2,26,,1740,0,9 14,2,67,,1736,0,9 14,2,28,,1738,0,9 14,2
6000,'F8',641,,15656,,,1,86,,15647,,,1,78,,15648,,,1,45,,15650,,,1,101,,15649,,,1,100,,15636,,,1,100,,15640,,,1,101,,15646,,,1,100,,15637,,,1,100,,15645,,,1,95,,15651,,,1,64,,15641,,,1,32,,15638,,,1,68,,15639,,,1,27,,15652,,,1,66,,15653,,,1,25,,15642,,,1,30,,15658,,,1,67,,15654,,,1,99,,15657,,,1,99,,15659,,,1,100,,15655,,,1,90,,15644,,,1,100,,15643,,,1
6000,'SE',641,,6158,,,1,86,,6149,,,1,78,,6150,,,1,45,,6152,,,1,101,,6151,,,1,100,,6138,,,1,100,,6142,,,1,101,,6148,,,1,100,,6139,,,1,100,,6147,,,1,95,,6153,,,1,64,,6143,,,1,32,,6140,,,1,68,,6141,,,1,27,,6154,,,1,66,,6155,,,1,25,,6144,,,1,30,,6160,,,1,67,,6156,,,1,99,,6159,,,1,99,,6161,,,1,100,,6157,,,1,90,,6146,,,1,100,,6145,,,1
16000,'DI',712,,9259,0,31 32,1,100,,9254,0,31 32,1,100,,9266,0,31 32,1,100,,9263,0,31 32,1,100,,9267,0,31 32,1,100,,9256,0,31 32,1,100,,9261,0,31 32,1,100,,9262,0,31 32,1,100,,9257,0,31 32,1,100,,9268,0,31 32,1,100,,9260,0,31 32,1,100,,9258,0,31 32,1,100,,9264,0,31 32,1,102,,9255,0,31 32,1,98,,9265,0,31 32,1
16000,'F1',712,,9279,0,31 32,1,99,,9282,0,31 32,1,101,,9272,0,31 32,1,100,,9269,0,31 32,1,100,,9280,0,31 32,1,99,,9275,0,31 32,1,101,,9273,0,31 32,1,100,,9270,0,31 32,1,100,,9276,0,31 32,1,100,,9283,0,31 32,1,100,,9271,0,31 32,1,100,,9277,0,31 32,1,100,,9281,0,31 32,1,101,,9278,0,31 32,1,99,,9274,0,31 32,1
16000,'F7',712,,18148,0,31 32,1,100,,18143,0,31 32,1,100,,18155,0,31 32,1,100,,18152,0,31 32,1,100,,18156,0,31 32,1,100,,18145,0,31 32,1,100,,18150,0,31 32,1,100,,18151,0,31 32,1,100,,18146,0,31 32,1,100,,18157,0,31 32,1,100,,18149,0,31 32,1,100,,18147,0,31 32,1,100,,18153,0,31 32,1,102,,18144,0,31 32,1,98,,18154,0,31 32,1
16000,'F8',625,,18162,0,31 32,1,95,,18165,0,31 32,1,84,,18163,0,31 32,1,49,,18166,0,31 32,1,90,,18164,0,31 32,1,86,,18161,0,31 32,1,101,,18158,0,31 32,1,100,,18171,0,31 32,1,100,,18172,0,31 32,1,100,,18174,0,31 32,1,101,,18176,0,31 32,1,24,,18170,0,31 32,1,72,,18178,0,31 32,1,30,,18175,0,31 32,1,68,,18167,0,31 32,1,26,,18177,0,31 32,1,68,,18159,0,31 32,1,30,,18173,0,31 32,1,70,,18168,0,31 32,1,87,,18179,0,31 32,1,98,,18160,0,31 32,1,98,,18180,0,31 32,1,52,,18169,0,31 32,1,100,,18181,0,31 32,1
16000,'F9',712,,18192,0,31 32,1,99,,18195,0,31 32,1,101,,18185,0,31 32,1,100,,18182,0,31 32,1,100,,18193,0,31 32,1,99,,18188,0,31 32,1,101,,18186,0,31 32,1,100,,18183,0,31 32,1,100,,18189,0,31 32,1,100,,18196,0,31 32,1,100,,18184,0,31 32,1,100,,18190,0,31 32,1,100,,18194,0,31 32,1,101,,18191,0,31 32,1,99,,18187,0,31 32,1
16000,'SA',712,,9294,0,31 32,1,99,,9297,0,31 32,1,101,,9287,0,31 32,1,100,,9284,0,31 32,1,100,,9295,0,31 32,1,99,,9290,0,31 32,1,101,,9288,0,31 32,1,100,,9285,0,31 32,1,100,,9291,0,31 32,1,100,,9298,0,31 32,1,100,,9286,0,31 32,1,100,,9292,0,31 32,1,100,,9296,0,31 32,1,101,,9293,0,31 32,1,99,,9289,0,31 32,1
16000,'SE',625,,9303,0,31 32,1,95,,9306,0,31 32,1,84,,9304,0,31 32,1,49,,9307,0,31 32,1,90,,9305,0,31 32,1,86,,9302,0,31 32,1,101,,9299,0,31 32,1,100,,9312,0,31 32,1,100,,9313,0,31 32,1,100,,9315,0,31 32,1,101,,9317,0,31 32,1,24,,9311,0,31 32,1,72,,9319,0,31 32,1,30,,9316,0,31 32,1,68,,9308,0,31 32,1,26,,9318,0,31 32,1,68,,9300,0,31 32,1,30,,9314,0,31 32,1,70,,9309,0,31 32,1,87,,9320,0,31 32,1,98,,9301,0,31 32,1,98,,9321,0,31 32,1,52,,9310,0,31 32,1,100,,9322,0,31 32,1
