1301,'DI',631,,24063,4607,,,1,100,,3602,4607,,,1,100,,24064,4607,,,1,100,,3603,4607,,,1,100,,24065,4607,,,1,100,,3604,4607,,,1,100,,24066,4607,,,1,100,,3605,4607,,,1,100,,24068,4607,,,1,100,,24075,4607,,,1,100,,24060,4607,,,1,100,,24067,4607,,,1,100,,24062,4607,,,1,100,,24069,4607,,,1,100,,24073,4607,,,1,100,,24071,4607,,,1,100,,24070,4607,,,1,100,,24061,4607,,,1,100,,24074,4607,,,1,100,,24072,4607,,,1
1301,'F1',631,,24083,4607,,,1,100,,24076,4607,,,1,100,,24084,4607,,,1,100,,24078,4607,,,1,100,,24079,4607,,,1,100,,24089,4607,,,1,100,,24077,4607,,,1,100,,24085,4607,,,1,100,,24080,4607,,,1,100,,24086,4607,,,1,100,,24094,4607,,,1,100,,24082,4607,,,1,100,,24090,4607,,,1,100,,24087,4607,,,1,100,,24091,4607,,,1,100,,24081,4607,,,1,100,,24093,4607,,,1,100,,24088,4607,,,1,100,,24092,4607,,,1,100,,24095,4607,,,1
1301,'F2',631,,24104,4607,,,1,100,,24097,4607,,,1,100,,24105,4607,,,1,100,,24098,4607,,,1,100,,24099,4607,,,1,100,,24106,4607,,,1,100,,24108,4607,,,1,100,,24100,4607,,,1,100,,24109,4607,,,1,100,,24101,4607,,,1,100,,24096,4607,,,1,100,,24111,4607,,,1,100,,24114,4607,,,1,100,,24102,4607,,,1,100,,24110,4607,,,1,100,,24107,4607,,,1,100,,24115,4607,,,1,100,,24112,4607,,,1,100,,24103,4607,,,1,100,,24113,4607,,,1
1301,'F7',537,,24130,4607,,,1,72,,24131,4607,,,1,30,,24129,4607,,,1,17,,24118,4607,,,1,54,,24154,4607,,,1,13,,24120,4607,,,1,14,,24147,4607,,,1,20,,24121,4607,,,1,54,,24119,4607,,,1,13,,24158,4607,,,1,15,,24140,4607,,,1,15,,24136,4607,,,1,60,,24139,4607,,,1,29,,24132,4607,,,1,70,,24117,4607,,,1,30,,24135,4607,,,1,70,,24149,4607,,,1,30,,24127,4607,,,1,70,,24141,4607,,,1,31,,24128,4607,,,1,70,,24133,4607,,,1,30,,24150,4607,,,1,70,,24137,4607,,,1,30,,24142,4607,,,1,69,,24155,4607,,,1,34,,24152,4607,,,1,69,,24116,4607,,,1,27,,24123,4607,,,1,15,,24138,4607,,,1,60,,24134,4607,,,1,22,,24159,4607,,,1,18,,24145,4607,,,1,60,,24143,4607,,,1,29,,24124,4607,,,1,69,,24157,4607,,,1,30,,24122,4607,,,1,70,,24151,4607,,,1,30,,24153,4607,,,1,70,,24144,4607,,,1,30,,24156,4607,,,1,100,,24146,4607,,,1,100,,24148,4607,,,1,100,,24125,4607,,,1,98,,24126,4607,,,1
1301,'F8',631,,24168,4607,,,1,100,,24161,4607,,,1,100,,24169,4607,,,1,100,,24162,4607,,,1,100,,24163,4607,,,1,100,,24170,4607,,,1,100,,24172,4607,,,1,100,,24164,4607,,,1,100,,24173,4607,,,1,100,,24165,4607,,,1,100,,24160,4607,,,1,100,,24175,4607,,,1,100,,24178,4607,,,1,100,,24166,4607,,,1,100,,24174,4607,,,1,100,,24171,4607,,,1,100,,24179,4607,,,1,100,,24176,4607,,,1,100,,24167,4607,,,1,100,,24177,4607,,,1
1301,'F9',631,,24187,4607,,,1,100,,24182,4607,,,1,100,,24188,4607,,,1,100,,24183,4607,,,1,100,,24189,4607,,,1,100,,24184,4607,,,1,100,,24190,4607,,,1,100,,24185,4607,,,1,100,,24192,4607,,,1,100,,24199,4607,,,1,100,,24180,4607,,,1,100,,24191,4607,,,1,100,,24186,4607,,,1,100,,24193,4607,,,1,100,,24197,4607,,,1,100,,24195,4607,,,1,100,,24194,4607,,,1,100,,24181,4607,,,1,100,,24198,4607,,,1,100,,24196,4607,,,1
1301,'SA',631,,24208,4607,,,1,100,,24201,4607,,,1,100,,24209,4607,,,1,100,,24202,4607,,,1,100,,24203,4607,,,1,100,,24210,4607,,,1,100,,24212,4607,,,1,100,,24204,4607,,,1,100,,24213,4607,,,1,100,,24205,4607,,,1,100,,24200,4607,,,1,100,,24215,4607,,,1,100,,24218,4607,,,1,100,,24206,4607,,,1,100,,24214,4607,,,1,100,,24211,4607,,,1,100,,24219,4607,,,1,100,,24216,4607,,,1,100,,24207,4607,,,1,100,,24217,4607,,,1
1301,'SE',537,,24234,4607,,,1,72,,24235,4607,,,1,30,,24233,4607,,,1,17,,24222,4607,,,1,54,,24258,4607,,,1,13,,24224,4607,,,1,14,,24251,4607,,,1,20,,24225,4607,,,1,54,,24223,4607,,,1,13,,24262,4607,,,1,15,,24244,4607,,,1,15,,24240,4607,,,1,60,,24243,4607,,,1,29,,24236,4607,,,1,70,,24221,4607,,,1,30,,24239,4607,,,1,70,,24253,4607,,,1,30,,24231,4607,,,1,70,,24245,4607,,,1,31,,24232,4607,,,1,70,,24237,4607,,,1,30,,24254,4607,,,1,70,,24241,4607,,,1,30,,24246,4607,,,1,69,,24259,4607,,,1,34,,24256,4607,,,1,69,,24220,4607,,,1,27,,24227,4607,,,1,15,,24242,4607,,,1,60,,24238,4607,,,1,22,,24263,4607,,,1,18,,24249,4607,,,1,60,,24247,4607,,,1,29,,24228,4607,,,1,69,,24261,4607,,,1,30,,24226,4607,,,1,70,,24255,4607,,,1,30,,24257,4607,,,1,70,,24248,4607,,,1,30,,24260,4607,,,1,100,,24250,4607,,,1,100,,24252,4607,,,1,100,,24229,4607,,,1,98,,24230,4607,,,1
3701,'F7',634,,28896,2247,,,2,70,,28894,2247,,,2,30,,28893,2247,,,2,70,,28897,2247,,,2,30,,28895,2247,,,2
3701,'SE',634,,28903,2247,,,2,70,,28901,2247,,,2,30,,28900,2247,,,2,70,,28904,2247,,,2,30,,28902,2247,,,2
52600,'F7',1645,,40643,9216,4,,2,1,,40642,9216,4,,2
52600,'SE',1645,,40645,9216,4,,2,1,,40644,9216,4,,2
61301,'F7',854,,40772,3595,,,2
61301,'SE',854,,40773,3595,,,2
61801,'F7',846,,40780,4520,,,2
61801,'SE',846,,40781,4520,,,2
69501,'F7',838,,40954,1488,,,2,1,,40955,1488,,,2
69501,'SE',838,,40956,1488,,,2,1,,40957,1488,,,2
