7300,'DI',548,,12154,6569,,,2,70,,12151,6569,,,2,30,,12168,6569,,,2,76,,12152,6569,,,2,31,,12169,6569,,,2,70,,12165,6569,,,2,32,,12170,6569,,,2,73,,12166,6569,,,2,29,,12153,6569,,,2,70,,12162,6569,,,2,30,,12155,6569,,,2,70,,12156,6569,,,2,30,,12164,6569,,,2,70,,12159,6569,,,2,30,,12150,6569,,,2,71,,12141,6569,,,2,70,,12139,6569,,,2,30,,12167,6569,,,2,70,,12148,6569,,,2,30,,12144,6569,,,2,70,,12163,6569,,,2,30,,12157,6569,,,2,29,,12145,6569,,,2,71,,12149,6569,,,2,70,,12140,6569,,,2,33,,12160,6569,,,2,97,,12171,6569,,,2,100,,12158,6569,,,2,98,,12146,6569,,,2,100,,12147,6569,,,2,100,,12161,6569,,,2,100,,12142,6569,,,2,100,,12143,6569,,,2
7300,'F1',548,,12201,6569,,,2,70,,12196,6569,,,2,30,,12202,6569,,,2,76,,12197,6569,,,2,31,,12172,6569,,,2,69,,12203,6569,,,2,33,,12173,6569,,,2,72,,12204,6569,,,2,30,,12188,6569,,,2,70,,12191,6569,,,2,30,,12194,6569,,,2,70,,12187,6569,,,2,30,,12182,6569,,,2,70,,12177,6569,,,2,30,,12174,6569,,,2,71,,12198,6569,,,2,70,,12192,6569,,,2,30,,12189,6569,,,2,70,,12178,6569,,,2,30,,12183,6569,,,2,70,,12195,6569,,,2,25,,12175,6569,,,2,33,,12180,6569,,,2,74,,12176,6569,,,2,73,,12181,6569,,,2,25,,12179,6569,,,2,99,,12190,6569,,,2,103,,12184,6569,,,2,96,,12199,6569,,,2,100,,12200,6569,,,2,100,,12193,6569,,,2,100,,12185,6569,,,2,100,,12186,6569,,,2
7300,'F7',548,,12220,6569,,,2,70,,12217,6569,,,2,30,,12234,6569,,,2,76,,12218,6569,,,2,31,,12235,6569,,,2,70,,12231,6569,,,2,32,,12236,6569,,,2,73,,12232,6569,,,2,29,,12219,6569,,,2,70,,12228,6569,,,2,30,,12221,6569,,,2,70,,12222,6569,,,2,30,,12230,6569,,,2,70,,12225,6569,,,2,30,,12216,6569,,,2,71,,12207,6569,,,2,70,,12205,6569,,,2,30,,12233,6569,,,2,70,,12214,6569,,,2,30,,12210,6569,,,2,70,,12229,6569,,,2,30,,12223,6569,,,2,29,,12211,6569,,,2,71,,12215,6569,,,2,70,,12206,6569,,,2,33,,12226,6569,,,2,97,,12237,6569,,,2,100,,12224,6569,,,2,98,,12212,6569,,,2,100,,12213,6569,,,2,100,,12227,6569,,,2,100,,12208,6569,,,2,100,,12209,6569,,,2
7300,'F8',542,,12268,6569,,,2,72,,12241,6569,,,2,30,,12269,6569,,,2,70,,12238,6569,,,2,25,,12243,6569,,,2,73,,12276,6569,,,2,35,,12301,6569,,,2,60,,12270,6569,,,2,21,,12267,6569,,,2,20,,12277,6569,,,2,60,,12244,6569,,,2,20,,12271,6569,,,2,20,,12302,6569,,,2,60,,12291,6569,,,2,22,,12245,6569,,,2,20,,12278,6569,,,2,60,,12256,6569,,,2,20,,12290,6569,,,2,20,,12246,6569,,,2,60,,12303,6569,,,2,20,,12272,6569,,,2,20,,12279,6569,,,2,60,,12257,6569,,,2,20,,12262,6569,,,2,21,,12280,6569,,,2,60,,12240,6569,,,2,12,,12273,6569,,,2,12,,12266,6569,,,2,12,,12263,6569,,,2,10,,12295,6569,,,2,51,,12250,6569,,,2,10,,12274,6569,,,2,9,,12264,6569,,,2,6,,12258,6569,,,2,8,,12265,6569,,,2,8,,12292,6569,,,2,9,,12281,6569,,,2,46,,12283,6569,,,2,9,,12282,6569,,,2,7,,12299,6569,,,2,8,,12253,6569,,,2,6,,12239,6569,,,2,8,,12300,6569,,,2,7,,12259,6569,,,2,8,,12252,6569,,,2,46,,12255,6569,,,2,8,,12297,6569,,,2,7,,12248,6569,,,2,7,,12275,6569,,,2,8,,12298,6569,,,2,10,,12296,6569,,,2,13,,12260,6569,,,2,53,,12261,6569,,,2,20,,12242,6569,,,2,30,,12247,6569,,,2,70,,12289,6569,,,2,30,,12251,6569,,,2,70,,12254,6569,,,2,30,,12249,6569,,,2,70,,12293,6569,,,2,30,,12294,6569,,,2,70,,12284,6569,,,2,26,,12287,6569,,,2,70,,12285,6569,,,2,30,,12288,6569,,,2,70,,12286,6569,,,2
7300,'F9',548,,12333,6569,,,2,70,,12328,6569,,,2,30,,12334,6569,,,2,76,,12329,6569,,,2,31,,12304,6569,,,2,69,,12335,6569,,,2,33,,12305,6569,,,2,72,,12336,6569,,,2,30,,12320,6569,,,2,70,,12323,6569,,,2,30,,12326,6569,,,2,70,,12319,6569,,,2,30,,12314,6569,,,2,70,,12309,6569,,,2,30,,12306,6569,,,2,71,,12330,6569,,,2,70,,12324,6569,,,2,30,,12321,6569,,,2,70,,12310,6569,,,2,30,,12315,6569,,,2,70,,12327,6569,,,2,25,,12307,6569,,,2,33,,12312,6569,,,2,74,,12308,6569,,,2,73,,12313,6569,,,2,25,,12311,6569,,,2,99,,12322,6569,,,2,103,,12316,6569,,,2,96,,12331,6569,,,2,100,,12332,6569,,,2,100,,12325,6569,,,2,100,,12317,6569,,,2,100,,12318,6569,,,2
7300,'SA',548,,12366,6569,,,2,70,,12361,6569,,,2,30,,12367,6569,,,2,76,,12362,6569,,,2,31,,12337,6569,,,2,69,,12368,6569,,,2,33,,12338,6569,,,2,72,,12369,6569,,,2,30,,12353,6569,,,2,70,,12356,6569,,,2,30,,12359,6569,,,2,70,,12352,6569,,,2,30,,12347,6569,,,2,70,,12342,6569,,,2,30,,12339,6569,,,2,71,,12363,6569,,,2,70,,12357,6569,,,2,30,,12354,6569,,,2,70,,12343,6569,,,2,30,,12348,6569,,,2,70,,12360,6569,,,2,25,,12340,6569,,,2,33,,12345,6569,,,2,74,,12341,6569,,,2,73,,12346,6569,,,2,25,,12344,6569,,,2,99,,12355,6569,,,2,103,,12349,6569,,,2,96,,12364,6569,,,2,100,,12365,6569,,,2,100,,12358,6569,,,2,100,,12350,6569,,,2,100,,12351,6569,,,2
7300,'SE',542,,12400,6569,,,2,72,,12373,6569,,,2,30,,12401,6569,,,2,70,,12370,6569,,,2,25,,12375,6569,,,2,73,,12408,6569,,,2,35,,12433,6569,,,2,60,,12402,6569,,,2,21,,12399,6569,,,2,20,,12409,6569,,,2,60,,12376,6569,,,2,20,,12403,6569,,,2,20,,12434,6569,,,2,60,,12423,6569,,,2,22,,12377,6569,,,2,20,,12410,6569,,,2,60,,12388,6569,,,2,20,,12422,6569,,,2,20,,12378,6569,,,2,60,,12435,6569,,,2,20,,12404,6569,,,2,20,,12411,6569,,,2,60,,12389,6569,,,2,20,,12394,6569,,,2,21,,12412,6569,,,2,60,,12372,6569,,,2,12,,12405,6569,,,2,12,,12398,6569,,,2,12,,12395,6569,,,2,10,,12427,6569,,,2,51,,12382,6569,,,2,10,,12406,6569,,,2,9,,12396,6569,,,2,6,,12390,6569,,,2,8,,12397,6569,,,2,8,,12424,6569,,,2,9,,12413,6569,,,2,46,,12415,6569,,,2,9,,12414,6569,,,2,7,,12431,6569,,,2,8,,12385,6569,,,2,6,,12371,6569,,,2,8,,12432,6569,,,2,7,,12391,6569,,,2,8,,12384,6569,,,2,46,,12387,6569,,,2,8,,12429,6569,,,2,7,,12380,6569,,,2,7,,12407,6569,,,2,8,,12430,6569,,,2,10,,12428,6569,,,2,13,,12392,6569,,,2,53,,12393,6569,,,2,20,,12374,6569,,,2,30,,12379,6569,,,2,70,,12421,6569,,,2,30,,12383,6569,,,2,70,,12386,6569,,,2,30,,12381,6569,,,2,70,,12425,6569,,,2,30,,12426,6569,,,2,70,,12416,6569,,,2,26,,12419,6569,,,2,70,,12417,6569,,,2,30,,12420,6569,,,2,70,,12418,6569,,,2
57500,'F8',1603,,18842,5290,,,2
57500,'SE',1603,,18843,5290,,,2
60500,'F8',1636,,18854,11779,,,2,1,,18855,11779,,,2
60500,'SE',1636,,18856,11779,,,2,1,,18857,11779,,,2
