8101,'DI',628,,35898,10635,,,1,100,,35895,10635,,,1,100,,35884,10635,,,1,103,,35891,10635,,,1,100,,35885,10635,,,1,100,,35893,10635,,,1,100,,35897,10635,,,1,100,,35899,10635,,,1,100,,35888,10635,,,1,100,,35892,10635,,,1,100,,35883,10635,,,1,96,,35896,10635,,,1,108,,35886,10635,,,1,96,,35894,10635,,,1,100,,35887,10635,,,1,100,,35900,10635,,,1,100,,35889,10635,,,1,100,,35902,10635,,,1,100,,35901,10635,,,1,100,,35890,10635,,,1
8101,'F1',628,,35905,10635,,,1,100,,35903,10635,,,1,100,,35911,10635,,,1,103,,35919,10635,,,1,100,,35916,10635,,,1,100,,35904,10635,,,1,100,,35912,10635,,,1,100,,35909,10635,,,1,100,,35917,10635,,,1,100,,35923,10635,,,1,100,,35920,10635,,,1,100,,35918,10635,,,1,104,,35915,10635,,,1,96,,35914,10635,,,1,100,,35921,10635,,,1,100,,35907,10635,,,1,100,,35910,10635,,,1,100,,35913,10635,,,1,100,,35906,10635,,,1,100,,35908,10635,,,1,100,,35922,10635,,,1
8101,'F2',628,,35929,10635,,,1,100,,35936,10635,,,1,100,,35942,10635,,,1,103,,35937,10635,,,1,100,,35938,10635,,,1,100,,35943,10635,,,1,100,,35924,10635,,,1,100,,35926,10635,,,1,100,,35932,10635,,,1,100,,35939,10635,,,1,100,,35944,10635,,,1,100,,35930,10635,,,1,104,,35933,10635,,,1,96,,35940,10635,,,1,100,,35925,10635,,,1,100,,35934,10635,,,1,100,,35928,10635,,,1,100,,35941,10635,,,1,100,,35935,10635,,,1,100,,35931,10635,,,1,100,,35927,10635,,,1
8101,'F7',558,,35962,10635,,,1,70,,35959,10635,,,1,22,,35948,10635,,,1,78,,35960,10635,,,1,30,,35955,10635,,,1,71,,35965,10635,,,1,29,,35961,10635,,,1,76,,35953,10635,,,1,98,,35945,10635,,,1,100,,35963,10635,,,1,100,,35954,10635,,,1,100,,35972,10635,,,1,100,,35970,10635,,,1,100,,35951,10635,,,1,71,,35968,10635,,,1,32,,35973,10635,,,1,70,,35964,10635,,,1,30,,35956,10635,,,1,70,,35947,10635,,,1,30,,35969,10635,,,1,70,,35957,10635,,,1,26,,35946,10635,,,1,100,,35952,10635,,,1,100,,35949,10635,,,1,100,,35966,10635,,,1,100,,35971,10635,,,1,100,,35950,10635,,,1,100,,35967,10635,,,1,100,,35958,10635,,,1
8101,'F8',628,,35979,10635,,,1,100,,35986,10635,,,1,100,,35992,10635,,,1,103,,35987,10635,,,1,100,,35988,10635,,,1,100,,35993,10635,,,1,100,,35974,10635,,,1,100,,35976,10635,,,1,100,,35982,10635,,,1,100,,35989,10635,,,1,100,,35994,10635,,,1,100,,35980,10635,,,1,104,,35983,10635,,,1,96,,35990,10635,,,1,100,,35975,10635,,,1,100,,35984,10635,,,1,100,,35978,10635,,,1,100,,35991,10635,,,1,100,,35985,10635,,,1,100,,35981,10635,,,1,100,,35977,10635,,,1
8101,'F9',628,,36010,10635,,,1,100,,36007,10635,,,1,100,,35996,10635,,,1,103,,36003,10635,,,1,100,,35997,10635,,,1,100,,36005,10635,,,1,100,,36009,10635,,,1,100,,36011,10635,,,1,100,,36000,10635,,,1,100,,36004,10635,,,1,100,,35995,10635,,,1,96,,36008,10635,,,1,108,,35998,10635,,,1,96,,36006,10635,,,1,100,,35999,10635,,,1,100,,36012,10635,,,1,100,,36001,10635,,,1,100,,36014,10635,,,1,100,,36013,10635,,,1,100,,36002,10635,,,1
8101,'SA',628,,36020,10635,,,1,100,,36027,10635,,,1,100,,36033,10635,,,1,103,,36028,10635,,,1,100,,36029,10635,,,1,100,,14421,10635,,,1,100,,36015,10635,,,1,100,,36017,10635,,,1,100,,36023,10635,,,1,100,,36030,10635,,,1,100,,36034,10635,,,1,100,,36021,10635,,,1,104,,36024,10635,,,1,96,,36031,10635,,,1,100,,36016,10635,,,1,100,,36025,10635,,,1,100,,36019,10635,,,1,100,,36032,10635,,,1,100,,36026,10635,,,1,100,,36022,10635,,,1,100,,36018,10635,,,1
8101,'SE',558,,36052,10635,,,1,70,,36049,10635,,,1,22,,36038,10635,,,1,78,,36050,10635,,,1,30,,36045,10635,,,1,71,,36055,10635,,,1,29,,36051,10635,,,1,76,,36043,10635,,,1,98,,36035,10635,,,1,100,,36053,10635,,,1,100,,36044,10635,,,1,100,,36062,10635,,,1,100,,36060,10635,,,1,100,,36041,10635,,,1,71,,36058,10635,,,1,32,,36063,10635,,,1,70,,36054,10635,,,1,30,,36046,10635,,,1,70,,36037,10635,,,1,30,,36059,10635,,,1,70,,36047,10635,,,1,26,,36036,10635,,,1,100,,36042,10635,,,1,100,,36039,10635,,,1,100,,36056,10635,,,1,100,,36061,10635,,,1,100,,36040,10635,,,1,100,,36057,10635,,,1,100,,36048,10635,,,1
8601,'F7',637,,36632,9203,,,2,85,,36633,9203,,,2,32,,36634,9203,,,2
8601,'SE',637,,36635,9203,,,2,85,,36636,9203,,,2,32,,36637,9203,,,2
