100,'DI',653,,20128,2558,0,14,1,100,,20129,2558,0,14,1,100,,20130,2558,0,14,1,100,,20131,2558,0,14,1,100,,20132,2558,0,14,1,100,,20133,2558,0,14,1,100,,20134,2558,0,14,1,101,,20135,2558,0,14,1,100,,20136,2558,0,14,1,98,,20138,2558,0,14,1,100,,20139,2558,0,14,1,100,,20140,2558,0,14,1,100,,20141,2558,0,14,1,100,,20142,2558,0,14,1,100,,20143,2558,0,14,1,100,,20144,2558,0,14,1,100,,20145,2558,0,14,1,100,,20148,2558,0,14,1,100,,20146,2558,0,14,1,100,,20147,2558,0,14,1
100,'F1',623,,20153,2558,0,14,1,30,,20159,2558,0,14,1,70,,20154,2558,0,14,1,30,,20160,2558,0,14,1,70,,20155,2558,0,14,1,30,,20161,2558,0,14,1,70,,20156,2558,0,14,1,30,,20162,2558,0,14,1,70,,20157,2558,0,14,1,30,,20163,2558,0,14,1,70,,20158,2558,0,14,1,30,,20164,2558,0,14,1,70,,20168,2558,0,14,1,30,,20165,2558,0,14,1,71,,20169,2558,0,14,1,30,,20166,2558,0,14,1,70,,20170,2558,0,14,1,30,,20167,2558,0,14,1,68,,20171,2558,0,14,1,30,,22,2558,0,14,1,70,,20150,2558,0,14,1,30,,23,2558,0,14,1,70,,20151,2558,0,14,1,30,,24,2558,0,14,1,70,,20152,2558,0,14,1,30,,25,2558,0,14,1,100,,26,2558,0,14,1,100,,27,2558,0,14,1,100,,28,2558,0,14,1,100,,29,2558,0,14,1,100,,30,2558,0,14,1,100,,31,2558,0,14,1,100,,32,2558,0,14,1
100,'F2',623,,20194,2558,0,14,1,30,,20183,2558,0,14,1,70,,20195,2558,0,14,1,30,,20184,2558,0,14,1,70,,20196,2558,0,14,1,30,,20185,2558,0,14,1,70,,20198,2558,0,14,1,30,,20186,2558,0,14,1,70,,20199,2558,0,14,1,30,,20187,2558,0,14,1,70,,20200,2558,0,14,1,30,,20188,2558,0,14,1,70,,20201,2558,0,14,1,30,,20189,2558,0,14,1,71,,20205,2558,0,14,1,30,,20190,2558,0,14,1,70,,20206,2558,0,14,1,30,,20191,2558,0,14,1,68,,20202,2558,0,14,1,30,,20172,2558,0,14,1,70,,20203,2558,0,14,1,30,,20173,2558,0,14,1,70,,20204,2558,0,14,1,30,,20174,2558,0,14,1,70,,20193,2558,0,14,1,30,,20175,2558,0,14,1,100,,20176,2558,0,14,1,100,,20177,2558,0,14,1,100,,20178,2558,0,14,1,100,,20179,2558,0,14,1,100,,20180,2558,0,14,1,100,,20181,2558,0,14,1,100,,20182,2558,0,14,1
100,'F7',546,,20229,2558,0,14,1,76,,20240,2558,0,14,1,29,,20245,2558,0,14,1,75,,20235,2558,0,14,1,27,,20243,2558,0,14,1,75,,20238,2558,0,14,1,80,,20234,2558,0,14,1,30,,20253,2558,0,14,1,70,,20207,2558,0,14,1,30,,20251,2558,0,14,1,70,,20222,2558,0,14,1,30,,20254,2558,0,14,1,71,,20220,2558,0,14,1,30,,20242,2558,0,14,1,70,,20230,2558,0,14,1,30,,20247,2558,0,14,1,70,,20227,2558,0,14,1,30,,20236,2558,0,14,1,70,,20255,2558,0,14,1,18,,20257,2558,0,14,1,21,,20239,2558,0,14,1,55,,20216,2558,0,14,1,19,,20231,2558,0,14,1,12,,20208,2558,0,14,1,21,,20249,2558,0,14,1,52,,20237,2558,0,14,1,13,,20224,2558,0,14,1,15,,20246,2558,0,14,1,13,,20209,2558,0,14,1,55,,20241,2558,0,14,1,15,,20217,2558,0,14,1,20,,20252,2558,0,14,1,69,,20256,2558,0,14,1,30,,20225,2558,0,14,1,70,,20250,2558,0,14,1,30,,20210,2558,0,14,1,70,,20248,2558,0,14,1,30,,20211,2558,0,14,1,100,,20212,2558,0,14,1,100,,20213,2558,0,14,1,100,,20214,2558,0,14,1,99,,20215,2558,0,14,1
100,'F8',623,,20280,2558,0,14,1,30,,20269,2558,0,14,1,70,,20281,2558,0,14,1,30,,20270,2558,0,14,1,70,,20282,2558,0,14,1,30,,20271,2558,0,14,1,70,,20284,2558,0,14,1,30,,20272,2558,0,14,1,70,,20285,2558,0,14,1,30,,20273,2558,0,14,1,70,,20286,2558,0,14,1,30,,20274,2558,0,14,1,70,,20287,2558,0,14,1,30,,20275,2558,0,14,1,71,,20291,2558,0,14,1,30,,20276,2558,0,14,1,70,,20292,2558,0,14,1,30,,20277,2558,0,14,1,68,,20288,2558,0,14,1,30,,20258,2558,0,14,1,70,,20289,2558,0,14,1,30,,20259,2558,0,14,1,70,,20290,2558,0,14,1,30,,20260,2558,0,14,1,70,,20279,2558,0,14,1,30,,20261,2558,0,14,1,100,,20262,2558,0,14,1,100,,20263,2558,0,14,1,100,,20264,2558,0,14,1,100,,20265,2558,0,14,1,100,,20266,2558,0,14,1,100,,20267,2558,0,14,1,100,,20268,2558,0,14,1
100,'F9',653,,20293,2558,0,14,1,100,,20294,2558,0,14,1,100,,20295,2558,0,14,1,100,,20296,2558,0,14,1,100,,20297,2558,0,14,1,100,,20298,2558,0,14,1,100,,20299,2558,0,14,1,101,,20300,2558,0,14,1,100,,20301,2558,0,14,1,98,,20303,2558,0,14,1,100,,20304,2558,0,14,1,100,,20305,2558,0,14,1,100,,20306,2558,0,14,1,100,,20307,2558,0,14,1,100,,20308,2558,0,14,1,100,,20309,2558,0,14,1,100,,20310,2558,0,14,1,100,,20313,2558,0,14,1,100,,20311,2558,0,14,1,100,,20312,2558,0,14,1
100,'SA',623,,20325,2558,0,14,1,30,,20314,2558,0,14,1,70,,20326,2558,0,14,1,30,,20315,2558,0,14,1,70,,20327,2558,0,14,1,30,,20316,2558,0,14,1,70,,20329,2558,0,14,1,30,,20317,2558,0,14,1,70,,20330,2558,0,14,1,30,,20318,2558,0,14,1,70,,20331,2558,0,14,1,30,,20319,2558,0,14,1,70,,20332,2558,0,14,1,30,,20320,2558,0,14,1,71,,20336,2558,0,14,1,30,,20321,2558,0,14,1,70,,20337,2558,0,14,1,30,,20322,2558,0,14,1,68,,20333,2558,0,14,1,30,,164,2558,0,14,1,70,,20334,2558,0,14,1,30,,165,2558,0,14,1,70,,20335,2558,0,14,1,30,,166,2558,0,14,1,70,,20324,2558,0,14,1,30,,167,2558,0,14,1,100,,168,2558,0,14,1,100,,169,2558,0,14,1,100,,170,2558,0,14,1,100,,171,2558,0,14,1,100,,172,2558,0,14,1,100,,173,2558,0,14,1,100,,174,2558,0,14,1
100,'SE',546,,20360,2558,0,14,1,76,,20371,2558,0,14,1,29,,20376,2558,0,14,1,75,,20366,2558,0,14,1,27,,20374,2558,0,14,1,75,,20369,2558,0,14,1,80,,20365,2558,0,14,1,30,,20384,2558,0,14,1,70,,20338,2558,0,14,1,30,,20382,2558,0,14,1,70,,20353,2558,0,14,1,30,,20385,2558,0,14,1,71,,20351,2558,0,14,1,30,,20373,2558,0,14,1,70,,20361,2558,0,14,1,30,,20378,2558,0,14,1,70,,20358,2558,0,14,1,30,,20367,2558,0,14,1,70,,20386,2558,0,14,1,18,,20388,2558,0,14,1,21,,20370,2558,0,14,1,55,,20347,2558,0,14,1,19,,20362,2558,0,14,1,12,,20339,2558,0,14,1,21,,20380,2558,0,14,1,52,,20368,2558,0,14,1,13,,20355,2558,0,14,1,15,,20377,2558,0,14,1,13,,20340,2558,0,14,1,55,,20372,2558,0,14,1,15,,20348,2558,0,14,1,20,,20383,2558,0,14,1,69,,20387,2558,0,14,1,30,,20356,2558,0,14,1,70,,20381,2558,0,14,1,30,,20341,2558,0,14,1,70,,20379,2558,0,14,1,30,,20342,2558,0,14,1,100,,20343,2558,0,14,1,100,,20344,2558,0,14,1,100,,20345,2558,0,14,1,99,,20346,2558,0,14,1
50100,'F7',1456,,40619,2558,,,2,184,,40618,2558,,,2
50100,'SE',1456,,40621,2558,,,2,184,,40620,2558,,,2
65001,'F7',821,,40812,319,,,2
65001,'SE',821,,40813,319,,,2
