3200,'DI',616,,28441,9404,0,44,2,101,,28442,9404,0,44,2,99,,28443,9404,0,44,2,102,,28444,9404,0,44,2,100,,28447,9404,0,44,2,100,,28449,9404,0,44,2,101,,28445,9404,0,44,2,102,,28451,9404,0,44,2,98,,28450,9404,0,44,2,104,,28453,9404,0,44,2,96,,28452,9404,0,44,2,100,,28455,9404,0,44,2,100,,28454,9404,0,44,2,100,,28448,9404,0,44,2,100,,28439,9404,0,44,2,100,,28456,9404,0,44,2,100,,28458,9404,0,44,2,100,,28446,9404,0,44,2,100,,28457,9404,0,44,2,99,,28440,9404,0,44,2
3200,'F1',616,,28459,9404,0,44,2,101,,28460,9404,0,44,2,96,,28461,9404,0,44,2,103,,28462,9404,0,44,2,101,,28468,9404,0,44,2,101,,28476,9404,0,44,2,99,,28475,9404,0,44,2,105,,28478,9404,0,44,2,102,,28477,9404,0,44,2,97,,28463,9404,0,44,2,98,,28465,9404,0,44,2,100,,28469,9404,0,44,2,100,,28464,9404,0,44,2,100,,28466,9404,0,44,2,100,,28470,9404,0,44,2,100,,28471,9404,0,44,2,100,,28473,9404,0,44,2,100,,28474,9404,0,44,2,100,,28472,9404,0,44,2,99,,28467,9404,0,44,2
3200,'F2',616,,28480,9404,0,44,2,101,,28481,9404,0,44,2,96,,28482,9404,0,44,2,103,,28483,9404,0,44,2,101,,28489,9404,0,44,2,101,,28484,9404,0,44,2,99,,28498,9404,0,44,2,105,,28490,9404,0,44,2,102,,28485,9404,0,44,2,97,,28486,9404,0,44,2,98,,28491,9404,0,44,2,100,,28492,9404,0,44,2,100,,28487,9404,0,44,2,100,,28494,9404,0,44,2,100,,28493,9404,0,44,2,100,,28495,9404,0,44,2,100,,28497,9404,0,44,2,100,,28496,9404,0,44,2,100,,28488,9404,0,44,2,99,,28479,9404,0,44,2
3200,'F7',629,,28521,9404,,,2,72,,28517,9404,,,2,24,,28515,9404,,,2,32,,28520,9404,,,2,76,,28513,9404,,,2,18,,28501,9404,0,44,2,96,,28508,9404,0,44,2,101,,28509,9404,0,44,2,100,,28512,9404,0,44,2,100,,28500,9404,0,44,2,100,,28511,9404,0,44,2,103,,28502,9404,0,44,2,108,,28516,9404,,,2,68,,28519,9404,,,2,30,,28523,9404,,,2,70,,28522,9404,,,2,25,,28518,9404,,,2,74,,28524,9404,,,2,25,,28514,9404,,,2,73,,28503,9404,0,44,2,30,,28510,9404,0,44,2,100,,28506,9404,0,44,2,99,,28507,9404,0,44,2,100,,28499,9404,0,44,2,98,,28504,9404,0,44,2,101,,28505,9404,0,44,2
3200,'F8',616,,28526,9404,0,44,2,101,,28527,9404,0,44,2,96,,28528,9404,0,44,2,103,,28529,9404,0,44,2,101,,28535,9404,0,44,2,101,,28530,9404,0,44,2,99,,28544,9404,0,44,2,105,,28536,9404,0,44,2,102,,28531,9404,0,44,2,97,,28532,9404,0,44,2,98,,28537,9404,0,44,2,100,,28538,9404,0,44,2,100,,28533,9404,0,44,2,100,,28540,9404,0,44,2,100,,28539,9404,0,44,2,100,,28541,9404,0,44,2,100,,28543,9404,0,44,2,100,,28542,9404,0,44,2,100,,28534,9404,0,44,2,99,,28525,9404,0,44,2
3200,'F9',616,,28547,9404,0,44,2,101,,28548,9404,0,44,2,99,,28549,9404,0,44,2,102,,28550,9404,0,44,2,100,,28553,9404,0,44,2,100,,28555,9404,0,44,2,101,,28551,9404,0,44,2,102,,28557,9404,0,44,2,98,,28556,9404,0,44,2,104,,28559,9404,0,44,2,96,,28558,9404,0,44,2,100,,28561,9404,0,44,2,100,,28560,9404,0,44,2,100,,28554,9404,0,44,2,100,,28545,9404,0,44,2,100,,28562,9404,0,44,2,100,,28564,9404,0,44,2,100,,28552,9404,0,44,2,100,,28563,9404,0,44,2,99,,28546,9404,0,44,2
3200,'SA',616,,28566,9404,0,44,2,101,,28567,9404,0,44,2,96,,28568,9404,0,44,2,103,,28569,9404,0,44,2,101,,28575,9404,0,44,2,101,,28570,9404,0,44,2,99,,28584,9404,0,44,2,105,,28576,9404,0,44,2,102,,28571,9404,0,44,2,97,,28572,9404,0,44,2,98,,28577,9404,0,44,2,100,,28578,9404,0,44,2,100,,28573,9404,0,44,2,100,,28580,9404,0,44,2,100,,28579,9404,0,44,2,100,,28581,9404,0,44,2,100,,28583,9404,0,44,2,100,,28582,9404,0,44,2,100,,28574,9404,0,44,2,99,,28565,9404,0,44,2
3200,'SE',629,,28606,9404,,,2,72,,28602,9404,,,2,24,,28600,9404,,,2,32,,28605,9404,,,2,76,,28598,9404,,,2,18,,28587,9404,0,44,2,96,,28594,9404,0,44,2,101,,28595,9404,0,44,2,100,,28597,9404,0,44,2,100,,28586,9404,0,44,2,100,,7688,9404,0,44,2,103,,28588,9404,0,44,2,108,,28601,9404,,,2,68,,28604,9404,,,2,30,,28608,9404,,,2,70,,28607,9404,,,2,25,,28603,9404,,,2,74,,28609,9404,,,2,25,,28599,9404,,,2,73,,28589,9404,0,44,2,30,,28596,9404,0,44,2,100,,28592,9404,0,44,2,99,,28593,9404,0,44,2,100,,28585,9404,0,44,2,98,,28590,9404,0,44,2,101,,28591,9404,0,44,2
50501,'F7',900,,40632,0,,,2
50501,'SE',900,,40633,0,,,2
