100,'DI',703,,20128,5799,0,14,1,100,,20129,5799,0,14,1,100,,20130,5799,0,14,1,100,,20131,5799,0,14,1,100,,20132,5799,0,14,1,100,,20133,5799,0,14,1,100,,20134,5799,0,14,1,101,,20135,5799,0,14,1,100,,20136,5799,0,14,1,98,,20138,5799,0,14,1,100,,20139,5799,0,14,1,100,,20140,5799,0,14,1,100,,20141,5799,0,14,1,100,,20142,5799,0,14,1,100,,20143,5799,0,14,1,100,,20144,5799,0,14,1,100,,20145,5799,0,14,1,100,,20148,5799,0,14,1,100,,20146,5799,0,14,1,100,,20147,5799,0,14,1
100,'F1',633,,20153,5799,0,14,1,70,,20159,5799,0,14,1,30,,20154,5799,0,14,1,70,,20160,5799,0,14,1,30,,20155,5799,0,14,1,70,,20161,5799,0,14,1,30,,20156,5799,0,14,1,70,,20162,5799,0,14,1,30,,20157,5799,0,14,1,70,,20163,5799,0,14,1,30,,20158,5799,0,14,1,70,,20164,5799,0,14,1,30,,20168,5799,0,14,1,70,,20165,5799,0,14,1,31,,20169,5799,0,14,1,70,,20166,5799,0,14,1,30,,20170,5799,0,14,1,70,,20167,5799,0,14,1,28,,20171,5799,0,14,1,70,,22,5799,0,14,1,30,,20150,5799,0,14,1,70,,23,5799,0,14,1,30,,20151,5799,0,14,1,70,,24,5799,0,14,1,30,,20152,5799,0,14,1,70,,25,5799,0,14,1,100,,26,5799,0,14,1,100,,27,5799,0,14,1,100,,28,5799,0,14,1,100,,29,5799,0,14,1,100,,30,5799,0,14,1,100,,31,5799,0,14,1,100,,32,5799,0,14,1
100,'F2',633,,20194,5799,0,14,1,70,,20183,5799,0,14,1,30,,20195,5799,0,14,1,70,,20184,5799,0,14,1,30,,20196,5799,0,14,1,70,,20185,5799,0,14,1,30,,20198,5799,0,14,1,70,,20186,5799,0,14,1,30,,20199,5799,0,14,1,70,,20187,5799,0,14,1,30,,20200,5799,0,14,1,70,,20188,5799,0,14,1,30,,20201,5799,0,14,1,70,,20189,5799,0,14,1,31,,20205,5799,0,14,1,70,,20190,5799,0,14,1,30,,20206,5799,0,14,1,70,,20191,5799,0,14,1,28,,20202,5799,0,14,1,70,,20172,5799,0,14,1,30,,20203,5799,0,14,1,70,,20173,5799,0,14,1,30,,20204,5799,0,14,1,70,,20174,5799,0,14,1,30,,20193,5799,0,14,1,70,,20175,5799,0,14,1,100,,20176,5799,0,14,1,100,,20177,5799,0,14,1,100,,20178,5799,0,14,1,100,,20179,5799,0,14,1,100,,20180,5799,0,14,1,100,,20181,5799,0,14,1,100,,20182,5799,0,14,1
100,'F7',555,,20229,5799,0,14,1,76,,20240,5799,0,14,1,69,,20245,5799,0,14,1,35,,20235,5799,0,14,1,69,,20243,5799,0,14,1,35,,20238,5799,0,14,1,80,,20234,5799,0,14,1,30,,20253,5799,0,14,1,70,,20207,5799,0,14,1,30,,20251,5799,0,14,1,70,,20222,5799,0,14,1,30,,20254,5799,0,14,1,71,,20220,5799,0,14,1,30,,20242,5799,0,14,1,70,,20230,5799,0,14,1,30,,20247,5799,0,14,1,70,,20227,5799,0,14,1,30,,20236,5799,0,14,1,72,,20255,5799,0,14,1,18,,20257,5799,0,14,1,61,,20239,5799,0,14,1,15,,20216,5799,0,14,1,19,,20231,5799,0,14,1,12,,20208,5799,0,14,1,62,,20249,5799,0,14,1,12,,20237,5799,0,14,1,12,,20224,5799,0,14,1,15,,20246,5799,0,14,1,52,,20209,5799,0,14,1,15,,20241,5799,0,14,1,15,,20217,5799,0,14,1,20,,20252,5799,0,14,1,68,,20256,5799,0,14,1,30,,20225,5799,0,14,1,70,,20250,5799,0,14,1,29,,20210,5799,0,14,1,70,,20248,5799,0,14,1,30,,20211,5799,0,14,1,100,,20212,5799,0,14,1,99,,20213,5799,0,14,1,100,,20214,5799,0,14,1,99,,20215,5799,0,14,1
100,'F8',633,,20280,5799,0,14,1,70,,20269,5799,0,14,1,30,,20281,5799,0,14,1,70,,20270,5799,0,14,1,30,,20282,5799,0,14,1,70,,20271,5799,0,14,1,30,,20284,5799,0,14,1,70,,20272,5799,0,14,1,30,,20285,5799,0,14,1,70,,20273,5799,0,14,1,30,,20286,5799,0,14,1,70,,20274,5799,0,14,1,30,,20287,5799,0,14,1,70,,20275,5799,0,14,1,31,,20291,5799,0,14,1,70,,20276,5799,0,14,1,30,,20292,5799,0,14,1,70,,20277,5799,0,14,1,28,,20288,5799,0,14,1,70,,20258,5799,0,14,1,30,,20289,5799,0,14,1,70,,20259,5799,0,14,1,30,,20290,5799,0,14,1,70,,20260,5799,0,14,1,30,,20279,5799,0,14,1,70,,20261,5799,0,14,1,100,,20262,5799,0,14,1,100,,20263,5799,0,14,1,100,,20264,5799,0,14,1,100,,20265,5799,0,14,1,100,,20266,5799,0,14,1,100,,20267,5799,0,14,1,100,,20268,5799,0,14,1
100,'F9',703,,20293,5799,0,14,1,100,,20294,5799,0,14,1,100,,20295,5799,0,14,1,100,,20296,5799,0,14,1,100,,20297,5799,0,14,1,100,,20298,5799,0,14,1,100,,20299,5799,0,14,1,101,,20300,5799,0,14,1,100,,20301,5799,0,14,1,98,,20303,5799,0,14,1,100,,20304,5799,0,14,1,100,,20305,5799,0,14,1,100,,20306,5799,0,14,1,100,,20307,5799,0,14,1,100,,20308,5799,0,14,1,100,,20309,5799,0,14,1,100,,20310,5799,0,14,1,100,,20313,5799,0,14,1,100,,20311,5799,0,14,1,100,,20312,5799,0,14,1
100,'SA',633,,20325,5799,0,14,1,70,,20314,5799,0,14,1,30,,20326,5799,0,14,1,70,,20315,5799,0,14,1,30,,20327,5799,0,14,1,70,,20316,5799,0,14,1,30,,20329,5799,0,14,1,70,,20317,5799,0,14,1,30,,20330,5799,0,14,1,70,,20318,5799,0,14,1,30,,20331,5799,0,14,1,70,,20319,5799,0,14,1,30,,20332,5799,0,14,1,70,,20320,5799,0,14,1,31,,20336,5799,0,14,1,70,,20321,5799,0,14,1,30,,20337,5799,0,14,1,70,,20322,5799,0,14,1,28,,20333,5799,0,14,1,70,,164,5799,0,14,1,30,,20334,5799,0,14,1,70,,165,5799,0,14,1,30,,20335,5799,0,14,1,70,,166,5799,0,14,1,30,,20324,5799,0,14,1,70,,167,5799,0,14,1,100,,168,5799,0,14,1,100,,169,5799,0,14,1,100,,170,5799,0,14,1,100,,171,5799,0,14,1,100,,172,5799,0,14,1,100,,173,5799,0,14,1,100,,174,5799,0,14,1
100,'SE',555,,20360,5799,0,14,1,76,,20371,5799,0,14,1,69,,20376,5799,0,14,1,35,,20366,5799,0,14,1,69,,20374,5799,0,14,1,35,,20369,5799,0,14,1,80,,20365,5799,0,14,1,30,,20384,5799,0,14,1,70,,20338,5799,0,14,1,30,,20382,5799,0,14,1,70,,20353,5799,0,14,1,30,,20385,5799,0,14,1,71,,20351,5799,0,14,1,30,,20373,5799,0,14,1,70,,20361,5799,0,14,1,30,,20378,5799,0,14,1,70,,20358,5799,0,14,1,30,,20367,5799,0,14,1,72,,20386,5799,0,14,1,18,,20388,5799,0,14,1,61,,20370,5799,0,14,1,15,,20347,5799,0,14,1,19,,20362,5799,0,14,1,12,,20339,5799,0,14,1,62,,20380,5799,0,14,1,12,,20368,5799,0,14,1,12,,20355,5799,0,14,1,15,,20377,5799,0,14,1,52,,20340,5799,0,14,1,15,,20372,5799,0,14,1,15,,20348,5799,0,14,1,20,,20383,5799,0,14,1,68,,20387,5799,0,14,1,30,,20356,5799,0,14,1,70,,20381,5799,0,14,1,29,,20341,5799,0,14,1,70,,20379,5799,0,14,1,30,,20342,5799,0,14,1,100,,20343,5799,0,14,1,99,,20344,5799,0,14,1,100,,20345,5799,0,14,1,99,,20346,5799,0,14,1
53500,'F7',1638,,40670,7519,,,2
53500,'SE',1638,,40671,7519,,,2
53501,'F7',908,,40672,1153,,,2
53501,'SE',908,,40673,1153,,,2
