4900,'DI',615,,9778,5252,,,2,100,,9763,5252,,,2,100,,9764,5252,,,2,100,,9769,5252,,,2,101,,9770,5252,,,2,100,,9771,5252,,,2,100,,9772,5252,,,2,100,,9773,5252,,,2,100,,9779,5252,,,2,100,,9780,5252,,,2,100,,9765,5252,,,2,100,,9766,5252,,,2,100,,9767,5252,,,2,99,,9774,5252,,,2,100,,9775,5252,,,2,100,,9776,5252,,,2,100,,9777,5252,,,2,99,,9768,5252,,,2,100,,9781,5252,,,2
4900,'F1',615,,9794,5252,,,2,100,,9783,5252,,,2,100,,9795,5252,,,2,100,,9784,5252,,,2,101,,9785,5252,,,2,100,,9786,5252,,,2,100,,9787,5252,,,2,100,,9788,5252,,,2,100,,9789,5252,,,2,100,,9790,5252,,,2,100,,9791,5252,,,2,100,,9792,5252,,,2,100,,9793,5252,,,2,99,,9798,5252,,,2,100,,9799,5252,,,2,100,,9796,5252,,,2,100,,9797,5252,,,2,99,,9800,5252,,,2,100,,9782,5252,,,2,100,,9801,5252,,,2
4900,'F7',615,,9817,5252,,,2,100,,9802,5252,,,2,100,,9803,5252,,,2,100,,9808,5252,,,2,101,,9809,5252,,,2,100,,9810,5252,,,2,100,,9811,5252,,,2,100,,9812,5252,,,2,100,,9818,5252,,,2,100,,9819,5252,,,2,100,,9804,5252,,,2,100,,9805,5252,,,2,100,,9806,5252,,,2,99,,9813,5252,,,2,100,,9814,5252,,,2,100,,9815,5252,,,2,100,,9816,5252,,,2,99,,9807,5252,,,2,100,,9820,5252,,,2
4900,'F8',615,,9833,5252,,,2,20,,9836,5252,,,2,15,,9848,5252,,,2,55,,9826,5252,,,2,15,,9837,5252,,,2,16,,9834,5252,,,2,14,,9830,5252,,,2,55,,9838,5252,,,2,15,,9835,5252,,,2,15,,9831,5252,,,2,20,,9849,5252,,,2,60,,9832,5252,,,2,101,,9847,5252,,,2,100,,9855,5252,,,2,101,,9825,5252,,,2,100,,9824,5252,,,2,97,,9823,5252,,,2,100,,9854,5252,,,2,103,,9856,5252,,,2,12,,9850,5252,,,2,19,,9841,5252,,,2,11,,9844,5252,,,2,55,,9851,5252,,,2,15,,9839,5252,,,2,15,,9845,5252,,,2,15,,9852,5252,,,2,55,,9840,5252,,,2,14,,9846,5252,,,2,15,,9827,5252,,,2,71,,9853,5252,,,2,100,,9821,5252,,,2,100,,9828,5252,,,2,100,,9843,5252,,,2,99,,9822,5252,,,2,100,,9829,5252,,,2,100,,9842,5252,,,2
4900,'F9',615,,9869,5252,,,2,100,,9858,5252,,,2,100,,9870,5252,,,2,100,,9859,5252,,,2,101,,9860,5252,,,2,100,,9861,5252,,,2,100,,9862,5252,,,2,100,,9863,5252,,,2,100,,9864,5252,,,2,100,,9865,5252,,,2,100,,9866,5252,,,2,100,,9867,5252,,,2,100,,9868,5252,,,2,99,,9873,5252,,,2,100,,9874,5252,,,2,100,,9871,5252,,,2,100,,9872,5252,,,2,99,,9875,5252,,,2,100,,9857,5252,,,2,100,,9876,5252,,,2
4900,'SA',615,,9889,5252,,,2,100,,9878,5252,,,2,100,,9890,5252,,,2,100,,9879,5252,,,2,101,,9880,5252,,,2,100,,9881,5252,,,2,100,,9882,5252,,,2,100,,9883,5252,,,2,100,,9884,5252,,,2,100,,9885,5252,,,2,100,,9886,5252,,,2,100,,9887,5252,,,2,100,,9888,5252,,,2,99,,9893,5252,,,2,100,,9894,5252,,,2,100,,9891,5252,,,2,100,,9892,5252,,,2,99,,9895,5252,,,2,100,,9877,5252,,,2,100,,9896,5252,,,2
4900,'SE',615,,9909,5252,,,2,20,,9912,5252,,,2,15,,9924,5252,,,2,55,,9902,5252,,,2,15,,9913,5252,,,2,16,,9910,5252,,,2,14,,9906,5252,,,2,55,,9914,5252,,,2,15,,9911,5252,,,2,15,,9907,5252,,,2,20,,9925,5252,,,2,60,,9908,5252,,,2,101,,9923,5252,,,2,100,,9931,5252,,,2,101,,9901,5252,,,2,100,,9900,5252,,,2,97,,9899,5252,,,2,100,,9930,5252,,,2,103,,9932,5252,,,2,12,,9926,5252,,,2,19,,9917,5252,,,2,11,,9920,5252,,,2,55,,9927,5252,,,2,15,,9915,5252,,,2,15,,9921,5252,,,2,15,,9928,5252,,,2,55,,9916,5252,,,2,14,,9922,5252,,,2,15,,9903,5252,,,2,71,,9929,5252,,,2,100,,9897,5252,,,2,100,,9904,5252,,,2,100,,9919,5252,,,2,99,,9898,5252,,,2,100,,9905,5252,,,2,100,,9918,5252,,,2
54900,'F8',1637,,18814,8365,,,2
54900,'SE',1637,,18815,8365,,,2
69000,'F8',1614,,19025,3480,,,2,1,,19024,3480,,,2
69000,'SE',1614,,19027,3480,,,2,1,,19026,3480,,,2
69001,'F8',842,,19029,967,,,2,1,,19028,967,,,2
69001,'SE',842,,19031,967,,,2,1,,19030,967,,,2
