1501,'DI',701,,4069,6551,,,1,100,,4063,6551,,,1,100,,4059,6551,,,1,100,,4057,6551,,,1,101,,4068,6551,,,1,100,,4070,6551,,,1,100,,4072,6551,,,1,100,,4060,6551,,,1,100,,4064,6551,,,1,100,,4071,6551,,,1,100,,4066,6551,,,1,100,,4073,6551,,,1,100,,4061,6551,,,1,98,,4058,6551,,,1,100,,4065,6551,,,1,100,,4062,6551,,,1,100,,4074,6551,,,1,100,,4067,6551,,,1,100,,4075,6551,,,1
1501,'F1',701,,4085,6551,,,1,100,,4082,6551,,,1,100,,4089,6551,,,1,100,,4079,6551,,,1,100,,4086,6551,,,1,100,,4084,6551,,,1,100,,4090,6551,,,1,101,,4080,6551,,,1,100,,4083,6551,,,1,102,,4076,6551,,,1,98,,4087,6551,,,1,100,,4092,6551,,,1,100,,4081,6551,,,1,99,,4088,6551,,,1,100,,4091,6551,,,1,100,,4093,6551,,,1,100,,4077,6551,,,1,100,,4094,6551,,,1,100,,4078,6551,,,1
1501,'F7',701,,4107,6551,,,1,100,,4101,6551,,,1,100,,4097,6551,,,1,100,,4095,6551,,,1,101,,4106,6551,,,1,100,,4108,6551,,,1,100,,4110,6551,,,1,100,,4098,6551,,,1,100,,4102,6551,,,1,100,,4109,6551,,,1,100,,4104,6551,,,1,100,,4111,6551,,,1,100,,4099,6551,,,1,98,,4096,6551,,,1,100,,4103,6551,,,1,100,,4100,6551,,,1,100,,4112,6551,,,1,100,,4105,6551,,,1,100,,4113,6551,,,1
1501,'F8',525,,4126,6551,,,1,86,,4128,6551,,,1,30,,4117,6551,,,1,73,,4123,6551,,,1,20,,4124,6551,,,1,20,,4148,6551,,,1,60,,4118,6551,,,1,30,,4114,6551,,,1,70,,4149,6551,,,1,30,,4137,6551,,,1,69,,4134,6551,,,1,30,,4119,6551,,,1,70,,4135,6551,,,1,30,,4140,6551,,,1,70,,4116,6551,,,1,30,,4136,6551,,,1,70,,4141,6551,,,1,30,,4150,6551,,,1,70,,4151,6551,,,1,30,,4138,6551,,,1,72,,4152,6551,,,1,31,,4121,6551,,,1,63,,4120,6551,,,1,39,,4143,6551,,,1,67,,4127,6551,,,1,30,,4132,6551,,,1,70,,4122,6551,,,1,27,,4139,6551,,,1,70,,4130,6551,,,1,30,,4145,6551,,,1,69,,4146,6551,,,1,30,,4129,6551,,,1,70,,4125,6551,,,1,30,,4147,6551,,,1,70,,4144,6551,,,1,30,,4115,6551,,,1,99,,4133,6551,,,1,100,,4131,6551,,,1,99,,4142,6551,,,1
1501,'F9',701,,4162,6551,,,1,100,,4159,6551,,,1,100,,4166,6551,,,1,100,,4156,6551,,,1,100,,4163,6551,,,1,100,,4161,6551,,,1,100,,4167,6551,,,1,101,,4157,6551,,,1,100,,4160,6551,,,1,102,,4153,6551,,,1,98,,4164,6551,,,1,100,,4169,6551,,,1,100,,4158,6551,,,1,99,,4165,6551,,,1,100,,4168,6551,,,1,100,,4170,6551,,,1,100,,4154,6551,,,1,100,,4171,6551,,,1,100,,4155,6551,,,1
1501,'SA',701,,4181,6551,,,1,100,,4178,6551,,,1,100,,4185,6551,,,1,100,,4175,6551,,,1,100,,4182,6551,,,1,100,,4180,6551,,,1,100,,4186,6551,,,1,101,,4176,6551,,,1,100,,4179,6551,,,1,102,,4172,6551,,,1,98,,4183,6551,,,1,100,,4188,6551,,,1,100,,4177,6551,,,1,99,,4184,6551,,,1,100,,4187,6551,,,1,100,,4189,6551,,,1,100,,4173,6551,,,1,100,,4190,6551,,,1,100,,4174,6551,,,1
1501,'SE',525,,4203,6551,,,1,86,,4205,6551,,,1,30,,4194,6551,,,1,73,,4200,6551,,,1,20,,4201,6551,,,1,20,,4225,6551,,,1,60,,4195,6551,,,1,30,,4191,6551,,,1,70,,4226,6551,,,1,30,,4214,6551,,,1,69,,4211,6551,,,1,30,,4196,6551,,,1,70,,4212,6551,,,1,30,,4217,6551,,,1,70,,4193,6551,,,1,30,,4213,6551,,,1,70,,4218,6551,,,1,30,,4227,6551,,,1,70,,4228,6551,,,1,30,,4215,6551,,,1,72,,4229,6551,,,1,31,,4198,6551,,,1,63,,4197,6551,,,1,39,,4220,6551,,,1,67,,4204,6551,,,1,30,,4209,6551,,,1,70,,4199,6551,,,1,27,,4216,6551,,,1,70,,4207,6551,,,1,30,,4222,6551,,,1,69,,4223,6551,,,1,30,,4206,6551,,,1,70,,4202,6551,,,1,30,,4224,6551,,,1,70,,4221,6551,,,1,30,,4192,6551,,,1,99,,4210,6551,,,1,100,,4208,6551,,,1,99,,4219,6551,,,1
5500,'F8',1625,,10859,11625,0,9 44,2,18,,10865,11625,0,9 44,2,15,,10863,11625,0,9 44,2,56,,10857,11625,0,9 44,2,14,,10861,11625,0,9 44,2,15,,10860,11625,0,9 44,2,15,,10866,11625,0,9 44,2,55,,10864,11625,0,9 44,2,20,,10858,11625,0,9 44,2,20,,10862,11625,0,9 44,2
5500,'SE',1625,,10873,11625,0,9 44,2,18,,10879,11625,0,9 44,2,15,,10877,11625,0,9 44,2,56,,10871,11625,0,9 44,2,14,,10875,11625,0,9 44,2,15,,10874,11625,0,9 44,2,15,,10880,11625,0,9 44,2,55,,10878,11625,0,9 44,2,20,,10872,11625,0,9 44,2,20,,10876,11625,0,9 44,2
50000,'F8',1604,,18722,4814,,,2
50000,'SE',1604,,18723,4814,,,2
