4200,'DI',617,,29423,2447,,,1,100,,29424,2447,,,1,100,,29425,2447,,,1,100,,29426,2447,,,1,100,,29427,2447,,,1,100,,29428,2447,,,1,100,,29429,2447,,,1,100,,29430,2447,,,1,100,,29431,2447,,,1,100,,29432,2447,,,1,100,,29433,2447,,,1,100,,29434,2447,,,1,100,,29435,2447,,,1,100,,29436,2447,,,1,100,,29437,2447,,,1,100,,29438,2447,,,1,100,,29439,2447,,,1,100,,29440,2447,,,1,100,,29441,2447,,,1,100,,29442,2447,,,1
4200,'F1',617,,29443,2447,,,1,100,,29444,2447,,,1,100,,29445,2447,,,1,100,,29446,2447,,,1,100,,29447,2447,,,1,100,,29448,2447,,,1,100,,29449,2447,,,1,100,,29450,2447,,,1,100,,29451,2447,,,1,100,,29452,2447,,,1,100,,29453,2447,,,1,100,,29454,2447,,,1,100,,29455,2447,,,1,100,,29456,2447,,,1,100,,29457,2447,,,1,100,,29458,2447,,,1,100,,29459,2447,,,1,100,,29460,2447,,,1,100,,29461,2447,,,1,100,,29462,2447,,,1
4200,'F2',617,,29480,2447,,,1,100,,29481,2447,,,1,100,,29482,2447,,,1,100,,29463,2447,,,1,100,,29464,2447,,,1,100,,29465,2447,,,1,100,,29466,2447,,,1,100,,29467,2447,,,1,100,,29468,2447,,,1,100,,29469,2447,,,1,100,,29470,2447,,,1,100,,29471,2447,,,1,100,,29472,2447,,,1,100,,29473,2447,,,1,100,,29474,2447,,,1,100,,29475,2447,,,1,100,,29476,2447,,,1,100,,29477,2447,,,1,100,,29478,2447,,,1,100,,29479,2447,,,1
4200,'F7',558,,29511,2447,,,1,76,,29493,2447,,,1,69,,29496,2447,,,1,12,,29492,2447,,,1,6,,29494,2447,,,1,6,,29489,2447,,,1,6,,29490,2447,,,1,22,,29488,2447,,,1,62,,29497,2447,,,1,34,,29524,2447,,,1,70,,29525,2447,,,1,30,,29491,2447,,,1,70,,29515,2447,,,1,30,,29495,2447,,,1,70,,29520,2447,,,1,30,,29498,2447,,,1,70,,29521,2447,,,1,30,,29484,2447,,,1,70,,29501,2447,,,1,30,,29499,2447,,,1,70,,29513,2447,,,1,30,,29523,2447,,,1,71,,29502,2447,,,1,30,,29518,2447,,,1,67,,29516,2447,,,1,24,,29522,2447,,,1,15,,29519,2447,,,1,54,,29483,2447,,,1,14,,29517,2447,,,1,14,,29512,2447,,,1,15,,29514,2447,,,1,67,,29500,2447,,,1,30,,29503,2447,,,1,73,,29507,2447,,,1,34,,29504,2447,,,1,70,,29508,2447,,,1,29,,29505,2447,,,1,70,,29509,2447,,,1,30,,29506,2447,,,1,70,,29510,2447,,,1,91,,29485,2447,,,1,100,,29486,2447,,,1,100,,29487,2447,,,1
4200,'F8',617,,29543,2447,,,1,100,,29544,2447,,,1,100,,29545,2447,,,1,100,,29526,2447,,,1,100,,29527,2447,,,1,100,,29528,2447,,,1,100,,29529,2447,,,1,100,,29530,2447,,,1,100,,29531,2447,,,1,100,,29532,2447,,,1,100,,29533,2447,,,1,100,,29534,2447,,,1,100,,29535,2447,,,1,100,,29536,2447,,,1,100,,29537,2447,,,1,100,,29538,2447,,,1,100,,29539,2447,,,1,100,,29540,2447,,,1,100,,29541,2447,,,1,100,,29542,2447,,,1
4200,'F9',617,,29546,2447,,,1,100,,29547,2447,,,1,100,,29548,2447,,,1,100,,29549,2447,,,1,100,,29550,2447,,,1,100,,29551,2447,,,1,100,,29552,2447,,,1,100,,29553,2447,,,1,100,,29554,2447,,,1,100,,29555,2447,,,1,100,,29556,2447,,,1,100,,29557,2447,,,1,100,,29558,2447,,,1,100,,29559,2447,,,1,100,,29560,2447,,,1,100,,29561,2447,,,1,100,,29562,2447,,,1,100,,29563,2447,,,1,100,,29564,2447,,,1,100,,29565,2447,,,1
4200,'SA',617,,29583,2447,,,1,100,,29584,2447,,,1,100,,29585,2447,,,1,100,,29566,2447,,,1,100,,29567,2447,,,1,100,,29568,2447,,,1,100,,29569,2447,,,1,100,,29570,2447,,,1,100,,29571,2447,,,1,100,,29572,2447,,,1,100,,29573,2447,,,1,100,,29574,2447,,,1,100,,29575,2447,,,1,100,,29576,2447,,,1,100,,29577,2447,,,1,100,,29578,2447,,,1,100,,29579,2447,,,1,100,,29580,2447,,,1,100,,29581,2447,,,1,100,,29582,2447,,,1
4200,'SE',558,,29614,2447,,,1,76,,29596,2447,,,1,69,,29599,2447,,,1,12,,29595,2447,,,1,6,,29597,2447,,,1,6,,29592,2447,,,1,6,,29593,2447,,,1,22,,29591,2447,,,1,62,,29600,2447,,,1,34,,29627,2447,,,1,70,,29628,2447,,,1,30,,29594,2447,,,1,70,,29618,2447,,,1,30,,29598,2447,,,1,70,,29623,2447,,,1,30,,29601,2447,,,1,70,,29624,2447,,,1,30,,29587,2447,,,1,70,,29604,2447,,,1,30,,29602,2447,,,1,70,,29616,2447,,,1,30,,29626,2447,,,1,71,,29605,2447,,,1,30,,29621,2447,,,1,67,,29619,2447,,,1,24,,29625,2447,,,1,15,,29622,2447,,,1,54,,29586,2447,,,1,14,,29620,2447,,,1,14,,29615,2447,,,1,15,,29617,2447,,,1,67,,29603,2447,,,1,30,,29606,2447,,,1,73,,29610,2447,,,1,34,,29607,2447,,,1,70,,29611,2447,,,1,29,,29608,2447,,,1,70,,29612,2447,,,1,30,,29609,2447,,,1,70,,29613,2447,,,1,91,,29588,2447,,,1,100,,29589,2447,,,1,100,,29590,2447,,,1
5000,'DI',720,,31252,2468,,,2,100,,31260,2468,,,2,100,,31258,2468,,,2,103,,31259,2468,,,2,94,,31261,2468,,,2,103,,31262,2468,,,2,103,,31263,2468,,,2,97,,31251,2468,,,2,96,,31264,2468,,,2,103,,31249,2468,,,2,106,,31248,2468,,,2,95,,31257,2468,,,2,100,,31250,2468,,,2,100,,31253,2468,,,2,100,,31255,2468,,,2,100,,31265,2468,,,2,100,,31254,2468,,,2,100,,31256,2468,,,2,100,,31266,2468,,,2
5000,'F1',620,,31279,2468,,,2,98,,31273,2468,,,2,102,,31284,2468,,,2,97,,31269,2468,,,2,103,,31270,2468,,,2,96,,31286,2468,,,2,102,,31285,2468,,,2,98,,31268,2468,,,2,99,,31280,2468,,,2,103,,31281,2468,,,2,103,,31282,2468,,,2,103,,31283,2468,,,2,96,,31271,2468,,,2,100,,31277,2468,,,2,100,,31274,2468,,,2,100,,31287,2468,,,2,97,,31275,2468,,,2,103,,31276,2468,,,2,101,,31278,2468,,,2,99,,31272,2468,,,2
5000,'F2',620,,31294,2468,,,2,98,,31293,2468,,,2,102,,31298,2468,,,2,97,,31302,2468,,,2,103,,31303,2468,,,2,96,,31307,2468,,,2,102,,31304,2468,,,2,98,,31288,2468,,,2,99,,31289,2468,,,2,103,,31290,2468,,,2,103,,31291,2468,,,2,103,,31292,2468,,,2,96,,31295,2468,,,2,100,,31306,2468,,,2,100,,31305,2468,,,2,100,,31296,2468,,,2,97,,31299,2468,,,2,103,,31300,2468,,,2,101,,31301,2468,,,2,99,,31297,2468,,,2
5000,'F7',710,,31317,2468,,,2,30,,31313,2468,,,2,70,,31319,2468,,,2,33,,31322,2468,,,2,67,,31330,2468,,,2,100,,31333,2468,,,2,100,,31320,2468,,,2,100,,31315,2468,,,2,100,,31323,2468,,,2,99,,31308,2468,,,2,102,,31324,2468,,,2,28,,31334,2468,,,2,70,,31312,2468,,,2,34,,31335,2468,,,2,66,,31325,2468,,,2,30,,31309,2468,,,2,70,,31331,2468,,,2,31,,31314,2468,,,2,70,,31332,2468,,,2,100,,31310,2468,,,2,100,,31326,2468,,,2,100,,31311,2468,,,2,100,,31327,2468,,,2,100,,31328,2468,,,2,100,,31329,2468,,,2
5000,'F8',620,,31342,2468,,,2,98,,31341,2468,,,2,102,,31346,2468,,,2,97,,31350,2468,,,2,103,,31351,2468,,,2,96,,31355,2468,,,2,102,,31352,2468,,,2,98,,31336,2468,,,2,99,,31337,2468,,,2,103,,31338,2468,,,2,103,,31339,2468,,,2,103,,31340,2468,,,2,96,,31343,2468,,,2,100,,31354,2468,,,2,100,,31353,2468,,,2,100,,31344,2468,,,2,97,,31347,2468,,,2,103,,31348,2468,,,2,101,,31349,2468,,,2,99,,31345,2468,,,2
5000,'F9',720,,31360,2468,,,2,100,,31368,2468,,,2,100,,31366,2468,,,2,103,,31367,2468,,,2,94,,31369,2468,,,2,103,,31370,2468,,,2,103,,31371,2468,,,2,97,,31359,2468,,,2,96,,31372,2468,,,2,103,,31357,2468,,,2,106,,31356,2468,,,2,95,,31365,2468,,,2,100,,31358,2468,,,2,100,,31361,2468,,,2,100,,31363,2468,,,2,100,,31373,2468,,,2,100,,31362,2468,,,2,100,,31364,2468,,,2,100,,31374,2468,,,2
5000,'SA',620,,31382,2468,,,2,98,,31381,2468,,,2,102,,31386,2468,,,2,97,,31390,2468,,,2,103,,31391,2468,,,2,96,,31395,2468,,,2,102,,31392,2468,,,2,98,,31376,2468,,,2,99,,31377,2468,,,2,103,,31378,2468,,,2,103,,31379,2468,,,2,103,,31380,2468,,,2,96,,31383,2468,,,2,100,,31394,2468,,,2,100,,31393,2468,,,2,100,,31384,2468,,,2,97,,31387,2468,,,2,103,,31388,2468,,,2,101,,31389,2468,,,2,99,,31385,2468,,,2
5000,'SE',710,,31405,2468,,,2,30,,31401,2468,,,2,70,,31407,2468,,,2,33,,31410,2468,,,2,67,,31418,2468,,,2,100,,31421,2468,,,2,100,,31408,2468,,,2,100,,31403,2468,,,2,100,,31411,2468,,,2,99,,31396,2468,,,2,102,,31412,2468,,,2,28,,31422,2468,,,2,70,,31400,2468,,,2,34,,31423,2468,,,2,66,,31413,2468,,,2,30,,31397,2468,,,2,70,,31419,2468,,,2,31,,31402,2468,,,2,70,,31420,2468,,,2,100,,31398,2468,,,2,100,,31414,2468,,,2,100,,31399,2468,,,2,100,,31415,2468,,,2,100,,31416,2468,,,2,100,,31417,2468,,,2
6000,'F7',627,,32199,2447,,,1,84,,32200,2447,,,1,37,,32208,2447,,,1,87,,32201,2447,,,1,101,,32207,2447,,,1,100,,32197,2447,,,1,100,,32202,2447,,,1,100,,32198,2447,,,1,100,,32215,2447,,,1,100,,32210,2447,,,1,96,,32211,2447,,,1,70,,32206,2447,,,1,25,,32203,2447,,,1,24,,32204,2447,,,1,68,,32195,2447,,,1,28,,32212,2447,,,1,65,,32205,2447,,,1,30,,32209,2447,,,1,69,,32213,2447,,,1,99,,32194,2447,,,1,99,,32214,2447,,,1,100,,32192,2447,,,1,50,,32196,2447,,,1,100,,32193,2447,,,1
6000,'SE',627,,32223,2447,,,1,84,,32224,2447,,,1,37,,32232,2447,,,1,87,,32225,2447,,,1,101,,32231,2447,,,1,100,,32221,2447,,,1,100,,32226,2447,,,1,100,,32222,2447,,,1,100,,32239,2447,,,1,100,,32234,2447,,,1,96,,32235,2447,,,1,70,,32230,2447,,,1,25,,32227,2447,,,1,24,,32228,2447,,,1,68,,32219,2447,,,1,28,,32236,2447,,,1,65,,32229,2447,,,1,30,,32233,2447,,,1,69,,32237,2447,,,1,99,,32218,2447,,,1,99,,32238,2447,,,1,100,,32216,2447,,,1,50,,32220,2447,,,1,100,,32217,2447,,,1
16000,'DI',658,,38365,2447,0,19 20,1,100,,38368,2447,0,19 20,1,100,,38371,2447,0,19 20,1,100,,38366,2447,0,19 20,1,100,,38372,2447,0,19 20,1,100,,38364,2447,0,19 20,1,100,,38373,2447,0,19 20,1,100,,38362,2447,0,19 20,1,100,,38360,2447,0,19 20,1,100,,38369,2447,0,19 20,1,100,,38367,2447,0,19 20,1,100,,38374,2447,0,19 20,1,100,,38370,2447,0,19 20,1,142,,38363,2447,0,19 20,1,58,,38361,2447,0,19 20,1
16000,'F1',658,,38382,2447,0,19 20,1,99,,38377,2447,0,19 20,1,101,,38376,2447,0,19 20,1,100,,38379,2447,0,19 20,1,100,,38383,2447,0,19 20,1,99,,16591,2447,0,19 20,1,101,,38380,2447,0,19 20,1,100,,38375,2447,0,19 20,1,100,,16592,2447,0,19 20,1,100,,38378,2447,0,19 20,1,100,,38381,2447,0,19 20,1,100,,16593,2447,0,19 20,1,100,,38384,2447,0,19 20,1,101,,16594,2447,0,19 20,1,99,,38385,2447,0,19 20,1
16000,'F2',658,,38390,2447,0,19 20,1,99,,38393,2447,0,19 20,1,101,,38389,2447,0,19 20,1,100,,38386,2447,0,19 20,1,100,,38392,2447,0,19 20,1,99,,38397,2447,0,19 20,1,101,,38387,2447,0,19 20,1,100,,38391,2447,0,19 20,1,100,,38398,2447,0,19 20,1,100,,38394,2447,0,19 20,1,100,,38388,2447,0,19 20,1,100,,38399,2447,0,19 20,1,100,,38395,2447,0,19 20,1,101,,38400,2447,0,19 20,1,99,,38396,2447,0,19 20,1
16000,'F7',612,,38407,2447,0,19 20,1,95,,38421,2447,0,19 20,1,38,,38406,2447,0,19 20,1,95,,38422,2447,0,19 20,1,89,,38418,2447,0,19 20,1,86,,38405,2447,0,19 20,1,100,,38408,2447,0,19 20,1,100,,38409,2447,0,19 20,1,100,,38404,2447,0,19 20,1,100,,38423,2447,0,19 20,1,98,,38402,2447,0,19 20,1,30,,38417,2447,0,19 20,1,68,,38410,2447,0,19 20,1,24,,38401,2447,0,19 20,1,70,,38411,2447,0,19 20,1,28,,38424,2447,0,19 20,1,70,,38403,2447,0,19 20,1,30,,38416,2447,0,19 20,1,70,,38412,2447,0,19 20,1,47,,38415,2447,0,19 20,1,100,,38413,2447,0,19 20,1,100,,38419,2447,0,19 20,1,92,,38414,2447,0,19 20,1,100,,38420,2447,0,19 20,1
16000,'F8',658,,38429,2447,0,19 20,1,99,,38432,2447,0,19 20,1,101,,38428,2447,0,19 20,1,100,,38425,2447,0,19 20,1,100,,38431,2447,0,19 20,1,99,,38436,2447,0,19 20,1,101,,38426,2447,0,19 20,1,100,,38430,2447,0,19 20,1,100,,38437,2447,0,19 20,1,100,,38433,2447,0,19 20,1,100,,38427,2447,0,19 20,1,100,,38438,2447,0,19 20,1,100,,38434,2447,0,19 20,1,101,,38439,2447,0,19 20,1,99,,38435,2447,0,19 20,1
16000,'F9',658,,38445,2447,0,19 20,1,100,,38448,2447,0,19 20,1,100,,38451,2447,0,19 20,1,100,,38446,2447,0,19 20,1,100,,38452,2447,0,19 20,1,100,,38444,2447,0,19 20,1,100,,38453,2447,0,19 20,1,100,,38442,2447,0,19 20,1,100,,38440,2447,0,19 20,1,100,,38449,2447,0,19 20,1,100,,38447,2447,0,19 20,1,100,,38454,2447,0,19 20,1,100,,38450,2447,0,19 20,1,142,,38443,2447,0,19 20,1,58,,38441,2447,0,19 20,1
16000,'SA',658,,38459,2447,0,19 20,1,99,,16667,2447,0,19 20,1,101,,38458,2447,0,19 20,1,100,,38455,2447,0,19 20,1,100,,38461,2447,0,19 20,1,99,,38464,2447,0,19 20,1,101,,38456,2447,0,19 20,1,100,,38460,2447,0,19 20,1,100,,38465,2447,0,19 20,1,100,,16668,2447,0,19 20,1,100,,38457,2447,0,19 20,1,100,,38466,2447,0,19 20,1,100,,38462,2447,0,19 20,1,101,,38467,2447,0,19 20,1,99,,38463,2447,0,19 20,1
16000,'SE',612,,38474,2447,0,19 20,1,95,,38488,2447,0,19 20,1,38,,38473,2447,0,19 20,1,95,,38489,2447,0,19 20,1,89,,38485,2447,0,19 20,1,86,,38472,2447,0,19 20,1,100,,38475,2447,0,19 20,1,100,,38476,2447,0,19 20,1,100,,38471,2447,0,19 20,1,100,,38490,2447,0,19 20,1,98,,38469,2447,0,19 20,1,30,,38484,2447,0,19 20,1,68,,38477,2447,0,19 20,1,24,,38468,2447,0,19 20,1,70,,38478,2447,0,19 20,1,28,,38491,2447,0,19 20,1,70,,38470,2447,0,19 20,1,30,,38483,2447,0,19 20,1,70,,38479,2447,0,19 20,1,47,,38482,2447,0,19 20,1,100,,38480,2447,0,19 20,1,100,,38486,2447,0,19 20,1,92,,38481,2447,0,19 20,1,100,,38487,2447,0,19 20,1
54201,'F7',902,,40692,2533,,,2
54201,'SE',902,,40693,2533,,,2
66500,'F7',1611,,40850,1990,,,2
66500,'SE',1611,,40851,1990,,,2
67000,'F7',1610,,40854,1990,,,2,1,,40855,1990,,,2,1,,40856,1990,,,2
67000,'SE',1610,,40857,1990,,,2,1,,40858,1990,,,2,1,,40859,1990,,,2
69601,'F7',831,,40962,0,,,2,1,,40963,0,,,2
69601,'SE',831,,40964,0,,,2,1,,40965,0,,,2
