101,'DI',622,,260,2369,,,1,100,,261,2369,,,1,100,,262,2369,,,1,100,,263,2369,,,1,100,,264,2369,,,1,100,,265,2369,,,1,100,,266,2369,,,1,100,,267,2369,,,1,101,,268,2369,,,1,100,,269,2369,,,1,98,,250,2369,,,1,100,,251,2369,,,1,100,,252,2369,,,1,100,,253,2369,,,1,100,,254,2369,,,1,100,,255,2369,,,1,100,,256,2369,,,1,100,,257,2369,,,1,100,,258,2369,,,1,100,,259,2369,,,1
101,'F1',552,,293,2369,,,1,70,,283,2369,,,1,30,,294,2369,,,1,70,,284,2369,,,1,30,,295,2369,,,1,70,,285,2369,,,1,30,,296,2369,,,1,70,,286,2369,,,1,30,,297,2369,,,1,70,,287,2369,,,1,30,,298,2369,,,1,70,,288,2369,,,1,30,,299,2369,,,1,70,,289,2369,,,1,30,,300,2369,,,1,70,,290,2369,,,1,31,,301,2369,,,1,70,,291,2369,,,1,30,,302,2369,,,1,70,,292,2369,,,1,28,,280,2369,,,1,70,,270,2369,,,1,30,,281,2369,,,1,70,,271,2369,,,1,30,,282,2369,,,1,70,,272,2369,,,1,100,,273,2369,,,1,100,,274,2369,,,1,100,,275,2369,,,1,100,,276,2369,,,1,100,,277,2369,,,1,100,,278,2369,,,1,100,,279,2369,,,1
101,'F7',622,,313,2369,,,1,100,,314,2369,,,1,100,,315,2369,,,1,100,,316,2369,,,1,100,,317,2369,,,1,100,,318,2369,,,1,100,,319,2369,,,1,100,,320,2369,,,1,101,,321,2369,,,1,100,,322,2369,,,1,98,,303,2369,,,1,100,,304,2369,,,1,100,,305,2369,,,1,100,,306,2369,,,1,100,,307,2369,,,1,100,,308,2369,,,1,100,,309,2369,,,1,100,,310,2369,,,1,100,,311,2369,,,1,100,,312,2369,,,1
101,'F8',504,,342,2369,,,1,30,,343,2369,,,1,20,,345,2369,,,1,60,,334,2369,,,1,20,,346,2369,,,1,16,,323,2369,,,1,60,,336,2369,,,1,10,,335,2369,,,1,20,,326,2369,,,1,15,,347,2369,,,1,55,,351,2369,,,1,15,,350,2369,,,1,15,,365,2369,,,1,60,,348,2369,,,1,20,,340,2369,,,1,20,,324,2369,,,1,70,,327,2369,,,1,30,,349,2369,,,1,70,,360,2369,,,1,30,,362,2369,,,1,70,,325,2369,,,1,31,,328,2369,,,1,70,,363,2369,,,1,30,,338,2369,,,1,70,,359,2369,,,1,30,,330,2369,,,1,70,,353,2369,,,1,33,,344,2369,,,1,58,,352,2369,,,1,36,,329,2369,,,1,71,,331,2369,,,1,34,,341,2369,,,1,65,,366,2369,,,1,27,,364,2369,,,1,75,,357,2369,,,1,28,,361,2369,,,1,70,,339,2369,,,1,30,,356,2369,,,1,68,,354,2369,,,1,30,,358,2369,,,1,70,,355,2369,,,1,100,,337,2369,,,1,99,,332,2369,,,1,100,,333,2369,,,1
101,'F9',552,,390,2369,,,1,70,,380,2369,,,1,30,,391,2369,,,1,70,,381,2369,,,1,30,,392,2369,,,1,70,,382,2369,,,1,30,,393,2369,,,1,70,,383,2369,,,1,30,,394,2369,,,1,70,,384,2369,,,1,30,,395,2369,,,1,70,,385,2369,,,1,30,,396,2369,,,1,70,,386,2369,,,1,30,,397,2369,,,1,70,,387,2369,,,1,31,,398,2369,,,1,70,,388,2369,,,1,30,,399,2369,,,1,70,,389,2369,,,1,28,,377,2369,,,1,70,,367,2369,,,1,30,,378,2369,,,1,70,,368,2369,,,1,30,,379,2369,,,1,70,,369,2369,,,1,100,,370,2369,,,1,100,,371,2369,,,1,100,,372,2369,,,1,100,,373,2369,,,1,100,,374,2369,,,1,100,,375,2369,,,1,100,,376,2369,,,1
101,'SA',552,,423,2369,,,1,70,,413,2369,,,1,30,,424,2369,,,1,70,,414,2369,,,1,30,,425,2369,,,1,70,,415,2369,,,1,30,,426,2369,,,1,70,,416,2369,,,1,30,,427,2369,,,1,70,,417,2369,,,1,30,,428,2369,,,1,70,,418,2369,,,1,30,,429,2369,,,1,70,,419,2369,,,1,30,,430,2369,,,1,70,,420,2369,,,1,31,,431,2369,,,1,70,,421,2369,,,1,30,,432,2369,,,1,70,,422,2369,,,1,28,,410,2369,,,1,70,,400,2369,,,1,30,,411,2369,,,1,70,,401,2369,,,1,30,,412,2369,,,1,70,,402,2369,,,1,100,,403,2369,,,1,100,,404,2369,,,1,100,,405,2369,,,1,100,,406,2369,,,1,100,,407,2369,,,1,100,,408,2369,,,1,100,,409,2369,,,1
101,'SE',504,,452,2369,,,1,30,,453,2369,,,1,20,,455,2369,,,1,60,,444,2369,,,1,20,,456,2369,,,1,16,,433,2369,,,1,60,,446,2369,,,1,10,,445,2369,,,1,20,,436,2369,,,1,15,,457,2369,,,1,55,,461,2369,,,1,15,,460,2369,,,1,15,,475,2369,,,1,60,,458,2369,,,1,20,,450,2369,,,1,20,,434,2369,,,1,70,,437,2369,,,1,30,,459,2369,,,1,70,,470,2369,,,1,30,,472,2369,,,1,70,,435,2369,,,1,31,,438,2369,,,1,70,,473,2369,,,1,30,,448,2369,,,1,70,,469,2369,,,1,30,,440,2369,,,1,70,,463,2369,,,1,33,,454,2369,,,1,58,,462,2369,,,1,36,,439,2369,,,1,71,,441,2369,,,1,34,,451,2369,,,1,65,,476,2369,,,1,27,,474,2369,,,1,75,,467,2369,,,1,28,,471,2369,,,1,70,,449,2369,,,1,30,,466,2369,,,1,68,,464,2369,,,1,30,,468,2369,,,1,70,,465,2369,,,1,100,,447,2369,,,1,99,,442,2369,,,1,100,,443,2369,,,1
5401,'DI',621,,10636,5238,,,1,100,,10650,5238,,,1,100,,10637,5238,,,1,103,,10633,5238,,,1,103,,10647,5238,,,1,100,,10630,5238,,,1,101,,10638,5238,,,1,30,,10648,5238,,,1,70,,10655,5238,,,1,30,,10639,5238,,,1,70,,10649,5238,,,1,30,,10631,5238,,,1,69,,10634,5238,,,1,31,,10653,5238,,,1,69,,10640,5238,,,1,31,,10632,5238,,,1,69,,10651,5238,,,1,31,,10641,5238,,,1,70,,10652,5238,,,1,31,,10654,5238,,,1,76,,10635,5238,,,1,100,,10642,5238,,,1,100,,10643,5238,,,1,100,,10644,5238,,,1,100,,10645,5238,,,1,99,,10646,5238,,,1
5401,'F1',622,,10668,5238,,,1,30,,10664,5238,,,1,70,,10685,5238,,,1,30,,10662,5238,,,1,70,,10656,5238,,,1,32,,10659,5238,,,1,72,,10677,5238,,,1,31,,10682,5238,,,1,69,,10657,5238,,,1,30,,10678,5238,,,1,72,,10660,5238,,,1,30,,10683,5238,,,1,70,,10665,5238,,,1,31,,10661,5238,,,1,70,,10658,5238,,,1,30,,10684,5238,,,1,70,,10686,5238,,,1,25,,10679,5238,,,1,74,,10666,5238,,,1,30,,10687,5238,,,1,71,,10680,5238,,,1,30,,10667,5238,,,1,70,,10688,5238,,,1,30,,10681,5238,,,1,70,,10669,5238,,,1,30,,10663,5238,,,1,76,,10670,5238,,,1,100,,10671,5238,,,1,100,,10672,5238,,,1,100,,10673,5238,,,1,100,,10674,5238,,,1,99,,10675,5238,,,1,100,,10676,5238,,,1
5401,'F7',621,,10695,5238,,,1,100,,10709,5238,,,1,100,,10696,5238,,,1,103,,10692,5238,,,1,103,,10706,5238,,,1,100,,10689,5238,,,1,101,,10697,5238,,,1,30,,10707,5238,,,1,70,,10714,5238,,,1,30,,10698,5238,,,1,70,,10708,5238,,,1,30,,10690,5238,,,1,69,,10693,5238,,,1,31,,10712,5238,,,1,69,,10699,5238,,,1,31,,10691,5238,,,1,69,,10710,5238,,,1,31,,10700,5238,,,1,70,,10711,5238,,,1,31,,10713,5238,,,1,76,,10694,5238,,,1,100,,10701,5238,,,1,100,,10702,5238,,,1,100,,10703,5238,,,1,100,,10704,5238,,,1,99,,10705,5238,,,1
5401,'F8',605,,10734,5238,,,1,30,,10724,5238,,,1,70,,10719,5238,,,1,36,,10721,5238,,,1,64,,10723,5238,,,1,30,,10740,5238,,,1,74,,10722,5238,,,1,31,,10742,5238,,,1,70,,10741,5238,,,1,30,,10732,5238,,,1,70,,10736,5238,,,1,30,,10715,5238,,,1,70,,10717,5238,,,1,30,,10725,5238,,,1,70,,10716,5238,,,1,31,,10748,5238,,,1,70,,10733,5238,,,1,30,,10726,5238,,,1,72,,10747,5238,,,1,28,,10727,5238,,,1,69,,10749,5238,,,1,31,,10743,5238,,,1,64,,10750,5238,,,1,34,,10728,5238,,,1,61,,10744,5238,,,1,35,,10720,5238,,,1,70,,10731,5238,,,1,33,,10718,5238,,,1,69,,10729,5238,,,1,28,,10739,5238,,,1,70,,10735,5238,,,1,30,,10745,5238,,,1,99,,10737,5238,,,1,100,,10730,5238,,,1,100,,10746,5238,,,1,100,,10738,5238,,,1
5401,'F9',622,,10763,5238,,,1,30,,10759,5238,,,1,70,,10780,5238,,,1,30,,10757,5238,,,1,70,,10751,5238,,,1,32,,10754,5238,,,1,72,,10772,5238,,,1,31,,10777,5238,,,1,69,,10752,5238,,,1,30,,10773,5238,,,1,72,,10755,5238,,,1,30,,10778,5238,,,1,70,,10760,5238,,,1,31,,10756,5238,,,1,70,,10753,5238,,,1,30,,10779,5238,,,1,70,,10781,5238,,,1,25,,10774,5238,,,1,74,,10761,5238,,,1,30,,10782,5238,,,1,71,,10775,5238,,,1,30,,10762,5238,,,1,70,,10783,5238,,,1,30,,10776,5238,,,1,70,,10764,5238,,,1,30,,10758,5238,,,1,76,,10765,5238,,,1,100,,10766,5238,,,1,100,,10767,5238,,,1,100,,10768,5238,,,1,100,,10769,5238,,,1,99,,10770,5238,,,1,100,,10771,5238,,,1
5401,'SA',622,,10796,5238,,,1,30,,10792,5238,,,1,70,,10813,5238,,,1,30,,10790,5238,,,1,70,,10784,5238,,,1,32,,10787,5238,,,1,72,,10805,5238,,,1,31,,10810,5238,,,1,69,,10785,5238,,,1,30,,10806,5238,,,1,72,,10788,5238,,,1,30,,10811,5238,,,1,70,,10793,5238,,,1,31,,10789,5238,,,1,70,,10786,5238,,,1,30,,10812,5238,,,1,70,,10814,5238,,,1,25,,10807,5238,,,1,74,,10794,5238,,,1,30,,10815,5238,,,1,71,,10808,5238,,,1,30,,10795,5238,,,1,70,,10816,5238,,,1,30,,10809,5238,,,1,70,,10797,5238,,,1,30,,10791,5238,,,1,76,,10798,5238,,,1,100,,10799,5238,,,1,100,,10800,5238,,,1,100,,10801,5238,,,1,100,,10802,5238,,,1,99,,10803,5238,,,1,100,,10804,5238,,,1
5401,'SE',605,,10836,5238,,,1,30,,10826,5238,,,1,70,,10821,5238,,,1,36,,10823,5238,,,1,64,,10825,5238,,,1,30,,10842,5238,,,1,74,,10824,5238,,,1,31,,10844,5238,,,1,70,,10843,5238,,,1,30,,10834,5238,,,1,70,,10838,5238,,,1,30,,10817,5238,,,1,70,,10819,5238,,,1,30,,10827,5238,,,1,70,,10818,5238,,,1,31,,10850,5238,,,1,70,,10835,5238,,,1,30,,10828,5238,,,1,72,,10849,5238,,,1,28,,10829,5238,,,1,69,,10851,5238,,,1,31,,10845,5238,,,1,64,,10852,5238,,,1,34,,10830,5238,,,1,61,,10846,5238,,,1,35,,10822,5238,,,1,70,,10833,5238,,,1,33,,10820,5238,,,1,69,,10831,5238,,,1,28,,10841,5238,,,1,70,,10837,5238,,,1,30,,10847,5238,,,1,99,,10839,5238,,,1,100,,10832,5238,,,1,100,,10848,5238,,,1,100,,10840,5238,,,1
