7500,'DI',635,,34505,5409,0,34,2,100,,34509,5409,0,34,2,100,,34503,5409,0,34,2,100,,34506,5409,0,34,2,100,,34510,5409,0,34,2,100,,34507,5409,0,34,2,100,,34508,5409,0,34,2,100,,34511,5409,0,34,2,100,,34517,5409,0,34,2,100,,34518,5409,0,34,2,100,,34512,5409,0,34,2,100,,34513,5409,0,34,2,100,,34514,5409,0,34,2,100,,34504,5409,0,34,2,100,,34519,5409,0,34,2,100,,34515,5409,0,34,2,100,,34520,5409,0,34,2,100,,34516,5409,0,34,2,100,,34521,5409,0,34,2
7500,'F1',635,,34531,5409,0,34,2,100,,34538,5409,0,34,2,100,,34533,5409,0,34,2,100,,34536,5409,0,34,2,100,,34537,5409,0,34,2,100,,34534,5409,0,34,2,100,,34527,5409,0,34,2,100,,34535,5409,0,34,2,100,,34528,5409,0,34,2,100,,34529,5409,0,34,2,100,,34539,5409,0,34,2,105,,34540,5409,0,34,2,95,,34541,5409,0,34,2,100,,34522,5409,0,34,2,100,,34524,5409,0,34,2,100,,34523,5409,0,34,2,100,,34530,5409,0,34,2,100,,34525,5409,0,34,2,100,,34526,5409,0,34,2,100,,34532,5409,0,34,2
7500,'F2',635,,34545,5409,0,34,2,100,,34555,5409,0,34,2,100,,34560,5409,0,34,2,100,,34546,5409,0,34,2,100,,34544,5409,0,34,2,100,,34556,5409,0,34,2,100,,34547,5409,0,34,2,100,,34550,5409,0,34,2,100,,34557,5409,0,34,2,100,,34548,5409,0,34,2,100,,34549,5409,0,34,2,105,,34558,5409,0,34,2,95,,34559,5409,0,34,2,100,,34551,5409,0,34,2,100,,34552,5409,0,34,2,100,,34554,5409,0,34,2,100,,34553,5409,0,34,2,100,,34543,5409,0,34,2,100,,34542,5409,0,34,2,100,,34561,5409,0,34,2
7500,'F7',625,,34564,5409,0,34,2,110,,34572,5409,0,34,2,100,,34573,5409,0,34,2,100,,34562,5409,0,34,2,100,,34569,5409,0,34,2,100,,34563,5409,0,34,2,100,,34575,5409,0,34,2,100,,34574,5409,0,34,2,100,,34570,5409,0,34,2,101,,34565,5409,0,34,2,100,,34576,5409,0,34,2,100,,34577,5409,0,34,2,99,,34578,5409,0,34,2,100,,34566,5409,0,34,2,100,,34571,5409,0,34,2,100,,34567,5409,0,34,2,100,,34579,5409,0,34,2,100,,34568,5409,0,34,2,100,,34580,5409,0,34,2,100,,34581,5409,0,34,2
7500,'F8',635,,34585,5409,0,34,2,100,,34595,5409,0,34,2,100,,34600,5409,0,34,2,100,,34586,5409,0,34,2,100,,34584,5409,0,34,2,100,,34596,5409,0,34,2,100,,34587,5409,0,34,2,100,,34590,5409,0,34,2,100,,34597,5409,0,34,2,100,,34588,5409,0,34,2,100,,34589,5409,0,34,2,105,,34598,5409,0,34,2,95,,34599,5409,0,34,2,100,,34591,5409,0,34,2,100,,34592,5409,0,34,2,100,,34594,5409,0,34,2,100,,34593,5409,0,34,2,100,,34583,5409,0,34,2,100,,34582,5409,0,34,2,100,,34601,5409,0,34,2
7500,'F9',635,,34604,5409,0,34,2,100,,34608,5409,0,34,2,100,,34602,5409,0,34,2,100,,34605,5409,0,34,2,100,,34609,5409,0,34,2,100,,34606,5409,0,34,2,100,,34607,5409,0,34,2,100,,34610,5409,0,34,2,100,,34616,5409,0,34,2,100,,34617,5409,0,34,2,100,,34611,5409,0,34,2,100,,34612,5409,0,34,2,100,,34613,5409,0,34,2,100,,34603,5409,0,34,2,100,,34618,5409,0,34,2,100,,34614,5409,0,34,2,100,,34619,5409,0,34,2,100,,34615,5409,0,34,2,100,,34620,5409,0,34,2
7500,'SA',635,,34624,5409,0,34,2,100,,34633,5409,0,34,2,100,,34638,5409,0,34,2,100,,34625,5409,0,34,2,100,,34623,5409,0,34,2,100,,34634,5409,0,34,2,100,,34626,5409,0,34,2,100,,34629,5409,0,34,2,100,,34635,5409,0,34,2,100,,34627,5409,0,34,2,100,,34628,5409,0,34,2,105,,34636,5409,0,34,2,95,,34637,5409,0,34,2,100,,34630,5409,0,34,2,100,,34631,5409,0,34,2,100,,13140,5409,0,34,2,100,,34632,5409,0,34,2,100,,34622,5409,0,34,2,100,,34621,5409,0,34,2,100,,34639,5409,0,34,2
7500,'SE',625,,34642,5409,0,34,2,110,,34650,5409,0,34,2,100,,34651,5409,0,34,2,100,,34640,5409,0,34,2,100,,34647,5409,0,34,2,100,,34641,5409,0,34,2,100,,34653,5409,0,34,2,100,,34652,5409,0,34,2,100,,34648,5409,0,34,2,101,,34643,5409,0,34,2,100,,34654,5409,0,34,2,100,,34655,5409,0,34,2,99,,34656,5409,0,34,2,100,,34644,5409,0,34,2,100,,34649,5409,0,34,2,100,,34645,5409,0,34,2,100,,34657,5409,0,34,2,100,,34646,5409,0,34,2,100,,34658,5409,0,34,2,100,,34659,5409,0,34,2
60500,'F7',1629,,40745,9416,,,2,1,,40746,9416,,,2
60500,'SE',1629,,40747,9416,,,2,1,,40748,9416,,,2
