600,'DI',649,,22284,8276,,,1,70,,22276,8276,,,1,30,,22272,8276,,,1,71,,22283,8276,,,1,30,,22269,8276,,,1,70,,22261,8276,,,1,31,,22273,8276,,,1,70,,22280,8276,,,1,30,,22257,8276,,,1,69,,1973,8276,,,1,31,,22265,8276,,,1,70,,22258,8276,,,1,30,,22262,8276,,,1,74,,22268,8276,,,1,29,,22259,8276,,,1,70,,22270,8276,,,1,27,,22266,8276,,,1,73,,22263,8276,,,1,30,,22274,8276,,,1,69,,22285,8276,,,1,31,,22277,8276,,,1,67,,22275,8276,,,1,30,,22286,8276,,,1,70,,22278,8276,,,1,26,,22260,8276,,,1,71,,22267,8276,,,1,104,,22281,8276,,,1,100,,22271,8276,,,1,99,,22264,8276,,,1,100,,22256,8276,,,1,100,,22279,8276,,,1,100,,22282,8276,,,1
600,'F1',649,,22312,8276,,,1,71,,22304,8276,,,1,29,,22301,8276,,,1,70,,22290,8276,,,1,34,,22302,8276,,,1,66,,22305,8276,,,1,35,,22287,8276,,,1,63,,2011,8276,,,1,32,,22314,8276,,,1,69,,22307,8276,,,1,30,,22315,8276,,,1,78,,22308,8276,,,1,30,,22313,8276,,,1,67,,22288,8276,,,1,31,,22309,8276,,,1,67,,22294,8276,,,1,30,,22289,8276,,,1,70,,22291,8276,,,1,30,,22295,8276,,,1,70,,22310,8276,,,1,30,,22292,8276,,,1,70,,22296,8276,,,1,30,,22311,8276,,,1,70,,22293,8276,,,1,28,,22298,8276,,,1,70,,22303,8276,,,1,105,,22316,8276,,,1,100,,22297,8276,,,1,99,,22299,8276,,,1,100,,22317,8276,,,1,100,,22306,8276,,,1,100,,22300,8276,,,1
600,'F2',649,,22349,8276,,,1,71,,22338,8276,,,1,29,,22334,8276,,,1,70,,22331,8276,,,1,34,,22335,8276,,,1,66,,22339,8276,,,1,35,,22348,8276,,,1,63,,22336,8276,,,1,32,,22345,8276,,,1,69,,22332,8276,,,1,30,,22325,8276,,,1,78,,22333,8276,,,1,30,,22326,8276,,,1,67,,22318,8276,,,1,31,,22340,8276,,,1,67,,22327,8276,,,1,30,,22319,8276,,,1,70,,22341,8276,,,1,30,,22328,8276,,,1,70,,22320,8276,,,1,30,,22342,8276,,,1,70,,22329,8276,,,1,30,,22321,8276,,,1,70,,22343,8276,,,1,28,,22330,8276,,,1,70,,22346,8276,,,1,105,,22337,8276,,,1,100,,22322,8276,,,1,99,,22324,8276,,,1,100,,22347,8276,,,1,100,,22344,8276,,,1,100,,22323,8276,,,1
600,'F7',559,,22368,8276,,,1,70,,22351,8276,,,1,30,,22369,8276,,,1,73,,22375,8276,,,1,73,,22371,8276,,,1,27,,22382,8276,,,1,73,,22370,8276,,,1,28,,22354,8276,,,1,70,,22365,8276,,,1,30,,22364,8276,,,1,70,,22383,8276,,,1,30,,22373,8276,,,1,71,,22374,8276,,,1,30,,22380,8276,,,1,70,,22378,8276,,,1,30,,22362,8276,,,1,70,,22366,8276,,,1,31,,22361,8276,,,1,70,,22356,8276,,,1,32,,22372,8276,,,1,70,,22379,8276,,,1,29,,22377,8276,,,1,78,,22359,8276,,,1,25,,22363,8276,,,1,68,,22360,8276,,,1,28,,22350,8276,,,1,69,,22357,8276,,,1,30,,22376,8276,,,1,68,,22385,8276,,,1,30,,22353,8276,,,1,69,,22381,8276,,,1,30,,22358,8276,,,1,100,,22352,8276,,,1,100,,22384,8276,,,1,100,,22355,8276,,,1,100,,22367,8276,,,1
600,'F8',649,,22417,8276,,,1,71,,22406,8276,,,1,29,,22402,8276,,,1,70,,22399,8276,,,1,34,,22403,8276,,,1,66,,22407,8276,,,1,35,,22416,8276,,,1,63,,22404,8276,,,1,32,,22413,8276,,,1,69,,22400,8276,,,1,30,,22393,8276,,,1,78,,22401,8276,,,1,30,,22394,8276,,,1,67,,22386,8276,,,1,31,,22408,8276,,,1,67,,22395,8276,,,1,30,,22387,8276,,,1,70,,22409,8276,,,1,30,,22396,8276,,,1,70,,22388,8276,,,1,30,,22410,8276,,,1,70,,22397,8276,,,1,30,,22389,8276,,,1,70,,22411,8276,,,1,28,,22398,8276,,,1,70,,22414,8276,,,1,105,,22405,8276,,,1,100,,22390,8276,,,1,99,,22392,8276,,,1,100,,22415,8276,,,1,100,,22412,8276,,,1,100,,22391,8276,,,1
600,'F9',649,,22447,8276,,,1,70,,22439,8276,,,1,30,,22435,8276,,,1,71,,22446,8276,,,1,30,,22432,8276,,,1,70,,22423,8276,,,1,31,,22436,8276,,,1,70,,22443,8276,,,1,30,,22419,8276,,,1,69,,22424,8276,,,1,31,,22428,8276,,,1,70,,22420,8276,,,1,30,,22425,8276,,,1,74,,22431,8276,,,1,29,,22421,8276,,,1,70,,22433,8276,,,1,27,,22429,8276,,,1,73,,22426,8276,,,1,30,,22437,8276,,,1,69,,22448,8276,,,1,31,,22440,8276,,,1,67,,22438,8276,,,1,30,,22449,8276,,,1,70,,22441,8276,,,1,26,,22422,8276,,,1,71,,22430,8276,,,1,104,,22444,8276,,,1,100,,22434,8276,,,1,99,,22427,8276,,,1,100,,22418,8276,,,1,100,,22442,8276,,,1,100,,22445,8276,,,1
600,'SA',649,,22481,8276,,,1,71,,22470,8276,,,1,29,,22466,8276,,,1,70,,22463,8276,,,1,34,,22467,8276,,,1,66,,22471,8276,,,1,35,,22480,8276,,,1,63,,22468,8276,,,1,32,,22477,8276,,,1,69,,22464,8276,,,1,30,,22457,8276,,,1,78,,22465,8276,,,1,30,,22458,8276,,,1,67,,22450,8276,,,1,31,,22472,8276,,,1,67,,22459,8276,,,1,30,,22451,8276,,,1,70,,22473,8276,,,1,30,,22460,8276,,,1,70,,22452,8276,,,1,30,,22474,8276,,,1,70,,22461,8276,,,1,30,,22453,8276,,,1,70,,22475,8276,,,1,28,,22462,8276,,,1,70,,22478,8276,,,1,105,,22469,8276,,,1,100,,22454,8276,,,1,99,,22456,8276,,,1,100,,22479,8276,,,1,100,,22476,8276,,,1,100,,22455,8276,,,1
600,'SE',559,,22500,8276,,,1,70,,22483,8276,,,1,30,,22501,8276,,,1,73,,22507,8276,,,1,73,,22503,8276,,,1,27,,22514,8276,,,1,73,,22502,8276,,,1,28,,22486,8276,,,1,70,,22497,8276,,,1,30,,22496,8276,,,1,70,,22515,8276,,,1,30,,22505,8276,,,1,71,,22506,8276,,,1,30,,22512,8276,,,1,70,,22510,8276,,,1,30,,22494,8276,,,1,70,,22498,8276,,,1,31,,22493,8276,,,1,70,,22488,8276,,,1,32,,22504,8276,,,1,70,,22511,8276,,,1,29,,22509,8276,,,1,78,,22491,8276,,,1,25,,22495,8276,,,1,68,,22492,8276,,,1,28,,22482,8276,,,1,69,,22489,8276,,,1,30,,22508,8276,,,1,68,,22517,8276,,,1,30,,22485,8276,,,1,69,,22513,8276,,,1,30,,22490,8276,,,1,100,,22484,8276,,,1,100,,22516,8276,,,1,100,,22487,8276,,,1,100,,22499,8276,,,1
60600,'F7',1711,,40753,7873,,,2
60600,'SE',1711,,40754,7873,,,2
