2300,'F1',705,,27432,9764,4,,1,100,,27433,9764,4,,1,100,,27429,9764,4,,1,103,,27425,9764,4,,1,99,,27427,9764,4,,1,103,,27428,9764,4,,1,97,,27434,9764,4,,1,99,,27426,9764,4,,1,100,,27430,9764,4,,1,100,,27431,9764,4,,1,100,,27435,9764,4,,1,101,,27436,9764,4,,1
2300,'F2',705,,27445,9764,4,,1,100,,27446,9764,4,,1,100,,27437,9764,4,,1,103,,27438,9764,4,,1,99,,27441,9764,4,,1,103,,27442,9764,4,,1,97,,27447,9764,4,,1,99,,27448,9764,4,,1,100,,27444,9764,4,,1,100,,27443,9764,4,,1,100,,27439,9764,4,,1,101,,27440,9764,4,,1
2300,'F7',1008,,27451,9764,4,,1,100,,27449,9764,4,,1,100,,27452,9764,4,,1,101,,27453,9764,4,,1,100,,27450,9764,4,,1
2300,'F8',705,,27462,9764,4,,1,100,,27463,9764,4,,1,100,,27454,9764,4,,1,103,,27455,9764,4,,1,99,,27458,9764,4,,1,103,,27459,9764,4,,1,97,,27464,9764,4,,1,99,,27465,9764,4,,1,100,,27461,9764,4,,1,100,,27460,9764,4,,1,100,,27456,9764,4,,1,101,,27457,9764,4,,1
2300,'SA',705,,27474,9764,4,,1,100,,27475,9764,4,,1,100,,27466,9764,4,,1,103,,27467,9764,4,,1,99,,27470,9764,4,,1,103,,27471,9764,4,,1,97,,27476,9764,4,,1,99,,27477,9764,4,,1,100,,27473,9764,4,,1,100,,27472,9764,4,,1,100,,27468,9764,4,,1,101,,27469,9764,4,,1
2300,'SE',1008,,27480,9764,4,,1,100,,27478,9764,4,,1,100,,27481,9764,4,,1,101,,27482,9764,4,,1,100,,27479,9764,4,,1
2301,'F1',604,,27490,0,0,47,1,103,,27491,0,0,47,1,100,,27492,0,0,47,1,100,,27487,0,0,47,1,103,,27483,0,0,47,1,99,,27485,0,0,47,1,103,,27486,0,0,47,1,97,,27493,0,0,47,1,99,,27484,0,0,47,1,100,,27488,0,0,47,1,100,,27489,0,0,47,1,100,,27494,0,0,47,1
2301,'F2',604,,27502,0,0,47,1,103,,27503,0,0,47,1,100,,27504,0,0,47,1,100,,27495,0,0,47,1,103,,27496,0,0,47,1,99,,27498,0,0,47,1,103,,27499,0,0,47,1,97,,27505,0,0,47,1,99,,27506,0,0,47,1,100,,27501,0,0,47,1,100,,27500,0,0,47,1,100,,27497,0,0,47,1
2301,'F7',1010,,27509,0,0,47,1,100,,27507,0,0,47,1,100,,27510,0,0,47,1,101,,27511,0,0,47,1,100,,27508,0,0,47,1
2301,'F8',604,,27519,0,0,47,1,103,,27520,0,0,47,1,100,,27521,0,0,47,1,100,,27512,0,0,47,1,103,,27513,0,0,47,1,99,,27515,0,0,47,1,103,,27516,0,0,47,1,97,,27522,0,0,47,1,99,,27523,0,0,47,1,100,,27518,0,0,47,1,100,,27517,0,0,47,1,100,,27514,0,0,47,1
2301,'SA',604,,27531,0,0,47,1,103,,27532,0,0,47,1,100,,27533,0,0,47,1,100,,27524,0,0,47,1,103,,27525,0,0,47,1,99,,27527,0,0,47,1,103,,27528,0,0,47,1,97,,27534,0,0,47,1,99,,27535,0,0,47,1,100,,27530,0,0,47,1,100,,27529,0,0,47,1,100,,27526,0,0,47,1
2301,'SE',1010,,27538,0,0,47,1,100,,27536,0,0,47,1,100,,27539,0,0,47,1,101,,27540,0,0,47,1,100,,27537,0,0,47,1
12300,'DI',635,,37610,9764,0,42 43,1,100,,37620,9764,0,42 43,1,100,,37611,9764,0,42 43,1,100,,37621,9764,0,42 43,1,100,,37612,9764,0,42 43,1,100,,37622,9764,0,42 43,1,105,,37613,9764,0,42 43,1,95,,37623,9764,0,42 43,1,100,,37614,9764,0,42 43,1,100,,37624,9764,0,42 43,1,100,,37615,9764,0,42 43,1,100,,37625,9764,0,42 43,1,100,,37616,9764,0,42 43,1,100,,37626,9764,0,42 43,1,100,,37617,9764,0,42 43,1,100,,37627,9764,0,42 43,1,100,,37618,9764,0,42 43,1,100,,37628,9764,0,42 43,1,100,,37619,9764,0,42 43,1
12300,'F1',635,,37637,9764,0,42 43,1,100,,37641,9764,0,42 43,1,100,,37631,9764,0,42 43,1,105,,37642,9764,0,42 43,1,99,,37632,9764,0,42 43,1,100,,37629,9764,0,42 43,1,100,,37633,9764,0,42 43,1,96,,37630,9764,0,42 43,1,100,,37634,9764,0,42 43,1,100,,37635,9764,0,42 43,1,104,,37643,9764,0,42 43,1,101,,37636,9764,0,42 43,1,99,,37644,9764,0,42 43,1,96,,37638,9764,0,42 43,1,100,,37645,9764,0,42 43,1,100,,37639,9764,0,42 43,1,100,,37646,9764,0,42 43,1,100,,37640,9764,0,42 43,1,100,,37647,9764,0,42 43,1
12300,'F2',635,,37649,9764,0,42 43,1,100,,37648,9764,0,42 43,1,100,,37650,9764,0,42 43,1,105,,37659,9764,0,42 43,1,99,,37651,9764,0,42 43,1,100,,37660,9764,0,42 43,1,100,,37652,9764,0,42 43,1,96,,37661,9764,0,42 43,1,100,,37653,9764,0,42 43,1,100,,37662,9764,0,42 43,1,104,,37654,9764,0,42 43,1,101,,37663,9764,0,42 43,1,99,,37655,9764,0,42 43,1,96,,37664,9764,0,42 43,1,100,,37656,9764,0,42 43,1,100,,37665,9764,0,42 43,1,100,,37657,9764,0,42 43,1,100,,37666,9764,0,42 43,1,100,,37658,9764,0,42 43,1
12300,'F7',527,,37686,9764,0,42 43,1,73,,37667,9764,0,42 43,1,15,,37674,9764,0,42 43,1,10,,37668,9764,0,42 43,1,10,,37688,9764,0,42 43,1,10,,37679,9764,0,42 43,1,13,,37689,9764,0,42 43,1,48,,37669,9764,0,42 43,1,12,,37693,9764,0,42 43,1,10,,37670,9764,0,42 43,1,21,,37694,9764,0,42 43,1,57,,37690,9764,0,42 43,1,31,,37696,9764,0,42 43,1,66,,37695,9764,0,42 43,1,29,,37676,9764,0,42 43,1,102,,37671,9764,0,42 43,1,100,,37681,9764,0,42 43,1,99,,37691,9764,0,42 43,1,103,,37683,9764,0,42 43,1,5,,37680,9764,0,42 43,1,93,,37687,9764,0,42 43,1,70,,37697,9764,0,42 43,1,33,,37684,9764,0,42 43,1,66,,37682,9764,0,42 43,1,31,,37699,9764,0,42 43,1,71,,37701,9764,0,42 43,1,31,,37673,9764,0,42 43,1,68,,37685,9764,0,42 43,1,35,,37672,9764,0,42 43,1,68,,37698,9764,0,42 43,1,30,,37692,9764,0,42 43,1,68,,37675,9764,0,42 43,1,30,,37700,9764,0,42 43,1,100,,37677,9764,0,42 43,1,100,,37702,9764,0,42 43,1,97,,37678,9764,0,42 43,1,100,,37703,9764,0,42 43,1
12300,'F8',635,,37705,9764,0,42 43,1,100,,37704,9764,0,42 43,1,100,,37706,9764,0,42 43,1,105,,37715,9764,0,42 43,1,99,,37707,9764,0,42 43,1,100,,37716,9764,0,42 43,1,100,,37708,9764,0,42 43,1,96,,37717,9764,0,42 43,1,100,,37709,9764,0,42 43,1,100,,37718,9764,0,42 43,1,104,,37710,9764,0,42 43,1,101,,37719,9764,0,42 43,1,99,,37711,9764,0,42 43,1,96,,37720,9764,0,42 43,1,100,,37712,9764,0,42 43,1,100,,37721,9764,0,42 43,1,100,,37713,9764,0,42 43,1,100,,37722,9764,0,42 43,1,100,,37714,9764,0,42 43,1
12300,'F9',635,,37723,9764,0,42 43,1,100,,37733,9764,0,42 43,1,100,,37724,9764,0,42 43,1,100,,37734,9764,0,42 43,1,100,,37725,9764,0,42 43,1,100,,37735,9764,0,42 43,1,105,,37726,9764,0,42 43,1,95,,37736,9764,0,42 43,1,100,,37727,9764,0,42 43,1,100,,37737,9764,0,42 43,1,100,,37728,9764,0,42 43,1,100,,37738,9764,0,42 43,1,100,,37729,9764,0,42 43,1,100,,37739,9764,0,42 43,1,100,,37730,9764,0,42 43,1,100,,37740,9764,0,42 43,1,100,,37731,9764,0,42 43,1,100,,37741,9764,0,42 43,1,100,,37732,9764,0,42 43,1
12300,'SA',635,,37743,9764,0,42 43,1,100,,37742,9764,0,42 43,1,100,,37744,9764,0,42 43,1,105,,37753,9764,0,42 43,1,99,,37745,9764,0,42 43,1,100,,37754,9764,0,42 43,1,100,,37746,9764,0,42 43,1,96,,37755,9764,0,42 43,1,100,,37747,9764,0,42 43,1,100,,37756,9764,0,42 43,1,104,,37748,9764,0,42 43,1,101,,37757,9764,0,42 43,1,99,,37749,9764,0,42 43,1,96,,37758,9764,0,42 43,1,100,,37750,9764,0,42 43,1,100,,37759,9764,0,42 43,1,100,,37751,9764,0,42 43,1,100,,37760,9764,0,42 43,1,100,,37752,9764,0,42 43,1
12300,'SE',527,,37780,9764,0,42 43,1,73,,37761,9764,0,42 43,1,15,,37768,9764,0,42 43,1,10,,37762,9764,0,42 43,1,10,,37782,9764,0,42 43,1,10,,37773,9764,0,42 43,1,13,,37783,9764,0,42 43,1,48,,37763,9764,0,42 43,1,12,,37787,9764,0,42 43,1,10,,37764,9764,0,42 43,1,21,,37788,9764,0,42 43,1,57,,37784,9764,0,42 43,1,31,,37790,9764,0,42 43,1,66,,37789,9764,0,42 43,1,29,,37770,9764,0,42 43,1,102,,37765,9764,0,42 43,1,100,,37775,9764,0,42 43,1,99,,37785,9764,0,42 43,1,103,,37777,9764,0,42 43,1,5,,37774,9764,0,42 43,1,93,,37781,9764,0,42 43,1,70,,37791,9764,0,42 43,1,33,,37778,9764,0,42 43,1,66,,37776,9764,0,42 43,1,31,,37793,9764,0,42 43,1,71,,37795,9764,0,42 43,1,31,,37767,9764,0,42 43,1,68,,37779,9764,0,42 43,1,35,,37766,9764,0,42 43,1,68,,37792,9764,0,42 43,1,30,,37786,9764,0,42 43,1,68,,37769,9764,0,42 43,1,30,,37794,9764,0,42 43,1,100,,37771,9764,0,42 43,1,100,,37796,9764,0,42 43,1,97,,37772,9764,0,42 43,1,100,,37797,9764,0,42 43,1
67200,'F7',1501,,40870,4115,,,2
67200,'SE',1501,,40871,4115,,,2
