2300,'F1',659,,6623,7697,,,2,100,,6624,7697,,,2,100,,6621,7697,,,2,141,,6622,7697,,,2,59,,6625,7697,,,2,143,,6626,7697,,,2,57,,6618,7697,,,2,100,,6619,7697,,,2,100,,6620,7697,,,2,100,,6629,7697,,,2,100,,6627,7697,,,2,142,,6628,7697,,,2
2300,'F8',1001,,6632,7697,,,2,100,,6630,7697,,,2,100,,6633,7697,,,2,100,,6631,7697,,,2,100,,6634,7697,,,2
2300,'F9',659,,6640,7697,,,2,100,,6641,7697,,,2,100,,6638,7697,,,2,141,,6639,7697,,,2,59,,6642,7697,,,2,143,,6643,7697,,,2,57,,6635,7697,,,2,100,,6636,7697,,,2,100,,6637,7697,,,2,100,,6646,7697,,,2,100,,6644,7697,,,2,142,,6645,7697,,,2
2300,'SA',659,,6652,7697,,,2,100,,6653,7697,,,2,100,,6650,7697,,,2,141,,6651,7697,,,2,59,,6654,7697,,,2,143,,6655,7697,,,2,57,,6647,7697,,,2,100,,6648,7697,,,2,100,,6649,7697,,,2,100,,6658,7697,,,2,100,,6656,7697,,,2,142,,6657,7697,,,2
2300,'SE',1001,,6661,7697,,,2,100,,6659,7697,,,2,100,,6662,7697,,,2,100,,6660,7697,,,2,100,,6663,7697,,,2
12300,'DI',629,,15895,7697,0,46 47,2,100,,15901,7697,0,46 47,2,100,,15896,7697,0,46 47,2,100,,15902,7697,0,46 47,2,100,,15897,7697,0,46 47,2,100,,15903,7697,0,46 47,2,105,,15898,7697,0,46 47,2,95,,15904,7697,0,46 47,2,100,,15899,7697,0,46 47,2,100,,15905,7697,0,46 47,2,100,,15900,7697,0,46 47,2,100,,15906,7697,0,46 47,2,100,,15907,7697,0,46 47,2,100,,15892,7697,0,46 47,2,100,,15908,7697,0,46 47,2,100,,15893,7697,0,46 47,2,100,,15909,7697,0,46 47,2,100,,15894,7697,0,46 47,2,100,,15910,7697,0,46 47,2
12300,'F1',629,,15911,7697,0,46 47,2,100,,15924,7697,0,46 47,2,100,,15912,7697,0,46 47,2,105,,15925,7697,0,46 47,2,99,,15913,7697,0,46 47,2,100,,15926,7697,0,46 47,2,100,,15914,7697,0,46 47,2,96,,15927,7697,0,46 47,2,100,,15915,7697,0,46 47,2,100,,15928,7697,0,46 47,2,104,,15916,7697,0,46 47,2,101,,15929,7697,0,46 47,2,99,,15917,7697,0,46 47,2,96,,15921,7697,0,46 47,2,100,,15918,7697,0,46 47,2,100,,15922,7697,0,46 47,2,100,,15919,7697,0,46 47,2,100,,15923,7697,0,46 47,2,100,,15920,7697,0,46 47,2
12300,'F7',629,,15933,7697,0,46 47,2,100,,15939,7697,0,46 47,2,100,,15934,7697,0,46 47,2,100,,15940,7697,0,46 47,2,100,,15935,7697,0,46 47,2,100,,15941,7697,0,46 47,2,105,,15936,7697,0,46 47,2,95,,15942,7697,0,46 47,2,100,,15937,7697,0,46 47,2,100,,15943,7697,0,46 47,2,100,,15938,7697,0,46 47,2,100,,15944,7697,0,46 47,2,100,,15945,7697,0,46 47,2,100,,15930,7697,0,46 47,2,100,,15946,7697,0,46 47,2,100,,15931,7697,0,46 47,2,100,,15947,7697,0,46 47,2,100,,15932,7697,0,46 47,2,100,,15948,7697,0,46 47,2
12300,'F8',522,,15964,7697,0,46 47,2,33,,15951,7697,0,46 47,2,55,,15954,7697,0,46 47,2,10,,15968,7697,0,46 47,2,10,,15953,7697,0,46 47,2,10,,15956,7697,0,46 47,2,12,,15969,7697,0,46 47,2,48,,15952,7697,0,46 47,2,12,,15973,7697,0,46 47,2,10,,15970,7697,0,46 47,2,21,,15974,7697,0,46 47,2,57,,15976,7697,0,46 47,2,30,,15977,7697,0,46 47,2,27,,15975,7697,0,46 47,2,69,,15955,7697,0,46 47,2,102,,15965,7697,0,46 47,2,100,,15949,7697,0,46 47,2,99,,15979,7697,0,46 47,2,103,,15959,7697,0,46 47,2,5,,15984,7697,0,46 47,2,93,,15957,7697,0,46 47,2,30,,15978,7697,0,46 47,2,72,,15960,7697,0,46 47,2,26,,15983,7697,0,46 47,2,71,,15982,7697,0,46 47,2,31,,15981,7697,0,46 47,2,71,,15962,7697,0,46 47,2,29,,15950,7697,0,46 47,2,75,,15961,7697,0,46 47,2,68,,15963,7697,0,46 47,2,30,,15985,7697,0,46 47,2,69,,15958,7697,0,46 47,2,30,,15980,7697,0,46 47,2,100,,15971,7697,0,46 47,2,100,,15966,7697,0,46 47,2,97,,15972,7697,0,46 47,2,100,,15967,7697,0,46 47,2
12300,'F9',629,,15986,7697,0,46 47,2,100,,15999,7697,0,46 47,2,100,,15987,7697,0,46 47,2,105,,16000,7697,0,46 47,2,99,,15988,7697,0,46 47,2,100,,16001,7697,0,46 47,2,100,,15989,7697,0,46 47,2,96,,16002,7697,0,46 47,2,100,,15990,7697,0,46 47,2,100,,16003,7697,0,46 47,2,104,,15991,7697,0,46 47,2,101,,16004,7697,0,46 47,2,99,,15992,7697,0,46 47,2,96,,15996,7697,0,46 47,2,100,,15993,7697,0,46 47,2,100,,15997,7697,0,46 47,2,100,,15994,7697,0,46 47,2,100,,15998,7697,0,46 47,2,100,,15995,7697,0,46 47,2
12300,'SA',629,,16005,7697,0,46 47,2,100,,16018,7697,0,46 47,2,100,,16006,7697,0,46 47,2,105,,16019,7697,0,46 47,2,99,,16007,7697,0,46 47,2,100,,16020,7697,0,46 47,2,100,,16008,7697,0,46 47,2,96,,16021,7697,0,46 47,2,100,,16009,7697,0,46 47,2,100,,16022,7697,0,46 47,2,104,,16010,7697,0,46 47,2,101,,16023,7697,0,46 47,2,99,,16011,7697,0,46 47,2,96,,16015,7697,0,46 47,2,100,,16012,7697,0,46 47,2,100,,16016,7697,0,46 47,2,100,,16013,7697,0,46 47,2,100,,16017,7697,0,46 47,2,100,,16014,7697,0,46 47,2
12300,'SE',522,,16039,7697,0,46 47,2,33,,16026,7697,0,46 47,2,55,,16029,7697,0,46 47,2,10,,16043,7697,0,46 47,2,10,,16028,7697,0,46 47,2,10,,16031,7697,0,46 47,2,12,,16044,7697,0,46 47,2,48,,16027,7697,0,46 47,2,12,,16048,7697,0,46 47,2,10,,16045,7697,0,46 47,2,21,,16049,7697,0,46 47,2,57,,16051,7697,0,46 47,2,30,,16052,7697,0,46 47,2,27,,16050,7697,0,46 47,2,69,,16030,7697,0,46 47,2,102,,16040,7697,0,46 47,2,100,,16024,7697,0,46 47,2,99,,16054,7697,0,46 47,2,103,,16034,7697,0,46 47,2,5,,16059,7697,0,46 47,2,93,,16032,7697,0,46 47,2,30,,16053,7697,0,46 47,2,72,,16035,7697,0,46 47,2,26,,16058,7697,0,46 47,2,71,,16057,7697,0,46 47,2,31,,16056,7697,0,46 47,2,71,,16037,7697,0,46 47,2,29,,16025,7697,0,46 47,2,75,,16036,7697,0,46 47,2,68,,16038,7697,0,46 47,2,30,,16060,7697,0,46 47,2,69,,16033,7697,0,46 47,2,30,,16055,7697,0,46 47,2,100,,16046,7697,0,46 47,2,100,,16041,7697,0,46 47,2,97,,16047,7697,0,46 47,2,100,,16042,7697,0,46 47,2
57201,'F8',839,,18840,466,,,2
57201,'SE',839,,18841,466,,,2
