8301,'DI',728,,36304,8637,,,1,100,,36305,8637,,,1,108,,36306,8637,,,1,100,,36307,8637,,,1,100,,36308,8637,,,1,100,,36309,8637,,,1,100,,36310,8637,,,1,100,,36311,8637,,,1,100,,36312,8637,,,1,100,,36313,8637,,,1,100,,36314,8637,,,1,100,,36315,8637,,,1,100,,36316,8637,,,1,100,,36317,8637,,,1,100,,36318,8637,,,1,100,,36319,8637,,,1,100,,36320,8637,,,1,100,,36321,8637,,,1
8301,'F1',628,,14698,8637,,,1,100,,14699,8637,,,1,100,,36325,8637,,,1,108,,36326,8637,,,1,100,,36327,8637,,,1,100,,36328,8637,,,1,100,,36329,8637,,,1,100,,36330,8637,,,1,100,,36331,8637,,,1,100,,36332,8637,,,1,100,,36333,8637,,,1,100,,36334,8637,,,1,100,,36335,8637,,,1,100,,36336,8637,,,1,100,,36337,8637,,,1,100,,36338,8637,,,1,100,,36339,8637,,,1,100,,36322,8637,,,1,100,,36323,8637,,,1,100,,36324,8637,,,1
8301,'F2',628,,36356,8637,,,1,100,,36357,8637,,,1,100,,36358,8637,,,1,108,,36359,8637,,,1,100,,36340,8637,,,1,100,,36341,8637,,,1,100,,36342,8637,,,1,100,,36343,8637,,,1,100,,36344,8637,,,1,100,,36345,8637,,,1,100,,36346,8637,,,1,100,,36347,8637,,,1,100,,36348,8637,,,1,100,,36349,8637,,,1,100,,36350,8637,,,1,100,,36351,8637,,,1,100,,36352,8637,,,1,100,,36353,8637,,,1,100,,36354,8637,,,1,100,,36355,8637,,,1
8301,'F7',552,,36378,8637,,,1,70,,36382,8637,,,1,20,,36373,8637,,,1,16,,36379,8637,,,1,65,,36384,8637,,,1,20,,36380,8637,,,1,62,,36369,8637,,,1,18,,36383,8637,,,1,20,,36375,8637,,,1,63,,36371,8637,,,1,31,,36391,8637,,,1,20,,36381,8637,,,1,80,,36366,8637,,,1,100,,36367,8637,,,1,100,,36374,8637,,,1,100,,36361,8637,,,1,100,,36362,8637,,,1,101,,36363,8637,,,1,15,,36385,8637,,,1,65,,36364,8637,,,1,21,,36392,8637,,,1,62,,36360,8637,,,1,20,,36370,8637,,,1,18,,36393,8637,,,1,20,,36394,8637,,,1,58,,36372,8637,,,1,20,,36386,8637,,,1,20,,36368,8637,,,1,80,,36387,8637,,,1,100,,36388,8637,,,1,100,,36389,8637,,,1,100,,36390,8637,,,1,100,,36365,8637,,,1,100,,36376,8637,,,1,100,,36377,8637,,,1
8301,'F8',628,,36411,8637,,,1,100,,36412,8637,,,1,100,,36413,8637,,,1,108,,36414,8637,,,1,100,,36395,8637,,,1,100,,36396,8637,,,1,100,,36397,8637,,,1,100,,36398,8637,,,1,100,,36399,8637,,,1,100,,36400,8637,,,1,100,,36401,8637,,,1,100,,36402,8637,,,1,100,,36403,8637,,,1,100,,36404,8637,,,1,100,,36405,8637,,,1,100,,36406,8637,,,1,100,,36407,8637,,,1,100,,36408,8637,,,1,100,,36409,8637,,,1,100,,36410,8637,,,1
8301,'F9',728,,36415,8637,,,1,100,,36416,8637,,,1,108,,36417,8637,,,1,100,,36418,8637,,,1,100,,36419,8637,,,1,100,,36420,8637,,,1,100,,36421,8637,,,1,100,,36422,8637,,,1,100,,36423,8637,,,1,100,,36424,8637,,,1,100,,36425,8637,,,1,100,,36426,8637,,,1,100,,36427,8637,,,1,100,,36428,8637,,,1,100,,36429,8637,,,1,100,,36430,8637,,,1,100,,36431,8637,,,1,100,,36432,8637,,,1
8301,'SA',628,,36449,8637,,,1,100,,36450,8637,,,1,100,,36451,8637,,,1,108,,36452,8637,,,1,100,,36433,8637,,,1,100,,36434,8637,,,1,100,,36435,8637,,,1,100,,36436,8637,,,1,100,,36437,8637,,,1,100,,36438,8637,,,1,100,,36439,8637,,,1,100,,36440,8637,,,1,100,,36441,8637,,,1,100,,36442,8637,,,1,100,,36443,8637,,,1,100,,36444,8637,,,1,100,,36445,8637,,,1,100,,36446,8637,,,1,100,,36447,8637,,,1,100,,36448,8637,,,1
8301,'SE',552,,36471,8637,,,1,70,,36475,8637,,,1,20,,36466,8637,,,1,16,,36472,8637,,,1,65,,36477,8637,,,1,20,,36473,8637,,,1,62,,36462,8637,,,1,18,,36476,8637,,,1,20,,36468,8637,,,1,63,,36464,8637,,,1,31,,36484,8637,,,1,20,,36474,8637,,,1,80,,36459,8637,,,1,100,,36460,8637,,,1,100,,36467,8637,,,1,100,,36454,8637,,,1,100,,36455,8637,,,1,101,,36456,8637,,,1,15,,36478,8637,,,1,65,,36457,8637,,,1,21,,36485,8637,,,1,62,,36453,8637,,,1,20,,36463,8637,,,1,18,,36486,8637,,,1,20,,36487,8637,,,1,58,,36465,8637,,,1,20,,36479,8637,,,1,20,,36461,8637,,,1,80,,36480,8637,,,1,100,,36481,8637,,,1,100,,36482,8637,,,1,100,,36483,8637,,,1,100,,36458,8637,,,1,100,,36469,8637,,,1,100,,36470,8637,,,1
8601,'F7',625,,36632,4577,,,2,85,,36633,4577,,,2,31,,36634,4577,,,2
8601,'SE',625,,36635,4577,,,2,85,,36636,4577,,,2,31,,36637,4577,,,2
68301,'F7',721,,40896,6556,,,2
68301,'SE',721,,40897,6556,,,2
