2901,'DI',658,,7243,780,,,1,100,,7244,780,,,1,100,,7245,780,,,1,100,,7246,780,,,1,100,,7247,780,,,1,100,,7248,780,,,1,100,,7249,780,,,1,100,,7250,780,,,1,100,,7251,780,,,1,100,,7252,780,,,1,100,,7253,780,,,1,100,,7254,780,,,1,100,,7255,780,,,1,100,,7256,780,,,1,100,,7257,780,,,1,100,,7258,780,,,1,100,,7259,780,,,1,160,,7260,780,,,1,100,,7261,780,,,1
2901,'F1',658,,7270,780,,,1,100,,7271,780,,,1,100,,7272,780,,,1,100,,7273,780,,,1,100,,7274,780,,,1,100,,7275,780,,,1,100,,7276,780,,,1,100,,7277,780,,,1,99,,7278,780,,,1,99,,7279,780,,,1,99,,7280,780,,,1,148,,7262,780,,,1,99,,7263,780,,,1,57,,7264,780,,,1,99,,7265,780,,,1,100,,7266,780,,,1,100,,7267,780,,,1,160,,7268,780,,,1,100,,7269,780,,,1
2901,'F7',658,,7281,780,,,1,100,,7282,780,,,1,100,,7283,780,,,1,100,,7284,780,,,1,100,,7285,780,,,1,100,,7286,780,,,1,100,,7287,780,,,1,100,,7288,780,,,1,100,,7289,780,,,1,100,,7290,780,,,1,100,,7291,780,,,1,100,,7292,780,,,1,100,,7293,780,,,1,100,,7294,780,,,1,100,,7295,780,,,1,100,,7296,780,,,1,100,,7297,780,,,1,160,,7298,780,,,1,100,,7299,780,,,1
2901,'F8',628,,7311,780,,,1,26,,7310,780,,,1,72,,7308,780,,,1,5,,7314,780,,,1,27,,7304,780,,,1,70,,7301,780,,,1,30,,7312,780,,,1,143,,7309,780,,,1,100,,7302,780,,,1,101,,7303,780,,,1,100,,7326,780,,,1,100,,7300,780,,,1,99,,7325,780,,,1,35,,7327,780,,,1,66,,7324,780,,,1,34,,7315,780,,,1,20,,7307,780,,,1,69,,7323,780,,,1,14,,7322,780,,,1,68,,7313,780,,,1,28,,7316,780,,,1,67,,7305,780,,,1,99,,7306,780,,,1,99,,7317,780,,,1,59,,7318,780,,,1,98,,7319,780,,,1,161,,7320,780,,,1,96,,7321,780,,,1
2901,'F9',658,,7336,780,,,1,100,,7337,780,,,1,100,,7338,780,,,1,100,,7339,780,,,1,100,,7340,780,,,1,100,,7341,780,,,1,100,,7342,780,,,1,100,,7343,780,,,1,99,,7344,780,,,1,99,,7345,780,,,1,99,,7346,780,,,1,148,,7328,780,,,1,99,,7329,780,,,1,57,,7330,780,,,1,99,,7331,780,,,1,100,,7332,780,,,1,100,,7333,780,,,1,160,,7334,780,,,1,100,,7335,780,,,1
2901,'SA',658,,7355,780,,,1,100,,7356,780,,,1,100,,7357,780,,,1,100,,7358,780,,,1,100,,7359,780,,,1,100,,7360,780,,,1,100,,7361,780,,,1,100,,7362,780,,,1,99,,7363,780,,,1,99,,7364,780,,,1,99,,7365,780,,,1,148,,7347,780,,,1,99,,7348,780,,,1,57,,7349,780,,,1,99,,7350,780,,,1,100,,7351,780,,,1,100,,7352,780,,,1,160,,7353,780,,,1,100,,7354,780,,,1
2901,'SE',628,,7377,780,,,1,26,,7376,780,,,1,72,,7374,780,,,1,5,,7380,780,,,1,27,,7370,780,,,1,70,,7367,780,,,1,30,,7378,780,,,1,143,,7375,780,,,1,100,,7368,780,,,1,101,,7369,780,,,1,100,,7392,780,,,1,100,,7366,780,,,1,99,,7391,780,,,1,35,,7393,780,,,1,66,,7390,780,,,1,34,,7381,780,,,1,20,,7373,780,,,1,69,,7389,780,,,1,14,,7388,780,,,1,68,,7379,780,,,1,28,,7382,780,,,1,67,,7371,780,,,1,99,,7372,780,,,1,99,,7383,780,,,1,59,,7384,780,,,1,98,,7385,780,,,1,161,,7386,780,,,1,96,,7387,780,,,1
12301,'DI',513,,16064,780,,,2,100,,16071,780,,,2,100,,16065,780,,,2,100,,16072,780,,,2,100,,16066,780,,,2,100,,16073,780,,,2,100,,16067,780,,,2,100,,16074,780,,,2,100,,16068,780,,,2,100,,16075,780,,,2,100,,16069,780,,,2,100,,16076,780,,,2,100,,16070,780,,,2,100,,16077,780,,,2,100,,16078,780,,,2,100,,16061,780,,,2,100,,16079,780,,,2,100,,16062,780,,,2,100,,16080,780,,,2,100,,16063,780,,,2
12301,'F1',513,,16081,780,,,2,100,,16094,780,,,2,100,,16082,780,,,2,100,,16095,780,,,2,100,,16083,780,,,2,100,,16096,780,,,2,100,,16084,780,,,2,100,,16097,780,,,2,100,,16085,780,,,2,100,,16098,780,,,2,100,,16086,780,,,2,100,,16099,780,,,2,100,,16087,780,,,2,100,,16100,780,,,2,100,,16088,780,,,2,100,,16091,780,,,2,100,,16089,780,,,2,100,,16092,780,,,2,100,,16090,780,,,2,100,,16093,780,,,2
12301,'F7',513,,16104,780,,,2,100,,16111,780,,,2,100,,16105,780,,,2,100,,16112,780,,,2,100,,16106,780,,,2,100,,16113,780,,,2,100,,16107,780,,,2,100,,16114,780,,,2,100,,16108,780,,,2,100,,16115,780,,,2,100,,16109,780,,,2,100,,16116,780,,,2,100,,16110,780,,,2,100,,16117,780,,,2,100,,16118,780,,,2,100,,16101,780,,,2,100,,16119,780,,,2,100,,16102,780,,,2,100,,16120,780,,,2,100,,16103,780,,,2
12301,'F8',458,,16140,780,,,2,70,,16141,780,,,2,20,,16126,780,,,2,60,,16124,780,,,2,15,,16123,780,,,2,25,,16127,780,,,2,70,,16122,780,,,2,30,,16121,780,,,2,70,,16125,780,,,2,30,,16144,780,,,2,70,,16145,780,,,2,96,,16130,780,,,2,100,,16138,780,,,2,100,,16128,780,,,2,100,,16147,780,,,2,100,,16149,780,,,2,11,,16156,780,,,2,23,,16151,780,,,2,60,,16133,780,,,2,15,,16132,780,,,2,19,,16135,780,,,2,6,,16146,780,,,2,55,,16154,780,,,2,10,,16155,780,,,2,6,,16131,780,,,2,24,,16153,780,,,2,70,,16152,780,,,2,31,,16150,780,,,2,71,,16136,780,,,2,26,,16129,780,,,2,74,,16134,780,,,2,28,,16137,780,,,2,70,,16157,780,,,2,98,,16148,780,,,2,100,,16142,780,,,2,100,,16139,780,,,2,120,,16143,780,,,2
12301,'F9',513,,16158,780,,,2,100,,16171,780,,,2,100,,16159,780,,,2,100,,16172,780,,,2,100,,16160,780,,,2,100,,16173,780,,,2,100,,16161,780,,,2,100,,16174,780,,,2,100,,16162,780,,,2,100,,16175,780,,,2,100,,16163,780,,,2,100,,16176,780,,,2,100,,16164,780,,,2,100,,16177,780,,,2,100,,16165,780,,,2,100,,16168,780,,,2,100,,16166,780,,,2,100,,16169,780,,,2,100,,16167,780,,,2,100,,16170,780,,,2
12301,'SA',513,,16178,780,,,2,100,,16191,780,,,2,100,,16179,780,,,2,100,,16192,780,,,2,100,,16180,780,,,2,100,,16193,780,,,2,100,,16181,780,,,2,100,,16194,780,,,2,100,,16182,780,,,2,100,,16195,780,,,2,100,,16183,780,,,2,100,,16196,780,,,2,100,,16184,780,,,2,100,,16197,780,,,2,100,,16185,780,,,2,100,,16188,780,,,2,100,,16186,780,,,2,100,,16189,780,,,2,100,,16187,780,,,2,100,,16190,780,,,2
12301,'SE',458,,16217,780,,,2,70,,16218,780,,,2,20,,16203,780,,,2,60,,16201,780,,,2,15,,16200,780,,,2,25,,16204,780,,,2,70,,16199,780,,,2,30,,16198,780,,,2,70,,16202,780,,,2,30,,16221,780,,,2,70,,16222,780,,,2,96,,16207,780,,,2,100,,16215,780,,,2,100,,16205,780,,,2,100,,16224,780,,,2,100,,16226,780,,,2,11,,16233,780,,,2,23,,16228,780,,,2,60,,16210,780,,,2,15,,16209,780,,,2,19,,16212,780,,,2,6,,16223,780,,,2,55,,16231,780,,,2,10,,16232,780,,,2,6,,16208,780,,,2,24,,16230,780,,,2,70,,16229,780,,,2,31,,16227,780,,,2,71,,16213,780,,,2,26,,16206,780,,,2,74,,16211,780,,,2,28,,16214,780,,,2,70,,16234,780,,,2,98,,16225,780,,,2,100,,16219,780,,,2,100,,16216,780,,,2,120,,16220,780,,,2
