4201,'DI',551,,8648,6229,,,1,100,,8649,6229,,,1,100,,8632,6229,,,1,100,,8633,6229,,,1,100,,8634,6229,,,1,100,,8635,6229,,,1,100,,8636,6229,,,1,100,,8637,6229,,,1,100,,8638,6229,,,1,100,,8639,6229,,,1,100,,8640,6229,,,1,100,,8641,6229,,,1,100,,8642,6229,,,1,100,,8643,6229,,,1,100,,8650,6229,,,1,100,,8651,6229,,,1,100,,8644,6229,,,1,100,,8645,6229,,,1,100,,8646,6229,,,1,100,,8647,6229,,,1
4201,'F1',551,,8652,6229,,,1,100,,8653,6229,,,1,100,,8654,6229,,,1,100,,8655,6229,,,1,100,,8656,6229,,,1,100,,8657,6229,,,1,100,,8658,6229,,,1,100,,8659,6229,,,1,100,,8660,6229,,,1,100,,8661,6229,,,1,100,,8662,6229,,,1,100,,8663,6229,,,1,100,,8664,6229,,,1,100,,8665,6229,,,1,100,,8666,6229,,,1,100,,8667,6229,,,1,100,,8668,6229,,,1,100,,8669,6229,,,1,100,,8670,6229,,,1,100,,8671,6229,,,1
4201,'F7',551,,8688,6229,,,1,100,,8689,6229,,,1,100,,8672,6229,,,1,100,,8673,6229,,,1,100,,8674,6229,,,1,100,,8675,6229,,,1,100,,8676,6229,,,1,100,,8677,6229,,,1,100,,8678,6229,,,1,100,,8679,6229,,,1,100,,8680,6229,,,1,100,,8681,6229,,,1,100,,8682,6229,,,1,100,,8683,6229,,,1,100,,8690,6229,,,1,100,,8691,6229,,,1,100,,8684,6229,,,1,100,,8685,6229,,,1,100,,8686,6229,,,1,100,,8687,6229,,,1
4201,'F8',521,,8695,6229,,,1,20,,8696,6229,,,1,70,,8701,6229,,,1,21,,8732,6229,,,1,14,,8723,6229,,,1,54,,8703,6229,,,1,14,,8702,6229,,,1,14,,8727,6229,,,1,14,,8698,6229,,,1,14,,8692,6229,,,1,54,,8704,6229,,,1,14,,8700,6229,,,1,15,,8726,6229,,,1,20,,8699,6229,,,1,71,,8733,6229,,,1,70,,8739,6229,,,1,30,,8730,6229,,,1,70,,8693,6229,,,1,30,,8705,6229,,,1,70,,8721,6229,,,1,30,,8738,6229,,,1,70,,8708,6229,,,1,30,,8707,6229,,,1,70,,8737,6229,,,1,30,,8706,6229,,,1,70,,8722,6229,,,1,4,,8724,6229,,,1,2,,8725,6229,,,1,2,,8710,6229,,,1,22,,8694,6229,,,1,70,,8731,6229,,,1,21,,8720,6229,,,1,16,,8709,6229,,,1,18,,8711,6229,,,1,56,,8740,6229,,,1,28,,8713,6229,,,1,67,,8712,6229,,,1,29,,8697,6229,,,1,66,,8734,6229,,,1,35,,8714,6229,,,1,70,,8735,6229,,,1,30,,8715,6229,,,1,70,,8736,6229,,,1,29,,8716,6229,,,1,69,,8728,6229,,,1,30,,8717,6229,,,1,70,,8729,6229,,,1,50,,8718,6229,,,1,100,,8719,6229,,,1
4201,'F9',551,,8741,6229,,,1,100,,8742,6229,,,1,100,,8743,6229,,,1,100,,8744,6229,,,1,100,,8745,6229,,,1,100,,8746,6229,,,1,100,,8747,6229,,,1,100,,8748,6229,,,1,100,,8749,6229,,,1,100,,8750,6229,,,1,100,,8751,6229,,,1,100,,8752,6229,,,1,100,,8753,6229,,,1,100,,8754,6229,,,1,100,,8755,6229,,,1,100,,8756,6229,,,1,100,,8757,6229,,,1,100,,8758,6229,,,1,100,,8759,6229,,,1,100,,8760,6229,,,1
4201,'SA',551,,8761,6229,,,1,100,,8762,6229,,,1,100,,8763,6229,,,1,100,,8764,6229,,,1,100,,8765,6229,,,1,100,,8766,6229,,,1,100,,8767,6229,,,1,100,,8768,6229,,,1,100,,8769,6229,,,1,100,,8770,6229,,,1,100,,8771,6229,,,1,100,,8772,6229,,,1,100,,8773,6229,,,1,100,,8774,6229,,,1,100,,8775,6229,,,1,100,,8776,6229,,,1,100,,8777,6229,,,1,100,,8778,6229,,,1,100,,8779,6229,,,1,100,,8780,6229,,,1
4201,'SE',521,,8784,6229,,,1,20,,8785,6229,,,1,70,,8790,6229,,,1,21,,8821,6229,,,1,14,,8812,6229,,,1,54,,8792,6229,,,1,14,,8791,6229,,,1,14,,8816,6229,,,1,14,,8787,6229,,,1,14,,8781,6229,,,1,54,,8793,6229,,,1,14,,8789,6229,,,1,15,,8815,6229,,,1,20,,8788,6229,,,1,71,,8822,6229,,,1,70,,8828,6229,,,1,30,,8819,6229,,,1,70,,8782,6229,,,1,30,,8794,6229,,,1,70,,8810,6229,,,1,30,,8827,6229,,,1,70,,8797,6229,,,1,30,,8796,6229,,,1,70,,8826,6229,,,1,30,,8795,6229,,,1,70,,8811,6229,,,1,4,,8813,6229,,,1,2,,8814,6229,,,1,2,,8799,6229,,,1,22,,8783,6229,,,1,70,,8820,6229,,,1,21,,8809,6229,,,1,16,,8798,6229,,,1,18,,8800,6229,,,1,56,,8829,6229,,,1,28,,8802,6229,,,1,67,,8801,6229,,,1,29,,8786,6229,,,1,66,,8823,6229,,,1,35,,8803,6229,,,1,70,,8824,6229,,,1,30,,8804,6229,,,1,70,,8825,6229,,,1,29,,8805,6229,,,1,69,,8817,6229,,,1,30,,8806,6229,,,1,70,,8818,6229,,,1,50,,8807,6229,,,1,100,,8808,6229,,,1
6001,'F8',556,,11004,7602,,,1,62,,11003,7602,,,1,21,,10997,7602,,,1,68,,11018,7602,,,1,28,,11011,7602,,,1,68,,11008,7602,,,1,28,,11009,7602,,,1,21,,11021,7602,,,1,63,,11012,7602,,,1,100,,11010,7602,,,1,100,,10995,7602,,,1,100,,11000,7602,,,1,101,,11007,7602,,,1,100,,10996,7602,,,1,101,,11006,7602,,,1,95,,11013,7602,,,1,30,,11001,7602,,,1,67,,10998,7602,,,1,28,,10999,7602,,,1,67,,11014,7602,,,1,29,,11015,7602,,,1,70,,11002,7602,,,1,48,,11016,7602,,,1,100,,11019,7602,,,1,99,,11020,7602,,,1,100,,11017,7602,,,1,95,,11005,7602,,,1
6001,'SE',556,,11031,7602,,,1,62,,11030,7602,,,1,21,,11024,7602,,,1,68,,11045,7602,,,1,28,,11038,7602,,,1,68,,11035,7602,,,1,28,,11036,7602,,,1,21,,11048,7602,,,1,63,,11039,7602,,,1,100,,11037,7602,,,1,100,,11022,7602,,,1,100,,11027,7602,,,1,101,,11034,7602,,,1,100,,11023,7602,,,1,101,,11033,7602,,,1,95,,11040,7602,,,1,30,,11028,7602,,,1,67,,11025,7602,,,1,28,,11026,7602,,,1,67,,11041,7602,,,1,29,,11042,7602,,,1,70,,11029,7602,,,1,48,,11043,7602,,,1,100,,11046,7602,,,1,99,,11047,7602,,,1,100,,11044,7602,,,1,95,,11032,7602,,,1
16001,'DI',612,,16702,13996,,,1,99,,16706,13996,,,1,100,,16698,13996,,,1,100,,16693,13996,,,1,100,,16707,13996,,,1,100,,16703,13996,,,1,100,,16708,13996,,,1,100,,16695,13996,,,1,100,,16700,13996,,,1,100,,16701,13996,,,1,100,,16696,13996,,,1,100,,16709,13996,,,1,100,,16699,13996,,,1,100,,16697,13996,,,1,100,,16704,13996,,,1,103,,16694,13996,,,1,97,,16705,13996,,,1
16001,'F1',613,,16713,13996,,,1,99,,16724,13996,,,1,99,,16721,13996,,,1,100,,16725,13996,,,1,99,,16714,13996,,,1,101,,16710,13996,,,1,100,,16722,13996,,,1,100,,16717,13996,,,1,100,,16715,13996,,,1,100,,16711,13996,,,1,100,,16718,13996,,,1,100,,16726,13996,,,1,100,,16712,13996,,,1,101,,16719,13996,,,1,99,,16723,13996,,,1,103,,16720,13996,,,1,97,,16716,13996,,,1
16001,'F7',612,,16736,13996,,,1,99,,16740,13996,,,1,100,,16732,13996,,,1,100,,16727,13996,,,1,100,,16741,13996,,,1,100,,16737,13996,,,1,100,,16742,13996,,,1,100,,16729,13996,,,1,100,,16734,13996,,,1,100,,16735,13996,,,1,100,,16730,13996,,,1,100,,16743,13996,,,1,100,,16733,13996,,,1,100,,16731,13996,,,1,100,,16738,13996,,,1,103,,16728,13996,,,1,97,,16739,13996,,,1
16001,'F8',623,,16747,13996,,,1,28,,16758,13996,,,1,68,,16749,13996,,,1,28,,16753,13996,,,1,67,,16752,13996,,,1,29,,16759,13996,,,1,59,,16750,13996,,,1,43,,16754,13996,,,1,99,,16751,13996,,,1,93,,16748,13996,,,1,100,,16744,13996,,,1,100,,16760,13996,,,1,100,,16761,13996,,,1,99,,16762,13996,,,1,92,,16764,13996,,,1,96,,16766,13996,,,1,31,,16763,13996,,,1,67,,16755,13996,,,1,25,,16765,13996,,,1,66,,16745,13996,,,1,99,,16756,13996,,,1,100,,16767,13996,,,1,101,,16746,13996,,,1,100,,16768,13996,,,1,90,,16757,13996,,,1
16001,'F9',613,,16772,13996,,,1,99,,16783,13996,,,1,99,,16780,13996,,,1,100,,16784,13996,,,1,99,,16773,13996,,,1,101,,16769,13996,,,1,100,,16781,13996,,,1,100,,16776,13996,,,1,100,,16774,13996,,,1,100,,16770,13996,,,1,100,,16777,13996,,,1,100,,16785,13996,,,1,100,,16771,13996,,,1,101,,16778,13996,,,1,99,,16782,13996,,,1,103,,16779,13996,,,1,97,,16775,13996,,,1
16001,'SA',613,,16789,13996,,,1,99,,16800,13996,,,1,99,,16797,13996,,,1,100,,16801,13996,,,1,99,,16790,13996,,,1,101,,16786,13996,,,1,100,,16798,13996,,,1,100,,16793,13996,,,1,100,,16791,13996,,,1,100,,16787,13996,,,1,100,,16794,13996,,,1,100,,16802,13996,,,1,100,,16788,13996,,,1,101,,16795,13996,,,1,99,,16799,13996,,,1,103,,16796,13996,,,1,97,,16792,13996,,,1
16001,'SE',623,,16806,13996,,,1,28,,16817,13996,,,1,68,,16808,13996,,,1,28,,16812,13996,,,1,67,,16811,13996,,,1,29,,16818,13996,,,1,59,,16809,13996,,,1,43,,16813,13996,,,1,99,,16810,13996,,,1,93,,16807,13996,,,1,100,,16803,13996,,,1,100,,16819,13996,,,1,100,,16820,13996,,,1,99,,16821,13996,,,1,92,,16823,13996,,,1,96,,16825,13996,,,1,31,,16822,13996,,,1,67,,16814,13996,,,1,25,,16824,13996,,,1,66,,16804,13996,,,1,99,,16815,13996,,,1,100,,16826,13996,,,1,101,,16805,13996,,,1,100,,16827,13996,,,1,90,,16816,13996,,,1
53200,'F8',1622,,18762,2782,,,2,1,,18763,2782,,,2
53200,'SE',1622,,18764,2782,,,2,1,,18765,2782,,,2
54200,'F8',1634,,18798,5186,,,2
54200,'SE',1634,,18799,5186,,,2
