1300,'DI',709,,3422,8708,,,1,100,,23867,8708,,,1,100,,3423,8708,,,1,100,,23868,8708,,,1,100,,3424,8708,,,1,100,,23869,8708,,,1,100,,3425,8708,,,1,95,,23870,8708,,,1,105,,23878,8708,,,1,100,,23864,8708,,,1,100,,23871,8708,,,1,100,,23866,8708,,,1,100,,23872,8708,,,1,100,,23876,8708,,,1,100,,23874,8708,,,1,100,,23873,8708,,,1,100,,23865,8708,,,1,100,,23877,8708,,,1,100,,23875,8708,,,1
1300,'F1',709,,23879,8708,,,1,100,,23887,8708,,,1,100,,23881,8708,,,1,101,,23882,8708,,,1,99,,23892,8708,,,1,100,,23880,8708,,,1,100,,23888,8708,,,1,100,,23883,8708,,,1,100,,23889,8708,,,1,100,,23897,8708,,,1,100,,23885,8708,,,1,100,,23893,8708,,,1,100,,23890,8708,,,1,100,,23894,8708,,,1,100,,23884,8708,,,1,100,,23896,8708,,,1,100,,23891,8708,,,1,100,,23895,8708,,,1,100,,23898,8708,,,1,100,,23886,8708,,,1
1300,'F2',709,,23900,8708,,,1,100,,23907,8708,,,1,100,,23901,8708,,,1,101,,23902,8708,,,1,99,,23908,8708,,,1,100,,23910,8708,,,1,100,,23903,8708,,,1,100,,23911,8708,,,1,100,,23904,8708,,,1,100,,23899,8708,,,1,100,,23914,8708,,,1,100,,23917,8708,,,1,100,,23905,8708,,,1,100,,23912,8708,,,1,100,,23909,8708,,,1,100,,23918,8708,,,1,100,,23915,8708,,,1,100,,23906,8708,,,1,100,,23916,8708,,,1,100,,23913,8708,,,1
1300,'F7',612,,23933,8708,,,1,33,,23955,8708,,,1,67,,23949,8708,,,1,32,,23923,8708,,,1,15,,23941,8708,,,1,55,,23924,8708,,,1,15,,23936,8708,,,1,25,,23927,8708,,,1,65,,23919,8708,,,1,29,,23921,8708,,,1,70,,23931,8708,,,1,30,,23930,8708,,,1,70,,23925,8708,,,1,30,,23943,8708,,,1,70,,23922,8708,,,1,31,,23932,8708,,,1,70,,23951,8708,,,1,30,,23938,8708,,,1,70,,23944,8708,,,1,30,,23956,8708,,,1,72,,23953,8708,,,1,30,,23920,8708,,,1,62,,23946,8708,,,1,20,,23939,8708,,,1,15,,23940,8708,,,1,53,,23942,8708,,,1,10,,23959,8708,,,1,15,,23947,8708,,,1,20,,23937,8708,,,1,60,,23935,8708,,,1,20,,23934,8708,,,1,27,,23958,8708,,,1,68,,23926,8708,,,1,32,,23952,8708,,,1,70,,23954,8708,,,1,30,,23945,8708,,,1,69,,23957,8708,,,1,100,,23948,8708,,,1,100,,23950,8708,,,1,100,,23928,8708,,,1,103,,23929,8708,,,1
1300,'F8',709,,23961,8708,,,1,100,,23968,8708,,,1,100,,23962,8708,,,1,101,,23963,8708,,,1,99,,23969,8708,,,1,100,,23971,8708,,,1,100,,23964,8708,,,1,100,,23972,8708,,,1,100,,23965,8708,,,1,100,,23960,8708,,,1,100,,23975,8708,,,1,100,,23978,8708,,,1,100,,23966,8708,,,1,100,,23973,8708,,,1,100,,23970,8708,,,1,100,,23979,8708,,,1,100,,23976,8708,,,1,100,,23967,8708,,,1,100,,23977,8708,,,1,100,,23974,8708,,,1
1300,'F9',709,,23982,8708,,,1,100,,23987,8708,,,1,100,,23983,8708,,,1,100,,23988,8708,,,1,100,,23984,8708,,,1,100,,23989,8708,,,1,100,,23985,8708,,,1,95,,23990,8708,,,1,105,,23998,8708,,,1,100,,23980,8708,,,1,100,,23991,8708,,,1,100,,23986,8708,,,1,100,,23992,8708,,,1,100,,23996,8708,,,1,100,,23994,8708,,,1,100,,23993,8708,,,1,100,,23981,8708,,,1,100,,23997,8708,,,1,100,,23995,8708,,,1
1300,'SA',709,,24000,8708,,,1,100,,24007,8708,,,1,100,,24001,8708,,,1,101,,24002,8708,,,1,99,,24008,8708,,,1,100,,24010,8708,,,1,100,,24003,8708,,,1,100,,24011,8708,,,1,100,,24004,8708,,,1,100,,23999,8708,,,1,100,,24014,8708,,,1,100,,24017,8708,,,1,100,,24005,8708,,,1,100,,24012,8708,,,1,100,,24009,8708,,,1,100,,24018,8708,,,1,100,,24015,8708,,,1,100,,24006,8708,,,1,100,,24016,8708,,,1,100,,24013,8708,,,1
1300,'SE',612,,24033,8708,,,1,33,,24055,8708,,,1,67,,24049,8708,,,1,32,,24023,8708,,,1,15,,24041,8708,,,1,55,,24024,8708,,,1,15,,24036,8708,,,1,25,,24027,8708,,,1,65,,24019,8708,,,1,29,,24021,8708,,,1,70,,24031,8708,,,1,30,,24030,8708,,,1,70,,24025,8708,,,1,30,,24043,8708,,,1,70,,24022,8708,,,1,31,,24032,8708,,,1,70,,24051,8708,,,1,30,,24038,8708,,,1,70,,24044,8708,,,1,30,,24056,8708,,,1,72,,24053,8708,,,1,30,,24020,8708,,,1,62,,24046,8708,,,1,20,,24039,8708,,,1,15,,24040,8708,,,1,53,,24042,8708,,,1,10,,24059,8708,,,1,15,,24047,8708,,,1,20,,24037,8708,,,1,60,,24035,8708,,,1,20,,24034,8708,,,1,27,,24058,8708,,,1,68,,24026,8708,,,1,32,,24052,8708,,,1,70,,24054,8708,,,1,30,,24045,8708,,,1,69,,24057,8708,,,1,100,,24048,8708,,,1,100,,24050,8708,,,1,100,,24028,8708,,,1,103,,24029,8708,,,1
61300,'F7',1655,,40770,8279,,,2,53,,40769,8279,,,2
61300,'SE',1655,,18881,8279,,,2,53,,40771,8279,,,2
