1401,'F7',607,,24311,7887,,,1,31,,24313,7887,,,1,20,,24316,7887,,,1,56,,24315,7887,,,1,16,,24318,7887,,,1,13,,24312,7887,,,1,15,,24309,7887,,,1,54,,24314,7887,,,1,14,,24317,7887,,,1,16,,24320,7887,,,1,16,,24310,7887,,,1,61,,24319,7887,,,1,24,,24328,7887,,,1,100,,24329,7887,,,1,100,,24333,7887,,,1,100,,24334,7887,,,1,100,,24321,7887,,,1,100,,24325,7887,,,1,100,,24323,7887,,,1,85,,24332,7887,,,1,16,,24327,7887,,,1,59,,24322,7887,,,1,24,,24336,7887,,,1,19,,24335,7887,,,1,60,,24330,7887,,,1,20,,24324,7887,,,1,18,,24326,7887,,,1,68,,24331,7887,,,1
1401,'SE',607,,24339,7887,,,1,31,,24341,7887,,,1,20,,24344,7887,,,1,56,,24343,7887,,,1,16,,24346,7887,,,1,13,,24340,7887,,,1,15,,24337,7887,,,1,54,,24342,7887,,,1,14,,24345,7887,,,1,16,,24348,7887,,,1,16,,24338,7887,,,1,61,,24347,7887,,,1,24,,24356,7887,,,1,100,,24357,7887,,,1,100,,24361,7887,,,1,100,,24362,7887,,,1,100,,24349,7887,,,1,100,,24353,7887,,,1,100,,24351,7887,,,1,85,,24360,7887,,,1,16,,24355,7887,,,1,59,,24350,7887,,,1,24,,24364,7887,,,1,19,,24363,7887,,,1,60,,24358,7887,,,1,20,,24352,7887,,,1,18,,24354,7887,,,1,68,,24359,7887,,,1
3100,'F7',626,,28335,2725,,,1,30,,28319,2725,,,1,70,,28318,2725,,,1,29,,28326,2725,,,1,71,,28328,2725,,,1,29,,28322,2725,,,1,70,,28327,2725,,,1,30,,28323,2725,,,1,70,,28334,2725,,,1,30,,28325,2725,,,1,70,,28310,2725,,,1,30,,28320,2725,,,1,70,,28332,2725,,,1,30,,28312,2725,,,1,70,,28303,2725,,,1,30,,28316,2725,,,1,71,,28324,2725,,,1,30,,28313,2725,,,1,70,,28329,2725,,,1,30,,28306,2725,,,1,70,,28321,2725,,,1,30,,28304,2725,,,1,70,,28307,2725,,,1,30,,28333,2725,,,1,70,,28305,2725,,,1,31,,28308,2725,,,1,70,,28314,2725,,,1,30,,28330,2725,,,1,69,,28317,2725,,,1,30,,28311,2725,,,1,70,,28331,2725,,,1,100,,28315,2725,,,1,99,,28309,2725,,,1
3100,'SE',626,,28368,2725,,,1,30,,28352,2725,,,1,70,,28351,2725,,,1,29,,28359,2725,,,1,71,,28361,2725,,,1,29,,28355,2725,,,1,70,,28360,2725,,,1,30,,28356,2725,,,1,70,,28367,2725,,,1,30,,28358,2725,,,1,70,,28343,2725,,,1,30,,28353,2725,,,1,70,,28365,2725,,,1,30,,28345,2725,,,1,70,,28336,2725,,,1,30,,28349,2725,,,1,71,,28357,2725,,,1,30,,28346,2725,,,1,70,,28362,2725,,,1,30,,28339,2725,,,1,70,,28354,2725,,,1,30,,28337,2725,,,1,70,,28340,2725,,,1,30,,28366,2725,,,1,70,,28338,2725,,,1,31,,28341,2725,,,1,70,,28347,2725,,,1,30,,28363,2725,,,1,69,,28350,2725,,,1,30,,28344,2725,,,1,70,,28364,2725,,,1,100,,28348,2725,,,1,99,,28342,2725,,,1
21400,'DI',916,,39011,5957,,,1,100,,39012,5957,,,1,100,,39013,5957,,,1,100,,39014,5957,,,1,100,,39015,5957,,,1,100,,39016,5957,,,1,100,,39017,5957,,,1,100,,39018,5957,,,1,100,,39019,5957,,,1,100,,39020,5957,,,1
21400,'F1',916,,39021,5957,,,1,100,,39022,5957,,,1,100,,17207,5957,,,1,100,,17208,5957,,,1,100,,17209,5957,,,1,100,,39023,5957,,,1,100,,17211,5957,,,1,100,,17212,5957,,,1,100,,17213,5957,,,1,100,,17214,5957,,,1
21400,'F2',916,,39024,5957,,,1,100,,39025,5957,,,1,100,,39026,5957,,,1,100,,39027,5957,,,1,100,,39028,5957,,,1,100,,39029,5957,,,1,100,,39030,5957,,,1,100,,39031,5957,,,1,100,,39032,5957,,,1,100,,39033,5957,,,1
21400,'F8',916,,39034,5957,,,1,100,,39035,5957,,,1,100,,39036,5957,,,1,100,,39037,5957,,,1,100,,39038,5957,,,1,100,,39039,5957,,,1,100,,39040,5957,,,1,100,,39041,5957,,,1,100,,39042,5957,,,1,100,,39043,5957,,,1
21400,'F9',916,,39044,5957,,,1,100,,39045,5957,,,1,100,,39046,5957,,,1,100,,39047,5957,,,1,100,,39048,5957,,,1,100,,39049,5957,,,1,100,,39050,5957,,,1,100,,39051,5957,,,1,100,,39052,5957,,,1,100,,39053,5957,,,1
21400,'SA',916,,39054,5957,,,1,100,,39055,5957,,,1,100,,39056,5957,,,1,100,,39057,5957,,,1,100,,39058,5957,,,1,100,,39059,5957,,,1,100,,39060,5957,,,1,100,,39061,5957,,,1,100,,39062,5957,,,1,100,,39063,5957,,,1
