2501,'DI',1607,,6767,12254,,,2
2501,'F1',1607,,6768,12254,,,2
2501,'F7',1607,,6769,12254,,,2
2501,'F8',519,,6777,10617,,,2,30,,6779,10617,,,2,63,,6781,10617,,,2,34,,6778,10617,,,2,76,,6797,12254,,,2,30,,6795,12254,,,2,65,,6773,10617,,,2,30,,6782,10617,,,2,67,,6780,10617,,,2,505,,6790,10617,,,2,31,,6772,10617,,,2,72,,6770,10617,,,2,31,,6800,12254,,,2,60,,6799,12254,,,2,12,,6796,12254,,,2,9,,6794,10617,,,2,19,,6786,10617,,,2,54,,6771,10617,,,2,16,,6774,10617,,,2,28,,6784,10617,,,2,67,,6792,10617,,,2,29,,6775,10617,,,2,99,,6783,10617,,,2,385,,6787,10617,,,2,86,,6801,12254,,,2,12,,6793,10617,,,2,75,,6788,10617,,,2
2501,'F9',1607,,6802,12254,,,2
2501,'SA',1607,,6803,12254,,,2
2501,'SE',519,,6811,10617,,,2,30,,6813,10617,,,2,63,,6815,10617,,,2,34,,6812,10617,,,2,76,,6831,12254,,,2,30,,6829,12254,,,2,65,,6807,10617,,,2,30,,6816,10617,,,2,67,,6814,10617,,,2,505,,6824,10617,,,2,31,,6806,10617,,,2,72,,6804,10617,,,2,31,,6834,12254,,,2,60,,6833,12254,,,2,12,,6830,12254,,,2,9,,6828,10617,,,2,19,,6820,10617,,,2,54,,6805,10617,,,2,16,,6808,10617,,,2,28,,6818,10617,,,2,67,,6826,10617,,,2,29,,6809,10617,,,2,99,,6817,10617,,,2,385,,6821,10617,,,2,86,,6835,12254,,,2,12,,6827,10617,,,2,75,,6822,10617,,,2
8101,'DI',638,,14302,16683,,,1,100,,14299,16683,,,1,100,,14303,16683,,,1,103,,14305,16683,,,1,100,,14300,16683,,,1,100,,14304,16683,,,1,100,,14295,16683,,,1,100,,14308,16683,,,1,100,,14296,16683,,,1,100,,14301,16683,,,1,100,,14309,16683,,,1,96,,14306,16683,,,1,108,,14312,16683,,,1,96,,14310,16683,,,1,100,,14297,16683,,,1,100,,14313,16683,,,1,100,,14311,16683,,,1,100,,14298,16683,,,1,100,,14314,16683,,,1
8101,'F1',638,,14325,16683,,,1,100,,14322,16683,,,1,100,,14318,16683,,,1,103,,14323,16683,,,1,100,,14319,16683,,,1,100,,14330,16683,,,1,100,,14317,16683,,,1,100,,14327,16683,,,1,100,,14320,16683,,,1,100,,14324,16683,,,1,100,,14321,16683,,,1,100,,14315,16683,,,1,104,,14331,16683,,,1,96,,14334,16683,,,1,100,,14316,16683,,,1,100,,14332,16683,,,1,100,,14335,16683,,,1,100,,14329,16683,,,1,100,,14333,16683,,,1,100,,14328,16683,,,1
8101,'F7',638,,14343,16683,,,1,100,,14340,16683,,,1,100,,14344,16683,,,1,103,,14346,16683,,,1,100,,14341,16683,,,1,100,,14345,16683,,,1,100,,14336,16683,,,1,100,,14349,16683,,,1,100,,14337,16683,,,1,100,,14342,16683,,,1,100,,14350,16683,,,1,96,,14347,16683,,,1,108,,14353,16683,,,1,96,,14351,16683,,,1,100,,14338,16683,,,1,100,,14354,16683,,,1,100,,14352,16683,,,1,100,,14339,16683,,,1,100,,14355,16683,,,1
8101,'F8',609,,14374,16683,,,1,30,,14367,16683,,,1,62,,14361,16683,,,1,38,,14373,16683,,,1,70,,14359,16683,,,1,31,,14375,16683,,,1,69,,14356,16683,,,1,36,,14381,16683,,,1,98,,14360,16683,,,1,100,,14368,16683,,,1,100,,14362,16683,,,1,100,,14369,16683,,,1,100,,14366,16683,,,1,100,,14384,16683,,,1,71,,14357,16683,,,1,31,,14370,16683,,,1,70,,14363,16683,,,1,30,,14376,16683,,,1,70,,14358,16683,,,1,30,,14371,16683,,,1,70,,14382,16683,,,1,26,,14379,16683,,,1,100,,14383,16683,,,1,100,,14364,16683,,,1,100,,14377,16683,,,1,100,,14380,16683,,,1,100,,14365,16683,,,1,100,,14378,16683,,,1
8101,'F9',638,,14395,16683,,,1,100,,14392,16683,,,1,100,,14388,16683,,,1,103,,14393,16683,,,1,100,,14389,16683,,,1,100,,14400,16683,,,1,100,,14387,16683,,,1,100,,14397,16683,,,1,100,,14390,16683,,,1,100,,14394,16683,,,1,100,,14391,16683,,,1,100,,14385,16683,,,1,104,,14401,16683,,,1,96,,14404,16683,,,1,100,,14386,16683,,,1,100,,14402,16683,,,1,100,,14405,16683,,,1,100,,14399,16683,,,1,100,,14403,16683,,,1,100,,14398,16683,,,1
8101,'SA',638,,14416,16683,,,1,100,,14413,16683,,,1,100,,14409,16683,,,1,103,,14414,16683,,,1,100,,14410,16683,,,1,100,,14421,16683,,,1,100,,14408,16683,,,1,100,,14418,16683,,,1,100,,14411,16683,,,1,100,,14415,16683,,,1,100,,14412,16683,,,1,100,,14406,16683,,,1,104,,14422,16683,,,1,96,,14425,16683,,,1,100,,14407,16683,,,1,100,,14423,16683,,,1,100,,14426,16683,,,1,100,,14420,16683,,,1,100,,14424,16683,,,1,100,,14419,16683,,,1
8101,'SE',609,,14445,16683,,,1,30,,14438,16683,,,1,62,,14432,16683,,,1,38,,14444,16683,,,1,70,,14430,16683,,,1,31,,14446,16683,,,1,69,,14427,16683,,,1,36,,14452,16683,,,1,98,,14431,16683,,,1,100,,14439,16683,,,1,100,,14433,16683,,,1,100,,14440,16683,,,1,100,,14437,16683,,,1,100,,14455,16683,,,1,71,,14428,16683,,,1,31,,14441,16683,,,1,70,,14434,16683,,,1,30,,14447,16683,,,1,70,,14429,16683,,,1,30,,14442,16683,,,1,70,,14453,16683,,,1,26,,14450,16683,,,1,100,,14454,16683,,,1,100,,14435,16683,,,1,100,,14448,16683,,,1,100,,14451,16683,,,1,100,,14436,16683,,,1,100,,14449,16683,,,1
57000,'F8',1631,,18834,16724,,,2
57000,'SE',1631,,18835,16724,,,2
