4701,'DI',650,,9596,2133,,,1,100,,9587,2133,,,1,100,,9598,2133,,,1,100,,9588,2133,,,1,100,,9599,2133,,,1,100,,9589,2133,,,1,100,,9584,2133,,,1,100,,9590,2133,,,1,104,,9583,2133,,,1,91,,9591,2133,,,1,108,,9592,2133,,,1,102,,9593,2133,,,1,95,,9597,2133,,,1,96,,9585,2133,,,1,100,,9600,2133,,,1,100,,9594,2133,,,1,100,,9586,2133,,,1,100,,9601,2133,,,1,100,,9595,2133,,,1
4701,'F1',650,,9617,2133,,,1,103,,9607,2133,,,1,101,,9614,2133,,,1,96,,9605,2133,,,1,96,,9608,2133,,,1,104,,9606,2133,,,1,100,,9615,2133,,,1,100,,9603,2133,,,1,95,,9616,2133,,,1,104,,9618,2133,,,1,100,,9604,2133,,,1,101,,9609,2133,,,1,100,,9612,2133,,,1,96,,9602,2133,,,1,100,,9613,2133,,,1,100,,9610,2133,,,1,100,,9611,2133,,,1,100,,9619,2133,,,1,100,,9620,2133,,,1,100,,9621,2133,,,1
4701,'F7',650,,9635,2133,,,1,100,,9626,2133,,,1,100,,9637,2133,,,1,100,,9627,2133,,,1,100,,9638,2133,,,1,100,,9628,2133,,,1,100,,9623,2133,,,1,100,,9629,2133,,,1,104,,9622,2133,,,1,91,,9630,2133,,,1,108,,9631,2133,,,1,102,,9632,2133,,,1,95,,9636,2133,,,1,96,,9624,2133,,,1,100,,9639,2133,,,1,100,,9633,2133,,,1,100,,9625,2133,,,1,100,,9640,2133,,,1,100,,9634,2133,,,1
4701,'F8',608,,9652,2133,,,1,30,,9641,2133,,,1,20,,9651,2133,,,1,55,,9673,2133,,,1,15,,9653,2133,,,1,15,,9675,2133,,,1,15,,9649,2133,,,1,55,,9659,2133,,,1,18,,9648,2133,,,1,20,,9642,2133,,,1,60,,9677,2133,,,1,20,,9654,2133,,,1,70,,9643,2133,,,1,30,,9661,2133,,,1,70,,9656,2133,,,1,30,,9655,2133,,,1,70,,9664,2133,,,1,30,,9678,2133,,,1,70,,9644,2133,,,1,30,,9660,2133,,,1,70,,9663,2133,,,1,30,,9665,2133,,,1,70,,9679,2133,,,1,31,,9681,2133,,,1,71,,9645,2133,,,1,33,,9646,2133,,,1,72,,9669,2133,,,1,18,,9666,2133,,,1,27,,9667,2133,,,1,70,,9676,2133,,,1,30,,9672,2133,,,1,72,,9680,2133,,,1,23,,9668,2133,,,1,70,,9662,2133,,,1,30,,9658,2133,,,1,70,,9647,2133,,,1,30,,9657,2133,,,1,70,,9670,2133,,,1,100,,9674,2133,,,1,100,,9650,2133,,,1,100,,9671,2133,,,1
4701,'F9',650,,9697,2133,,,1,103,,9687,2133,,,1,101,,9694,2133,,,1,96,,9685,2133,,,1,96,,9688,2133,,,1,104,,9686,2133,,,1,100,,9695,2133,,,1,100,,9683,2133,,,1,95,,9696,2133,,,1,104,,9698,2133,,,1,100,,9684,2133,,,1,101,,9689,2133,,,1,100,,9692,2133,,,1,96,,9682,2133,,,1,100,,9693,2133,,,1,100,,9690,2133,,,1,100,,9691,2133,,,1,100,,9699,2133,,,1,100,,9700,2133,,,1,100,,9701,2133,,,1
4701,'SA',650,,9717,2133,,,1,103,,9707,2133,,,1,101,,9714,2133,,,1,96,,9705,2133,,,1,96,,9708,2133,,,1,104,,9706,2133,,,1,100,,9715,2133,,,1,100,,9703,2133,,,1,95,,9716,2133,,,1,104,,9718,2133,,,1,100,,9704,2133,,,1,101,,9709,2133,,,1,100,,9712,2133,,,1,96,,9702,2133,,,1,100,,9713,2133,,,1,100,,9710,2133,,,1,100,,9711,2133,,,1,100,,9719,2133,,,1,100,,9720,2133,,,1,100,,9721,2133,,,1
4701,'SE',608,,9733,2133,,,1,30,,9722,2133,,,1,20,,9732,2133,,,1,55,,9754,2133,,,1,15,,9734,2133,,,1,15,,9756,2133,,,1,15,,9730,2133,,,1,55,,9740,2133,,,1,18,,9729,2133,,,1,20,,9723,2133,,,1,60,,9758,2133,,,1,20,,9735,2133,,,1,70,,9724,2133,,,1,30,,9742,2133,,,1,70,,9737,2133,,,1,30,,9736,2133,,,1,70,,9745,2133,,,1,30,,9759,2133,,,1,70,,9725,2133,,,1,30,,9741,2133,,,1,70,,9744,2133,,,1,30,,9746,2133,,,1,70,,9760,2133,,,1,31,,9762,2133,,,1,71,,9726,2133,,,1,33,,9727,2133,,,1,72,,9750,2133,,,1,18,,9747,2133,,,1,27,,9748,2133,,,1,70,,9757,2133,,,1,30,,9753,2133,,,1,72,,9761,2133,,,1,23,,9749,2133,,,1,70,,9743,2133,,,1,30,,9739,2133,,,1,70,,9728,2133,,,1,30,,9738,2133,,,1,70,,9751,2133,,,1,100,,9755,2133,,,1,100,,9731,2133,,,1,100,,9752,2133,,,1
53401,'F8',859,,18776,985,,,2
53401,'SE',859,,18777,985,,,2
64401,'F8',844,,18916,639,,,2,1,,18914,639,,,2,1,,18915,639,,,2
64401,'SE',844,,18919,639,,,2,1,,18917,639,,,2,1,,18918,639,,,2
69101,'F8',835,,19037,639,,,2,1,,19036,639,,,2
69101,'SE',835,,19039,639,,,2,1,,19038,639,,,2
