2301,'F1',619,,27490,7076,,,1,103,,27491,7076,,,1,102,,27492,7076,,,1,100,,27487,7076,,,1,103,,27483,7076,,,1,99,,27485,7076,,,1,103,,27486,7076,,,1,97,,27493,7076,,,1,99,,27484,7076,,,1,100,,27488,7076,,,1,100,,27489,7076,,,1,100,,27494,7076,,,1
2301,'F2',619,,27502,7076,,,1,103,,27503,7076,,,1,102,,27504,7076,,,1,100,,27495,7076,,,1,103,,27496,7076,,,1,99,,27498,7076,,,1,103,,27499,7076,,,1,97,,27505,7076,,,1,99,,27506,7076,,,1,100,,27501,7076,,,1,100,,27500,7076,,,1,100,,27497,7076,,,1
2301,'F7',1027,,27509,7076,,,1,101,,27507,7076,,,1,100,,27510,7076,,,1,101,,27511,7076,,,1,99,,27508,7076,,,1
2301,'F8',619,,27519,7076,,,1,103,,27520,7076,,,1,102,,27521,7076,,,1,100,,27512,7076,,,1,103,,27513,7076,,,1,99,,27515,7076,,,1,103,,27516,7076,,,1,97,,27522,7076,,,1,99,,27523,7076,,,1,100,,27518,7076,,,1,100,,27517,7076,,,1,100,,27514,7076,,,1
2301,'SA',619,,27531,7076,,,1,103,,27532,7076,,,1,102,,27533,7076,,,1,100,,27524,7076,,,1,103,,27525,7076,,,1,99,,27527,7076,,,1,103,,27528,7076,,,1,97,,27534,7076,,,1,99,,27535,7076,,,1,100,,27530,7076,,,1,100,,27529,7076,,,1,100,,27526,7076,,,1
2301,'SE',1027,,27538,7076,,,1,101,,27536,7076,,,1,100,,27539,7076,,,1,101,,27540,7076,,,1,99,,27537,7076,,,1
12301,'DI',553,,37798,21373,,,1,100,,37808,21373,,,1,100,,37799,21373,,,1,100,,37809,21373,,,1,102,,37800,21373,,,1,100,,37810,21373,,,1,100,,37801,21373,,,1,100,,37811,21373,,,1,100,,37802,21373,,,1,100,,37812,21373,,,1,100,,37803,21373,,,1,100,,37813,21373,,,1,100,,37804,21373,,,1,100,,37814,21373,,,1,100,,37805,21373,,,1,98,,37815,21373,,,1,100,,37806,21373,,,1,100,,37816,21373,,,1,100,,37807,21373,,,1,100,,37817,21373,,,1
12301,'F1',552,,37826,21373,,,1,100,,37831,21373,,,1,100,,37827,21373,,,1,101,,37832,21373,,,1,100,,37820,21373,,,1,100,,37833,21373,,,1,100,,37821,21373,,,1,100,,37818,21373,,,1,100,,37822,21373,,,1,100,,37819,21373,,,1,100,,37823,21373,,,1,100,,37824,21373,,,1,100,,37834,21373,,,1,100,,37825,21373,,,1,100,,37835,21373,,,1,100,,37828,21373,,,1,100,,37836,21373,,,1,100,,37829,21373,,,1,100,,37837,21373,,,1,100,,37830,21373,,,1
12301,'F2',552,,37840,21373,,,1,100,,37838,21373,,,1,100,,37841,21373,,,1,101,,37839,21373,,,1,100,,37842,21373,,,1,100,,37850,21373,,,1,100,,37843,21373,,,1,100,,37851,21373,,,1,100,,37844,21373,,,1,100,,37852,21373,,,1,100,,37845,21373,,,1,100,,37853,21373,,,1,100,,37846,21373,,,1,100,,37854,21373,,,1,100,,37847,21373,,,1,100,,37855,21373,,,1,100,,37848,21373,,,1,100,,37856,21373,,,1,100,,37849,21373,,,1,100,,37857,21373,,,1
12301,'F7',539,,37869,21373,,,1,70,,37879,21373,,,1,20,,37862,21373,,,1,26,,37861,21373,,,1,55,,37863,21373,,,1,28,,37864,21373,,,1,70,,37858,21373,,,1,28,,37859,21373,,,1,70,,37860,21373,,,1,26,,37880,21373,,,1,70,,37883,21373,,,1,56,,37870,21373,,,1,142,,37866,21373,,,1,100,,37876,21373,,,1,100,,37881,21373,,,1,100,,37886,21373,,,1,11,,37874,21373,,,1,27,,37887,21373,,,1,20,,37889,21373,,,1,55,,37875,21373,,,1,19,,37873,21373,,,1,6,,37884,21373,,,1,16,,37890,21373,,,1,50,,37892,21373,,,1,6,,37878,21373,,,1,24,,37877,21373,,,1,66,,37888,21373,,,1,27,,37893,21373,,,1,31,,37868,21373,,,1,66,,37865,21373,,,1,34,,37867,21373,,,1,68,,37885,21373,,,1,30,,37882,21373,,,1,98,,37891,21373,,,1,97,,37871,21373,,,1,100,,37894,21373,,,1,157,,37872,21373,,,1
12301,'F8',552,,37897,21373,,,1,100,,37895,21373,,,1,100,,37898,21373,,,1,101,,37896,21373,,,1,100,,37899,21373,,,1,100,,37907,21373,,,1,100,,37900,21373,,,1,100,,37908,21373,,,1,100,,37901,21373,,,1,100,,37909,21373,,,1,100,,37902,21373,,,1,100,,37910,21373,,,1,100,,37903,21373,,,1,100,,37911,21373,,,1,100,,37904,21373,,,1,100,,37912,21373,,,1,100,,37905,21373,,,1,100,,37913,21373,,,1,100,,37906,21373,,,1,100,,37914,21373,,,1
12301,'F9',553,,37915,21373,,,1,100,,37925,21373,,,1,100,,37916,21373,,,1,100,,37926,21373,,,1,102,,37917,21373,,,1,100,,37927,21373,,,1,100,,37918,21373,,,1,100,,37928,21373,,,1,100,,37919,21373,,,1,100,,37929,21373,,,1,100,,37920,21373,,,1,100,,37930,21373,,,1,100,,37921,21373,,,1,100,,37931,21373,,,1,100,,37922,21373,,,1,98,,37932,21373,,,1,100,,37923,21373,,,1,100,,37933,21373,,,1,100,,37924,21373,,,1,100,,37934,21373,,,1
12301,'SA',552,,37937,21373,,,1,100,,37935,21373,,,1,100,,37938,21373,,,1,101,,37936,21373,,,1,100,,37939,21373,,,1,100,,37947,21373,,,1,100,,37940,21373,,,1,100,,37948,21373,,,1,100,,37941,21373,,,1,100,,37949,21373,,,1,100,,37942,21373,,,1,100,,37950,21373,,,1,100,,37943,21373,,,1,100,,37951,21373,,,1,100,,37944,21373,,,1,100,,37952,21373,,,1,100,,37945,21373,,,1,100,,37953,21373,,,1,100,,37946,21373,,,1,100,,37954,21373,,,1
12301,'SE',539,,37966,21373,,,1,70,,37976,21373,,,1,20,,37959,21373,,,1,26,,37958,21373,,,1,55,,37960,21373,,,1,28,,37961,21373,,,1,70,,37955,21373,,,1,28,,37956,21373,,,1,70,,37957,21373,,,1,26,,37977,21373,,,1,70,,37980,21373,,,1,56,,37967,21373,,,1,142,,37963,21373,,,1,100,,37973,21373,,,1,100,,37978,21373,,,1,100,,37983,21373,,,1,11,,37971,21373,,,1,27,,37984,21373,,,1,20,,37986,21373,,,1,55,,37972,21373,,,1,19,,37970,21373,,,1,6,,37981,21373,,,1,16,,37987,21373,,,1,50,,37989,21373,,,1,6,,37975,21373,,,1,24,,37974,21373,,,1,66,,37985,21373,,,1,27,,37990,21373,,,1,31,,37965,21373,,,1,66,,37962,21373,,,1,34,,37964,21373,,,1,68,,37982,21373,,,1,30,,37979,21373,,,1,98,,37988,21373,,,1,97,,37968,21373,,,1,100,,37991,21373,,,1,157,,37969,21373,,,1
17001,'F7',519,,38915,4073,0,48 49,2,30,,38916,4073,0,48 49,2,62,,38899,4073,0,48 49,2,30,,38903,4073,0,48 49,2,70,,38900,4073,0,48 49,2,31,,38904,4073,0,48 49,2,69,,38901,4073,0,48 49,2,35,,38905,4073,0,48 49,2,70,,38902,4073,0,48 49,2,616,,38911,4073,0,48 49,2,70,,38906,4073,0,48 49,2,30,,38912,4073,0,48 49,2,70,,38907,4073,0,48 49,2,30,,38913,4073,0,48 49,2,70,,38908,4073,0,48 49,2,30,,38914,4073,0,48 49,2,70,,38909,4073,0,48 49,2
17001,'SE',519,,38933,4073,0,48 49,2,30,,38934,4073,0,48 49,2,62,,38917,4073,0,48 49,2,30,,38921,4073,0,48 49,2,70,,38918,4073,0,48 49,2,31,,38922,4073,0,48 49,2,69,,38919,4073,0,48 49,2,35,,38923,4073,0,48 49,2,70,,38920,4073,0,48 49,2,616,,38929,4073,0,48 49,2,70,,38924,4073,0,48 49,2,30,,38930,4073,0,48 49,2,70,,38925,4073,0,48 49,2,30,,38931,4073,0,48 49,2,70,,38926,4073,0,48 49,2,30,,38932,4073,0,48 49,2,70,,38927,4073,0,48 49,2
