1300,'DI',702,,3422,6091,,,1,100,,23867,6091,,,1,100,,3423,6091,,,1,100,,23868,6091,,,1,100,,3424,6091,,,1,100,,23869,6091,,,1,100,,3425,6091,,,1,55,,23870,6091,,,1,145,,23878,6091,,,1,100,,23864,6091,,,1,100,,23871,6091,,,1,100,,23866,6091,,,1,100,,23872,6091,,,1,100,,23876,6091,,,1,100,,23874,6091,,,1,100,,23873,6091,,,1,100,,23865,6091,,,1,100,,23877,6091,,,1,100,,23875,6091,,,1
1300,'F1',702,,23879,6091,,,1,100,,23887,6091,,,1,100,,23881,6091,,,1,101,,23882,6091,,,1,99,,23892,6091,,,1,100,,23880,6091,,,1,100,,23888,6091,,,1,100,,23883,6091,,,1,100,,23889,6091,,,1,100,,23897,6091,,,1,100,,23885,6091,,,1,100,,23893,6091,,,1,100,,23890,6091,,,1,100,,23894,6091,,,1,100,,23884,6091,,,1,100,,23896,6091,,,1,100,,23891,6091,,,1,100,,23895,6091,,,1,100,,23898,6091,,,1,100,,23886,6091,,,1
1300,'F2',702,,23900,6091,,,1,100,,23907,6091,,,1,100,,23901,6091,,,1,101,,23902,6091,,,1,99,,23908,6091,,,1,100,,23910,6091,,,1,100,,23903,6091,,,1,100,,23911,6091,,,1,100,,23904,6091,,,1,100,,23899,6091,,,1,100,,23914,6091,,,1,100,,23917,6091,,,1,100,,23905,6091,,,1,100,,23912,6091,,,1,100,,23909,6091,,,1,100,,23918,6091,,,1,100,,23915,6091,,,1,100,,23906,6091,,,1,100,,23916,6091,,,1,100,,23913,6091,,,1
1300,'F7',606,,23933,6091,,,1,33,,23955,6091,,,1,67,,23949,6091,,,1,32,,23923,6091,,,1,15,,23941,6091,,,1,55,,23924,6091,,,1,15,,23936,6091,,,1,25,,23927,6091,,,1,65,,23919,6091,,,1,29,,23921,6091,,,1,70,,23931,6091,,,1,30,,23930,6091,,,1,70,,23925,6091,,,1,30,,23943,6091,,,1,70,,23922,6091,,,1,31,,23932,6091,,,1,70,,23951,6091,,,1,30,,23938,6091,,,1,70,,23944,6091,,,1,30,,23956,6091,,,1,70,,23953,6091,,,1,30,,23920,6091,,,1,61,,23946,6091,,,1,20,,23939,6091,,,1,15,,23940,6091,,,1,13,,23942,6091,,,1,50,,23959,6091,,,1,17,,23947,6091,,,1,20,,23937,6091,,,1,20,,23935,6091,,,1,60,,23934,6091,,,1,27,,23958,6091,,,1,68,,23926,6091,,,1,32,,23952,6091,,,1,70,,23954,6091,,,1,30,,23945,6091,,,1,69,,23957,6091,,,1,100,,23948,6091,,,1,100,,23950,6091,,,1,100,,23928,6091,,,1,103,,23929,6091,,,1
1300,'F8',702,,23961,6091,,,1,100,,23968,6091,,,1,100,,23962,6091,,,1,101,,23963,6091,,,1,99,,23969,6091,,,1,100,,23971,6091,,,1,100,,23964,6091,,,1,100,,23972,6091,,,1,100,,23965,6091,,,1,100,,23960,6091,,,1,100,,23975,6091,,,1,100,,23978,6091,,,1,100,,23966,6091,,,1,100,,23973,6091,,,1,100,,23970,6091,,,1,100,,23979,6091,,,1,100,,23976,6091,,,1,100,,23967,6091,,,1,100,,23977,6091,,,1,100,,23974,6091,,,1
1300,'F9',702,,23982,6091,,,1,100,,23987,6091,,,1,100,,23983,6091,,,1,100,,23988,6091,,,1,100,,23984,6091,,,1,100,,23989,6091,,,1,100,,23985,6091,,,1,55,,23990,6091,,,1,145,,23998,6091,,,1,100,,23980,6091,,,1,100,,23991,6091,,,1,100,,23986,6091,,,1,100,,23992,6091,,,1,100,,23996,6091,,,1,100,,23994,6091,,,1,100,,23993,6091,,,1,100,,23981,6091,,,1,100,,23997,6091,,,1,100,,23995,6091,,,1
1300,'SA',702,,24000,6091,,,1,100,,24007,6091,,,1,100,,24001,6091,,,1,101,,24002,6091,,,1,99,,24008,6091,,,1,100,,24010,6091,,,1,100,,24003,6091,,,1,100,,24011,6091,,,1,100,,24004,6091,,,1,100,,23999,6091,,,1,100,,24014,6091,,,1,100,,24017,6091,,,1,100,,24005,6091,,,1,100,,24012,6091,,,1,100,,24009,6091,,,1,100,,24018,6091,,,1,100,,24015,6091,,,1,100,,24006,6091,,,1,100,,24016,6091,,,1,100,,24013,6091,,,1
1300,'SE',606,,24033,6091,,,1,33,,24055,6091,,,1,67,,24049,6091,,,1,32,,24023,6091,,,1,15,,24041,6091,,,1,55,,24024,6091,,,1,15,,24036,6091,,,1,25,,24027,6091,,,1,65,,24019,6091,,,1,29,,24021,6091,,,1,70,,24031,6091,,,1,30,,24030,6091,,,1,70,,24025,6091,,,1,30,,24043,6091,,,1,70,,24022,6091,,,1,31,,24032,6091,,,1,70,,24051,6091,,,1,30,,24038,6091,,,1,70,,24044,6091,,,1,30,,24056,6091,,,1,70,,24053,6091,,,1,30,,24020,6091,,,1,61,,24046,6091,,,1,20,,24039,6091,,,1,15,,24040,6091,,,1,13,,24042,6091,,,1,50,,24059,6091,,,1,17,,24047,6091,,,1,20,,24037,6091,,,1,20,,24035,6091,,,1,60,,24034,6091,,,1,27,,24058,6091,,,1,68,,24026,6091,,,1,32,,24052,6091,,,1,70,,24054,6091,,,1,30,,24045,6091,,,1,69,,24057,6091,,,1,100,,24048,6091,,,1,100,,24050,6091,,,1,100,,24028,6091,,,1,103,,24029,6091,,,1
3700,'F7',1620,,28882,5468,,,2,36,,28883,5468,,,2,65,,28885,5468,,,2,30,,28881,5468,,,2,67,,28884,5468,,,2
3700,'SE',1620,,28889,5468,,,2,36,,28890,5468,,,2,65,,28892,5468,,,2,30,,28888,5468,,,2,67,,28891,5468,,,2
52601,'F7',857,,40646,160,,,2,1,,40647,160,,,2
52601,'SE',857,,40648,160,,,2,1,,40649,160,,,2
61300,'F7',1647,,40770,5662,,,2,53,,40769,5662,,,2
61300,'SE',1647,,18881,5662,,,2,53,,40771,5662,,,2
69500,'F7',1625,,40951,5930,,,2,1,,40950,5930,,,2
69500,'SE',1625,,40953,5930,,,2,1,,40952,5930,,,2
