4901,'DI',624,,31060,3748,,,2,100,,31072,3748,,,2,100,,31061,3748,,,2,100,,31067,3748,,,2,102,,31068,3748,,,2,100,,31069,3748,,,2,100,,31070,3748,,,2,100,,31071,3748,,,2,100,,31062,3748,,,2,100,,31063,3748,,,2,100,,31073,3748,,,2,100,,31074,3748,,,2,100,,31059,3748,,,2,99,,31064,3748,,,2,99,,31065,3748,,,2,100,,31075,3748,,,2,100,,31076,3748,,,2,98,,31066,3748,,,2,100,,31058,3748,,,2
4901,'F1',624,,31078,3748,,,2,100,,31077,3748,,,2,100,,31088,3748,,,2,100,,31094,3748,,,2,102,,31095,3748,,,2,100,,31096,3748,,,2,100,,31081,3748,,,2,100,,31082,3748,,,2,100,,31083,3748,,,2,100,,31084,3748,,,2,100,,31085,3748,,,2,100,,31086,3748,,,2,100,,31087,3748,,,2,99,,31090,3748,,,2,99,,31091,3748,,,2,100,,31079,3748,,,2,100,,31080,3748,,,2,98,,31092,3748,,,2,100,,31089,3748,,,2
4901,'F2',624,,31113,3748,,,2,100,,31097,3748,,,2,100,,31114,3748,,,2,100,,31106,3748,,,2,102,,31100,3748,,,2,100,,31101,3748,,,2,100,,31102,3748,,,2,100,,31103,3748,,,2,100,,31107,3748,,,2,100,,31108,3748,,,2,100,,31109,3748,,,2,100,,31110,3748,,,2,100,,31111,3748,,,2,99,,31098,3748,,,2,99,,31112,3748,,,2,100,,31104,3748,,,2,100,,31099,3748,,,2,98,,31115,3748,,,2,100,,31105,3748,,,2
4901,'F7',622,,31135,3748,,,2,20,,31148,3748,,,2,15,,31124,3748,,,2,58,,31138,3748,,,2,15,,31117,3748,,,2,16,,31136,3748,,,2,54,,31139,3748,,,2,15,,31133,3748,,,2,15,,31137,3748,,,2,15,,31140,3748,,,2,60,,31134,3748,,,2,20,,31141,3748,,,2,101,,31149,3748,,,2,100,,31125,3748,,,2,101,,31118,3748,,,2,100,,31126,3748,,,2,97,,31128,3748,,,2,100,,31122,3748,,,2,103,,31121,3748,,,2,12,,31150,3748,,,2,19,,31129,3748,,,2,51,,31145,3748,,,2,15,,31142,3748,,,2,15,,31152,3748,,,2,15,,31146,3748,,,2,55,,31143,3748,,,2,15,,31130,3748,,,2,14,,31147,3748,,,2,15,,31144,3748,,,2,71,,31151,3748,,,2,100,,31119,3748,,,2,98,,31131,3748,,,2,100,,31120,3748,,,2,99,,31132,3748,,,2,100,,31127,3748,,,2
4901,'F8',624,,31169,3748,,,2,100,,31153,3748,,,2,100,,31170,3748,,,2,100,,31162,3748,,,2,102,,31156,3748,,,2,100,,31157,3748,,,2,100,,31158,3748,,,2,100,,31159,3748,,,2,100,,31163,3748,,,2,100,,31164,3748,,,2,100,,31165,3748,,,2,100,,31166,3748,,,2,100,,31167,3748,,,2,99,,31154,3748,,,2,99,,31168,3748,,,2,100,,31160,3748,,,2,100,,31155,3748,,,2,98,,31171,3748,,,2,100,,31161,3748,,,2
4901,'F9',624,,31175,3748,,,2,100,,31187,3748,,,2,100,,31176,3748,,,2,100,,31182,3748,,,2,102,,31183,3748,,,2,100,,31184,3748,,,2,100,,31185,3748,,,2,100,,31186,3748,,,2,100,,31177,3748,,,2,100,,31178,3748,,,2,100,,31188,3748,,,2,100,,31189,3748,,,2,100,,31174,3748,,,2,99,,31179,3748,,,2,99,,31180,3748,,,2,100,,31190,3748,,,2,100,,31191,3748,,,2,98,,31181,3748,,,2,100,,31173,3748,,,2
4901,'SA',624,,31208,3748,,,2,100,,31192,3748,,,2,100,,31209,3748,,,2,100,,31201,3748,,,2,102,,31195,3748,,,2,100,,31196,3748,,,2,100,,31197,3748,,,2,100,,31198,3748,,,2,100,,31202,3748,,,2,100,,31203,3748,,,2,100,,31204,3748,,,2,100,,31205,3748,,,2,100,,31206,3748,,,2,99,,31193,3748,,,2,99,,31207,3748,,,2,100,,31199,3748,,,2,100,,31194,3748,,,2,98,,31210,3748,,,2,100,,31200,3748,,,2
4901,'SE',622,,31230,3748,,,2,20,,31243,3748,,,2,15,,31219,3748,,,2,58,,31233,3748,,,2,15,,31212,3748,,,2,16,,31231,3748,,,2,54,,31234,3748,,,2,15,,31228,3748,,,2,15,,31232,3748,,,2,15,,31235,3748,,,2,60,,31229,3748,,,2,20,,31236,3748,,,2,101,,31244,3748,,,2,100,,31220,3748,,,2,101,,31213,3748,,,2,100,,31221,3748,,,2,97,,31223,3748,,,2,100,,31217,3748,,,2,103,,31216,3748,,,2,12,,31245,3748,,,2,19,,31224,3748,,,2,51,,31240,3748,,,2,15,,31237,3748,,,2,15,,31247,3748,,,2,15,,31241,3748,,,2,55,,31238,3748,,,2,15,,31225,3748,,,2,14,,31242,3748,,,2,15,,31239,3748,,,2,71,,31246,3748,,,2,100,,31214,3748,,,2,98,,31226,3748,,,2,100,,31215,3748,,,2,99,,31227,3748,,,2,100,,31222,3748,,,2
54901,'F7',907,,40707,3748,,,2
54901,'SE',907,,40708,3748,,,2
