2001,'DI',548,,5767,6044,,,2,100,,5778,6044,,,2,100,,5772,6044,,,2,100,,5768,6044,,,2,100,,5779,6044,,,2,100,,5773,6044,,,2,97,,5769,6044,,,2,103,,5770,6044,,,2,100,,5774,6044,,,2,100,,5780,6044,,,2,100,,5771,6044,,,2,97,,5775,6044,,,2,103,,5776,6044,,,2,100,,5783,6044,,,2,100,,5766,6044,,,2,100,,5781,6044,,,2,100,,5777,6044,,,2,100,,5765,6044,,,2,100,,5764,6044,,,2
2001,'F1',549,,5795,6044,,,2,100,,5803,6044,,,2,100,,5791,6044,,,2,100,,5799,6044,,,2,100,,5796,6044,,,2,100,,5794,6044,,,2,100,,5804,6044,,,2,100,,5797,6044,,,2,100,,5786,6044,,,2,100,,5792,6044,,,2,100,,5798,6044,,,2,96,,5800,6044,,,2,104,,5801,6044,,,2,104,,5802,6044,,,2,96,,5787,6044,,,2,100,,5793,6044,,,2,100,,5784,6044,,,2,100,,5788,6044,,,2,100,,5785,6044,,,2,100,,5790,6044,,,2
2001,'F7',548,,5808,6044,,,2,100,,5819,6044,,,2,100,,5813,6044,,,2,100,,5809,6044,,,2,100,,5820,6044,,,2,100,,5814,6044,,,2,97,,5810,6044,,,2,103,,5811,6044,,,2,100,,5815,6044,,,2,100,,5821,6044,,,2,100,,5812,6044,,,2,97,,5816,6044,,,2,103,,5817,6044,,,2,100,,5824,6044,,,2,100,,5807,6044,,,2,100,,5822,6044,,,2,100,,5818,6044,,,2,100,,5806,6044,,,2,100,,5805,6044,,,2
2001,'F8',535,,5857,6044,,,2,76,,5867,6044,,,2,20,,5879,6044,,,2,16,,5834,6044,,,2,9,,5868,6044,,,2,49,,5873,6044,,,2,9,,5844,6044,,,2,9,,5832,6044,,,2,4,,5837,6044,,,2,14,,5842,6044,,,2,10,,5827,6044,,,2,8,,5828,6044,,,2,50,,5841,6044,,,2,10,,5843,6044,,,2,6,,5826,6044,,,2,14,,5833,6044,,,2,71,,5877,6044,,,2,31,,5835,6044,,,2,70,,5830,6044,,,2,31,,5838,6044,,,2,70,,5845,6044,,,2,30,,5825,6044,,,2,70,,5870,6044,,,2,30,,5859,6044,,,2,70,,5846,6044,,,2,30,,5863,6044,,,2,70,,5869,6044,,,2,30,,5878,6044,,,2,70,,5847,6044,,,2,31,,5839,6044,,,2,61,,5876,6044,,,2,17,,5858,6044,,,2,15,,5874,6044,,,2,15,,5862,6044,,,2,55,,5855,6044,,,2,16,,5865,6044,,,2,11,,5860,6044,,,2,13,,5853,6044,,,2,9,,5850,6044,,,2,52,,5871,6044,,,2,13,,5856,6044,,,2,11,,5836,6044,,,2,14,,5848,6044,,,2,13,,5854,6044,,,2,55,,5851,6044,,,2,28,,5861,6044,,,2,70,,5866,6044,,,2,30,,5840,6044,,,2,70,,5831,6044,,,2,30,,5872,6044,,,2,70,,5849,6044,,,2,100,,5852,6044,,,2,100,,5864,6044,,,2,100,,5829,6044,,,2
2001,'F9',549,,5891,6044,,,2,100,,5899,6044,,,2,100,,5887,6044,,,2,100,,5895,6044,,,2,100,,5892,6044,,,2,100,,5890,6044,,,2,100,,5900,6044,,,2,100,,5893,6044,,,2,100,,5882,6044,,,2,100,,5888,6044,,,2,100,,5894,6044,,,2,96,,5896,6044,,,2,104,,5897,6044,,,2,104,,5898,6044,,,2,96,,5883,6044,,,2,100,,5889,6044,,,2,100,,5880,6044,,,2,100,,5884,6044,,,2,100,,5881,6044,,,2,100,,5886,6044,,,2
2001,'SA',549,,5912,6044,,,2,100,,5920,6044,,,2,100,,5908,6044,,,2,100,,5916,6044,,,2,100,,5913,6044,,,2,100,,5911,6044,,,2,100,,5921,6044,,,2,100,,5914,6044,,,2,100,,5903,6044,,,2,100,,5909,6044,,,2,100,,5915,6044,,,2,96,,5917,6044,,,2,104,,5918,6044,,,2,104,,5919,6044,,,2,96,,5904,6044,,,2,100,,5910,6044,,,2,100,,5901,6044,,,2,100,,5905,6044,,,2,100,,5902,6044,,,2,100,,5907,6044,,,2
2001,'SE',535,,5954,6044,,,2,76,,5964,6044,,,2,20,,5976,6044,,,2,16,,5931,6044,,,2,9,,5965,6044,,,2,49,,5970,6044,,,2,9,,5941,6044,,,2,9,,5929,6044,,,2,4,,5934,6044,,,2,14,,5939,6044,,,2,10,,5924,6044,,,2,8,,5925,6044,,,2,50,,5938,6044,,,2,10,,5940,6044,,,2,6,,5923,6044,,,2,14,,5930,6044,,,2,71,,5974,6044,,,2,31,,5932,6044,,,2,70,,5927,6044,,,2,31,,5935,6044,,,2,70,,5942,6044,,,2,30,,5922,6044,,,2,70,,5967,6044,,,2,30,,5956,6044,,,2,70,,5943,6044,,,2,30,,5960,6044,,,2,70,,5966,6044,,,2,30,,5975,6044,,,2,70,,5944,6044,,,2,31,,5936,6044,,,2,61,,5973,6044,,,2,17,,5955,6044,,,2,15,,5971,6044,,,2,15,,5959,6044,,,2,55,,5952,6044,,,2,16,,5962,6044,,,2,11,,5957,6044,,,2,13,,5950,6044,,,2,9,,5947,6044,,,2,52,,5968,6044,,,2,13,,5953,6044,,,2,11,,5933,6044,,,2,14,,5945,6044,,,2,13,,5951,6044,,,2,55,,5948,6044,,,2,28,,5958,6044,,,2,70,,5963,6044,,,2,30,,5937,6044,,,2,70,,5928,6044,,,2,30,,5969,6044,,,2,70,,5946,6044,,,2,100,,5949,6044,,,2,100,,5961,6044,,,2,100,,5926,6044,,,2
57000,'F8',1623,,18834,13482,,,2
57000,'SE',1623,,18835,13482,,,2
67300,'F8',1507,,18984,6271,,,2
67300,'SE',1507,,18985,6271,,,2
