4700,'DI',620,,30486,2878,,,1,100,,30472,2878,,,1,100,,30489,2878,,,1,100,,30490,2878,,,1,100,,30473,2878,,,1,100,,30478,2878,,,1,100,,30487,2878,,,1,100,,30474,2878,,,1,104,,30475,2878,,,1,91,,30481,2878,,,1,108,,30482,2878,,,1,102,,30476,2878,,,1,95,,30483,2878,,,1,97,,30479,2878,,,1,100,,30484,2878,,,1,100,,30477,2878,,,1,100,,30480,2878,,,1,100,,30485,2878,,,1,100,,30488,2878,,,1,100,,30491,2878,,,1
4700,'F1',620,,30505,2878,,,1,103,,30509,2878,,,1,101,,30494,2878,,,1,96,,30499,2878,,,1,96,,30495,2878,,,1,104,,30500,2878,,,1,100,,30492,2878,,,1,100,,30501,2878,,,1,95,,30493,2878,,,1,104,,30510,2878,,,1,100,,30506,2878,,,1,101,,30508,2878,,,1,100,,30507,2878,,,1,97,,30496,2878,,,1,100,,30511,2878,,,1,100,,30502,2878,,,1,100,,30503,2878,,,1,100,,30504,2878,,,1,100,,30497,2878,,,1,100,,30498,2878,,,1
4700,'F2',620,,30529,2878,,,1,103,,30515,2878,,,1,101,,30512,2878,,,1,96,,30519,2878,,,1,96,,30513,2878,,,1,104,,30520,2878,,,1,100,,30516,2878,,,1,100,,30521,2878,,,1,95,,30514,2878,,,1,104,,30517,2878,,,1,100,,30522,2878,,,1,101,,30518,2878,,,1,100,,30523,2878,,,1,97,,30526,2878,,,1,100,,30524,2878,,,1,100,,30525,2878,,,1,100,,30527,2878,,,1,100,,30528,2878,,,1,100,,30530,2878,,,1,100,,30531,2878,,,1
4700,'F7',622,,30542,2878,,,1,32,,30543,2878,,,1,69,,30541,2878,,,1,33,,30565,2878,,,1,74,,30545,2878,,,1,70,,30566,2878,,,1,30,,30558,2878,,,1,70,,30564,2878,,,1,30,,30544,2878,,,1,70,,30534,2878,,,1,30,,30561,2878,,,1,70,,30535,2878,,,1,30,,30536,2878,,,1,70,,30546,2878,,,1,30,,30570,2878,,,1,70,,30559,2878,,,1,30,,30537,2878,,,1,70,,30563,2878,,,1,28,,30549,2878,,,1,28,,30568,2878,,,1,75,,30547,2878,,,1,15,,30550,2878,,,1,55,,30553,2878,,,1,15,,30555,2878,,,1,15,,30562,2878,,,1,15,,30548,2878,,,1,55,,30554,2878,,,1,15,,30560,2878,,,1,15,,30556,2878,,,1,18,,30551,2878,,,1,69,,30567,2878,,,1,30,,30538,2878,,,1,70,,30569,2878,,,1,30,,30533,2878,,,1,70,,30540,2878,,,1,30,,30552,2878,,,1,100,,30532,2878,,,1,100,,30557,2878,,,1,100,,30539,2878,,,1
4700,'F8',620,,30588,2878,,,1,103,,30574,2878,,,1,101,,30571,2878,,,1,96,,30578,2878,,,1,96,,30572,2878,,,1,104,,30579,2878,,,1,100,,30575,2878,,,1,100,,30580,2878,,,1,95,,30573,2878,,,1,104,,30576,2878,,,1,100,,30581,2878,,,1,101,,30577,2878,,,1,100,,30582,2878,,,1,97,,30585,2878,,,1,100,,30583,2878,,,1,100,,30584,2878,,,1,100,,30586,2878,,,1,100,,30587,2878,,,1,100,,30589,2878,,,1,100,,30590,2878,,,1
4700,'F9',620,,30605,2878,,,1,100,,30591,2878,,,1,100,,30608,2878,,,1,100,,30609,2878,,,1,100,,30592,2878,,,1,100,,30597,2878,,,1,100,,30606,2878,,,1,100,,30593,2878,,,1,104,,30594,2878,,,1,91,,30600,2878,,,1,108,,30601,2878,,,1,102,,30595,2878,,,1,95,,30602,2878,,,1,97,,30598,2878,,,1,100,,30603,2878,,,1,100,,30596,2878,,,1,100,,30599,2878,,,1,100,,30604,2878,,,1,100,,30607,2878,,,1,100,,30610,2878,,,1
4700,'SA',620,,30628,2878,,,1,103,,30614,2878,,,1,101,,30611,2878,,,1,96,,30618,2878,,,1,96,,30612,2878,,,1,104,,30619,2878,,,1,100,,30615,2878,,,1,100,,30620,2878,,,1,95,,30613,2878,,,1,104,,30616,2878,,,1,100,,30621,2878,,,1,101,,30617,2878,,,1,100,,30622,2878,,,1,97,,30625,2878,,,1,100,,30623,2878,,,1,100,,30624,2878,,,1,100,,30626,2878,,,1,100,,30627,2878,,,1,100,,30629,2878,,,1,100,,30630,2878,,,1
4700,'SE',622,,30641,2878,,,1,32,,30642,2878,,,1,69,,30640,2878,,,1,33,,30662,2878,,,1,74,,30644,2878,,,1,70,,30663,2878,,,1,30,,30655,2878,,,1,70,,30661,2878,,,1,30,,30643,2878,,,1,70,,30633,2878,,,1,30,,30658,2878,,,1,70,,30634,2878,,,1,30,,30635,2878,,,1,70,,30645,2878,,,1,30,,30667,2878,,,1,70,,30656,2878,,,1,30,,30636,2878,,,1,70,,30660,2878,,,1,28,,30648,2878,,,1,28,,30665,2878,,,1,75,,30646,2878,,,1,15,,30649,2878,,,1,55,,9568,2878,,,1,15,,30652,2878,,,1,15,,30659,2878,,,1,15,,30647,2878,,,1,55,,9569,2878,,,1,15,,30657,2878,,,1,15,,30653,2878,,,1,18,,30650,2878,,,1,69,,30664,2878,,,1,30,,30637,2878,,,1,70,,30666,2878,,,1,30,,30632,2878,,,1,70,,30639,2878,,,1,30,,30651,2878,,,1,100,,30631,2878,,,1,100,,30654,2878,,,1,100,,30638,2878,,,1
54700,'F7',1635,,40701,7614,,,2
54700,'SE',1635,,40702,7614,,,2
