6101,'DI',701,,32655,938,,,2,30,,32652,938,,,2,72,,32658,938,,,2,17,,32656,938,,,2,30,,32653,938,,,2,70,,32659,938,,,2,30,,32657,938,,,2,70,,32654,938,,,2,30,,32660,938,,,2,70,,32661,938,,,2,30,,32665,938,,,2,70,,32669,938,,,2,30,,32662,938,,,2,70,,32666,938,,,2,30,,32670,938,,,2,70,,32663,938,,,2,30,,32667,938,,,2,70,,32671,938,,,2,30,,32664,938,,,2,74,,32668,938,,,2,21,,32672,938,,,2,75,,32674,938,,,2,20,,32677,938,,,2,80,,32673,938,,,2,25,,32675,938,,,2,70,,32678,938,,,2,85,,32676,938,,,2,100,,32679,938,,,2,100,,32680,938,,,2,100,,32681,938,,,2,100,,32682,938,,,2,100,,32683,938,,,2
6101,'F1',701,,32687,938,,,2,30,,32684,938,,,2,72,,32690,938,,,2,17,,32688,938,,,2,30,,32685,938,,,2,70,,32691,938,,,2,30,,32689,938,,,2,70,,32686,938,,,2,30,,32692,938,,,2,70,,32693,938,,,2,30,,32697,938,,,2,70,,32699,938,,,2,30,,32694,938,,,2,70,,32698,938,,,2,30,,32700,938,,,2,70,,32695,938,,,2,30,,32701,938,,,2,70,,32705,938,,,2,30,,32696,938,,,2,74,,32702,938,,,2,21,,32706,938,,,2,75,,32708,938,,,2,20,,32703,938,,,2,80,,32707,938,,,2,25,,32709,938,,,2,70,,32704,938,,,2,85,,32710,938,,,2,100,,32712,938,,,2,100,,32711,938,,,2,100,,32714,938,,,2,100,,32713,938,,,2,100,,32715,938,,,2
6101,'F2',701,,32719,938,,,2,30,,32716,938,,,2,72,,32722,938,,,2,17,,32720,938,,,2,30,,32717,938,,,2,70,,32723,938,,,2,30,,32721,938,,,2,70,,32718,938,,,2,30,,32724,938,,,2,70,,32725,938,,,2,30,,32729,938,,,2,70,,32731,938,,,2,30,,32726,938,,,2,70,,32730,938,,,2,30,,32732,938,,,2,70,,32727,938,,,2,30,,32733,938,,,2,70,,32737,938,,,2,30,,32728,938,,,2,74,,32734,938,,,2,21,,32738,938,,,2,75,,32740,938,,,2,20,,32735,938,,,2,80,,32739,938,,,2,25,,32741,938,,,2,70,,32736,938,,,2,85,,32742,938,,,2,100,,32744,938,,,2,100,,32743,938,,,2,100,,32746,938,,,2,100,,32745,938,,,2,100,,32747,938,,,2
6101,'F7',539,,32797,938,,,2,70,,32799,938,,,2,10,,32752,938,,,2,14,,32755,938,,,2,9,,32749,938,,,2,14,,32758,938,,,2,54,,32748,938,,,2,7,,32762,938,,,2,20,,32756,938,,,2,9,,32761,938,,,2,59,,32753,938,,,2,24,,32750,938,,,2,22,,32759,938,,,2,55,,32763,938,,,2,36,,32754,938,,,2,70,,32751,938,,,2,30,,32760,938,,,2,72,,32798,938,,,2,30,,32757,938,,,2,70,,32764,938,,,2,30,,32768,938,,,2,70,,32765,938,,,2,30,,32766,938,,,2,73,,32770,938,,,2,21,,32772,938,,,2,67,,32775,938,,,2,23,,32767,938,,,2,20,,32769,938,,,2,64,,32777,938,,,2,4,,32779,938,,,2,25,,32773,938,,,2,7,,32774,938,,,2,54,,32780,938,,,2,13,,32781,938,,,2,14,,32771,938,,,2,15,,32784,938,,,2,6,,32787,938,,,2,56,,32778,938,,,2,14,,32776,938,,,2,24,,32789,938,,,2,64,,32782,938,,,2,28,,32792,938,,,2,69,,32795,938,,,2,30,,32785,938,,,2,69,,32788,938,,,2,30,,32796,938,,,2,70,,32783,938,,,2,29,,32793,938,,,2,70,,32790,938,,,2,29,,32786,938,,,2,68,,32794,938,,,2,30,,32791,938,,,2
6101,'F8',701,,32803,938,,,2,30,,32800,938,,,2,72,,32806,938,,,2,17,,32804,938,,,2,30,,32801,938,,,2,70,,32807,938,,,2,30,,32805,938,,,2,70,,32802,938,,,2,30,,32808,938,,,2,70,,32809,938,,,2,30,,32813,938,,,2,70,,32815,938,,,2,30,,32810,938,,,2,70,,32814,938,,,2,30,,32816,938,,,2,70,,32811,938,,,2,30,,32817,938,,,2,70,,32821,938,,,2,30,,32812,938,,,2,74,,32818,938,,,2,21,,32822,938,,,2,75,,32824,938,,,2,20,,32819,938,,,2,80,,32823,938,,,2,25,,32825,938,,,2,70,,32820,938,,,2,85,,32826,938,,,2,100,,32828,938,,,2,100,,32827,938,,,2,100,,32830,938,,,2,100,,32829,938,,,2,100,,32831,938,,,2
6101,'F9',701,,32835,938,,,2,30,,32832,938,,,2,72,,32838,938,,,2,17,,32836,938,,,2,30,,32833,938,,,2,70,,32839,938,,,2,30,,32837,938,,,2,70,,32834,938,,,2,30,,32840,938,,,2,70,,32841,938,,,2,30,,32845,938,,,2,70,,32849,938,,,2,30,,32842,938,,,2,70,,32846,938,,,2,30,,32850,938,,,2,70,,32843,938,,,2,30,,32847,938,,,2,70,,32851,938,,,2,30,,32844,938,,,2,74,,32848,938,,,2,21,,32852,938,,,2,75,,32854,938,,,2,20,,32857,938,,,2,80,,32853,938,,,2,25,,32855,938,,,2,70,,32858,938,,,2,85,,32856,938,,,2,100,,32859,938,,,2,100,,32860,938,,,2,100,,32861,938,,,2,100,,32862,938,,,2,100,,32863,938,,,2
6101,'SA',701,,32867,938,,,2,30,,32864,938,,,2,72,,32870,938,,,2,17,,32868,938,,,2,30,,32865,938,,,2,70,,32871,938,,,2,30,,32869,938,,,2,70,,32866,938,,,2,30,,32872,938,,,2,70,,32873,938,,,2,30,,32877,938,,,2,70,,32879,938,,,2,30,,32874,938,,,2,70,,32878,938,,,2,30,,32880,938,,,2,70,,32875,938,,,2,30,,32881,938,,,2,70,,32885,938,,,2,30,,32876,938,,,2,74,,32882,938,,,2,21,,32886,938,,,2,75,,32888,938,,,2,20,,32883,938,,,2,80,,32887,938,,,2,25,,32889,938,,,2,70,,32884,938,,,2,85,,32890,938,,,2,100,,32892,938,,,2,100,,32891,938,,,2,100,,32894,938,,,2,100,,32893,938,,,2,100,,32895,938,,,2
6101,'SE',539,,32945,938,,,2,70,,32947,938,,,2,10,,32900,938,,,2,14,,32903,938,,,2,9,,32897,938,,,2,14,,32906,938,,,2,54,,32896,938,,,2,7,,32910,938,,,2,20,,32904,938,,,2,9,,32909,938,,,2,59,,32901,938,,,2,24,,32898,938,,,2,22,,32907,938,,,2,55,,32911,938,,,2,36,,32902,938,,,2,70,,32899,938,,,2,30,,32908,938,,,2,72,,32946,938,,,2,30,,32905,938,,,2,70,,32912,938,,,2,30,,32916,938,,,2,70,,32913,938,,,2,30,,32914,938,,,2,73,,32918,938,,,2,21,,32920,938,,,2,67,,32923,938,,,2,23,,32915,938,,,2,20,,32917,938,,,2,64,,32925,938,,,2,4,,32927,938,,,2,25,,32921,938,,,2,7,,32922,938,,,2,54,,32928,938,,,2,13,,32929,938,,,2,14,,32919,938,,,2,15,,32932,938,,,2,6,,32935,938,,,2,56,,32926,938,,,2,14,,32924,938,,,2,24,,32937,938,,,2,64,,32930,938,,,2,28,,32940,938,,,2,69,,32943,938,,,2,30,,32933,938,,,2,69,,32936,938,,,2,30,,32944,938,,,2,70,,32931,938,,,2,29,,32941,938,,,2,70,,32938,938,,,2,29,,32934,938,,,2,68,,32942,938,,,2,30,,32939,938,,,2
8200,'F7',1548,,36074,12762,0,28 30,2,70,,36077,12762,0,28 30,2,27,,36075,12762,0,28 30,2,64,,36071,12762,0,28 30,2,24,,36073,12762,0,28 30,2,70,,36072,12762,0,28 30,2,30,,36078,12762,0,28 30,2,25,,36076,12762,0,28 30,2
8200,'SE',1548,,36089,12762,0,28 30,2,70,,36092,12762,0,28 30,2,27,,36090,12762,0,28 30,2,64,,36086,12762,0,28 30,2,24,,36088,12762,0,28 30,2,70,,36087,12762,0,28 30,2,30,,14484,12762,0,28 30,2,25,,36091,12762,0,28 30,2
8201,'F7',638,,36098,1541,,,2,70,,36093,1541,,,2,30,,36095,1541,,,2,67,,36094,1541,,,2,26,,36096,1541,,,2,70,,36099,1541,,,2,20,,36097,1541,,,2
8201,'SE',638,,36113,1541,,,2,70,,36108,1541,,,2,30,,36110,1541,,,2,67,,36109,1541,,,2,26,,36111,1541,,,2,70,,36114,1541,,,2,20,,36112,1541,,,2
28401,'F7',906,,39118,5205,,,2,100,,39119,5205,,,2,100,,39120,5205,,,2,100,,39121,5205,,,2,100,,39122,5205,,,2,100,,39123,5205,,,2,100,,39124,5205,,,2
28401,'SE',906,,39125,5205,,,2,100,,39126,5205,,,2,100,,39127,5205,,,2,100,,39128,5205,,,2,100,,39129,5205,,,2,100,,39130,5205,,,2,100,,39131,5205,,,2
