46100,'DI',643,,10119,4,,2,75,,10122,4,,2,108,,10123,4,,2,97,,10124,4,,2,30,,10120,4,,2,69,,10125,4,,2,30,,10127,4,,2,70,,10132,4,,2,30,,10128,4,,2,70,,10133,4,,2,30,,10129,4,,2,70,,10134,4,,2,30,,10130,4,,2,70,,10149,4,,2,30,,10136,4,,2,100,,10137,4,,2,96,,10138,4,,2,100,,10139,4,,2,74,,10141,4,,2,30,,10140,4,,2,70,,10142,4,,2,100,,10144,4,,2,100,,10145,4,,2,100,,10146,4,,2,100,,10147,4,,2,100,,10148,4,,2
46100,'F1',643,,10156,4,,2,75,,10159,4,,2,108,,10160,4,,2,97,,10161,4,,2,30,,10157,4,,2,69,,10162,4,,2,30,,10164,4,,2,70,,10169,4,,2,30,,10165,4,,2,70,,10170,4,,2,30,,10166,4,,2,70,,10171,4,,2,30,,10167,4,,2,70,,10181,4,,2,30,,10173,4,,2,100,,10174,4,,2,96,,10175,4,,2,100,,10176,4,,2,74,,10178,4,,2,30,,10177,4,,2,70,,10179,4,,2,100,,10152,4,,2,100,,10150,4,,2,100,,10153,4,,2,100,,10155,4,,2,100,,10154,4,,2
46100,'SA',643,,10188,4,,2,75,,10191,4,,2,108,,10192,4,,2,97,,10193,4,,2,30,,10189,4,,2,69,,10194,4,,2,30,,10196,4,,2,70,,10201,4,,2,30,,10197,4,,2,70,,10202,4,,2,30,,10198,4,,2,70,,10203,4,,2,30,,10199,4,,2,70,,10213,4,,2,30,,10205,4,,2,100,,10206,4,,2,96,,10207,4,,2,100,,10208,4,,2,74,,10210,4,,2,30,,10209,4,,2,70,,10211,4,,2,100,,10184,4,,2,100,,10182,4,,2,100,,10185,4,,2,100,,10187,4,,2,100,,10186,4,,2
46100,'SE',527,,10215,4,,2,19,,10214,4,,2,56,,10256,4,,2,18,,10255,4,,2,24,,10251,4,,2,71,,10248,4,,2,33,,10257,4,,2,84,,10249,4,,2,68,,10218,4,,2,116,,10219,4,,2,30,,10221,4,,2,70,,10216,4,,2,30,,10223,4,,2,70,,10225,4,,2,30,,10230,4,,2,70,,10220,4,,2,30,,10222,4,,2,70,,10227,4,,2,22,,10224,4,,2,75,,10232,4,,2,36,,10231,4,,2,70,,10253,4,,2,26,,10233,4,,2,14,,10226,4,,2,67,,10228,4,,2,21,,10254,4,,2,55,,10234,4,,2,21,,10235,4,,2,86,,10238,4,,2,30,,10240,4,,2,70,,10243,4,,2,30,,10237,4,,2,70,,10245,4,,2,30,,10244,4,,2,70,,10239,4,,2,31,,10241,4,,2,69,,10246,4,,2,30,,10242,4,,2,69,,10247,4,,2
46101,'DI',552,,10258,0,11 12,2,80,,10261,0,11 12,2,103,,10262,0,11 12,2,97,,10263,0,11 12,2,70,,10259,0,11 12,2,30,,10264,0,11 12,2,70,,10260,0,11 12,2,30,,10265,0,11 12,2,70,,10266,0,11 12,2,30,,10270,0,11 12,2,70,,10267,0,11 12,2,30,,10271,0,11 12,2,70,,10268,0,11 12,2,30,,10272,0,11 12,2,70,,10269,0,11 12,2,100,,10273,0,11 12,2,100,,10274,0,11 12,2,51,,10275,0,11 12,2,79,,10277,0,11 12,2,74,,10276,0,11 12,2,26,,10278,0,11 12,2,95,,10279,0,11 12,2,105,,10280,0,11 12,2,100,,10281,0,11 12,2,100,,10282,0,11 12,2,100,,10283,0,11 12,2
46101,'F1',552,,10288,0,11 12,2,80,,10291,0,11 12,2,103,,10292,0,11 12,2,97,,10293,0,11 12,2,70,,10289,0,11 12,2,30,,10294,0,11 12,2,70,,10290,0,11 12,2,30,,10295,0,11 12,2,70,,10296,0,11 12,2,30,,10300,0,11 12,2,70,,10297,0,11 12,2,30,,10301,0,11 12,2,70,,10298,0,11 12,2,30,,10302,0,11 12,2,70,,10299,0,11 12,2,100,,10303,0,11 12,2,100,,10304,0,11 12,2,51,,10305,0,11 12,2,79,,10307,0,11 12,2,74,,10306,0,11 12,2,26,,10308,0,11 12,2,95,,10309,0,11 12,2,105,,10285,0,11 12,2,100,,10284,0,11 12,2,100,,10286,0,11 12,2,100,,10287,0,11 12,2
46101,'SA',552,,10314,0,11 12,2,80,,10317,0,11 12,2,103,,10318,0,11 12,2,97,,10319,0,11 12,2,70,,10315,0,11 12,2,30,,10320,0,11 12,2,70,,10316,0,11 12,2,30,,10321,0,11 12,2,70,,10322,0,11 12,2,30,,10326,0,11 12,2,70,,10323,0,11 12,2,30,,10327,0,11 12,2,70,,10324,0,11 12,2,30,,10328,0,11 12,2,70,,10325,0,11 12,2,100,,10329,0,11 12,2,100,,10330,0,11 12,2,51,,10331,0,11 12,2,79,,10333,0,11 12,2,74,,10332,0,11 12,2,26,,10334,0,11 12,2,95,,10335,0,11 12,2,105,,10311,0,11 12,2,100,,10310,0,11 12,2,100,,10312,0,11 12,2,100,,10313,0,11 12,2
46101,'SE',440,,10336,0,11 12,2,68,,10368,0,11 12,2,24,,10338,0,11 12,2,20,,10337,0,11 12,2,100,,10366,0,11 12,2,77,,10364,0,11 12,2,108,,10365,0,11 12,2,68,,10340,0,11 12,2,39,,10369,0,11 12,2,77,,10341,0,11 12,2,30,,10342,0,11 12,2,70,,10339,0,11 12,2,30,,10343,0,11 12,2,70,,10344,0,11 12,2,30,,10347,0,11 12,2,70,,10349,0,11 12,2,30,,10350,0,11 12,2,70,,10345,0,11 12,2,97,,10351,0,11 12,2,84,,10348,0,11 12,2,24,,10367,0,11 12,2,27,,10352,0,11 12,2,78,,10346,0,11 12,2,69,,10361,0,11 12,2,36,,10353,0,11 12,2,80,,10355,0,11 12,2,30,,10357,0,11 12,2,70,,10359,0,11 12,2,29,,10354,0,11 12,2,70,,10362,0,11 12,2,30,,10360,0,11 12,2,70,,10356,0,11 12,2,30,,10358,0,11 12,2,69,,10363,0,11 12,2
46200,'DI',736,,10372,4,,2,104,,10370,4,,2,100,,10373,4,,2,666,,10374,4,,2,100,,10371,4,,2,100,,10375,4,,2
46200,'F1',736,,10378,4,,2,104,,10376,4,,2,100,,10379,4,,2,666,,10380,4,,2,100,,10377,4,,2,100,,10381,4,,2
46200,'SA',736,,10384,4,,2,104,,10382,4,,2,100,,10385,4,,2,666,,10386,4,,2,100,,10383,4,,2,100,,10387,4,,2
46200,'SE',744,,10389,4,,2,80,,10388,4,,2,34,,10392,4,,2,69,,10390,4,,2,23,,10391,4,,2,663,,10393,4,,2,102,,10395,4,,2,38,,10396,4,,2,56,,10394,4,,2
46201,'DI',622,,10399,0,9 57,2,93,,10397,0,9 57,2,102,,10400,0,9 57,2,626,,10401,0,9 57,2,99,,10398,0,9 57,2,100,,10402,0,9 57,2
46201,'F1',622,,10405,0,9 57,2,93,,10403,0,9 57,2,102,,10406,0,9 57,2,626,,10407,0,9 57,2,99,,10404,0,9 57,2,100,,10408,0,9 57,2
46201,'SA',622,,10411,0,9 57,2,93,,10409,0,9 57,2,102,,10412,0,9 57,2,626,,10413,0,9 57,2,99,,10410,0,9 57,2,100,,10414,0,9 57,2
46201,'SE',612,,10416,0,9 57,2,33,,10415,0,9 57,2,70,,10419,0,9 57,2,36,,10417,0,9 57,2,66,,10418,0,9 57,2,619,,10420,0,9 57,2,96,,10422,0,9 57,2,84,,10423,0,9 57,2,16,,10421,0,9 57,2
