301,'DI',624,,698,6165,,,1,100,,687,6165,,,1,100,,699,6165,,,1,100,,688,6165,,,1,100,,700,6165,,,1,100,,689,6165,,,1,100,,701,6165,,,1,100,,690,6165,,,1,100,,702,6165,,,1,100,,703,6165,,,1,100,,704,6165,,,1,100,,705,6165,,,1,100,,706,6165,,,1,100,,691,6165,,,1,100,,692,6165,,,1,100,,693,6165,,,1,100,,694,6165,,,1,100,,695,6165,,,1,100,,696,6165,,,1
301,'F1',554,,707,6165,,,1,70,,727,6165,,,1,30,,708,6165,,,1,70,,732,6165,,,1,30,,709,6165,,,1,70,,734,6165,,,1,30,,710,6165,,,1,70,,733,6165,,,1,30,,711,6165,,,1,70,,728,6165,,,1,30,,712,6165,,,1,70,,729,6165,,,1,30,,713,6165,,,1,70,,737,6165,,,1,30,,714,6165,,,1,70,,735,6165,,,1,30,,715,6165,,,1,70,,738,6165,,,1,30,,716,6165,,,1,70,,736,6165,,,1,30,,717,6165,,,1,70,,730,6165,,,1,30,,718,6165,,,1,70,,731,6165,,,1,30,,719,6165,,,1,70,,740,6165,,,1,100,,721,6165,,,1,100,,722,6165,,,1,100,,723,6165,,,1,100,,724,6165,,,1,100,,725,6165,,,1,100,,739,6165,,,1
301,'F7',624,,752,6165,,,1,100,,741,6165,,,1,100,,753,6165,,,1,100,,742,6165,,,1,100,,754,6165,,,1,100,,743,6165,,,1,100,,755,6165,,,1,100,,744,6165,,,1,100,,756,6165,,,1,100,,757,6165,,,1,100,,758,6165,,,1,100,,759,6165,,,1,100,,760,6165,,,1,100,,745,6165,,,1,100,,746,6165,,,1,100,,747,6165,,,1,100,,748,6165,,,1,100,,749,6165,,,1,100,,750,6165,,,1
301,'F8',512,,776,6165,,,1,30,,777,6165,,,1,72,,799,6165,,,1,24,,793,6165,,,1,20,,788,6165,,,1,60,,800,6165,,,1,21,,797,6165,,,1,17,,789,6165,,,1,62,,791,6165,,,1,21,,798,6165,,,1,20,,790,6165,,,1,68,,771,6165,,,1,30,,774,6165,,,1,70,,770,6165,,,1,30,,775,6165,,,1,70,,761,6165,,,1,30,,765,6165,,,1,70,,762,6165,,,1,30,,766,6165,,,1,70,,763,6165,,,1,30,,767,6165,,,1,70,,764,6165,,,1,30,,792,6165,,,1,72,,786,6165,,,1,79,,804,6165,,,1,44,,796,6165,,,1,81,,802,6165,,,1,78,,803,6165,,,1,89,,783,6165,,,1,27,,778,6165,,,1,28,,768,6165,,,1,70,,779,6165,,,1,30,,769,6165,,,1,70,,780,6165,,,1,30,,784,6165,,,1,70,,781,6165,,,1,100,,782,6165,,,1,100,,772,6165,,,1
301,'F9',554,,805,6165,,,1,70,,825,6165,,,1,30,,806,6165,,,1,70,,830,6165,,,1,30,,807,6165,,,1,70,,832,6165,,,1,30,,808,6165,,,1,70,,831,6165,,,1,30,,809,6165,,,1,70,,826,6165,,,1,30,,810,6165,,,1,70,,827,6165,,,1,30,,811,6165,,,1,70,,835,6165,,,1,30,,812,6165,,,1,70,,833,6165,,,1,30,,813,6165,,,1,70,,836,6165,,,1,30,,814,6165,,,1,70,,834,6165,,,1,30,,815,6165,,,1,70,,828,6165,,,1,30,,816,6165,,,1,70,,829,6165,,,1,30,,817,6165,,,1,70,,838,6165,,,1,100,,819,6165,,,1,100,,820,6165,,,1,100,,821,6165,,,1,100,,822,6165,,,1,100,,823,6165,,,1,100,,837,6165,,,1
301,'SA',554,,839,6165,,,1,70,,859,6165,,,1,30,,840,6165,,,1,70,,864,6165,,,1,30,,841,6165,,,1,70,,866,6165,,,1,30,,842,6165,,,1,70,,865,6165,,,1,30,,843,6165,,,1,70,,860,6165,,,1,30,,844,6165,,,1,70,,861,6165,,,1,30,,845,6165,,,1,70,,869,6165,,,1,30,,846,6165,,,1,70,,867,6165,,,1,30,,847,6165,,,1,70,,870,6165,,,1,30,,848,6165,,,1,70,,868,6165,,,1,30,,849,6165,,,1,70,,862,6165,,,1,30,,850,6165,,,1,70,,863,6165,,,1,30,,851,6165,,,1,70,,872,6165,,,1,100,,853,6165,,,1,100,,854,6165,,,1,100,,855,6165,,,1,100,,856,6165,,,1,100,,857,6165,,,1,100,,871,6165,,,1
301,'SE',512,,888,6165,,,1,30,,889,6165,,,1,72,,911,6165,,,1,24,,905,6165,,,1,20,,900,6165,,,1,60,,912,6165,,,1,21,,909,6165,,,1,17,,901,6165,,,1,62,,903,6165,,,1,21,,910,6165,,,1,20,,902,6165,,,1,68,,883,6165,,,1,30,,886,6165,,,1,70,,882,6165,,,1,30,,887,6165,,,1,70,,873,6165,,,1,30,,877,6165,,,1,70,,874,6165,,,1,30,,878,6165,,,1,70,,875,6165,,,1,30,,879,6165,,,1,70,,876,6165,,,1,30,,904,6165,,,1,72,,898,6165,,,1,79,,916,6165,,,1,44,,908,6165,,,1,81,,914,6165,,,1,78,,915,6165,,,1,89,,895,6165,,,1,27,,890,6165,,,1,28,,880,6165,,,1,70,,891,6165,,,1,30,,881,6165,,,1,70,,892,6165,,,1,30,,896,6165,,,1,70,,893,6165,,,1,100,,894,6165,,,1,100,,884,6165,,,1
2101,'DI',611,,6297,11543,,,1,30,,6302,11543,,,1,70,,6324,11543,,,1,29,,6318,11543,,,1,70,,6321,11543,,,1,30,,6310,11543,,,1,71,,6315,11543,,,1,30,,6325,11543,,,1,70,,6298,11543,,,1,27,,6292,11543,,,1,73,,6323,11543,,,1,30,,6322,11543,,,1,72,,6303,11543,,,1,30,,6319,11543,,,1,71,,6316,11543,,,1,34,,6293,11543,,,1,70,,6299,11543,,,1,30,,6317,11543,,,1,70,,6320,11543,,,1,30,,6294,11543,,,1,70,,6300,11543,,,1,30,,6311,11543,,,1,70,,6306,11543,,,1,30,,6295,11543,,,1,70,,6305,11543,,,1,30,,6312,11543,,,1,66,,6307,11543,,,1,27,,6296,11543,,,1,70,,6286,11543,,,1,30,,6290,11543,,,1,70,,6288,11543,,,1,30,,6313,11543,,,1,70,,6314,11543,,,1,30,,6308,11543,,,1,70,,6304,11543,,,1,30,,6289,11543,,,1,70,,6291,11543,,,1,30,,6309,11543,,,1
2101,'F1',611,,6326,11543,,,1,30,,6334,11543,,,1,70,,6345,11543,,,1,30,,6356,11543,,,1,72,,6344,11543,,,1,30,,6350,11543,,,1,70,,6341,11543,,,1,30,,6346,11543,,,1,70,,6359,11543,,,1,25,,6351,11543,,,1,71,,6327,11543,,,1,34,,6357,11543,,,1,73,,6352,11543,,,1,26,,6347,11543,,,1,74,,6360,11543,,,1,32,,6330,11543,,,1,70,,6353,11543,,,1,30,,6358,11543,,,1,70,,6362,11543,,,1,30,,6331,11543,,,1,70,,6354,11543,,,1,30,,6348,11543,,,1,70,,6363,11543,,,1,30,,6332,11543,,,1,70,,6355,11543,,,1,30,,6349,11543,,,1,66,,6364,11543,,,1,27,,6333,11543,,,1,70,,6335,11543,,,1,30,,6340,11543,,,1,70,,6338,11543,,,1,30,,6337,11543,,,1,70,,6342,11543,,,1,30,,6336,11543,,,1,70,,6328,11543,,,1,30,,6339,11543,,,1,70,,6361,11543,,,1,30,,6343,11543,,,1,70,,6365,11543,,,1
2101,'F7',611,,6377,11543,,,1,30,,6382,11543,,,1,70,,6404,11543,,,1,29,,6398,11543,,,1,70,,6401,11543,,,1,30,,6390,11543,,,1,71,,6395,11543,,,1,30,,6405,11543,,,1,70,,6378,11543,,,1,27,,6372,11543,,,1,73,,6403,11543,,,1,30,,6402,11543,,,1,72,,6383,11543,,,1,30,,6399,11543,,,1,71,,6396,11543,,,1,34,,6373,11543,,,1,70,,6379,11543,,,1,30,,6397,11543,,,1,70,,6400,11543,,,1,30,,6374,11543,,,1,70,,6380,11543,,,1,30,,6391,11543,,,1,70,,6386,11543,,,1,30,,6375,11543,,,1,70,,6385,11543,,,1,30,,6392,11543,,,1,66,,6387,11543,,,1,27,,6376,11543,,,1,70,,6366,11543,,,1,30,,6370,11543,,,1,70,,6368,11543,,,1,30,,6393,11543,,,1,70,,6394,11543,,,1,30,,6388,11543,,,1,70,,6384,11543,,,1,30,,6369,11543,,,1,70,,6371,11543,,,1,30,,6389,11543,,,1
2101,'F8',508,,6409,11543,,,1,46,,6408,11543,,,1,67,,6438,11543,,,1,15,,6439,11543,,,1,15,,6433,11543,,,1,55,,6434,11543,,,1,10,,6432,11543,,,1,10,,6444,11543,,,1,13,,6435,11543,,,1,10,,6441,11543,,,1,10,,6437,11543,,,1,50,,6442,11543,,,1,13,,6440,11543,,,1,18,,6448,11543,,,1,17,,6449,11543,,,1,63,,6445,11543,,,1,13,,6436,11543,,,1,20,,6413,11543,,,1,61,,6410,11543,,,1,27,,6406,11543,,,1,74,,6407,11543,,,1,30,,6419,11543,,,1,70,,6411,11543,,,1,32,,6421,11543,,,1,73,,6429,11543,,,1,30,,6423,11543,,,1,70,,6412,11543,,,1,39,,6414,11543,,,1,64,,6455,11543,,,1,30,,6446,11543,,,1,73,,6454,11543,,,1,15,,6447,11543,,,1,15,,6443,11543,,,1,54,,6450,11543,,,1,15,,6451,11543,,,1,18,,6452,11543,,,1,59,,6453,11543,,,1,16,,6415,11543,,,1,20,,6430,11543,,,1,66,,6427,11543,,,1,27,,6424,11543,,,1,25,,6420,11543,,,1,70,,6426,11543,,,1,30,,6422,11543,,,1,69,,6428,11543,,,1,30,,6416,11543,,,1,70,,6431,11543,,,1,98,,6417,11543,,,1,97,,6425,11543,,,1
2101,'F9',611,,6456,11543,,,1,30,,6464,11543,,,1,70,,6475,11543,,,1,30,,6486,11543,,,1,72,,6474,11543,,,1,30,,6480,11543,,,1,70,,6471,11543,,,1,30,,6476,11543,,,1,70,,6489,11543,,,1,25,,6481,11543,,,1,71,,6457,11543,,,1,34,,6487,11543,,,1,73,,6482,11543,,,1,26,,6477,11543,,,1,74,,6490,11543,,,1,32,,6460,11543,,,1,70,,6483,11543,,,1,30,,6488,11543,,,1,70,,6492,11543,,,1,30,,6461,11543,,,1,70,,6484,11543,,,1,30,,6478,11543,,,1,70,,6493,11543,,,1,30,,6462,11543,,,1,70,,6485,11543,,,1,30,,6479,11543,,,1,66,,6494,11543,,,1,27,,6463,11543,,,1,70,,6465,11543,,,1,30,,6470,11543,,,1,70,,6468,11543,,,1,30,,6467,11543,,,1,70,,6472,11543,,,1,30,,6466,11543,,,1,70,,6458,11543,,,1,30,,6469,11543,,,1,70,,6491,11543,,,1,30,,6473,11543,,,1,70,,6495,11543,,,1
2101,'SA',611,,6496,11543,,,1,30,,6504,11543,,,1,70,,6515,11543,,,1,30,,6526,11543,,,1,72,,6514,11543,,,1,30,,6520,11543,,,1,70,,6511,11543,,,1,30,,6516,11543,,,1,70,,6529,11543,,,1,25,,6521,11543,,,1,71,,6497,11543,,,1,34,,6527,11543,,,1,73,,6522,11543,,,1,26,,6517,11543,,,1,74,,6530,11543,,,1,32,,6500,11543,,,1,70,,6523,11543,,,1,30,,6528,11543,,,1,70,,6532,11543,,,1,30,,6501,11543,,,1,70,,6524,11543,,,1,30,,6518,11543,,,1,70,,6533,11543,,,1,30,,6502,11543,,,1,70,,6525,11543,,,1,30,,6519,11543,,,1,66,,6534,11543,,,1,27,,6503,11543,,,1,70,,6505,11543,,,1,30,,6510,11543,,,1,70,,6508,11543,,,1,30,,6507,11543,,,1,70,,6512,11543,,,1,30,,6506,11543,,,1,70,,6498,11543,,,1,30,,6509,11543,,,1,70,,6531,11543,,,1,30,,6513,11543,,,1,70,,6535,11543,,,1
2101,'SE',508,,6539,11543,,,1,46,,6538,11543,,,1,67,,6568,11543,,,1,15,,6569,11543,,,1,15,,6563,11543,,,1,55,,6564,11543,,,1,10,,6562,11543,,,1,10,,6574,11543,,,1,13,,6565,11543,,,1,10,,6571,11543,,,1,10,,6567,11543,,,1,50,,6572,11543,,,1,13,,6570,11543,,,1,18,,6578,11543,,,1,17,,6579,11543,,,1,63,,6575,11543,,,1,13,,6566,11543,,,1,20,,6543,11543,,,1,61,,6540,11543,,,1,27,,6536,11543,,,1,74,,6537,11543,,,1,30,,6549,11543,,,1,70,,6541,11543,,,1,32,,6551,11543,,,1,73,,6559,11543,,,1,30,,6553,11543,,,1,70,,6542,11543,,,1,39,,6544,11543,,,1,64,,6585,11543,,,1,30,,6576,11543,,,1,73,,6584,11543,,,1,15,,6577,11543,,,1,15,,6573,11543,,,1,54,,6580,11543,,,1,15,,6581,11543,,,1,18,,6582,11543,,,1,59,,6583,11543,,,1,16,,6545,11543,,,1,20,,6560,11543,,,1,66,,6557,11543,,,1,27,,6554,11543,,,1,25,,6550,11543,,,1,70,,6556,11543,,,1,30,,6552,11543,,,1,69,,6558,11543,,,1,30,,6546,11543,,,1,70,,6561,11543,,,1,98,,6547,11543,,,1,97,,6555,11543,,,1
