1901,'DI',545,,5328,3517,,,2,100,,5329,3517,,,2,100,,5330,3517,,,2,100,,5331,3517,,,2,104,,5332,3517,,,2,100,,5333,3517,,,2,100,,5334,3517,,,2,100,,5335,3517,,,2,100,,5336,3517,,,2,100,,5338,3517,,,2,100,,5339,3517,,,2,100,,5340,3517,,,2,100,,5341,3517,,,2,100,,5342,3517,,,2,100,,5343,3517,,,2,100,,5344,3517,,,2,100,,5345,3517,,,2,100,,5346,3517,,,2,100,,5347,3517,,,2,100,,5348,3517,,,2
1901,'F1',545,,5349,3517,,,2,70,,5356,3517,,,2,30,,5350,3517,,,2,70,,5357,3517,,,2,30,,5351,3517,,,2,70,,5358,3517,,,2,30,,5352,3517,,,2,70,,5359,3517,,,2,34,,5353,3517,,,2,70,,5360,3517,,,2,30,,5354,3517,,,2,70,,5368,3517,,,2,30,,5355,3517,,,2,70,,5369,3517,,,2,30,,5376,3517,,,2,70,,5370,3517,,,2,30,,5377,3517,,,2,70,,5371,3517,,,2,30,,5378,3517,,,2,70,,5372,3517,,,2,30,,5379,3517,,,2,70,,5373,3517,,,2,30,,5380,3517,,,2,70,,5374,3517,,,2,30,,5381,3517,,,2,70,,5375,3517,,,2,30,,5382,3517,,,2,100,,5361,3517,,,2,100,,5362,3517,,,2,100,,5363,3517,,,2,100,,5364,3517,,,2,100,,5365,3517,,,2,100,,5366,3517,,,2
1901,'F7',545,,5383,3517,,,2,100,,5384,3517,,,2,100,,5385,3517,,,2,100,,5386,3517,,,2,104,,5387,3517,,,2,100,,5388,3517,,,2,100,,5389,3517,,,2,100,,5390,3517,,,2,100,,5391,3517,,,2,100,,5393,3517,,,2,100,,5394,3517,,,2,100,,5395,3517,,,2,100,,5396,3517,,,2,100,,5397,3517,,,2,100,,5398,3517,,,2,100,,5399,3517,,,2,100,,5400,3517,,,2,100,,5401,3517,,,2,100,,5402,3517,,,2,100,,5403,3517,,,2
1901,'F8',504,,5416,3517,,,2,35,,5417,3517,,,2,70,,5446,3517,,,2,23,,5432,3517,,,2,14,,5434,3517,,,2,55,,5430,3517,,,2,12,,5433,3517,,,2,12,,5437,3517,,,2,12,,5439,3517,,,2,12,,5435,3517,,,2,55,,5431,3517,,,2,21,,5438,3517,,,2,20,,5436,3517,,,2,72,,5405,3517,,,2,34,,5404,3517,,,2,70,,5406,3517,,,2,30,,5418,3517,,,2,70,,5407,3517,,,2,30,,5419,3517,,,2,70,,5408,3517,,,2,30,,5420,3517,,,2,70,,5409,3517,,,2,30,,5421,3517,,,2,72,,5410,3517,,,2,30,,5449,3517,,,2,70,,5440,3517,,,2,29,,5447,3517,,,2,61,,5448,3517,,,2,23,,5441,3517,,,2,20,,5445,3517,,,2,61,,5442,3517,,,2,18,,5443,3517,,,2,17,,5444,3517,,,2,61,,5450,3517,,,2,19,,5429,3517,,,2,24,,5422,3517,,,2,65,,5428,3517,,,2,30,,5427,3517,,,2,70,,5411,3517,,,2,30,,5425,3517,,,2,70,,5412,3517,,,2,29,,5426,3517,,,2,100,,5423,3517,,,2,100,,5424,3517,,,2,100,,5414,3517,,,2
1901,'F9',545,,5451,3517,,,2,70,,5458,3517,,,2,30,,5452,3517,,,2,70,,5459,3517,,,2,30,,5453,3517,,,2,70,,5460,3517,,,2,30,,5454,3517,,,2,70,,5461,3517,,,2,34,,5455,3517,,,2,70,,5462,3517,,,2,30,,5456,3517,,,2,70,,5470,3517,,,2,30,,5457,3517,,,2,70,,5471,3517,,,2,30,,5478,3517,,,2,70,,5472,3517,,,2,30,,5479,3517,,,2,70,,5473,3517,,,2,30,,5480,3517,,,2,70,,5474,3517,,,2,30,,5481,3517,,,2,70,,5475,3517,,,2,30,,5482,3517,,,2,70,,5476,3517,,,2,30,,5483,3517,,,2,70,,5477,3517,,,2,30,,5484,3517,,,2,100,,5463,3517,,,2,100,,5464,3517,,,2,100,,5465,3517,,,2,100,,5466,3517,,,2,100,,5467,3517,,,2,100,,5468,3517,,,2
1901,'SA',545,,5485,3517,,,2,70,,5492,3517,,,2,30,,5486,3517,,,2,70,,5493,3517,,,2,30,,5487,3517,,,2,70,,5494,3517,,,2,30,,5488,3517,,,2,70,,5495,3517,,,2,34,,5489,3517,,,2,70,,5496,3517,,,2,30,,5490,3517,,,2,70,,5504,3517,,,2,30,,5491,3517,,,2,70,,5505,3517,,,2,30,,5512,3517,,,2,70,,5506,3517,,,2,30,,5513,3517,,,2,70,,5507,3517,,,2,30,,5514,3517,,,2,70,,5508,3517,,,2,30,,5515,3517,,,2,70,,5509,3517,,,2,30,,5516,3517,,,2,70,,5510,3517,,,2,30,,5517,3517,,,2,70,,5511,3517,,,2,30,,5518,3517,,,2,100,,5497,3517,,,2,100,,5498,3517,,,2,100,,5499,3517,,,2,100,,5500,3517,,,2,100,,5501,3517,,,2,100,,5502,3517,,,2
1901,'SE',504,,5531,3517,,,2,35,,5532,3517,,,2,70,,5561,3517,,,2,23,,5547,3517,,,2,14,,5549,3517,,,2,55,,5545,3517,,,2,12,,5548,3517,,,2,12,,5552,3517,,,2,12,,5554,3517,,,2,12,,5550,3517,,,2,55,,5546,3517,,,2,21,,5553,3517,,,2,20,,5551,3517,,,2,72,,5520,3517,,,2,34,,5519,3517,,,2,70,,5521,3517,,,2,30,,5533,3517,,,2,70,,5522,3517,,,2,30,,5534,3517,,,2,70,,5523,3517,,,2,30,,5535,3517,,,2,70,,5524,3517,,,2,30,,5536,3517,,,2,72,,5525,3517,,,2,30,,5564,3517,,,2,70,,5555,3517,,,2,29,,5562,3517,,,2,61,,5563,3517,,,2,23,,5556,3517,,,2,20,,5560,3517,,,2,61,,5557,3517,,,2,18,,5558,3517,,,2,17,,5559,3517,,,2,61,,5565,3517,,,2,19,,5544,3517,,,2,24,,5537,3517,,,2,65,,5543,3517,,,2,30,,5542,3517,,,2,70,,5526,3517,,,2,30,,5540,3517,,,2,70,,5527,3517,,,2,29,,5541,3517,,,2,100,,5538,3517,,,2,100,,5539,3517,,,2,100,,5529,3517,,,2
53900,'F8',1637,,18790,6933,,,2
53900,'SE',1637,,18791,6933,,,2
60101,'F8',835,,18852,1129,,,2
60101,'SE',835,,18853,1129,,,2
