400,'DI',632,,926,13790,,,1,69,,920,13790,,,1,30,,929,13790,,,1,70,,930,13790,,,1,30,,927,13790,,,1,72,,921,13790,,,1,30,,918,13790,,,1,72,,942,13790,,,1,30,,939,13790,,,1,70,,922,13790,,,1,32,,919,13790,,,1,70,,943,13790,,,1,27,,940,13790,,,1,71,,923,13790,,,1,32,,951,13790,,,1,70,,935,13790,,,1,28,,941,13790,,,1,71,,924,13790,,,1,29,,945,13790,,,1,70,,949,13790,,,1,32,,947,13790,,,1,70,,925,13790,,,1,30,,946,13790,,,1,70,,950,13790,,,1,31,,948,13790,,,1,68,,931,13790,,,1,30,,934,13790,,,1,70,,936,13790,,,1,30,,938,13790,,,1,70,,932,13790,,,1,30,,933,13790,,,1,70,,917,13790,,,1,30,,928,13790,,,1,100,,944,13790,,,1,100,,937,13790,,,1
400,'F1',632,,954,13790,,,1,69,,965,13790,,,1,30,,956,13790,,,1,70,,957,13790,,,1,30,,955,13790,,,1,72,,966,13790,,,1,30,,981,13790,,,1,72,,958,13790,,,1,31,,972,13790,,,1,70,,967,13790,,,1,31,,970,13790,,,1,70,,959,13790,,,1,30,,976,13790,,,1,70,,953,13790,,,1,30,,978,13790,,,1,70,,973,13790,,,1,30,,983,13790,,,1,70,,952,13790,,,1,30,,960,13790,,,1,70,,977,13790,,,1,30,,971,13790,,,1,70,,984,13790,,,1,30,,980,13790,,,1,70,,975,13790,,,1,29,,974,13790,,,1,70,,986,13790,,,1,30,,969,13790,,,1,70,,961,13790,,,1,30,,982,13790,,,1,70,,985,13790,,,1,30,,962,13790,,,1,70,,979,13790,,,1,30,,968,13790,,,1,100,,964,13790,,,1,100,,963,13790,,,1
400,'F7',632,,996,13790,,,1,69,,990,13790,,,1,30,,999,13790,,,1,70,,1000,13790,,,1,30,,997,13790,,,1,72,,991,13790,,,1,30,,988,13790,,,1,72,,1012,13790,,,1,30,,1009,13790,,,1,70,,992,13790,,,1,32,,989,13790,,,1,70,,1013,13790,,,1,27,,1010,13790,,,1,71,,993,13790,,,1,32,,1021,13790,,,1,70,,1005,13790,,,1,28,,1011,13790,,,1,71,,994,13790,,,1,29,,1015,13790,,,1,70,,1019,13790,,,1,32,,1017,13790,,,1,70,,995,13790,,,1,30,,1016,13790,,,1,70,,1020,13790,,,1,31,,1018,13790,,,1,68,,1001,13790,,,1,30,,1004,13790,,,1,70,,1006,13790,,,1,30,,1008,13790,,,1,70,,1002,13790,,,1,30,,1003,13790,,,1,70,,987,13790,,,1,30,,998,13790,,,1,100,,1014,13790,,,1,100,,1007,13790,,,1
400,'F8',534,,1049,13790,,,1,25,,1055,13790,,,1,68,,1047,13790,,,1,20,,1057,13790,,,1,55,,1051,13790,,,1,20,,1048,13790,,,1,26,,1050,13790,,,1,60,,1056,13790,,,1,24,,1062,13790,,,1,9,,1059,13790,,,1,72,,1058,13790,,,1,13,,1035,13790,,,1,23,,1032,13790,,,1,70,,1034,13790,,,1,30,,1022,13790,,,1,70,,1027,13790,,,1,30,,1046,13790,,,1,70,,1037,13790,,,1,30,,1036,13790,,,1,70,,1031,13790,,,1,30,,1041,13790,,,1,69,,1029,13790,,,1,29,,1024,13790,,,1,72,,1060,13790,,,1,26,,1053,13790,,,1,76,,1052,13790,,,1,30,,1054,13790,,,1,70,,1061,13790,,,1,30,,1063,13790,,,1,64,,1025,13790,,,1,20,,1042,13790,,,1,72,,1038,13790,,,1,34,,1039,13790,,,1,70,,1033,13790,,,1,30,,1045,13790,,,1,68,,1043,13790,,,1,30,,1023,13790,,,1,70,,1030,13790,,,1,28,,1044,13790,,,1,70,,1028,13790,,,1,100,,1040,13790,,,1
400,'F9',632,,1066,13790,,,1,69,,1077,13790,,,1,30,,1068,13790,,,1,70,,1069,13790,,,1,30,,1067,13790,,,1,72,,1078,13790,,,1,30,,1093,13790,,,1,72,,1070,13790,,,1,31,,1084,13790,,,1,70,,1079,13790,,,1,31,,1082,13790,,,1,70,,1071,13790,,,1,30,,1088,13790,,,1,70,,1065,13790,,,1,30,,1090,13790,,,1,70,,1085,13790,,,1,30,,1095,13790,,,1,70,,1064,13790,,,1,30,,1072,13790,,,1,70,,1089,13790,,,1,30,,1083,13790,,,1,70,,1096,13790,,,1,30,,1092,13790,,,1,70,,1087,13790,,,1,29,,1086,13790,,,1,70,,1098,13790,,,1,30,,1081,13790,,,1,70,,1073,13790,,,1,30,,1094,13790,,,1,70,,1097,13790,,,1,30,,1074,13790,,,1,70,,1091,13790,,,1,30,,1080,13790,,,1,100,,1076,13790,,,1,100,,1075,13790,,,1
400,'SA',632,,1101,13790,,,1,69,,1112,13790,,,1,30,,1103,13790,,,1,70,,1104,13790,,,1,30,,1102,13790,,,1,72,,1113,13790,,,1,30,,1128,13790,,,1,72,,1105,13790,,,1,31,,1119,13790,,,1,70,,1114,13790,,,1,31,,1117,13790,,,1,70,,1106,13790,,,1,30,,1123,13790,,,1,70,,1100,13790,,,1,30,,1125,13790,,,1,70,,1120,13790,,,1,30,,1130,13790,,,1,70,,1099,13790,,,1,30,,1107,13790,,,1,70,,1124,13790,,,1,30,,1118,13790,,,1,70,,1131,13790,,,1,30,,1127,13790,,,1,70,,1122,13790,,,1,29,,1121,13790,,,1,70,,1133,13790,,,1,30,,1116,13790,,,1,70,,1108,13790,,,1,30,,1129,13790,,,1,70,,1132,13790,,,1,30,,1109,13790,,,1,70,,1126,13790,,,1,30,,1115,13790,,,1,100,,1111,13790,,,1,100,,1110,13790,,,1
400,'SE',534,,1161,13790,,,1,25,,1167,13790,,,1,68,,1159,13790,,,1,20,,1169,13790,,,1,55,,1163,13790,,,1,20,,1160,13790,,,1,26,,1162,13790,,,1,60,,1168,13790,,,1,24,,1174,13790,,,1,9,,1171,13790,,,1,72,,1170,13790,,,1,13,,1147,13790,,,1,23,,1144,13790,,,1,70,,1146,13790,,,1,30,,1134,13790,,,1,70,,1139,13790,,,1,30,,1158,13790,,,1,70,,1149,13790,,,1,30,,1148,13790,,,1,70,,1143,13790,,,1,30,,1153,13790,,,1,69,,1141,13790,,,1,29,,1136,13790,,,1,72,,1172,13790,,,1,26,,1165,13790,,,1,76,,1164,13790,,,1,30,,1166,13790,,,1,70,,1173,13790,,,1,30,,1175,13790,,,1,64,,1137,13790,,,1,20,,1154,13790,,,1,72,,1150,13790,,,1,34,,1151,13790,,,1,70,,1145,13790,,,1,30,,1157,13790,,,1,68,,1155,13790,,,1,30,,1135,13790,,,1,70,,1142,13790,,,1,28,,1156,13790,,,1,70,,1140,13790,,,1,100,,1152,13790,,,1
3401,'F8',613,,7934,4308,,,2,30,,7931,4308,,,2,60,,7935,4308,,,2,20,,7936,4308,,,2,20,,7932,4308,,,2,69,,7937,4308,,,2,29,,7933,4308,,,2
3401,'SE',613,,7945,4308,,,2,30,,7942,4308,,,2,60,,7946,4308,,,2,20,,7947,4308,,,2,20,,7943,4308,,,2,69,,7948,4308,,,2,29,,7944,4308,,,2
42100,'F8',649,,17812,7448,0,24 25,1,71,,17808,7448,0,24 25,1,17,,17818,7448,0,24 25,1,763,,17819,7448,0,24 25,1,23,,17816,7448,0,24 25,1,30,,17814,7448,0,24 25,1,70,,17817,7448,0,24 25,1,31,,17820,7448,0,24 25,1,69,,17815,7448,0,24 25,1
42100,'SE',649,,17825,7448,0,24 25,1,71,,17821,7448,0,24 25,1,17,,17831,7448,0,24 25,1,763,,17832,7448,0,24 25,1,23,,17829,7448,0,24 25,1,30,,17827,7448,0,24 25,1,70,,17830,7448,0,24 25,1,31,,17833,7448,0,24 25,1,69,,17828,7448,0,24 25,1
66401,'F8',839,,18954,217,,,2,1,,18956,217,,,2,1,,18955,217,,,2
66401,'SE',839,,18957,217,,,2,1,,18959,217,,,2,1,,18958,217,,,2
