4101,'DI',745,,29270,8240,,,1,100,,29274,8240,,,1,101,,29264,8240,,,1,100,,29260,8240,,,1,100,,29271,8240,,,1,100,,29261,8240,,,1,101,,29272,8240,,,1,100,,29265,8240,,,1,100,,29257,8240,,,1,102,,29262,8240,,,1,98,,29266,8240,,,1,100,,29258,8240,,,1,98,,29267,8240,,,1,100,,29259,8240,,,1,100,,29263,8240,,,1,99,,29268,8240,,,1,100,,29273,8240,,,1,100,,29269,8240,,,1,100,,29275,8240,,,1
4101,'F1',745,,29292,8240,,,1,100,,29294,8240,,,1,101,,29279,8240,,,1,101,,29288,8240,,,1,99,,29276,8240,,,1,100,,29289,8240,,,1,101,,29277,8240,,,1,100,,29290,8240,,,1,100,,29280,8240,,,1,100,,29285,8240,,,1,100,,29281,8240,,,1,100,,29286,8240,,,1,98,,29282,8240,,,1,100,,29291,8240,,,1,100,,29283,8240,,,1,99,,29293,8240,,,1,100,,29287,8240,,,1,100,,29278,8240,,,1,100,,29284,8240,,,1
4101,'F2',745,,29298,8240,,,1,100,,29311,8240,,,1,101,,29299,8240,,,1,101,,29304,8240,,,1,99,,29312,8240,,,1,100,,29305,8240,,,1,101,,29300,8240,,,1,100,,29306,8240,,,1,100,,29301,8240,,,1,100,,29297,8240,,,1,100,,29302,8240,,,1,100,,29295,8240,,,1,98,,29307,8240,,,1,100,,29296,8240,,,1,100,,29313,8240,,,1,99,,29308,8240,,,1,100,,29303,8240,,,1,100,,29309,8240,,,1,100,,29310,8240,,,1
4101,'F7',714,,29314,8240,,,1,30,,29331,8240,,,1,70,,29325,8240,,,1,36,,29326,8240,,,1,65,,29332,8240,,,1,30,,29333,8240,,,1,100,,29328,8240,,,1,100,,29334,8240,,,1,100,,29329,8240,,,1,100,,29318,8240,,,1,101,,29337,8240,,,1,75,,29338,8240,,,1,25,,29335,8240,,,1,69,,29321,8240,,,1,37,,29327,8240,,,1,66,,29316,8240,,,1,27,,29319,8240,,,1,71,,29339,8240,,,1,29,,29324,8240,,,1,100,,29315,8240,,,1,99,,29330,8240,,,1,100,,29317,8240,,,1,99,,29322,8240,,,1,100,,29336,8240,,,1,100,,29323,8240,,,1,100,,29320,8240,,,1
4101,'F8',745,,29343,8240,,,1,100,,29356,8240,,,1,101,,29344,8240,,,1,101,,29349,8240,,,1,99,,29357,8240,,,1,100,,29350,8240,,,1,101,,29345,8240,,,1,100,,29351,8240,,,1,100,,29346,8240,,,1,100,,29342,8240,,,1,100,,29347,8240,,,1,100,,29340,8240,,,1,98,,29352,8240,,,1,100,,29341,8240,,,1,100,,29358,8240,,,1,99,,29353,8240,,,1,100,,29348,8240,,,1,100,,29354,8240,,,1,100,,29355,8240,,,1
4101,'F9',745,,29372,8240,,,1,100,,29376,8240,,,1,101,,29366,8240,,,1,100,,29362,8240,,,1,100,,29373,8240,,,1,100,,29363,8240,,,1,101,,29374,8240,,,1,100,,29367,8240,,,1,100,,29359,8240,,,1,102,,29364,8240,,,1,98,,29368,8240,,,1,100,,29360,8240,,,1,98,,29369,8240,,,1,100,,29361,8240,,,1,100,,29365,8240,,,1,99,,29370,8240,,,1,100,,29375,8240,,,1,100,,29371,8240,,,1,100,,29377,8240,,,1
4101,'SA',745,,29381,8240,,,1,100,,29394,8240,,,1,101,,29382,8240,,,1,101,,29387,8240,,,1,99,,29395,8240,,,1,100,,29388,8240,,,1,101,,29383,8240,,,1,100,,29389,8240,,,1,100,,29384,8240,,,1,100,,29380,8240,,,1,100,,29385,8240,,,1,100,,29378,8240,,,1,98,,29390,8240,,,1,100,,29379,8240,,,1,100,,29396,8240,,,1,99,,29391,8240,,,1,100,,29386,8240,,,1,100,,29392,8240,,,1,100,,29393,8240,,,1
4101,'SE',714,,29397,8240,,,1,30,,29414,8240,,,1,70,,29408,8240,,,1,36,,29409,8240,,,1,65,,29415,8240,,,1,30,,29416,8240,,,1,100,,29411,8240,,,1,100,,29417,8240,,,1,100,,29412,8240,,,1,100,,29401,8240,,,1,101,,29420,8240,,,1,75,,29421,8240,,,1,25,,29418,8240,,,1,69,,29404,8240,,,1,37,,29410,8240,,,1,66,,29399,8240,,,1,27,,29402,8240,,,1,71,,29422,8240,,,1,29,,29407,8240,,,1,100,,29398,8240,,,1,99,,29413,8240,,,1,100,,29400,8240,,,1,99,,29405,8240,,,1,100,,29419,8240,,,1,100,,29406,8240,,,1,100,,29403,8240,,,1
65600,'F7',1608,,40819,1507,,,2,1,,40818,1507,,,2
65600,'SE',1608,,40821,1507,,,2,1,,40820,1507,,,2
