6101,'DI',709,,11370,5466,,,2,30,,11367,5466,,,2,72,,11373,5466,,,2,17,,11371,5466,,,2,30,,11368,5466,,,2,70,,11374,5466,,,2,30,,11372,5466,,,2,70,,11369,5466,,,2,30,,11375,5466,,,2,70,,11376,5466,,,2,30,,11380,5466,,,2,70,,11384,5466,,,2,30,,11377,5466,,,2,70,,11381,5466,,,2,30,,11385,5466,,,2,70,,11378,5466,,,2,30,,11382,5466,,,2,70,,11386,5466,,,2,30,,11379,5466,,,2,74,,11383,5466,,,2,21,,11387,5466,,,2,75,,11389,5466,,,2,20,,11392,5466,,,2,80,,11388,5466,,,2,25,,11390,5466,,,2,70,,11393,5466,,,2,85,,11391,5466,,,2,100,,11394,5466,,,2,100,,11395,5466,,,2,100,,11396,5466,,,2,100,,11397,5466,,,2,100,,11398,5466,,,2
6101,'F1',709,,11402,5466,,,2,30,,11399,5466,,,2,72,,11405,5466,,,2,17,,11403,5466,,,2,30,,11400,5466,,,2,70,,11406,5466,,,2,30,,11404,5466,,,2,70,,11401,5466,,,2,30,,11407,5466,,,2,70,,11408,5466,,,2,30,,11412,5466,,,2,70,,11414,5466,,,2,30,,11409,5466,,,2,70,,11413,5466,,,2,30,,11415,5466,,,2,70,,11410,5466,,,2,30,,11416,5466,,,2,70,,11420,5466,,,2,30,,11411,5466,,,2,74,,11417,5466,,,2,21,,11421,5466,,,2,75,,11423,5466,,,2,20,,11418,5466,,,2,80,,11422,5466,,,2,25,,11424,5466,,,2,70,,11419,5466,,,2,85,,11425,5466,,,2,100,,11427,5466,,,2,100,,11426,5466,,,2,100,,11429,5466,,,2,100,,11428,5466,,,2,100,,11430,5466,,,2
6101,'F7',709,,11434,5466,,,2,30,,11431,5466,,,2,72,,11437,5466,,,2,17,,11435,5466,,,2,30,,11432,5466,,,2,70,,11438,5466,,,2,30,,11436,5466,,,2,70,,11433,5466,,,2,30,,11439,5466,,,2,70,,11440,5466,,,2,30,,11444,5466,,,2,70,,11448,5466,,,2,30,,11441,5466,,,2,70,,11445,5466,,,2,30,,11449,5466,,,2,70,,11442,5466,,,2,30,,11446,5466,,,2,70,,11450,5466,,,2,30,,11443,5466,,,2,74,,11447,5466,,,2,21,,11451,5466,,,2,75,,11453,5466,,,2,20,,11456,5466,,,2,80,,11452,5466,,,2,25,,11454,5466,,,2,70,,11457,5466,,,2,85,,11455,5466,,,2,100,,11458,5466,,,2,100,,11459,5466,,,2,100,,11460,5466,,,2,100,,11461,5466,,,2,100,,11462,5466,,,2
6101,'F8',547,,11512,5466,,,2,70,,11514,5466,,,2,10,,11467,5466,,,2,14,,11470,5466,,,2,9,,11464,5466,,,2,54,,11473,5466,,,2,14,,11463,5466,,,2,7,,11477,5466,,,2,19,,11471,5466,,,2,9,,11476,5466,,,2,59,,11468,5466,,,2,24,,11465,5466,,,2,22,,11474,5466,,,2,55,,11478,5466,,,2,36,,11469,5466,,,2,70,,11466,5466,,,2,30,,11475,5466,,,2,72,,11513,5466,,,2,30,,11472,5466,,,2,70,,11479,5466,,,2,31,,11483,5466,,,2,70,,11480,5466,,,2,30,,11481,5466,,,2,73,,11485,5466,,,2,21,,11487,5466,,,2,67,,11490,5466,,,2,23,,11482,5466,,,2,20,,11484,5466,,,2,64,,11492,5466,,,2,4,,11494,5466,,,2,25,,11488,5466,,,2,7,,11489,5466,,,2,54,,11495,5466,,,2,13,,11496,5466,,,2,14,,11486,5466,,,2,15,,11499,5466,,,2,6,,11502,5466,,,2,56,,11493,5466,,,2,14,,11491,5466,,,2,24,,11504,5466,,,2,64,,11497,5466,,,2,28,,11507,5466,,,2,69,,11510,5466,,,2,30,,11500,5466,,,2,69,,11503,5466,,,2,29,,11511,5466,,,2,70,,11498,5466,,,2,29,,11508,5466,,,2,70,,11505,5466,,,2,29,,11501,5466,,,2,68,,11509,5466,,,2,30,,11506,5466,,,2
6101,'F9',709,,11518,5466,,,2,30,,11515,5466,,,2,72,,11521,5466,,,2,17,,11519,5466,,,2,30,,11516,5466,,,2,70,,11522,5466,,,2,30,,11520,5466,,,2,70,,11517,5466,,,2,30,,11523,5466,,,2,70,,11524,5466,,,2,30,,11528,5466,,,2,70,,11530,5466,,,2,30,,11525,5466,,,2,70,,11529,5466,,,2,30,,11531,5466,,,2,70,,11526,5466,,,2,30,,11532,5466,,,2,70,,11536,5466,,,2,30,,11527,5466,,,2,74,,11533,5466,,,2,21,,11537,5466,,,2,75,,11539,5466,,,2,20,,11534,5466,,,2,80,,11538,5466,,,2,25,,11540,5466,,,2,70,,11535,5466,,,2,85,,11541,5466,,,2,100,,11543,5466,,,2,100,,11542,5466,,,2,100,,11545,5466,,,2,100,,11544,5466,,,2,100,,11546,5466,,,2
6101,'SA',709,,11550,5466,,,2,30,,11547,5466,,,2,72,,11553,5466,,,2,17,,11551,5466,,,2,30,,11548,5466,,,2,70,,11554,5466,,,2,30,,11552,5466,,,2,70,,11549,5466,,,2,30,,11555,5466,,,2,70,,11556,5466,,,2,30,,11560,5466,,,2,70,,11562,5466,,,2,30,,11557,5466,,,2,70,,11561,5466,,,2,30,,11563,5466,,,2,70,,11558,5466,,,2,30,,11564,5466,,,2,70,,11568,5466,,,2,30,,11559,5466,,,2,74,,11565,5466,,,2,21,,11569,5466,,,2,75,,11571,5466,,,2,20,,11566,5466,,,2,80,,11570,5466,,,2,25,,11572,5466,,,2,70,,11567,5466,,,2,85,,11573,5466,,,2,100,,11575,5466,,,2,100,,11574,5466,,,2,100,,11577,5466,,,2,100,,11576,5466,,,2,100,,11578,5466,,,2
6101,'SE',547,,11628,5466,,,2,70,,11630,5466,,,2,10,,11583,5466,,,2,14,,11586,5466,,,2,9,,11580,5466,,,2,54,,11589,5466,,,2,14,,11579,5466,,,2,7,,11593,5466,,,2,19,,11587,5466,,,2,9,,11592,5466,,,2,59,,11584,5466,,,2,24,,11581,5466,,,2,22,,11590,5466,,,2,55,,11594,5466,,,2,36,,11585,5466,,,2,70,,11582,5466,,,2,30,,11591,5466,,,2,72,,11629,5466,,,2,30,,11588,5466,,,2,70,,11595,5466,,,2,31,,11599,5466,,,2,70,,11596,5466,,,2,30,,11597,5466,,,2,73,,11601,5466,,,2,21,,11603,5466,,,2,67,,11606,5466,,,2,23,,11598,5466,,,2,20,,11600,5466,,,2,64,,11608,5466,,,2,4,,11610,5466,,,2,25,,11604,5466,,,2,7,,11605,5466,,,2,54,,11611,5466,,,2,13,,11612,5466,,,2,14,,11602,5466,,,2,15,,11615,5466,,,2,6,,11618,5466,,,2,56,,11609,5466,,,2,14,,11607,5466,,,2,24,,11620,5466,,,2,64,,11613,5466,,,2,28,,11623,5466,,,2,69,,11626,5466,,,2,30,,11616,5466,,,2,69,,11619,5466,,,2,29,,11627,5466,,,2,70,,11614,5466,,,2,29,,11624,5466,,,2,70,,11621,5466,,,2,29,,11617,5466,,,2,68,,11625,5466,,,2,30,,11622,5466,,,2
8200,'F8',1558,,14468,17290,0,28 30,2,70,,14465,17290,0,28 30,2,27,,14464,17290,0,28 30,2,64,,14466,17290,0,28 30,2,24,,14463,17290,0,28 30,2,70,,14467,17290,0,28 30,2,30,,14469,17290,0,28 30,2,65,,14470,17290,0,28 30,2
8200,'SE',1558,,14483,17290,0,28 30,2,70,,14480,17290,0,28 30,2,27,,14479,17290,0,28 30,2,64,,14481,17290,0,28 30,2,24,,14478,17290,0,28 30,2,70,,14482,17290,0,28 30,2,30,,14484,17290,0,28 30,2,65,,14485,17290,0,28 30,2
8201,'F8',647,,14492,6069,,,2,70,,14489,6069,,,2,30,,14487,6069,,,2,66,,14490,6069,,,2,26,,14488,6069,,,2,70,,14491,6069,,,2,20,,14486,6069,,,2
8201,'SE',647,,14507,6069,,,2,70,,14504,6069,,,2,30,,14502,6069,,,2,66,,14505,6069,,,2,26,,14503,6069,,,2,70,,14506,6069,,,2,20,,14501,6069,,,2
8700,'F8',1702,,14994,34879,,,2,103,,14995,34879,,,2
8700,'SE',1702,,14996,34879,,,2,103,,14997,34879,,,2
8701,'F8',626,,14999,5466,,,2,30,,14998,5466,,,2
8701,'SE',626,,15001,5466,,,2,30,,15000,5466,,,2
