2201,'F1',540,,27402,3706,,,2,92,,27404,3706,,,2,25,,27403,3706,,,2,70,,27406,3706,,,2,30,,27405,3706,,,2,948,,27407,3706,,,2,40,,27408,3706,,,2,60,,27401,3706,,,2
2201,'F7',540,,27410,3706,,,2,92,,27412,3706,,,2,25,,27411,3706,,,2,70,,27409,3706,,,2,30,,27413,3706,,,2,948,,27415,3706,,,2,40,,27414,3706,,,2,60,,27416,3706,,,2
2201,'SE',540,,27418,3706,,,2,92,,27420,3706,,,2,25,,27419,3706,,,2,70,,27417,3706,,,2,30,,27421,3706,,,2,948,,27423,3706,,,2,40,,27422,3706,,,2,60,,27424,3706,,,2
16101,'DI',609,,38767,8428,,,2,30,,38758,3706,,,2,70,,38755,3706,,,2,30,,38765,3706,,,2,70,,38759,3706,,,2,30,,38760,3706,,,2,70,,38762,3706,,,2,702,,38756,3706,,,2,28,,38761,3706,,,2,72,,38757,3706,,,2,30,,38766,8428,,,2,70,,38764,3706,,,2,32,,38763,3706,,,2
16101,'F1',609,,38778,8428,,,2,30,,38776,3706,,,2,70,,38769,3706,,,2,30,,38773,3706,,,2,70,,38768,3706,,,2,30,,16953,3706,,,2,70,,38771,3706,,,2,700,,38775,3706,,,2,31,,38777,3706,,,2,71,,38772,3706,,,2,30,,38779,8428,,,2,71,,38774,3706,,,2,31,,38770,3706,,,2
16101,'F2',609,,38791,8428,,,2,30,,38787,3706,,,2,70,,38784,3706,,,2,30,,38785,3706,,,2,70,,38782,3706,,,2,30,,38788,3706,,,2,70,,38786,3706,,,2,700,,38783,3706,,,2,31,,38780,3706,,,2,71,,38789,3706,,,2,30,,38792,8428,,,2,71,,38781,3706,,,2,31,,38790,3706,,,2
16101,'F7',603,,38800,3706,,,2,20,,38795,3706,,,2,23,,38809,8428,,,2,60,,38798,3706,,,2,13,,38807,8428,,,2,17,,38802,3706,,,2,16,,38810,8428,,,2,57,,38797,3706,,,2,23,,38801,3706,,,2,20,,38805,3706,,,2,57,,38794,3706,,,2,20,,38793,3706,,,2,325,,38806,8428,,,2,372,,38812,8428,,,2,15,,38803,3706,,,2,61,,38808,8428,,,2,20,,38796,3706,,,2,18,,38811,8428,,,2,61,,38804,3706,,,2,20,,38799,3706,,,2
16101,'F8',609,,38824,8428,,,2,30,,38820,3706,,,2,70,,38817,3706,,,2,30,,38818,3706,,,2,70,,38815,3706,,,2,30,,38821,3706,,,2,70,,38819,3706,,,2,700,,38816,3706,,,2,31,,38813,3706,,,2,71,,38822,3706,,,2,30,,38825,8428,,,2,71,,38814,3706,,,2,31,,38823,3706,,,2
16101,'F9',609,,38838,8428,,,2,30,,38829,3706,,,2,70,,38826,3706,,,2,30,,38836,3706,,,2,70,,38830,3706,,,2,30,,38831,3706,,,2,70,,38833,3706,,,2,702,,38827,3706,,,2,28,,38832,3706,,,2,72,,38828,3706,,,2,30,,38837,8428,,,2,70,,38835,3706,,,2,32,,38834,3706,,,2
16101,'SA',609,,38849,8428,,,2,30,,17011,3706,,,2,70,,38843,3706,,,2,30,,38844,3706,,,2,70,,38841,3706,,,2,30,,38846,3706,,,2,70,,38845,3706,,,2,700,,38842,3706,,,2,31,,38839,3706,,,2,71,,38847,3706,,,2,30,,38850,8428,,,2,71,,38840,3706,,,2,31,,38848,3706,,,2
16101,'SE',603,,38858,3706,,,2,20,,38853,3706,,,2,23,,38867,8428,,,2,60,,38856,3706,,,2,13,,38865,8428,,,2,17,,38860,3706,,,2,16,,38868,8428,,,2,57,,38855,3706,,,2,23,,38859,3706,,,2,20,,38863,3706,,,2,57,,38852,3706,,,2,20,,38851,3706,,,2,325,,38864,8428,,,2,372,,38870,8428,,,2,15,,38861,3706,,,2,61,,38866,8428,,,2,20,,38854,3706,,,2,18,,38869,8428,,,2,61,,38862,3706,,,2,20,,38857,3706,,,2
