6100,'DI',717,,6189,,,2,89,,6193,,,2,30,,6190,,,2,70,,6196,,,2,30,,6194,,,2,70,,6191,,,2,30,,6197,,,2,70,,6199,,,2,30,,6204,,,2,70,,6209,,,2,30,,6200,,,2,70,,6205,,,2,30,,6210,,,2,70,,6201,,,2,30,,6206,,,2,70,,6212,,,2,30,,6202,,,2,74,,6207,,,2,21,,6213,,,2,75,,6216,,,2,20,,6220,,,2,80,,6214,,,2,25,,6217,,,2,70,,6221,,,2,45,,6218,,,2,100,,6222,,,2,100,,6224,,,2,100,,6226,,,2,100,,6228,,,2,100,,6229,,,2
6100,'F1',717,,6230,,,2,89,,6234,,,2,30,,6231,,,2,70,,6237,,,2,30,,6235,,,2,70,,6232,,,2,30,,6238,,,2,70,,6240,,,2,30,,6245,,,2,70,,6248,,,2,30,,6241,,,2,70,,6246,,,2,30,,6249,,,2,70,,6242,,,2,30,,6251,,,2,70,,6256,,,2,30,,6243,,,2,74,,6252,,,2,21,,6257,,,2,75,,6260,,,2,20,,6253,,,2,80,,6258,,,2,25,,6261,,,2,70,,6254,,,2,45,,6263,,,2,100,,6266,,,2,100,,6264,,,2,100,,6268,,,2,100,,6267,,,2,100,,6269,,,2
6100,'SA',717,,6270,,,2,89,,6274,,,2,30,,6271,,,2,70,,6277,,,2,30,,6275,,,2,70,,6272,,,2,30,,6278,,,2,70,,6280,,,2,30,,6285,,,2,70,,6288,,,2,30,,6281,,,2,70,,6286,,,2,30,,6289,,,2,70,,6282,,,2,30,,6291,,,2,70,,6296,,,2,30,,6283,,,2,74,,6292,,,2,21,,6297,,,2,75,,6300,,,2,20,,6293,,,2,80,,6298,,,2,25,,6301,,,2,70,,6294,,,2,45,,6303,,,2,100,,6306,,,2,100,,6304,,,2,100,,6308,,,2,100,,6307,,,2,100,,6309,,,2
6100,'SE',626,,6312,,,2,28,,6310,,,2,66,,6319,,,2,9,,6324,,,2,19,,6316,,,2,66,,6313,,,2,23,,6321,,,2,15,,6326,,,2,76,,6317,,,2,30,,6314,,,2,70,,6322,,,2,31,,6366,,,2,70,,6320,,,2,30,,6327,,,2,70,,6331,,,2,30,,6328,,,2,70,,6329,,,2,73,,6333,,,2,21,,6336,,,2,27,,6341,,,2,63,,6330,,,2,20,,6332,,,2,23,,6344,,,2,44,,6347,,,2,25,,6337,,,2,7,,6339,,,2,14,,6348,,,2,13,,6349,,,2,54,,6334,,,2,15,,6353,,,2,6,,6356,,,2,18,,6345,,,2,54,,6342,,,2,24,,6358,,,2,24,,6350,,,2,68,,6361,,,2,30,,6364,,,2,70,,6354,,,2,29,,6357,,,2,70,,6365,,,2,30,,6351,,,2,68,,6362,,,2,30,,6359,,,2,69,,6355,,,2,30,,6363,,,2,70,,6360,,,2
8301,'DI',715,,8211,0,13,1,100,,8212,0,13,1,108,,8213,0,13,1,100,,8214,0,13,1,100,,8215,0,13,1,100,,8216,0,13,1,100,,8217,0,13,1,100,,8218,0,13,1,100,,8219,0,13,1,100,,8220,0,13,1,100,,8221,0,13,1,100,,8222,0,13,1,100,,8223,0,13,1,100,,8224,0,13,1,100,,8225,0,13,1,100,,8226,0,13,1,100,,8227,0,13,1,100,,8228,0,13,1
8301,'F1',615,,8229,0,13,1,100,,8230,0,13,1,100,,8231,0,13,1,108,,8232,0,13,1,100,,8233,0,13,1,100,,8234,0,13,1,100,,8235,0,13,1,100,,8236,0,13,1,100,,8237,0,13,1,100,,8238,0,13,1,100,,8239,0,13,1,100,,8240,0,13,1,100,,8241,0,13,1,100,,8242,0,13,1,100,,8243,0,13,1,100,,8244,0,13,1,100,,8245,0,13,1,100,,8246,0,13,1,100,,8247,0,13,1,100,,8248,0,13,1
8301,'SA',615,,8249,0,13,1,100,,8250,0,13,1,100,,8251,0,13,1,108,,8252,0,13,1,100,,8253,0,13,1,100,,8254,0,13,1,100,,8255,0,13,1,100,,8256,0,13,1,100,,8257,0,13,1,100,,8258,0,13,1,100,,8259,0,13,1,100,,8260,0,13,1,100,,8261,0,13,1,100,,8262,0,13,1,100,,8263,0,13,1,100,,8264,0,13,1,100,,8265,0,13,1,100,,8266,0,13,1,100,,8267,0,13,1,100,,8268,0,13,1
8301,'SE',539,,8290,0,13,1,70,,8287,0,13,1,19,,8281,0,13,1,16,,8291,0,13,1,65,,8276,0,13,1,20,,8293,0,13,1,22,,8292,0,13,1,58,,8269,0,13,1,20,,8277,0,13,1,23,,8288,0,13,1,71,,8270,0,13,1,20,,8302,0,13,1,80,,8271,0,13,1,100,,8275,0,13,1,100,,8283,0,13,1,100,,8272,0,13,1,100,,8273,0,13,1,101,,8274,0,13,1,15,,8289,0,13,1,65,,8294,0,13,1,20,,8303,0,13,1,22,,8284,0,13,1,60,,8278,0,13,1,18,,8279,0,13,1,20,,8286,0,13,1,60,,8282,0,13,1,20,,8285,0,13,1,20,,8280,0,13,1,80,,8295,0,13,1,100,,8296,0,13,1,100,,8297,0,13,1,100,,8298,0,13,1,100,,8299,0,13,1,100,,8300,0,13,1,100,,8301,0,13,1
16100,'DI',627,,9410,,,2,1132,,9411,,,2
16100,'F1',627,,9424,,,2,1102,,9423,,,2
16100,'SA',627,,9437,,,2,1102,,9436,,,2
16100,'SE',706,,9452,,,2,25,,9450,,,2,25,,9451,,,2,462,,9454,,,2,389,,9456,,,2,41,,9455,,,2,80,,9453,,,2,100,,9457,,,2
68301,'SE',707,,10566,,,2
