801,'DI',530,,1554,,,1,70,,1562,,,1,30,,1569,,,1,70,,1579,,,1,30,,1555,,,1,71,,1563,,,1,30,,1570,,,1,70,,1580,,,1,27,,1556,,,1,30,,1564,,,1,70,,1571,,,1,27,,1581,,,1,70,,1557,,,1,30,,1565,,,1,70,,1572,,,1,30,,1582,,,1,71,,1558,,,1,30,,1566,,,1,71,,1573,,,1,30,,1583,,,1,70,,1586,,,1,30,,1567,,,1,70,,1574,,,1,30,,1584,,,1,59,,1588,,,1,16,,1587,,,1,70,,1568,,,1,28,,1575,,,1,70,,1585,,,1,45,,1559,,,1,103,,1576,,,1,100,,1560,,,1,99,,1577,,,1,100,,1561,,,1,99,,1578,,,1
801,'F1',530,,1589,,,1,70,,1594,,,1,30,,1605,,,1,70,,1617,,,1,30,,1590,,,1,70,,1595,,,1,30,,1606,,,1,70,,1618,,,1,27,,1591,,,1,27,,1596,,,1,70,,1607,,,1,30,,1619,,,1,71,,1592,,,1,30,,1597,,,1,71,,1608,,,1,30,,1620,,,1,71,,1593,,,1,30,,1598,,,1,70,,1609,,,1,30,,1621,,,1,70,,1615,,,1,30,,1599,,,1,70,,1610,,,1,30,,1622,,,1,65,,1601,,,1,10,,1616,,,1,23,,1600,,,1,70,,1611,,,1,30,,1623,,,1,90,,1602,,,1,100,,1612,,,1,100,,1603,,,1,100,,1613,,,1,100,,1604,,,1,102,,1614,,,1
801,'F7',530,,12010,,,1,70,,12018,,,1,30,,12025,,,1,70,,12035,,,1,30,,12011,,,1,71,,12019,,,1,30,,12026,,,1,70,,12036,,,1,27,,12012,,,1,30,,12020,,,1,70,,12027,,,1,27,,12037,,,1,70,,12013,,,1,30,,12021,,,1,70,,12028,,,1,30,,12038,,,1,71,,12014,,,1,30,,12022,,,1,71,,12029,,,1,30,,12039,,,1,70,,12042,,,1,30,,12023,,,1,70,,12030,,,1,30,,12040,,,1,59,,12044,,,1,16,,12043,,,1,70,,12024,,,1,28,,12031,,,1,70,,12041,,,1,45,,12015,,,1,103,,12032,,,1,100,,12016,,,1,99,,12033,,,1,100,,12017,,,1,99,,12034,,,1
801,'F8',456,,12045,,,1,73,,12046,,,1,27,,12088,,,1,61,,12089,,,1,22,,12090,,,1,11,,12058,,,1,9,,12061,,,1,48,,12097,,,1,10,,12067,,,1,9,,12047,,,1,11,,12095,,,1,21,,12068,,,1,60,,12051,,,1,18,,12055,,,1,13,,12059,,,1,55,,12062,,,1,15,,12099,,,1,15,,12048,,,1,17,,12071,,,1,55,,12069,,,1,14,,12052,,,1,15,,12063,,,1,16,,12056,,,1,55,,12084,,,1,15,,12100,,,1,15,,12049,,,1,15,,12096,,,1,55,,12072,,,1,16,,12057,,,1,15,,12053,,,1,15,,12091,,,1,55,,12085,,,1,15,,12113,,,1,15,,12101,,,1,15,,12112,,,1,55,,12114,,,1,16,,12070,,,1,15,,12074,,,1,13,,12103,,,1,59,,12064,,,1,11,,12092,,,1,10,,12086,,,1,14,,12060,,,1,56,,12107,,,1,16,,12050,,,1,15,,12073,,,1,13,,12108,,,1,56,,12054,,,1,15,,12104,,,1,15,,12065,,,1,17,,12093,,,1,61,,12102,,,1,24,,12110,,,1,67,,12109,,,1,28,,12077,,,1,31,,12079,,,1,70,,12075,,,1,73,,12105,,,1,27,,12078,,,1,14,,12081,,,1,60,,12080,,,1,29,,12076,,,1,20,,12106,,,1,93,,12082,,,1,100,,12083,,,1
801,'F9',530,,12119,,,1,70,,12124,,,1,30,,12135,,,1,70,,12147,,,1,30,,12120,,,1,70,,12125,,,1,30,,12136,,,1,70,,12148,,,1,27,,12121,,,1,27,,12126,,,1,70,,12137,,,1,30,,12149,,,1,71,,12122,,,1,30,,12127,,,1,71,,12138,,,1,30,,12150,,,1,71,,12123,,,1,30,,12128,,,1,70,,12139,,,1,30,,12151,,,1,70,,12145,,,1,30,,12129,,,1,70,,12140,,,1,30,,12152,,,1,65,,12131,,,1,10,,12146,,,1,23,,12130,,,1,70,,12141,,,1,30,,12153,,,1,90,,12132,,,1,100,,12142,,,1,100,,12133,,,1,100,,12143,,,1,100,,12134,,,1,102,,12144,,,1
801,'SA',530,,1624,,,1,70,,1629,,,1,30,,1640,,,1,70,,1652,,,1,30,,1625,,,1,70,,1630,,,1,30,,1641,,,1,70,,1653,,,1,27,,1626,,,1,27,,1631,,,1,70,,1642,,,1,30,,1654,,,1,71,,1627,,,1,30,,1632,,,1,71,,1643,,,1,30,,1655,,,1,71,,1628,,,1,30,,1633,,,1,70,,1644,,,1,30,,1656,,,1,70,,1650,,,1,30,,1634,,,1,70,,1645,,,1,30,,1657,,,1,65,,1636,,,1,10,,1651,,,1,23,,1635,,,1,70,,1646,,,1,30,,1658,,,1,90,,1637,,,1,100,,1647,,,1,100,,1638,,,1,100,,1648,,,1,100,,1639,,,1,102,,1649,,,1
801,'SE',456,,1659,,,1,73,,1660,,,1,27,,1702,,,1,61,,1703,,,1,22,,1704,,,1,11,,1672,,,1,9,,1675,,,1,48,,1711,,,1,10,,1681,,,1,9,,1661,,,1,11,,1709,,,1,21,,1682,,,1,60,,1665,,,1,18,,1669,,,1,13,,1673,,,1,55,,1676,,,1,15,,1713,,,1,15,,1662,,,1,17,,1685,,,1,55,,1683,,,1,14,,1666,,,1,15,,1677,,,1,16,,1670,,,1,55,,1698,,,1,15,,1714,,,1,15,,1663,,,1,15,,1710,,,1,55,,1686,,,1,16,,1671,,,1,15,,1667,,,1,15,,1705,,,1,55,,1699,,,1,15,,1727,,,1,15,,1715,,,1,15,,1726,,,1,55,,1728,,,1,16,,1684,,,1,15,,1688,,,1,13,,1717,,,1,59,,1678,,,1,11,,1706,,,1,10,,1700,,,1,14,,1674,,,1,56,,1721,,,1,16,,1664,,,1,15,,1687,,,1,13,,1722,,,1,56,,1668,,,1,15,,1718,,,1,15,,1679,,,1,17,,1707,,,1,61,,1716,,,1,24,,1724,,,1,67,,1723,,,1,28,,1691,,,1,31,,1693,,,1,70,,1689,,,1,73,,1719,,,1,27,,1692,,,1,14,,1695,,,1,60,,1694,,,1,29,,1690,,,1,20,,1720,,,1,93,,1696,,,1,100,,1697,,,1
13201,'DI',708,,9173,,,2,100,,9174,,,2,100,,9176,,,2,100,,9189,,,2,100,,9172,,,2,100,,9177,,,2,100,,9188,,,2,100,,9180,,,2,100,,9178,,,2,105,,9182,,,2,95,,9181,,,2,100,,9179,,,2,101,,9183,,,2,98,,9184,,,2,100,,9175,,,2,100,,9186,,,2,100,,9185,,,2,100,,9187,,,2
13201,'F1',708,,9192,,,2,100,,9206,,,2,100,,9191,,,2,100,,9193,,,2,103,,9195,,,2,97,,9190,,,2,104,,9194,,,2,96,,9198,,,2,104,,9196,,,2,96,,9200,,,2,100,,9199,,,2,100,,9197,,,2,101,,9201,,,2,98,,9203,,,2,100,,9202,,,2,100,,9205,,,2,100,,9204,,,2,100,,9207,,,2
13201,'F7',708,,18080,,,2,100,,18081,,,2,100,,18083,,,2,100,,18096,,,2,100,,18079,,,2,100,,18084,,,2,100,,18095,,,2,100,,18087,,,2,100,,18085,,,2,105,,18089,,,2,95,,18088,,,2,100,,18086,,,2,101,,18090,,,2,98,,18091,,,2,100,,18082,,,2,100,,18093,,,2,100,,18092,,,2,100,,18094,,,2
13201,'F8',542,,18100,,,2,70,,18102,,,2,32,,18110,,,2,60,,18114,,,2,22,,18107,,,2,20,,18112,,,2,62,,18111,,,2,19,,18101,,,2,17,,18108,,,2,60,,18113,,,2,19,,18106,,,2,19,,18115,,,2,97,,18122,,,2,99,,18119,,,2,96,,18120,,,2,100,,18097,,,2,109,,18117,,,2,11,,18103,,,2,3,,18104,,,2,83,,18123,,,2,65,,18118,,,2,20,,18105,,,2,19,,18109,,,2,63,,18124,,,2,19,,18098,,,2,19,,18116,,,2,59,,18099,,,2,40,,18121,,,2
13201,'F9',708,,18127,,,2,100,,18141,,,2,100,,18126,,,2,100,,18128,,,2,103,,18130,,,2,97,,18125,,,2,104,,18129,,,2,96,,18133,,,2,104,,18131,,,2,96,,18135,,,2,100,,18134,,,2,100,,18132,,,2,101,,18136,,,2,98,,18138,,,2,100,,18137,,,2,100,,18140,,,2,100,,18139,,,2,100,,18142,,,2
13201,'SA',708,,9210,,,2,100,,9224,,,2,100,,9209,,,2,100,,9211,,,2,103,,9213,,,2,97,,9208,,,2,104,,9212,,,2,96,,9216,,,2,104,,9214,,,2,96,,9218,,,2,100,,9217,,,2,100,,9215,,,2,101,,9219,,,2,98,,9221,,,2,100,,9220,,,2,100,,9223,,,2,100,,9222,,,2,100,,9225,,,2
13201,'SE',542,,9229,,,2,70,,9231,,,2,32,,9239,,,2,60,,9243,,,2,22,,9236,,,2,20,,9241,,,2,62,,9240,,,2,19,,9230,,,2,17,,9237,,,2,60,,9242,,,2,19,,9235,,,2,19,,9244,,,2,97,,9251,,,2,99,,9248,,,2,96,,9249,,,2,100,,9226,,,2,109,,9246,,,2,11,,9232,,,2,3,,9233,,,2,83,,9252,,,2,65,,9247,,,2,20,,9234,,,2,19,,9238,,,2,63,,9253,,,2,19,,9227,,,2,19,,9245,,,2,59,,9228,,,2,40,,9250,,,2
44201,'F8',712,,18888,,,2,100,,18889,,,2
44201,'SE',712,,10117,,,2,100,,10118,,,2
