1501,'DI',700,,4069,6165,,,1,100,,4063,6165,,,1,100,,4059,6165,,,1,100,,4057,6165,,,1,101,,4068,6165,,,1,100,,4070,6165,,,1,100,,4072,6165,,,1,100,,4060,6165,,,1,100,,4064,6165,,,1,100,,4071,6165,,,1,100,,4066,6165,,,1,100,,4073,6165,,,1,100,,4061,6165,,,1,58,,4058,6165,,,1,100,,4065,6165,,,1,100,,4062,6165,,,1,100,,4074,6165,,,1,100,,4067,6165,,,1,100,,4075,6165,,,1
1501,'F1',700,,4085,6165,,,1,100,,4082,6165,,,1,100,,4089,6165,,,1,100,,4079,6165,,,1,100,,4086,6165,,,1,100,,4084,6165,,,1,100,,4090,6165,,,1,101,,4080,6165,,,1,100,,4083,6165,,,1,102,,4076,6165,,,1,98,,4087,6165,,,1,100,,4092,6165,,,1,100,,4081,6165,,,1,99,,4088,6165,,,1,100,,4091,6165,,,1,100,,4093,6165,,,1,100,,4077,6165,,,1,100,,4094,6165,,,1,100,,4078,6165,,,1
1501,'F7',700,,4107,6165,,,1,100,,4101,6165,,,1,100,,4097,6165,,,1,100,,4095,6165,,,1,101,,4106,6165,,,1,100,,4108,6165,,,1,100,,4110,6165,,,1,100,,4098,6165,,,1,100,,4102,6165,,,1,100,,4109,6165,,,1,100,,4104,6165,,,1,100,,4111,6165,,,1,100,,4099,6165,,,1,58,,4096,6165,,,1,100,,4103,6165,,,1,100,,4100,6165,,,1,100,,4112,6165,,,1,100,,4105,6165,,,1,100,,4113,6165,,,1
1501,'F8',524,,4126,6165,,,1,86,,4128,6165,,,1,30,,4117,6165,,,1,73,,4123,6165,,,1,20,,4124,6165,,,1,20,,4148,6165,,,1,60,,4118,6165,,,1,30,,4114,6165,,,1,70,,4149,6165,,,1,30,,4137,6165,,,1,69,,4134,6165,,,1,30,,4119,6165,,,1,70,,4135,6165,,,1,30,,4140,6165,,,1,70,,4116,6165,,,1,30,,4136,6165,,,1,70,,4141,6165,,,1,30,,4150,6165,,,1,70,,4151,6165,,,1,30,,4138,6165,,,1,72,,4152,6165,,,1,31,,4121,6165,,,1,63,,4120,6165,,,1,39,,4143,6165,,,1,67,,4127,6165,,,1,30,,4132,6165,,,1,70,,4122,6165,,,1,27,,4139,6165,,,1,70,,4130,6165,,,1,30,,4145,6165,,,1,69,,4146,6165,,,1,30,,4129,6165,,,1,70,,4125,6165,,,1,30,,4147,6165,,,1,70,,4144,6165,,,1,30,,4115,6165,,,1,99,,4133,6165,,,1,100,,4131,6165,,,1,99,,4142,6165,,,1
1501,'F9',700,,4162,6165,,,1,100,,4159,6165,,,1,100,,4166,6165,,,1,100,,4156,6165,,,1,100,,4163,6165,,,1,100,,4161,6165,,,1,100,,4167,6165,,,1,101,,4157,6165,,,1,100,,4160,6165,,,1,102,,4153,6165,,,1,98,,4164,6165,,,1,100,,4169,6165,,,1,100,,4158,6165,,,1,99,,4165,6165,,,1,100,,4168,6165,,,1,100,,4170,6165,,,1,100,,4154,6165,,,1,100,,4171,6165,,,1,100,,4155,6165,,,1
1501,'SA',700,,4181,6165,,,1,100,,4178,6165,,,1,100,,4185,6165,,,1,100,,4175,6165,,,1,100,,4182,6165,,,1,100,,4180,6165,,,1,100,,4186,6165,,,1,101,,4176,6165,,,1,100,,4179,6165,,,1,102,,4172,6165,,,1,98,,4183,6165,,,1,100,,4188,6165,,,1,100,,4177,6165,,,1,99,,4184,6165,,,1,100,,4187,6165,,,1,100,,4189,6165,,,1,100,,4173,6165,,,1,100,,4190,6165,,,1,100,,4174,6165,,,1
1501,'SE',524,,4203,6165,,,1,86,,4205,6165,,,1,30,,4194,6165,,,1,73,,4200,6165,,,1,20,,4201,6165,,,1,20,,4225,6165,,,1,60,,4195,6165,,,1,30,,4191,6165,,,1,70,,4226,6165,,,1,30,,4214,6165,,,1,69,,4211,6165,,,1,30,,4196,6165,,,1,70,,4212,6165,,,1,30,,4217,6165,,,1,70,,4193,6165,,,1,30,,4213,6165,,,1,70,,4218,6165,,,1,30,,4227,6165,,,1,70,,4228,6165,,,1,30,,4215,6165,,,1,72,,4229,6165,,,1,31,,4198,6165,,,1,63,,4197,6165,,,1,39,,4220,6165,,,1,67,,4204,6165,,,1,30,,4209,6165,,,1,70,,4199,6165,,,1,27,,4216,6165,,,1,70,,4207,6165,,,1,30,,4222,6165,,,1,69,,4223,6165,,,1,30,,4206,6165,,,1,70,,4202,6165,,,1,30,,4224,6165,,,1,70,,4221,6165,,,1,30,,4192,6165,,,1,99,,4210,6165,,,1,100,,4208,6165,,,1,99,,4219,6165,,,1
5500,'F8',1624,,10859,11239,0,28 39,2,18,,10865,11239,0,28 39,2,15,,10863,11239,0,28 39,2,56,,10857,11239,0,28 39,2,14,,10861,11239,0,28 39,2,15,,10860,11239,0,28 39,2,15,,10866,11239,0,28 39,2,55,,10864,11239,0,28 39,2,20,,10858,11239,0,28 39,2,20,,10862,11239,0,28 39,2
5500,'SE',1624,,10873,11239,0,28 39,2,18,,10879,11239,0,28 39,2,15,,10877,11239,0,28 39,2,56,,10871,11239,0,28 39,2,14,,10875,11239,0,28 39,2,15,,10874,11239,0,28 39,2,15,,10880,11239,0,28 39,2,55,,10878,11239,0,28 39,2,20,,10872,11239,0,28 39,2,20,,10876,11239,0,28 39,2
50000,'F8',1603,,18722,4428,,,2
50000,'SE',1603,,18723,4428,,,2
