4701,'DI',703,,9596,6966,,,1,100,,9587,6966,,,1,100,,9598,6966,,,1,100,,9588,6966,,,1,100,,9599,6966,,,1,100,,9589,6966,,,1,100,,9584,6966,,,1,100,,9590,6966,,,1,104,,9583,6966,,,1,51,,9591,6966,,,1,148,,9592,6966,,,1,102,,9593,6966,,,1,95,,9597,6966,,,1,56,,9585,6966,,,1,100,,9600,6966,,,1,99,,9594,6966,,,1,100,,9586,6966,,,1,100,,9601,6966,,,1,100,,9595,6966,,,1
4701,'F1',703,,9617,6966,,,1,103,,9607,6966,,,1,101,,9614,6966,,,1,96,,9605,6966,,,1,56,,9608,6966,,,1,144,,9606,6966,,,1,100,,9615,6966,,,1,100,,9603,6966,,,1,55,,9616,6966,,,1,144,,9618,6966,,,1,100,,9604,6966,,,1,101,,9609,6966,,,1,100,,9612,6966,,,1,56,,9602,6966,,,1,100,,9613,6966,,,1,97,,9610,6966,,,1,100,,9611,6966,,,1,100,,9619,6966,,,1,100,,9620,6966,,,1,100,,9621,6966,,,1
4701,'F7',703,,9635,6966,,,1,100,,9626,6966,,,1,100,,9637,6966,,,1,100,,9627,6966,,,1,100,,9638,6966,,,1,100,,9628,6966,,,1,100,,9623,6966,,,1,100,,9629,6966,,,1,104,,9622,6966,,,1,51,,9630,6966,,,1,148,,9631,6966,,,1,102,,9632,6966,,,1,95,,9636,6966,,,1,56,,9624,6966,,,1,100,,9639,6966,,,1,99,,9633,6966,,,1,100,,9625,6966,,,1,100,,9640,6966,,,1,100,,9634,6966,,,1
4701,'F8',621,,9652,6966,,,1,31,,9641,6966,,,1,60,,9651,6966,,,1,15,,9673,6966,,,1,15,,9653,6966,,,1,14,,9675,6966,,,1,55,,9649,6966,,,1,15,,9659,6966,,,1,18,,9648,6966,,,1,60,,9642,6966,,,1,20,,9677,6966,,,1,20,,9654,6966,,,1,70,,9643,6966,,,1,30,,9661,6966,,,1,70,,9656,6966,,,1,30,,9655,6966,,,1,70,,9664,6966,,,1,30,,9678,6966,,,1,70,,9644,6966,,,1,30,,9660,6966,,,1,70,,9663,6966,,,1,30,,9665,6966,,,1,70,,9679,6966,,,1,31,,9681,6966,,,1,71,,9645,6966,,,1,33,,9646,6966,,,1,73,,9669,6966,,,1,18,,9666,6966,,,1,67,,9667,6966,,,1,28,,9676,6966,,,1,70,,9672,6966,,,1,32,,9680,6966,,,1,63,,9668,6966,,,1,30,,9662,6966,,,1,70,,9658,6966,,,1,29,,9647,6966,,,1,30,,9657,6966,,,1,70,,9670,6966,,,1,100,,9674,6966,,,1,100,,9650,6966,,,1,100,,9671,6966,,,1
4701,'F9',703,,9697,6966,,,1,103,,9687,6966,,,1,101,,9694,6966,,,1,96,,9685,6966,,,1,56,,9688,6966,,,1,144,,9686,6966,,,1,100,,9695,6966,,,1,100,,9683,6966,,,1,55,,9696,6966,,,1,144,,9698,6966,,,1,100,,9684,6966,,,1,101,,9689,6966,,,1,100,,9692,6966,,,1,56,,9682,6966,,,1,100,,9693,6966,,,1,97,,9690,6966,,,1,100,,9691,6966,,,1,100,,9699,6966,,,1,100,,9700,6966,,,1,100,,9701,6966,,,1
4701,'SA',703,,9717,6966,,,1,103,,9707,6966,,,1,101,,9714,6966,,,1,96,,9705,6966,,,1,56,,9708,6966,,,1,144,,9706,6966,,,1,100,,9715,6966,,,1,100,,9703,6966,,,1,55,,9716,6966,,,1,144,,9718,6966,,,1,100,,9704,6966,,,1,101,,9709,6966,,,1,100,,9712,6966,,,1,56,,9702,6966,,,1,100,,9713,6966,,,1,97,,9710,6966,,,1,100,,9711,6966,,,1,100,,9719,6966,,,1,100,,9720,6966,,,1,100,,9721,6966,,,1
4701,'SE',621,,9733,6966,,,1,31,,9722,6966,,,1,60,,9732,6966,,,1,15,,9754,6966,,,1,15,,9734,6966,,,1,14,,9756,6966,,,1,55,,9730,6966,,,1,15,,9740,6966,,,1,18,,9729,6966,,,1,60,,9723,6966,,,1,20,,9758,6966,,,1,20,,9735,6966,,,1,70,,9724,6966,,,1,30,,9742,6966,,,1,70,,9737,6966,,,1,30,,9736,6966,,,1,70,,9745,6966,,,1,30,,9759,6966,,,1,70,,9725,6966,,,1,30,,9741,6966,,,1,70,,9744,6966,,,1,30,,9746,6966,,,1,70,,9760,6966,,,1,31,,9762,6966,,,1,71,,9726,6966,,,1,33,,9727,6966,,,1,73,,9750,6966,,,1,18,,9747,6966,,,1,67,,9748,6966,,,1,28,,9757,6966,,,1,70,,9753,6966,,,1,32,,9761,6966,,,1,63,,9749,6966,,,1,30,,9743,6966,,,1,70,,9739,6966,,,1,29,,9728,6966,,,1,30,,9738,6966,,,1,70,,9751,6966,,,1,100,,9755,6966,,,1,100,,9731,6966,,,1,100,,9752,6966,,,1
54700,'F8',1644,,18810,10874,4,,2
54700,'SE',1644,,18811,10874,4,,2
54701,'F8',906,,18812,2628,,,2
54701,'SE',906,,18813,2628,,,2
69000,'F8',1624,,19025,7063,,,2,1,,19024,7063,,,2
69000,'SE',1624,,19027,7063,,,2,1,,19026,7063,,,2
69001,'F8',851,,19029,4550,,,2,1,,19028,4550,,,2
69001,'SE',851,,19031,4550,,,2,1,,19030,4550,,,2
