7700,'DI',658,,35010,0,0,21 22 23,1,100,,35013,0,0,21 22 23,1,100,,35011,0,0,21 22 23,1,100,,35014,0,0,21 22 23,1,100,,35012,0,0,21 22 23,1,100,,35009,0,0,21 22 23,1,100,,35015,0,0,21 22 23,1,100,,35018,0,0,21 22 23,1,100,,35008,0,0,21 22 23,1,100,,35019,0,0,21 22 23,1,100,,35020,0,0,21 22 23,1,100,,35021,0,0,21 22 23,1,100,,35016,0,0,21 22 23,1,100,,35022,0,0,21 22 23,1,100,,35017,0,0,21 22 23,1
7700,'F1',658,,35026,0,0,21 22 23,1,100,,35028,0,0,21 22 23,1,100,,35027,0,0,21 22 23,1,100,,35029,0,0,21 22 23,1,100,,35023,0,0,21 22 23,1,100,,35030,0,0,21 22 23,1,100,,35031,0,0,21 22 23,1,97,,35024,0,0,21 22 23,1,103,,35032,0,0,21 22 23,1,99,,35034,0,0,21 22 23,1,101,,35033,0,0,21 22 23,1,100,,35035,0,0,21 22 23,1,100,,35036,0,0,21 22 23,1,100,,35025,0,0,21 22 23,1,100,,35037,0,0,21 22 23,1
7700,'F2',658,,35052,0,0,21 22 23,1,100,,35043,0,0,21 22 23,1,100,,35039,0,0,21 22 23,1,100,,35044,0,0,21 22 23,1,100,,35040,0,0,21 22 23,1,100,,35042,0,0,21 22 23,1,100,,35045,0,0,21 22 23,1,97,,35038,0,0,21 22 23,1,103,,35046,0,0,21 22 23,1,99,,35048,0,0,21 22 23,1,101,,35047,0,0,21 22 23,1,100,,35049,0,0,21 22 23,1,100,,35050,0,0,21 22 23,1,100,,35041,0,0,21 22 23,1,100,,35051,0,0,21 22 23,1
7700,'F7',551,,35056,0,0,21 22 23,1,55,,35057,0,0,21 22 23,1,20,,35062,0,0,21 22 23,1,15,,35065,0,0,21 22 23,1,67,,35068,0,0,21 22 23,1,23,,35063,0,0,21 22 23,1,22,,35067,0,0,21 22 23,1,55,,35058,0,0,21 22 23,1,32,,35066,0,0,21 22 23,1,70,,35069,0,0,21 22 23,1,30,,35064,0,0,21 22 23,1,70,,35059,0,0,21 22 23,1,30,,35071,0,0,21 22 23,1,70,,35070,0,0,21 22 23,1,30,,35073,0,0,21 22 23,1,70,,35074,0,0,21 22 23,1,33,,35072,0,0,21 22 23,1,70,,35075,0,0,21 22 23,1,30,,35079,0,0,21 22 23,1,66,,35081,0,0,21 22 23,1,20,,35084,0,0,21 22 23,1,20,,35088,0,0,21 22 23,1,60,,35076,0,0,21 22 23,1,5,,35054,0,0,21 22 23,1,15,,35080,0,0,21 22 23,1,18,,35060,0,0,21 22 23,1,58,,35082,0,0,21 22 23,1,18,,35085,0,0,21 22 23,1,18,,35089,0,0,21 22 23,1,18,,35090,0,0,21 22 23,1,60,,35077,0,0,21 22 23,1,20,,35061,0,0,21 22 23,1,18,,35083,0,0,21 22 23,1,2,,35087,0,0,21 22 23,1,60,,35086,0,0,21 22 23,1,18,,35078,0,0,21 22 23,1,70,,35091,0,0,21 22 23,1,32,,35093,0,0,21 22 23,1,71,,35055,0,0,21 22 23,1,29,,35053,0,0,21 22 23,1,70,,35092,0,0,21 22 23,1
7700,'F8',658,,35108,0,0,21 22 23,1,100,,35099,0,0,21 22 23,1,100,,35095,0,0,21 22 23,1,100,,35100,0,0,21 22 23,1,100,,35096,0,0,21 22 23,1,100,,35098,0,0,21 22 23,1,100,,35101,0,0,21 22 23,1,97,,35094,0,0,21 22 23,1,103,,35102,0,0,21 22 23,1,99,,35104,0,0,21 22 23,1,101,,35103,0,0,21 22 23,1,100,,35105,0,0,21 22 23,1,100,,35106,0,0,21 22 23,1,100,,35097,0,0,21 22 23,1,100,,35107,0,0,21 22 23,1
7700,'F9',658,,35111,0,0,21 22 23,1,100,,35114,0,0,21 22 23,1,100,,35112,0,0,21 22 23,1,100,,35115,0,0,21 22 23,1,100,,35113,0,0,21 22 23,1,100,,35110,0,0,21 22 23,1,100,,35116,0,0,21 22 23,1,100,,35119,0,0,21 22 23,1,100,,35109,0,0,21 22 23,1,100,,35120,0,0,21 22 23,1,100,,35121,0,0,21 22 23,1,100,,35122,0,0,21 22 23,1,100,,35117,0,0,21 22 23,1,100,,35123,0,0,21 22 23,1,100,,35118,0,0,21 22 23,1
7700,'SA',658,,35137,0,0,21 22 23,1,100,,35128,0,0,21 22 23,1,100,,35125,0,0,21 22 23,1,100,,35129,0,0,21 22 23,1,100,,13602,0,0,21 22 23,1,100,,35127,0,0,21 22 23,1,100,,35130,0,0,21 22 23,1,97,,35124,0,0,21 22 23,1,103,,35131,0,0,21 22 23,1,99,,35133,0,0,21 22 23,1,101,,35132,0,0,21 22 23,1,100,,35134,0,0,21 22 23,1,100,,35135,0,0,21 22 23,1,100,,35126,0,0,21 22 23,1,100,,35136,0,0,21 22 23,1
7700,'SE',551,,35141,0,0,21 22 23,1,55,,35142,0,0,21 22 23,1,20,,35147,0,0,21 22 23,1,15,,35150,0,0,21 22 23,1,67,,35153,0,0,21 22 23,1,23,,35148,0,0,21 22 23,1,22,,35152,0,0,21 22 23,1,55,,35143,0,0,21 22 23,1,32,,35151,0,0,21 22 23,1,70,,35154,0,0,21 22 23,1,30,,35149,0,0,21 22 23,1,70,,35144,0,0,21 22 23,1,30,,35156,0,0,21 22 23,1,70,,35155,0,0,21 22 23,1,30,,35158,0,0,21 22 23,1,70,,35159,0,0,21 22 23,1,33,,35157,0,0,21 22 23,1,70,,35160,0,0,21 22 23,1,30,,35164,0,0,21 22 23,1,66,,35166,0,0,21 22 23,1,20,,35169,0,0,21 22 23,1,20,,35173,0,0,21 22 23,1,60,,35161,0,0,21 22 23,1,5,,35139,0,0,21 22 23,1,15,,35165,0,0,21 22 23,1,18,,35145,0,0,21 22 23,1,58,,35167,0,0,21 22 23,1,18,,35170,0,0,21 22 23,1,18,,35174,0,0,21 22 23,1,18,,13636,0,0,21 22 23,1,60,,35162,0,0,21 22 23,1,20,,35146,0,0,21 22 23,1,18,,35168,0,0,21 22 23,1,2,,35172,0,0,21 22 23,1,60,,35171,0,0,21 22 23,1,18,,35163,0,0,21 22 23,1,70,,35175,0,0,21 22 23,1,32,,35177,0,0,21 22 23,1,71,,35140,0,0,21 22 23,1,29,,35138,0,0,21 22 23,1,70,,35176,0,0,21 22 23,1
7701,'DI',825,,35180,15479,4,,1,100,,35183,15479,4,,1,100,,35181,15479,4,,1,100,,35184,15479,4,,1,100,,35182,15479,4,,1,100,,35179,15479,4,,1,100,,35185,15479,4,,1,100,,35188,15479,4,,1,100,,35178,15479,4,,1,100,,35189,15479,4,,1,100,,35190,15479,4,,1,98,,35191,15479,4,,1,99,,35186,15479,4,,1,100,,35192,15479,4,,1,100,,35187,15479,4,,1
7701,'F1',825,,35196,15479,4,,1,100,,35198,15479,4,,1,100,,35197,15479,4,,1,100,,35199,15479,4,,1,100,,35193,15479,4,,1,100,,35200,15479,4,,1,100,,35201,15479,4,,1,97,,35194,15479,4,,1,103,,35202,15479,4,,1,99,,35204,15479,4,,1,101,,35203,15479,4,,1,98,,35205,15479,4,,1,99,,35206,15479,4,,1,100,,35195,15479,4,,1,100,,35207,15479,4,,1
7701,'F2',825,,35222,15479,4,,1,100,,35213,15479,4,,1,100,,35209,15479,4,,1,100,,35214,15479,4,,1,100,,35210,15479,4,,1,100,,35212,15479,4,,1,100,,35215,15479,4,,1,97,,35208,15479,4,,1,103,,35216,15479,4,,1,99,,35218,15479,4,,1,101,,35217,15479,4,,1,98,,35219,15479,4,,1,99,,35220,15479,4,,1,100,,35211,15479,4,,1,100,,35221,15479,4,,1
7701,'F7',706,,35229,15479,4,,1,11,,35225,15479,4,,1,7,,35232,15479,4,,1,7,,35235,15479,4,,1,15,,35226,15479,4,,1,2,,35238,15479,4,,1,8,,35231,15479,4,,1,58,,35236,15479,4,,1,35,,35240,15479,4,,1,68,,35233,15479,4,,1,27,,35239,15479,4,,1,4,,35227,15479,4,,1,70,,35237,15479,4,,1,30,,35241,15479,4,,1,70,,35234,15479,4,,1,30,,35228,15479,4,,1,70,,35243,15479,4,,1,32,,35242,15479,4,,1,70,,35245,15479,4,,1,31,,35246,15479,4,,1,73,,35244,15479,4,,1,30,,35247,15479,4,,1,70,,35251,15479,4,,1,32,,35253,15479,4,,1,60,,35255,15479,4,,1,20,,35258,15479,4,,1,20,,35248,15479,4,,1,60,,35252,15479,4,,1,16,,35230,15479,4,,1,18,,35254,15479,4,,1,62,,35256,15479,4,,1,28,,35259,15479,4,,1,64,,35249,15479,4,,1,33,,35257,15479,4,,1,71,,35250,15479,4,,1,30,,35260,15479,4,,1,71,,35261,15479,4,,1,31,,35224,15479,4,,1,61,,35223,15479,4,,1
7701,'F8',825,,35276,15479,4,,1,100,,35267,15479,4,,1,100,,35263,15479,4,,1,100,,35268,15479,4,,1,100,,35264,15479,4,,1,100,,35266,15479,4,,1,100,,35269,15479,4,,1,97,,35262,15479,4,,1,103,,35270,15479,4,,1,99,,35272,15479,4,,1,101,,35271,15479,4,,1,98,,35273,15479,4,,1,99,,35274,15479,4,,1,100,,35265,15479,4,,1,100,,35275,15479,4,,1
7701,'F9',825,,35279,15479,4,,1,100,,35282,15479,4,,1,100,,35280,15479,4,,1,100,,35283,15479,4,,1,100,,35281,15479,4,,1,100,,35278,15479,4,,1,100,,35284,15479,4,,1,100,,35287,15479,4,,1,100,,35277,15479,4,,1,100,,35288,15479,4,,1,100,,35289,15479,4,,1,98,,35290,15479,4,,1,99,,35285,15479,4,,1,100,,35291,15479,4,,1,100,,35286,15479,4,,1
7701,'SA',825,,35305,15479,4,,1,100,,35296,15479,4,,1,100,,35293,15479,4,,1,100,,35297,15479,4,,1,100,,13757,15479,4,,1,100,,35295,15479,4,,1,100,,35298,15479,4,,1,97,,35292,15479,4,,1,103,,35299,15479,4,,1,99,,35301,15479,4,,1,101,,35300,15479,4,,1,98,,35302,15479,4,,1,99,,35303,15479,4,,1,100,,35294,15479,4,,1,100,,35304,15479,4,,1
7701,'SE',706,,35312,15479,4,,1,11,,35308,15479,4,,1,7,,35315,15479,4,,1,7,,35318,15479,4,,1,15,,35309,15479,4,,1,2,,35321,15479,4,,1,8,,35314,15479,4,,1,58,,35319,15479,4,,1,35,,35323,15479,4,,1,68,,35316,15479,4,,1,27,,35322,15479,4,,1,4,,35310,15479,4,,1,70,,35320,15479,4,,1,30,,35324,15479,4,,1,70,,35317,15479,4,,1,30,,35311,15479,4,,1,70,,35326,15479,4,,1,32,,35325,15479,4,,1,70,,35328,15479,4,,1,31,,35329,15479,4,,1,73,,35327,15479,4,,1,30,,35330,15479,4,,1,70,,35334,15479,4,,1,32,,35336,15479,4,,1,60,,35338,15479,4,,1,20,,35341,15479,4,,1,20,,35331,15479,4,,1,60,,35335,15479,4,,1,16,,35313,15479,4,,1,18,,35337,15479,4,,1,62,,35339,15479,4,,1,28,,13794,15479,4,,1,64,,35332,15479,4,,1,33,,35340,15479,4,,1,71,,35333,15479,4,,1,30,,35342,15479,4,,1,71,,35343,15479,4,,1,31,,35307,15479,4,,1,61,,35306,15479,4,,1
