1501,'DI',647,,24559,1030,,,1,100,,24556,1030,,,1,100,,24553,1030,,,1,100,,24566,1030,,,1,101,,24571,1030,,,1,100,,24564,1030,,,1,100,,24560,1030,,,1,100,,24554,1030,,,1,100,,24568,1030,,,1,100,,24555,1030,,,1,100,,24563,1030,,,1,100,,24561,1030,,,1,100,,24565,1030,,,1,99,,24569,1030,,,1,100,,24567,1030,,,1,100,,24562,1030,,,1,100,,24557,1030,,,1,100,,24570,1030,,,1,100,,24558,1030,,,1
1501,'F1',647,,24573,1030,,,1,100,,24579,1030,,,1,100,,24588,1030,,,1,100,,24580,1030,,,1,100,,24582,1030,,,1,100,,24581,1030,,,1,100,,24589,1030,,,1,101,,24574,1030,,,1,100,,24583,1030,,,1,102,,24575,1030,,,1,98,,24572,1030,,,1,100,,24585,1030,,,1,100,,24590,1030,,,1,99,,24576,1030,,,1,100,,24577,1030,,,1,100,,24586,1030,,,1,100,,24578,1030,,,1,100,,24587,1030,,,1,100,,24584,1030,,,1
1501,'F2',647,,24606,1030,,,1,100,,24600,1030,,,1,100,,24594,1030,,,1,100,,24607,1030,,,1,100,,24592,1030,,,1,100,,24591,1030,,,1,100,,24603,1030,,,1,101,,24598,1030,,,1,100,,24602,1030,,,1,102,,24599,1030,,,1,98,,24595,1030,,,1,100,,24601,1030,,,1,100,,24604,1030,,,1,99,,24605,1030,,,1,100,,24593,1030,,,1,100,,24608,1030,,,1,100,,24596,1030,,,1,100,,24609,1030,,,1,100,,24597,1030,,,1
1501,'F7',511,,24622,1030,,,1,46,,24614,1030,,,1,70,,24620,1030,,,1,31,,24642,1030,,,1,60,,24630,1030,,,1,20,,24624,1030,,,1,20,,24615,1030,,,1,70,,24611,1030,,,1,30,,24648,1030,,,1,70,,24632,1030,,,1,30,,24621,1030,,,1,70,,24640,1030,,,1,30,,24634,1030,,,1,70,,24616,1030,,,1,30,,24618,1030,,,1,70,,24635,1030,,,1,30,,24637,1030,,,1,70,,24619,1030,,,1,30,,24617,1030,,,1,70,,24643,1030,,,1,30,,24625,1030,,,1,71,,24646,1030,,,1,23,,24641,1030,,,1,79,,24638,1030,,,1,27,,24627,1030,,,1,70,,24613,1030,,,1,72,,24647,1030,,,1,28,,24636,1030,,,1,30,,24626,1030,,,1,70,,24644,1030,,,1,29,,24639,1030,,,1,70,,24612,1030,,,1,30,,24633,1030,,,1,70,,24645,1030,,,1,30,,24629,1030,,,1,70,,24610,1030,,,1,100,,24623,1030,,,1,100,,24628,1030,,,1,100,,24631,1030,,,1
1501,'F8',647,,24664,1030,,,1,100,,24658,1030,,,1,100,,24652,1030,,,1,100,,24665,1030,,,1,100,,24650,1030,,,1,100,,24649,1030,,,1,100,,24661,1030,,,1,101,,24656,1030,,,1,100,,24660,1030,,,1,102,,24657,1030,,,1,98,,24653,1030,,,1,100,,24659,1030,,,1,100,,24662,1030,,,1,99,,24663,1030,,,1,100,,24651,1030,,,1,100,,24666,1030,,,1,100,,24654,1030,,,1,100,,24667,1030,,,1,100,,24655,1030,,,1
1501,'F9',647,,24674,1030,,,1,100,,24671,1030,,,1,100,,24668,1030,,,1,100,,24681,1030,,,1,101,,24686,1030,,,1,100,,24679,1030,,,1,100,,24675,1030,,,1,100,,24669,1030,,,1,100,,24683,1030,,,1,100,,24670,1030,,,1,100,,24678,1030,,,1,100,,24676,1030,,,1,100,,24680,1030,,,1,99,,24684,1030,,,1,100,,24682,1030,,,1,100,,24677,1030,,,1,100,,24672,1030,,,1,100,,24685,1030,,,1,100,,24673,1030,,,1
1501,'SA',647,,24702,1030,,,1,100,,24696,1030,,,1,100,,24690,1030,,,1,100,,24703,1030,,,1,100,,24688,1030,,,1,100,,24687,1030,,,1,100,,24699,1030,,,1,101,,24694,1030,,,1,100,,24698,1030,,,1,102,,24695,1030,,,1,98,,24691,1030,,,1,100,,24697,1030,,,1,100,,24700,1030,,,1,99,,24701,1030,,,1,100,,24689,1030,,,1,100,,24704,1030,,,1,100,,24692,1030,,,1,100,,24705,1030,,,1,100,,24693,1030,,,1
1501,'SE',511,,24718,1030,,,1,46,,24710,1030,,,1,70,,24716,1030,,,1,31,,24738,1030,,,1,60,,24726,1030,,,1,20,,24720,1030,,,1,20,,24711,1030,,,1,70,,24707,1030,,,1,30,,24744,1030,,,1,70,,24728,1030,,,1,30,,24717,1030,,,1,70,,24736,1030,,,1,30,,24730,1030,,,1,70,,24712,1030,,,1,30,,24714,1030,,,1,70,,24731,1030,,,1,30,,24733,1030,,,1,70,,24715,1030,,,1,30,,24713,1030,,,1,70,,24739,1030,,,1,30,,24721,1030,,,1,71,,24742,1030,,,1,23,,24737,1030,,,1,79,,24734,1030,,,1,27,,24723,1030,,,1,70,,24709,1030,,,1,72,,24743,1030,,,1,28,,24732,1030,,,1,30,,24722,1030,,,1,70,,24740,1030,,,1,29,,24735,1030,,,1,70,,24708,1030,,,1,30,,24729,1030,,,1,70,,24741,1030,,,1,30,,24725,1030,,,1,70,,24706,1030,,,1,100,,24719,1030,,,1,100,,24724,1030,,,1,100,,24727,1030,,,1
3001,'F7',557,,28281,996,0,60 23,2,70,,28282,996,0,60 23,2,30,,28283,996,0,60 23,2,70,,28285,996,0,60 23,2,32,,28284,996,0,60 23,2,72,,28286,996,0,60 23,2,721,,28289,996,0,60 23,2,71,,28290,996,0,60 23,2,28,,28287,996,0,60 23,2,72,,28288,996,0,60 23,2,31,,28291,996,0,60 23,2
3001,'SE',557,,28292,996,0,60 23,2,70,,28293,996,0,60 23,2,30,,28294,996,0,60 23,2,70,,28296,996,0,60 23,2,32,,28295,996,0,60 23,2,72,,28297,996,0,60 23,2,721,,28300,996,0,60 23,2,71,,28301,996,0,60 23,2,28,,28298,996,0,60 23,2,72,,28299,996,0,60 23,2,31,,28302,996,0,60 23,2
55001,'F7',912,,40711,4410,,,2
55001,'SE',912,,40712,4410,,,2
69200,'F7',1623,,40930,5403,,,2
69200,'SE',1623,,40931,5403,,,2
69500,'F7',1616,,40951,2645,,,2,1,,40950,2645,,,2
69500,'SE',1616,,40953,2645,,,2,1,,40952,2645,,,2
