2300,'F1',657,,27432,7007,,,1,100,,27433,7007,,,1,100,,27429,7007,,,1,101,,27425,7007,,,1,99,,27427,7007,,,1,143,,27428,7007,,,1,57,,27434,7007,,,1,100,,27426,7007,,,1,100,,27430,7007,,,1,100,,27431,7007,,,1,100,,27435,7007,,,1,102,,27436,7007,,,1
2300,'F2',657,,27445,7007,,,1,100,,27446,7007,,,1,100,,27437,7007,,,1,101,,27438,7007,,,1,99,,27441,7007,,,1,143,,27442,7007,,,1,57,,27447,7007,,,1,100,,27448,7007,,,1,100,,27444,7007,,,1,100,,27443,7007,,,1,100,,27439,7007,,,1,102,,27440,7007,,,1
2300,'F7',959,,27451,7007,,,1,100,,27449,7007,,,1,100,,27452,7007,,,1,100,,27453,7007,,,1,100,,27450,7007,,,1
2300,'F8',657,,27462,7007,,,1,100,,27463,7007,,,1,100,,27454,7007,,,1,101,,27455,7007,,,1,99,,27458,7007,,,1,143,,27459,7007,,,1,57,,27464,7007,,,1,100,,27465,7007,,,1,100,,27461,7007,,,1,100,,27460,7007,,,1,100,,27456,7007,,,1,102,,27457,7007,,,1
2300,'SA',657,,27474,7007,,,1,100,,27475,7007,,,1,100,,27466,7007,,,1,101,,27467,7007,,,1,99,,27470,7007,,,1,143,,27471,7007,,,1,57,,27476,7007,,,1,100,,27477,7007,,,1,100,,27473,7007,,,1,100,,27472,7007,,,1,100,,27468,7007,,,1,102,,27469,7007,,,1
2300,'SE',959,,27480,7007,,,1,100,,27478,7007,,,1,100,,27481,7007,,,1,100,,27482,7007,,,1,100,,27479,7007,,,1
12300,'DI',627,,37610,7007,0,42 43,1,100,,37620,7007,0,42 43,1,100,,37611,7007,0,42 43,1,100,,37621,7007,0,42 43,1,100,,37612,7007,0,42 43,1,100,,37622,7007,0,42 43,1,105,,37613,7007,0,42 43,1,95,,37623,7007,0,42 43,1,100,,37614,7007,0,42 43,1,100,,37624,7007,0,42 43,1,100,,37615,7007,0,42 43,1,100,,37625,7007,0,42 43,1,100,,37616,7007,0,42 43,1,100,,37626,7007,0,42 43,1,100,,37617,7007,0,42 43,1,100,,37627,7007,0,42 43,1,100,,37618,7007,0,42 43,1,100,,37628,7007,0,42 43,1,100,,37619,7007,0,42 43,1
12300,'F1',627,,37637,7007,0,42 43,1,100,,37641,7007,0,42 43,1,100,,37631,7007,0,42 43,1,105,,37642,7007,0,42 43,1,99,,37632,7007,0,42 43,1,100,,37629,7007,0,42 43,1,100,,37633,7007,0,42 43,1,96,,37630,7007,0,42 43,1,100,,37634,7007,0,42 43,1,100,,37635,7007,0,42 43,1,104,,37643,7007,0,42 43,1,101,,37636,7007,0,42 43,1,99,,37644,7007,0,42 43,1,96,,37638,7007,0,42 43,1,100,,37645,7007,0,42 43,1,100,,37639,7007,0,42 43,1,100,,37646,7007,0,42 43,1,100,,37640,7007,0,42 43,1,100,,37647,7007,0,42 43,1
12300,'F2',627,,37649,7007,0,42 43,1,100,,37648,7007,0,42 43,1,100,,37650,7007,0,42 43,1,105,,37659,7007,0,42 43,1,99,,37651,7007,0,42 43,1,100,,37660,7007,0,42 43,1,100,,37652,7007,0,42 43,1,96,,37661,7007,0,42 43,1,100,,37653,7007,0,42 43,1,100,,37662,7007,0,42 43,1,104,,37654,7007,0,42 43,1,101,,37663,7007,0,42 43,1,99,,37655,7007,0,42 43,1,96,,37664,7007,0,42 43,1,100,,37656,7007,0,42 43,1,100,,37665,7007,0,42 43,1,100,,37657,7007,0,42 43,1,100,,37666,7007,0,42 43,1,100,,37658,7007,0,42 43,1
12300,'F7',520,,37686,7007,0,42 43,1,33,,37667,7007,0,42 43,1,55,,37674,7007,0,42 43,1,10,,37668,7007,0,42 43,1,10,,37688,7007,0,42 43,1,10,,37679,7007,0,42 43,1,12,,37689,7007,0,42 43,1,8,,37669,7007,0,42 43,1,52,,37693,7007,0,42 43,1,10,,37670,7007,0,42 43,1,21,,37694,7007,0,42 43,1,17,,37690,7007,0,42 43,1,69,,37696,7007,0,42 43,1,28,,37695,7007,0,42 43,1,69,,37676,7007,0,42 43,1,102,,37671,7007,0,42 43,1,100,,37681,7007,0,42 43,1,99,,37691,7007,0,42 43,1,102,,37683,7007,0,42 43,1,5,,37680,7007,0,42 43,1,93,,37687,7007,0,42 43,1,30,,37697,7007,0,42 43,1,72,,37684,7007,0,42 43,1,26,,37682,7007,0,42 43,1,71,,37699,7007,0,42 43,1,31,,37701,7007,0,42 43,1,71,,37673,7007,0,42 43,1,29,,37685,7007,0,42 43,1,76,,37672,7007,0,42 43,1,28,,37698,7007,0,42 43,1,70,,37692,7007,0,42 43,1,29,,37675,7007,0,42 43,1,70,,37700,7007,0,42 43,1,100,,37677,7007,0,42 43,1,100,,37702,7007,0,42 43,1,97,,37678,7007,0,42 43,1,100,,37703,7007,0,42 43,1
12300,'F8',627,,37705,7007,0,42 43,1,100,,37704,7007,0,42 43,1,100,,37706,7007,0,42 43,1,105,,37715,7007,0,42 43,1,99,,37707,7007,0,42 43,1,100,,37716,7007,0,42 43,1,100,,37708,7007,0,42 43,1,96,,37717,7007,0,42 43,1,100,,37709,7007,0,42 43,1,100,,37718,7007,0,42 43,1,104,,37710,7007,0,42 43,1,101,,37719,7007,0,42 43,1,99,,37711,7007,0,42 43,1,96,,37720,7007,0,42 43,1,100,,37712,7007,0,42 43,1,100,,37721,7007,0,42 43,1,100,,37713,7007,0,42 43,1,100,,37722,7007,0,42 43,1,100,,37714,7007,0,42 43,1
12300,'F9',627,,37723,7007,0,42 43,1,100,,37733,7007,0,42 43,1,100,,37724,7007,0,42 43,1,100,,37734,7007,0,42 43,1,100,,37725,7007,0,42 43,1,100,,37735,7007,0,42 43,1,105,,37726,7007,0,42 43,1,95,,37736,7007,0,42 43,1,100,,37727,7007,0,42 43,1,100,,37737,7007,0,42 43,1,100,,37728,7007,0,42 43,1,100,,37738,7007,0,42 43,1,100,,37729,7007,0,42 43,1,100,,37739,7007,0,42 43,1,100,,37730,7007,0,42 43,1,100,,37740,7007,0,42 43,1,100,,37731,7007,0,42 43,1,100,,37741,7007,0,42 43,1,100,,37732,7007,0,42 43,1
12300,'SA',627,,37743,7007,0,42 43,1,100,,37742,7007,0,42 43,1,100,,37744,7007,0,42 43,1,105,,37753,7007,0,42 43,1,99,,37745,7007,0,42 43,1,100,,37754,7007,0,42 43,1,100,,37746,7007,0,42 43,1,96,,37755,7007,0,42 43,1,100,,37747,7007,0,42 43,1,100,,37756,7007,0,42 43,1,104,,37748,7007,0,42 43,1,101,,37757,7007,0,42 43,1,99,,37749,7007,0,42 43,1,96,,37758,7007,0,42 43,1,100,,37750,7007,0,42 43,1,100,,37759,7007,0,42 43,1,100,,37751,7007,0,42 43,1,100,,37760,7007,0,42 43,1,100,,37752,7007,0,42 43,1
12300,'SE',520,,37780,7007,0,42 43,1,33,,37761,7007,0,42 43,1,55,,37768,7007,0,42 43,1,10,,37762,7007,0,42 43,1,10,,37782,7007,0,42 43,1,10,,37773,7007,0,42 43,1,12,,37783,7007,0,42 43,1,8,,37763,7007,0,42 43,1,52,,37787,7007,0,42 43,1,10,,37764,7007,0,42 43,1,21,,37788,7007,0,42 43,1,17,,37784,7007,0,42 43,1,69,,37790,7007,0,42 43,1,28,,37789,7007,0,42 43,1,69,,37770,7007,0,42 43,1,102,,37765,7007,0,42 43,1,100,,37775,7007,0,42 43,1,99,,37785,7007,0,42 43,1,102,,37777,7007,0,42 43,1,5,,37774,7007,0,42 43,1,93,,37781,7007,0,42 43,1,30,,37791,7007,0,42 43,1,72,,37778,7007,0,42 43,1,26,,37776,7007,0,42 43,1,71,,37793,7007,0,42 43,1,31,,37795,7007,0,42 43,1,71,,37767,7007,0,42 43,1,29,,37779,7007,0,42 43,1,76,,37766,7007,0,42 43,1,28,,37792,7007,0,42 43,1,70,,37786,7007,0,42 43,1,29,,37769,7007,0,42 43,1,70,,37794,7007,0,42 43,1,100,,37771,7007,0,42 43,1,100,,37796,7007,0,42 43,1,97,,37772,7007,0,42 43,1,100,,37797,7007,0,42 43,1
