9300,'F1',1630,,37182,5172,0,39 20,2,80,,37183,5172,0,39 20,2,20,,37186,5172,0,39 20,2,70,,37184,5172,0,39 20,2,40,,37185,5172,0,39 20,2
9300,'F7',1630,,37187,5172,0,39 20,2,80,,37188,5172,0,39 20,2,20,,37191,5172,0,39 20,2,70,,37189,5172,0,39 20,2,40,,37190,5172,0,39 20,2
9300,'SE',1630,,37192,5172,0,39 20,2,80,,37193,5172,0,39 20,2,20,,37196,5172,0,39 20,2,70,,37194,5172,0,39 20,2,40,,37195,5172,0,39 20,2
16000,'DI',728,,38365,17286,,,1,100,,38368,17286,,,1,100,,38371,17286,,,1,100,,38366,17286,,,1,100,,38372,17286,,,1,100,,38364,17286,,,1,100,,38373,17286,,,1,100,,38362,17286,,,1,100,,38360,17286,,,1,100,,38369,17286,,,1,100,,38367,17286,,,1,100,,38374,17286,,,1,100,,38370,17286,,,1,102,,38363,17286,,,1,98,,38361,17286,,,1
16000,'F1',728,,38382,17286,,,1,99,,38377,17286,,,1,101,,38376,17286,,,1,100,,38379,17286,,,1,100,,38383,17286,,,1,99,,16591,17286,,,1,101,,38380,17286,,,1,100,,38375,17286,,,1,100,,16592,17286,,,1,100,,38378,17286,,,1,100,,38381,17286,,,1,100,,16593,17286,,,1,100,,38384,17286,,,1,101,,16594,17286,,,1,99,,38385,17286,,,1
16000,'F2',728,,38390,17286,,,1,99,,38393,17286,,,1,101,,38389,17286,,,1,100,,38386,17286,,,1,100,,38392,17286,,,1,99,,38397,17286,,,1,101,,38387,17286,,,1,100,,38391,17286,,,1,100,,38398,17286,,,1,100,,38394,17286,,,1,100,,38388,17286,,,1,100,,38399,17286,,,1,100,,38395,17286,,,1,101,,38400,17286,,,1,99,,38396,17286,,,1
16000,'F7',639,,38407,17286,,,1,95,,38421,17286,,,1,84,,38406,17286,,,1,90,,38422,17286,,,1,50,,38418,17286,,,1,86,,38405,17286,,,1,101,,38408,17286,,,1,100,,38409,17286,,,1,100,,38404,17286,,,1,100,,38423,17286,,,1,102,,38402,17286,,,1,70,,38417,17286,,,1,28,,38410,17286,,,1,64,,38401,17286,,,1,34,,38411,17286,,,1,65,,38424,17286,,,1,27,,38403,17286,,,1,70,,38416,17286,,,1,30,,38412,17286,,,1,86,,38415,17286,,,1,97,,38413,17286,,,1,98,,38419,17286,,,1,92,,38414,17286,,,1,100,,38420,17286,,,1
16000,'F8',728,,38429,17286,,,1,99,,38432,17286,,,1,101,,38428,17286,,,1,100,,38425,17286,,,1,100,,38431,17286,,,1,99,,38436,17286,,,1,101,,38426,17286,,,1,100,,38430,17286,,,1,100,,38437,17286,,,1,100,,38433,17286,,,1,100,,38427,17286,,,1,100,,38438,17286,,,1,100,,38434,17286,,,1,101,,38439,17286,,,1,99,,38435,17286,,,1
16000,'F9',728,,38445,17286,,,1,100,,38448,17286,,,1,100,,38451,17286,,,1,100,,38446,17286,,,1,100,,38452,17286,,,1,100,,38444,17286,,,1,100,,38453,17286,,,1,100,,38442,17286,,,1,100,,38440,17286,,,1,100,,38449,17286,,,1,100,,38447,17286,,,1,100,,38454,17286,,,1,100,,38450,17286,,,1,102,,38443,17286,,,1,98,,38441,17286,,,1
16000,'SA',728,,38459,17286,,,1,99,,16667,17286,,,1,101,,38458,17286,,,1,100,,38455,17286,,,1,100,,38461,17286,,,1,99,,38464,17286,,,1,101,,38456,17286,,,1,100,,38460,17286,,,1,100,,38465,17286,,,1,100,,16668,17286,,,1,100,,38457,17286,,,1,100,,38466,17286,,,1,100,,38462,17286,,,1,101,,38467,17286,,,1,99,,38463,17286,,,1
16000,'SE',639,,38474,17286,,,1,95,,38488,17286,,,1,84,,38473,17286,,,1,90,,38489,17286,,,1,50,,38485,17286,,,1,86,,38472,17286,,,1,101,,38475,17286,,,1,100,,38476,17286,,,1,100,,38471,17286,,,1,100,,38490,17286,,,1,102,,38469,17286,,,1,70,,38484,17286,,,1,28,,38477,17286,,,1,64,,38468,17286,,,1,34,,38478,17286,,,1,65,,38491,17286,,,1,27,,38470,17286,,,1,70,,38483,17286,,,1,30,,38479,17286,,,1,86,,38482,17286,,,1,97,,38480,17286,,,1,98,,38486,17286,,,1,92,,38481,17286,,,1,100,,38487,17286,,,1
19900,'F7',1617,,38995,17094,,,2,30,,38994,17094,,,2,73,,38991,17094,,,2,27,,38992,17094,,,2,68,,38996,17094,,,2,30,,38993,17094,,,2
19900,'SE',1617,,39001,17094,,,2,30,,39000,17094,,,2,73,,38997,17094,,,2,27,,38998,17094,,,2,68,,39002,17094,,,2,30,,38999,17094,,,2
19901,'F7',616,,39006,828,,,2,27,,39004,828,,,2,73,,39005,828,,,2,31,,39003,828,,,2
19901,'SE',616,,39010,828,,,2,27,,39008,828,,,2,73,,39009,828,,,2,31,,39007,828,,,2
