1301,'DI',627,,3598,2757,,,1,100,,3602,2757,,,1,100,,3599,2757,,,1,100,,3603,2757,,,1,100,,3600,2757,,,1,100,,3604,2757,,,1,100,,3601,2757,,,1,100,,3605,2757,,,1,100,,3612,2757,,,1,100,,3613,2757,,,1,100,,3611,2757,,,1,100,,3616,2757,,,1,100,,3615,2757,,,1,100,,3607,2757,,,1,100,,3614,2757,,,1,100,,3609,2757,,,1,100,,3608,2757,,,1,100,,3606,2757,,,1,100,,3610,2757,,,1,100,,3617,2757,,,1
1301,'F1',627,,3624,2757,,,1,100,,3622,2757,,,1,100,,3625,2757,,,1,100,,3627,2757,,,1,100,,3628,2757,,,1,100,,3631,2757,,,1,100,,3629,2757,,,1,100,,3632,2757,,,1,100,,3630,2757,,,1,100,,3633,2757,,,1,100,,3620,2757,,,1,100,,3636,2757,,,1,100,,3623,2757,,,1,100,,3621,2757,,,1,100,,3626,2757,,,1,100,,3619,2757,,,1,100,,3637,2757,,,1,100,,3634,2757,,,1,100,,3618,2757,,,1,100,,3635,2757,,,1
1301,'F7',627,,3638,2757,,,1,100,,3642,2757,,,1,100,,3639,2757,,,1,100,,3643,2757,,,1,100,,3640,2757,,,1,100,,3644,2757,,,1,100,,3641,2757,,,1,100,,3645,2757,,,1,100,,3652,2757,,,1,100,,3653,2757,,,1,100,,3651,2757,,,1,100,,3656,2757,,,1,100,,3655,2757,,,1,100,,3647,2757,,,1,100,,3654,2757,,,1,100,,3649,2757,,,1,100,,3648,2757,,,1,100,,3646,2757,,,1,100,,3650,2757,,,1,100,,3657,2757,,,1
1301,'F8',533,,3671,2757,,,1,72,,3672,2757,,,1,30,,3670,2757,,,1,16,,3664,2757,,,1,54,,3691,2757,,,1,13,,3669,2757,,,1,14,,3666,2757,,,1,19,,3661,2757,,,1,55,,3665,2757,,,1,13,,3692,2757,,,1,15,,3683,2757,,,1,15,,3684,2757,,,1,60,,3679,2757,,,1,30,,3674,2757,,,1,70,,3685,2757,,,1,30,,3675,2757,,,1,70,,3678,2757,,,1,30,,3658,2757,,,1,70,,3662,2757,,,1,30,,3673,2757,,,1,70,,3690,2757,,,1,30,,3680,2757,,,1,70,,3694,2757,,,1,30,,3700,2757,,,1,69,,3686,2757,,,1,34,,3663,2757,,,1,69,,3687,2757,,,1,27,,3659,2757,,,1,15,,3697,2757,,,1,60,,3667,2757,,,1,22,,3682,2757,,,1,18,,3695,2757,,,1,61,,3660,2757,,,1,29,,3693,2757,,,1,69,,3699,2757,,,1,30,,3701,2757,,,1,70,,3681,2757,,,1,30,,3668,2757,,,1,70,,3676,2757,,,1,30,,3698,2757,,,1,100,,3696,2757,,,1,100,,3677,2757,,,1,100,,3688,2757,,,1,98,,3689,2757,,,1
1301,'F9',627,,3708,2757,,,1,100,,3706,2757,,,1,100,,3709,2757,,,1,100,,3711,2757,,,1,100,,3712,2757,,,1,100,,3715,2757,,,1,100,,3713,2757,,,1,100,,3716,2757,,,1,100,,3714,2757,,,1,100,,3717,2757,,,1,100,,3704,2757,,,1,100,,3720,2757,,,1,100,,3707,2757,,,1,100,,3705,2757,,,1,100,,3710,2757,,,1,100,,3703,2757,,,1,100,,3721,2757,,,1,100,,3718,2757,,,1,100,,3702,2757,,,1,100,,3719,2757,,,1
1301,'SA',627,,3728,2757,,,1,100,,3726,2757,,,1,100,,3729,2757,,,1,100,,3731,2757,,,1,100,,3732,2757,,,1,100,,3735,2757,,,1,100,,3733,2757,,,1,100,,3736,2757,,,1,100,,3734,2757,,,1,100,,3737,2757,,,1,100,,3724,2757,,,1,100,,3740,2757,,,1,100,,3727,2757,,,1,100,,3725,2757,,,1,100,,3730,2757,,,1,100,,3723,2757,,,1,100,,3741,2757,,,1,100,,3738,2757,,,1,100,,3722,2757,,,1,100,,3739,2757,,,1
1301,'SE',533,,3755,2757,,,1,72,,3756,2757,,,1,30,,3754,2757,,,1,16,,3748,2757,,,1,54,,3775,2757,,,1,13,,3753,2757,,,1,14,,3750,2757,,,1,19,,3745,2757,,,1,55,,3749,2757,,,1,13,,3776,2757,,,1,15,,3767,2757,,,1,15,,3768,2757,,,1,60,,3763,2757,,,1,30,,3758,2757,,,1,70,,3769,2757,,,1,30,,3759,2757,,,1,70,,3762,2757,,,1,30,,3742,2757,,,1,70,,3746,2757,,,1,30,,3757,2757,,,1,70,,3774,2757,,,1,30,,3764,2757,,,1,70,,3778,2757,,,1,30,,3784,2757,,,1,69,,3770,2757,,,1,34,,3747,2757,,,1,69,,3771,2757,,,1,27,,3743,2757,,,1,15,,3781,2757,,,1,60,,3751,2757,,,1,22,,3766,2757,,,1,18,,3779,2757,,,1,61,,3744,2757,,,1,29,,3777,2757,,,1,69,,3783,2757,,,1,30,,3785,2757,,,1,70,,3765,2757,,,1,30,,3752,2757,,,1,70,,3760,2757,,,1,30,,3782,2757,,,1,100,,3780,2757,,,1,100,,3761,2757,,,1,100,,3772,2757,,,1,98,,3773,2757,,,1
61301,'F8',849,,18882,1745,,,2
61301,'SE',849,,18883,1745,,,2
61801,'F8',840,,18890,2670,,,2
61801,'SE',840,,18891,2670,,,2
69500,'F8',1621,,19061,4563,,,2,1,,19060,4563,,,2
69500,'SE',1621,,19063,4563,,,2,1,,19062,4563,,,2
