300,'DI',701,,273,,,1,100,,284,,,1,100,,274,,,1,100,,285,,,1,100,,275,,,1,100,,286,,,1,100,,276,,,1,100,,287,,,1,100,,288,,,1,100,,289,,,1,100,,290,,,1,100,,291,,,1,100,,277,,,1,100,,278,,,1,100,,279,,,1,100,,280,,,1,100,,281,,,1,100,,282,,,1,100,,283,,,1
300,'F1',631,,292,,,1,70,,315,,,1,30,,293,,,1,70,,317,,,1,30,,294,,,1,70,,316,,,1,30,,295,,,1,70,,311,,,1,30,,296,,,1,70,,312,,,1,30,,297,,,1,70,,320,,,1,30,,298,,,1,70,,318,,,1,30,,299,,,1,70,,321,,,1,30,,300,,,1,70,,319,,,1,30,,301,,,1,70,,313,,,1,30,,302,,,1,70,,314,,,1,30,,303,,,1,70,,323,,,1,30,,304,,,1,70,,305,,,1,100,,306,,,1,100,,307,,,1,100,,308,,,1,100,,309,,,1,100,,322,,,1,100,,310,,,1
300,'F7',701,,11031,,,1,100,,11042,,,1,100,,11032,,,1,100,,11043,,,1,100,,11033,,,1,100,,11044,,,1,100,,11034,,,1,100,,11045,,,1,100,,11046,,,1,100,,11047,,,1,100,,11048,,,1,100,,11049,,,1,100,,11035,,,1,100,,11036,,,1,100,,11037,,,1,100,,11038,,,1,100,,11039,,,1,100,,11040,,,1,100,,11041,,,1
300,'F8',549,,11076,,,1,83,,11057,,,1,80,,11073,,,1,40,,11059,,,1,81,,11058,,,1,69,,11070,,,1,30,,11074,,,1,70,,11067,,,1,30,,11075,,,1,70,,11051,,,1,30,,11060,,,1,70,,11052,,,1,30,,11061,,,1,70,,11053,,,1,30,,11062,,,1,70,,11054,,,1,30,,11063,,,1,70,,11055,,,1,21,,11050,,,1,18,,11087,,,1,63,,11056,,,1,21,,11069,,,1,22,,11068,,,1,58,,11083,,,1,19,,11077,,,1,20,,11086,,,1,59,,11066,,,1,32,,11084,,,1,67,,11078,,,1,29,,11064,,,1,70,,11079,,,1,30,,11065,,,1,70,,11080,,,1,30,,11085,,,1,70,,11081,,,1,100,,11082,,,1,100,,11071,,,1,100,,11072,,,1
300,'F9',631,,11088,,,1,70,,11111,,,1,30,,11089,,,1,70,,11113,,,1,30,,11090,,,1,70,,11112,,,1,30,,11091,,,1,70,,11107,,,1,30,,11092,,,1,70,,11108,,,1,30,,11093,,,1,70,,11116,,,1,30,,11094,,,1,70,,11114,,,1,30,,11095,,,1,70,,11117,,,1,30,,11096,,,1,70,,11115,,,1,30,,11097,,,1,70,,11109,,,1,30,,11098,,,1,70,,11110,,,1,30,,11099,,,1,70,,11119,,,1,30,,11100,,,1,70,,11101,,,1,100,,11102,,,1,100,,11103,,,1,100,,11104,,,1,100,,11105,,,1,100,,11118,,,1,100,,11106,,,1
300,'SA',631,,324,,,1,70,,347,,,1,30,,325,,,1,70,,349,,,1,30,,326,,,1,70,,348,,,1,30,,327,,,1,70,,343,,,1,30,,328,,,1,70,,344,,,1,30,,329,,,1,70,,352,,,1,30,,330,,,1,70,,350,,,1,30,,331,,,1,70,,353,,,1,30,,332,,,1,70,,351,,,1,30,,333,,,1,70,,345,,,1,30,,334,,,1,70,,346,,,1,30,,335,,,1,70,,355,,,1,30,,336,,,1,70,,337,,,1,100,,338,,,1,100,,339,,,1,100,,340,,,1,100,,341,,,1,100,,354,,,1,100,,342,,,1
300,'SE',549,,382,,,1,83,,363,,,1,80,,379,,,1,40,,365,,,1,81,,364,,,1,69,,376,,,1,30,,380,,,1,70,,373,,,1,30,,381,,,1,70,,357,,,1,30,,366,,,1,70,,358,,,1,30,,367,,,1,70,,359,,,1,30,,368,,,1,70,,360,,,1,30,,369,,,1,70,,361,,,1,21,,356,,,1,18,,393,,,1,63,,362,,,1,21,,375,,,1,22,,374,,,1,58,,389,,,1,19,,383,,,1,20,,392,,,1,59,,372,,,1,32,,390,,,1,67,,384,,,1,29,,370,,,1,70,,385,,,1,30,,371,,,1,70,,386,,,1,30,,391,,,1,70,,387,,,1,100,,388,,,1,100,,377,,,1,100,,378,,,1
2100,'DI',603,,3420,0,24 25,1,29,,3414,0,24 25,1,70,,3417,0,24 25,1,30,,3406,0,24 25,1,71,,3411,0,24 25,1,30,,3421,0,24 25,1,70,,3393,0,24 25,1,27,,3387,0,24 25,1,73,,3419,0,24 25,1,30,,3418,0,24 25,1,72,,3398,0,24 25,1,28,,3415,0,24 25,1,71,,3412,0,24 25,1,30,,3388,0,24 25,1,70,,3394,0,24 25,1,30,,3413,0,24 25,1,70,,3416,0,24 25,1,30,,3389,0,24 25,1,70,,3395,0,24 25,1,30,,3407,0,24 25,1,70,,3402,0,24 25,1,30,,3390,0,24 25,1,70,,3401,0,24 25,1,30,,3408,0,24 25,1,70,,3403,0,24 25,1,29,,3391,0,24 25,1,70,,3381,0,24 25,1,30,,3385,0,24 25,1,70,,3383,0,24 25,1,30,,3409,0,24 25,1,70,,3410,0,24 25,1,30,,3404,0,24 25,1,70,,3399,0,24 25,1,30,,3384,0,24 25,1,70,,3386,0,24 25,1,30,,3405,0,24 25,1,70,,3382,0,24 25,1,30,,3396,0,24 25,1,70,,3400,0,24 25,1
2100,'F1',603,,3442,0,24 25,1,30,,3453,0,24 25,1,70,,3441,0,24 25,1,30,,3447,0,24 25,1,70,,3438,0,24 25,1,30,,3443,0,24 25,1,70,,3456,0,24 25,1,25,,3448,0,24 25,1,31,,3423,0,24 25,1,74,,3454,0,24 25,1,73,,3449,0,24 25,1,24,,3444,0,24 25,1,74,,3457,0,24 25,1,30,,3426,0,24 25,1,70,,3450,0,24 25,1,30,,3455,0,24 25,1,70,,3459,0,24 25,1,30,,3427,0,24 25,1,70,,3451,0,24 25,1,30,,3445,0,24 25,1,70,,3460,0,24 25,1,30,,3428,0,24 25,1,70,,3452,0,24 25,1,30,,3446,0,24 25,1,70,,3461,0,24 25,1,29,,3429,0,24 25,1,70,,3431,0,24 25,1,30,,3436,0,24 25,1,70,,3434,0,24 25,1,30,,3433,0,24 25,1,70,,3439,0,24 25,1,30,,3432,0,24 25,1,70,,3424,0,24 25,1,30,,3435,0,24 25,1,70,,3458,0,24 25,1,30,,3440,0,24 25,1,70,,3462,0,24 25,1,30,,3425,0,24 25,1,69,,3437,0,24 25,1
2100,'F7',603,,13462,0,24 25,1,29,,13456,0,24 25,1,70,,13459,0,24 25,1,30,,13448,0,24 25,1,71,,13453,0,24 25,1,30,,13463,0,24 25,1,70,,13435,0,24 25,1,27,,13429,0,24 25,1,73,,13461,0,24 25,1,30,,13460,0,24 25,1,72,,13440,0,24 25,1,28,,13457,0,24 25,1,71,,13454,0,24 25,1,30,,13430,0,24 25,1,70,,13436,0,24 25,1,30,,13455,0,24 25,1,70,,13458,0,24 25,1,30,,13431,0,24 25,1,70,,13437,0,24 25,1,30,,13449,0,24 25,1,70,,13444,0,24 25,1,30,,13432,0,24 25,1,70,,13443,0,24 25,1,30,,13450,0,24 25,1,70,,13445,0,24 25,1,29,,13433,0,24 25,1,70,,13423,0,24 25,1,30,,13427,0,24 25,1,70,,13425,0,24 25,1,30,,13451,0,24 25,1,70,,13452,0,24 25,1,30,,13446,0,24 25,1,70,,13441,0,24 25,1,30,,13426,0,24 25,1,70,,13428,0,24 25,1,30,,13447,0,24 25,1,70,,13424,0,24 25,1,30,,13438,0,24 25,1,70,,13442,0,24 25,1
2100,'F8',548,,13467,0,24 25,1,52,,13468,0,24 25,1,10,,13464,0,24 25,1,20,,13469,0,24 25,1,15,,13471,0,24 25,1,64,,13474,0,24 25,1,12,,13497,0,24 25,1,17,,13498,0,24 25,1,63,,13487,0,24 25,1,20,,13470,0,24 25,1,20,,13478,0,24 25,1,61,,13475,0,24 25,1,29,,13465,0,24 25,1,72,,13466,0,24 25,1,30,,13491,0,24 25,1,70,,13476,0,24 25,1,30,,13494,0,24 25,1,70,,13512,0,24 25,1,30,,13499,0,24 25,1,70,,13477,0,24 25,1,30,,13480,0,24 25,1,68,,13513,0,24 25,1,36,,13506,0,24 25,1,10,,13492,0,24 25,1,57,,13510,0,24 25,1,15,,13495,0,24 25,1,15,,13481,0,24 25,1,15,,13500,0,24 25,1,55,,13501,0,24 25,1,16,,13503,0,24 25,1,19,,13509,0,24 25,1,18,,13483,0,24 25,1,50,,13485,0,24 25,1,13,,13514,0,24 25,1,15,,13482,0,24 25,1,14,,13508,0,24 25,1,55,,13502,0,24 25,1,15,,13504,0,24 25,1,20,,13493,0,24 25,1,20,,13484,0,24 25,1,59,,13507,0,24 25,1,30,,13496,0,24 25,1,70,,13511,0,24 25,1,30,,13486,0,24 25,1,70,,13515,0,24 25,1,100,,13488,0,24 25,1,100,,13505,0,24 25,1,98,,13490,0,24 25,1,100,,13489,0,24 25,1
2100,'F9',603,,13536,0,24 25,1,30,,13547,0,24 25,1,70,,13535,0,24 25,1,30,,13541,0,24 25,1,70,,13532,0,24 25,1,30,,13537,0,24 25,1,70,,13550,0,24 25,1,25,,13542,0,24 25,1,31,,13517,0,24 25,1,74,,13548,0,24 25,1,73,,13543,0,24 25,1,24,,13538,0,24 25,1,74,,13551,0,24 25,1,30,,13520,0,24 25,1,70,,13544,0,24 25,1,30,,13549,0,24 25,1,70,,13553,0,24 25,1,30,,13521,0,24 25,1,70,,13545,0,24 25,1,30,,13539,0,24 25,1,70,,13554,0,24 25,1,30,,13522,0,24 25,1,70,,13546,0,24 25,1,30,,13540,0,24 25,1,70,,13555,0,24 25,1,29,,13523,0,24 25,1,70,,13525,0,24 25,1,30,,13530,0,24 25,1,70,,13528,0,24 25,1,30,,13527,0,24 25,1,70,,13533,0,24 25,1,30,,13526,0,24 25,1,70,,13518,0,24 25,1,30,,13529,0,24 25,1,70,,13552,0,24 25,1,30,,13534,0,24 25,1,70,,13556,0,24 25,1,30,,13519,0,24 25,1,69,,13531,0,24 25,1
2100,'SA',603,,3483,0,24 25,1,30,,3494,0,24 25,1,70,,3482,0,24 25,1,30,,3488,0,24 25,1,70,,3479,0,24 25,1,30,,3484,0,24 25,1,70,,3497,0,24 25,1,25,,3489,0,24 25,1,31,,3464,0,24 25,1,74,,3495,0,24 25,1,73,,3490,0,24 25,1,24,,3485,0,24 25,1,74,,3498,0,24 25,1,30,,3467,0,24 25,1,70,,3491,0,24 25,1,30,,3496,0,24 25,1,70,,3500,0,24 25,1,30,,3468,0,24 25,1,70,,3492,0,24 25,1,30,,3486,0,24 25,1,70,,3501,0,24 25,1,30,,3469,0,24 25,1,70,,3493,0,24 25,1,30,,3487,0,24 25,1,70,,3502,0,24 25,1,29,,3470,0,24 25,1,70,,3472,0,24 25,1,30,,3477,0,24 25,1,70,,3475,0,24 25,1,30,,3474,0,24 25,1,70,,3480,0,24 25,1,30,,3473,0,24 25,1,70,,3465,0,24 25,1,30,,3476,0,24 25,1,70,,3499,0,24 25,1,30,,3481,0,24 25,1,70,,3503,0,24 25,1,30,,3466,0,24 25,1,69,,3478,0,24 25,1
2100,'SE',548,,3507,0,24 25,1,52,,3508,0,24 25,1,10,,3504,0,24 25,1,20,,3509,0,24 25,1,15,,3511,0,24 25,1,64,,3514,0,24 25,1,12,,3537,0,24 25,1,17,,3538,0,24 25,1,63,,3527,0,24 25,1,20,,3510,0,24 25,1,20,,3518,0,24 25,1,61,,3515,0,24 25,1,29,,3505,0,24 25,1,72,,3506,0,24 25,1,30,,3531,0,24 25,1,70,,3516,0,24 25,1,30,,3534,0,24 25,1,70,,3552,0,24 25,1,30,,3539,0,24 25,1,70,,3517,0,24 25,1,30,,3520,0,24 25,1,68,,3553,0,24 25,1,36,,3546,0,24 25,1,10,,3532,0,24 25,1,57,,3550,0,24 25,1,15,,3535,0,24 25,1,15,,3521,0,24 25,1,15,,3540,0,24 25,1,55,,3541,0,24 25,1,16,,3543,0,24 25,1,19,,3549,0,24 25,1,18,,3523,0,24 25,1,50,,3525,0,24 25,1,13,,3554,0,24 25,1,15,,3522,0,24 25,1,14,,3548,0,24 25,1,55,,3542,0,24 25,1,15,,3544,0,24 25,1,20,,3533,0,24 25,1,20,,3524,0,24 25,1,59,,3547,0,24 25,1,30,,3536,0,24 25,1,70,,3551,0,24 25,1,30,,3526,0,24 25,1,70,,3555,0,24 25,1,100,,3528,0,24 25,1,100,,3545,0,24 25,1,98,,3530,0,24 25,1,100,,3529,0,24 25,1
