500,'DI',550,,1431,7236,,,1,70,,1442,7236,,,1,30,,1432,7236,,,1,70,,1443,7236,,,1,30,,1457,7236,,,1,70,,1444,7236,,,1,30,,1454,7236,,,1,70,,1438,7236,,,1,30,,1450,7236,,,1,70,,1439,7236,,,1,30,,1445,7236,,,1,70,,1440,7236,,,1,30,,1452,7236,,,1,72,,1441,7236,,,1,30,,1433,7236,,,1,68,,1455,7236,,,1,32,,1446,7236,,,1,70,,1448,7236,,,1,30,,1458,7236,,,1,69,,1451,7236,,,1,31,,1449,7236,,,1,70,,1453,7236,,,1,30,,1447,7236,,,1,70,,1456,7236,,,1,30,,1459,7236,,,1,99,,1434,7236,,,1,100,,1460,7236,,,1,100,,1461,7236,,,1,100,,1462,7236,,,1,100,,1435,7236,,,1,100,,1436,7236,,,1,100,,1437,7236,,,1
500,'F1',520,,1463,7236,,,1,30,,1466,7236,,,1,70,,1464,7236,,,1,30,,1467,7236,,,1,70,,1465,7236,,,1,30,,1468,7236,,,1,70,,1481,7236,,,1,30,,1469,7236,,,1,70,,1482,7236,,,1,30,,1490,7236,,,1,70,,1483,7236,,,1,30,,1491,7236,,,1,70,,1484,7236,,,1,30,,1470,7236,,,1,72,,1485,7236,,,1,30,,1471,7236,,,1,70,,1492,7236,,,1,30,,1493,7236,,,1,70,,1495,7236,,,1,30,,1487,7236,,,1,70,,1486,7236,,,1,30,,1472,7236,,,1,70,,1489,7236,,,1,30,,1494,7236,,,1,70,,1488,7236,,,1,30,,1496,7236,,,1,99,,1473,7236,,,1,100,,1474,7236,,,1,100,,1475,7236,,,1,100,,1476,7236,,,1,100,,1477,7236,,,1,100,,1478,7236,,,1,100,,1479,7236,,,1,100,,1480,7236,,,1
500,'F7',550,,1497,7236,,,1,70,,1508,7236,,,1,30,,1498,7236,,,1,70,,1509,7236,,,1,30,,1523,7236,,,1,70,,1510,7236,,,1,30,,1520,7236,,,1,70,,1504,7236,,,1,30,,1516,7236,,,1,70,,1505,7236,,,1,30,,1511,7236,,,1,70,,1506,7236,,,1,30,,1518,7236,,,1,72,,1507,7236,,,1,30,,1499,7236,,,1,68,,1521,7236,,,1,32,,1512,7236,,,1,70,,1514,7236,,,1,30,,1524,7236,,,1,69,,1517,7236,,,1,31,,1515,7236,,,1,70,,1519,7236,,,1,30,,1513,7236,,,1,70,,1522,7236,,,1,30,,1525,7236,,,1,99,,1500,7236,,,1,100,,1526,7236,,,1,100,,1527,7236,,,1,100,,1528,7236,,,1,100,,1501,7236,,,1,100,,1502,7236,,,1,100,,1503,7236,,,1
500,'F8',456,,1557,7236,,,1,80,,1529,7236,,,1,70,,1537,7236,,,1,15,,1534,7236,,,1,30,,1536,7236,,,1,70,,1540,7236,,,1,30,,1538,7236,,,1,70,,1541,7236,,,1,80,,1539,7236,,,1,20,,1535,7236,,,1,30,,1567,7236,,,1,70,,1563,7236,,,1,30,,1560,7236,,,1,70,,1572,7236,,,1,30,,1530,7236,,,1,70,,1558,7236,,,1,30,,1555,7236,,,1,70,,1543,7236,,,1,30,,1542,7236,,,1,70,,1546,7236,,,1,30,,1556,7236,,,1,74,,1544,7236,,,1,13,,1547,7236,,,1,15,,1568,7236,,,1,56,,1571,7236,,,1,15,,1561,7236,,,1,17,,1554,7236,,,1,16,,1531,7236,,,1,52,,1569,7236,,,1,15,,1564,7236,,,1,15,,1562,7236,,,1,15,,1545,7236,,,1,62,,1532,7236,,,1,16,,1548,7236,,,1,21,,1573,7236,,,1,68,,1533,7236,,,1,30,,1549,7236,,,1,70,,1559,7236,,,1,30,,1570,7236,,,1,70,,1565,7236,,,1,30,,1566,7236,,,1,100,,1550,7236,,,1,100,,1551,7236,,,1,100,,1552,7236,,,1,100,,1553,7236,,,1
500,'F9',520,,1574,7236,,,1,30,,1577,7236,,,1,70,,1575,7236,,,1,30,,1578,7236,,,1,70,,1576,7236,,,1,30,,1579,7236,,,1,70,,1592,7236,,,1,30,,1580,7236,,,1,70,,1593,7236,,,1,30,,1601,7236,,,1,70,,1594,7236,,,1,30,,1602,7236,,,1,70,,1595,7236,,,1,30,,1581,7236,,,1,72,,1596,7236,,,1,30,,1582,7236,,,1,70,,1603,7236,,,1,30,,1604,7236,,,1,70,,1606,7236,,,1,30,,1598,7236,,,1,70,,1597,7236,,,1,30,,1583,7236,,,1,70,,1600,7236,,,1,30,,1605,7236,,,1,70,,1599,7236,,,1,30,,1607,7236,,,1,99,,1584,7236,,,1,100,,1585,7236,,,1,100,,1586,7236,,,1,100,,1587,7236,,,1,100,,1588,7236,,,1,100,,1589,7236,,,1,100,,1590,7236,,,1,100,,1591,7236,,,1
500,'SA',520,,1608,7236,,,1,30,,1611,7236,,,1,70,,1609,7236,,,1,30,,1612,7236,,,1,70,,1610,7236,,,1,30,,1613,7236,,,1,70,,1626,7236,,,1,30,,1614,7236,,,1,70,,1627,7236,,,1,30,,1635,7236,,,1,70,,1628,7236,,,1,30,,1636,7236,,,1,70,,1629,7236,,,1,30,,1615,7236,,,1,72,,1630,7236,,,1,30,,1616,7236,,,1,70,,1637,7236,,,1,30,,1638,7236,,,1,70,,1640,7236,,,1,30,,1632,7236,,,1,70,,1631,7236,,,1,30,,1617,7236,,,1,70,,1634,7236,,,1,30,,1639,7236,,,1,70,,1633,7236,,,1,30,,1641,7236,,,1,99,,1618,7236,,,1,100,,1619,7236,,,1,100,,1620,7236,,,1,100,,1621,7236,,,1,100,,1622,7236,,,1,100,,1623,7236,,,1,100,,1624,7236,,,1,100,,1625,7236,,,1
500,'SE',456,,1670,7236,,,1,80,,1642,7236,,,1,70,,1650,7236,,,1,15,,1647,7236,,,1,30,,1649,7236,,,1,70,,1653,7236,,,1,30,,1651,7236,,,1,70,,1654,7236,,,1,80,,1652,7236,,,1,20,,1648,7236,,,1,30,,1680,7236,,,1,70,,1676,7236,,,1,30,,1673,7236,,,1,70,,1685,7236,,,1,30,,1643,7236,,,1,70,,1671,7236,,,1,30,,1668,7236,,,1,70,,1656,7236,,,1,30,,1655,7236,,,1,70,,1659,7236,,,1,30,,1669,7236,,,1,74,,1657,7236,,,1,13,,1660,7236,,,1,15,,1681,7236,,,1,56,,1684,7236,,,1,15,,1674,7236,,,1,17,,1667,7236,,,1,16,,1644,7236,,,1,52,,1682,7236,,,1,15,,1677,7236,,,1,15,,1675,7236,,,1,15,,1658,7236,,,1,62,,1645,7236,,,1,16,,1661,7236,,,1,21,,1686,7236,,,1,68,,1646,7236,,,1,30,,1662,7236,,,1,70,,1672,7236,,,1,30,,1683,7236,,,1,70,,1678,7236,,,1,30,,1679,7236,,,1,100,,1663,7236,,,1,100,,1664,7236,,,1,100,,1665,7236,,,1,100,,1666,7236,,,1
901,'F8',608,,3077,1629,,,2,30,,3076,1629,,,2,70,,3079,1629,,,2,30,,3078,1629,,,2,70,,3080,1629,,,2
901,'SE',608,,3085,1629,,,2,30,,3084,1629,,,2,70,,3087,1629,,,2,30,,3086,1629,,,2,70,,3088,1629,,,2
53801,'F8',911,,18788,2822,,,2
53801,'SE',911,,18789,2822,,,2
