301,'DI',611,,698,919,,,1,100,,20863,919,,,1,100,,699,919,,,1,100,,20864,919,,,1,100,,700,919,,,1,100,,20865,919,,,1,100,,701,919,,,1,100,,20866,919,,,1,100,,702,919,,,1,100,,703,919,,,1,100,,704,919,,,1,100,,705,919,,,1,100,,706,919,,,1,100,,20856,919,,,1,100,,20857,919,,,1,100,,20858,919,,,1,100,,20859,919,,,1,100,,20860,919,,,1,100,,20861,919,,,1,100,,20862,919,,,1
301,'F1',541,,20885,919,,,1,70,,20867,919,,,1,30,,20886,919,,,1,70,,20891,919,,,1,30,,20887,919,,,1,70,,20900,919,,,1,30,,20888,919,,,1,70,,20892,919,,,1,30,,20889,919,,,1,70,,20893,919,,,1,30,,20890,919,,,1,70,,20894,919,,,1,30,,20897,919,,,1,70,,20895,919,,,1,30,,20898,919,,,1,70,,20874,919,,,1,30,,20899,919,,,1,70,,20896,919,,,1,30,,20880,919,,,1,70,,20868,919,,,1,30,,20881,919,,,1,70,,20869,919,,,1,30,,20882,919,,,1,70,,20870,919,,,1,30,,20883,919,,,1,70,,20871,919,,,1,30,,20884,919,,,1,70,,20872,919,,,1,100,,20873,919,,,1,100,,20875,919,,,1,100,,20876,919,,,1,100,,20877,919,,,1,100,,20878,919,,,1,100,,20879,919,,,1
301,'F2',541,,20901,919,,,1,70,,20909,919,,,1,30,,20902,919,,,1,70,,20919,919,,,1,30,,20903,919,,,1,70,,20910,919,,,1,30,,20904,919,,,1,70,,20920,919,,,1,30,,20905,919,,,1,70,,20921,919,,,1,30,,20906,919,,,1,70,,20911,919,,,1,30,,20907,919,,,1,70,,20912,919,,,1,30,,20908,919,,,1,70,,20928,919,,,1,30,,20922,919,,,1,70,,20913,919,,,1,30,,20923,919,,,1,70,,20929,919,,,1,30,,20924,919,,,1,70,,20930,919,,,1,30,,20925,919,,,1,70,,20931,919,,,1,30,,20926,919,,,1,70,,20932,919,,,1,30,,20927,919,,,1,70,,20933,919,,,1,100,,20914,919,,,1,100,,20915,919,,,1,100,,20916,919,,,1,100,,20917,919,,,1,100,,20934,919,,,1,100,,20918,919,,,1
301,'F7',459,,20945,919,,,1,70,,20935,919,,,1,71,,20966,919,,,1,23,,20967,919,,,1,20,,20969,919,,,1,60,,20961,919,,,1,20,,20960,919,,,1,17,,20959,919,,,1,63,,20962,919,,,1,21,,20974,919,,,1,20,,20972,919,,,1,69,,20951,919,,,1,30,,20946,919,,,1,70,,20952,919,,,1,30,,20947,919,,,1,70,,20936,919,,,1,30,,20948,919,,,1,70,,20937,919,,,1,30,,20949,919,,,1,70,,20938,919,,,1,30,,20950,919,,,1,70,,20939,919,,,1,30,,20970,919,,,1,72,,20963,919,,,1,21,,20973,919,,,1,18,,20977,919,,,1,63,,20964,919,,,1,21,,20971,919,,,1,63,,20978,919,,,1,18,,20965,919,,,1,18,,20968,919,,,1,20,,20976,919,,,1,58,,20975,919,,,1,32,,20955,919,,,1,67,,20957,919,,,1,28,,20956,919,,,1,70,,20958,919,,,1,30,,20943,919,,,1,70,,20942,919,,,1,30,,20944,919,,,1,70,,20953,919,,,1,100,,20954,919,,,1,100,,20940,919,,,1,100,,20941,919,,,1
301,'F8',541,,20979,919,,,1,70,,20987,919,,,1,30,,20980,919,,,1,70,,20997,919,,,1,30,,20981,919,,,1,70,,20988,919,,,1,30,,20982,919,,,1,70,,20998,919,,,1,30,,20983,919,,,1,70,,20999,919,,,1,30,,20984,919,,,1,70,,20989,919,,,1,30,,20985,919,,,1,70,,20990,919,,,1,30,,20986,919,,,1,70,,21006,919,,,1,30,,21000,919,,,1,70,,20991,919,,,1,30,,21001,919,,,1,70,,21007,919,,,1,30,,21002,919,,,1,70,,21008,919,,,1,30,,21003,919,,,1,70,,21009,919,,,1,30,,21004,919,,,1,70,,21010,919,,,1,30,,21005,919,,,1,70,,21011,919,,,1,100,,20992,919,,,1,100,,20993,919,,,1,100,,20994,919,,,1,100,,20995,919,,,1,100,,21012,919,,,1,100,,20996,919,,,1
301,'F9',611,,21013,919,,,1,100,,21029,919,,,1,100,,21014,919,,,1,100,,21030,919,,,1,100,,21015,919,,,1,100,,21031,919,,,1,100,,21016,919,,,1,100,,21032,919,,,1,100,,21017,919,,,1,100,,21018,919,,,1,100,,21019,919,,,1,100,,21020,919,,,1,100,,21021,919,,,1,100,,21022,919,,,1,100,,21023,919,,,1,100,,21024,919,,,1,100,,21025,919,,,1,100,,21026,919,,,1,100,,21027,919,,,1,100,,21028,919,,,1
301,'SA',541,,21033,919,,,1,70,,21041,919,,,1,30,,21034,919,,,1,70,,21051,919,,,1,30,,21035,919,,,1,70,,21042,919,,,1,30,,21036,919,,,1,70,,21052,919,,,1,30,,21037,919,,,1,70,,21053,919,,,1,30,,21038,919,,,1,70,,21043,919,,,1,30,,21039,919,,,1,70,,21044,919,,,1,30,,21040,919,,,1,70,,21054,919,,,1,30,,847,919,,,1,70,,21045,919,,,1,30,,848,919,,,1,70,,21055,919,,,1,30,,849,919,,,1,70,,21056,919,,,1,30,,850,919,,,1,70,,21057,919,,,1,30,,851,919,,,1,70,,21058,919,,,1,30,,852,919,,,1,70,,21059,919,,,1,100,,21046,919,,,1,100,,21047,919,,,1,100,,21048,919,,,1,100,,21049,919,,,1,100,,21060,919,,,1,100,,21050,919,,,1
301,'SE',459,,21071,919,,,1,70,,21061,919,,,1,71,,21092,919,,,1,23,,21093,919,,,1,20,,21095,919,,,1,60,,21087,919,,,1,20,,21086,919,,,1,17,,21085,919,,,1,63,,21088,919,,,1,21,,21100,919,,,1,20,,21098,919,,,1,69,,21077,919,,,1,30,,21072,919,,,1,70,,21078,919,,,1,30,,21073,919,,,1,70,,21062,919,,,1,30,,21074,919,,,1,70,,21063,919,,,1,30,,21075,919,,,1,70,,21064,919,,,1,30,,21076,919,,,1,70,,21065,919,,,1,30,,21096,919,,,1,72,,21089,919,,,1,21,,21099,919,,,1,18,,21103,919,,,1,63,,21090,919,,,1,21,,21097,919,,,1,63,,21104,919,,,1,18,,21091,919,,,1,18,,21094,919,,,1,20,,21102,919,,,1,58,,21101,919,,,1,32,,21081,919,,,1,67,,21083,919,,,1,28,,21082,919,,,1,70,,21084,919,,,1,30,,21069,919,,,1,70,,21068,919,,,1,30,,21070,919,,,1,70,,21079,919,,,1,100,,21080,919,,,1,100,,21066,919,,,1,100,,21067,919,,,1
50301,'F7',913,,40628,3611,,,2
50301,'SE',913,,40629,3611,,,2
60101,'F7',854,,40743,7883,,,2
60101,'SE',854,,40744,7883,,,2
