2300,'F1',700,,27432,8254,,,1,100,,27433,8254,,,1,100,,27429,8254,,,1,102,,27425,8254,,,1,99,,27427,8254,,,1,103,,27428,8254,,,1,97,,27434,8254,,,1,100,,27426,8254,,,1,100,,27430,8254,,,1,100,,27431,8254,,,1,100,,27435,8254,,,1,101,,27436,8254,,,1
2300,'F2',700,,27445,8254,,,1,100,,27446,8254,,,1,100,,27437,8254,,,1,102,,27438,8254,,,1,99,,27441,8254,,,1,103,,27442,8254,,,1,97,,27447,8254,,,1,100,,27448,8254,,,1,100,,27444,8254,,,1,100,,27443,8254,,,1,100,,27439,8254,,,1,101,,27440,8254,,,1
2300,'F7',1003,,27451,8254,,,1,100,,27449,8254,,,1,100,,27452,8254,,,1,100,,27453,8254,,,1,100,,27450,8254,,,1
2300,'F8',700,,27462,8254,,,1,100,,27463,8254,,,1,100,,27454,8254,,,1,102,,27455,8254,,,1,99,,27458,8254,,,1,103,,27459,8254,,,1,97,,27464,8254,,,1,100,,27465,8254,,,1,100,,27461,8254,,,1,100,,27460,8254,,,1,100,,27456,8254,,,1,101,,27457,8254,,,1
2300,'SA',700,,27474,8254,,,1,100,,27475,8254,,,1,100,,27466,8254,,,1,102,,27467,8254,,,1,99,,27470,8254,,,1,103,,27471,8254,,,1,97,,27476,8254,,,1,100,,27477,8254,,,1,100,,27473,8254,,,1,100,,27472,8254,,,1,100,,27468,8254,,,1,101,,27469,8254,,,1
2300,'SE',1003,,27480,8254,,,1,100,,27478,8254,,,1,100,,27481,8254,,,1,100,,27482,8254,,,1,100,,27479,8254,,,1
12300,'DI',630,,37610,8254,0,42 43,1,100,,37620,8254,0,42 43,1,100,,37611,8254,0,42 43,1,100,,37621,8254,0,42 43,1,100,,37612,8254,0,42 43,1,100,,37622,8254,0,42 43,1,105,,37613,8254,0,42 43,1,95,,37623,8254,0,42 43,1,100,,37614,8254,0,42 43,1,100,,37624,8254,0,42 43,1,100,,37615,8254,0,42 43,1,100,,37625,8254,0,42 43,1,100,,37616,8254,0,42 43,1,100,,37626,8254,0,42 43,1,100,,37617,8254,0,42 43,1,100,,37627,8254,0,42 43,1,100,,37618,8254,0,42 43,1,100,,37628,8254,0,42 43,1,100,,37619,8254,0,42 43,1
12300,'F1',630,,37637,8254,0,42 43,1,100,,37641,8254,0,42 43,1,100,,37631,8254,0,42 43,1,105,,37642,8254,0,42 43,1,99,,37632,8254,0,42 43,1,100,,37629,8254,0,42 43,1,100,,37633,8254,0,42 43,1,96,,37630,8254,0,42 43,1,100,,37634,8254,0,42 43,1,100,,37635,8254,0,42 43,1,104,,37643,8254,0,42 43,1,101,,37636,8254,0,42 43,1,99,,37644,8254,0,42 43,1,96,,37638,8254,0,42 43,1,100,,37645,8254,0,42 43,1,100,,37639,8254,0,42 43,1,100,,37646,8254,0,42 43,1,100,,37640,8254,0,42 43,1,100,,37647,8254,0,42 43,1
12300,'F2',630,,37649,8254,0,42 43,1,100,,37648,8254,0,42 43,1,100,,37650,8254,0,42 43,1,105,,37659,8254,0,42 43,1,99,,37651,8254,0,42 43,1,100,,37660,8254,0,42 43,1,100,,37652,8254,0,42 43,1,96,,37661,8254,0,42 43,1,100,,37653,8254,0,42 43,1,100,,37662,8254,0,42 43,1,104,,37654,8254,0,42 43,1,101,,37663,8254,0,42 43,1,99,,37655,8254,0,42 43,1,96,,37664,8254,0,42 43,1,100,,37656,8254,0,42 43,1,100,,37665,8254,0,42 43,1,100,,37657,8254,0,42 43,1,100,,37666,8254,0,42 43,1,100,,37658,8254,0,42 43,1
12300,'F7',523,,37686,8254,0,42 43,1,33,,37667,8254,0,42 43,1,55,,37674,8254,0,42 43,1,10,,37668,8254,0,42 43,1,10,,37688,8254,0,42 43,1,10,,37679,8254,0,42 43,1,12,,37689,8254,0,42 43,1,48,,37669,8254,0,42 43,1,12,,37693,8254,0,42 43,1,10,,37670,8254,0,42 43,1,21,,37694,8254,0,42 43,1,57,,37690,8254,0,42 43,1,31,,37696,8254,0,42 43,1,26,,37695,8254,0,42 43,1,69,,37676,8254,0,42 43,1,102,,37671,8254,0,42 43,1,100,,37681,8254,0,42 43,1,99,,37691,8254,0,42 43,1,103,,37683,8254,0,42 43,1,5,,37680,8254,0,42 43,1,93,,37687,8254,0,42 43,1,30,,37697,8254,0,42 43,1,73,,37684,8254,0,42 43,1,26,,37682,8254,0,42 43,1,71,,37699,8254,0,42 43,1,71,,37701,8254,0,42 43,1,31,,37673,8254,0,42 43,1,28,,37685,8254,0,42 43,1,75,,37672,8254,0,42 43,1,68,,37698,8254,0,42 43,1,30,,37692,8254,0,42 43,1,69,,37675,8254,0,42 43,1,30,,37700,8254,0,42 43,1,100,,37677,8254,0,42 43,1,100,,37702,8254,0,42 43,1,97,,37678,8254,0,42 43,1,100,,37703,8254,0,42 43,1
12300,'F8',630,,37705,8254,0,42 43,1,100,,37704,8254,0,42 43,1,100,,37706,8254,0,42 43,1,105,,37715,8254,0,42 43,1,99,,37707,8254,0,42 43,1,100,,37716,8254,0,42 43,1,100,,37708,8254,0,42 43,1,96,,37717,8254,0,42 43,1,100,,37709,8254,0,42 43,1,100,,37718,8254,0,42 43,1,104,,37710,8254,0,42 43,1,101,,37719,8254,0,42 43,1,99,,37711,8254,0,42 43,1,96,,37720,8254,0,42 43,1,100,,37712,8254,0,42 43,1,100,,37721,8254,0,42 43,1,100,,37713,8254,0,42 43,1,100,,37722,8254,0,42 43,1,100,,37714,8254,0,42 43,1
12300,'F9',630,,37723,8254,0,42 43,1,100,,37733,8254,0,42 43,1,100,,37724,8254,0,42 43,1,100,,37734,8254,0,42 43,1,100,,37725,8254,0,42 43,1,100,,37735,8254,0,42 43,1,105,,37726,8254,0,42 43,1,95,,37736,8254,0,42 43,1,100,,37727,8254,0,42 43,1,100,,37737,8254,0,42 43,1,100,,37728,8254,0,42 43,1,100,,37738,8254,0,42 43,1,100,,37729,8254,0,42 43,1,100,,37739,8254,0,42 43,1,100,,37730,8254,0,42 43,1,100,,37740,8254,0,42 43,1,100,,37731,8254,0,42 43,1,100,,37741,8254,0,42 43,1,100,,37732,8254,0,42 43,1
12300,'SA',630,,37743,8254,0,42 43,1,100,,37742,8254,0,42 43,1,100,,37744,8254,0,42 43,1,105,,37753,8254,0,42 43,1,99,,37745,8254,0,42 43,1,100,,37754,8254,0,42 43,1,100,,37746,8254,0,42 43,1,96,,37755,8254,0,42 43,1,100,,37747,8254,0,42 43,1,100,,37756,8254,0,42 43,1,104,,37748,8254,0,42 43,1,101,,37757,8254,0,42 43,1,99,,37749,8254,0,42 43,1,96,,37758,8254,0,42 43,1,100,,37750,8254,0,42 43,1,100,,37759,8254,0,42 43,1,100,,37751,8254,0,42 43,1,100,,37760,8254,0,42 43,1,100,,37752,8254,0,42 43,1
12300,'SE',523,,37780,8254,0,42 43,1,33,,37761,8254,0,42 43,1,55,,37768,8254,0,42 43,1,10,,37762,8254,0,42 43,1,10,,37782,8254,0,42 43,1,10,,37773,8254,0,42 43,1,12,,37783,8254,0,42 43,1,48,,37763,8254,0,42 43,1,12,,37787,8254,0,42 43,1,10,,37764,8254,0,42 43,1,21,,37788,8254,0,42 43,1,57,,37784,8254,0,42 43,1,31,,37790,8254,0,42 43,1,26,,37789,8254,0,42 43,1,69,,37770,8254,0,42 43,1,102,,37765,8254,0,42 43,1,100,,37775,8254,0,42 43,1,99,,37785,8254,0,42 43,1,103,,37777,8254,0,42 43,1,5,,37774,8254,0,42 43,1,93,,37781,8254,0,42 43,1,30,,37791,8254,0,42 43,1,73,,37778,8254,0,42 43,1,26,,37776,8254,0,42 43,1,71,,37793,8254,0,42 43,1,71,,37795,8254,0,42 43,1,31,,37767,8254,0,42 43,1,28,,37779,8254,0,42 43,1,75,,37766,8254,0,42 43,1,68,,37792,8254,0,42 43,1,30,,37786,8254,0,42 43,1,69,,37769,8254,0,42 43,1,30,,37794,8254,0,42 43,1,100,,37771,8254,0,42 43,1,100,,37796,8254,0,42 43,1,97,,37772,8254,0,42 43,1,100,,37797,8254,0,42 43,1
