2300,'F1',700,,6623,7911,,,2,100,,6624,7911,,,2,100,,6621,7911,,,2,101,,6622,7911,,,2,99,,6625,7911,,,2,103,,6626,7911,,,2,97,,6618,7911,,,2,100,,6619,7911,,,2,100,,6620,7911,,,2,100,,6629,7911,,,2,100,,6627,7911,,,2,102,,6628,7911,,,2
2300,'F8',1002,,6632,7911,,,2,100,,6630,7911,,,2,100,,6633,7911,,,2,100,,6631,7911,,,2,100,,6634,7911,,,2
2300,'F9',700,,6640,7911,,,2,100,,6641,7911,,,2,100,,6638,7911,,,2,101,,6639,7911,,,2,99,,6642,7911,,,2,103,,6643,7911,,,2,97,,6635,7911,,,2,100,,6636,7911,,,2,100,,6637,7911,,,2,100,,6646,7911,,,2,100,,6644,7911,,,2,102,,6645,7911,,,2
2300,'SA',700,,6652,7911,,,2,100,,6653,7911,,,2,100,,6650,7911,,,2,101,,6651,7911,,,2,99,,6654,7911,,,2,103,,6655,7911,,,2,97,,6647,7911,,,2,100,,6648,7911,,,2,100,,6649,7911,,,2,100,,6658,7911,,,2,100,,6656,7911,,,2,102,,6657,7911,,,2
2300,'SE',1002,,6661,7911,,,2,100,,6659,7911,,,2,100,,6662,7911,,,2,100,,6660,7911,,,2,100,,6663,7911,,,2
12300,'DI',630,,15895,7911,0,42 43,2,100,,15901,7911,0,42 43,2,100,,15896,7911,0,42 43,2,100,,15902,7911,0,42 43,2,100,,15897,7911,0,42 43,2,100,,15903,7911,0,42 43,2,105,,15898,7911,0,42 43,2,95,,15904,7911,0,42 43,2,100,,15899,7911,0,42 43,2,100,,15905,7911,0,42 43,2,100,,15900,7911,0,42 43,2,100,,15906,7911,0,42 43,2,100,,15907,7911,0,42 43,2,100,,15892,7911,0,42 43,2,100,,15908,7911,0,42 43,2,100,,15893,7911,0,42 43,2,100,,15909,7911,0,42 43,2,100,,15894,7911,0,42 43,2,100,,15910,7911,0,42 43,2
12300,'F1',630,,15911,7911,0,42 43,2,100,,15924,7911,0,42 43,2,100,,15912,7911,0,42 43,2,105,,15925,7911,0,42 43,2,99,,15913,7911,0,42 43,2,100,,15926,7911,0,42 43,2,100,,15914,7911,0,42 43,2,96,,15927,7911,0,42 43,2,100,,15915,7911,0,42 43,2,100,,15928,7911,0,42 43,2,104,,15916,7911,0,42 43,2,101,,15929,7911,0,42 43,2,99,,15917,7911,0,42 43,2,96,,15921,7911,0,42 43,2,100,,15918,7911,0,42 43,2,100,,15922,7911,0,42 43,2,100,,15919,7911,0,42 43,2,100,,15923,7911,0,42 43,2,100,,15920,7911,0,42 43,2
12300,'F7',630,,15933,7911,0,42 43,2,100,,15939,7911,0,42 43,2,100,,15934,7911,0,42 43,2,100,,15940,7911,0,42 43,2,100,,15935,7911,0,42 43,2,100,,15941,7911,0,42 43,2,105,,15936,7911,0,42 43,2,95,,15942,7911,0,42 43,2,100,,15937,7911,0,42 43,2,100,,15943,7911,0,42 43,2,100,,15938,7911,0,42 43,2,100,,15944,7911,0,42 43,2,100,,15945,7911,0,42 43,2,100,,15930,7911,0,42 43,2,100,,15946,7911,0,42 43,2,100,,15931,7911,0,42 43,2,100,,15947,7911,0,42 43,2,100,,15932,7911,0,42 43,2,100,,15948,7911,0,42 43,2
12300,'F8',523,,15964,7911,0,42 43,2,33,,15951,7911,0,42 43,2,55,,15954,7911,0,42 43,2,10,,15968,7911,0,42 43,2,10,,15953,7911,0,42 43,2,10,,15956,7911,0,42 43,2,12,,15969,7911,0,42 43,2,48,,15952,7911,0,42 43,2,12,,15973,7911,0,42 43,2,10,,15970,7911,0,42 43,2,21,,15974,7911,0,42 43,2,57,,15976,7911,0,42 43,2,30,,15977,7911,0,42 43,2,27,,15975,7911,0,42 43,2,69,,15955,7911,0,42 43,2,102,,15965,7911,0,42 43,2,100,,15949,7911,0,42 43,2,99,,15979,7911,0,42 43,2,103,,15959,7911,0,42 43,2,5,,15984,7911,0,42 43,2,93,,15957,7911,0,42 43,2,30,,15978,7911,0,42 43,2,72,,15960,7911,0,42 43,2,26,,15983,7911,0,42 43,2,71,,15982,7911,0,42 43,2,31,,15981,7911,0,42 43,2,71,,15962,7911,0,42 43,2,29,,15950,7911,0,42 43,2,75,,15961,7911,0,42 43,2,68,,15963,7911,0,42 43,2,30,,15985,7911,0,42 43,2,69,,15958,7911,0,42 43,2,30,,15980,7911,0,42 43,2,100,,15971,7911,0,42 43,2,100,,15966,7911,0,42 43,2,97,,15972,7911,0,42 43,2,100,,15967,7911,0,42 43,2
12300,'F9',630,,15986,7911,0,42 43,2,100,,15999,7911,0,42 43,2,100,,15987,7911,0,42 43,2,105,,16000,7911,0,42 43,2,99,,15988,7911,0,42 43,2,100,,16001,7911,0,42 43,2,100,,15989,7911,0,42 43,2,96,,16002,7911,0,42 43,2,100,,15990,7911,0,42 43,2,100,,16003,7911,0,42 43,2,104,,15991,7911,0,42 43,2,101,,16004,7911,0,42 43,2,99,,15992,7911,0,42 43,2,96,,15996,7911,0,42 43,2,100,,15993,7911,0,42 43,2,100,,15997,7911,0,42 43,2,100,,15994,7911,0,42 43,2,100,,15998,7911,0,42 43,2,100,,15995,7911,0,42 43,2
12300,'SA',630,,16005,7911,0,42 43,2,100,,16018,7911,0,42 43,2,100,,16006,7911,0,42 43,2,105,,16019,7911,0,42 43,2,99,,16007,7911,0,42 43,2,100,,16020,7911,0,42 43,2,100,,16008,7911,0,42 43,2,96,,16021,7911,0,42 43,2,100,,16009,7911,0,42 43,2,100,,16022,7911,0,42 43,2,104,,16010,7911,0,42 43,2,101,,16023,7911,0,42 43,2,99,,16011,7911,0,42 43,2,96,,16015,7911,0,42 43,2,100,,16012,7911,0,42 43,2,100,,16016,7911,0,42 43,2,100,,16013,7911,0,42 43,2,100,,16017,7911,0,42 43,2,100,,16014,7911,0,42 43,2
12300,'SE',523,,16039,7911,0,42 43,2,33,,16026,7911,0,42 43,2,55,,16029,7911,0,42 43,2,10,,16043,7911,0,42 43,2,10,,16028,7911,0,42 43,2,10,,16031,7911,0,42 43,2,12,,16044,7911,0,42 43,2,48,,16027,7911,0,42 43,2,12,,16048,7911,0,42 43,2,10,,16045,7911,0,42 43,2,21,,16049,7911,0,42 43,2,57,,16051,7911,0,42 43,2,30,,16052,7911,0,42 43,2,27,,16050,7911,0,42 43,2,69,,16030,7911,0,42 43,2,102,,16040,7911,0,42 43,2,100,,16024,7911,0,42 43,2,99,,16054,7911,0,42 43,2,103,,16034,7911,0,42 43,2,5,,16059,7911,0,42 43,2,93,,16032,7911,0,42 43,2,30,,16053,7911,0,42 43,2,72,,16035,7911,0,42 43,2,26,,16058,7911,0,42 43,2,71,,16057,7911,0,42 43,2,31,,16056,7911,0,42 43,2,71,,16037,7911,0,42 43,2,29,,16025,7911,0,42 43,2,75,,16036,7911,0,42 43,2,68,,16038,7911,0,42 43,2,30,,16060,7911,0,42 43,2,69,,16033,7911,0,42 43,2,30,,16055,7911,0,42 43,2,100,,16046,7911,0,42 43,2,100,,16041,7911,0,42 43,2,97,,16047,7911,0,42 43,2,100,,16042,7911,0,42 43,2
