4600,'F8',639,,9318,1613,,,2,20,,9322,1613,,,2,56,,9325,1613,,,2,14,,9319,1613,,,2,16,,9323,1613,,,2,64,,9326,1613,,,2,20,,9324,1613,,,2,100,,9320,1613,,,2,100,,9316,1613,,,2,100,,9317,1613,,,2,100,,9333,1613,,,2,100,,9313,1613,,,2,100,,9314,1613,,,2,100,,9321,1613,,,2,71,,9327,1613,,,2,18,,9315,1613,,,2,22,,9329,1613,,,2,60,,9328,1613,,,2,15,,9331,1613,,,2,15,,9330,1613,,,2,20,,9334,1613,,,2,62,,9332,1613,,,2
4600,'SE',639,,9340,1613,,,2,20,,9344,1613,,,2,56,,9347,1613,,,2,14,,9341,1613,,,2,16,,9345,1613,,,2,64,,9348,1613,,,2,20,,9346,1613,,,2,100,,9342,1613,,,2,100,,9338,1613,,,2,100,,9339,1613,,,2,100,,9355,1613,,,2,100,,9335,1613,,,2,100,,9336,1613,,,2,100,,9343,1613,,,2,71,,9349,1613,,,2,18,,9337,1613,,,2,22,,9351,1613,,,2,60,,9350,1613,,,2,15,,9353,1613,,,2,15,,9352,1613,,,2,20,,9356,1613,,,2,62,,9354,1613,,,2
4900,'DI',606,,9778,1579,,,2,100,,9763,1579,,,2,100,,9764,1579,,,2,100,,9769,1579,,,2,100,,9770,1579,,,2,100,,9771,1579,,,2,100,,9772,1579,,,2,100,,9773,1579,,,2,100,,9779,1579,,,2,100,,9780,1579,,,2,100,,9765,1579,,,2,100,,9766,1579,,,2,100,,9767,1579,,,2,100,,9774,1579,,,2,100,,9775,1579,,,2,100,,9776,1579,,,2,100,,9777,1579,,,2,99,,9768,1579,,,2,100,,9781,1579,,,2
4900,'F1',606,,9794,1579,,,2,100,,9783,1579,,,2,100,,9795,1579,,,2,100,,9784,1579,,,2,100,,9785,1579,,,2,100,,9786,1579,,,2,100,,9787,1579,,,2,100,,9788,1579,,,2,100,,9789,1579,,,2,100,,9790,1579,,,2,100,,9791,1579,,,2,100,,9792,1579,,,2,100,,9793,1579,,,2,100,,9798,1579,,,2,100,,9799,1579,,,2,100,,9796,1579,,,2,100,,9797,1579,,,2,99,,9800,1579,,,2,100,,9782,1579,,,2,100,,9801,1579,,,2
4900,'F7',606,,9817,1579,,,2,100,,9802,1579,,,2,100,,9803,1579,,,2,100,,9808,1579,,,2,100,,9809,1579,,,2,100,,9810,1579,,,2,100,,9811,1579,,,2,100,,9812,1579,,,2,100,,9818,1579,,,2,100,,9819,1579,,,2,100,,9804,1579,,,2,100,,9805,1579,,,2,100,,9806,1579,,,2,100,,9813,1579,,,2,100,,9814,1579,,,2,100,,9815,1579,,,2,100,,9816,1579,,,2,99,,9807,1579,,,2,100,,9820,1579,,,2
4900,'F8',607,,9833,1579,,,2,20,,9836,1579,,,2,15,,9848,1579,,,2,15,,9826,1579,,,2,53,,9837,1579,,,2,16,,9834,1579,,,2,14,,9830,1579,,,2,15,,9838,1579,,,2,55,,9835,1579,,,2,15,,9831,1579,,,2,20,,9849,1579,,,2,61,,9832,1579,,,2,101,,9847,1579,,,2,100,,9855,1579,,,2,101,,9825,1579,,,2,100,,9824,1579,,,2,97,,9823,1579,,,2,100,,9854,1579,,,2,101,,9856,1579,,,2,12,,9850,1579,,,2,19,,9841,1579,,,2,11,,9844,1579,,,2,55,,9851,1579,,,2,15,,9839,1579,,,2,15,,9845,1579,,,2,15,,9852,1579,,,2,55,,9840,1579,,,2,15,,9846,1579,,,2,15,,9827,1579,,,2,72,,9853,1579,,,2,100,,9821,1579,,,2,100,,9828,1579,,,2,100,,9843,1579,,,2,100,,9822,1579,,,2,100,,9829,1579,,,2,100,,9842,1579,,,2
4900,'F9',606,,9869,1579,,,2,100,,9858,1579,,,2,100,,9870,1579,,,2,100,,9859,1579,,,2,100,,9860,1579,,,2,100,,9861,1579,,,2,100,,9862,1579,,,2,100,,9863,1579,,,2,100,,9864,1579,,,2,100,,9865,1579,,,2,100,,9866,1579,,,2,100,,9867,1579,,,2,100,,9868,1579,,,2,100,,9873,1579,,,2,100,,9874,1579,,,2,100,,9871,1579,,,2,100,,9872,1579,,,2,99,,9875,1579,,,2,100,,9857,1579,,,2,100,,9876,1579,,,2
4900,'SA',606,,9889,1579,,,2,100,,9878,1579,,,2,100,,9890,1579,,,2,100,,9879,1579,,,2,100,,9880,1579,,,2,100,,9881,1579,,,2,100,,9882,1579,,,2,100,,9883,1579,,,2,100,,9884,1579,,,2,100,,9885,1579,,,2,100,,9886,1579,,,2,100,,9887,1579,,,2,100,,9888,1579,,,2,100,,9893,1579,,,2,100,,9894,1579,,,2,100,,9891,1579,,,2,100,,9892,1579,,,2,99,,9895,1579,,,2,100,,9877,1579,,,2,100,,9896,1579,,,2
4900,'SE',607,,9909,1579,,,2,20,,9912,1579,,,2,15,,9924,1579,,,2,15,,9902,1579,,,2,53,,9913,1579,,,2,16,,9910,1579,,,2,14,,9906,1579,,,2,15,,9914,1579,,,2,55,,9911,1579,,,2,15,,9907,1579,,,2,20,,9925,1579,,,2,61,,9908,1579,,,2,101,,9923,1579,,,2,100,,9931,1579,,,2,101,,9901,1579,,,2,100,,9900,1579,,,2,97,,9899,1579,,,2,100,,9930,1579,,,2,101,,9932,1579,,,2,12,,9926,1579,,,2,19,,9917,1579,,,2,11,,9920,1579,,,2,55,,9927,1579,,,2,15,,9915,1579,,,2,15,,9921,1579,,,2,15,,9928,1579,,,2,55,,9916,1579,,,2,15,,9922,1579,,,2,15,,9903,1579,,,2,72,,9929,1579,,,2,100,,9897,1579,,,2,100,,9904,1579,,,2,100,,9919,1579,,,2,100,,9898,1579,,,2,100,,9905,1579,,,2,100,,9918,1579,,,2
68401,'F8',849,,19012,2191,,,2,2,,19013,2191,,,2
68401,'SE',849,,19014,2191,,,2,2,,19015,2191,,,2
