8301,'DI',732,,36304,10174,,,1,100,,36305,10174,,,1,108,,36306,10174,,,1,100,,36307,10174,,,1,100,,36308,10174,,,1,100,,36309,10174,,,1,100,,36310,10174,,,1,100,,36311,10174,,,1,100,,36312,10174,,,1,100,,36313,10174,,,1,100,,36314,10174,,,1,100,,36315,10174,,,1,100,,36316,10174,,,1,100,,36317,10174,,,1,100,,36318,10174,,,1,100,,36319,10174,,,1,100,,36320,10174,,,1,100,,36321,10174,,,1
8301,'F1',632,,14698,10174,,,1,100,,14699,10174,,,1,100,,36325,10174,,,1,108,,36326,10174,,,1,100,,36327,10174,,,1,100,,36328,10174,,,1,100,,36329,10174,,,1,100,,36330,10174,,,1,100,,36331,10174,,,1,100,,36332,10174,,,1,100,,36333,10174,,,1,100,,36334,10174,,,1,100,,36335,10174,,,1,100,,36336,10174,,,1,100,,36337,10174,,,1,100,,36338,10174,,,1,100,,36339,10174,,,1,100,,36322,10174,,,1,100,,36323,10174,,,1,100,,36324,10174,,,1
8301,'F2',632,,36356,10174,,,1,100,,36357,10174,,,1,100,,36358,10174,,,1,108,,36359,10174,,,1,100,,36340,10174,,,1,100,,36341,10174,,,1,100,,36342,10174,,,1,100,,36343,10174,,,1,100,,36344,10174,,,1,100,,36345,10174,,,1,100,,36346,10174,,,1,100,,36347,10174,,,1,100,,36348,10174,,,1,100,,36349,10174,,,1,100,,36350,10174,,,1,100,,36351,10174,,,1,100,,36352,10174,,,1,100,,36353,10174,,,1,100,,36354,10174,,,1,100,,36355,10174,,,1
8301,'F7',557,,36378,10174,,,1,70,,36382,10174,,,1,20,,36373,10174,,,1,56,,36379,10174,,,1,25,,36384,10174,,,1,20,,36380,10174,,,1,62,,36369,10174,,,1,18,,36383,10174,,,1,20,,36375,10174,,,1,62,,36371,10174,,,1,31,,36391,10174,,,1,60,,36381,10174,,,1,40,,36366,10174,,,1,100,,36367,10174,,,1,100,,36374,10174,,,1,100,,36361,10174,,,1,100,,36362,10174,,,1,101,,36363,10174,,,1,15,,36385,10174,,,1,65,,36364,10174,,,1,21,,36392,10174,,,1,62,,36360,10174,,,1,20,,36370,10174,,,1,18,,36393,10174,,,1,60,,36394,10174,,,1,18,,36372,10174,,,1,20,,36386,10174,,,1,60,,36368,10174,,,1,40,,36387,10174,,,1,100,,36388,10174,,,1,100,,36389,10174,,,1,100,,36390,10174,,,1,100,,36365,10174,,,1,100,,36376,10174,,,1,100,,36377,10174,,,1
8301,'F8',632,,36411,10174,,,1,100,,36412,10174,,,1,100,,36413,10174,,,1,108,,36414,10174,,,1,100,,36395,10174,,,1,100,,36396,10174,,,1,100,,36397,10174,,,1,100,,36398,10174,,,1,100,,36399,10174,,,1,100,,36400,10174,,,1,100,,36401,10174,,,1,100,,36402,10174,,,1,100,,36403,10174,,,1,100,,36404,10174,,,1,100,,36405,10174,,,1,100,,36406,10174,,,1,100,,36407,10174,,,1,100,,36408,10174,,,1,100,,36409,10174,,,1,100,,36410,10174,,,1
8301,'F9',732,,36415,10174,,,1,100,,36416,10174,,,1,108,,36417,10174,,,1,100,,36418,10174,,,1,100,,36419,10174,,,1,100,,36420,10174,,,1,100,,36421,10174,,,1,100,,36422,10174,,,1,100,,36423,10174,,,1,100,,36424,10174,,,1,100,,36425,10174,,,1,100,,36426,10174,,,1,100,,36427,10174,,,1,100,,36428,10174,,,1,100,,36429,10174,,,1,100,,36430,10174,,,1,100,,36431,10174,,,1,100,,36432,10174,,,1
8301,'SA',632,,36449,10174,,,1,100,,36450,10174,,,1,100,,36451,10174,,,1,108,,36452,10174,,,1,100,,36433,10174,,,1,100,,36434,10174,,,1,100,,36435,10174,,,1,100,,36436,10174,,,1,100,,36437,10174,,,1,100,,36438,10174,,,1,100,,36439,10174,,,1,100,,36440,10174,,,1,100,,36441,10174,,,1,100,,36442,10174,,,1,100,,36443,10174,,,1,100,,36444,10174,,,1,100,,36445,10174,,,1,100,,36446,10174,,,1,100,,36447,10174,,,1,100,,36448,10174,,,1
8301,'SE',557,,36471,10174,,,1,70,,36475,10174,,,1,20,,36466,10174,,,1,56,,36472,10174,,,1,25,,36477,10174,,,1,20,,36473,10174,,,1,62,,36462,10174,,,1,18,,36476,10174,,,1,20,,36468,10174,,,1,62,,36464,10174,,,1,31,,36484,10174,,,1,60,,36474,10174,,,1,40,,36459,10174,,,1,100,,36460,10174,,,1,100,,36467,10174,,,1,100,,36454,10174,,,1,100,,36455,10174,,,1,101,,36456,10174,,,1,15,,36478,10174,,,1,65,,36457,10174,,,1,21,,36485,10174,,,1,62,,36453,10174,,,1,20,,36463,10174,,,1,18,,36486,10174,,,1,60,,36487,10174,,,1,18,,36465,10174,,,1,20,,36479,10174,,,1,60,,36461,10174,,,1,40,,36480,10174,,,1,100,,36481,10174,,,1,100,,36482,10174,,,1,100,,36483,10174,,,1,100,,36458,10174,,,1,100,,36469,10174,,,1,100,,36470,10174,,,1
8601,'F7',629,,36632,6114,,,2,85,,36633,6114,,,2,32,,36634,6114,,,2
8601,'SE',629,,36635,6114,,,2,85,,36636,6114,,,2,32,,36637,6114,,,2
68301,'F7',725,,40896,8093,,,2
68301,'SE',725,,40897,8093,,,2
