2000,'DI',627,,5579,10325,,,2,100,,5573,10325,,,2,100,,5569,10325,,,2,100,,5580,10325,,,2,100,,5574,10325,,,2,97,,5570,10325,,,2,103,,5571,10325,,,2,100,,5575,10325,,,2,100,,5581,10325,,,2,100,,5572,10325,,,2,97,,5576,10325,,,2,103,,5577,10325,,,2,100,,5584,10325,,,2,100,,5568,10325,,,2,100,,5582,10325,,,2,100,,5578,10325,,,2,100,,5567,10325,,,2,100,,5566,10325,,,2,100,,5583,10325,,,2
2000,'F1',630,,5603,10325,,,2,100,,5592,10325,,,2,100,,5599,10325,,,2,100,,5596,10325,,,2,100,,5595,10325,,,2,100,,5604,10325,,,2,100,,5597,10325,,,2,100,,5587,10325,,,2,100,,5593,10325,,,2,100,,5598,10325,,,2,96,,5600,10325,,,2,104,,5601,10325,,,2,104,,5602,10325,,,2,96,,5588,10325,,,2,100,,5594,10325,,,2,100,,5585,10325,,,2,100,,5589,10325,,,2,100,,5586,10325,,,2,100,,5591,10325,,,2,100,,5590,10325,,,2
2000,'F7',627,,5618,10325,,,2,100,,5612,10325,,,2,100,,5608,10325,,,2,100,,5619,10325,,,2,100,,5613,10325,,,2,97,,5609,10325,,,2,103,,5610,10325,,,2,100,,5614,10325,,,2,100,,5620,10325,,,2,100,,5611,10325,,,2,97,,5615,10325,,,2,103,,5616,10325,,,2,100,,5623,10325,,,2,100,,5607,10325,,,2,100,,5621,10325,,,2,100,,5617,10325,,,2,100,,5606,10325,,,2,100,,5605,10325,,,2,100,,5622,10325,,,2
2000,'F8',549,,5654,10325,,,2,60,,5664,10325,,,2,24,,5655,10325,,,2,71,,5629,10325,,,2,14,,5671,9734,,,2,9,,5666,9734,,,2,8,,5667,9734,,,2,10,,5670,9734,,,2,11,,5672,9734,,,2,46,,5665,9734,,,2,14,,5668,9734,,,2,32,,5673,9734,,,2,71,,5669,9734,,,2,29,,5626,10325,,,2,71,,5630,10325,,,2,30,,5633,10325,,,2,70,,5624,10325,,,2,30,,5657,10325,,,2,70,,5646,10325,,,2,30,,5634,10325,,,2,70,,5650,10325,,,2,30,,5656,10325,,,2,70,,5663,10325,,,2,30,,5635,10325,,,2,70,,5631,10325,,,2,21,,5662,10325,,,2,17,,5645,10325,,,2,55,,5660,10325,,,2,15,,5649,10325,,,2,15,,5643,10325,,,2,17,,5652,10325,,,2,51,,5647,10325,,,2,13,,5641,10325,,,2,10,,5638,10325,,,2,12,,5658,10325,,,2,13,,5644,10325,,,2,51,,5628,10325,,,2,14,,5636,10325,,,2,13,,5642,10325,,,2,15,,5639,10325,,,2,68,,5648,10325,,,2,30,,5653,10325,,,2,70,,5632,10325,,,2,30,,5627,10325,,,2,70,,5659,10325,,,2,30,,5637,10325,,,2,100,,5640,10325,,,2,100,,5651,10325,,,2,100,,5625,10325,,,2,100,,5661,10325,,,2
2000,'F9',630,,5692,10325,,,2,100,,5681,10325,,,2,100,,5688,10325,,,2,100,,5685,10325,,,2,100,,5684,10325,,,2,100,,5693,10325,,,2,100,,5686,10325,,,2,100,,5676,10325,,,2,100,,5682,10325,,,2,100,,5687,10325,,,2,96,,5689,10325,,,2,104,,5690,10325,,,2,104,,5691,10325,,,2,96,,5677,10325,,,2,100,,5683,10325,,,2,100,,5674,10325,,,2,100,,5678,10325,,,2,100,,5675,10325,,,2,100,,5680,10325,,,2,100,,5679,10325,,,2
2000,'SA',630,,5712,10325,,,2,100,,5701,10325,,,2,100,,5708,10325,,,2,100,,5705,10325,,,2,100,,5704,10325,,,2,100,,5713,10325,,,2,100,,5706,10325,,,2,100,,5696,10325,,,2,100,,5702,10325,,,2,100,,5707,10325,,,2,96,,5709,10325,,,2,104,,5710,10325,,,2,104,,5711,10325,,,2,96,,5697,10325,,,2,100,,5703,10325,,,2,100,,5694,10325,,,2,100,,5698,10325,,,2,100,,5695,10325,,,2,100,,5700,10325,,,2,100,,5699,10325,,,2
2000,'SE',549,,5744,10325,,,2,60,,5754,10325,,,2,24,,5745,10325,,,2,71,,5719,10325,,,2,14,,5761,9734,,,2,9,,5756,9734,,,2,8,,5757,9734,,,2,10,,5760,9734,,,2,11,,5762,9734,,,2,46,,5755,9734,,,2,14,,5758,9734,,,2,32,,5763,9734,,,2,71,,5759,9734,,,2,29,,5716,10325,,,2,71,,5720,10325,,,2,30,,5723,10325,,,2,70,,5714,10325,,,2,30,,5747,10325,,,2,70,,5736,10325,,,2,30,,5724,10325,,,2,70,,5740,10325,,,2,30,,5746,10325,,,2,70,,5753,10325,,,2,30,,5725,10325,,,2,70,,5721,10325,,,2,21,,5752,10325,,,2,17,,5735,10325,,,2,55,,5750,10325,,,2,15,,5739,10325,,,2,15,,5733,10325,,,2,17,,5742,10325,,,2,51,,5737,10325,,,2,13,,5731,10325,,,2,10,,5728,10325,,,2,12,,5748,10325,,,2,13,,5734,10325,,,2,51,,5718,10325,,,2,14,,5726,10325,,,2,13,,5732,10325,,,2,15,,5729,10325,,,2,68,,5738,10325,,,2,30,,5743,10325,,,2,70,,5722,10325,,,2,30,,5717,10325,,,2,70,,5749,10325,,,2,30,,5727,10325,,,2,100,,5730,10325,,,2,100,,5741,10325,,,2,100,,5715,10325,,,2,100,,5751,10325,,,2
57001,'F8',824,,18836,4067,,,2
57001,'SE',824,,18837,4067,,,2
67301,'F8',731,,18986,2175,,,2
67301,'SE',731,,18987,2175,,,2
