9300,'F1',1632,,37182,5789,0,39 20,2,80,,37183,5789,0,39 20,2,20,,37186,5789,0,39 20,2,70,,37184,5789,0,39 20,2,39,,37185,5789,0,39 20,2
9300,'F7',1632,,37187,5789,0,39 20,2,80,,37188,5789,0,39 20,2,20,,37191,5789,0,39 20,2,70,,37189,5789,0,39 20,2,39,,37190,5789,0,39 20,2
9300,'SE',1632,,37192,5789,0,39 20,2,80,,37193,5789,0,39 20,2,20,,37196,5789,0,39 20,2,70,,37194,5789,0,39 20,2,39,,37195,5789,0,39 20,2
9901,'DI',849,,37415,5499,0,19 20,2,100,,37411,5499,0,19 20,2,100,,37403,5499,0,19 20,2,101,,37408,5499,0,19 20,2,100,,37401,5499,0,19 20,2,100,,37404,5499,0,19 20,2,100,,37416,5499,0,19 20,2,100,,37413,5499,0,19 20,2,100,,37410,5499,0,19 20,2,99,,37412,5499,0,19 20,2,104,,37407,5499,0,19 20,2,96,,37405,5499,0,19 20,2,100,,37406,5499,0,19 20,2,100,,37414,5499,0,19 20,2,100,,37417,5499,0,19 20,2,100,,37409,5499,0,19 20,2,100,,37402,5499,0,19 20,2
9901,'F1',744,,37430,5499,0,19 20,2,105,,37422,5499,0,19 20,2,98,,37419,5499,0,19 20,2,102,,15726,5499,0,19 20,2,101,,37427,5499,0,19 20,2,100,,37418,5499,0,19 20,2,100,,37429,5499,0,19 20,2,100,,37433,5499,0,19 20,2,98,,37428,5499,0,19 20,2,102,,37420,5499,0,19 20,2,99,,37434,5499,0,19 20,2,100,,37431,5499,0,19 20,2,100,,37426,5499,0,19 20,2,100,,37424,5499,0,19 20,2,100,,37432,5499,0,19 20,2,100,,37423,5499,0,19 20,2,100,,37435,5499,0,19 20,2,100,,37425,5499,0,19 20,2,100,,37421,5499,0,19 20,2
9901,'F2',744,,37440,5499,0,19 20,2,105,,37439,5499,0,19 20,2,98,,37451,5499,0,19 20,2,102,,37441,5499,0,19 20,2,101,,37447,5499,0,19 20,2,100,,37452,5499,0,19 20,2,100,,37442,5499,0,19 20,2,100,,37446,5499,0,19 20,2,98,,37443,5499,0,19 20,2,102,,37448,5499,0,19 20,2,99,,37453,5499,0,19 20,2,100,,37437,5499,0,19 20,2,100,,37444,5499,0,19 20,2,100,,37449,5499,0,19 20,2,100,,37438,5499,0,19 20,2,100,,37445,5499,0,19 20,2,100,,37436,5499,0,19 20,2,100,,37450,5499,0,19 20,2,100,,37454,5499,0,19 20,2
9901,'F7',542,,37456,5499,,,2,70,,37458,5499,,,2,20,,37460,5499,,,2,18,,37461,5499,,,2,63,,37455,5499,,,2,29,,37459,5499,,,2,76,,37457,5499,,,2,30,,37477,5499,0,19 20,2,100,,37470,5499,0,19 20,2,100,,37463,5499,0,19 20,2,100,,37462,5499,0,19 20,2,100,,37464,5499,0,19 20,2,100,,37466,5499,0,19 20,2,98,,37471,5499,0,19 20,2,97,,37480,5499,0,19 20,2,69,,37478,5499,0,19 20,2,26,,37482,5499,0,19 20,2,78,,37476,5499,0,19 20,2,29,,37479,5499,0,19 20,2,67,,37481,5499,0,19 20,2,37,,37465,5499,0,19 20,2,98,,37468,5499,0,19 20,2,100,,37467,5499,0,19 20,2,100,,37472,5499,0,19 20,2,100,,37474,5499,0,19 20,2,100,,37469,5499,0,19 20,2,100,,37473,5499,0,19 20,2,100,,37475,5499,0,19 20,2
9901,'F8',744,,37487,5499,0,19 20,2,105,,37486,5499,0,19 20,2,98,,37498,5499,0,19 20,2,102,,37488,5499,0,19 20,2,101,,37494,5499,0,19 20,2,100,,37499,5499,0,19 20,2,100,,37489,5499,0,19 20,2,100,,37493,5499,0,19 20,2,98,,37490,5499,0,19 20,2,102,,37495,5499,0,19 20,2,99,,37500,5499,0,19 20,2,100,,37484,5499,0,19 20,2,100,,37491,5499,0,19 20,2,100,,37496,5499,0,19 20,2,100,,37485,5499,0,19 20,2,100,,37492,5499,0,19 20,2,100,,37483,5499,0,19 20,2,100,,37497,5499,0,19 20,2,100,,37501,5499,0,19 20,2
9901,'F9',849,,37516,5499,0,19 20,2,100,,37512,5499,0,19 20,2,100,,37504,5499,0,19 20,2,101,,37509,5499,0,19 20,2,100,,37502,5499,0,19 20,2,100,,37505,5499,0,19 20,2,100,,37517,5499,0,19 20,2,100,,37514,5499,0,19 20,2,100,,37511,5499,0,19 20,2,99,,37513,5499,0,19 20,2,104,,37508,5499,0,19 20,2,96,,37506,5499,0,19 20,2,100,,37507,5499,0,19 20,2,100,,37515,5499,0,19 20,2,100,,37518,5499,0,19 20,2,100,,37510,5499,0,19 20,2,100,,37503,5499,0,19 20,2
9901,'SA',744,,37523,5499,0,19 20,2,105,,37522,5499,0,19 20,2,98,,37534,5499,0,19 20,2,102,,37524,5499,0,19 20,2,101,,37530,5499,0,19 20,2,100,,37535,5499,0,19 20,2,100,,37525,5499,0,19 20,2,100,,37529,5499,0,19 20,2,98,,37526,5499,0,19 20,2,102,,37531,5499,0,19 20,2,99,,37536,5499,0,19 20,2,100,,37520,5499,0,19 20,2,100,,37527,5499,0,19 20,2,100,,37532,5499,0,19 20,2,100,,37521,5499,0,19 20,2,100,,37528,5499,0,19 20,2,100,,37519,5499,0,19 20,2,100,,37533,5499,0,19 20,2,100,,37537,5499,0,19 20,2
9901,'SE',542,,37539,5499,,,2,70,,37541,5499,,,2,20,,37543,5499,,,2,18,,37544,5499,,,2,63,,37538,5499,,,2,29,,37542,5499,,,2,76,,37540,5499,,,2,30,,37560,5499,0,19 20,2,100,,37553,5499,0,19 20,2,100,,37546,5499,0,19 20,2,100,,37545,5499,0,19 20,2,100,,37547,5499,0,19 20,2,100,,37549,5499,0,19 20,2,98,,37554,5499,0,19 20,2,97,,37563,5499,0,19 20,2,69,,37561,5499,0,19 20,2,26,,37565,5499,0,19 20,2,78,,37559,5499,0,19 20,2,29,,37562,5499,0,19 20,2,67,,37564,5499,0,19 20,2,37,,37548,5499,0,19 20,2,98,,37551,5499,0,19 20,2,100,,37550,5499,0,19 20,2,100,,37555,5499,0,19 20,2,100,,37557,5499,0,19 20,2,100,,37552,5499,0,19 20,2,100,,37556,5499,0,19 20,2,100,,37558,5499,0,19 20,2
16000,'DI',730,,38365,17903,,,1,100,,38368,17903,,,1,100,,38371,17903,,,1,100,,38366,17903,,,1,100,,38372,17903,,,1,100,,38364,17903,,,1,100,,38373,17903,,,1,100,,38362,17903,,,1,100,,38360,17903,,,1,100,,38369,17903,,,1,100,,38367,17903,,,1,100,,38374,17903,,,1,100,,38370,17903,,,1,102,,38363,17903,,,1,98,,38361,17903,,,1
16000,'F1',730,,38382,17903,,,1,99,,38377,17903,,,1,101,,38376,17903,,,1,100,,38379,17903,,,1,100,,38383,17903,,,1,99,,16591,17903,,,1,101,,38380,17903,,,1,100,,38375,17903,,,1,100,,16592,17903,,,1,100,,38378,17903,,,1,100,,38381,17903,,,1,100,,16593,17903,,,1,100,,38384,17903,,,1,101,,16594,17903,,,1,99,,38385,17903,,,1
16000,'F2',730,,38390,17903,,,1,99,,38393,17903,,,1,101,,38389,17903,,,1,100,,38386,17903,,,1,100,,38392,17903,,,1,99,,38397,17903,,,1,101,,38387,17903,,,1,100,,38391,17903,,,1,100,,38398,17903,,,1,100,,38394,17903,,,1,100,,38388,17903,,,1,100,,38399,17903,,,1,100,,38395,17903,,,1,101,,38400,17903,,,1,99,,38396,17903,,,1
16000,'F7',641,,38407,17903,,,1,95,,38421,17903,,,1,85,,38406,17903,,,1,89,,38422,17903,,,1,91,,38418,17903,,,1,46,,38405,17903,,,1,101,,38408,17903,,,1,100,,38409,17903,,,1,100,,38404,17903,,,1,100,,38423,17903,,,1,102,,38402,17903,,,1,70,,38417,17903,,,1,28,,38410,17903,,,1,64,,38401,17903,,,1,34,,38411,17903,,,1,65,,38424,17903,,,1,26,,38403,17903,,,1,70,,38416,17903,,,1,30,,38412,17903,,,1,86,,38415,17903,,,1,97,,38413,17903,,,1,98,,38419,17903,,,1,92,,38414,17903,,,1,100,,38420,17903,,,1
16000,'F8',730,,38429,17903,,,1,99,,38432,17903,,,1,101,,38428,17903,,,1,100,,38425,17903,,,1,100,,38431,17903,,,1,99,,38436,17903,,,1,101,,38426,17903,,,1,100,,38430,17903,,,1,100,,38437,17903,,,1,100,,38433,17903,,,1,100,,38427,17903,,,1,100,,38438,17903,,,1,100,,38434,17903,,,1,101,,38439,17903,,,1,99,,38435,17903,,,1
16000,'F9',730,,38445,17903,,,1,100,,38448,17903,,,1,100,,38451,17903,,,1,100,,38446,17903,,,1,100,,38452,17903,,,1,100,,38444,17903,,,1,100,,38453,17903,,,1,100,,38442,17903,,,1,100,,38440,17903,,,1,100,,38449,17903,,,1,100,,38447,17903,,,1,100,,38454,17903,,,1,100,,38450,17903,,,1,102,,38443,17903,,,1,98,,38441,17903,,,1
16000,'SA',730,,38459,17903,,,1,99,,16667,17903,,,1,101,,38458,17903,,,1,100,,38455,17903,,,1,100,,38461,17903,,,1,99,,38464,17903,,,1,101,,38456,17903,,,1,100,,38460,17903,,,1,100,,38465,17903,,,1,100,,16668,17903,,,1,100,,38457,17903,,,1,100,,38466,17903,,,1,100,,38462,17903,,,1,101,,38467,17903,,,1,99,,38463,17903,,,1
16000,'SE',641,,38474,17903,,,1,95,,38488,17903,,,1,85,,38473,17903,,,1,89,,38489,17903,,,1,91,,38485,17903,,,1,46,,38472,17903,,,1,101,,38475,17903,,,1,100,,38476,17903,,,1,100,,38471,17903,,,1,100,,38490,17903,,,1,102,,38469,17903,,,1,70,,38484,17903,,,1,28,,38477,17903,,,1,64,,38468,17903,,,1,34,,38478,17903,,,1,65,,38491,17903,,,1,26,,38470,17903,,,1,70,,38483,17903,,,1,30,,38479,17903,,,1,86,,38482,17903,,,1,97,,38480,17903,,,1,98,,38486,17903,,,1,92,,38481,17903,,,1,100,,38487,17903,,,1
