8301,'DI',716,,36304,2935,0,50,1,100,,36305,2935,0,50,1,108,,36306,2935,0,50,1,100,,36307,2935,0,50,1,100,,36308,2935,0,50,1,100,,36309,2935,0,50,1,100,,36310,2935,0,50,1,100,,36311,2935,0,50,1,100,,36312,2935,0,50,1,100,,36313,2935,0,50,1,100,,36314,2935,0,50,1,100,,36315,2935,0,50,1,100,,36316,2935,0,50,1,100,,36317,2935,0,50,1,100,,36318,2935,0,50,1,100,,36319,2935,0,50,1,100,,36320,2935,0,50,1,100,,36321,2935,0,50,1
8301,'F1',616,,14698,2935,0,50,1,100,,14699,2935,0,50,1,100,,36325,2935,0,50,1,108,,36326,2935,0,50,1,100,,36327,2935,0,50,1,100,,36328,2935,0,50,1,100,,36329,2935,0,50,1,100,,36330,2935,0,50,1,100,,36331,2935,0,50,1,100,,36332,2935,0,50,1,100,,36333,2935,0,50,1,100,,36334,2935,0,50,1,100,,36335,2935,0,50,1,100,,36336,2935,0,50,1,100,,36337,2935,0,50,1,100,,36338,2935,0,50,1,100,,36339,2935,0,50,1,100,,36322,2935,0,50,1,100,,36323,2935,0,50,1,100,,36324,2935,0,50,1
8301,'F2',616,,36356,2935,0,50,1,100,,36357,2935,0,50,1,100,,36358,2935,0,50,1,108,,36359,2935,0,50,1,100,,36340,2935,0,50,1,100,,36341,2935,0,50,1,100,,36342,2935,0,50,1,100,,36343,2935,0,50,1,100,,36344,2935,0,50,1,100,,36345,2935,0,50,1,100,,36346,2935,0,50,1,100,,36347,2935,0,50,1,100,,36348,2935,0,50,1,100,,36349,2935,0,50,1,100,,36350,2935,0,50,1,100,,36351,2935,0,50,1,100,,36352,2935,0,50,1,100,,36353,2935,0,50,1,100,,36354,2935,0,50,1,100,,36355,2935,0,50,1
8301,'F7',540,,36378,2935,0,50,1,70,,36382,2935,0,50,1,19,,36373,2935,0,50,1,16,,36379,2935,0,50,1,65,,36384,2935,0,50,1,20,,36380,2935,0,50,1,22,,36369,2935,0,50,1,58,,36383,2935,0,50,1,20,,36375,2935,0,50,1,23,,36371,2935,0,50,1,71,,36391,2935,0,50,1,20,,36381,2935,0,50,1,80,,36366,2935,0,50,1,100,,36367,2935,0,50,1,100,,36374,2935,0,50,1,100,,36361,2935,0,50,1,100,,36362,2935,0,50,1,101,,36363,2935,0,50,1,15,,36385,2935,0,50,1,65,,36364,2935,0,50,1,20,,36392,2935,0,50,1,22,,36360,2935,0,50,1,60,,36370,2935,0,50,1,18,,36393,2935,0,50,1,20,,36394,2935,0,50,1,60,,36372,2935,0,50,1,20,,36386,2935,0,50,1,20,,36368,2935,0,50,1,80,,36387,2935,0,50,1,100,,36388,2935,0,50,1,100,,36389,2935,0,50,1,100,,36390,2935,0,50,1,100,,36365,2935,0,50,1,100,,36376,2935,0,50,1,100,,36377,2935,0,50,1
8301,'F8',616,,36411,2935,0,50,1,100,,36412,2935,0,50,1,100,,36413,2935,0,50,1,108,,36414,2935,0,50,1,100,,36395,2935,0,50,1,100,,36396,2935,0,50,1,100,,36397,2935,0,50,1,100,,36398,2935,0,50,1,100,,36399,2935,0,50,1,100,,36400,2935,0,50,1,100,,36401,2935,0,50,1,100,,36402,2935,0,50,1,100,,36403,2935,0,50,1,100,,36404,2935,0,50,1,100,,36405,2935,0,50,1,100,,36406,2935,0,50,1,100,,36407,2935,0,50,1,100,,36408,2935,0,50,1,100,,36409,2935,0,50,1,100,,36410,2935,0,50,1
8301,'F9',716,,36415,2935,0,50,1,100,,36416,2935,0,50,1,108,,36417,2935,0,50,1,100,,36418,2935,0,50,1,100,,36419,2935,0,50,1,100,,36420,2935,0,50,1,100,,36421,2935,0,50,1,100,,36422,2935,0,50,1,100,,36423,2935,0,50,1,100,,36424,2935,0,50,1,100,,36425,2935,0,50,1,100,,36426,2935,0,50,1,100,,36427,2935,0,50,1,100,,36428,2935,0,50,1,100,,36429,2935,0,50,1,100,,36430,2935,0,50,1,100,,36431,2935,0,50,1,100,,36432,2935,0,50,1
8301,'SA',616,,36449,2935,0,50,1,100,,36450,2935,0,50,1,100,,36451,2935,0,50,1,108,,36452,2935,0,50,1,100,,36433,2935,0,50,1,100,,36434,2935,0,50,1,100,,36435,2935,0,50,1,100,,36436,2935,0,50,1,100,,36437,2935,0,50,1,100,,36438,2935,0,50,1,100,,36439,2935,0,50,1,100,,36440,2935,0,50,1,100,,36441,2935,0,50,1,100,,36442,2935,0,50,1,100,,36443,2935,0,50,1,100,,36444,2935,0,50,1,100,,36445,2935,0,50,1,100,,36446,2935,0,50,1,100,,36447,2935,0,50,1,100,,36448,2935,0,50,1
8301,'SE',540,,36471,2935,0,50,1,70,,36475,2935,0,50,1,19,,36466,2935,0,50,1,16,,36472,2935,0,50,1,65,,36477,2935,0,50,1,20,,36473,2935,0,50,1,22,,36462,2935,0,50,1,58,,36476,2935,0,50,1,20,,36468,2935,0,50,1,23,,36464,2935,0,50,1,71,,36484,2935,0,50,1,20,,36474,2935,0,50,1,80,,36459,2935,0,50,1,100,,36460,2935,0,50,1,100,,36467,2935,0,50,1,100,,36454,2935,0,50,1,100,,36455,2935,0,50,1,101,,36456,2935,0,50,1,15,,36478,2935,0,50,1,65,,36457,2935,0,50,1,20,,36485,2935,0,50,1,22,,36453,2935,0,50,1,60,,36463,2935,0,50,1,18,,36486,2935,0,50,1,20,,36487,2935,0,50,1,60,,36465,2935,0,50,1,20,,36479,2935,0,50,1,20,,36461,2935,0,50,1,80,,36480,2935,0,50,1,100,,36481,2935,0,50,1,100,,36482,2935,0,50,1,100,,36483,2935,0,50,1,100,,36458,2935,0,50,1,100,,36469,2935,0,50,1,100,,36470,2935,0,50,1
68301,'F7',708,,40896,854,,,2
68301,'SE',708,,40897,854,,,2
