8301,'DI',739,,36304,13407,,,1,100,,36305,13407,,,1,108,,36306,13407,,,1,100,,36307,13407,,,1,100,,36308,13407,,,1,100,,36309,13407,,,1,100,,36310,13407,,,1,100,,36311,13407,,,1,100,,36312,13407,,,1,100,,36313,13407,,,1,100,,36314,13407,,,1,100,,36315,13407,,,1,100,,36316,13407,,,1,100,,36317,13407,,,1,100,,36318,13407,,,1,100,,36319,13407,,,1,100,,36320,13407,,,1,100,,36321,13407,,,1
8301,'F1',639,,14698,13407,,,1,100,,14699,13407,,,1,100,,36325,13407,,,1,108,,36326,13407,,,1,100,,36327,13407,,,1,100,,36328,13407,,,1,100,,36329,13407,,,1,100,,36330,13407,,,1,100,,36331,13407,,,1,100,,36332,13407,,,1,100,,36333,13407,,,1,100,,36334,13407,,,1,100,,36335,13407,,,1,100,,36336,13407,,,1,100,,36337,13407,,,1,100,,36338,13407,,,1,100,,36339,13407,,,1,100,,36322,13407,,,1,100,,36323,13407,,,1,100,,36324,13407,,,1
8301,'F2',639,,36356,13407,,,1,100,,36357,13407,,,1,100,,36358,13407,,,1,108,,36359,13407,,,1,100,,36340,13407,,,1,100,,36341,13407,,,1,100,,36342,13407,,,1,100,,36343,13407,,,1,100,,36344,13407,,,1,100,,36345,13407,,,1,100,,36346,13407,,,1,100,,36347,13407,,,1,100,,36348,13407,,,1,100,,36349,13407,,,1,100,,36350,13407,,,1,100,,36351,13407,,,1,100,,36352,13407,,,1,100,,36353,13407,,,1,100,,36354,13407,,,1,100,,36355,13407,,,1
8301,'F7',606,,36378,13407,,,1,30,,36382,13407,,,1,20,,36373,13407,,,1,56,,36379,13407,,,1,25,,36384,13407,,,1,20,,36380,13407,,,1,62,,36369,13407,,,1,18,,36383,13407,,,1,20,,36375,13407,,,1,61,,36371,13407,,,1,31,,36391,13407,,,1,60,,36381,13407,,,1,40,,36366,13407,,,1,100,,36367,13407,,,1,100,,36374,13407,,,1,100,,36361,13407,,,1,100,,36362,13407,,,1,101,,36363,13407,,,1,55,,36385,13407,,,1,25,,36364,13407,,,1,21,,36392,13407,,,1,62,,36360,13407,,,1,20,,36370,13407,,,1,18,,36393,13407,,,1,60,,36394,13407,,,1,17,,36372,13407,,,1,20,,36386,13407,,,1,60,,36368,13407,,,1,40,,36387,13407,,,1,100,,36388,13407,,,1,100,,36389,13407,,,1,100,,36390,13407,,,1,100,,36365,13407,,,1,100,,36376,13407,,,1,100,,36377,13407,,,1
8301,'F8',639,,36411,13407,,,1,100,,36412,13407,,,1,100,,36413,13407,,,1,108,,36414,13407,,,1,100,,36395,13407,,,1,100,,36396,13407,,,1,100,,36397,13407,,,1,100,,36398,13407,,,1,100,,36399,13407,,,1,100,,36400,13407,,,1,100,,36401,13407,,,1,100,,36402,13407,,,1,100,,36403,13407,,,1,100,,36404,13407,,,1,100,,36405,13407,,,1,100,,36406,13407,,,1,100,,36407,13407,,,1,100,,36408,13407,,,1,100,,36409,13407,,,1,100,,36410,13407,,,1
8301,'F9',739,,36415,13407,,,1,100,,36416,13407,,,1,108,,36417,13407,,,1,100,,36418,13407,,,1,100,,36419,13407,,,1,100,,36420,13407,,,1,100,,36421,13407,,,1,100,,36422,13407,,,1,100,,36423,13407,,,1,100,,36424,13407,,,1,100,,36425,13407,,,1,100,,36426,13407,,,1,100,,36427,13407,,,1,100,,36428,13407,,,1,100,,36429,13407,,,1,100,,36430,13407,,,1,100,,36431,13407,,,1,100,,36432,13407,,,1
8301,'SA',639,,36449,13407,,,1,100,,36450,13407,,,1,100,,36451,13407,,,1,108,,36452,13407,,,1,100,,36433,13407,,,1,100,,36434,13407,,,1,100,,36435,13407,,,1,100,,36436,13407,,,1,100,,36437,13407,,,1,100,,36438,13407,,,1,100,,36439,13407,,,1,100,,36440,13407,,,1,100,,36441,13407,,,1,100,,36442,13407,,,1,100,,36443,13407,,,1,100,,36444,13407,,,1,100,,36445,13407,,,1,100,,36446,13407,,,1,100,,36447,13407,,,1,100,,36448,13407,,,1
8301,'SE',606,,36471,13407,,,1,30,,36475,13407,,,1,20,,36466,13407,,,1,56,,36472,13407,,,1,25,,36477,13407,,,1,20,,36473,13407,,,1,62,,36462,13407,,,1,18,,36476,13407,,,1,20,,36468,13407,,,1,61,,36464,13407,,,1,31,,36484,13407,,,1,60,,36474,13407,,,1,40,,36459,13407,,,1,100,,36460,13407,,,1,100,,36467,13407,,,1,100,,36454,13407,,,1,100,,36455,13407,,,1,101,,36456,13407,,,1,55,,36478,13407,,,1,25,,36457,13407,,,1,21,,36485,13407,,,1,62,,36453,13407,,,1,20,,36463,13407,,,1,18,,36486,13407,,,1,60,,36487,13407,,,1,17,,36465,13407,,,1,20,,36479,13407,,,1,60,,36461,13407,,,1,40,,36480,13407,,,1,100,,36481,13407,,,1,100,,36482,13407,,,1,100,,36483,13407,,,1,100,,36458,13407,,,1,100,,36469,13407,,,1,100,,36470,13407,,,1
68301,'F7',733,,40896,11326,,,2
68301,'SE',733,,40897,11326,,,2
