2300,'F1',652,,27432,5017,,,1,100,,27433,5017,,,1,100,,27429,5017,,,1,101,,27425,5017,,,1,99,,27427,5017,,,1,103,,27428,5017,,,1,97,,27434,5017,,,1,100,,27426,5017,,,1,100,,27430,5017,,,1,100,,27431,5017,,,1,100,,27435,5017,,,1,102,,27436,5017,,,1
2300,'F2',652,,27445,5017,,,1,100,,27446,5017,,,1,100,,27437,5017,,,1,101,,27438,5017,,,1,99,,27441,5017,,,1,103,,27442,5017,,,1,97,,27447,5017,,,1,100,,27448,5017,,,1,100,,27444,5017,,,1,100,,27443,5017,,,1,100,,27439,5017,,,1,102,,27440,5017,,,1
2300,'F7',953,,27451,5017,,,1,100,,27449,5017,,,1,100,,27452,5017,,,1,100,,27453,5017,,,1,100,,27450,5017,,,1
2300,'F8',652,,27462,5017,,,1,100,,27463,5017,,,1,100,,27454,5017,,,1,101,,27455,5017,,,1,99,,27458,5017,,,1,103,,27459,5017,,,1,97,,27464,5017,,,1,100,,27465,5017,,,1,100,,27461,5017,,,1,100,,27460,5017,,,1,100,,27456,5017,,,1,102,,27457,5017,,,1
2300,'SA',652,,27474,5017,,,1,100,,27475,5017,,,1,100,,27466,5017,,,1,101,,27467,5017,,,1,99,,27470,5017,,,1,103,,27471,5017,,,1,97,,27476,5017,,,1,100,,27477,5017,,,1,100,,27473,5017,,,1,100,,27472,5017,,,1,100,,27468,5017,,,1,102,,27469,5017,,,1
2300,'SE',953,,27480,5017,,,1,100,,27478,5017,,,1,100,,27481,5017,,,1,100,,27482,5017,,,1,100,,27479,5017,,,1
12300,'DI',622,,37610,5017,0,42 43,1,100,,37620,5017,0,42 43,1,100,,37611,5017,0,42 43,1,100,,37621,5017,0,42 43,1,100,,37612,5017,0,42 43,1,100,,37622,5017,0,42 43,1,105,,37613,5017,0,42 43,1,95,,37623,5017,0,42 43,1,100,,37614,5017,0,42 43,1,100,,37624,5017,0,42 43,1,100,,37615,5017,0,42 43,1,100,,37625,5017,0,42 43,1,100,,37616,5017,0,42 43,1,100,,37626,5017,0,42 43,1,100,,37617,5017,0,42 43,1,100,,37627,5017,0,42 43,1,100,,37618,5017,0,42 43,1,100,,37628,5017,0,42 43,1,100,,37619,5017,0,42 43,1
12300,'F1',622,,37637,5017,0,42 43,1,100,,37641,5017,0,42 43,1,100,,37631,5017,0,42 43,1,105,,37642,5017,0,42 43,1,99,,37632,5017,0,42 43,1,100,,37629,5017,0,42 43,1,100,,37633,5017,0,42 43,1,96,,37630,5017,0,42 43,1,100,,37634,5017,0,42 43,1,100,,37635,5017,0,42 43,1,104,,37643,5017,0,42 43,1,101,,37636,5017,0,42 43,1,99,,37644,5017,0,42 43,1,96,,37638,5017,0,42 43,1,100,,37645,5017,0,42 43,1,100,,37639,5017,0,42 43,1,100,,37646,5017,0,42 43,1,100,,37640,5017,0,42 43,1,100,,37647,5017,0,42 43,1
12300,'F2',622,,37649,5017,0,42 43,1,100,,37648,5017,0,42 43,1,100,,37650,5017,0,42 43,1,105,,37659,5017,0,42 43,1,99,,37651,5017,0,42 43,1,100,,37660,5017,0,42 43,1,100,,37652,5017,0,42 43,1,96,,37661,5017,0,42 43,1,100,,37653,5017,0,42 43,1,100,,37662,5017,0,42 43,1,104,,37654,5017,0,42 43,1,101,,37663,5017,0,42 43,1,99,,37655,5017,0,42 43,1,96,,37664,5017,0,42 43,1,100,,37656,5017,0,42 43,1,100,,37665,5017,0,42 43,1,100,,37657,5017,0,42 43,1,100,,37666,5017,0,42 43,1,100,,37658,5017,0,42 43,1
12300,'F7',514,,37686,5017,0,42 43,1,33,,37667,5017,0,42 43,1,55,,37674,5017,0,42 43,1,10,,37668,5017,0,42 43,1,10,,37688,5017,0,42 43,1,10,,37679,5017,0,42 43,1,12,,37689,5017,0,42 43,1,8,,37669,5017,0,42 43,1,52,,37693,5017,0,42 43,1,10,,37670,5017,0,42 43,1,21,,37694,5017,0,42 43,1,17,,37690,5017,0,42 43,1,69,,37696,5017,0,42 43,1,29,,37695,5017,0,42 43,1,69,,37676,5017,0,42 43,1,102,,37671,5017,0,42 43,1,100,,37681,5017,0,42 43,1,99,,37691,5017,0,42 43,1,101,,37683,5017,0,42 43,1,5,,37680,5017,0,42 43,1,93,,37687,5017,0,42 43,1,30,,37697,5017,0,42 43,1,71,,37684,5017,0,42 43,1,26,,37682,5017,0,42 43,1,71,,37699,5017,0,42 43,1,31,,37701,5017,0,42 43,1,71,,37673,5017,0,42 43,1,30,,37685,5017,0,42 43,1,76,,37672,5017,0,42 43,1,28,,37698,5017,0,42 43,1,70,,37692,5017,0,42 43,1,30,,37675,5017,0,42 43,1,70,,37700,5017,0,42 43,1,100,,37677,5017,0,42 43,1,100,,37702,5017,0,42 43,1,98,,37678,5017,0,42 43,1,100,,37703,5017,0,42 43,1
12300,'F8',622,,37705,5017,0,42 43,1,100,,37704,5017,0,42 43,1,100,,37706,5017,0,42 43,1,105,,37715,5017,0,42 43,1,99,,37707,5017,0,42 43,1,100,,37716,5017,0,42 43,1,100,,37708,5017,0,42 43,1,96,,37717,5017,0,42 43,1,100,,37709,5017,0,42 43,1,100,,37718,5017,0,42 43,1,104,,37710,5017,0,42 43,1,101,,37719,5017,0,42 43,1,99,,37711,5017,0,42 43,1,96,,37720,5017,0,42 43,1,100,,37712,5017,0,42 43,1,100,,37721,5017,0,42 43,1,100,,37713,5017,0,42 43,1,100,,37722,5017,0,42 43,1,100,,37714,5017,0,42 43,1
12300,'F9',622,,37723,5017,0,42 43,1,100,,37733,5017,0,42 43,1,100,,37724,5017,0,42 43,1,100,,37734,5017,0,42 43,1,100,,37725,5017,0,42 43,1,100,,37735,5017,0,42 43,1,105,,37726,5017,0,42 43,1,95,,37736,5017,0,42 43,1,100,,37727,5017,0,42 43,1,100,,37737,5017,0,42 43,1,100,,37728,5017,0,42 43,1,100,,37738,5017,0,42 43,1,100,,37729,5017,0,42 43,1,100,,37739,5017,0,42 43,1,100,,37730,5017,0,42 43,1,100,,37740,5017,0,42 43,1,100,,37731,5017,0,42 43,1,100,,37741,5017,0,42 43,1,100,,37732,5017,0,42 43,1
12300,'SA',622,,37743,5017,0,42 43,1,100,,37742,5017,0,42 43,1,100,,37744,5017,0,42 43,1,105,,37753,5017,0,42 43,1,99,,37745,5017,0,42 43,1,100,,37754,5017,0,42 43,1,100,,37746,5017,0,42 43,1,96,,37755,5017,0,42 43,1,100,,37747,5017,0,42 43,1,100,,37756,5017,0,42 43,1,104,,37748,5017,0,42 43,1,101,,37757,5017,0,42 43,1,99,,37749,5017,0,42 43,1,96,,37758,5017,0,42 43,1,100,,37750,5017,0,42 43,1,100,,37759,5017,0,42 43,1,100,,37751,5017,0,42 43,1,100,,37760,5017,0,42 43,1,100,,37752,5017,0,42 43,1
12300,'SE',514,,37780,5017,0,42 43,1,33,,37761,5017,0,42 43,1,55,,37768,5017,0,42 43,1,10,,37762,5017,0,42 43,1,10,,37782,5017,0,42 43,1,10,,37773,5017,0,42 43,1,12,,37783,5017,0,42 43,1,8,,37763,5017,0,42 43,1,52,,37787,5017,0,42 43,1,10,,37764,5017,0,42 43,1,21,,37788,5017,0,42 43,1,17,,37784,5017,0,42 43,1,69,,37790,5017,0,42 43,1,29,,37789,5017,0,42 43,1,69,,37770,5017,0,42 43,1,102,,37765,5017,0,42 43,1,100,,37775,5017,0,42 43,1,99,,37785,5017,0,42 43,1,101,,37777,5017,0,42 43,1,5,,37774,5017,0,42 43,1,93,,37781,5017,0,42 43,1,30,,37791,5017,0,42 43,1,71,,37778,5017,0,42 43,1,26,,37776,5017,0,42 43,1,71,,37793,5017,0,42 43,1,31,,37795,5017,0,42 43,1,71,,37767,5017,0,42 43,1,30,,37779,5017,0,42 43,1,76,,37766,5017,0,42 43,1,28,,37792,5017,0,42 43,1,70,,37786,5017,0,42 43,1,30,,37769,5017,0,42 43,1,70,,37794,5017,0,42 43,1,100,,37771,5017,0,42 43,1,100,,37796,5017,0,42 43,1,98,,37772,5017,0,42 43,1,100,,37797,5017,0,42 43,1
17000,'F7',554,,38871,7646,0,46,2,70,,38875,7646,0,46,2,31,,38872,7646,0,46,2,70,,38876,7646,0,46,2,30,,38873,7646,0,46,2,73,,38877,7646,0,46,2,28,,38874,7646,0,46,2,692,,38878,7646,0,46,2,70,,38882,7646,0,46,2,30,,38879,7646,0,46,2,70,,38883,7646,0,46,2,30,,38880,7646,0,46,2,70,,38884,7646,0,46,2,30,,38881,7646,0,46,2
17000,'SE',554,,38885,7646,0,46,2,70,,38889,7646,0,46,2,31,,38886,7646,0,46,2,70,,38890,7646,0,46,2,30,,38887,7646,0,46,2,73,,38891,7646,0,46,2,28,,38888,7646,0,46,2,692,,38892,7646,0,46,2,70,,38896,7646,0,46,2,30,,38893,7646,0,46,2,70,,38897,7646,0,46,2,30,,38894,7646,0,46,2,70,,38898,7646,0,46,2,30,,38895,7646,0,46,2
57500,'F7',1559,,40733,3636,,,2
57500,'SE',1559,,40734,3636,,,2
