3200,'DI',614,,28441,8160,0,44,2,101,,28442,8160,0,44,2,99,,28443,8160,0,44,2,102,,28444,8160,0,44,2,100,,28447,8160,0,44,2,100,,28449,8160,0,44,2,101,,28445,8160,0,44,2,101,,28451,8160,0,44,2,98,,28450,8160,0,44,2,104,,28453,8160,0,44,2,96,,28452,8160,0,44,2,101,,28455,8160,0,44,2,100,,28454,8160,0,44,2,100,,28448,8160,0,44,2,100,,28439,8160,0,44,2,100,,28456,8160,0,44,2,100,,28458,8160,0,44,2,100,,28446,8160,0,44,2,100,,28457,8160,0,44,2,99,,28440,8160,0,44,2
3200,'F1',614,,28459,8160,0,44,2,101,,28460,8160,0,44,2,96,,28461,8160,0,44,2,103,,28462,8160,0,44,2,101,,28468,8160,0,44,2,101,,28476,8160,0,44,2,99,,28475,8160,0,44,2,104,,28478,8160,0,44,2,102,,28477,8160,0,44,2,97,,28463,8160,0,44,2,98,,28465,8160,0,44,2,101,,28469,8160,0,44,2,100,,28464,8160,0,44,2,100,,28466,8160,0,44,2,100,,28470,8160,0,44,2,100,,28471,8160,0,44,2,100,,28473,8160,0,44,2,100,,28474,8160,0,44,2,100,,28472,8160,0,44,2,99,,28467,8160,0,44,2
3200,'F2',614,,28480,8160,0,44,2,101,,28481,8160,0,44,2,96,,28482,8160,0,44,2,103,,28483,8160,0,44,2,101,,28489,8160,0,44,2,101,,28484,8160,0,44,2,99,,28498,8160,0,44,2,104,,28490,8160,0,44,2,102,,28485,8160,0,44,2,97,,28486,8160,0,44,2,98,,28491,8160,0,44,2,101,,28492,8160,0,44,2,100,,28487,8160,0,44,2,100,,28494,8160,0,44,2,100,,28493,8160,0,44,2,100,,28495,8160,0,44,2,100,,28497,8160,0,44,2,100,,28496,8160,0,44,2,100,,28488,8160,0,44,2,99,,28479,8160,0,44,2
3200,'F7',627,,28521,8160,,,2,32,,28517,8160,,,2,63,,28515,8160,,,2,32,,28520,8160,,,2,76,,28513,8160,,,2,19,,28501,8160,0,44,2,96,,28508,8160,0,44,2,100,,28509,8160,0,44,2,100,,28512,8160,0,44,2,100,,28500,8160,0,44,2,100,,28511,8160,0,44,2,104,,28502,8160,0,44,2,107,,28516,8160,,,2,68,,28519,8160,,,2,30,,28523,8160,,,2,70,,28522,8160,,,2,25,,28518,8160,,,2,74,,28524,8160,,,2,25,,28514,8160,,,2,73,,28503,8160,0,44,2,30,,28510,8160,0,44,2,100,,28506,8160,0,44,2,99,,28507,8160,0,44,2,100,,28499,8160,0,44,2,98,,28504,8160,0,44,2,101,,28505,8160,0,44,2
3200,'F8',614,,28526,8160,0,44,2,101,,28527,8160,0,44,2,96,,28528,8160,0,44,2,103,,28529,8160,0,44,2,101,,28535,8160,0,44,2,101,,28530,8160,0,44,2,99,,28544,8160,0,44,2,104,,28536,8160,0,44,2,102,,28531,8160,0,44,2,97,,28532,8160,0,44,2,98,,28537,8160,0,44,2,101,,28538,8160,0,44,2,100,,28533,8160,0,44,2,100,,28540,8160,0,44,2,100,,28539,8160,0,44,2,100,,28541,8160,0,44,2,100,,28543,8160,0,44,2,100,,28542,8160,0,44,2,100,,28534,8160,0,44,2,99,,28525,8160,0,44,2
3200,'F9',614,,28547,8160,0,44,2,101,,28548,8160,0,44,2,99,,28549,8160,0,44,2,102,,28550,8160,0,44,2,100,,28553,8160,0,44,2,100,,28555,8160,0,44,2,101,,28551,8160,0,44,2,101,,28557,8160,0,44,2,98,,28556,8160,0,44,2,104,,28559,8160,0,44,2,96,,28558,8160,0,44,2,101,,28561,8160,0,44,2,100,,28560,8160,0,44,2,100,,28554,8160,0,44,2,100,,28545,8160,0,44,2,100,,28562,8160,0,44,2,100,,28564,8160,0,44,2,100,,28552,8160,0,44,2,100,,28563,8160,0,44,2,99,,28546,8160,0,44,2
3200,'SA',614,,28566,8160,0,44,2,101,,28567,8160,0,44,2,96,,28568,8160,0,44,2,103,,28569,8160,0,44,2,101,,28575,8160,0,44,2,101,,28570,8160,0,44,2,99,,28584,8160,0,44,2,104,,28576,8160,0,44,2,102,,28571,8160,0,44,2,97,,28572,8160,0,44,2,98,,28577,8160,0,44,2,101,,28578,8160,0,44,2,100,,28573,8160,0,44,2,100,,28580,8160,0,44,2,100,,28579,8160,0,44,2,100,,28581,8160,0,44,2,100,,28583,8160,0,44,2,100,,28582,8160,0,44,2,100,,28574,8160,0,44,2,99,,28565,8160,0,44,2
3200,'SE',627,,28606,8160,,,2,32,,28602,8160,,,2,63,,28600,8160,,,2,32,,28605,8160,,,2,76,,28598,8160,,,2,19,,28587,8160,0,44,2,96,,28594,8160,0,44,2,100,,28595,8160,0,44,2,100,,28597,8160,0,44,2,100,,28586,8160,0,44,2,100,,7688,8160,0,44,2,104,,28588,8160,0,44,2,107,,28601,8160,,,2,68,,28604,8160,,,2,30,,28608,8160,,,2,70,,28607,8160,,,2,25,,28603,8160,,,2,74,,28609,8160,,,2,25,,28599,8160,,,2,73,,28589,8160,0,44,2,30,,28596,8160,0,44,2,100,,28592,8160,0,44,2,99,,28593,8160,0,44,2,100,,28585,8160,0,44,2,98,,28590,8160,0,44,2,101,,28591,8160,0,44,2
54001,'F7',909,,40688,2314,,,2
54001,'SE',909,,40689,2314,,,2
