1901,'DI',543,,25993,2387,,,2,100,,25994,2387,,,2,100,,25995,2387,,,2,100,,25996,2387,,,2,104,,25997,2387,,,2,100,,25998,2387,,,2,100,,25999,2387,,,2,100,,26000,2387,,,2,100,,26001,2387,,,2,100,,26002,2387,,,2,100,,26003,2387,,,2,100,,26004,2387,,,2,100,,26005,2387,,,2,100,,26006,2387,,,2,100,,26007,2387,,,2,100,,26008,2387,,,2,100,,26009,2387,,,2,100,,26010,2387,,,2,100,,26011,2387,,,2,100,,26012,2387,,,2,100,,25992,2387,,,2
1901,'F1',543,,26029,2387,,,2,70,,26025,2387,,,2,30,,26030,2387,,,2,70,,26026,2387,,,2,30,,26031,2387,,,2,70,,26027,2387,,,2,30,,26032,2387,,,2,70,,26028,2387,,,2,34,,26018,2387,,,2,70,,26013,2387,,,2,30,,26019,2387,,,2,70,,26014,2387,,,2,30,,26020,2387,,,2,70,,26015,2387,,,2,30,,26021,2387,,,2,70,,26016,2387,,,2,30,,26022,2387,,,2,70,,26023,2387,,,2,30,,5378,2387,,,2,70,,26024,2387,,,2,30,,5379,2387,,,2,70,,26033,2387,,,2,30,,5380,2387,,,2,70,,26034,2387,,,2,30,,5381,2387,,,2,70,,26035,2387,,,2,30,,5382,2387,,,2,100,,26036,2387,,,2,100,,26037,2387,,,2,100,,26038,2387,,,2,100,,26039,2387,,,2,100,,26040,2387,,,2,100,,26041,2387,,,2,100,,26017,2387,,,2
1901,'F2',543,,26042,2387,,,2,70,,26052,2387,,,2,30,,26043,2387,,,2,70,,26053,2387,,,2,30,,26044,2387,,,2,70,,26054,2387,,,2,30,,26045,2387,,,2,70,,26055,2387,,,2,34,,26046,2387,,,2,70,,26056,2387,,,2,30,,26047,2387,,,2,70,,26057,2387,,,2,30,,26048,2387,,,2,70,,26069,2387,,,2,30,,26049,2387,,,2,70,,26070,2387,,,2,30,,26050,2387,,,2,70,,26071,2387,,,2,30,,26051,2387,,,2,70,,26072,2387,,,2,30,,26058,2387,,,2,70,,26073,2387,,,2,30,,26059,2387,,,2,70,,26074,2387,,,2,30,,26060,2387,,,2,70,,26075,2387,,,2,30,,26061,2387,,,2,100,,26062,2387,,,2,100,,26063,2387,,,2,100,,26064,2387,,,2,100,,26065,2387,,,2,100,,26066,2387,,,2,100,,26067,2387,,,2,100,,26068,2387,,,2
1901,'F7',501,,26090,2387,,,2,35,,26089,2387,,,2,70,,26113,2387,,,2,23,,26105,2387,,,2,14,,26111,2387,,,2,15,,26106,2387,,,2,52,,26109,2387,,,2,12,,26110,2387,,,2,12,,26103,2387,,,2,12,,26108,2387,,,2,55,,26102,2387,,,2,21,,26107,2387,,,2,20,,26104,2387,,,2,72,,26076,2387,,,2,34,,26098,2387,,,2,70,,26077,2387,,,2,30,,26078,2387,,,2,70,,26091,2387,,,2,30,,26079,2387,,,2,70,,26092,2387,,,2,30,,26095,2387,,,2,70,,26093,2387,,,2,30,,26096,2387,,,2,72,,26094,2387,,,2,30,,26114,2387,,,2,70,,26112,2387,,,2,29,,26121,2387,,,2,61,,26120,2387,,,2,23,,26118,2387,,,2,20,,26117,2387,,,2,61,,26119,2387,,,2,18,,26115,2387,,,2,17,,26116,2387,,,2,61,,26122,2387,,,2,19,,26084,2387,,,2,24,,26097,2387,,,2,65,,26080,2387,,,2,30,,26099,2387,,,2,70,,26081,2387,,,2,30,,26100,2387,,,2,70,,26082,2387,,,2,29,,26101,2387,,,2,70,,26083,2387,,,2,30,,26085,2387,,,2,100,,26086,2387,,,2,100,,26087,2387,,,2,100,,26088,2387,,,2
1901,'F8',543,,26123,2387,,,2,70,,26133,2387,,,2,30,,26124,2387,,,2,70,,26134,2387,,,2,30,,26125,2387,,,2,70,,26135,2387,,,2,30,,26126,2387,,,2,70,,26136,2387,,,2,34,,26127,2387,,,2,70,,26137,2387,,,2,30,,26128,2387,,,2,70,,26138,2387,,,2,30,,26129,2387,,,2,70,,26150,2387,,,2,30,,26130,2387,,,2,70,,26151,2387,,,2,30,,26131,2387,,,2,70,,26152,2387,,,2,30,,26132,2387,,,2,70,,26153,2387,,,2,30,,26139,2387,,,2,70,,26154,2387,,,2,30,,26140,2387,,,2,70,,26155,2387,,,2,30,,26141,2387,,,2,70,,26156,2387,,,2,30,,26142,2387,,,2,100,,26143,2387,,,2,100,,26144,2387,,,2,100,,26145,2387,,,2,100,,26146,2387,,,2,100,,26147,2387,,,2,100,,26148,2387,,,2,100,,26149,2387,,,2
1901,'F9',543,,26158,2387,,,2,100,,26159,2387,,,2,100,,26160,2387,,,2,100,,26161,2387,,,2,104,,26162,2387,,,2,100,,26163,2387,,,2,100,,26164,2387,,,2,100,,26165,2387,,,2,100,,26166,2387,,,2,100,,26167,2387,,,2,100,,26168,2387,,,2,100,,26169,2387,,,2,100,,26170,2387,,,2,100,,26171,2387,,,2,100,,26172,2387,,,2,100,,26173,2387,,,2,100,,26174,2387,,,2,100,,26175,2387,,,2,100,,26176,2387,,,2,100,,26177,2387,,,2,100,,26157,2387,,,2
1901,'SA',543,,26178,2387,,,2,70,,26188,2387,,,2,30,,26179,2387,,,2,70,,26189,2387,,,2,30,,26180,2387,,,2,70,,26190,2387,,,2,30,,26181,2387,,,2,70,,26191,2387,,,2,34,,26182,2387,,,2,70,,26192,2387,,,2,30,,26183,2387,,,2,70,,26193,2387,,,2,30,,26184,2387,,,2,70,,26205,2387,,,2,30,,26185,2387,,,2,70,,26206,2387,,,2,30,,26186,2387,,,2,70,,26207,2387,,,2,30,,26187,2387,,,2,70,,26208,2387,,,2,30,,26194,2387,,,2,70,,26209,2387,,,2,30,,26195,2387,,,2,70,,26210,2387,,,2,30,,26196,2387,,,2,70,,26211,2387,,,2,30,,26197,2387,,,2,100,,26198,2387,,,2,100,,26199,2387,,,2,100,,26200,2387,,,2,100,,26201,2387,,,2,100,,26202,2387,,,2,100,,26203,2387,,,2,100,,26204,2387,,,2
1901,'SE',501,,26226,2387,,,2,35,,26225,2387,,,2,70,,26249,2387,,,2,23,,26241,2387,,,2,14,,26247,2387,,,2,15,,26242,2387,,,2,52,,26245,2387,,,2,12,,26246,2387,,,2,12,,26239,2387,,,2,12,,26244,2387,,,2,55,,26238,2387,,,2,21,,26243,2387,,,2,20,,26240,2387,,,2,72,,26212,2387,,,2,34,,26234,2387,,,2,70,,26213,2387,,,2,30,,26214,2387,,,2,70,,26227,2387,,,2,30,,26215,2387,,,2,70,,26228,2387,,,2,30,,26231,2387,,,2,70,,26229,2387,,,2,30,,26232,2387,,,2,72,,26230,2387,,,2,30,,26250,2387,,,2,70,,26248,2387,,,2,29,,26257,2387,,,2,61,,26256,2387,,,2,23,,26254,2387,,,2,20,,26253,2387,,,2,61,,26255,2387,,,2,18,,26251,2387,,,2,17,,26252,2387,,,2,61,,26258,2387,,,2,19,,26220,2387,,,2,24,,26233,2387,,,2,65,,26216,2387,,,2,30,,26235,2387,,,2,70,,26217,2387,,,2,30,,26236,2387,,,2,70,,26218,2387,,,2,29,,26237,2387,,,2,70,,26219,2387,,,2,30,,26221,2387,,,2,100,,26222,2387,,,2,100,,26223,2387,,,2,100,,26224,2387,,,2
60101,'F7',832,,40743,0,,,2
60101,'SE',832,,40744,0,,,2
