12001,'F7',604,,37590,2287,,,2,31,,37596,2287,,,2,66,,37588,2287,,,2,37,,37597,2287,,,2,69,,37589,2287,,,2,33,,37591,2287,,,2,795,,37592,2287,,,2,71,,37593,2287,,,2,36,,37598,2287,,,2,62,,37595,2287,,,2,28,,37594,2287,,,2
12001,'SE',604,,37601,2287,,,2,31,,37607,2287,,,2,66,,37599,2287,,,2,37,,37608,2287,,,2,69,,37600,2287,,,2,33,,37602,2287,,,2,795,,37603,2287,,,2,71,,37604,2287,,,2,36,,37609,2287,,,2,62,,37606,2287,,,2,28,,37605,2287,,,2
12300,'DI',646,,37610,17575,0,42 43,1,100,,37620,17575,0,42 43,1,100,,37611,17575,0,42 43,1,100,,37621,17575,0,42 43,1,100,,37612,17575,0,42 43,1,100,,37622,17575,0,42 43,1,105,,37613,17575,0,42 43,1,95,,37623,17575,0,42 43,1,100,,37614,17575,0,42 43,1,100,,37624,17575,0,42 43,1,100,,37615,17575,0,42 43,1,100,,37625,17575,0,42 43,1,100,,37616,17575,0,42 43,1,100,,37626,17575,0,42 43,1,100,,37617,17575,0,42 43,1,100,,37627,17575,0,42 43,1,100,,37618,17575,0,42 43,1,100,,37628,17575,0,42 43,1,100,,37619,17575,0,42 43,1
12300,'F1',646,,37637,17575,0,42 43,1,100,,37641,17575,0,42 43,1,100,,37631,17575,0,42 43,1,105,,37642,17575,0,42 43,1,99,,37632,17575,0,42 43,1,100,,37629,17575,0,42 43,1,100,,37633,17575,0,42 43,1,96,,37630,17575,0,42 43,1,100,,37634,17575,0,42 43,1,100,,37635,17575,0,42 43,1,104,,37643,17575,0,42 43,1,101,,37636,17575,0,42 43,1,99,,37644,17575,0,42 43,1,96,,37638,17575,0,42 43,1,100,,37645,17575,0,42 43,1,100,,37639,17575,0,42 43,1,100,,37646,17575,0,42 43,1,100,,37640,17575,0,42 43,1,100,,37647,17575,0,42 43,1
12300,'F2',646,,37649,17575,0,42 43,1,100,,37648,17575,0,42 43,1,100,,37650,17575,0,42 43,1,105,,37659,17575,0,42 43,1,99,,37651,17575,0,42 43,1,100,,37660,17575,0,42 43,1,100,,37652,17575,0,42 43,1,96,,37661,17575,0,42 43,1,100,,37653,17575,0,42 43,1,100,,37662,17575,0,42 43,1,104,,37654,17575,0,42 43,1,101,,37663,17575,0,42 43,1,99,,37655,17575,0,42 43,1,96,,37664,17575,0,42 43,1,100,,37656,17575,0,42 43,1,100,,37665,17575,0,42 43,1,100,,37657,17575,0,42 43,1,100,,37666,17575,0,42 43,1,100,,37658,17575,0,42 43,1
12300,'F7',542,,37686,17575,0,42 43,1,73,,37667,17575,0,42 43,1,15,,37674,17575,0,42 43,1,10,,37668,17575,0,42 43,1,10,,37688,17575,0,42 43,1,50,,37679,17575,0,42 43,1,15,,37689,17575,0,42 43,1,8,,37669,17575,0,42 43,1,12,,37693,17575,0,42 43,1,10,,37670,17575,0,42 43,1,61,,37694,17575,0,42 43,1,17,,37690,17575,0,42 43,1,30,,37696,17575,0,42 43,1,65,,37695,17575,0,42 43,1,29,,37676,17575,0,42 43,1,102,,37671,17575,0,42 43,1,100,,37681,17575,0,42 43,1,99,,37691,17575,0,42 43,1,105,,37683,17575,0,42 43,1,5,,37680,17575,0,42 43,1,93,,37687,17575,0,42 43,1,70,,37697,17575,0,42 43,1,32,,37684,17575,0,42 43,1,66,,37682,17575,0,42 43,1,28,,37699,17575,0,42 43,1,71,,37701,17575,0,42 43,1,31,,37673,17575,0,42 43,1,67,,37685,17575,0,42 43,1,35,,37672,17575,0,42 43,1,68,,37698,17575,0,42 43,1,30,,37692,17575,0,42 43,1,68,,37675,17575,0,42 43,1,30,,37700,17575,0,42 43,1,100,,37677,17575,0,42 43,1,100,,37702,17575,0,42 43,1,96,,37678,17575,0,42 43,1,100,,37703,17575,0,42 43,1
12300,'F8',646,,37705,17575,0,42 43,1,100,,37704,17575,0,42 43,1,100,,37706,17575,0,42 43,1,105,,37715,17575,0,42 43,1,99,,37707,17575,0,42 43,1,100,,37716,17575,0,42 43,1,100,,37708,17575,0,42 43,1,96,,37717,17575,0,42 43,1,100,,37709,17575,0,42 43,1,100,,37718,17575,0,42 43,1,104,,37710,17575,0,42 43,1,101,,37719,17575,0,42 43,1,99,,37711,17575,0,42 43,1,96,,37720,17575,0,42 43,1,100,,37712,17575,0,42 43,1,100,,37721,17575,0,42 43,1,100,,37713,17575,0,42 43,1,100,,37722,17575,0,42 43,1,100,,37714,17575,0,42 43,1
12300,'F9',646,,37723,17575,0,42 43,1,100,,37733,17575,0,42 43,1,100,,37724,17575,0,42 43,1,100,,37734,17575,0,42 43,1,100,,37725,17575,0,42 43,1,100,,37735,17575,0,42 43,1,105,,37726,17575,0,42 43,1,95,,37736,17575,0,42 43,1,100,,37727,17575,0,42 43,1,100,,37737,17575,0,42 43,1,100,,37728,17575,0,42 43,1,100,,37738,17575,0,42 43,1,100,,37729,17575,0,42 43,1,100,,37739,17575,0,42 43,1,100,,37730,17575,0,42 43,1,100,,37740,17575,0,42 43,1,100,,37731,17575,0,42 43,1,100,,37741,17575,0,42 43,1,100,,37732,17575,0,42 43,1
12300,'SA',646,,37743,17575,0,42 43,1,100,,37742,17575,0,42 43,1,100,,37744,17575,0,42 43,1,105,,37753,17575,0,42 43,1,99,,37745,17575,0,42 43,1,100,,37754,17575,0,42 43,1,100,,37746,17575,0,42 43,1,96,,37755,17575,0,42 43,1,100,,37747,17575,0,42 43,1,100,,37756,17575,0,42 43,1,104,,37748,17575,0,42 43,1,101,,37757,17575,0,42 43,1,99,,37749,17575,0,42 43,1,96,,37758,17575,0,42 43,1,100,,37750,17575,0,42 43,1,100,,37759,17575,0,42 43,1,100,,37751,17575,0,42 43,1,100,,37760,17575,0,42 43,1,100,,37752,17575,0,42 43,1
12300,'SE',542,,37780,17575,0,42 43,1,73,,37761,17575,0,42 43,1,15,,37768,17575,0,42 43,1,10,,37762,17575,0,42 43,1,10,,37782,17575,0,42 43,1,50,,37773,17575,0,42 43,1,15,,37783,17575,0,42 43,1,8,,37763,17575,0,42 43,1,12,,37787,17575,0,42 43,1,10,,37764,17575,0,42 43,1,61,,37788,17575,0,42 43,1,17,,37784,17575,0,42 43,1,30,,37790,17575,0,42 43,1,65,,37789,17575,0,42 43,1,29,,37770,17575,0,42 43,1,102,,37765,17575,0,42 43,1,100,,37775,17575,0,42 43,1,99,,37785,17575,0,42 43,1,105,,37777,17575,0,42 43,1,5,,37774,17575,0,42 43,1,93,,37781,17575,0,42 43,1,70,,37791,17575,0,42 43,1,32,,37778,17575,0,42 43,1,66,,37776,17575,0,42 43,1,28,,37793,17575,0,42 43,1,71,,37795,17575,0,42 43,1,31,,37767,17575,0,42 43,1,67,,37779,17575,0,42 43,1,35,,37766,17575,0,42 43,1,68,,37792,17575,0,42 43,1,30,,37786,17575,0,42 43,1,68,,37769,17575,0,42 43,1,30,,37794,17575,0,42 43,1,100,,37771,17575,0,42 43,1,100,,37796,17575,0,42 43,1,96,,37772,17575,0,42 43,1,100,,37797,17575,0,42 43,1
