300,'DI',703,,20635,5627,,,1,100,,488,5627,,,1,100,,20636,5627,,,1,100,,489,5627,,,1,100,,20637,5627,,,1,100,,490,5627,,,1,100,,20638,5627,,,1,100,,491,5627,,,1,100,,492,5627,,,1,100,,493,5627,,,1,100,,494,5627,,,1,100,,495,5627,,,1,100,,20628,5627,,,1,100,,20629,5627,,,1,100,,20630,5627,,,1,100,,20631,5627,,,1,100,,20632,5627,,,1,100,,20633,5627,,,1,100,,20634,5627,,,1
300,'F1',633,,20656,5627,,,1,70,,20661,5627,,,1,30,,20657,5627,,,1,70,,20670,5627,,,1,30,,20658,5627,,,1,70,,20662,5627,,,1,30,,20659,5627,,,1,70,,20663,5627,,,1,30,,20660,5627,,,1,70,,20664,5627,,,1,30,,20667,5627,,,1,70,,20665,5627,,,1,30,,20668,5627,,,1,70,,20645,5627,,,1,30,,20669,5627,,,1,70,,20666,5627,,,1,30,,20651,5627,,,1,70,,20639,5627,,,1,30,,20652,5627,,,1,70,,20640,5627,,,1,30,,20653,5627,,,1,70,,20641,5627,,,1,30,,20654,5627,,,1,70,,20642,5627,,,1,30,,20655,5627,,,1,70,,20643,5627,,,1,100,,20644,5627,,,1,100,,20646,5627,,,1,100,,20647,5627,,,1,100,,20648,5627,,,1,100,,20649,5627,,,1,100,,20650,5627,,,1
300,'F2',633,,20671,5627,,,1,70,,20687,5627,,,1,30,,20672,5627,,,1,70,,20678,5627,,,1,30,,20673,5627,,,1,70,,20688,5627,,,1,30,,20674,5627,,,1,70,,20689,5627,,,1,30,,20675,5627,,,1,70,,20679,5627,,,1,30,,20676,5627,,,1,70,,20680,5627,,,1,30,,20677,5627,,,1,70,,20696,5627,,,1,30,,20690,5627,,,1,70,,20681,5627,,,1,30,,20691,5627,,,1,70,,20697,5627,,,1,30,,20692,5627,,,1,70,,20698,5627,,,1,30,,20693,5627,,,1,70,,20699,5627,,,1,30,,20694,5627,,,1,70,,20700,5627,,,1,30,,20695,5627,,,1,70,,20701,5627,,,1,100,,20682,5627,,,1,100,,20683,5627,,,1,100,,20684,5627,,,1,100,,20685,5627,,,1,100,,20702,5627,,,1,100,,20686,5627,,,1
300,'F7',551,,20717,5627,,,1,83,,20719,5627,,,1,80,,20703,5627,,,1,40,,20704,5627,,,1,81,,20731,5627,,,1,69,,20726,5627,,,1,30,,20720,5627,,,1,70,,20727,5627,,,1,30,,20721,5627,,,1,70,,20705,5627,,,1,30,,20722,5627,,,1,70,,20706,5627,,,1,30,,20723,5627,,,1,70,,20707,5627,,,1,30,,20724,5627,,,1,70,,20708,5627,,,1,30,,20725,5627,,,1,71,,20709,5627,,,1,21,,20732,5627,,,1,18,,20739,5627,,,1,63,,20710,5627,,,1,21,,20730,5627,,,1,22,,20740,5627,,,1,58,,20714,5627,,,1,18,,20718,5627,,,1,20,,20738,5627,,,1,59,,20737,5627,,,1,32,,20733,5627,,,1,67,,20735,5627,,,1,29,,20734,5627,,,1,70,,20736,5627,,,1,30,,20715,5627,,,1,70,,20713,5627,,,1,30,,20716,5627,,,1,70,,20728,5627,,,1,100,,20729,5627,,,1,100,,20711,5627,,,1,100,,20712,5627,,,1
300,'F8',633,,20741,5627,,,1,70,,20757,5627,,,1,30,,20742,5627,,,1,70,,20748,5627,,,1,30,,20743,5627,,,1,70,,20758,5627,,,1,30,,20744,5627,,,1,70,,20759,5627,,,1,30,,20745,5627,,,1,70,,20749,5627,,,1,30,,20746,5627,,,1,70,,20750,5627,,,1,30,,20747,5627,,,1,70,,20766,5627,,,1,30,,20760,5627,,,1,70,,20751,5627,,,1,30,,20761,5627,,,1,70,,20767,5627,,,1,30,,20762,5627,,,1,70,,20768,5627,,,1,30,,20763,5627,,,1,70,,20769,5627,,,1,30,,20764,5627,,,1,70,,20770,5627,,,1,30,,20765,5627,,,1,70,,20771,5627,,,1,100,,20752,5627,,,1,100,,20753,5627,,,1,100,,20754,5627,,,1,100,,20755,5627,,,1,100,,20772,5627,,,1,100,,20756,5627,,,1
300,'F9',703,,20788,5627,,,1,100,,20773,5627,,,1,100,,20789,5627,,,1,100,,20774,5627,,,1,100,,20790,5627,,,1,100,,20775,5627,,,1,100,,20791,5627,,,1,100,,20776,5627,,,1,100,,20777,5627,,,1,100,,20778,5627,,,1,100,,20779,5627,,,1,100,,20780,5627,,,1,100,,20781,5627,,,1,100,,20782,5627,,,1,100,,20783,5627,,,1,100,,20784,5627,,,1,100,,20785,5627,,,1,100,,20786,5627,,,1,100,,20787,5627,,,1
300,'SA',633,,20792,5627,,,1,70,,20808,5627,,,1,30,,20793,5627,,,1,70,,20799,5627,,,1,30,,20794,5627,,,1,70,,20809,5627,,,1,30,,20795,5627,,,1,70,,20810,5627,,,1,30,,20796,5627,,,1,70,,20800,5627,,,1,30,,20797,5627,,,1,70,,20801,5627,,,1,30,,20798,5627,,,1,70,,20811,5627,,,1,30,,624,5627,,,1,70,,20802,5627,,,1,30,,625,5627,,,1,70,,20812,5627,,,1,30,,626,5627,,,1,70,,20813,5627,,,1,30,,627,5627,,,1,70,,20814,5627,,,1,30,,628,5627,,,1,70,,20815,5627,,,1,30,,629,5627,,,1,70,,20816,5627,,,1,100,,20803,5627,,,1,100,,20804,5627,,,1,100,,20805,5627,,,1,100,,20806,5627,,,1,100,,20817,5627,,,1,100,,20807,5627,,,1
300,'SE',551,,20832,5627,,,1,83,,20834,5627,,,1,80,,20818,5627,,,1,40,,20819,5627,,,1,81,,20846,5627,,,1,69,,20841,5627,,,1,30,,20835,5627,,,1,70,,20842,5627,,,1,30,,20836,5627,,,1,70,,20820,5627,,,1,30,,20837,5627,,,1,70,,20821,5627,,,1,30,,20838,5627,,,1,70,,20822,5627,,,1,30,,20839,5627,,,1,70,,20823,5627,,,1,30,,20840,5627,,,1,71,,20824,5627,,,1,21,,20847,5627,,,1,18,,20854,5627,,,1,63,,20825,5627,,,1,21,,20845,5627,,,1,22,,20855,5627,,,1,58,,20829,5627,,,1,18,,20833,5627,,,1,20,,20853,5627,,,1,59,,20852,5627,,,1,32,,20848,5627,,,1,67,,20850,5627,,,1,29,,20849,5627,,,1,70,,20851,5627,,,1,30,,20830,5627,,,1,70,,20828,5627,,,1,30,,20831,5627,,,1,70,,20843,5627,,,1,100,,20844,5627,,,1,100,,20826,5627,,,1,100,,20827,5627,,,1
50301,'F7',905,,40628,383,,,2
50301,'SE',905,,40629,383,,,2
