4901,'DI',624,,31060,3847,,,2,100,,31072,3847,,,2,100,,31061,3847,,,2,100,,31067,3847,,,2,102,,31068,3847,,,2,100,,31069,3847,,,2,100,,31070,3847,,,2,100,,31071,3847,,,2,100,,31062,3847,,,2,100,,31063,3847,,,2,100,,31073,3847,,,2,100,,31074,3847,,,2,100,,31059,3847,,,2,99,,31064,3847,,,2,99,,31065,3847,,,2,100,,31075,3847,,,2,100,,31076,3847,,,2,98,,31066,3847,,,2,100,,31058,3847,,,2
4901,'F1',624,,31078,3847,,,2,100,,31077,3847,,,2,100,,31088,3847,,,2,100,,31094,3847,,,2,102,,31095,3847,,,2,100,,31096,3847,,,2,100,,31081,3847,,,2,100,,31082,3847,,,2,100,,31083,3847,,,2,100,,31084,3847,,,2,100,,31085,3847,,,2,100,,31086,3847,,,2,100,,31087,3847,,,2,99,,31090,3847,,,2,99,,31091,3847,,,2,100,,31079,3847,,,2,100,,31080,3847,,,2,98,,31092,3847,,,2,100,,31089,3847,,,2
4901,'F2',624,,31113,3847,,,2,100,,31097,3847,,,2,100,,31114,3847,,,2,100,,31106,3847,,,2,102,,31100,3847,,,2,100,,31101,3847,,,2,100,,31102,3847,,,2,100,,31103,3847,,,2,100,,31107,3847,,,2,100,,31108,3847,,,2,100,,31109,3847,,,2,100,,31110,3847,,,2,100,,31111,3847,,,2,99,,31098,3847,,,2,99,,31112,3847,,,2,100,,31104,3847,,,2,100,,31099,3847,,,2,98,,31115,3847,,,2,100,,31105,3847,,,2
4901,'F7',622,,31135,3847,,,2,20,,31148,3847,,,2,15,,31124,3847,,,2,58,,31138,3847,,,2,15,,31117,3847,,,2,16,,31136,3847,,,2,54,,31139,3847,,,2,15,,31133,3847,,,2,15,,31137,3847,,,2,15,,31140,3847,,,2,60,,31134,3847,,,2,20,,31141,3847,,,2,101,,31149,3847,,,2,100,,31125,3847,,,2,101,,31118,3847,,,2,100,,31126,3847,,,2,97,,31128,3847,,,2,100,,31122,3847,,,2,103,,31121,3847,,,2,12,,31150,3847,,,2,19,,31129,3847,,,2,51,,31145,3847,,,2,15,,31142,3847,,,2,15,,31152,3847,,,2,15,,31146,3847,,,2,55,,31143,3847,,,2,15,,31130,3847,,,2,14,,31147,3847,,,2,15,,31144,3847,,,2,71,,31151,3847,,,2,100,,31119,3847,,,2,98,,31131,3847,,,2,100,,31120,3847,,,2,99,,31132,3847,,,2,100,,31127,3847,,,2
4901,'F8',624,,31169,3847,,,2,100,,31153,3847,,,2,100,,31170,3847,,,2,100,,31162,3847,,,2,102,,31156,3847,,,2,100,,31157,3847,,,2,100,,31158,3847,,,2,100,,31159,3847,,,2,100,,31163,3847,,,2,100,,31164,3847,,,2,100,,31165,3847,,,2,100,,31166,3847,,,2,100,,31167,3847,,,2,99,,31154,3847,,,2,99,,31168,3847,,,2,100,,31160,3847,,,2,100,,31155,3847,,,2,98,,31171,3847,,,2,100,,31161,3847,,,2
4901,'F9',624,,31175,3847,,,2,100,,31187,3847,,,2,100,,31176,3847,,,2,100,,31182,3847,,,2,102,,31183,3847,,,2,100,,31184,3847,,,2,100,,31185,3847,,,2,100,,31186,3847,,,2,100,,31177,3847,,,2,100,,31178,3847,,,2,100,,31188,3847,,,2,100,,31189,3847,,,2,100,,31174,3847,,,2,99,,31179,3847,,,2,99,,31180,3847,,,2,100,,31190,3847,,,2,100,,31191,3847,,,2,98,,31181,3847,,,2,100,,31173,3847,,,2
4901,'SA',624,,31208,3847,,,2,100,,31192,3847,,,2,100,,31209,3847,,,2,100,,31201,3847,,,2,102,,31195,3847,,,2,100,,31196,3847,,,2,100,,31197,3847,,,2,100,,31198,3847,,,2,100,,31202,3847,,,2,100,,31203,3847,,,2,100,,31204,3847,,,2,100,,31205,3847,,,2,100,,31206,3847,,,2,99,,31193,3847,,,2,99,,31207,3847,,,2,100,,31199,3847,,,2,100,,31194,3847,,,2,98,,31210,3847,,,2,100,,31200,3847,,,2
4901,'SE',622,,31230,3847,,,2,20,,31243,3847,,,2,15,,31219,3847,,,2,58,,31233,3847,,,2,15,,31212,3847,,,2,16,,31231,3847,,,2,54,,31234,3847,,,2,15,,31228,3847,,,2,15,,31232,3847,,,2,15,,31235,3847,,,2,60,,31229,3847,,,2,20,,31236,3847,,,2,101,,31244,3847,,,2,100,,31220,3847,,,2,101,,31213,3847,,,2,100,,31221,3847,,,2,97,,31223,3847,,,2,100,,31217,3847,,,2,103,,31216,3847,,,2,12,,31245,3847,,,2,19,,31224,3847,,,2,51,,31240,3847,,,2,15,,31237,3847,,,2,15,,31247,3847,,,2,15,,31241,3847,,,2,55,,31238,3847,,,2,15,,31225,3847,,,2,14,,31242,3847,,,2,15,,31239,3847,,,2,71,,31246,3847,,,2,100,,31214,3847,,,2,98,,31226,3847,,,2,100,,31215,3847,,,2,99,,31227,3847,,,2,100,,31222,3847,,,2
55001,'F7',901,,40711,38,,,2
55001,'SE',901,,40712,38,,,2
