900,'F7',703,,23441,8615,0,58 7,2,30,,23442,8615,0,58 7,2,70,,23443,8615,0,58 7,2,819,,23447,8615,0,58 7,2,34,,23446,8615,0,58 7,2,66,,23448,8615,0,58 7,2,29,,23444,8615,0,58 7,2,69,,23445,8615,0,58 7,2
900,'SE',703,,23449,8615,0,58 7,2,30,,23450,8615,0,58 7,2,70,,23451,8615,0,58 7,2,819,,23454,8615,0,58 7,2,34,,23453,8615,0,58 7,2,66,,23455,8615,0,58 7,2,29,,3071,8615,0,58 7,2,69,,23452,8615,0,58 7,2
1901,'DI',550,,25993,6184,,,2,100,,25994,6184,,,2,100,,25995,6184,,,2,100,,25996,6184,,,2,104,,25997,6184,,,2,100,,25998,6184,,,2,100,,25999,6184,,,2,100,,26000,6184,,,2,100,,26001,6184,,,2,100,,26002,6184,,,2,100,,26003,6184,,,2,100,,26004,6184,,,2,100,,26005,6184,,,2,100,,26006,6184,,,2,100,,26007,6184,,,2,100,,26008,6184,,,2,100,,26009,6184,,,2,100,,26010,6184,,,2,100,,26011,6184,,,2,100,,26012,6184,,,2
1901,'F1',550,,26029,6184,,,2,70,,26025,6184,,,2,30,,26030,6184,,,2,70,,26026,6184,,,2,30,,26031,6184,,,2,70,,26027,6184,,,2,30,,26032,6184,,,2,70,,26028,6184,,,2,34,,26018,6184,,,2,70,,26013,6184,,,2,30,,26019,6184,,,2,70,,26014,6184,,,2,30,,26020,6184,,,2,70,,26015,6184,,,2,30,,26021,6184,,,2,70,,26016,6184,,,2,30,,26022,6184,,,2,70,,26023,6184,,,2,30,,5378,6184,,,2,70,,26024,6184,,,2,30,,5379,6184,,,2,70,,26033,6184,,,2,30,,5380,6184,,,2,70,,26034,6184,,,2,30,,5381,6184,,,2,70,,26035,6184,,,2,30,,5382,6184,,,2,100,,26036,6184,,,2,100,,26037,6184,,,2,100,,26038,6184,,,2,100,,26039,6184,,,2,100,,26040,6184,,,2,100,,26041,6184,,,2
1901,'F2',550,,26042,6184,,,2,70,,26052,6184,,,2,30,,26043,6184,,,2,70,,26053,6184,,,2,30,,26044,6184,,,2,70,,26054,6184,,,2,30,,26045,6184,,,2,70,,26055,6184,,,2,34,,26046,6184,,,2,70,,26056,6184,,,2,30,,26047,6184,,,2,70,,26057,6184,,,2,30,,26048,6184,,,2,70,,26069,6184,,,2,30,,26049,6184,,,2,70,,26070,6184,,,2,30,,26050,6184,,,2,70,,26071,6184,,,2,30,,26051,6184,,,2,70,,26072,6184,,,2,30,,26058,6184,,,2,70,,26073,6184,,,2,30,,26059,6184,,,2,70,,26074,6184,,,2,30,,26060,6184,,,2,70,,26075,6184,,,2,30,,26061,6184,,,2,100,,26062,6184,,,2,100,,26063,6184,,,2,100,,26064,6184,,,2,100,,26065,6184,,,2,100,,26066,6184,,,2,100,,26067,6184,,,2
1901,'F7',509,,26090,6184,,,2,35,,26089,6184,,,2,70,,26113,6184,,,2,308,,26076,6184,,,2,34,,26098,6184,,,2,70,,26077,6184,,,2,30,,26078,6184,,,2,70,,26091,6184,,,2,30,,26079,6184,,,2,70,,26092,6184,,,2,30,,26095,6184,,,2,70,,26093,6184,,,2,30,,26096,6184,,,2,72,,26094,6184,,,2,30,,26114,6184,,,2,70,,26112,6184,,,2,29,,26121,6184,,,2,61,,26120,6184,,,2,23,,26118,6184,,,2,60,,26117,6184,,,2,21,,26119,6184,,,2,18,,26115,6184,,,2,17,,26116,6184,,,2,61,,26122,6184,,,2,19,,26084,6184,,,2,64,,26097,6184,,,2,25,,26080,6184,,,2,30,,26099,6184,,,2,70,,26081,6184,,,2,30,,26100,6184,,,2,70,,26082,6184,,,2,29,,26101,6184,,,2,100,,26085,6184,,,2,100,,26086,6184,,,2,100,,26087,6184,,,2
1901,'F8',550,,26123,6184,,,2,70,,26133,6184,,,2,30,,26124,6184,,,2,70,,26134,6184,,,2,30,,26125,6184,,,2,70,,26135,6184,,,2,30,,26126,6184,,,2,70,,26136,6184,,,2,34,,26127,6184,,,2,70,,26137,6184,,,2,30,,26128,6184,,,2,70,,26138,6184,,,2,30,,26129,6184,,,2,70,,26150,6184,,,2,30,,26130,6184,,,2,70,,26151,6184,,,2,30,,26131,6184,,,2,70,,26152,6184,,,2,30,,26132,6184,,,2,70,,26153,6184,,,2,30,,26139,6184,,,2,70,,26154,6184,,,2,30,,26140,6184,,,2,70,,26155,6184,,,2,30,,26141,6184,,,2,70,,26156,6184,,,2,30,,26142,6184,,,2,100,,26143,6184,,,2,100,,26144,6184,,,2,100,,26145,6184,,,2,100,,26146,6184,,,2,100,,26147,6184,,,2,100,,26148,6184,,,2
1901,'F9',550,,26158,6184,,,2,100,,26159,6184,,,2,100,,26160,6184,,,2,100,,26161,6184,,,2,104,,26162,6184,,,2,100,,26163,6184,,,2,100,,26164,6184,,,2,100,,26165,6184,,,2,100,,26166,6184,,,2,100,,26167,6184,,,2,100,,26168,6184,,,2,100,,26169,6184,,,2,100,,26170,6184,,,2,100,,26171,6184,,,2,100,,26172,6184,,,2,100,,26173,6184,,,2,100,,26174,6184,,,2,100,,26175,6184,,,2,100,,26176,6184,,,2,100,,26177,6184,,,2
1901,'SA',550,,26178,6184,,,2,70,,26188,6184,,,2,30,,26179,6184,,,2,70,,26189,6184,,,2,30,,26180,6184,,,2,70,,26190,6184,,,2,30,,26181,6184,,,2,70,,26191,6184,,,2,34,,26182,6184,,,2,70,,26192,6184,,,2,30,,26183,6184,,,2,70,,26193,6184,,,2,30,,26184,6184,,,2,70,,26205,6184,,,2,30,,26185,6184,,,2,70,,26206,6184,,,2,30,,26186,6184,,,2,70,,26207,6184,,,2,30,,26187,6184,,,2,70,,26208,6184,,,2,30,,26194,6184,,,2,70,,26209,6184,,,2,30,,26195,6184,,,2,70,,26210,6184,,,2,30,,26196,6184,,,2,70,,26211,6184,,,2,30,,26197,6184,,,2,100,,26198,6184,,,2,100,,26199,6184,,,2,100,,26200,6184,,,2,100,,26201,6184,,,2,100,,26202,6184,,,2,100,,26203,6184,,,2
1901,'SE',509,,26226,6184,,,2,35,,26225,6184,,,2,70,,26249,6184,,,2,308,,26212,6184,,,2,34,,26234,6184,,,2,70,,26213,6184,,,2,30,,26214,6184,,,2,70,,26227,6184,,,2,30,,26215,6184,,,2,70,,26228,6184,,,2,30,,26231,6184,,,2,70,,26229,6184,,,2,30,,26232,6184,,,2,72,,26230,6184,,,2,30,,26250,6184,,,2,70,,26248,6184,,,2,29,,26257,6184,,,2,61,,26256,6184,,,2,23,,26254,6184,,,2,60,,26253,6184,,,2,21,,26255,6184,,,2,18,,26251,6184,,,2,17,,26252,6184,,,2,61,,26258,6184,,,2,19,,26220,6184,,,2,64,,26233,6184,,,2,25,,26216,6184,,,2,30,,26235,6184,,,2,70,,26217,6184,,,2,30,,26236,6184,,,2,70,,26218,6184,,,2,29,,26237,6184,,,2,100,,26221,6184,,,2,100,,26222,6184,,,2,100,,26223,6184,,,2
