4601,'F7',610,,30431,801,,,2,20,,30436,801,,,2,20,,30432,801,,,2,60,,30437,801,,,2,16,,30433,801,,,2,14,,30428,801,,,2,18,,30438,801,,,2,62,,30434,801,,,2,20,,30439,801,,,2,100,,30435,801,,,2,100,,30425,801,,,2,100,,30447,801,,,2,100,,30429,801,,,2,100,,30427,801,,,2,100,,30445,801,,,2,100,,30444,801,,,2,73,,30426,801,,,2,18,,30442,801,,,2,22,,30440,801,,,2,60,,30430,801,,,2,15,,30443,801,,,2,15,,30441,801,,,2,60,,30424,801,,,2,22,,30446,801,,,2
4601,'SE',610,,30455,801,,,2,20,,30460,801,,,2,20,,30456,801,,,2,60,,30461,801,,,2,16,,30457,801,,,2,14,,30452,801,,,2,18,,30462,801,,,2,62,,30458,801,,,2,20,,30463,801,,,2,100,,30459,801,,,2,100,,30449,801,,,2,100,,30471,801,,,2,100,,30453,801,,,2,100,,30451,801,,,2,100,,30469,801,,,2,100,,30468,801,,,2,73,,30450,801,,,2,18,,30466,801,,,2,22,,30464,801,,,2,60,,30454,801,,,2,15,,30467,801,,,2,15,,30465,801,,,2,60,,30448,801,,,2,22,,30470,801,,,2
4700,'DI',623,,30486,3509,,,1,100,,30472,3509,,,1,100,,30489,3509,,,1,100,,30490,3509,,,1,100,,30473,3509,,,1,100,,30478,3509,,,1,100,,30487,3509,,,1,100,,30474,3509,,,1,104,,30475,3509,,,1,91,,30481,3509,,,1,108,,30482,3509,,,1,102,,30476,3509,,,1,95,,30483,3509,,,1,96,,30479,3509,,,1,100,,30484,3509,,,1,100,,30477,3509,,,1,100,,30480,3509,,,1,100,,30485,3509,,,1,100,,30488,3509,,,1,100,,30491,3509,,,1
4700,'F1',623,,30505,3509,,,1,103,,30509,3509,,,1,101,,30494,3509,,,1,96,,30499,3509,,,1,96,,30495,3509,,,1,104,,30500,3509,,,1,100,,30492,3509,,,1,100,,30501,3509,,,1,95,,30493,3509,,,1,104,,30510,3509,,,1,100,,30506,3509,,,1,101,,30508,3509,,,1,100,,30507,3509,,,1,96,,30496,3509,,,1,100,,30511,3509,,,1,100,,30502,3509,,,1,100,,30503,3509,,,1,100,,30504,3509,,,1,100,,30497,3509,,,1,100,,30498,3509,,,1
4700,'F2',623,,30529,3509,,,1,103,,30515,3509,,,1,101,,30512,3509,,,1,96,,30519,3509,,,1,96,,30513,3509,,,1,104,,30520,3509,,,1,100,,30516,3509,,,1,100,,30521,3509,,,1,95,,30514,3509,,,1,104,,30517,3509,,,1,100,,30522,3509,,,1,101,,30518,3509,,,1,100,,30523,3509,,,1,96,,30526,3509,,,1,100,,30524,3509,,,1,100,,30525,3509,,,1,100,,30527,3509,,,1,100,,30528,3509,,,1,100,,30530,3509,,,1,100,,30531,3509,,,1
4700,'F7',624,,30542,3509,,,1,32,,30543,3509,,,1,69,,30541,3509,,,1,33,,30565,3509,,,1,74,,30545,3509,,,1,70,,30566,3509,,,1,30,,30558,3509,,,1,70,,30564,3509,,,1,30,,30544,3509,,,1,70,,30534,3509,,,1,30,,30561,3509,,,1,70,,30535,3509,,,1,30,,30536,3509,,,1,70,,30546,3509,,,1,30,,30570,3509,,,1,70,,30559,3509,,,1,30,,30537,3509,,,1,70,,30563,3509,,,1,28,,30549,3509,,,1,28,,30568,3509,,,1,75,,30547,3509,,,1,15,,30550,3509,,,1,55,,30553,3509,,,1,15,,30555,3509,,,1,15,,30562,3509,,,1,15,,30548,3509,,,1,55,,30554,3509,,,1,15,,30560,3509,,,1,15,,30556,3509,,,1,18,,30551,3509,,,1,69,,30567,3509,,,1,30,,30538,3509,,,1,70,,30569,3509,,,1,30,,30533,3509,,,1,70,,30540,3509,,,1,30,,30552,3509,,,1,100,,30532,3509,,,1,100,,30557,3509,,,1,100,,30539,3509,,,1
4700,'F8',623,,30588,3509,,,1,103,,30574,3509,,,1,101,,30571,3509,,,1,96,,30578,3509,,,1,96,,30572,3509,,,1,104,,30579,3509,,,1,100,,30575,3509,,,1,100,,30580,3509,,,1,95,,30573,3509,,,1,104,,30576,3509,,,1,100,,30581,3509,,,1,101,,30577,3509,,,1,100,,30582,3509,,,1,96,,30585,3509,,,1,100,,30583,3509,,,1,100,,30584,3509,,,1,100,,30586,3509,,,1,100,,30587,3509,,,1,100,,30589,3509,,,1,100,,30590,3509,,,1
4700,'F9',623,,30605,3509,,,1,100,,30591,3509,,,1,100,,30608,3509,,,1,100,,30609,3509,,,1,100,,30592,3509,,,1,100,,30597,3509,,,1,100,,30606,3509,,,1,100,,30593,3509,,,1,104,,30594,3509,,,1,91,,30600,3509,,,1,108,,30601,3509,,,1,102,,30595,3509,,,1,95,,30602,3509,,,1,96,,30598,3509,,,1,100,,30603,3509,,,1,100,,30596,3509,,,1,100,,30599,3509,,,1,100,,30604,3509,,,1,100,,30607,3509,,,1,100,,30610,3509,,,1
4700,'SA',623,,30628,3509,,,1,103,,30614,3509,,,1,101,,30611,3509,,,1,96,,30618,3509,,,1,96,,30612,3509,,,1,104,,30619,3509,,,1,100,,30615,3509,,,1,100,,30620,3509,,,1,95,,30613,3509,,,1,104,,30616,3509,,,1,100,,30621,3509,,,1,101,,30617,3509,,,1,100,,30622,3509,,,1,96,,30625,3509,,,1,100,,30623,3509,,,1,100,,30624,3509,,,1,100,,30626,3509,,,1,100,,30627,3509,,,1,100,,30629,3509,,,1,100,,30630,3509,,,1
4700,'SE',624,,30641,3509,,,1,32,,30642,3509,,,1,69,,30640,3509,,,1,33,,30662,3509,,,1,74,,30644,3509,,,1,70,,30663,3509,,,1,30,,30655,3509,,,1,70,,30661,3509,,,1,30,,30643,3509,,,1,70,,30633,3509,,,1,30,,30658,3509,,,1,70,,30634,3509,,,1,30,,30635,3509,,,1,70,,30645,3509,,,1,30,,30667,3509,,,1,70,,30656,3509,,,1,30,,30636,3509,,,1,70,,30660,3509,,,1,28,,30648,3509,,,1,28,,30665,3509,,,1,75,,30646,3509,,,1,15,,30649,3509,,,1,55,,9568,3509,,,1,15,,30652,3509,,,1,15,,30659,3509,,,1,15,,30647,3509,,,1,55,,9569,3509,,,1,15,,30657,3509,,,1,15,,30653,3509,,,1,18,,30650,3509,,,1,69,,30664,3509,,,1,30,,30637,3509,,,1,70,,30666,3509,,,1,30,,30632,3509,,,1,70,,30639,3509,,,1,30,,30651,3509,,,1,100,,30631,3509,,,1,100,,30654,3509,,,1,100,,30638,3509,,,1
54700,'F7',1636,,40701,8245,,,2
54700,'SE',1636,,40702,8245,,,2
54701,'F7',901,,40703,0,,,2
54701,'SE',901,,40704,0,,,2
