2001,'DI',539,,5767,2381,,,2,100,,5778,2381,,,2,100,,5772,2381,,,2,100,,5768,2381,,,2,100,,5779,2381,,,2,100,,5773,2381,,,2,97,,5769,2381,,,2,103,,5770,2381,,,2,100,,5774,2381,,,2,100,,5780,2381,,,2,100,,5771,2381,,,2,97,,5775,2381,,,2,103,,5776,2381,,,2,100,,5783,2381,,,2,100,,5766,2381,,,2,100,,5781,2381,,,2,100,,5777,2381,,,2,100,,5765,2381,,,2,100,,5764,2381,,,2,100,,5782,2381,,,2
2001,'F1',540,,5795,2381,,,2,100,,5803,2381,,,2,100,,5791,2381,,,2,100,,5799,2381,,,2,100,,5796,2381,,,2,100,,5794,2381,,,2,100,,5804,2381,,,2,100,,5797,2381,,,2,100,,5786,2381,,,2,100,,5792,2381,,,2,100,,5798,2381,,,2,96,,5800,2381,,,2,104,,5801,2381,,,2,104,,5802,2381,,,2,96,,5787,2381,,,2,100,,5793,2381,,,2,100,,5784,2381,,,2,100,,5788,2381,,,2,100,,5785,2381,,,2,100,,5790,2381,,,2,100,,5789,2381,,,2
2001,'F7',539,,5808,2381,,,2,100,,5819,2381,,,2,100,,5813,2381,,,2,100,,5809,2381,,,2,100,,5820,2381,,,2,100,,5814,2381,,,2,97,,5810,2381,,,2,103,,5811,2381,,,2,100,,5815,2381,,,2,100,,5821,2381,,,2,100,,5812,2381,,,2,97,,5816,2381,,,2,103,,5817,2381,,,2,100,,5824,2381,,,2,100,,5807,2381,,,2,100,,5822,2381,,,2,100,,5818,2381,,,2,100,,5806,2381,,,2,100,,5805,2381,,,2,100,,5823,2381,,,2
2001,'F8',525,,5857,2381,,,2,76,,5867,2381,,,2,20,,5879,2381,,,2,15,,5834,2381,,,2,9,,5868,2381,,,2,9,,5873,2381,,,2,49,,5844,2381,,,2,9,,5832,2381,,,2,4,,5837,2381,,,2,14,,5842,2381,,,2,10,,5827,2381,,,2,8,,5828,2381,,,2,10,,5841,2381,,,2,51,,5843,2381,,,2,6,,5826,2381,,,2,14,,5833,2381,,,2,71,,5877,2381,,,2,31,,5835,2381,,,2,70,,5830,2381,,,2,31,,5838,2381,,,2,70,,5845,2381,,,2,30,,5825,2381,,,2,70,,5870,2381,,,2,30,,5859,2381,,,2,70,,5846,2381,,,2,30,,5863,2381,,,2,70,,5869,2381,,,2,30,,5878,2381,,,2,70,,5847,2381,,,2,31,,5839,2381,,,2,21,,5876,2381,,,2,57,,5858,2381,,,2,15,,5874,2381,,,2,15,,5862,2381,,,2,15,,5855,2381,,,2,57,,5865,2381,,,2,11,,5860,2381,,,2,13,,5853,2381,,,2,9,,5850,2381,,,2,12,,5871,2381,,,2,53,,5856,2381,,,2,11,,5836,2381,,,2,14,,5848,2381,,,2,13,,5854,2381,,,2,55,,5851,2381,,,2,28,,5861,2381,,,2,70,,5866,2381,,,2,30,,5840,2381,,,2,70,,5831,2381,,,2,30,,5872,2381,,,2,70,,5849,2381,,,2,100,,5852,2381,,,2,100,,5864,2381,,,2,100,,5829,2381,,,2,100,,5875,2381,,,2
2001,'F9',540,,5891,2381,,,2,100,,5899,2381,,,2,100,,5887,2381,,,2,100,,5895,2381,,,2,100,,5892,2381,,,2,100,,5890,2381,,,2,100,,5900,2381,,,2,100,,5893,2381,,,2,100,,5882,2381,,,2,100,,5888,2381,,,2,100,,5894,2381,,,2,96,,5896,2381,,,2,104,,5897,2381,,,2,104,,5898,2381,,,2,96,,5883,2381,,,2,100,,5889,2381,,,2,100,,5880,2381,,,2,100,,5884,2381,,,2,100,,5881,2381,,,2,100,,5886,2381,,,2,100,,5885,2381,,,2
2001,'SA',540,,5912,2381,,,2,100,,5920,2381,,,2,100,,5908,2381,,,2,100,,5916,2381,,,2,100,,5913,2381,,,2,100,,5911,2381,,,2,100,,5921,2381,,,2,100,,5914,2381,,,2,100,,5903,2381,,,2,100,,5909,2381,,,2,100,,5915,2381,,,2,96,,5917,2381,,,2,104,,5918,2381,,,2,104,,5919,2381,,,2,96,,5904,2381,,,2,100,,5910,2381,,,2,100,,5901,2381,,,2,100,,5905,2381,,,2,100,,5902,2381,,,2,100,,5907,2381,,,2,100,,5906,2381,,,2
2001,'SE',525,,5954,2381,,,2,76,,5964,2381,,,2,20,,5976,2381,,,2,15,,5931,2381,,,2,9,,5965,2381,,,2,9,,5970,2381,,,2,49,,5941,2381,,,2,9,,5929,2381,,,2,4,,5934,2381,,,2,14,,5939,2381,,,2,10,,5924,2381,,,2,8,,5925,2381,,,2,10,,5938,2381,,,2,51,,5940,2381,,,2,6,,5923,2381,,,2,14,,5930,2381,,,2,71,,5974,2381,,,2,31,,5932,2381,,,2,70,,5927,2381,,,2,31,,5935,2381,,,2,70,,5942,2381,,,2,30,,5922,2381,,,2,70,,5967,2381,,,2,30,,5956,2381,,,2,70,,5943,2381,,,2,30,,5960,2381,,,2,70,,5966,2381,,,2,30,,5975,2381,,,2,70,,5944,2381,,,2,31,,5936,2381,,,2,21,,5973,2381,,,2,57,,5955,2381,,,2,15,,5971,2381,,,2,15,,5959,2381,,,2,15,,5952,2381,,,2,57,,5962,2381,,,2,11,,5957,2381,,,2,13,,5950,2381,,,2,9,,5947,2381,,,2,12,,5968,2381,,,2,53,,5953,2381,,,2,11,,5933,2381,,,2,14,,5945,2381,,,2,13,,5951,2381,,,2,55,,5948,2381,,,2,28,,5958,2381,,,2,70,,5963,2381,,,2,30,,5937,2381,,,2,70,,5928,2381,,,2,30,,5969,2381,,,2,70,,5946,2381,,,2,100,,5949,2381,,,2,100,,5961,2381,,,2,100,,5926,2381,,,2,100,,5972,2381,,,2
57001,'F8',836,,18836,8611,,,2
57001,'SE',836,,18837,8611,,,2
67200,'F8',1509,,18980,6557,4,,2
67200,'SE',1509,,18981,6557,4,,2
