6100,'DI',723,,6189,,,2,89,,6193,,,2,30,,6190,,,2,70,,6196,,,2,30,,6194,,,2,70,,6191,,,2,30,,6197,,,2,70,,6199,,,2,30,,6204,,,2,70,,6209,,,2,30,,6200,,,2,70,,6205,,,2,30,,6210,,,2,70,,6201,,,2,30,,6206,,,2,70,,6212,,,2,30,,6202,,,2,74,,6207,,,2,21,,6213,,,2,75,,6216,,,2,20,,6220,,,2,80,,6214,,,2,25,,6217,,,2,70,,6221,,,2,45,,6218,,,2,100,,6222,,,2,100,,6224,,,2,100,,6226,,,2,100,,6228,,,2,100,,6229,,,2
6100,'F1',723,,6230,,,2,89,,6234,,,2,30,,6231,,,2,70,,6237,,,2,30,,6235,,,2,70,,6232,,,2,30,,6238,,,2,70,,6240,,,2,30,,6245,,,2,70,,6248,,,2,30,,6241,,,2,70,,6246,,,2,30,,6249,,,2,70,,6242,,,2,30,,6251,,,2,70,,6256,,,2,30,,6243,,,2,74,,6252,,,2,21,,6257,,,2,75,,6260,,,2,20,,6253,,,2,80,,6258,,,2,25,,6261,,,2,70,,6254,,,2,45,,6263,,,2,100,,6266,,,2,100,,6264,,,2,100,,6268,,,2,100,,6267,,,2,100,,6269,,,2
6100,'F7',723,,15687,,,2,89,,15691,,,2,30,,15688,,,2,70,,15694,,,2,30,,15692,,,2,70,,15689,,,2,30,,15695,,,2,70,,15697,,,2,30,,15702,,,2,70,,15707,,,2,30,,15698,,,2,70,,15703,,,2,30,,15708,,,2,70,,15699,,,2,30,,15704,,,2,70,,15710,,,2,30,,15700,,,2,74,,15705,,,2,21,,15711,,,2,75,,15714,,,2,20,,15718,,,2,80,,15712,,,2,25,,15715,,,2,70,,15719,,,2,45,,15716,,,2,100,,15720,,,2,100,,15722,,,2,100,,15724,,,2,100,,15726,,,2,100,,15727,,,2
6100,'F8',633,,15730,,,2,68,,15728,,,2,26,,15737,,,2,9,,15742,,,2,19,,15734,,,2,65,,15731,,,2,22,,15739,,,2,15,,15744,,,2,76,,15735,,,2,70,,15732,,,2,30,,15740,,,2,72,,15784,,,2,30,,15738,,,2,70,,15745,,,2,30,,15749,,,2,70,,15746,,,2,30,,15747,,,2,73,,15751,,,2,21,,15754,,,2,27,,15759,,,2,63,,15748,,,2,20,,15750,,,2,64,,15762,,,2,4,,15765,,,2,25,,15755,,,2,7,,15757,,,2,14,,15766,,,2,53,,15767,,,2,14,,15752,,,2,15,,15771,,,2,6,,15774,,,2,17,,15763,,,2,54,,15760,,,2,24,,15776,,,2,64,,15768,,,2,28,,15779,,,2,29,,15782,,,2,70,,15772,,,2,29,,15775,,,2,70,,15783,,,2,30,,15769,,,2,68,,15780,,,2,30,,15777,,,2,69,,15773,,,2,30,,15781,,,2,70,,15778,,,2
6100,'F9',723,,15786,,,2,89,,15790,,,2,30,,15787,,,2,70,,15793,,,2,30,,15791,,,2,70,,15788,,,2,30,,15794,,,2,70,,15796,,,2,30,,15801,,,2,70,,15804,,,2,30,,15797,,,2,70,,15802,,,2,30,,15805,,,2,70,,15798,,,2,30,,15807,,,2,70,,15812,,,2,30,,15799,,,2,74,,15808,,,2,21,,15813,,,2,75,,15816,,,2,20,,15809,,,2,80,,15814,,,2,25,,15817,,,2,70,,15810,,,2,45,,15819,,,2,100,,15822,,,2,100,,15820,,,2,100,,15824,,,2,100,,15823,,,2,100,,15825,,,2
6100,'SA',723,,6270,,,2,89,,6274,,,2,30,,6271,,,2,70,,6277,,,2,30,,6275,,,2,70,,6272,,,2,30,,6278,,,2,70,,6280,,,2,30,,6285,,,2,70,,6288,,,2,30,,6281,,,2,70,,6286,,,2,30,,6289,,,2,70,,6282,,,2,30,,6291,,,2,70,,6296,,,2,30,,6283,,,2,74,,6292,,,2,21,,6297,,,2,75,,6300,,,2,20,,6293,,,2,80,,6298,,,2,25,,6301,,,2,70,,6294,,,2,45,,6303,,,2,100,,6306,,,2,100,,6304,,,2,100,,6308,,,2,100,,6307,,,2,100,,6309,,,2
6100,'SE',633,,6312,,,2,68,,6310,,,2,26,,6319,,,2,9,,6324,,,2,19,,6316,,,2,65,,6313,,,2,22,,6321,,,2,15,,6326,,,2,76,,6317,,,2,70,,6314,,,2,30,,6322,,,2,72,,6366,,,2,30,,6320,,,2,70,,6327,,,2,30,,6331,,,2,70,,6328,,,2,30,,6329,,,2,73,,6333,,,2,21,,6336,,,2,27,,6341,,,2,63,,6330,,,2,20,,6332,,,2,64,,6344,,,2,4,,6347,,,2,25,,6337,,,2,7,,6339,,,2,14,,6348,,,2,53,,6349,,,2,14,,6334,,,2,15,,6353,,,2,6,,6356,,,2,17,,6345,,,2,54,,6342,,,2,24,,6358,,,2,64,,6350,,,2,28,,6361,,,2,29,,6364,,,2,70,,6354,,,2,29,,6357,,,2,70,,6365,,,2,30,,6351,,,2,68,,6362,,,2,30,,6359,,,2,69,,6355,,,2,30,,6363,,,2,70,,6360,,,2
8001,'DI',654,,7830,,,1,100,,7831,,,1,100,,7832,,,1,100,,7833,,,1,100,,7834,,,1,100,,7835,,,1,100,,7836,,,1,100,,7837,,,1,100,,7838,,,1,100,,7839,,,1,100,,7840,,,1,102,,7841,,,1,98,,7842,,,1,100,,7843,,,1,100,,7844,,,1,100,,7845,,,1,100,,7846,,,1,100,,7847,,,1
8001,'F1',654,,7850,,,1,100,,7851,,,1,100,,7852,,,1,100,,7853,,,1,100,,7854,,,1,102,,7855,,,1,100,,7856,,,1,100,,7857,,,1,100,,7858,,,1,100,,7859,,,1,100,,7860,,,1,100,,7861,,,1,97,,7862,,,1,100,,7863,,,1,100,,7864,,,1,100,,7865,,,1,100,,7866,,,1,100,,7849,,,1
8001,'F7',654,,16995,,,1,100,,16996,,,1,100,,16997,,,1,100,,16998,,,1,100,,16999,,,1,100,,17000,,,1,100,,17001,,,1,100,,17002,,,1,100,,17003,,,1,100,,17004,,,1,100,,17005,,,1,102,,17006,,,1,98,,17007,,,1,100,,17008,,,1,100,,17009,,,1,100,,17010,,,1,100,,17011,,,1,100,,17012,,,1
8001,'F8',551,,17033,,,1,70,,17016,,,1,36,,17035,,,1,71,,17032,,,1,30,,17014,,,1,70,,17018,,,1,31,,17034,,,1,97,,17024,,,1,100,,17025,,,1,100,,17026,,,1,100,,17027,,,1,100,,17028,,,1,100,,17029,,,1,102,,17030,,,1,65,,17036,,,1,35,,17019,,,1,70,,17037,,,1,24,,17017,,,1,88,,17038,,,1,92,,17023,,,1,100,,17015,,,1,99,,17021,,,1,100,,17022,,,1,100,,17020,,,1
8001,'F9',654,,17040,,,1,100,,17041,,,1,100,,17042,,,1,100,,17043,,,1,100,,17044,,,1,102,,17045,,,1,100,,17046,,,1,100,,17047,,,1,100,,17048,,,1,100,,17049,,,1,100,,17050,,,1,100,,17051,,,1,97,,17052,,,1,100,,17053,,,1,100,,17054,,,1,100,,17055,,,1,100,,17056,,,1,100,,17039,,,1
8001,'SA',654,,7869,,,1,100,,7870,,,1,100,,7871,,,1,100,,7872,,,1,100,,7873,,,1,102,,7874,,,1,100,,7875,,,1,100,,7876,,,1,100,,7877,,,1,100,,7878,,,1,100,,7879,,,1,100,,7880,,,1,97,,7881,,,1,100,,7882,,,1,100,,7883,,,1,100,,7884,,,1,100,,7885,,,1,100,,7868,,,1
8001,'SE',551,,7906,,,1,70,,7889,,,1,36,,7908,,,1,71,,7905,,,1,30,,7887,,,1,70,,7891,,,1,31,,7907,,,1,97,,7897,,,1,100,,7898,,,1,100,,7899,,,1,100,,7900,,,1,100,,7901,,,1,100,,7902,,,1,102,,7903,,,1,65,,7909,,,1,35,,7892,,,1,70,,7910,,,1,24,,7890,,,1,88,,7911,,,1,92,,7896,,,1,100,,7888,,,1,99,,7894,,,1,100,,7895,,,1,100,,7893,,,1
8301,'DI',727,,8211,,,1,100,,8212,,,1,108,,8213,,,1,100,,8214,,,1,100,,8215,,,1,100,,8216,,,1,100,,8217,,,1,100,,8218,,,1,100,,8219,,,1,100,,8220,,,1,100,,8221,,,1,100,,8222,,,1,100,,8223,,,1,100,,8224,,,1,100,,8225,,,1,100,,8226,,,1,100,,8227,,,1,100,,8228,,,1
8301,'F1',627,,8229,,,1,100,,8230,,,1,100,,8231,,,1,108,,8232,,,1,100,,8233,,,1,100,,8234,,,1,100,,8235,,,1,100,,8236,,,1,100,,8237,,,1,100,,8238,,,1,100,,8239,,,1,100,,8240,,,1,100,,8241,,,1,100,,8242,,,1,100,,8243,,,1,100,,8244,,,1,100,,8245,,,1,100,,8246,,,1,100,,8247,,,1,100,,8248,,,1
8301,'F7',727,,17296,,,1,100,,17297,,,1,108,,17298,,,1,100,,17299,,,1,100,,17300,,,1,100,,17301,,,1,100,,17302,,,1,100,,17303,,,1,100,,17304,,,1,100,,17305,,,1,100,,17306,,,1,100,,17307,,,1,100,,17308,,,1,100,,17309,,,1,100,,17310,,,1,100,,17311,,,1,100,,17312,,,1,100,,17313,,,1
8301,'F8',551,,17335,,,1,70,,17332,,,1,20,,17326,,,1,16,,17336,,,1,65,,17321,,,1,20,,17338,,,1,62,,17337,,,1,18,,17314,,,1,20,,17322,,,1,63,,17333,,,1,31,,17315,,,1,20,,17347,,,1,80,,17316,,,1,100,,17320,,,1,100,,17328,,,1,100,,17317,,,1,100,,17318,,,1,101,,17319,,,1,15,,17334,,,1,65,,17339,,,1,21,,17348,,,1,62,,17329,,,1,20,,17323,,,1,18,,17324,,,1,20,,17331,,,1,58,,17327,,,1,20,,17330,,,1,20,,17325,,,1,80,,17340,,,1,100,,17341,,,1,100,,17342,,,1,100,,17343,,,1,100,,17344,,,1,100,,17345,,,1,100,,17346,,,1
8301,'F9',627,,17349,,,1,100,,17350,,,1,100,,17351,,,1,108,,17352,,,1,100,,17353,,,1,100,,17354,,,1,100,,17355,,,1,100,,17356,,,1,100,,17357,,,1,100,,17358,,,1,100,,17359,,,1,100,,17360,,,1,100,,17361,,,1,100,,17362,,,1,100,,17363,,,1,100,,17364,,,1,100,,17365,,,1,100,,17366,,,1,100,,17367,,,1,100,,17368,,,1
8301,'SA',627,,8249,,,1,100,,8250,,,1,100,,8251,,,1,108,,8252,,,1,100,,8253,,,1,100,,8254,,,1,100,,8255,,,1,100,,8256,,,1,100,,8257,,,1,100,,8258,,,1,100,,8259,,,1,100,,8260,,,1,100,,8261,,,1,100,,8262,,,1,100,,8263,,,1,100,,8264,,,1,100,,8265,,,1,100,,8266,,,1,100,,8267,,,1,100,,8268,,,1
8301,'SE',551,,8290,,,1,70,,8287,,,1,20,,8281,,,1,16,,8291,,,1,65,,8276,,,1,20,,8293,,,1,62,,8292,,,1,18,,8269,,,1,20,,8277,,,1,63,,8288,,,1,31,,8270,,,1,20,,8302,,,1,80,,8271,,,1,100,,8275,,,1,100,,8283,,,1,100,,8272,,,1,100,,8273,,,1,101,,8274,,,1,15,,8289,,,1,65,,8294,,,1,21,,8303,,,1,62,,8284,,,1,20,,8278,,,1,18,,8279,,,1,20,,8286,,,1,58,,8282,,,1,20,,8285,,,1,20,,8280,,,1,80,,8295,,,1,100,,8296,,,1,100,,8297,,,1,100,,8298,,,1,100,,8299,,,1,100,,8300,,,1,100,,8301,,,1
16100,'DI',633,,9410,,,2,1172,,9411,,,2
16100,'F1',633,,9424,,,2,1102,,9423,,,2
16100,'F7',633,,18267,,,2,1172,,18268,,,2
16100,'F8',712,,18283,,,2,25,,18281,,,2,65,,18282,,,2,421,,18285,,,2,391,,18287,,,2,41,,18286,,,2,80,,18284,,,2,100,,18288,,,2
16100,'F9',633,,18301,,,2,1102,,18300,,,2
16100,'SA',633,,9437,,,2,1102,,9436,,,2
16100,'SE',712,,9452,,,2,25,,9450,,,2,65,,9451,,,2,421,,9454,,,2,391,,9456,,,2,41,,9455,,,2,80,,9453,,,2,100,,9457,,,2
18001,'F8',639,,18391,,,2,64,,18392,,,2,13,,18395,,,2,18,,18394,,,2,12,,18393,,,2,58,,18390,,,2,18,,18396,,,2,815,,18387,,,2,71,,18397,,,2,30,,18389,,,2,64,,18388,,,2
18001,'SE',639,,9560,,,2,64,,9561,,,2,13,,9564,,,2,18,,9563,,,2,12,,9562,,,2,58,,9559,,,2,18,,9565,,,2,815,,9556,,,2,71,,9566,,,2,30,,9558,,,2,64,,9557,,,2
28401,'F8',859,,18467,0,52,2,100,,18468,0,52,2,100,,18469,0,52,2,100,,18470,0,52,2,100,,18471,0,52,2,100,,18472,0,52,2,100,,18473,0,52,2
28401,'SE',859,,9656,0,52,2,100,,9657,0,52,2,100,,9658,0,52,2,100,,9659,0,52,2,100,,9660,0,52,2,100,,9661,0,52,2,100,,9662,0,52,2
68301,'F8',720,,19267,,,2
68301,'SE',720,,10566,,,2
