12801,'F7',652,,38030,8211,,,2,862,,38031,8211,,,2,133,,38032,8211,,,2
12801,'SE',652,,38033,8211,,,2,862,,38034,8211,,,2,133,,38035,8211,,,2
42801,'DI',644,,39840,2616,,,1,113,,39841,2616,,,1,151,,39842,2616,,,1,106,,39843,2616,,,1,110,,39844,2616,,,1,35,,39850,2616,,,1,75,,39845,2616,,,1,75,,39851,2616,,,1,35,,39846,2616,,,1,76,,39852,2616,,,1,34,,39847,2616,,,1,76,,39853,2616,,,1,75,,39848,2616,,,1,44,,39854,2616,,,1,74,,39849,2616,,,1,108,,39855,2616,,,1,106,,39856,2616,,,1,108,,39857,2616,,,1,110,,39858,2616,,,1,155,,39859,2616,,,1
42801,'F1',644,,18038,2616,,,1,113,,18039,2616,,,1,151,,18040,2616,,,1,106,,18041,2616,,,1,110,,18042,2616,,,1,35,,18048,2616,,,1,75,,18043,2616,,,1,75,,18049,2616,,,1,35,,18044,2616,,,1,76,,18050,2616,,,1,34,,18045,2616,,,1,76,,18051,2616,,,1,75,,18046,2616,,,1,44,,18052,2616,,,1,74,,18047,2616,,,1,108,,18053,2616,,,1,106,,18054,2616,,,1,108,,18055,2616,,,1,110,,18056,2616,,,1,155,,18057,2616,,,1
42801,'F2',644,,39860,2616,,,1,113,,39861,2616,,,1,151,,39862,2616,,,1,106,,39863,2616,,,1,110,,39864,2616,,,1,35,,39870,2616,,,1,75,,39865,2616,,,1,75,,39871,2616,,,1,35,,39866,2616,,,1,76,,39872,2616,,,1,34,,39867,2616,,,1,76,,39873,2616,,,1,75,,39868,2616,,,1,44,,39874,2616,,,1,74,,39869,2616,,,1,108,,39875,2616,,,1,106,,39876,2616,,,1,108,,39877,2616,,,1,110,,39878,2616,,,1,155,,39879,2616,,,1
42801,'F7',559,,39880,2616,,,1,80,,39890,2616,,,1,78,,39881,2616,,,1,38,,39891,2616,,,1,78,,39882,2616,,,1,75,,39892,2616,,,1,34,,39883,2616,,,1,72,,39893,2616,,,1,35,,39884,2616,,,1,75,,39894,2616,,,1,35,,39885,2616,,,1,75,,39895,2616,,,1,73,,39886,2616,,,1,33,,39896,2616,,,1,75,,39887,2616,,,1,35,,39897,2616,,,1,76,,39888,2616,,,1,77,,39898,2616,,,1,40,,39889,2616,,,1,80,,39899,2616,,,1,31,,39906,2616,,,1,79,,39900,2616,,,1,72,,39907,2616,,,1,35,,39901,2616,,,1,107,,39902,2616,,,1,108,,39903,2616,,,1,155,,39904,2616,,,1,105,,39905,2616,,,1
42801,'F8',644,,39908,2616,,,1,113,,39909,2616,,,1,151,,39910,2616,,,1,106,,39911,2616,,,1,110,,39912,2616,,,1,35,,39918,2616,,,1,75,,39913,2616,,,1,75,,39919,2616,,,1,35,,39914,2616,,,1,76,,39920,2616,,,1,34,,39915,2616,,,1,76,,39921,2616,,,1,75,,39916,2616,,,1,44,,39922,2616,,,1,74,,39917,2616,,,1,108,,39923,2616,,,1,106,,39924,2616,,,1,108,,39925,2616,,,1,110,,39926,2616,,,1,155,,39927,2616,,,1
42801,'F9',644,,39928,2616,,,1,113,,39929,2616,,,1,151,,39930,2616,,,1,106,,39931,2616,,,1,110,,39932,2616,,,1,35,,39938,2616,,,1,75,,39933,2616,,,1,75,,39939,2616,,,1,35,,39934,2616,,,1,76,,39940,2616,,,1,34,,39935,2616,,,1,76,,39941,2616,,,1,75,,39936,2616,,,1,44,,39942,2616,,,1,74,,39937,2616,,,1,108,,39943,2616,,,1,106,,39944,2616,,,1,108,,39945,2616,,,1,110,,39946,2616,,,1,155,,39947,2616,,,1
42801,'SA',644,,39948,2616,,,1,113,,39949,2616,,,1,151,,39950,2616,,,1,106,,39951,2616,,,1,110,,39952,2616,,,1,35,,39958,2616,,,1,75,,39953,2616,,,1,75,,39959,2616,,,1,35,,39954,2616,,,1,76,,39960,2616,,,1,34,,39955,2616,,,1,76,,39961,2616,,,1,75,,39956,2616,,,1,44,,39962,2616,,,1,74,,39957,2616,,,1,108,,39963,2616,,,1,106,,39964,2616,,,1,108,,39965,2616,,,1,110,,39966,2616,,,1,155,,39967,2616,,,1
42801,'SE',559,,39968,2616,,,1,80,,39978,2616,,,1,78,,39969,2616,,,1,38,,39979,2616,,,1,78,,39970,2616,,,1,75,,39980,2616,,,1,34,,39971,2616,,,1,72,,39981,2616,,,1,35,,39972,2616,,,1,75,,39982,2616,,,1,35,,39973,2616,,,1,75,,39983,2616,,,1,73,,39974,2616,,,1,33,,39984,2616,,,1,75,,39975,2616,,,1,35,,39985,2616,,,1,76,,39976,2616,,,1,77,,39986,2616,,,1,40,,39977,2616,,,1,80,,39987,2616,,,1,31,,39994,2616,,,1,79,,39988,2616,,,1,72,,39995,2616,,,1,35,,39989,2616,,,1,107,,39990,2616,,,1,108,,39991,2616,,,1,155,,39992,2616,,,1,105,,39993,2616,,,1
