101,'DI',637,,260,7296,,,1,100,,261,7296,,,1,100,,262,7296,,,1,100,,263,7296,,,1,100,,264,7296,,,1,100,,265,7296,,,1,100,,266,7296,,,1,100,,267,7296,,,1,101,,268,7296,,,1,100,,269,7296,,,1,98,,250,7296,,,1,100,,251,7296,,,1,100,,252,7296,,,1,100,,253,7296,,,1,100,,254,7296,,,1,100,,255,7296,,,1,100,,256,7296,,,1,100,,257,7296,,,1,100,,258,7296,,,1,100,,259,7296,,,1
101,'F1',607,,293,7296,,,1,30,,283,7296,,,1,70,,294,7296,,,1,30,,284,7296,,,1,70,,295,7296,,,1,30,,285,7296,,,1,70,,296,7296,,,1,30,,286,7296,,,1,70,,297,7296,,,1,30,,287,7296,,,1,70,,298,7296,,,1,30,,288,7296,,,1,70,,299,7296,,,1,30,,289,7296,,,1,70,,300,7296,,,1,30,,290,7296,,,1,71,,301,7296,,,1,30,,291,7296,,,1,70,,302,7296,,,1,30,,292,7296,,,1,68,,280,7296,,,1,30,,270,7296,,,1,70,,281,7296,,,1,30,,271,7296,,,1,70,,282,7296,,,1,30,,272,7296,,,1,100,,273,7296,,,1,100,,274,7296,,,1,100,,275,7296,,,1,100,,276,7296,,,1,100,,277,7296,,,1,100,,278,7296,,,1,100,,279,7296,,,1
101,'F7',637,,313,7296,,,1,100,,314,7296,,,1,100,,315,7296,,,1,100,,316,7296,,,1,100,,317,7296,,,1,100,,318,7296,,,1,100,,319,7296,,,1,100,,320,7296,,,1,101,,321,7296,,,1,100,,322,7296,,,1,98,,303,7296,,,1,100,,304,7296,,,1,100,,305,7296,,,1,100,,306,7296,,,1,100,,307,7296,,,1,100,,308,7296,,,1,100,,309,7296,,,1,100,,310,7296,,,1,100,,311,7296,,,1,100,,312,7296,,,1
101,'F8',518,,342,7296,,,1,30,,343,7296,,,1,62,,345,7296,,,1,20,,334,7296,,,1,20,,346,7296,,,1,56,,323,7296,,,1,22,,336,7296,,,1,10,,335,7296,,,1,21,,326,7296,,,1,55,,347,7296,,,1,15,,351,7296,,,1,15,,350,7296,,,1,13,,365,7296,,,1,60,,348,7296,,,1,20,,340,7296,,,1,20,,324,7296,,,1,70,,327,7296,,,1,30,,349,7296,,,1,70,,360,7296,,,1,30,,362,7296,,,1,70,,325,7296,,,1,31,,328,7296,,,1,70,,363,7296,,,1,30,,338,7296,,,1,70,,359,7296,,,1,30,,330,7296,,,1,72,,353,7296,,,1,73,,344,7296,,,1,17,,352,7296,,,1,34,,329,7296,,,1,71,,331,7296,,,1,34,,341,7296,,,1,64,,366,7296,,,1,27,,364,7296,,,1,75,,357,7296,,,1,28,,361,7296,,,1,70,,339,7296,,,1,30,,356,7296,,,1,68,,354,7296,,,1,30,,358,7296,,,1,70,,355,7296,,,1,100,,337,7296,,,1,99,,332,7296,,,1,100,,333,7296,,,1
101,'F9',607,,390,7296,,,1,30,,380,7296,,,1,70,,391,7296,,,1,30,,381,7296,,,1,70,,392,7296,,,1,30,,382,7296,,,1,70,,393,7296,,,1,30,,383,7296,,,1,70,,394,7296,,,1,30,,384,7296,,,1,70,,395,7296,,,1,30,,385,7296,,,1,70,,396,7296,,,1,30,,386,7296,,,1,70,,397,7296,,,1,30,,387,7296,,,1,71,,398,7296,,,1,30,,388,7296,,,1,70,,399,7296,,,1,30,,389,7296,,,1,68,,377,7296,,,1,30,,367,7296,,,1,70,,378,7296,,,1,30,,368,7296,,,1,70,,379,7296,,,1,30,,369,7296,,,1,100,,370,7296,,,1,100,,371,7296,,,1,100,,372,7296,,,1,100,,373,7296,,,1,100,,374,7296,,,1,100,,375,7296,,,1,100,,376,7296,,,1
101,'SA',607,,423,7296,,,1,30,,413,7296,,,1,70,,424,7296,,,1,30,,414,7296,,,1,70,,425,7296,,,1,30,,415,7296,,,1,70,,426,7296,,,1,30,,416,7296,,,1,70,,427,7296,,,1,30,,417,7296,,,1,70,,428,7296,,,1,30,,418,7296,,,1,70,,429,7296,,,1,30,,419,7296,,,1,70,,430,7296,,,1,30,,420,7296,,,1,71,,431,7296,,,1,30,,421,7296,,,1,70,,432,7296,,,1,30,,422,7296,,,1,68,,410,7296,,,1,30,,400,7296,,,1,70,,411,7296,,,1,30,,401,7296,,,1,70,,412,7296,,,1,30,,402,7296,,,1,100,,403,7296,,,1,100,,404,7296,,,1,100,,405,7296,,,1,100,,406,7296,,,1,100,,407,7296,,,1,100,,408,7296,,,1,100,,409,7296,,,1
101,'SE',518,,452,7296,,,1,30,,453,7296,,,1,62,,455,7296,,,1,20,,444,7296,,,1,20,,456,7296,,,1,56,,433,7296,,,1,22,,446,7296,,,1,10,,445,7296,,,1,21,,436,7296,,,1,55,,457,7296,,,1,15,,461,7296,,,1,15,,460,7296,,,1,13,,475,7296,,,1,60,,458,7296,,,1,20,,450,7296,,,1,20,,434,7296,,,1,70,,437,7296,,,1,30,,459,7296,,,1,70,,470,7296,,,1,30,,472,7296,,,1,70,,435,7296,,,1,31,,438,7296,,,1,70,,473,7296,,,1,30,,448,7296,,,1,70,,469,7296,,,1,30,,440,7296,,,1,72,,463,7296,,,1,73,,454,7296,,,1,17,,462,7296,,,1,34,,439,7296,,,1,71,,441,7296,,,1,34,,451,7296,,,1,64,,476,7296,,,1,27,,474,7296,,,1,75,,467,7296,,,1,28,,471,7296,,,1,70,,449,7296,,,1,30,,466,7296,,,1,68,,464,7296,,,1,30,,468,7296,,,1,70,,465,7296,,,1,100,,447,7296,,,1,99,,442,7296,,,1,100,,443,7296,,,1
5401,'DI',629,,10636,7950,,,1,100,,10650,7950,,,1,100,,10637,7950,,,1,103,,10633,7950,,,1,103,,10647,7950,,,1,100,,10630,7950,,,1,102,,10638,7950,,,1,70,,10648,7950,,,1,30,,10655,7950,,,1,70,,10639,7950,,,1,30,,10649,7950,,,1,70,,10631,7950,,,1,29,,10634,7950,,,1,71,,10653,7950,,,1,29,,10640,7950,,,1,71,,10632,7950,,,1,29,,10651,7950,,,1,70,,10641,7950,,,1,30,,10652,7950,,,1,71,,10654,7950,,,1,35,,10635,7950,,,1,100,,10642,7950,,,1,100,,10643,7950,,,1,100,,10644,7950,,,1,100,,10645,7950,,,1,99,,10646,7950,,,1
5401,'F1',630,,10668,7950,,,1,70,,10664,7950,,,1,30,,10685,7950,,,1,70,,10662,7950,,,1,30,,10656,7950,,,1,72,,10659,7950,,,1,32,,10677,7950,,,1,71,,10682,7950,,,1,29,,10657,7950,,,1,70,,10678,7950,,,1,32,,10660,7950,,,1,70,,10683,7950,,,1,31,,10665,7950,,,1,71,,10661,7950,,,1,30,,10658,7950,,,1,70,,10684,7950,,,1,30,,10686,7950,,,1,65,,10679,7950,,,1,34,,10666,7950,,,1,70,,10687,7950,,,1,31,,10680,7950,,,1,70,,10667,7950,,,1,30,,10688,7950,,,1,69,,10681,7950,,,1,30,,10669,7950,,,1,70,,10663,7950,,,1,35,,10670,7950,,,1,100,,10671,7950,,,1,100,,10672,7950,,,1,100,,10673,7950,,,1,100,,10674,7950,,,1,99,,10675,7950,,,1,100,,10676,7950,,,1
5401,'F7',629,,10695,7950,,,1,100,,10709,7950,,,1,100,,10696,7950,,,1,103,,10692,7950,,,1,103,,10706,7950,,,1,100,,10689,7950,,,1,102,,10697,7950,,,1,70,,10707,7950,,,1,30,,10714,7950,,,1,70,,10698,7950,,,1,30,,10708,7950,,,1,70,,10690,7950,,,1,29,,10693,7950,,,1,71,,10712,7950,,,1,29,,10699,7950,,,1,71,,10691,7950,,,1,29,,10710,7950,,,1,70,,10700,7950,,,1,30,,10711,7950,,,1,71,,10713,7950,,,1,35,,10694,7950,,,1,100,,10701,7950,,,1,100,,10702,7950,,,1,100,,10703,7950,,,1,100,,10704,7950,,,1,99,,10705,7950,,,1
5401,'F8',614,,10734,7950,,,1,30,,10724,7950,,,1,70,,10719,7950,,,1,36,,10721,7950,,,1,64,,10723,7950,,,1,30,,10740,7950,,,1,74,,10722,7950,,,1,30,,10742,7950,,,1,70,,10741,7950,,,1,30,,10732,7950,,,1,70,,10736,7950,,,1,30,,10715,7950,,,1,70,,10717,7950,,,1,30,,10725,7950,,,1,70,,10716,7950,,,1,31,,10748,7950,,,1,70,,10733,7950,,,1,30,,10726,7950,,,1,73,,10747,7950,,,1,28,,10727,7950,,,1,69,,10749,7950,,,1,32,,10743,7950,,,1,63,,10750,7950,,,1,34,,10728,7950,,,1,61,,10744,7950,,,1,35,,10720,7950,,,1,70,,10731,7950,,,1,33,,10718,7950,,,1,69,,10729,7950,,,1,28,,10739,7950,,,1,69,,10735,7950,,,1,30,,10745,7950,,,1,99,,10737,7950,,,1,100,,10730,7950,,,1,100,,10746,7950,,,1,100,,10738,7950,,,1
5401,'F9',630,,10763,7950,,,1,70,,10759,7950,,,1,30,,10780,7950,,,1,70,,10757,7950,,,1,30,,10751,7950,,,1,72,,10754,7950,,,1,32,,10772,7950,,,1,71,,10777,7950,,,1,29,,10752,7950,,,1,70,,10773,7950,,,1,32,,10755,7950,,,1,70,,10778,7950,,,1,31,,10760,7950,,,1,71,,10756,7950,,,1,30,,10753,7950,,,1,70,,10779,7950,,,1,30,,10781,7950,,,1,65,,10774,7950,,,1,34,,10761,7950,,,1,70,,10782,7950,,,1,31,,10775,7950,,,1,70,,10762,7950,,,1,30,,10783,7950,,,1,69,,10776,7950,,,1,30,,10764,7950,,,1,70,,10758,7950,,,1,35,,10765,7950,,,1,100,,10766,7950,,,1,100,,10767,7950,,,1,100,,10768,7950,,,1,100,,10769,7950,,,1,99,,10770,7950,,,1,100,,10771,7950,,,1
5401,'SA',630,,10796,7950,,,1,70,,10792,7950,,,1,30,,10813,7950,,,1,70,,10790,7950,,,1,30,,10784,7950,,,1,72,,10787,7950,,,1,32,,10805,7950,,,1,71,,10810,7950,,,1,29,,10785,7950,,,1,70,,10806,7950,,,1,32,,10788,7950,,,1,70,,10811,7950,,,1,31,,10793,7950,,,1,71,,10789,7950,,,1,30,,10786,7950,,,1,70,,10812,7950,,,1,30,,10814,7950,,,1,65,,10807,7950,,,1,34,,10794,7950,,,1,70,,10815,7950,,,1,31,,10808,7950,,,1,70,,10795,7950,,,1,30,,10816,7950,,,1,69,,10809,7950,,,1,30,,10797,7950,,,1,70,,10791,7950,,,1,35,,10798,7950,,,1,100,,10799,7950,,,1,100,,10800,7950,,,1,100,,10801,7950,,,1,100,,10802,7950,,,1,99,,10803,7950,,,1,100,,10804,7950,,,1
5401,'SE',614,,10836,7950,,,1,30,,10826,7950,,,1,70,,10821,7950,,,1,36,,10823,7950,,,1,64,,10825,7950,,,1,30,,10842,7950,,,1,74,,10824,7950,,,1,30,,10844,7950,,,1,70,,10843,7950,,,1,30,,10834,7950,,,1,70,,10838,7950,,,1,30,,10817,7950,,,1,70,,10819,7950,,,1,30,,10827,7950,,,1,70,,10818,7950,,,1,31,,10850,7950,,,1,70,,10835,7950,,,1,30,,10828,7950,,,1,73,,10849,7950,,,1,28,,10829,7950,,,1,69,,10851,7950,,,1,32,,10845,7950,,,1,63,,10852,7950,,,1,34,,10830,7950,,,1,61,,10846,7950,,,1,35,,10822,7950,,,1,70,,10833,7950,,,1,33,,10820,7950,,,1,69,,10831,7950,,,1,28,,10841,7950,,,1,69,,10837,7950,,,1,30,,10847,7950,,,1,99,,10839,7950,,,1,100,,10832,7950,,,1,100,,10848,7950,,,1,100,,10840,7950,,,1
44201,'F8',732,,18178,17391,,,2,100,,18179,17391,,,2
44201,'SE',732,,18180,17391,,,2,100,,18181,17391,,,2
50101,'F8',758,,18730,7584,,,2,100,,18731,7584,,,2
50101,'SE',758,,18732,7584,,,2,100,,18733,7584,,,2
55401,'F8',1647,,18828,460,,,2
55401,'SE',1647,,18829,460,,,2
58000,'F8',1551,,18846,703,,,2
58000,'SE',1551,,18847,703,,,2
