300,'DI',653,,20635,1133,,,1,100,,488,1133,,,1,100,,20636,1133,,,1,100,,489,1133,,,1,100,,20637,1133,,,1,100,,490,1133,,,1,100,,20638,1133,,,1,100,,491,1133,,,1,100,,492,1133,,,1,100,,493,1133,,,1,100,,494,1133,,,1,100,,495,1133,,,1,100,,20628,1133,,,1,100,,20629,1133,,,1,100,,20630,1133,,,1,100,,20631,1133,,,1,100,,20632,1133,,,1,100,,20633,1133,,,1,100,,20634,1133,,,1
300,'F1',623,,20656,1133,,,1,30,,20661,1133,,,1,70,,20657,1133,,,1,30,,20670,1133,,,1,70,,20658,1133,,,1,30,,20662,1133,,,1,70,,20659,1133,,,1,30,,20663,1133,,,1,70,,20660,1133,,,1,30,,20664,1133,,,1,70,,20667,1133,,,1,30,,20665,1133,,,1,70,,20668,1133,,,1,30,,20645,1133,,,1,70,,20669,1133,,,1,30,,20666,1133,,,1,70,,20651,1133,,,1,30,,20639,1133,,,1,70,,20652,1133,,,1,30,,20640,1133,,,1,70,,20653,1133,,,1,30,,20641,1133,,,1,70,,20654,1133,,,1,30,,20642,1133,,,1,70,,20655,1133,,,1,30,,20643,1133,,,1,100,,20644,1133,,,1,100,,20646,1133,,,1,100,,20647,1133,,,1,100,,20648,1133,,,1,100,,20649,1133,,,1,100,,20650,1133,,,1
300,'F2',623,,20671,1133,,,1,30,,20687,1133,,,1,70,,20672,1133,,,1,30,,20678,1133,,,1,70,,20673,1133,,,1,30,,20688,1133,,,1,70,,20674,1133,,,1,30,,20689,1133,,,1,70,,20675,1133,,,1,30,,20679,1133,,,1,70,,20676,1133,,,1,30,,20680,1133,,,1,70,,20677,1133,,,1,30,,20696,1133,,,1,70,,20690,1133,,,1,30,,20681,1133,,,1,70,,20691,1133,,,1,30,,20697,1133,,,1,70,,20692,1133,,,1,30,,20698,1133,,,1,70,,20693,1133,,,1,30,,20699,1133,,,1,70,,20694,1133,,,1,30,,20700,1133,,,1,70,,20695,1133,,,1,30,,20701,1133,,,1,100,,20682,1133,,,1,100,,20683,1133,,,1,100,,20684,1133,,,1,100,,20685,1133,,,1,100,,20702,1133,,,1,100,,20686,1133,,,1
300,'F7',541,,20717,1133,,,1,82,,20719,1133,,,1,80,,20703,1133,,,1,40,,20704,1133,,,1,80,,20731,1133,,,1,30,,20726,1133,,,1,70,,20720,1133,,,1,30,,20727,1133,,,1,70,,20721,1133,,,1,30,,20705,1133,,,1,70,,20722,1133,,,1,30,,20706,1133,,,1,70,,20723,1133,,,1,30,,20707,1133,,,1,70,,20724,1133,,,1,30,,20708,1133,,,1,70,,20725,1133,,,1,29,,20709,1133,,,1,61,,20732,1133,,,1,18,,20739,1133,,,1,22,,20710,1133,,,1,61,,20730,1133,,,1,22,,20740,1133,,,1,18,,20714,1133,,,1,59,,20718,1133,,,1,20,,20738,1133,,,1,20,,20737,1133,,,1,73,,20733,1133,,,1,27,,20735,1133,,,1,70,,20734,1133,,,1,30,,20736,1133,,,1,70,,20715,1133,,,1,30,,20713,1133,,,1,70,,20716,1133,,,1,30,,20728,1133,,,1,100,,20729,1133,,,1,100,,20711,1133,,,1,100,,20712,1133,,,1
300,'F8',623,,20741,1133,,,1,30,,20757,1133,,,1,70,,20742,1133,,,1,30,,20748,1133,,,1,70,,20743,1133,,,1,30,,20758,1133,,,1,70,,20744,1133,,,1,30,,20759,1133,,,1,70,,20745,1133,,,1,30,,20749,1133,,,1,70,,20746,1133,,,1,30,,20750,1133,,,1,70,,20747,1133,,,1,30,,20766,1133,,,1,70,,20760,1133,,,1,30,,20751,1133,,,1,70,,20761,1133,,,1,30,,20767,1133,,,1,70,,20762,1133,,,1,30,,20768,1133,,,1,70,,20763,1133,,,1,30,,20769,1133,,,1,70,,20764,1133,,,1,30,,20770,1133,,,1,70,,20765,1133,,,1,30,,20771,1133,,,1,100,,20752,1133,,,1,100,,20753,1133,,,1,100,,20754,1133,,,1,100,,20755,1133,,,1,100,,20772,1133,,,1,100,,20756,1133,,,1
300,'F9',653,,20788,1133,,,1,100,,20773,1133,,,1,100,,20789,1133,,,1,100,,20774,1133,,,1,100,,20790,1133,,,1,100,,20775,1133,,,1,100,,20791,1133,,,1,100,,20776,1133,,,1,100,,20777,1133,,,1,100,,20778,1133,,,1,100,,20779,1133,,,1,100,,20780,1133,,,1,100,,20781,1133,,,1,100,,20782,1133,,,1,100,,20783,1133,,,1,100,,20784,1133,,,1,100,,20785,1133,,,1,100,,20786,1133,,,1,100,,20787,1133,,,1
300,'SA',623,,20792,1133,,,1,30,,20808,1133,,,1,70,,20793,1133,,,1,30,,20799,1133,,,1,70,,20794,1133,,,1,30,,20809,1133,,,1,70,,20795,1133,,,1,30,,20810,1133,,,1,70,,20796,1133,,,1,30,,20800,1133,,,1,70,,20797,1133,,,1,30,,20801,1133,,,1,70,,20798,1133,,,1,30,,20811,1133,,,1,70,,624,1133,,,1,30,,20802,1133,,,1,70,,625,1133,,,1,30,,20812,1133,,,1,70,,626,1133,,,1,30,,20813,1133,,,1,70,,627,1133,,,1,30,,20814,1133,,,1,70,,628,1133,,,1,30,,20815,1133,,,1,70,,629,1133,,,1,30,,20816,1133,,,1,100,,20803,1133,,,1,100,,20804,1133,,,1,100,,20805,1133,,,1,100,,20806,1133,,,1,100,,20817,1133,,,1,100,,20807,1133,,,1
300,'SE',541,,20832,1133,,,1,82,,20834,1133,,,1,80,,20818,1133,,,1,40,,20819,1133,,,1,80,,20846,1133,,,1,30,,20841,1133,,,1,70,,20835,1133,,,1,30,,20842,1133,,,1,70,,20836,1133,,,1,30,,20820,1133,,,1,70,,20837,1133,,,1,30,,20821,1133,,,1,70,,20838,1133,,,1,30,,20822,1133,,,1,70,,20839,1133,,,1,30,,20823,1133,,,1,70,,20840,1133,,,1,29,,20824,1133,,,1,61,,20847,1133,,,1,18,,20854,1133,,,1,22,,20825,1133,,,1,61,,20845,1133,,,1,22,,20855,1133,,,1,18,,20829,1133,,,1,59,,20833,1133,,,1,20,,20853,1133,,,1,20,,20852,1133,,,1,73,,20848,1133,,,1,27,,20850,1133,,,1,70,,20849,1133,,,1,30,,20851,1133,,,1,70,,20830,1133,,,1,30,,20828,1133,,,1,70,,20831,1133,,,1,30,,20843,1133,,,1,100,,20844,1133,,,1,100,,20826,1133,,,1,100,,20827,1133,,,1
401,'DI',700,,21399,1075,,,1,30,,21385,1075,,,1,70,,21392,1075,,,1,32,,21405,1075,,,1,70,,21407,1075,,,1,30,,21386,1075,,,1,70,,21393,1075,,,1,30,,21406,1075,,,1,70,,21408,1075,,,1,30,,21387,1075,,,1,70,,21413,1075,,,1,30,,21414,1075,,,1,70,,21409,1075,,,1,31,,21388,1075,,,1,69,,21394,1075,,,1,30,,21416,1075,,,1,70,,21397,1075,,,1,32,,21389,1075,,,1,69,,21395,1075,,,1,30,,21417,1075,,,1,74,,21398,1075,,,1,25,,21410,1075,,,1,70,,21415,1075,,,1,30,,21412,1075,,,1,70,,21390,1075,,,1,31,,21411,1075,,,1,69,,21400,1075,,,1,30,,21383,1075,,,1,70,,21396,1075,,,1,100,,21402,1075,,,1,100,,21404,1075,,,1,100,,21401,1075,,,1
401,'F1',700,,21423,1075,,,1,30,,21419,1075,,,1,70,,21427,1075,,,1,32,,21448,1075,,,1,70,,21424,1075,,,1,30,,21420,1075,,,1,70,,21438,1075,,,1,30,,21449,1075,,,1,70,,1236,1075,,,1,30,,21446,1075,,,1,70,,21428,1075,,,1,30,,21450,1075,,,1,70,,21431,1075,,,1,30,,21439,1075,,,1,70,,21421,1075,,,1,30,,21430,1075,,,1,70,,21447,1075,,,1,30,,21440,1075,,,1,70,,21436,1075,,,1,30,,21441,1075,,,1,70,,21435,1075,,,1,30,,21444,1075,,,1,70,,21445,1075,,,1,30,,21422,1075,,,1,70,,21433,1075,,,1,30,,21443,1075,,,1,70,,21432,1075,,,1,30,,21437,1075,,,1,70,,21425,1075,,,1,100,,21442,1075,,,1,100,,1223,1075,,,1,100,,21434,1075,,,1
401,'F2',700,,21456,1075,,,1,30,,21453,1075,,,1,70,,21460,1075,,,1,32,,21462,1075,,,1,70,,21457,1075,,,1,30,,21454,1075,,,1,70,,21480,1075,,,1,30,,21463,1075,,,1,70,,21474,1075,,,1,30,,21484,1075,,,1,70,,21472,1075,,,1,30,,21483,1075,,,1,70,,21467,1075,,,1,30,,21451,1075,,,1,70,,21464,1075,,,1,30,,21475,1075,,,1,70,,21485,1075,,,1,30,,21482,1075,,,1,70,,21471,1075,,,1,30,,21477,1075,,,1,70,,21470,1075,,,1,30,,21458,1075,,,1,70,,21476,1075,,,1,30,,21466,1075,,,1,70,,21455,1075,,,1,30,,21479,1075,,,1,70,,21465,1075,,,1,30,,21478,1075,,,1,70,,21481,1075,,,1,100,,21473,1075,,,1,100,,21469,1075,,,1,100,,21468,1075,,,1
401,'F7',615,,21512,1075,,,1,21,,21488,1075,,,1,69,,21486,1075,,,1,32,,21489,1075,,,1,73,,21521,1075,,,1,30,,21497,1075,,,1,73,,21504,1075,,,1,30,,21513,1075,,,1,70,,21523,1075,,,1,30,,21515,1075,,,1,70,,21490,1075,,,1,30,,21508,1075,,,1,70,,21511,1075,,,1,32,,21509,1075,,,1,70,,21498,1075,,,1,30,,21507,1075,,,1,66,,21487,1075,,,1,34,,21519,1075,,,1,55,,21516,1075,,,1,23,,21491,1075,,,1,21,,21510,1075,,,1,59,,21493,1075,,,1,20,,21494,1075,,,1,21,,21514,1075,,,1,59,,21522,1075,,,1,20,,21518,1075,,,1,24,,21503,1075,,,1,58,,21517,1075,,,1,27,,21492,1075,,,1,70,,21520,1075,,,1,27,,21500,1075,,,1,30,,21495,1075,,,1,70,,21506,1075,,,1,30,,21524,1075,,,1,70,,21525,1075,,,1,100,,21496,1075,,,1,100,,21502,1075,,,1,100,,21505,1075,,,1
401,'F8',700,,21531,1075,,,1,30,,21528,1075,,,1,70,,21535,1075,,,1,32,,21537,1075,,,1,70,,21532,1075,,,1,30,,21529,1075,,,1,70,,21555,1075,,,1,30,,21538,1075,,,1,70,,21549,1075,,,1,30,,21559,1075,,,1,70,,21547,1075,,,1,30,,21558,1075,,,1,70,,21542,1075,,,1,30,,21526,1075,,,1,70,,21539,1075,,,1,30,,21550,1075,,,1,70,,21560,1075,,,1,30,,21557,1075,,,1,70,,21546,1075,,,1,30,,21552,1075,,,1,70,,21545,1075,,,1,30,,21533,1075,,,1,70,,21551,1075,,,1,30,,21541,1075,,,1,70,,21530,1075,,,1,30,,21554,1075,,,1,70,,21540,1075,,,1,30,,21553,1075,,,1,70,,21556,1075,,,1,100,,21548,1075,,,1,100,,21544,1075,,,1,100,,21543,1075,,,1
401,'F9',700,,21577,1075,,,1,30,,21563,1075,,,1,70,,21570,1075,,,1,32,,21583,1075,,,1,70,,21585,1075,,,1,30,,21564,1075,,,1,70,,21571,1075,,,1,30,,21584,1075,,,1,70,,21586,1075,,,1,30,,21565,1075,,,1,70,,21591,1075,,,1,30,,21592,1075,,,1,70,,21587,1075,,,1,31,,21566,1075,,,1,69,,21572,1075,,,1,30,,21594,1075,,,1,70,,21575,1075,,,1,32,,21567,1075,,,1,69,,21573,1075,,,1,30,,21595,1075,,,1,74,,21576,1075,,,1,25,,21588,1075,,,1,70,,21593,1075,,,1,30,,21590,1075,,,1,70,,21568,1075,,,1,31,,21589,1075,,,1,69,,21578,1075,,,1,30,,21561,1075,,,1,70,,21574,1075,,,1,100,,21580,1075,,,1,100,,21582,1075,,,1,100,,21579,1075,,,1
401,'SA',700,,1358,1075,,,1,30,,21597,1075,,,1,70,,1361,1075,,,1,32,,1363,1075,,,1,70,,1359,1075,,,1,30,,21598,1075,,,1,70,,21616,1075,,,1,30,,1364,1075,,,1,70,,21610,1075,,,1,30,,21620,1075,,,1,70,,21608,1075,,,1,30,,21619,1075,,,1,70,,21603,1075,,,1,30,,1356,1075,,,1,70,,1365,1075,,,1,30,,21611,1075,,,1,70,,21621,1075,,,1,30,,21618,1075,,,1,70,,21607,1075,,,1,30,,21613,1075,,,1,70,,21606,1075,,,1,30,,21600,1075,,,1,70,,21612,1075,,,1,30,,21602,1075,,,1,70,,21599,1075,,,1,30,,21615,1075,,,1,70,,21601,1075,,,1,30,,21614,1075,,,1,70,,21617,1075,,,1,100,,21609,1075,,,1,100,,21605,1075,,,1,100,,21604,1075,,,1
401,'SE',615,,21647,1075,,,1,21,,21624,1075,,,1,69,,21622,1075,,,1,32,,21625,1075,,,1,73,,21653,1075,,,1,30,,21633,1075,,,1,73,,21640,1075,,,1,30,,1417,1075,,,1,70,,21655,1075,,,1,30,,21649,1075,,,1,70,,21626,1075,,,1,30,,21644,1075,,,1,70,,1416,1075,,,1,32,,21645,1075,,,1,70,,21634,1075,,,1,30,,21643,1075,,,1,66,,21623,1075,,,1,34,,21651,1075,,,1,55,,1420,1075,,,1,23,,21627,1075,,,1,21,,21646,1075,,,1,59,,21629,1075,,,1,20,,21630,1075,,,1,21,,21648,1075,,,1,59,,21654,1075,,,1,20,,21650,1075,,,1,24,,21639,1075,,,1,58,,1421,1075,,,1,27,,21628,1075,,,1,70,,21652,1075,,,1,27,,21636,1075,,,1,30,,21631,1075,,,1,70,,21642,1075,,,1,30,,21656,1075,,,1,70,,21657,1075,,,1,100,,21632,1075,,,1,100,,21638,1075,,,1,100,,21641,1075,,,1
900,'F7',648,,23441,1133,0,58 7,2,69,,23442,1133,0,58 7,2,30,,23443,1133,0,58 7,2,860,,23447,1133,0,58 7,2,33,,23446,1133,0,58 7,2,67,,23448,1133,0,58 7,2,30,,23444,1133,0,58 7,2,70,,23445,1133,0,58 7,2
900,'SE',648,,23449,1133,0,58 7,2,69,,23450,1133,0,58 7,2,30,,23451,1133,0,58 7,2,860,,23454,1133,0,58 7,2,33,,23453,1133,0,58 7,2,67,,23455,1133,0,58 7,2,30,,3071,1133,0,58 7,2,70,,23452,1133,0,58 7,2
1600,'DI',612,,24754,1133,0,8,2,30,,24745,1133,0,8,2,70,,24755,1133,0,8,2,30,,24746,1133,0,8,2,70,,24756,1133,0,8,2,30,,24747,1133,0,8,2,70,,24757,1133,0,8,2,30,,24748,1133,0,8,2,70,,24758,1133,0,8,2,30,,24749,1133,0,8,2,70,,24759,1133,0,8,2,28,,24750,1133,0,8,2,72,,24760,1133,0,8,2,33,,24751,1133,0,8,2,67,,24761,1133,0,8,2,30,,24752,1133,0,8,2,70,,24762,1133,0,8,2,30,,24764,1133,0,8,2,70,,24763,1133,0,8,2,30,,24765,1133,0,8,2,70,,24768,1133,0,8,2,30,,24766,1133,0,8,2,70,,24769,1133,0,8,2,31,,24767,1133,0,8,2,69,,24770,1133,0,8,2,100,,24771,1133,0,8,2,100,,24772,1133,0,8,2,100,,24773,1133,0,8,2,100,,24774,1133,0,8,2,100,,24775,1133,0,8,2,100,,24776,1133,0,8,2,100,,24777,1133,0,8,2
1600,'F1',612,,24785,1133,0,8,2,28,,24794,1133,0,8,2,72,,24786,1133,0,8,2,30,,24795,1133,0,8,2,70,,24787,1133,0,8,2,30,,24796,1133,0,8,2,70,,24788,1133,0,8,2,30,,24797,1133,0,8,2,70,,24789,1133,0,8,2,30,,24798,1133,0,8,2,70,,24790,1133,0,8,2,30,,24799,1133,0,8,2,70,,24791,1133,0,8,2,30,,24806,1133,0,8,2,70,,24792,1133,0,8,2,30,,24807,1133,0,8,2,70,,24800,1133,0,8,2,30,,24808,1133,0,8,2,70,,24801,1133,0,8,2,30,,24809,1133,0,8,2,70,,24802,1133,0,8,2,27,,24810,1133,0,8,2,73,,24803,1133,0,8,2,35,,24793,1133,0,8,2,65,,24804,1133,0,8,2,100,,24805,1133,0,8,2,100,,24778,1133,0,8,2,100,,24779,1133,0,8,2,100,,24780,1133,0,8,2,100,,24781,1133,0,8,2,100,,24782,1133,0,8,2,100,,24783,1133,0,8,2
1600,'F2',612,,24817,1133,0,8,2,28,,24820,1133,0,8,2,72,,24818,1133,0,8,2,30,,24821,1133,0,8,2,70,,24819,1133,0,8,2,30,,24822,1133,0,8,2,70,,24840,1133,0,8,2,30,,24823,1133,0,8,2,70,,24841,1133,0,8,2,30,,24824,1133,0,8,2,70,,24842,1133,0,8,2,30,,24825,1133,0,8,2,70,,24843,1133,0,8,2,30,,24831,1133,0,8,2,70,,24811,1133,0,8,2,30,,24832,1133,0,8,2,70,,24812,1133,0,8,2,30,,24833,1133,0,8,2,70,,24813,1133,0,8,2,30,,24834,1133,0,8,2,70,,24814,1133,0,8,2,27,,24835,1133,0,8,2,73,,24815,1133,0,8,2,35,,24839,1133,0,8,2,65,,24826,1133,0,8,2,100,,24827,1133,0,8,2,100,,24828,1133,0,8,2,100,,24829,1133,0,8,2,100,,24830,1133,0,8,2,100,,24836,1133,0,8,2,100,,24837,1133,0,8,2,100,,24838,1133,0,8,2
1600,'F7',544,,24845,1133,0,8,2,68,,24890,1133,0,8,2,12,,24849,1133,0,8,2,13,,24901,1133,0,8,2,19,,24846,1133,0,8,2,51,,24848,1133,0,8,2,11,,24847,1133,0,8,2,10,,24850,1133,0,8,2,7,,24869,1133,0,8,2,9,,24902,1133,0,8,2,15,,24872,1133,0,8,2,55,,24855,1133,0,8,2,29,,24844,1133,0,8,2,70,,24885,1133,0,8,2,30,,24859,1133,0,8,2,70,,24857,1133,0,8,2,30,,24897,1133,0,8,2,70,,24891,1133,0,8,2,30,,24886,1133,0,8,2,70,,24858,1133,0,8,2,30,,24852,1133,0,8,2,70,,24887,1133,0,8,2,30,,24860,1133,0,8,2,70,,24903,1133,0,8,2,19,,24873,1133,0,8,2,16,,24861,1133,0,8,2,55,,24888,1133,0,8,2,15,,24904,1133,0,8,2,15,,24898,1133,0,8,2,15,,24853,1133,0,8,2,52,,24905,1133,0,8,2,12,,24878,1133,0,8,2,12,,24883,1133,0,8,2,12,,24893,1133,0,8,2,12,,24851,1133,0,8,2,52,,24877,1133,0,8,2,12,,24875,1133,0,8,2,12,,24879,1133,0,8,2,12,,24896,1133,0,8,2,13,,24899,1133,0,8,2,54,,24874,1133,0,8,2,20,,24876,1133,0,8,2,20,,24892,1133,0,8,2,70,,24862,1133,0,8,2,30,,24880,1133,0,8,2,69,,24863,1133,0,8,2,30,,24881,1133,0,8,2,70,,24864,1133,0,8,2,30,,24882,1133,0,8,2,70,,24865,1133,0,8,2,100,,24866,1133,0,8,2,100,,24867,1133,0,8,2,100,,24868,1133,0,8,2
1600,'F8',612,,24912,1133,0,8,2,28,,24915,1133,0,8,2,72,,24913,1133,0,8,2,30,,24916,1133,0,8,2,70,,24914,1133,0,8,2,30,,24917,1133,0,8,2,70,,24935,1133,0,8,2,30,,24918,1133,0,8,2,70,,24936,1133,0,8,2,30,,24919,1133,0,8,2,70,,24937,1133,0,8,2,30,,24920,1133,0,8,2,70,,24938,1133,0,8,2,30,,24926,1133,0,8,2,70,,24906,1133,0,8,2,30,,24927,1133,0,8,2,70,,24907,1133,0,8,2,30,,24928,1133,0,8,2,70,,24908,1133,0,8,2,30,,24929,1133,0,8,2,70,,24909,1133,0,8,2,27,,24930,1133,0,8,2,73,,24910,1133,0,8,2,35,,24934,1133,0,8,2,65,,24921,1133,0,8,2,100,,24922,1133,0,8,2,100,,24923,1133,0,8,2,100,,24924,1133,0,8,2,100,,24925,1133,0,8,2,100,,24931,1133,0,8,2,100,,24932,1133,0,8,2,100,,24933,1133,0,8,2
1600,'F9',612,,24948,1133,0,8,2,30,,24939,1133,0,8,2,70,,24949,1133,0,8,2,30,,24940,1133,0,8,2,70,,24950,1133,0,8,2,30,,24941,1133,0,8,2,70,,24951,1133,0,8,2,30,,24942,1133,0,8,2,70,,24952,1133,0,8,2,30,,24943,1133,0,8,2,70,,24953,1133,0,8,2,28,,24944,1133,0,8,2,72,,24954,1133,0,8,2,33,,24945,1133,0,8,2,67,,24955,1133,0,8,2,30,,24946,1133,0,8,2,70,,24956,1133,0,8,2,30,,24958,1133,0,8,2,70,,24957,1133,0,8,2,30,,24959,1133,0,8,2,70,,24962,1133,0,8,2,30,,24960,1133,0,8,2,70,,24963,1133,0,8,2,31,,24961,1133,0,8,2,69,,24964,1133,0,8,2,100,,24965,1133,0,8,2,100,,24966,1133,0,8,2,100,,24967,1133,0,8,2,100,,24968,1133,0,8,2,100,,24969,1133,0,8,2,100,,24970,1133,0,8,2,100,,24971,1133,0,8,2
1600,'SA',612,,24978,1133,0,8,2,28,,24981,1133,0,8,2,72,,24979,1133,0,8,2,30,,24982,1133,0,8,2,70,,24980,1133,0,8,2,30,,24983,1133,0,8,2,70,,25001,1133,0,8,2,30,,24984,1133,0,8,2,70,,25002,1133,0,8,2,30,,24985,1133,0,8,2,70,,25003,1133,0,8,2,30,,24986,1133,0,8,2,70,,25004,1133,0,8,2,30,,24992,1133,0,8,2,70,,24972,1133,0,8,2,30,,24993,1133,0,8,2,70,,24973,1133,0,8,2,30,,24994,1133,0,8,2,70,,24974,1133,0,8,2,30,,24995,1133,0,8,2,70,,24975,1133,0,8,2,27,,24996,1133,0,8,2,73,,24976,1133,0,8,2,35,,25000,1133,0,8,2,65,,24987,1133,0,8,2,100,,24988,1133,0,8,2,100,,24989,1133,0,8,2,100,,24990,1133,0,8,2,100,,24991,1133,0,8,2,100,,24997,1133,0,8,2,100,,24998,1133,0,8,2,100,,24999,1133,0,8,2
1600,'SE',544,,25006,1133,0,8,2,68,,25050,1133,0,8,2,12,,25010,1133,0,8,2,13,,25061,1133,0,8,2,19,,25007,1133,0,8,2,51,,25009,1133,0,8,2,11,,25008,1133,0,8,2,10,,25011,1133,0,8,2,7,,25030,1133,0,8,2,9,,25062,1133,0,8,2,15,,25032,1133,0,8,2,55,,25016,1133,0,8,2,29,,25005,1133,0,8,2,70,,25045,1133,0,8,2,30,,25020,1133,0,8,2,70,,25018,1133,0,8,2,30,,25057,1133,0,8,2,70,,25051,1133,0,8,2,30,,25046,1133,0,8,2,70,,25019,1133,0,8,2,30,,25013,1133,0,8,2,70,,25047,1133,0,8,2,30,,25021,1133,0,8,2,70,,25063,1133,0,8,2,19,,25033,1133,0,8,2,16,,25022,1133,0,8,2,55,,25048,1133,0,8,2,15,,25064,1133,0,8,2,15,,25058,1133,0,8,2,15,,25014,1133,0,8,2,52,,25065,1133,0,8,2,12,,25038,1133,0,8,2,12,,25043,1133,0,8,2,12,,25053,1133,0,8,2,12,,25012,1133,0,8,2,52,,25037,1133,0,8,2,12,,25035,1133,0,8,2,12,,25039,1133,0,8,2,12,,25056,1133,0,8,2,13,,25059,1133,0,8,2,54,,25034,1133,0,8,2,20,,25036,1133,0,8,2,20,,25052,1133,0,8,2,70,,25023,1133,0,8,2,30,,25040,1133,0,8,2,69,,25024,1133,0,8,2,30,,25041,1133,0,8,2,70,,25025,1133,0,8,2,30,,25042,1133,0,8,2,70,,25026,1133,0,8,2,100,,25027,1133,0,8,2,100,,25028,1133,0,8,2,100,,25029,1133,0,8,2
1900,'DI',618,,25744,1133,0,9,2,100,,25745,1133,0,9,2,100,,25746,1133,0,9,2,104,,25747,1133,0,9,2,100,,25748,1133,0,9,2,100,,25749,1133,0,9,2,100,,25750,1133,0,9,2,100,,25751,1133,0,9,2,100,,25752,1133,0,9,2,100,,25753,1133,0,9,2,100,,25754,1133,0,9,2,100,,25755,1133,0,9,2,100,,25756,1133,0,9,2,100,,25757,1133,0,9,2,100,,25758,1133,0,9,2,100,,25759,1133,0,9,2,100,,25760,1133,0,9,2,100,,25761,1133,0,9,2,100,,25762,1133,0,9,2,100,,25743,1133,0,9,2
1900,'F1',618,,25778,1133,0,9,2,30,,25775,1133,0,9,2,70,,25779,1133,0,9,2,30,,25776,1133,0,9,2,70,,25780,1133,0,9,2,30,,25777,1133,0,9,2,74,,25768,1133,0,9,2,30,,25763,1133,0,9,2,70,,25769,1133,0,9,2,30,,25764,1133,0,9,2,70,,25770,1133,0,9,2,30,,25765,1133,0,9,2,70,,25771,1133,0,9,2,30,,25766,1133,0,9,2,70,,25772,1133,0,9,2,30,,25773,1133,0,9,2,70,,5153,1133,0,9,2,30,,25774,1133,0,9,2,70,,5154,1133,0,9,2,30,,25781,1133,0,9,2,70,,5155,1133,0,9,2,30,,25782,1133,0,9,2,70,,5156,1133,0,9,2,30,,25783,1133,0,9,2,70,,5157,1133,0,9,2,100,,25784,1133,0,9,2,100,,25785,1133,0,9,2,100,,25786,1133,0,9,2,100,,25787,1133,0,9,2,100,,25788,1133,0,9,2,100,,25789,1133,0,9,2,100,,25767,1133,0,9,2
1900,'F2',618,,25790,1133,0,9,2,30,,25799,1133,0,9,2,70,,25791,1133,0,9,2,30,,25800,1133,0,9,2,70,,25792,1133,0,9,2,30,,25801,1133,0,9,2,74,,25793,1133,0,9,2,30,,25802,1133,0,9,2,70,,25794,1133,0,9,2,30,,25803,1133,0,9,2,70,,25795,1133,0,9,2,30,,25815,1133,0,9,2,70,,25796,1133,0,9,2,30,,25816,1133,0,9,2,70,,25797,1133,0,9,2,30,,25817,1133,0,9,2,70,,25798,1133,0,9,2,30,,25818,1133,0,9,2,70,,25804,1133,0,9,2,30,,25819,1133,0,9,2,70,,25805,1133,0,9,2,30,,25820,1133,0,9,2,70,,25806,1133,0,9,2,30,,25821,1133,0,9,2,70,,25807,1133,0,9,2,100,,25808,1133,0,9,2,100,,25809,1133,0,9,2,100,,25810,1133,0,9,2,100,,25811,1133,0,9,2,100,,25812,1133,0,9,2,100,,25813,1133,0,9,2,100,,25814,1133,0,9,2
1900,'F7',541,,25841,1133,0,9,2,76,,25860,1133,0,9,2,27,,25842,1133,0,9,2,12,,25843,1133,0,9,2,51,,25825,1133,0,9,2,12,,25840,1133,0,9,2,15,,25822,1133,0,9,2,21,,25839,1133,0,9,2,60,,25826,1133,0,9,2,32,,25823,1133,0,9,2,75,,25854,1133,0,9,2,30,,25824,1133,0,9,2,70,,25827,1133,0,9,2,30,,25844,1133,0,9,2,70,,25828,1133,0,9,2,30,,25845,1133,0,9,2,70,,25848,1133,0,9,2,30,,25846,1133,0,9,2,70,,25849,1133,0,9,2,30,,25847,1133,0,9,2,70,,25850,1133,0,9,2,30,,25838,1133,0,9,2,67,,25863,1133,0,9,2,21,,25861,1133,0,9,2,62,,25858,1133,0,9,2,20,,25855,1133,0,9,2,20,,25859,1133,0,9,2,59,,25851,1133,0,9,2,17,,25852,1133,0,9,2,23,,25864,1133,0,9,2,60,,25833,1133,0,9,2,24,,25853,1133,0,9,2,27,,25829,1133,0,9,2,70,,25856,1133,0,9,2,30,,25830,1133,0,9,2,70,,25857,1133,0,9,2,30,,25831,1133,0,9,2,70,,25862,1133,0,9,2,30,,25832,1133,0,9,2,70,,25834,1133,0,9,2,100,,25835,1133,0,9,2,100,,25836,1133,0,9,2,100,,25837,1133,0,9,2
1900,'F8',618,,25865,1133,0,9,2,30,,25874,1133,0,9,2,70,,25866,1133,0,9,2,30,,25875,1133,0,9,2,70,,25867,1133,0,9,2,30,,25876,1133,0,9,2,74,,25868,1133,0,9,2,30,,25877,1133,0,9,2,70,,25869,1133,0,9,2,30,,25878,1133,0,9,2,70,,25870,1133,0,9,2,30,,25890,1133,0,9,2,70,,25871,1133,0,9,2,30,,25891,1133,0,9,2,70,,25872,1133,0,9,2,30,,25892,1133,0,9,2,70,,25873,1133,0,9,2,30,,25893,1133,0,9,2,70,,25879,1133,0,9,2,30,,25894,1133,0,9,2,70,,25880,1133,0,9,2,30,,25895,1133,0,9,2,70,,25881,1133,0,9,2,30,,25896,1133,0,9,2,70,,25882,1133,0,9,2,100,,25883,1133,0,9,2,100,,25884,1133,0,9,2,100,,25885,1133,0,9,2,100,,25886,1133,0,9,2,100,,25887,1133,0,9,2,100,,25888,1133,0,9,2,100,,25889,1133,0,9,2
1900,'F9',618,,25898,1133,0,9,2,100,,25899,1133,0,9,2,100,,25900,1133,0,9,2,104,,25901,1133,0,9,2,100,,25902,1133,0,9,2,100,,25903,1133,0,9,2,100,,25904,1133,0,9,2,100,,25905,1133,0,9,2,100,,25906,1133,0,9,2,100,,25907,1133,0,9,2,100,,25908,1133,0,9,2,100,,25909,1133,0,9,2,100,,25910,1133,0,9,2,100,,25911,1133,0,9,2,100,,25912,1133,0,9,2,100,,25913,1133,0,9,2,100,,25914,1133,0,9,2,100,,25915,1133,0,9,2,100,,25916,1133,0,9,2,100,,25897,1133,0,9,2
1900,'SA',618,,25917,1133,0,9,2,30,,25926,1133,0,9,2,70,,25918,1133,0,9,2,30,,25927,1133,0,9,2,70,,25919,1133,0,9,2,30,,25928,1133,0,9,2,74,,25920,1133,0,9,2,30,,25929,1133,0,9,2,70,,25921,1133,0,9,2,30,,25930,1133,0,9,2,70,,25922,1133,0,9,2,30,,25942,1133,0,9,2,70,,25923,1133,0,9,2,30,,25943,1133,0,9,2,70,,25924,1133,0,9,2,30,,25944,1133,0,9,2,70,,25925,1133,0,9,2,30,,25945,1133,0,9,2,70,,25931,1133,0,9,2,30,,25946,1133,0,9,2,70,,25932,1133,0,9,2,30,,25947,1133,0,9,2,70,,25933,1133,0,9,2,30,,25948,1133,0,9,2,70,,25934,1133,0,9,2,100,,25935,1133,0,9,2,100,,25936,1133,0,9,2,100,,25937,1133,0,9,2,100,,25938,1133,0,9,2,100,,25939,1133,0,9,2,100,,25940,1133,0,9,2,100,,25941,1133,0,9,2
1900,'SE',541,,25968,1133,0,9,2,76,,25987,1133,0,9,2,27,,25969,1133,0,9,2,12,,25970,1133,0,9,2,51,,25952,1133,0,9,2,12,,25967,1133,0,9,2,15,,25949,1133,0,9,2,21,,25966,1133,0,9,2,60,,25953,1133,0,9,2,32,,25950,1133,0,9,2,75,,25981,1133,0,9,2,30,,25951,1133,0,9,2,70,,25954,1133,0,9,2,30,,25971,1133,0,9,2,70,,25955,1133,0,9,2,30,,25972,1133,0,9,2,70,,25975,1133,0,9,2,30,,25973,1133,0,9,2,70,,25976,1133,0,9,2,30,,25974,1133,0,9,2,70,,25977,1133,0,9,2,30,,25965,1133,0,9,2,67,,25990,1133,0,9,2,21,,25988,1133,0,9,2,62,,25985,1133,0,9,2,20,,25982,1133,0,9,2,20,,25986,1133,0,9,2,59,,25978,1133,0,9,2,17,,25979,1133,0,9,2,23,,25991,1133,0,9,2,60,,25960,1133,0,9,2,24,,25980,1133,0,9,2,27,,25956,1133,0,9,2,70,,25983,1133,0,9,2,30,,25957,1133,0,9,2,70,,25984,1133,0,9,2,30,,25958,1133,0,9,2,70,,25989,1133,0,9,2,30,,25959,1133,0,9,2,70,,25961,1133,0,9,2,100,,25962,1133,0,9,2,100,,25963,1133,0,9,2,100,,25964,1133,0,9,2
2100,'DI',555,,26733,1075,0,12 13,1,69,,26735,1075,0,12 13,1,30,,26737,1075,0,12 13,1,70,,26728,1075,0,12 13,1,31,,26729,1075,0,12 13,1,70,,26734,1075,0,12 13,1,30,,26718,1075,0,12 13,1,67,,26731,1075,0,12 13,1,33,,26744,1075,0,12 13,1,70,,26742,1075,0,12 13,1,32,,26732,1075,0,12 13,1,67,,26719,1075,0,12 13,1,31,,26738,1075,0,12 13,1,70,,26730,1075,0,12 13,1,30,,26736,1075,0,12 13,1,70,,26745,1075,0,12 13,1,30,,26743,1075,0,12 13,1,70,,26720,1075,0,12 13,1,30,,26722,1075,0,12 13,1,70,,26711,1075,0,12 13,1,30,,26725,1075,0,12 13,1,70,,26721,1075,0,12 13,1,30,,26705,1075,0,12 13,1,70,,26712,1075,0,12 13,1,30,,26726,1075,0,12 13,1,70,,26709,1075,0,12 13,1,30,,26706,1075,0,12 13,1,70,,26708,1075,0,12 13,1,30,,26740,1075,0,12 13,1,70,,26723,1075,0,12 13,1,30,,26713,1075,0,12 13,1,70,,26727,1075,0,12 13,1,30,,26714,1075,0,12 13,1,70,,26716,1075,0,12 13,1,30,,26739,1075,0,12 13,1,70,,26741,1075,0,12 13,1,30,,26707,1075,0,12 13,1,70,,26724,1075,0,12 13,1,30,,26715,1075,0,12 13,1
2100,'F1',555,,26772,1075,0,12 13,1,70,,6049,1075,0,12 13,1,30,,26775,1075,0,12 13,1,70,,26757,1075,0,12 13,1,30,,26746,1075,0,12 13,1,70,,6039,1075,0,12 13,1,30,,26761,1075,0,12 13,1,65,,26766,1075,0,12 13,1,31,,26752,1075,0,12 13,1,74,,6050,1075,0,12 13,1,33,,26763,1075,0,12 13,1,63,,26754,1075,0,12 13,1,34,,26758,1075,0,12 13,1,70,,26753,1075,0,12 13,1,30,,26764,1075,0,12 13,1,70,,26776,1075,0,12 13,1,30,,26779,1075,0,12 13,1,70,,26771,1075,0,12 13,1,30,,26765,1075,0,12 13,1,70,,26773,1075,0,12 13,1,30,,26759,1075,0,12 13,1,70,,26755,1075,0,12 13,1,30,,26762,1075,0,12 13,1,70,,26774,1075,0,12 13,1,30,,26760,1075,0,12 13,1,70,,26756,1075,0,12 13,1,30,,6027,1075,0,12 13,1,70,,26749,1075,0,12 13,1,30,,26767,1075,0,12 13,1,70,,26770,1075,0,12 13,1,30,,26777,1075,0,12 13,1,70,,6028,1075,0,12 13,1,30,,26747,1075,0,12 13,1,70,,26768,1075,0,12 13,1,30,,26780,1075,0,12 13,1,70,,26778,1075,0,12 13,1,30,,26769,1075,0,12 13,1,70,,26748,1075,0,12 13,1,29,,26750,1075,0,12 13,1
2100,'F2',555,,26802,1075,0,12 13,1,70,,26811,1075,0,12 13,1,30,,26812,1075,0,12 13,1,70,,26800,1075,0,12 13,1,30,,26815,1075,0,12 13,1,70,,26803,1075,0,12 13,1,30,,26790,1075,0,12 13,1,65,,26785,1075,0,12 13,1,31,,26799,1075,0,12 13,1,74,,26804,1075,0,12 13,1,33,,26786,1075,0,12 13,1,63,,26791,1075,0,12 13,1,34,,26795,1075,0,12 13,1,70,,26808,1075,0,12 13,1,30,,26813,1075,0,12 13,1,70,,26805,1075,0,12 13,1,30,,26816,1075,0,12 13,1,70,,26809,1075,0,12 13,1,30,,26814,1075,0,12 13,1,70,,26806,1075,0,12 13,1,30,,26818,1075,0,12 13,1,70,,26792,1075,0,12 13,1,30,,26817,1075,0,12 13,1,70,,26807,1075,0,12 13,1,30,,26819,1075,0,12 13,1,70,,26781,1075,0,12 13,1,30,,26796,1075,0,12 13,1,70,,26810,1075,0,12 13,1,30,,26793,1075,0,12 13,1,70,,26801,1075,0,12 13,1,30,,26787,1075,0,12 13,1,70,,26797,1075,0,12 13,1,30,,26783,1075,0,12 13,1,70,,26794,1075,0,12 13,1,30,,26821,1075,0,12 13,1,70,,26788,1075,0,12 13,1,30,,26820,1075,0,12 13,1,70,,26784,1075,0,12 13,1,29,,26782,1075,0,12 13,1
2100,'F7',540,,26825,1075,0,12 13,1,12,,26827,1075,0,12 13,1,50,,26859,1075,0,12 13,1,20,,26863,1075,0,12 13,1,14,,26826,1075,0,12 13,1,64,,26834,1075,0,12 13,1,11,,26828,1075,0,12 13,1,17,,26860,1075,0,12 13,1,23,,26835,1075,0,12 13,1,60,,26872,1075,0,12 13,1,20,,26861,1075,0,12 13,1,21,,26854,1075,0,12 13,1,70,,26856,1075,0,12 13,1,32,,26864,1075,0,12 13,1,70,,26862,1075,0,12 13,1,30,,26822,1075,0,12 13,1,70,,26848,1075,0,12 13,1,30,,26850,1075,0,12 13,1,70,,26829,1075,0,12 13,1,30,,26865,1075,0,12 13,1,69,,26873,1075,0,12 13,1,28,,26857,1075,0,12 13,1,76,,26855,1075,0,12 13,1,10,,26849,1075,0,12 13,1,17,,26845,1075,0,12 13,1,55,,26837,1075,0,12 13,1,15,,26830,1075,0,12 13,1,15,,26866,1075,0,12 13,1,15,,26858,1075,0,12 13,1,55,,26842,1075,0,12 13,1,19,,26869,1075,0,12 13,1,17,,26868,1075,0,12 13,1,10,,26846,1075,0,12 13,1,54,,26838,1075,0,12 13,1,15,,26831,1075,0,12 13,1,15,,26867,1075,0,12 13,1,15,,26847,1075,0,12 13,1,55,,26843,1075,0,12 13,1,20,,26870,1075,0,12 13,1,20,,26852,1075,0,12 13,1,60,,26839,1075,0,12 13,1,30,,26853,1075,0,12 13,1,70,,26823,1075,0,12 13,1,30,,26851,1075,0,12 13,1,70,,26844,1075,0,12 13,1,100,,26840,1075,0,12 13,1,100,,26871,1075,0,12 13,1,100,,26824,1075,0,12 13,1,100,,26841,1075,0,12 13,1
2100,'F8',555,,26895,1075,0,12 13,1,70,,26904,1075,0,12 13,1,30,,26905,1075,0,12 13,1,70,,26893,1075,0,12 13,1,30,,26908,1075,0,12 13,1,70,,26896,1075,0,12 13,1,30,,26883,1075,0,12 13,1,65,,26878,1075,0,12 13,1,31,,26892,1075,0,12 13,1,74,,26897,1075,0,12 13,1,33,,26879,1075,0,12 13,1,63,,26884,1075,0,12 13,1,34,,26888,1075,0,12 13,1,70,,26901,1075,0,12 13,1,30,,26906,1075,0,12 13,1,70,,26898,1075,0,12 13,1,30,,26909,1075,0,12 13,1,70,,26902,1075,0,12 13,1,30,,26907,1075,0,12 13,1,70,,26899,1075,0,12 13,1,30,,26911,1075,0,12 13,1,70,,26885,1075,0,12 13,1,30,,26910,1075,0,12 13,1,70,,26900,1075,0,12 13,1,30,,26912,1075,0,12 13,1,70,,26874,1075,0,12 13,1,30,,26889,1075,0,12 13,1,70,,26903,1075,0,12 13,1,30,,26886,1075,0,12 13,1,70,,26894,1075,0,12 13,1,30,,26880,1075,0,12 13,1,70,,26890,1075,0,12 13,1,30,,26876,1075,0,12 13,1,70,,26887,1075,0,12 13,1,30,,26914,1075,0,12 13,1,70,,26881,1075,0,12 13,1,30,,26913,1075,0,12 13,1,70,,26877,1075,0,12 13,1,29,,26875,1075,0,12 13,1
2100,'F9',555,,26943,1075,0,12 13,1,69,,26945,1075,0,12 13,1,30,,26947,1075,0,12 13,1,70,,26938,1075,0,12 13,1,31,,26939,1075,0,12 13,1,70,,26944,1075,0,12 13,1,30,,26928,1075,0,12 13,1,67,,26941,1075,0,12 13,1,33,,26954,1075,0,12 13,1,70,,26952,1075,0,12 13,1,32,,26942,1075,0,12 13,1,67,,26929,1075,0,12 13,1,31,,26948,1075,0,12 13,1,70,,26940,1075,0,12 13,1,30,,26946,1075,0,12 13,1,70,,26955,1075,0,12 13,1,30,,26953,1075,0,12 13,1,70,,26930,1075,0,12 13,1,30,,26932,1075,0,12 13,1,70,,26921,1075,0,12 13,1,30,,26935,1075,0,12 13,1,70,,26931,1075,0,12 13,1,30,,26915,1075,0,12 13,1,70,,26922,1075,0,12 13,1,30,,26936,1075,0,12 13,1,70,,26919,1075,0,12 13,1,30,,26916,1075,0,12 13,1,70,,26918,1075,0,12 13,1,30,,26950,1075,0,12 13,1,70,,26933,1075,0,12 13,1,30,,26923,1075,0,12 13,1,70,,26937,1075,0,12 13,1,30,,26924,1075,0,12 13,1,70,,26926,1075,0,12 13,1,30,,26949,1075,0,12 13,1,70,,26951,1075,0,12 13,1,30,,26917,1075,0,12 13,1,70,,26934,1075,0,12 13,1,30,,26925,1075,0,12 13,1
2100,'SA',555,,26977,1075,0,12 13,1,70,,26986,1075,0,12 13,1,30,,26987,1075,0,12 13,1,70,,26975,1075,0,12 13,1,30,,26988,1075,0,12 13,1,70,,26978,1075,0,12 13,1,30,,26965,1075,0,12 13,1,65,,26960,1075,0,12 13,1,31,,26974,1075,0,12 13,1,74,,26979,1075,0,12 13,1,33,,26961,1075,0,12 13,1,63,,26966,1075,0,12 13,1,34,,26970,1075,0,12 13,1,70,,26983,1075,0,12 13,1,30,,6221,1075,0,12 13,1,70,,26980,1075,0,12 13,1,30,,26989,1075,0,12 13,1,70,,26984,1075,0,12 13,1,30,,6222,1075,0,12 13,1,70,,26981,1075,0,12 13,1,30,,26991,1075,0,12 13,1,70,,26967,1075,0,12 13,1,30,,26990,1075,0,12 13,1,70,,26982,1075,0,12 13,1,30,,26992,1075,0,12 13,1,70,,26956,1075,0,12 13,1,30,,26971,1075,0,12 13,1,70,,26985,1075,0,12 13,1,30,,26968,1075,0,12 13,1,70,,26976,1075,0,12 13,1,30,,26962,1075,0,12 13,1,70,,26972,1075,0,12 13,1,30,,26958,1075,0,12 13,1,70,,26969,1075,0,12 13,1,30,,26993,1075,0,12 13,1,70,,26963,1075,0,12 13,1,30,,6233,1075,0,12 13,1,70,,26959,1075,0,12 13,1,29,,26957,1075,0,12 13,1
2100,'SE',540,,26997,1075,0,12 13,1,12,,26999,1075,0,12 13,1,50,,27031,1075,0,12 13,1,20,,27035,1075,0,12 13,1,14,,26998,1075,0,12 13,1,64,,27006,1075,0,12 13,1,11,,27000,1075,0,12 13,1,17,,27032,1075,0,12 13,1,23,,27007,1075,0,12 13,1,60,,27044,1075,0,12 13,1,20,,27033,1075,0,12 13,1,21,,27026,1075,0,12 13,1,70,,27028,1075,0,12 13,1,32,,27036,1075,0,12 13,1,70,,27034,1075,0,12 13,1,30,,26994,1075,0,12 13,1,70,,27020,1075,0,12 13,1,30,,27022,1075,0,12 13,1,70,,27001,1075,0,12 13,1,30,,27037,1075,0,12 13,1,69,,27045,1075,0,12 13,1,28,,27029,1075,0,12 13,1,76,,27027,1075,0,12 13,1,10,,27021,1075,0,12 13,1,17,,27017,1075,0,12 13,1,55,,27009,1075,0,12 13,1,15,,27002,1075,0,12 13,1,15,,27038,1075,0,12 13,1,15,,27030,1075,0,12 13,1,55,,27014,1075,0,12 13,1,19,,27041,1075,0,12 13,1,17,,27040,1075,0,12 13,1,10,,27018,1075,0,12 13,1,54,,27010,1075,0,12 13,1,15,,27003,1075,0,12 13,1,15,,27039,1075,0,12 13,1,15,,27019,1075,0,12 13,1,55,,27015,1075,0,12 13,1,20,,27042,1075,0,12 13,1,20,,27024,1075,0,12 13,1,60,,27011,1075,0,12 13,1,30,,27025,1075,0,12 13,1,70,,26995,1075,0,12 13,1,30,,27023,1075,0,12 13,1,70,,27016,1075,0,12 13,1,100,,27012,1075,0,12 13,1,100,,27043,1075,0,12 13,1,100,,26996,1075,0,12 13,1,100,,27013,1075,0,12 13,1
2900,'DI',733,,27946,1000,0,17 18,1,100,,27947,1000,0,17 18,1,100,,27948,1000,0,17 18,1,100,,27949,1000,0,17 18,1,100,,27950,1000,0,17 18,1,100,,27951,1000,0,17 18,1,100,,27952,1000,0,17 18,1,100,,27953,1000,0,17 18,1,100,,27954,1000,0,17 18,1,100,,27955,1000,0,17 18,1,100,,27956,1000,0,17 18,1,100,,27957,1000,0,17 18,1,100,,27958,1000,0,17 18,1,100,,27959,1000,0,17 18,1,100,,27960,1000,0,17 18,1,100,,27961,1000,0,17 18,1,100,,27962,1000,0,17 18,1,120,,27963,1000,0,17 18,1
2900,'F1',732,,27965,1000,0,17 18,1,100,,27966,1000,0,17 18,1,100,,27967,1000,0,17 18,1,100,,27968,1000,0,17 18,1,100,,27969,1000,0,17 18,1,100,,27970,1000,0,17 18,1,100,,27971,1000,0,17 18,1,99,,27972,1000,0,17 18,1,99,,27973,1000,0,17 18,1,99,,27974,1000,0,17 18,1,108,,27975,1000,0,17 18,1,99,,27976,1000,0,17 18,1,97,,27977,1000,0,17 18,1,99,,27978,1000,0,17 18,1,100,,27979,1000,0,17 18,1,100,,27980,1000,0,17 18,1,100,,27981,1000,0,17 18,1,120,,27982,1000,0,17 18,1
2900,'F2',732,,27997,1000,0,17 18,1,100,,27998,1000,0,17 18,1,100,,27999,1000,0,17 18,1,100,,28000,1000,0,17 18,1,100,,28001,1000,0,17 18,1,100,,27983,1000,0,17 18,1,100,,27984,1000,0,17 18,1,99,,27985,1000,0,17 18,1,99,,27986,1000,0,17 18,1,99,,27987,1000,0,17 18,1,108,,27988,1000,0,17 18,1,99,,27989,1000,0,17 18,1,97,,27990,1000,0,17 18,1,99,,27991,1000,0,17 18,1,100,,27992,1000,0,17 18,1,100,,27993,1000,0,17 18,1,100,,27994,1000,0,17 18,1,120,,27995,1000,0,17 18,1
2900,'F7',657,,28018,1000,0,17 18,1,67,,28012,1000,0,17 18,1,30,,28015,1000,0,17 18,1,75,,28017,1000,0,17 18,1,103,,28010,1000,0,17 18,1,100,,28028,1000,0,17 18,1,100,,28009,1000,0,17 18,1,100,,28004,1000,0,17 18,1,100,,28007,1000,0,17 18,1,97,,28005,1000,0,17 18,1,73,,28019,1000,0,17 18,1,26,,28020,1000,0,17 18,1,74,,28006,1000,0,17 18,1,20,,28008,1000,0,17 18,1,27,,28014,1000,0,17 18,1,54,,28027,1000,0,17 18,1,31,,28013,1000,0,17 18,1,68,,28021,1000,0,17 18,1,30,,28003,1000,0,17 18,1,99,,28002,1000,0,17 18,1,100,,28022,1000,0,17 18,1,100,,28023,1000,0,17 18,1,100,,28024,1000,0,17 18,1,100,,28025,1000,0,17 18,1,120,,28026,1000,0,17 18,1
2900,'F8',732,,28043,1000,0,17 18,1,100,,28044,1000,0,17 18,1,100,,28045,1000,0,17 18,1,100,,28046,1000,0,17 18,1,100,,28047,1000,0,17 18,1,100,,28029,1000,0,17 18,1,100,,28030,1000,0,17 18,1,99,,28031,1000,0,17 18,1,99,,28032,1000,0,17 18,1,99,,28033,1000,0,17 18,1,108,,28034,1000,0,17 18,1,99,,28035,1000,0,17 18,1,97,,28036,1000,0,17 18,1,99,,28037,1000,0,17 18,1,100,,28038,1000,0,17 18,1,100,,28039,1000,0,17 18,1,100,,28040,1000,0,17 18,1,120,,28041,1000,0,17 18,1
2900,'F9',733,,28049,1000,0,17 18,1,100,,28050,1000,0,17 18,1,100,,28051,1000,0,17 18,1,100,,28052,1000,0,17 18,1,100,,28053,1000,0,17 18,1,100,,28054,1000,0,17 18,1,100,,28055,1000,0,17 18,1,100,,28056,1000,0,17 18,1,100,,28057,1000,0,17 18,1,100,,28058,1000,0,17 18,1,100,,28059,1000,0,17 18,1,100,,28060,1000,0,17 18,1,100,,28061,1000,0,17 18,1,100,,28062,1000,0,17 18,1,100,,28063,1000,0,17 18,1,100,,28064,1000,0,17 18,1,100,,28065,1000,0,17 18,1,120,,28066,1000,0,17 18,1
2900,'SA',732,,28081,1000,0,17 18,1,100,,28082,1000,0,17 18,1,100,,28083,1000,0,17 18,1,100,,28084,1000,0,17 18,1,100,,28085,1000,0,17 18,1,100,,28067,1000,0,17 18,1,100,,28068,1000,0,17 18,1,99,,28069,1000,0,17 18,1,99,,28070,1000,0,17 18,1,99,,28071,1000,0,17 18,1,108,,28072,1000,0,17 18,1,99,,28073,1000,0,17 18,1,97,,28074,1000,0,17 18,1,99,,28075,1000,0,17 18,1,100,,28076,1000,0,17 18,1,100,,28077,1000,0,17 18,1,100,,28078,1000,0,17 18,1,120,,28079,1000,0,17 18,1
2900,'SE',657,,28101,1000,0,17 18,1,67,,28095,1000,0,17 18,1,30,,28098,1000,0,17 18,1,75,,28100,1000,0,17 18,1,103,,28094,1000,0,17 18,1,100,,28111,1000,0,17 18,1,100,,28093,1000,0,17 18,1,100,,28088,1000,0,17 18,1,100,,28091,1000,0,17 18,1,97,,28089,1000,0,17 18,1,73,,28102,1000,0,17 18,1,26,,28103,1000,0,17 18,1,74,,28090,1000,0,17 18,1,20,,28092,1000,0,17 18,1,27,,28097,1000,0,17 18,1,54,,28110,1000,0,17 18,1,31,,28096,1000,0,17 18,1,68,,28104,1000,0,17 18,1,30,,28087,1000,0,17 18,1,99,,28086,1000,0,17 18,1,100,,28105,1000,0,17 18,1,100,,28106,1000,0,17 18,1,100,,28107,1000,0,17 18,1,100,,28108,1000,0,17 18,1,120,,28109,1000,0,17 18,1
7100,'DI',603,,32973,1075,,,2,30,,32953,1075,,,2,70,,32976,1075,,,2,30,,32968,1075,,,2,70,,32978,1075,,,2,30,,32967,1075,,,2,71,,32950,1075,,,2,29,,32948,1075,,,2,70,,32949,1075,,,2,30,,32956,1075,,,2,70,,32969,1075,,,2,30,,32979,1075,,,2,70,,32974,1075,,,2,35,,32954,1075,,,2,65,,32975,1075,,,2,30,,32955,1075,,,2,70,,32977,1075,,,2,30,,32972,1075,,,2,70,,32963,1075,,,2,30,,32959,1075,,,2,70,,32966,1075,,,2,30,,32960,1075,,,2,68,,32957,1075,,,2,32,,32961,1075,,,2,70,,32958,1075,,,2,30,,32962,1075,,,2,100,,32964,1075,,,2,100,,32965,1075,,,2,100,,32971,1075,,,2,100,,32951,1075,,,2,100,,32952,1075,,,2,100,,32970,1075,,,2
7100,'F1',603,,32995,1075,,,2,30,,32999,1075,,,2,70,,11665,1075,,,2,30,,33001,1075,,,2,71,,32980,1075,,,2,29,,32983,1075,,,2,70,,32982,1075,,,2,30,,33002,1075,,,2,70,,33008,1075,,,2,30,,33003,1075,,,2,70,,32985,1075,,,2,30,,32984,1075,,,2,70,,32986,1075,,,2,30,,33000,1075,,,2,70,,32987,1075,,,2,30,,33004,1075,,,2,70,,32988,1075,,,2,30,,33005,1075,,,2,70,,32989,1075,,,2,30,,33006,1075,,,2,70,,32990,1075,,,2,28,,33007,1075,,,2,70,,32991,1075,,,2,36,,32996,1075,,,2,66,,32992,1075,,,2,32,,32997,1075,,,2,98,,32998,1075,,,2,100,,11667,1075,,,2,100,,32993,1075,,,2,100,,33009,1075,,,2,100,,32981,1075,,,2,100,,33010,1075,,,2,100,,32994,1075,,,2
7100,'F2',603,,33042,1075,,,2,30,,33019,1075,,,2,70,,33014,1075,,,2,30,,33022,1075,,,2,71,,33043,1075,,,2,29,,33020,1075,,,2,70,,33011,1075,,,2,30,,33025,1075,,,2,70,,33038,1075,,,2,30,,33026,1075,,,2,70,,33039,1075,,,2,30,,33027,1075,,,2,70,,33040,1075,,,2,30,,33028,1075,,,2,70,,33041,1075,,,2,30,,33029,1075,,,2,70,,33032,1075,,,2,30,,33030,1075,,,2,70,,33033,1075,,,2,30,,33031,1075,,,2,70,,33034,1075,,,2,28,,33017,1075,,,2,70,,33035,1075,,,2,36,,33021,1075,,,2,66,,33036,1075,,,2,32,,33018,1075,,,2,98,,33023,1075,,,2,100,,33016,1075,,,2,100,,33015,1075,,,2,100,,33013,1075,,,2,100,,33012,1075,,,2,100,,33037,1075,,,2,100,,33024,1075,,,2
7100,'F7',526,,33055,1075,,,2,100,,33046,1075,,,2,78,,33047,1075,,,2,41,,33076,1075,,,2,86,,33061,1075,,,2,71,,33052,1075,,,2,29,,33073,1075,,,2,70,,33048,1075,,,2,30,,33074,1075,,,2,70,,33049,1075,,,2,30,,33054,1075,,,2,70,,33050,1075,,,2,30,,33062,1075,,,2,70,,33060,1075,,,2,30,,33063,1075,,,2,70,,33051,1075,,,2,31,,33056,1075,,,2,70,,33077,1075,,,2,31,,33075,1075,,,2,20,,33058,1075,,,2,60,,33064,1075,,,2,26,,33072,1075,,,2,17,,33059,1075,,,2,58,,33065,1075,,,2,19,,33066,1075,,,2,72,,33057,1075,,,2,28,,33067,1075,,,2,70,,33079,1075,,,2,30,,33053,1075,,,2,70,,33080,1075,,,2,30,,33045,1075,,,2,70,,33081,1075,,,2,30,,33068,1075,,,2,70,,33082,1075,,,2,30,,33069,1075,,,2,70,,33044,1075,,,2,30,,33070,1075,,,2,69,,33078,1075,,,2,30,,33071,1075,,,2,70,,33083,1075,,,2
7100,'F8',603,,33115,1075,,,2,30,,33092,1075,,,2,70,,33087,1075,,,2,30,,33095,1075,,,2,71,,33116,1075,,,2,29,,33093,1075,,,2,70,,33084,1075,,,2,30,,33098,1075,,,2,70,,33111,1075,,,2,30,,33099,1075,,,2,70,,33112,1075,,,2,30,,33100,1075,,,2,70,,33113,1075,,,2,30,,33101,1075,,,2,70,,33114,1075,,,2,30,,33102,1075,,,2,70,,33105,1075,,,2,30,,33103,1075,,,2,70,,33106,1075,,,2,30,,33104,1075,,,2,70,,33107,1075,,,2,28,,33090,1075,,,2,70,,33108,1075,,,2,36,,33094,1075,,,2,66,,33109,1075,,,2,32,,33091,1075,,,2,98,,33096,1075,,,2,100,,33089,1075,,,2,100,,33088,1075,,,2,100,,33086,1075,,,2,100,,33085,1075,,,2,100,,33110,1075,,,2,100,,33097,1075,,,2
7100,'F9',603,,33142,1075,,,2,30,,33122,1075,,,2,70,,33145,1075,,,2,30,,33137,1075,,,2,70,,33147,1075,,,2,30,,33136,1075,,,2,71,,33119,1075,,,2,29,,33117,1075,,,2,70,,33118,1075,,,2,30,,33125,1075,,,2,70,,33138,1075,,,2,30,,33148,1075,,,2,70,,33143,1075,,,2,35,,33123,1075,,,2,65,,33144,1075,,,2,30,,33124,1075,,,2,70,,33146,1075,,,2,30,,33141,1075,,,2,70,,33132,1075,,,2,30,,33128,1075,,,2,70,,33135,1075,,,2,30,,33129,1075,,,2,68,,33126,1075,,,2,32,,33130,1075,,,2,70,,33127,1075,,,2,30,,33131,1075,,,2,100,,33133,1075,,,2,100,,33134,1075,,,2,100,,33140,1075,,,2,100,,33120,1075,,,2,100,,33121,1075,,,2,100,,33139,1075,,,2
7100,'SA',603,,33178,1075,,,2,30,,33157,1075,,,2,70,,33152,1075,,,2,30,,33160,1075,,,2,71,,33179,1075,,,2,29,,33158,1075,,,2,70,,33149,1075,,,2,30,,33161,1075,,,2,70,,33174,1075,,,2,30,,33162,1075,,,2,70,,33175,1075,,,2,30,,33163,1075,,,2,70,,33176,1075,,,2,30,,33164,1075,,,2,70,,33177,1075,,,2,30,,33165,1075,,,2,70,,33168,1075,,,2,30,,33166,1075,,,2,70,,33169,1075,,,2,30,,33167,1075,,,2,70,,33170,1075,,,2,28,,33155,1075,,,2,70,,33171,1075,,,2,36,,33159,1075,,,2,66,,33172,1075,,,2,32,,33156,1075,,,2,98,,11820,1075,,,2,100,,33154,1075,,,2,100,,33153,1075,,,2,100,,33151,1075,,,2,100,,33150,1075,,,2,100,,33173,1075,,,2,100,,11821,1075,,,2
7100,'SE',526,,33191,1075,,,2,100,,33182,1075,,,2,78,,33183,1075,,,2,41,,33212,1075,,,2,86,,33197,1075,,,2,71,,33188,1075,,,2,29,,33209,1075,,,2,70,,33184,1075,,,2,30,,33210,1075,,,2,70,,33185,1075,,,2,30,,33190,1075,,,2,70,,33186,1075,,,2,30,,33198,1075,,,2,70,,33196,1075,,,2,30,,33199,1075,,,2,70,,33187,1075,,,2,31,,33192,1075,,,2,70,,33213,1075,,,2,31,,33211,1075,,,2,20,,33194,1075,,,2,60,,33200,1075,,,2,26,,33208,1075,,,2,17,,33195,1075,,,2,58,,33201,1075,,,2,19,,33202,1075,,,2,72,,33193,1075,,,2,28,,33203,1075,,,2,70,,33215,1075,,,2,30,,33189,1075,,,2,70,,33216,1075,,,2,30,,33181,1075,,,2,70,,33217,1075,,,2,30,,33204,1075,,,2,70,,33218,1075,,,2,30,,33205,1075,,,2,70,,33180,1075,,,2,30,,33206,1075,,,2,69,,33214,1075,,,2,30,,33207,1075,,,2,70,,33219,1075,,,2
9800,'F7',615,,37218,1000,,,2,34,,37219,1000,,,2,63,,37214,1000,,,2,36,,37213,1000,,,2,68,,37217,1000,,,2,30,,37212,1000,,,2,72,,37216,1000,,,2,523,,37215,1000,,,2,866,,37220,1000,,,2
9800,'SE',615,,37227,1000,,,2,34,,37228,1000,,,2,63,,37223,1000,,,2,36,,37222,1000,,,2,68,,37226,1000,,,2,30,,37221,1000,,,2,72,,37225,1000,,,2,523,,37224,1000,,,2,866,,37229,1000,,,2
9900,'DI',812,,37260,1000,0,19 20,2,100,,37256,1000,0,19 20,2,100,,37248,1000,0,19 20,2,100,,37253,1000,0,19 20,2,100,,37246,1000,0,19 20,2,100,,37249,1000,0,19 20,2,100,,37261,1000,0,19 20,2,100,,37258,1000,0,19 20,2,100,,37255,1000,0,19 20,2,100,,37257,1000,0,19 20,2,104,,37252,1000,0,19 20,2,96,,37250,1000,0,19 20,2,100,,37251,1000,0,19 20,2,100,,37259,1000,0,19 20,2,100,,37262,1000,0,19 20,2,100,,37254,1000,0,19 20,2,100,,37247,1000,0,19 20,2
9900,'F1',707,,37275,1000,0,19 20,2,105,,37267,1000,0,19 20,2,98,,37264,1000,0,19 20,2,102,,15589,1000,0,19 20,2,100,,37272,1000,0,19 20,2,100,,37263,1000,0,19 20,2,100,,37274,1000,0,19 20,2,100,,37278,1000,0,19 20,2,98,,37273,1000,0,19 20,2,102,,37265,1000,0,19 20,2,100,,37279,1000,0,19 20,2,100,,37276,1000,0,19 20,2,100,,37271,1000,0,19 20,2,100,,37269,1000,0,19 20,2,100,,37277,1000,0,19 20,2,100,,37268,1000,0,19 20,2,100,,37280,1000,0,19 20,2,100,,37270,1000,0,19 20,2,100,,37266,1000,0,19 20,2
9900,'F2',707,,37285,1000,0,19 20,2,105,,37284,1000,0,19 20,2,98,,37296,1000,0,19 20,2,102,,37286,1000,0,19 20,2,100,,37292,1000,0,19 20,2,100,,37297,1000,0,19 20,2,100,,37287,1000,0,19 20,2,100,,37291,1000,0,19 20,2,98,,37288,1000,0,19 20,2,102,,37293,1000,0,19 20,2,100,,37298,1000,0,19 20,2,100,,37282,1000,0,19 20,2,100,,37289,1000,0,19 20,2,100,,37294,1000,0,19 20,2,100,,37283,1000,0,19 20,2,100,,37290,1000,0,19 20,2,100,,37281,1000,0,19 20,2,100,,37295,1000,0,19 20,2,100,,37299,1000,0,19 20,2
9900,'F7',706,,37311,1000,0,19 20,2,36,,37309,1000,0,19 20,2,70,,37301,1000,0,19 20,2,99,,37310,1000,0,19 20,2,100,,37302,1000,0,19 20,2,100,,37300,1000,0,19 20,2,100,,37303,1000,0,19 20,2,100,,37305,1000,0,19 20,2,98,,37312,1000,0,19 20,2,97,,37313,1000,0,19 20,2,36,,37319,1000,,,2,66,,37322,1000,,,2,35,,37318,1000,,,2,69,,37320,1000,,,2,30,,37321,1000,,,2,71,,37304,1000,0,19 20,2,98,,37307,1000,0,19 20,2,100,,37306,1000,0,19 20,2,100,,37314,1000,0,19 20,2,100,,37316,1000,0,19 20,2,100,,37308,1000,0,19 20,2,100,,37315,1000,0,19 20,2,100,,37317,1000,0,19 20,2
9900,'F8',707,,37327,1000,0,19 20,2,105,,37326,1000,0,19 20,2,98,,37338,1000,0,19 20,2,102,,37328,1000,0,19 20,2,100,,37334,1000,0,19 20,2,100,,37339,1000,0,19 20,2,100,,37329,1000,0,19 20,2,100,,37333,1000,0,19 20,2,98,,37330,1000,0,19 20,2,102,,37335,1000,0,19 20,2,100,,37340,1000,0,19 20,2,100,,37324,1000,0,19 20,2,100,,37331,1000,0,19 20,2,100,,37336,1000,0,19 20,2,100,,37325,1000,0,19 20,2,100,,37332,1000,0,19 20,2,100,,37323,1000,0,19 20,2,100,,37337,1000,0,19 20,2,100,,37341,1000,0,19 20,2
9900,'F9',812,,37356,1000,0,19 20,2,100,,37352,1000,0,19 20,2,100,,37344,1000,0,19 20,2,100,,37349,1000,0,19 20,2,100,,37342,1000,0,19 20,2,100,,37345,1000,0,19 20,2,100,,37357,1000,0,19 20,2,100,,37354,1000,0,19 20,2,100,,37351,1000,0,19 20,2,100,,37353,1000,0,19 20,2,104,,37348,1000,0,19 20,2,96,,37346,1000,0,19 20,2,100,,37347,1000,0,19 20,2,100,,37355,1000,0,19 20,2,100,,37358,1000,0,19 20,2,100,,37350,1000,0,19 20,2,100,,37343,1000,0,19 20,2
9900,'SA',707,,37363,1000,0,19 20,2,105,,37362,1000,0,19 20,2,98,,37374,1000,0,19 20,2,102,,37364,1000,0,19 20,2,100,,37370,1000,0,19 20,2,100,,37375,1000,0,19 20,2,100,,37365,1000,0,19 20,2,100,,37369,1000,0,19 20,2,98,,37366,1000,0,19 20,2,102,,37371,1000,0,19 20,2,100,,37376,1000,0,19 20,2,100,,37360,1000,0,19 20,2,100,,37367,1000,0,19 20,2,100,,37372,1000,0,19 20,2,100,,37361,1000,0,19 20,2,100,,37368,1000,0,19 20,2,100,,37359,1000,0,19 20,2,100,,37373,1000,0,19 20,2,100,,37377,1000,0,19 20,2
9900,'SE',706,,37389,1000,0,19 20,2,36,,37387,1000,0,19 20,2,70,,37379,1000,0,19 20,2,99,,37388,1000,0,19 20,2,100,,37380,1000,0,19 20,2,100,,37378,1000,0,19 20,2,100,,37381,1000,0,19 20,2,100,,37383,1000,0,19 20,2,98,,37390,1000,0,19 20,2,97,,37391,1000,0,19 20,2,36,,37397,1000,,,2,66,,37400,1000,,,2,35,,37396,1000,,,2,69,,37398,1000,,,2,30,,37399,1000,,,2,71,,37382,1000,0,19 20,2,98,,37385,1000,0,19 20,2,100,,37384,1000,0,19 20,2,100,,37392,1000,0,19 20,2,100,,37394,1000,0,19 20,2,100,,37386,1000,0,19 20,2,100,,37393,1000,0,19 20,2,100,,37395,1000,0,19 20,2
19900,'F7',1557,,38995,1000,,,2,70,,38994,1000,,,2,30,,38991,1000,,,2,70,,38992,1000,,,2,30,,38996,1000,,,2,70,,38993,1000,,,2
19900,'SE',1557,,39001,1000,,,2,70,,39000,1000,,,2,30,,38997,1000,,,2,70,,38998,1000,,,2,30,,39002,1000,,,2,70,,38999,1000,,,2
42100,'F7',632,,39633,1075,0,12 13,1,71,,39640,1075,0,12 13,1,16,,39638,1075,0,12 13,1,722,,39636,1075,0,12 13,1,61,,39641,1075,0,12 13,1,30,,39637,1075,0,12 13,1,70,,39642,1075,0,12 13,1,30,,39635,1075,0,12 13,1,70,,39639,1075,0,12 13,1
42100,'SE',632,,39646,1075,0,12 13,1,71,,39653,1075,0,12 13,1,16,,39651,1075,0,12 13,1,722,,39649,1075,0,12 13,1,61,,39654,1075,0,12 13,1,30,,39650,1075,0,12 13,1,70,,39655,1075,0,12 13,1,30,,39648,1075,0,12 13,1,70,,39652,1075,0,12 13,1
