801,'DI',553,,1554,,,1,70,,1562,,,1,30,,1569,,,1,70,,1579,,,1,30,,1555,,,1,72,,1563,,,1,30,,1570,,,1,70,,1580,,,1,29,,1556,,,1,70,,1564,,,1,30,,1571,,,1,69,,1581,,,1,30,,1557,,,1,70,,1565,,,1,30,,1572,,,1,70,,1582,,,1,31,,1558,,,1,70,,1566,,,1,31,,1573,,,1,70,,1583,,,1,29,,1586,,,1,70,,1567,,,1,30,,1574,,,1,70,,1584,,,1,19,,1588,,,1,13,,1587,,,1,70,,1568,,,1,28,,1575,,,1,70,,1585,,,1,85,,1559,,,1,100,,1576,,,1,100,,1560,,,1,99,,1577,,,1,100,,1561,,,1,99,,1578,,,1
801,'F1',553,,1589,,,1,70,,1594,,,1,30,,1605,,,1,70,,1617,,,1,30,,1590,,,1,72,,1595,,,1,30,,1606,,,1,70,,1618,,,1,27,,1591,,,1,69,,1596,,,1,30,,1607,,,1,70,,1619,,,1,31,,1592,,,1,70,,1597,,,1,31,,1608,,,1,70,,1620,,,1,31,,1593,,,1,70,,1598,,,1,30,,1609,,,1,70,,1621,,,1,30,,1615,,,1,70,,1599,,,1,30,,1610,,,1,70,,1622,,,1,25,,1601,,,1,10,,1616,,,1,60,,1600,,,1,30,,1611,,,1,70,,1623,,,1,90,,1602,,,1,100,,1612,,,1,100,,1603,,,1,97,,1613,,,1,100,,1604,,,1,100,,1614,,,1
801,'SA',553,,1624,,,1,70,,1629,,,1,30,,1640,,,1,70,,1652,,,1,30,,1625,,,1,72,,1630,,,1,30,,1641,,,1,70,,1653,,,1,27,,1626,,,1,69,,1631,,,1,30,,1642,,,1,70,,1654,,,1,31,,1627,,,1,70,,1632,,,1,31,,1643,,,1,70,,1655,,,1,31,,1628,,,1,70,,1633,,,1,30,,1644,,,1,70,,1656,,,1,30,,1650,,,1,70,,1634,,,1,30,,1645,,,1,70,,1657,,,1,25,,1636,,,1,10,,1651,,,1,60,,1635,,,1,30,,1646,,,1,70,,1658,,,1,90,,1637,,,1,100,,1647,,,1,100,,1638,,,1,97,,1648,,,1,100,,1639,,,1,100,,1649,,,1
801,'SE',519,,1659,,,1,33,,1660,,,1,67,,1702,,,1,21,,1703,,,1,5,,1708,,,1,55,,1730,,,1,5,,1704,,,1,11,,1672,,,1,4,,1731,,,1,5,,1675,,,1,3,,1729,,,1,5,,1711,,,1,4,,1732,,,1,3,,1725,,,1,3,,1712,,,1,4,,1681,,,1,9,,1661,,,1,46,,1680,,,1,5,,1709,,,1,7,,1701,,,1,12,,1682,,,1,18,,1665,,,1,58,,1669,,,1,13,,1673,,,1,15,,1676,,,1,15,,1713,,,1,55,,1662,,,1,17,,1685,,,1,15,,1683,,,1,14,,1666,,,1,55,,1677,,,1,16,,1670,,,1,15,,1698,,,1,15,,1714,,,1,55,,1663,,,1,15,,1710,,,1,15,,1686,,,1,16,,1671,,,1,55,,1667,,,1,15,,1705,,,1,15,,1699,,,1,15,,1727,,,1,55,,1715,,,1,15,,1726,,,1,15,,1728,,,1,18,,1684,,,1,55,,1688,,,1,13,,1717,,,1,22,,1678,,,1,11,,1706,,,1,50,,1700,,,1,14,,1674,,,1,16,,1721,,,1,17,,1664,,,1,55,,1687,,,1,13,,1722,,,1,16,,1668,,,1,15,,1718,,,1,55,,1679,,,1,13,,1707,,,1,21,,1716,,,1,21,,1724,,,1,67,,1723,,,1,28,,1691,,,1,71,,1693,,,1,28,,1689,,,1,73,,1719,,,1,27,,1692,,,1,52,,1695,,,1,20,,1694,,,1,29,,1690,,,1,60,,1720,,,1,92,,1696,,,1,100,,1697,,,1
2801,'DI',941,,3937,,,1,100,,3939,,,1,100,,3942,,,1,101,,3938,,,1,100,,3941,,,1,100,,3943,,,1,98,,3936,,,1,99,,3935,,,1,96,,3944,,,1,105,,3940,,,1
2801,'F1',941,,3948,,,1,100,,3947,,,1,100,,3952,,,1,101,,3954,,,1,100,,3951,,,1,100,,3945,,,1,98,,3946,,,1,96,,3949,,,1,99,,3950,,,1,105,,3953,,,1
2801,'SA',941,,3958,,,1,100,,3957,,,1,100,,3962,,,1,101,,3964,,,1,100,,3961,,,1,100,,3955,,,1,98,,3956,,,1,96,,3959,,,1,99,,3960,,,1,105,,3963,,,1
2801,'SE',651,,3984,,,1,63,,3999,,,1,18,,3991,,,1,21,,4000,,,1,67,,4002,,,1,21,,3990,,,1,60,,3996,,,1,24,,3981,,,1,29,,3985,,,1,70,,3969,,,1,30,,3965,,,1,70,,3986,,,1,30,,3970,,,1,70,,3966,,,1,30,,3987,,,1,70,,3979,,,1,30,,3967,,,1,71,,3988,,,1,30,,3980,,,1,60,,3982,,,1,13,,3973,,,1,17,,3975,,,1,10,,3997,,,1,57,,3992,,,1,13,,3971,,,1,15,,3994,,,1,18,,4001,,,1,53,,3974,,,1,16,,3976,,,1,13,,3998,,,1,18,,3972,,,1,54,,3989,,,1,21,,3983,,,1,21,,3968,,,1,63,,3978,,,1,100,,3993,,,1,100,,3977,,,1,100,,3995,,,1
7701,'DI',821,,7644,0,36 37,1,100,,7647,0,36 37,1,100,,7642,0,36 37,1,100,,7648,0,36 37,1,100,,7643,0,36 37,1,100,,7649,0,36 37,1,100,,7646,0,36 37,1,100,,7650,0,36 37,1,100,,7645,0,36 37,1,100,,7651,0,36 37,1,100,,7652,0,36 37,1,98,,7653,0,36 37,1,99,,7655,0,36 37,1,100,,7654,0,36 37,1,100,,7656,0,36 37,1
7701,'F1',821,,7658,0,36 37,1,100,,7660,0,36 37,1,100,,7661,0,36 37,1,100,,7657,0,36 37,1,100,,7659,0,36 37,1,100,,7662,0,36 37,1,100,,7664,0,36 37,1,97,,7663,0,36 37,1,103,,7665,0,36 37,1,99,,7667,0,36 37,1,101,,7666,0,36 37,1,98,,7668,0,36 37,1,99,,7669,0,36 37,1,100,,7671,0,36 37,1,100,,7670,0,36 37,1
7701,'SA',821,,7673,0,36 37,1,100,,7675,0,36 37,1,100,,7676,0,36 37,1,100,,7672,0,36 37,1,100,,7674,0,36 37,1,100,,7677,0,36 37,1,100,,7679,0,36 37,1,97,,7678,0,36 37,1,103,,7680,0,36 37,1,99,,7682,0,36 37,1,101,,7681,0,36 37,1,98,,7683,0,36 37,1,99,,7684,0,36 37,1,100,,7686,0,36 37,1,100,,7685,0,36 37,1
7701,'SE',701,,7688,0,36 37,1,11,,7689,0,36 37,1,7,,7694,0,36 37,1,7,,7697,0,36 37,1,13,,7690,0,36 37,1,2,,7700,0,36 37,1,8,,7691,0,36 37,1,58,,7698,0,36 37,1,35,,7702,0,36 37,1,68,,7695,0,36 37,1,27,,7701,0,36 37,1,5,,7692,0,36 37,1,70,,7699,0,36 37,1,30,,7703,0,36 37,1,70,,7696,0,36 37,1,30,,7693,0,36 37,1,70,,7705,0,36 37,1,31,,7704,0,36 37,1,70,,7707,0,36 37,1,31,,7710,0,36 37,1,73,,7706,0,36 37,1,30,,7712,0,36 37,1,70,,7708,0,36 37,1,32,,7715,0,36 37,1,60,,7718,0,36 37,1,20,,7720,0,36 37,1,20,,7713,0,36 37,1,60,,7709,0,36 37,1,16,,7723,0,36 37,1,18,,7716,0,36 37,1,62,,7719,0,36 37,1,29,,7711,0,36 37,1,24,,7714,0,36 37,1,73,,7717,0,36 37,1,71,,7724,0,36 37,1,30,,7721,0,36 37,1,71,,7687,0,36 37,1,31,,7722,0,36 37,1,22,,7725,0,36 37,1
8801,'DI',640,,8527,,,1,70,,8540,,,1,30,,8546,,,1,70,,8532,,,1,30,,8528,,,1,70,,8541,,,1,30,,8547,,,1,69,,8533,,,1,29,,8529,,,1,70,,8542,,,1,30,,8548,,,1,70,,8534,,,1,30,,8530,,,1,70,,8543,,,1,30,,8553,,,1,71,,8535,,,1,30,,8531,,,1,71,,8544,,,1,30,,8554,,,1,69,,8525,,,1,30,,8549,,,1,70,,8545,,,1,30,,8536,,,1,72,,8526,,,1,22,,8550,,,1,106,,8537,,,1,100,,8551,,,1,100,,8538,,,1,99,,8552,,,1,100,,8539,,,1,99,,8555,,,1
8801,'F1',638,,8556,,,1,70,,8568,,,1,30,,8573,,,1,69,,8562,,,1,30,,8557,,,1,70,,8585,,,1,32,,8574,,,1,67,,8563,,,1,30,,8558,,,1,69,,8586,,,1,30,,8575,,,1,71,,8564,,,1,30,,8569,,,1,71,,8559,,,1,28,,8576,,,1,71,,8565,,,1,30,,8570,,,1,70,,8560,,,1,30,,8577,,,1,70,,8566,,,1,30,,8571,,,1,71,,8561,,,1,28,,8578,,,1,72,,8567,,,1,21,,8581,,,1,109,,8579,,,1,100,,8582,,,1,100,,8580,,,1,100,,8583,,,1,96,,8584,,,1,100,,8572,,,1
8801,'SA',638,,8587,,,1,70,,8599,,,1,30,,8604,,,1,69,,8593,,,1,30,,8588,,,1,70,,8616,,,1,32,,8605,,,1,67,,8594,,,1,30,,8589,,,1,69,,8617,,,1,30,,8606,,,1,71,,8595,,,1,30,,8600,,,1,71,,8590,,,1,28,,8607,,,1,71,,8596,,,1,30,,8601,,,1,70,,8591,,,1,30,,8608,,,1,70,,8597,,,1,30,,8602,,,1,71,,8592,,,1,28,,8609,,,1,72,,8598,,,1,21,,8612,,,1,109,,8610,,,1,100,,8613,,,1,100,,8611,,,1,100,,8614,,,1,96,,8615,,,1,100,,8603,,,1
8801,'SE',635,,8619,,,1,20,,8621,,,1,55,,8622,,,1,12,,8636,,,1,7,,8623,,,1,21,,8638,,,1,9,,8637,,,1,52,,8627,,,1,11,,8632,,,1,10,,8633,,,1,19,,8657,,,1,58,,8658,,,1,30,,8659,,,1,70,,8652,,,1,30,,8635,,,1,70,,8651,,,1,30,,8655,,,1,70,,8654,,,1,30,,8625,,,1,70,,8624,,,1,30,,8642,,,1,70,,8618,,,1,33,,8628,,,1,69,,8620,,,1,9,,8643,,,1,2,,8648,,,1,2,,8630,,,1,7,,8634,,,1,20,,8660,,,1,58,,8666,,,1,12,,8653,,,1,15,,8656,,,1,19,,8639,,,1,53,,8626,,,1,15,,8629,,,1,14,,8644,,,1,16,,8631,,,1,53,,8661,,,1,17,,8664,,,1,17,,8663,,,1,67,,8662,,,1,32,,8645,,,1,70,,8649,,,1,28,,8665,,,1,70,,8650,,,1,30,,8646,,,1,101,,8640,,,1,98,,8647,,,1,100,,8641,,,1
56501,'SE',841,,10479,,,2
60801,'SE',1517,,10499,,,2,2,,10498,,,2
