800,'DI',605,,1409,,,1,34,,1385,,,1,70,,1393,,,1,30,,1399,,,1,70,,1410,,,1,30,,1386,,,1,72,,1394,,,1,30,,1400,,,1,70,,1411,,,1,30,,1387,,,1,70,,1395,,,1,30,,1401,,,1,72,,1412,,,1,30,,1388,,,1,70,,1396,,,1,30,,1402,,,1,70,,1413,,,1,30,,1416,,,1,70,,1397,,,1,29,,1403,,,1,70,,1414,,,1,30,,1417,,,1,69,,1398,,,1,30,,1404,,,1,72,,1415,,,1,43,,1389,,,1,99,,1405,,,1,100,,1390,,,1,99,,1406,,,1,100,,1391,,,1,100,,1407,,,1,100,,1392,,,1,100,,1408,,,1
800,'F1',606,,1445,,,1,30,,1418,,,1,72,,1422,,,1,30,,1433,,,1,71,,1446,,,1,30,,1419,,,1,70,,1423,,,1,31,,1434,,,1,70,,1447,,,1,31,,1420,,,1,70,,1424,,,1,30,,1435,,,1,68,,1448,,,1,32,,1421,,,1,70,,1425,,,1,30,,1436,,,1,70,,1449,,,1,30,,1443,,,1,70,,1426,,,1,30,,1437,,,1,70,,1450,,,1,30,,1444,,,1,70,,1427,,,1,30,,1438,,,1,72,,1451,,,1,28,,1429,,,1,70,,1428,,,1,46,,1439,,,1,98,,1430,,,1,100,,1440,,,1,100,,1431,,,1,100,,1441,,,1,100,,1432,,,1,100,,1442,,,1
800,'SA',606,,1479,,,1,30,,1452,,,1,72,,1456,,,1,30,,1467,,,1,71,,1480,,,1,30,,1453,,,1,70,,1457,,,1,31,,1468,,,1,70,,1481,,,1,31,,1454,,,1,70,,1458,,,1,30,,1469,,,1,68,,1482,,,1,32,,1455,,,1,70,,1459,,,1,30,,1470,,,1,70,,1483,,,1,30,,1477,,,1,70,,1460,,,1,30,,1471,,,1,70,,1484,,,1,30,,1478,,,1,70,,1461,,,1,30,,1472,,,1,72,,1485,,,1,28,,1463,,,1,70,,1462,,,1,46,,1473,,,1,98,,1464,,,1,100,,1474,,,1,100,,1465,,,1,100,,1475,,,1,100,,1466,,,1,100,,1476,,,1
800,'SE',509,,1529,,,1,28,,1531,,,1,22,,1532,,,1,80,,1486,,,1,70,,1530,,,1,21,,1490,,,1,19,,1494,,,1,53,,1497,,,1,15,,1499,,,1,15,,1537,,,1,15,,1487,,,1,57,,1509,,,1,15,,1506,,,1,15,,1491,,,1,15,,1500,,,1,55,,1495,,,1,15,,1524,,,1,15,,1538,,,1,15,,1488,,,1,55,,1536,,,1,15,,1510,,,1,16,,1496,,,1,15,,1492,,,1,55,,1533,,,1,15,,1527,,,1,15,,1552,,,1,15,,1539,,,1,55,,1550,,,1,15,,1553,,,1,15,,1507,,,1,15,,1512,,,1,55,,1501,,,1,15,,1534,,,1,17,,1528,,,1,15,,1498,,,1,54,,1544,,,1,14,,1489,,,1,4,,1548,,,1,13,,1511,,,1,15,,1545,,,1,55,,1493,,,1,15,,1541,,,1,15,,1502,,,1,12,,1535,,,1,52,,1549,,,1,13,,1540,,,1,11,,1519,,,1,12,,1547,,,1,12,,1526,,,1,51,,1508,,,1,12,,1546,,,1,12,,1525,,,1,11,,1551,,,1,10,,1515,,,1,10,,1503,,,1,60,,1517,,,1,27,,1513,,,1,69,,1542,,,1,30,,1516,,,1,68,,1518,,,1,30,,1514,,,1,70,,1543,,,1,45,,1520,,,1,100,,1522,,,1,98,,1521,,,1,100,,1523,,,1
2800,'DI',902,,3866,0,39 40,1,101,,3868,0,39 40,1,101,,3871,0,39 40,1,100,,3867,0,39 40,1,100,,3870,0,39 40,1,100,,3872,0,39 40,1,100,,3865,0,39 40,1,101,,3864,0,39 40,1,99,,3873,0,39 40,1,100,,3869,0,39 40,1
2800,'F1',904,,3877,0,39 40,1,99,,3876,0,39 40,1,104,,3881,0,39 40,1,97,,3883,0,39 40,1,101,,3880,0,39 40,1,100,,3874,0,39 40,1,99,,3875,0,39 40,1,103,,3878,0,39 40,1,99,,3879,0,39 40,1,98,,3882,0,39 40,1
2800,'SA',904,,3887,0,39 40,1,99,,3886,0,39 40,1,104,,3891,0,39 40,1,97,,3893,0,39 40,1,101,,3890,0,39 40,1,100,,3884,0,39 40,1,99,,3885,0,39 40,1,103,,3888,0,39 40,1,99,,3889,0,39 40,1,98,,3892,0,39 40,1
2800,'SE',627,,3931,0,39 40,1,86,,3932,0,39 40,1,22,,3928,0,39 40,1,3,,3934,0,39 40,1,16,,3920,0,39 40,1,53,,3895,0,39 40,1,15,,3927,0,39 40,1,15,,3899,0,39 40,1,14,,3912,0,39 40,1,58,,3915,0,39 40,1,30,,3901,0,39 40,1,70,,3896,0,39 40,1,30,,3916,0,39 40,1,71,,3902,0,39 40,1,30,,3897,0,39 40,1,70,,3917,0,39 40,1,30,,3910,0,39 40,1,70,,3898,0,39 40,1,30,,3918,0,39 40,1,70,,3911,0,39 40,1,29,,3913,0,39 40,1,72,,3929,0,39 40,1,16,,3921,0,39 40,1,14,,3903,0,39 40,1,16,,3925,0,39 40,1,55,,3933,0,39 40,1,15,,3905,0,39 40,1,14,,3907,0,39 40,1,12,,3930,0,39 40,1,52,,3922,0,39 40,1,12,,3904,0,39 40,1,12,,3919,0,39 40,1,11,,3924,0,39 40,1,12,,3914,0,39 40,1,52,,3906,0,39 40,1,12,,3900,0,39 40,1,12,,3894,0,39 40,1,12,,3909,0,39 40,1,95,,3923,0,39 40,1,100,,3908,0,39 40,1,100,,3926,0,39 40,1
8800,'DI',724,,8384,,,1,30,,8396,,,1,70,,8402,,,1,30,,8388,,,1,70,,8385,,,1,30,,8397,,,1,72,,8403,,,1,30,,8389,,,1,70,,8386,,,1,30,,8398,,,1,70,,8409,,,1,30,,8390,,,1,70,,8387,,,1,30,,8399,,,1,70,,8410,,,1,30,,8382,,,1,70,,8405,,,1,30,,8400,,,1,70,,8391,,,1,30,,8383,,,1,70,,8406,,,1,29,,8401,,,1,70,,8392,,,1,100,,8407,,,1,100,,8393,,,1,100,,8408,,,1,100,,8394,,,1,97,,8411,,,1,100,,8395,,,1,100,,8404,,,1
8800,'F1',723,,8414,,,1,30,,8441,,,1,71,,8430,,,1,30,,8420,,,1,71,,8415,,,1,30,,8442,,,1,71,,8431,,,1,30,,8421,,,1,70,,8426,,,1,30,,8416,,,1,70,,8432,,,1,30,,8422,,,1,70,,8427,,,1,30,,8417,,,1,70,,8433,,,1,30,,8423,,,1,70,,8428,,,1,30,,8418,,,1,70,,8434,,,1,30,,8424,,,1,71,,8437,,,1,29,,8419,,,1,71,,8435,,,1,29,,8425,,,1,70,,8438,,,1,100,,8436,,,1,99,,8439,,,1,98,,8440,,,1,100,,8429,,,1,100,,8413,,,1,100,,8412,,,1
8800,'SA',723,,8445,,,1,30,,8472,,,1,71,,8461,,,1,30,,8451,,,1,71,,8446,,,1,30,,8473,,,1,71,,8462,,,1,30,,8452,,,1,70,,8457,,,1,30,,8447,,,1,70,,8463,,,1,30,,8453,,,1,70,,8458,,,1,30,,8448,,,1,70,,8464,,,1,30,,8454,,,1,70,,8459,,,1,30,,8449,,,1,70,,8465,,,1,30,,8455,,,1,71,,8468,,,1,29,,8450,,,1,71,,8466,,,1,29,,8456,,,1,70,,8469,,,1,100,,8467,,,1,99,,8470,,,1,98,,8471,,,1,100,,8460,,,1,100,,8444,,,1,100,,8443,,,1
8800,'SE',722,,8484,,,1,21,,8513,,,1,15,,8514,,,1,54,,8487,,,1,15,,8515,,,1,15,,8489,,,1,15,,8508,,,1,69,,8486,,,1,30,,8507,,,1,70,,8511,,,1,30,,8510,,,1,71,,8478,,,1,30,,8477,,,1,70,,8494,,,1,30,,8474,,,1,70,,8480,,,1,30,,8476,,,1,72,,8518,,,1,30,,8509,,,1,57,,8512,,,1,16,,8490,,,1,15,,8479,,,1,55,,8482,,,1,15,,8496,,,1,15,,8483,,,1,13,,8519,,,1,12,,8495,,,1,52,,8522,,,1,12,,8502,,,1,13,,8521,,,1,11,,8475,,,1,11,,8520,,,1,52,,8481,,,1,12,,8501,,,1,11,,8497,,,1,19,,8485,,,1,55,,8503,,,1,22,,8523,,,1,29,,8505,,,1,70,,8498,,,1,28,,8504,,,1,70,,8491,,,1,30,,8506,,,1,70,,8499,,,1,100,,8492,,,1,100,,8500,,,1,98,,8493,,,1
