501,'DI',600,,963,0,9 10,1,30,,974,0,9 10,1,70,,964,0,9 10,1,30,,975,0,9 10,1,70,,989,0,9 10,1,30,,976,0,9 10,1,70,,986,0,9 10,1,30,,970,0,9 10,1,70,,982,0,9 10,1,30,,971,0,9 10,1,70,,977,0,9 10,1,30,,972,0,9 10,1,70,,984,0,9 10,1,32,,973,0,9 10,1,70,,965,0,9 10,1,28,,987,0,9 10,1,72,,978,0,9 10,1,30,,980,0,9 10,1,70,,990,0,9 10,1,29,,983,0,9 10,1,71,,981,0,9 10,1,30,,985,0,9 10,1,70,,979,0,9 10,1,30,,988,0,9 10,1,70,,991,0,9 10,1,99,,966,0,9 10,1,100,,992,0,9 10,1,100,,993,0,9 10,1,100,,994,0,9 10,1,100,,967,0,9 10,1,100,,968,0,9 10,1,100,,969,0,9 10,1
501,'F1',530,,995,0,9 10,1,70,,998,0,9 10,1,30,,996,0,9 10,1,70,,999,0,9 10,1,30,,997,0,9 10,1,70,,1000,0,9 10,1,30,,1013,0,9 10,1,70,,1001,0,9 10,1,30,,1014,0,9 10,1,70,,1022,0,9 10,1,30,,1015,0,9 10,1,70,,1023,0,9 10,1,30,,1016,0,9 10,1,70,,1002,0,9 10,1,32,,1017,0,9 10,1,70,,1003,0,9 10,1,30,,1024,0,9 10,1,70,,1025,0,9 10,1,30,,1027,0,9 10,1,70,,1019,0,9 10,1,30,,1018,0,9 10,1,70,,1004,0,9 10,1,30,,1021,0,9 10,1,70,,1026,0,9 10,1,30,,1020,0,9 10,1,70,,1028,0,9 10,1,99,,1005,0,9 10,1,100,,1006,0,9 10,1,100,,1007,0,9 10,1,100,,1008,0,9 10,1,100,,1009,0,9 10,1,100,,1010,0,9 10,1,100,,1011,0,9 10,1,100,,1012,0,9 10,1
501,'F7',600,,11551,0,9 10,1,30,,11562,0,9 10,1,70,,11552,0,9 10,1,30,,11563,0,9 10,1,70,,11577,0,9 10,1,30,,11564,0,9 10,1,70,,11574,0,9 10,1,30,,11558,0,9 10,1,70,,11570,0,9 10,1,30,,11559,0,9 10,1,70,,11565,0,9 10,1,30,,11560,0,9 10,1,70,,11572,0,9 10,1,32,,11561,0,9 10,1,70,,11553,0,9 10,1,28,,11575,0,9 10,1,72,,11566,0,9 10,1,30,,11568,0,9 10,1,70,,11578,0,9 10,1,29,,11571,0,9 10,1,71,,11569,0,9 10,1,30,,11573,0,9 10,1,70,,11567,0,9 10,1,30,,11576,0,9 10,1,70,,11579,0,9 10,1,99,,11554,0,9 10,1,100,,11580,0,9 10,1,100,,11581,0,9 10,1,100,,11582,0,9 10,1,100,,11555,0,9 10,1,100,,11556,0,9 10,1,100,,11557,0,9 10,1
501,'F8',441,,11583,,,1,65,,11620,0,9 10,1,20,,11589,0,9 10,1,20,,11584,0,9 10,1,55,,11592,0,9 10,1,15,,11594,0,9 10,1,15,,11590,0,9 10,1,9,,11596,0,9 10,1,9,,11617,0,9 10,1,52,,11593,0,9 10,1,10,,11599,0,9 10,1,10,,11600,0,9 10,1,10,,11598,0,9 10,1,10,,11602,0,9 10,1,10,,11630,0,9 10,1,50,,11595,0,9 10,1,10,,11616,0,9 10,1,11,,11621,0,9 10,1,9,,11601,0,9 10,1,20,,11632,0,9 10,1,60,,11597,0,9 10,1,20,,11591,0,9 10,1,70,,11633,0,9 10,1,30,,11627,0,9 10,1,70,,11624,0,9 10,1,30,,11638,0,9 10,1,70,,11585,0,9 10,1,30,,11622,0,9 10,1,71,,11618,0,9 10,1,30,,11604,0,9 10,1,70,,11603,0,9 10,1,30,,11607,0,9 10,1,70,,11619,0,9 10,1,34,,11605,0,9 10,1,13,,11608,0,9 10,1,55,,11634,0,9 10,1,17,,11637,0,9 10,1,15,,11625,0,9 10,1,17,,11615,0,9 10,1,56,,11586,0,9 10,1,12,,11635,0,9 10,1,15,,11628,0,9 10,1,15,,11626,0,9 10,1,55,,11606,0,9 10,1,22,,11587,0,9 10,1,16,,11609,0,9 10,1,61,,11639,0,9 10,1,25,,11588,0,9 10,1,70,,11610,0,9 10,1,30,,11623,0,9 10,1,70,,11636,0,9 10,1,30,,11629,0,9 10,1,70,,11631,0,9 10,1,100,,11611,0,9 10,1,100,,11612,0,9 10,1,100,,11613,0,9 10,1,100,,11614,0,9 10,1
501,'F9',530,,11640,0,9 10,1,70,,11643,0,9 10,1,30,,11641,0,9 10,1,70,,11644,0,9 10,1,30,,11642,0,9 10,1,70,,11645,0,9 10,1,30,,11658,0,9 10,1,70,,11646,0,9 10,1,30,,11659,0,9 10,1,70,,11667,0,9 10,1,30,,11660,0,9 10,1,70,,11668,0,9 10,1,30,,11661,0,9 10,1,70,,11647,0,9 10,1,32,,11662,0,9 10,1,70,,11648,0,9 10,1,30,,11669,0,9 10,1,70,,11670,0,9 10,1,30,,11672,0,9 10,1,70,,11664,0,9 10,1,30,,11663,0,9 10,1,70,,11649,0,9 10,1,30,,11666,0,9 10,1,70,,11671,0,9 10,1,30,,11665,0,9 10,1,70,,11673,0,9 10,1,99,,11650,0,9 10,1,100,,11651,0,9 10,1,100,,11652,0,9 10,1,100,,11653,0,9 10,1,100,,11654,0,9 10,1,100,,11655,0,9 10,1,100,,11656,0,9 10,1,100,,11657,0,9 10,1
501,'SA',530,,1029,0,9 10,1,70,,1032,0,9 10,1,30,,1030,0,9 10,1,70,,1033,0,9 10,1,30,,1031,0,9 10,1,70,,1034,0,9 10,1,30,,1047,0,9 10,1,70,,1035,0,9 10,1,30,,1048,0,9 10,1,70,,1056,0,9 10,1,30,,1049,0,9 10,1,70,,1057,0,9 10,1,30,,1050,0,9 10,1,70,,1036,0,9 10,1,32,,1051,0,9 10,1,70,,1037,0,9 10,1,30,,1058,0,9 10,1,70,,1059,0,9 10,1,30,,1061,0,9 10,1,70,,1053,0,9 10,1,30,,1052,0,9 10,1,70,,1038,0,9 10,1,30,,1055,0,9 10,1,70,,1060,0,9 10,1,30,,1054,0,9 10,1,70,,1062,0,9 10,1,99,,1039,0,9 10,1,100,,1040,0,9 10,1,100,,1041,0,9 10,1,100,,1042,0,9 10,1,100,,1043,0,9 10,1,100,,1044,0,9 10,1,100,,1045,0,9 10,1,100,,1046,0,9 10,1
501,'SE',441,,1063,,,1,65,,1100,0,9 10,1,20,,1069,0,9 10,1,20,,1064,0,9 10,1,55,,1072,0,9 10,1,15,,1074,0,9 10,1,15,,1070,0,9 10,1,9,,1076,0,9 10,1,9,,1097,0,9 10,1,52,,1073,0,9 10,1,10,,1079,0,9 10,1,10,,1080,0,9 10,1,10,,1078,0,9 10,1,10,,1082,0,9 10,1,10,,1110,0,9 10,1,50,,1075,0,9 10,1,10,,1096,0,9 10,1,11,,1101,0,9 10,1,9,,1081,0,9 10,1,20,,1112,0,9 10,1,60,,1077,0,9 10,1,20,,1071,0,9 10,1,70,,1113,0,9 10,1,30,,1107,0,9 10,1,70,,1104,0,9 10,1,30,,1118,0,9 10,1,70,,1065,0,9 10,1,30,,1102,0,9 10,1,71,,1098,0,9 10,1,30,,1084,0,9 10,1,70,,1083,0,9 10,1,30,,1087,0,9 10,1,70,,1099,0,9 10,1,34,,1085,0,9 10,1,13,,1088,0,9 10,1,55,,1114,0,9 10,1,17,,1117,0,9 10,1,15,,1105,0,9 10,1,17,,1095,0,9 10,1,56,,1066,0,9 10,1,12,,1115,0,9 10,1,15,,1108,0,9 10,1,15,,1106,0,9 10,1,55,,1086,0,9 10,1,22,,1067,0,9 10,1,16,,1089,0,9 10,1,61,,1119,0,9 10,1,25,,1068,0,9 10,1,70,,1090,0,9 10,1,30,,1103,0,9 10,1,70,,1116,0,9 10,1,30,,1109,0,9 10,1,70,,1111,0,9 10,1,100,,1091,0,9 10,1,100,,1092,0,9 10,1,100,,1093,0,9 10,1,100,,1094,0,9 10,1
900,'F8',1633,,12158,0,9 14,2,74,,12160,0,9 14,2,26,,12161,0,9 14,2,67,,12157,0,9 14,2,28,,12159,0,9 14,2
900,'SE',1633,,1737,0,9 14,2,74,,1739,0,9 14,2,26,,1740,0,9 14,2,67,,1736,0,9 14,2,28,,1738,0,9 14,2
6000,'F8',639,,15656,,,1,86,,15647,,,1,78,,15648,,,1,44,,15650,,,1,101,,15649,,,1,100,,15636,,,1,100,,15640,,,1,101,,15646,,,1,100,,15637,,,1,100,,15645,,,1,94,,15651,,,1,64,,15641,,,1,32,,15638,,,1,68,,15639,,,1,27,,15652,,,1,67,,15653,,,1,25,,15642,,,1,30,,15658,,,1,67,,15654,,,1,99,,15657,,,1,99,,15659,,,1,100,,15655,,,1,90,,15644,,,1,100,,15643,,,1
6000,'SE',639,,6158,,,1,86,,6149,,,1,78,,6150,,,1,44,,6152,,,1,101,,6151,,,1,100,,6138,,,1,100,,6142,,,1,101,,6148,,,1,100,,6139,,,1,100,,6147,,,1,94,,6153,,,1,64,,6143,,,1,32,,6140,,,1,68,,6141,,,1,27,,6154,,,1,67,,6155,,,1,25,,6144,,,1,30,,6160,,,1,67,,6156,,,1,99,,6159,,,1,99,,6161,,,1,100,,6157,,,1,90,,6146,,,1,100,,6145,,,1
16000,'DI',709,,9259,0,31 32,1,100,,9254,0,31 32,1,100,,9266,0,31 32,1,100,,9263,0,31 32,1,100,,9267,0,31 32,1,100,,9256,0,31 32,1,100,,9261,0,31 32,1,100,,9262,0,31 32,1,100,,9257,0,31 32,1,100,,9268,0,31 32,1,100,,9260,0,31 32,1,100,,9258,0,31 32,1,100,,9264,0,31 32,1,102,,9255,0,31 32,1,98,,9265,0,31 32,1
16000,'F1',709,,9279,0,31 32,1,99,,9282,0,31 32,1,101,,9272,0,31 32,1,100,,9269,0,31 32,1,100,,9280,0,31 32,1,99,,9275,0,31 32,1,101,,9273,0,31 32,1,100,,9270,0,31 32,1,100,,9276,0,31 32,1,100,,9283,0,31 32,1,100,,9271,0,31 32,1,100,,9277,0,31 32,1,100,,9281,0,31 32,1,101,,9278,0,31 32,1,99,,9274,0,31 32,1
16000,'F7',709,,18148,0,31 32,1,100,,18143,0,31 32,1,100,,18155,0,31 32,1,100,,18152,0,31 32,1,100,,18156,0,31 32,1,100,,18145,0,31 32,1,100,,18150,0,31 32,1,100,,18151,0,31 32,1,100,,18146,0,31 32,1,100,,18157,0,31 32,1,100,,18149,0,31 32,1,100,,18147,0,31 32,1,100,,18153,0,31 32,1,102,,18144,0,31 32,1,98,,18154,0,31 32,1
16000,'F8',623,,18162,0,31 32,1,95,,18165,0,31 32,1,83,,18163,0,31 32,1,49,,18166,0,31 32,1,90,,18164,0,31 32,1,86,,18161,0,31 32,1,101,,18158,0,31 32,1,100,,18171,0,31 32,1,100,,18172,0,31 32,1,100,,18174,0,31 32,1,101,,18176,0,31 32,1,24,,18170,0,31 32,1,72,,18178,0,31 32,1,30,,18175,0,31 32,1,68,,18167,0,31 32,1,26,,18177,0,31 32,1,68,,18159,0,31 32,1,30,,18173,0,31 32,1,70,,18168,0,31 32,1,87,,18179,0,31 32,1,98,,18160,0,31 32,1,99,,18180,0,31 32,1,52,,18169,0,31 32,1,100,,18181,0,31 32,1
16000,'F9',709,,18192,0,31 32,1,99,,18195,0,31 32,1,101,,18185,0,31 32,1,100,,18182,0,31 32,1,100,,18193,0,31 32,1,99,,18188,0,31 32,1,101,,18186,0,31 32,1,100,,18183,0,31 32,1,100,,18189,0,31 32,1,100,,18196,0,31 32,1,100,,18184,0,31 32,1,100,,18190,0,31 32,1,100,,18194,0,31 32,1,101,,18191,0,31 32,1,99,,18187,0,31 32,1
16000,'SA',709,,9294,0,31 32,1,99,,9297,0,31 32,1,101,,9287,0,31 32,1,100,,9284,0,31 32,1,100,,9295,0,31 32,1,99,,9290,0,31 32,1,101,,9288,0,31 32,1,100,,9285,0,31 32,1,100,,9291,0,31 32,1,100,,9298,0,31 32,1,100,,9286,0,31 32,1,100,,9292,0,31 32,1,100,,9296,0,31 32,1,101,,9293,0,31 32,1,99,,9289,0,31 32,1
16000,'SE',623,,9303,0,31 32,1,95,,9306,0,31 32,1,83,,9304,0,31 32,1,49,,9307,0,31 32,1,90,,9305,0,31 32,1,86,,9302,0,31 32,1,101,,9299,0,31 32,1,100,,9312,0,31 32,1,100,,9313,0,31 32,1,100,,9315,0,31 32,1,101,,9317,0,31 32,1,24,,9311,0,31 32,1,72,,9319,0,31 32,1,30,,9316,0,31 32,1,68,,9308,0,31 32,1,26,,9318,0,31 32,1,68,,9300,0,31 32,1,30,,9314,0,31 32,1,70,,9309,0,31 32,1,87,,9320,0,31 32,1,98,,9301,0,31 32,1,99,,9321,0,31 32,1,52,,9310,0,31 32,1,100,,9322,0,31 32,1
