13201,'DI',720,,16425,8815,,,2,100,,16426,8815,,,2,100,,16428,8815,,,2,100,,16441,8815,,,2,100,,16424,8815,,,2,100,,16429,8815,,,2,100,,16440,8815,,,2,100,,16432,8815,,,2,100,,16430,8815,,,2,105,,16434,8815,,,2,95,,16433,8815,,,2,100,,16431,8815,,,2,101,,16435,8815,,,2,97,,16436,8815,,,2,100,,16427,8815,,,2,100,,16438,8815,,,2,100,,16437,8815,,,2,100,,16439,8815,,,2
13201,'F1',720,,16444,8815,,,2,100,,16458,8815,,,2,100,,16443,8815,,,2,100,,16445,8815,,,2,103,,16447,8815,,,2,97,,16442,8815,,,2,104,,16446,8815,,,2,96,,16450,8815,,,2,104,,16448,8815,,,2,96,,16452,8815,,,2,100,,16451,8815,,,2,100,,16449,8815,,,2,101,,16453,8815,,,2,97,,16455,8815,,,2,100,,16454,8815,,,2,100,,16457,8815,,,2,100,,16456,8815,,,2,100,,16459,8815,,,2
13201,'F7',720,,16461,8815,,,2,100,,16462,8815,,,2,100,,16464,8815,,,2,100,,16477,8815,,,2,100,,16460,8815,,,2,100,,16465,8815,,,2,100,,16476,8815,,,2,100,,16468,8815,,,2,100,,16466,8815,,,2,105,,16470,8815,,,2,95,,16469,8815,,,2,100,,16467,8815,,,2,101,,16471,8815,,,2,97,,16472,8815,,,2,100,,16463,8815,,,2,100,,16474,8815,,,2,100,,16473,8815,,,2,100,,16475,8815,,,2
13201,'F8',555,,16481,8815,,,2,70,,16483,8815,,,2,32,,16491,8815,,,2,60,,16495,8815,,,2,23,,16488,8815,,,2,60,,16493,8815,,,2,22,,16492,8815,,,2,18,,16482,8815,,,2,16,,16489,8815,,,2,60,,16494,8815,,,2,20,,16487,8815,,,2,19,,16496,8815,,,2,97,,16503,8815,,,2,99,,16500,8815,,,2,96,,16501,8815,,,2,100,,16478,8815,,,2,110,,16498,8815,,,2,51,,16484,8815,,,2,3,,16485,8815,,,2,43,,16504,8815,,,2,65,,16499,8815,,,2,20,,16486,8815,,,2,18,,16490,8815,,,2,63,,16505,8815,,,2,19,,16479,8815,,,2,18,,16497,8815,,,2,59,,16480,8815,,,2,40,,16502,8815,,,2
13201,'F9',720,,16508,8815,,,2,100,,16522,8815,,,2,100,,16507,8815,,,2,100,,16509,8815,,,2,103,,16511,8815,,,2,97,,16506,8815,,,2,104,,16510,8815,,,2,96,,16514,8815,,,2,104,,16512,8815,,,2,96,,16516,8815,,,2,100,,16515,8815,,,2,100,,16513,8815,,,2,101,,16517,8815,,,2,97,,16519,8815,,,2,100,,16518,8815,,,2,100,,16521,8815,,,2,100,,16520,8815,,,2,100,,16523,8815,,,2
13201,'SA',720,,16526,8815,,,2,100,,16540,8815,,,2,100,,16525,8815,,,2,100,,16527,8815,,,2,103,,16529,8815,,,2,97,,16524,8815,,,2,104,,16528,8815,,,2,96,,16532,8815,,,2,104,,16530,8815,,,2,96,,16534,8815,,,2,100,,16533,8815,,,2,100,,16531,8815,,,2,101,,16535,8815,,,2,97,,16537,8815,,,2,100,,16536,8815,,,2,100,,16539,8815,,,2,100,,16538,8815,,,2,100,,16541,8815,,,2
13201,'SE',555,,16545,8815,,,2,70,,16547,8815,,,2,32,,16555,8815,,,2,60,,16559,8815,,,2,23,,16552,8815,,,2,60,,16557,8815,,,2,22,,16556,8815,,,2,18,,16546,8815,,,2,16,,16553,8815,,,2,60,,16558,8815,,,2,20,,16551,8815,,,2,19,,16560,8815,,,2,97,,16567,8815,,,2,99,,16564,8815,,,2,96,,16565,8815,,,2,100,,16542,8815,,,2,110,,16562,8815,,,2,51,,16548,8815,,,2,3,,16549,8815,,,2,43,,16568,8815,,,2,65,,16563,8815,,,2,20,,16550,8815,,,2,18,,16554,8815,,,2,63,,16569,8815,,,2,19,,16543,8815,,,2,18,,16561,8815,,,2,59,,16544,8815,,,2,40,,16566,8815,,,2
52101,'F8',909,,18748,1449,,,2
52101,'SE',909,,18749,1449,,,2
54000,'F8',1636,,18794,6405,4,,2
54000,'SE',1636,,18795,6405,4,,2
