5000,'DI',721,,31252,3426,,,2,100,,31260,3426,,,2,100,,31258,3426,,,2,103,,31259,3426,,,2,94,,31261,3426,,,2,103,,31262,3426,,,2,103,,31263,3426,,,2,97,,31251,3426,,,2,96,,31264,3426,,,2,103,,31249,3426,,,2,106,,31248,3426,,,2,95,,31257,3426,,,2,100,,31250,3426,,,2,100,,31253,3426,,,2,100,,31255,3426,,,2,100,,31265,3426,,,2,100,,31254,3426,,,2,100,,31256,3426,,,2,100,,31266,3426,,,2
5000,'F1',621,,31279,3426,,,2,98,,31273,3426,,,2,102,,31284,3426,,,2,97,,31269,3426,,,2,103,,31270,3426,,,2,96,,31286,3426,,,2,102,,31285,3426,,,2,98,,31268,3426,,,2,99,,31280,3426,,,2,103,,31281,3426,,,2,103,,31282,3426,,,2,103,,31283,3426,,,2,96,,31271,3426,,,2,100,,31277,3426,,,2,100,,31274,3426,,,2,100,,31287,3426,,,2,97,,31275,3426,,,2,103,,31276,3426,,,2,101,,31278,3426,,,2,99,,31272,3426,,,2
5000,'F2',621,,31294,3426,,,2,98,,31293,3426,,,2,102,,31298,3426,,,2,97,,31302,3426,,,2,103,,31303,3426,,,2,96,,31307,3426,,,2,102,,31304,3426,,,2,98,,31288,3426,,,2,99,,31289,3426,,,2,103,,31290,3426,,,2,103,,31291,3426,,,2,103,,31292,3426,,,2,96,,31295,3426,,,2,100,,31306,3426,,,2,100,,31305,3426,,,2,100,,31296,3426,,,2,97,,31299,3426,,,2,103,,31300,3426,,,2,101,,31301,3426,,,2,99,,31297,3426,,,2
5000,'F7',711,,31317,3426,,,2,30,,31313,3426,,,2,70,,31319,3426,,,2,33,,31322,3426,,,2,67,,31330,3426,,,2,100,,31333,3426,,,2,100,,31320,3426,,,2,100,,31315,3426,,,2,100,,31323,3426,,,2,99,,31308,3426,,,2,102,,31324,3426,,,2,28,,31334,3426,,,2,71,,31312,3426,,,2,34,,31335,3426,,,2,66,,31325,3426,,,2,30,,31309,3426,,,2,70,,31331,3426,,,2,30,,31314,3426,,,2,70,,31332,3426,,,2,100,,31310,3426,,,2,100,,31326,3426,,,2,100,,31311,3426,,,2,100,,31327,3426,,,2,100,,31328,3426,,,2,100,,31329,3426,,,2
5000,'F8',621,,31342,3426,,,2,98,,31341,3426,,,2,102,,31346,3426,,,2,97,,31350,3426,,,2,103,,31351,3426,,,2,96,,31355,3426,,,2,102,,31352,3426,,,2,98,,31336,3426,,,2,99,,31337,3426,,,2,103,,31338,3426,,,2,103,,31339,3426,,,2,103,,31340,3426,,,2,96,,31343,3426,,,2,100,,31354,3426,,,2,100,,31353,3426,,,2,100,,31344,3426,,,2,97,,31347,3426,,,2,103,,31348,3426,,,2,101,,31349,3426,,,2,99,,31345,3426,,,2
5000,'F9',721,,31360,3426,,,2,100,,31368,3426,,,2,100,,31366,3426,,,2,103,,31367,3426,,,2,94,,31369,3426,,,2,103,,31370,3426,,,2,103,,31371,3426,,,2,97,,31359,3426,,,2,96,,31372,3426,,,2,103,,31357,3426,,,2,106,,31356,3426,,,2,95,,31365,3426,,,2,100,,31358,3426,,,2,100,,31361,3426,,,2,100,,31363,3426,,,2,100,,31373,3426,,,2,100,,31362,3426,,,2,100,,31364,3426,,,2,100,,31374,3426,,,2
5000,'SA',621,,31382,3426,,,2,98,,31381,3426,,,2,102,,31386,3426,,,2,97,,31390,3426,,,2,103,,31391,3426,,,2,96,,31395,3426,,,2,102,,31392,3426,,,2,98,,31376,3426,,,2,99,,31377,3426,,,2,103,,31378,3426,,,2,103,,31379,3426,,,2,103,,31380,3426,,,2,96,,31383,3426,,,2,100,,31394,3426,,,2,100,,31393,3426,,,2,100,,31384,3426,,,2,97,,31387,3426,,,2,103,,31388,3426,,,2,101,,31389,3426,,,2,99,,31385,3426,,,2
5000,'SE',711,,31405,3426,,,2,30,,31401,3426,,,2,70,,31407,3426,,,2,33,,31410,3426,,,2,67,,31418,3426,,,2,100,,31421,3426,,,2,100,,31408,3426,,,2,100,,31403,3426,,,2,100,,31411,3426,,,2,99,,31396,3426,,,2,102,,31412,3426,,,2,28,,31422,3426,,,2,71,,31400,3426,,,2,34,,31423,3426,,,2,66,,31413,3426,,,2,30,,31397,3426,,,2,70,,31419,3426,,,2,30,,31402,3426,,,2,70,,31420,3426,,,2,100,,31398,3426,,,2,100,,31414,3426,,,2,100,,31399,3426,,,2,100,,31415,3426,,,2,100,,31416,3426,,,2,100,,31417,3426,,,2
53201,'F7',913,,40658,6499,,,2,1,,40659,6499,,,2
53201,'SE',913,,40660,6499,,,2,1,,40661,6499,,,2
66500,'F7',1614,,40850,2949,,,2
66500,'SE',1614,,40851,2949,,,2
