1500,'DI',745,,24371,9730,,,1,101,,24368,9730,,,1,100,,24365,9730,,,1,100,,24378,9730,,,1,100,,24383,9730,,,1,100,,24376,9730,,,1,100,,24372,9730,,,1,100,,24366,9730,,,1,100,,24380,9730,,,1,100,,24367,9730,,,1,100,,24375,9730,,,1,100,,24373,9730,,,1,98,,24377,9730,,,1,100,,24381,9730,,,1,100,,24379,9730,,,1,100,,24374,9730,,,1,100,,24369,9730,,,1,100,,24382,9730,,,1,100,,24370,9730,,,1
1500,'F1',746,,24385,9730,,,1,100,,24391,9730,,,1,100,,24400,9730,,,1,100,,24392,9730,,,1,107,,24394,9730,,,1,95,,24393,9730,,,1,100,,24401,9730,,,1,100,,24386,9730,,,1,100,,24395,9730,,,1,100,,24387,9730,,,1,100,,24384,9730,,,1,100,,24397,9730,,,1,100,,24402,9730,,,1,99,,24388,9730,,,1,100,,24389,9730,,,1,100,,24398,9730,,,1,100,,24390,9730,,,1,100,,24399,9730,,,1,100,,24396,9730,,,1
1500,'F2',746,,24418,9730,,,1,100,,24411,9730,,,1,100,,24405,9730,,,1,100,,24419,9730,,,1,107,,24413,9730,,,1,95,,24403,9730,,,1,100,,24415,9730,,,1,100,,24409,9730,,,1,100,,24414,9730,,,1,100,,24410,9730,,,1,100,,24406,9730,,,1,100,,24412,9730,,,1,100,,24416,9730,,,1,99,,24417,9730,,,1,100,,24404,9730,,,1,100,,24420,9730,,,1,100,,24407,9730,,,1,100,,24421,9730,,,1,100,,24408,9730,,,1
1500,'F7',608,,24458,9730,,,1,30,,24452,9730,,,1,72,,24423,9730,,,1,28,,24444,9730,,,1,74,,24450,9730,,,1,26,,24430,9730,,,1,74,,24446,9730,,,1,30,,24429,9730,,,1,68,,24451,9730,,,1,30,,24448,9730,,,1,70,,24424,9730,,,1,30,,24427,9730,,,1,70,,24449,9730,,,1,30,,24432,9730,,,1,70,,24428,9730,,,1,30,,24425,9730,,,1,70,,24454,9730,,,1,30,,24438,9730,,,1,72,,24453,9730,,,1,30,,24431,9730,,,1,66,,24433,9730,,,1,34,,24426,9730,,,1,82,,24442,9730,,,1,18,,24457,9730,,,1,70,,24439,9730,,,1,30,,24440,9730,,,1,69,,24455,9730,,,1,27,,24443,9730,,,1,70,,24436,9730,,,1,30,,24447,9730,,,1,70,,24456,9730,,,1,30,,24441,9730,,,1,70,,24422,9730,,,1,30,,24435,9730,,,1,100,,24437,9730,,,1,98,,24445,9730,,,1,100,,24434,9730,,,1
1500,'F8',746,,24474,9730,,,1,100,,24467,9730,,,1,100,,24461,9730,,,1,100,,24475,9730,,,1,107,,24469,9730,,,1,95,,24459,9730,,,1,100,,24471,9730,,,1,100,,24465,9730,,,1,100,,24470,9730,,,1,100,,24466,9730,,,1,100,,24462,9730,,,1,100,,24468,9730,,,1,100,,24472,9730,,,1,99,,24473,9730,,,1,100,,24460,9730,,,1,100,,24476,9730,,,1,100,,24463,9730,,,1,100,,24477,9730,,,1,100,,24464,9730,,,1
1500,'F9',745,,24484,9730,,,1,101,,24481,9730,,,1,100,,24478,9730,,,1,100,,24491,9730,,,1,100,,24496,9730,,,1,100,,24489,9730,,,1,100,,24485,9730,,,1,100,,24479,9730,,,1,100,,24493,9730,,,1,100,,24480,9730,,,1,100,,24488,9730,,,1,100,,24486,9730,,,1,98,,24490,9730,,,1,100,,24494,9730,,,1,100,,24492,9730,,,1,100,,24487,9730,,,1,100,,24482,9730,,,1,100,,24495,9730,,,1,100,,24483,9730,,,1
1500,'SA',746,,24512,9730,,,1,100,,24505,9730,,,1,100,,24499,9730,,,1,100,,24513,9730,,,1,107,,24507,9730,,,1,95,,24497,9730,,,1,100,,24509,9730,,,1,100,,24503,9730,,,1,100,,24508,9730,,,1,100,,24504,9730,,,1,100,,24500,9730,,,1,100,,24506,9730,,,1,100,,24510,9730,,,1,99,,24511,9730,,,1,100,,24498,9730,,,1,100,,24514,9730,,,1,100,,24501,9730,,,1,100,,24515,9730,,,1,100,,24502,9730,,,1
1500,'SE',608,,24552,9730,,,1,30,,24546,9730,,,1,72,,24517,9730,,,1,28,,24538,9730,,,1,74,,24544,9730,,,1,26,,24524,9730,,,1,74,,24540,9730,,,1,30,,24523,9730,,,1,68,,24545,9730,,,1,30,,24542,9730,,,1,70,,24518,9730,,,1,30,,24521,9730,,,1,70,,24543,9730,,,1,30,,24526,9730,,,1,70,,24522,9730,,,1,30,,24519,9730,,,1,70,,24548,9730,,,1,30,,24532,9730,,,1,72,,24547,9730,,,1,30,,24525,9730,,,1,66,,24527,9730,,,1,34,,24520,9730,,,1,82,,24536,9730,,,1,18,,24551,9730,,,1,70,,24533,9730,,,1,30,,24534,9730,,,1,69,,24549,9730,,,1,27,,24537,9730,,,1,70,,24530,9730,,,1,30,,24541,9730,,,1,70,,24550,9730,,,1,30,,24535,9730,,,1,70,,24516,9730,,,1,30,,24529,9730,,,1,100,,24531,9730,,,1,98,,24539,9730,,,1,100,,24528,9730,,,1
55000,'F7',1627,,40709,4556,,,2
55000,'SE',1627,,40710,4556,,,2
