801,'DI',538,,2737,8674,,,1,70,,2745,8674,,,1,30,,2752,8674,,,1,70,,2762,8674,,,1,30,,2738,8674,,,1,71,,2746,8674,,,1,30,,2753,8674,,,1,70,,2763,8674,,,1,28,,2739,8674,,,1,70,,2747,8674,,,1,30,,2754,8674,,,1,68,,2764,8674,,,1,30,,2740,8674,,,1,70,,2748,8674,,,1,30,,2755,8674,,,1,70,,2765,8674,,,1,31,,2741,8674,,,1,70,,2749,8674,,,1,31,,2756,8674,,,1,70,,2766,8674,,,1,30,,2769,8674,,,1,70,,2750,8674,,,1,30,,2757,8674,,,1,70,,2767,8674,,,1,19,,2771,8674,,,1,15,,2770,8674,,,1,70,,2751,8674,,,1,28,,2758,8674,,,1,70,,2768,8674,,,1,45,,2742,8674,,,1,101,,2759,8674,,,1,100,,2743,8674,,,1,99,,2760,8674,,,1,100,,2744,8674,,,1,99,,2761,8674,,,1
801,'F1',538,,2772,8674,,,1,70,,2777,8674,,,1,30,,2788,8674,,,1,70,,2800,8674,,,1,30,,2773,8674,,,1,71,,2778,8674,,,1,30,,2789,8674,,,1,70,,2801,8674,,,1,27,,2774,8674,,,1,68,,2779,8674,,,1,30,,2790,8674,,,1,70,,2802,8674,,,1,31,,2775,8674,,,1,70,,2780,8674,,,1,31,,2791,8674,,,1,70,,2803,8674,,,1,31,,2776,8674,,,1,70,,2781,8674,,,1,30,,2792,8674,,,1,70,,2804,8674,,,1,30,,2798,8674,,,1,70,,2782,8674,,,1,30,,2793,8674,,,1,70,,2805,8674,,,1,25,,2784,8674,,,1,10,,2799,8674,,,1,61,,2783,8674,,,1,30,,2794,8674,,,1,70,,2806,8674,,,1,50,,2785,8674,,,1,100,,2795,8674,,,1,100,,2786,8674,,,1,99,,2796,8674,,,1,100,,2787,8674,,,1,101,,2797,8674,,,1
801,'F7',538,,2807,8674,,,1,70,,2815,8674,,,1,30,,2822,8674,,,1,70,,2832,8674,,,1,30,,2808,8674,,,1,71,,2816,8674,,,1,30,,2823,8674,,,1,70,,2833,8674,,,1,28,,2809,8674,,,1,70,,2817,8674,,,1,30,,2824,8674,,,1,68,,2834,8674,,,1,30,,2810,8674,,,1,70,,2818,8674,,,1,30,,2825,8674,,,1,70,,2835,8674,,,1,31,,2811,8674,,,1,70,,2819,8674,,,1,31,,2826,8674,,,1,70,,2836,8674,,,1,30,,2839,8674,,,1,70,,2820,8674,,,1,30,,2827,8674,,,1,70,,2837,8674,,,1,19,,2841,8674,,,1,15,,2840,8674,,,1,70,,2821,8674,,,1,28,,2828,8674,,,1,70,,2838,8674,,,1,45,,2812,8674,,,1,101,,2829,8674,,,1,100,,2813,8674,,,1,99,,2830,8674,,,1,100,,2814,8674,,,1,99,,2831,8674,,,1
801,'F8',504,,2842,8674,,,1,33,,2843,8674,,,1,67,,2885,8674,,,1,21,,2886,8674,,,1,25,,2887,8674,,,1,51,,2855,8674,,,1,9,,2858,8674,,,1,8,,2894,8674,,,1,11,,2864,8674,,,1,9,,2844,8674,,,1,11,,2892,8674,,,1,60,,2865,8674,,,1,19,,2848,8674,,,1,18,,2852,8674,,,1,13,,2856,8674,,,1,55,,2859,8674,,,1,15,,2896,8674,,,1,15,,2845,8674,,,1,57,,2868,8674,,,1,15,,2866,8674,,,1,14,,2849,8674,,,1,15,,2860,8674,,,1,56,,2853,8674,,,1,15,,2881,8674,,,1,15,,2897,8674,,,1,15,,2846,8674,,,1,55,,2893,8674,,,1,15,,2869,8674,,,1,16,,2854,8674,,,1,15,,2850,8674,,,1,55,,2888,8674,,,1,15,,2882,8674,,,1,15,,2910,8674,,,1,15,,2898,8674,,,1,55,,2909,8674,,,1,15,,2911,8674,,,1,17,,2867,8674,,,1,15,,2871,8674,,,1,53,,2900,8674,,,1,20,,2861,8674,,,1,11,,2889,8674,,,1,10,,2883,8674,,,1,14,,2857,8674,,,1,56,,2904,8674,,,1,16,,2847,8674,,,1,15,,2870,8674,,,1,13,,2905,8674,,,1,56,,2851,8674,,,1,15,,2901,8674,,,1,15,,2862,8674,,,1,16,,2890,8674,,,1,61,,2899,8674,,,1,23,,2907,8674,,,1,67,,2906,8674,,,1,28,,2874,8674,,,1,71,,2876,8674,,,1,29,,2872,8674,,,1,73,,2902,8674,,,1,27,,2875,8674,,,1,12,,2878,8674,,,1,60,,2877,8674,,,1,29,,2873,8674,,,1,20,,2903,8674,,,1,92,,2879,8674,,,1,100,,2880,8674,,,1
801,'F9',538,,2916,8674,,,1,70,,2921,8674,,,1,30,,2932,8674,,,1,70,,2944,8674,,,1,30,,2917,8674,,,1,71,,2922,8674,,,1,30,,2933,8674,,,1,70,,2945,8674,,,1,27,,2918,8674,,,1,68,,2923,8674,,,1,30,,2934,8674,,,1,70,,2946,8674,,,1,31,,2919,8674,,,1,70,,2924,8674,,,1,31,,2935,8674,,,1,70,,2947,8674,,,1,31,,2920,8674,,,1,70,,2925,8674,,,1,30,,2936,8674,,,1,70,,2948,8674,,,1,30,,2942,8674,,,1,70,,2926,8674,,,1,30,,2937,8674,,,1,70,,2949,8674,,,1,25,,2928,8674,,,1,10,,2943,8674,,,1,61,,2927,8674,,,1,30,,2938,8674,,,1,70,,2950,8674,,,1,50,,2929,8674,,,1,100,,2939,8674,,,1,100,,2930,8674,,,1,99,,2940,8674,,,1,100,,2931,8674,,,1,101,,2941,8674,,,1
801,'SA',538,,2951,8674,,,1,70,,2956,8674,,,1,30,,2967,8674,,,1,70,,2979,8674,,,1,30,,2952,8674,,,1,71,,2957,8674,,,1,30,,2968,8674,,,1,70,,2980,8674,,,1,27,,2953,8674,,,1,68,,2958,8674,,,1,30,,2969,8674,,,1,70,,2981,8674,,,1,31,,2954,8674,,,1,70,,2959,8674,,,1,31,,2970,8674,,,1,70,,2982,8674,,,1,31,,2955,8674,,,1,70,,2960,8674,,,1,30,,2971,8674,,,1,70,,2983,8674,,,1,30,,2977,8674,,,1,70,,2961,8674,,,1,30,,2972,8674,,,1,70,,2984,8674,,,1,25,,2963,8674,,,1,10,,2978,8674,,,1,61,,2962,8674,,,1,30,,2973,8674,,,1,70,,2985,8674,,,1,50,,2964,8674,,,1,100,,2974,8674,,,1,100,,2965,8674,,,1,99,,2975,8674,,,1,100,,2966,8674,,,1,101,,2976,8674,,,1
801,'SE',504,,2986,8674,,,1,33,,2987,8674,,,1,67,,3029,8674,,,1,21,,3030,8674,,,1,25,,3031,8674,,,1,51,,2999,8674,,,1,9,,3002,8674,,,1,8,,3038,8674,,,1,11,,3008,8674,,,1,9,,2988,8674,,,1,11,,3036,8674,,,1,60,,3009,8674,,,1,19,,2992,8674,,,1,18,,2996,8674,,,1,13,,3000,8674,,,1,55,,3003,8674,,,1,15,,3040,8674,,,1,15,,2989,8674,,,1,57,,3012,8674,,,1,15,,3010,8674,,,1,14,,2993,8674,,,1,15,,3004,8674,,,1,56,,2997,8674,,,1,15,,3025,8674,,,1,15,,3041,8674,,,1,15,,2990,8674,,,1,55,,3037,8674,,,1,15,,3013,8674,,,1,16,,2998,8674,,,1,15,,2994,8674,,,1,55,,3032,8674,,,1,15,,3026,8674,,,1,15,,3054,8674,,,1,15,,3042,8674,,,1,55,,3053,8674,,,1,15,,3055,8674,,,1,17,,3011,8674,,,1,15,,3015,8674,,,1,53,,3044,8674,,,1,20,,3005,8674,,,1,11,,3033,8674,,,1,10,,3027,8674,,,1,14,,3001,8674,,,1,56,,3048,8674,,,1,16,,2991,8674,,,1,15,,3014,8674,,,1,13,,3049,8674,,,1,56,,2995,8674,,,1,15,,3045,8674,,,1,15,,3006,8674,,,1,16,,3034,8674,,,1,61,,3043,8674,,,1,23,,3051,8674,,,1,67,,3050,8674,,,1,28,,3018,8674,,,1,71,,3020,8674,,,1,29,,3016,8674,,,1,73,,3046,8674,,,1,27,,3019,8674,,,1,12,,3022,8674,,,1,60,,3021,8674,,,1,29,,3017,8674,,,1,20,,3047,8674,,,1,92,,3023,8674,,,1,100,,3024,8674,,,1
44201,'F8',720,,18178,10062,,,2,100,,18179,10062,,,2
44201,'SE',720,,18180,10062,,,2,100,,18181,10062,,,2
60801,'F8',1500,,18871,3541,,,2,2,,18870,3541,,,2
60801,'SE',1500,,18873,3541,,,2,2,,18872,3541,,,2
