100,'DI',711,,12,8196,0,26,1,100,,13,8196,0,26,1,100,,14,8196,0,26,1,100,,15,8196,0,26,1,100,,16,8196,0,26,1,100,,17,8196,0,26,1,100,,18,8196,0,26,1,101,,19,8196,0,26,1,100,,20,8196,0,26,1,98,,1,8196,0,26,1,100,,2,8196,0,26,1,100,,3,8196,0,26,1,100,,4,8196,0,26,1,100,,5,8196,0,26,1,100,,6,8196,0,26,1,100,,7,8196,0,26,1,100,,8,8196,0,26,1,100,,9,8196,0,26,1,100,,10,8196,0,26,1,100,,11,8196,0,26,1
100,'F1',641,,47,8196,0,26,1,70,,37,8196,0,26,1,30,,48,8196,0,26,1,70,,38,8196,0,26,1,30,,49,8196,0,26,1,70,,39,8196,0,26,1,30,,50,8196,0,26,1,70,,40,8196,0,26,1,30,,51,8196,0,26,1,70,,41,8196,0,26,1,30,,52,8196,0,26,1,70,,42,8196,0,26,1,30,,54,8196,0,26,1,70,,43,8196,0,26,1,31,,55,8196,0,26,1,70,,44,8196,0,26,1,30,,56,8196,0,26,1,70,,45,8196,0,26,1,28,,33,8196,0,26,1,70,,22,8196,0,26,1,30,,34,8196,0,26,1,70,,23,8196,0,26,1,30,,35,8196,0,26,1,70,,24,8196,0,26,1,30,,36,8196,0,26,1,70,,25,8196,0,26,1,100,,26,8196,0,26,1,100,,27,8196,0,26,1,100,,28,8196,0,26,1,100,,29,8196,0,26,1,100,,30,8196,0,26,1,100,,31,8196,0,26,1,100,,32,8196,0,26,1
100,'F7',711,,68,8196,0,26,1,100,,69,8196,0,26,1,100,,70,8196,0,26,1,100,,71,8196,0,26,1,100,,72,8196,0,26,1,100,,73,8196,0,26,1,100,,74,8196,0,26,1,101,,75,8196,0,26,1,100,,76,8196,0,26,1,98,,57,8196,0,26,1,100,,58,8196,0,26,1,100,,59,8196,0,26,1,100,,60,8196,0,26,1,100,,61,8196,0,26,1,100,,62,8196,0,26,1,100,,63,8196,0,26,1,100,,64,8196,0,26,1,100,,65,8196,0,26,1,100,,66,8196,0,26,1,100,,67,8196,0,26,1
100,'F8',604,,94,8196,0,26,1,36,,78,8196,0,26,1,69,,95,8196,0,26,1,35,,108,8196,0,26,1,70,,111,8196,0,26,1,35,,109,8196,0,26,1,80,,79,8196,0,26,1,30,,81,8196,0,26,1,70,,110,8196,0,26,1,30,,122,8196,0,26,1,70,,124,8196,0,26,1,30,,80,8196,0,26,1,71,,82,8196,0,26,1,70,,125,8196,0,26,1,30,,99,8196,0,26,1,70,,121,8196,0,26,1,30,,87,8196,0,26,1,70,,114,8196,0,26,1,33,,105,8196,0,26,1,18,,113,8196,0,26,1,61,,115,8196,0,26,1,15,,85,8196,0,26,1,19,,97,8196,0,26,1,12,,89,8196,0,26,1,62,,88,8196,0,26,1,12,,102,8196,0,26,1,11,,86,8196,0,26,1,15,,128,8196,0,26,1,52,,90,8196,0,26,1,15,,126,8196,0,26,1,15,,83,8196,0,26,1,60,,119,8196,0,26,1,28,,123,8196,0,26,1,30,,100,8196,0,26,1,70,,118,8196,0,26,1,28,,116,8196,0,26,1,70,,120,8196,0,26,1,30,,117,8196,0,26,1,100,,98,8196,0,26,1,99,,91,8196,0,26,1,100,,92,8196,0,26,1,98,,93,8196,0,26,1
100,'F9',641,,154,8196,0,26,1,70,,144,8196,0,26,1,30,,155,8196,0,26,1,70,,145,8196,0,26,1,30,,156,8196,0,26,1,70,,146,8196,0,26,1,30,,157,8196,0,26,1,70,,147,8196,0,26,1,30,,158,8196,0,26,1,70,,148,8196,0,26,1,30,,159,8196,0,26,1,70,,149,8196,0,26,1,30,,161,8196,0,26,1,70,,150,8196,0,26,1,31,,162,8196,0,26,1,70,,151,8196,0,26,1,30,,163,8196,0,26,1,70,,152,8196,0,26,1,28,,140,8196,0,26,1,70,,129,8196,0,26,1,30,,141,8196,0,26,1,70,,130,8196,0,26,1,30,,142,8196,0,26,1,70,,131,8196,0,26,1,30,,143,8196,0,26,1,70,,132,8196,0,26,1,100,,133,8196,0,26,1,100,,134,8196,0,26,1,100,,135,8196,0,26,1,100,,136,8196,0,26,1,100,,137,8196,0,26,1,100,,138,8196,0,26,1,100,,139,8196,0,26,1
100,'SA',641,,189,8196,0,26,1,70,,179,8196,0,26,1,30,,190,8196,0,26,1,70,,180,8196,0,26,1,30,,191,8196,0,26,1,70,,181,8196,0,26,1,30,,192,8196,0,26,1,70,,182,8196,0,26,1,30,,193,8196,0,26,1,70,,183,8196,0,26,1,30,,194,8196,0,26,1,70,,184,8196,0,26,1,30,,196,8196,0,26,1,70,,185,8196,0,26,1,31,,197,8196,0,26,1,70,,186,8196,0,26,1,30,,198,8196,0,26,1,70,,187,8196,0,26,1,28,,175,8196,0,26,1,70,,164,8196,0,26,1,30,,176,8196,0,26,1,70,,165,8196,0,26,1,30,,177,8196,0,26,1,70,,166,8196,0,26,1,30,,178,8196,0,26,1,70,,167,8196,0,26,1,100,,168,8196,0,26,1,100,,169,8196,0,26,1,100,,170,8196,0,26,1,100,,171,8196,0,26,1,100,,172,8196,0,26,1,100,,173,8196,0,26,1,100,,174,8196,0,26,1
100,'SE',604,,215,8196,0,26,1,36,,199,8196,0,26,1,69,,216,8196,0,26,1,35,,229,8196,0,26,1,70,,232,8196,0,26,1,35,,230,8196,0,26,1,80,,200,8196,0,26,1,30,,202,8196,0,26,1,70,,231,8196,0,26,1,30,,243,8196,0,26,1,70,,245,8196,0,26,1,30,,201,8196,0,26,1,71,,203,8196,0,26,1,70,,246,8196,0,26,1,30,,220,8196,0,26,1,70,,242,8196,0,26,1,30,,208,8196,0,26,1,70,,235,8196,0,26,1,33,,226,8196,0,26,1,18,,234,8196,0,26,1,61,,236,8196,0,26,1,15,,206,8196,0,26,1,19,,218,8196,0,26,1,12,,210,8196,0,26,1,62,,209,8196,0,26,1,12,,223,8196,0,26,1,11,,207,8196,0,26,1,15,,249,8196,0,26,1,52,,211,8196,0,26,1,15,,247,8196,0,26,1,15,,204,8196,0,26,1,60,,240,8196,0,26,1,28,,244,8196,0,26,1,30,,221,8196,0,26,1,70,,239,8196,0,26,1,28,,237,8196,0,26,1,70,,241,8196,0,26,1,30,,238,8196,0,26,1,100,,219,8196,0,26,1,99,,212,8196,0,26,1,100,,213,8196,0,26,1,98,,214,8196,0,26,1
50100,'F8',1517,,18727,8160,,,2,184,,18726,8160,,,2
50100,'SE',1517,,18729,8160,,,2,184,,18728,8160,,,2
60101,'F8',850,,18852,6504,,,2
60101,'SE',850,,18853,6504,,,2
