2001,'DI',546,,5767,5320,,,2,100,,5778,5320,,,2,100,,5772,5320,,,2,100,,5768,5320,,,2,100,,5779,5320,,,2,100,,5773,5320,,,2,97,,5769,5320,,,2,103,,5770,5320,,,2,100,,5774,5320,,,2,100,,5780,5320,,,2,100,,5771,5320,,,2,97,,5775,5320,,,2,103,,5776,5320,,,2,100,,5783,5320,,,2,100,,5766,5320,,,2,100,,5781,5320,,,2,100,,5777,5320,,,2,100,,5765,5320,,,2,100,,5764,5320,,,2
2001,'F1',547,,5795,5320,,,2,100,,5803,5320,,,2,100,,5791,5320,,,2,100,,5799,5320,,,2,100,,5796,5320,,,2,100,,5794,5320,,,2,100,,5804,5320,,,2,100,,5797,5320,,,2,100,,5786,5320,,,2,100,,5792,5320,,,2,100,,5798,5320,,,2,96,,5800,5320,,,2,104,,5801,5320,,,2,104,,5802,5320,,,2,96,,5787,5320,,,2,100,,5793,5320,,,2,100,,5784,5320,,,2,100,,5788,5320,,,2,100,,5785,5320,,,2,100,,5790,5320,,,2
2001,'F7',546,,5808,5320,,,2,100,,5819,5320,,,2,100,,5813,5320,,,2,100,,5809,5320,,,2,100,,5820,5320,,,2,100,,5814,5320,,,2,97,,5810,5320,,,2,103,,5811,5320,,,2,100,,5815,5320,,,2,100,,5821,5320,,,2,100,,5812,5320,,,2,97,,5816,5320,,,2,103,,5817,5320,,,2,100,,5824,5320,,,2,100,,5807,5320,,,2,100,,5822,5320,,,2,100,,5818,5320,,,2,100,,5806,5320,,,2,100,,5805,5320,,,2
2001,'F8',533,,5857,5320,,,2,76,,5867,5320,,,2,20,,5879,5320,,,2,15,,5834,5320,,,2,9,,5868,5320,,,2,49,,5873,5320,,,2,9,,5844,5320,,,2,9,,5832,5320,,,2,4,,5837,5320,,,2,14,,5842,5320,,,2,10,,5827,5320,,,2,8,,5828,5320,,,2,50,,5841,5320,,,2,11,,5843,5320,,,2,6,,5826,5320,,,2,14,,5833,5320,,,2,71,,5877,5320,,,2,31,,5835,5320,,,2,70,,5830,5320,,,2,31,,5838,5320,,,2,70,,5845,5320,,,2,30,,5825,5320,,,2,70,,5870,5320,,,2,30,,5859,5320,,,2,70,,5846,5320,,,2,30,,5863,5320,,,2,70,,5869,5320,,,2,30,,5878,5320,,,2,70,,5847,5320,,,2,31,,5839,5320,,,2,61,,5876,5320,,,2,17,,5858,5320,,,2,15,,5874,5320,,,2,15,,5862,5320,,,2,55,,5855,5320,,,2,16,,5865,5320,,,2,11,,5860,5320,,,2,13,,5853,5320,,,2,9,,5850,5320,,,2,52,,5871,5320,,,2,13,,5856,5320,,,2,11,,5836,5320,,,2,14,,5848,5320,,,2,13,,5854,5320,,,2,55,,5851,5320,,,2,28,,5861,5320,,,2,70,,5866,5320,,,2,30,,5840,5320,,,2,70,,5831,5320,,,2,30,,5872,5320,,,2,70,,5849,5320,,,2,100,,5852,5320,,,2,100,,5864,5320,,,2,100,,5829,5320,,,2
2001,'F9',547,,5891,5320,,,2,100,,5899,5320,,,2,100,,5887,5320,,,2,100,,5895,5320,,,2,100,,5892,5320,,,2,100,,5890,5320,,,2,100,,5900,5320,,,2,100,,5893,5320,,,2,100,,5882,5320,,,2,100,,5888,5320,,,2,100,,5894,5320,,,2,96,,5896,5320,,,2,104,,5897,5320,,,2,104,,5898,5320,,,2,96,,5883,5320,,,2,100,,5889,5320,,,2,100,,5880,5320,,,2,100,,5884,5320,,,2,100,,5881,5320,,,2,100,,5886,5320,,,2
2001,'SA',547,,5912,5320,,,2,100,,5920,5320,,,2,100,,5908,5320,,,2,100,,5916,5320,,,2,100,,5913,5320,,,2,100,,5911,5320,,,2,100,,5921,5320,,,2,100,,5914,5320,,,2,100,,5903,5320,,,2,100,,5909,5320,,,2,100,,5915,5320,,,2,96,,5917,5320,,,2,104,,5918,5320,,,2,104,,5919,5320,,,2,96,,5904,5320,,,2,100,,5910,5320,,,2,100,,5901,5320,,,2,100,,5905,5320,,,2,100,,5902,5320,,,2,100,,5907,5320,,,2
2001,'SE',533,,5954,5320,,,2,76,,5964,5320,,,2,20,,5976,5320,,,2,15,,5931,5320,,,2,9,,5965,5320,,,2,49,,5970,5320,,,2,9,,5941,5320,,,2,9,,5929,5320,,,2,4,,5934,5320,,,2,14,,5939,5320,,,2,10,,5924,5320,,,2,8,,5925,5320,,,2,50,,5938,5320,,,2,11,,5940,5320,,,2,6,,5923,5320,,,2,14,,5930,5320,,,2,71,,5974,5320,,,2,31,,5932,5320,,,2,70,,5927,5320,,,2,31,,5935,5320,,,2,70,,5942,5320,,,2,30,,5922,5320,,,2,70,,5967,5320,,,2,30,,5956,5320,,,2,70,,5943,5320,,,2,30,,5960,5320,,,2,70,,5966,5320,,,2,30,,5975,5320,,,2,70,,5944,5320,,,2,31,,5936,5320,,,2,61,,5973,5320,,,2,17,,5955,5320,,,2,15,,5971,5320,,,2,15,,5959,5320,,,2,55,,5952,5320,,,2,16,,5962,5320,,,2,11,,5957,5320,,,2,13,,5950,5320,,,2,9,,5947,5320,,,2,52,,5968,5320,,,2,13,,5953,5320,,,2,11,,5933,5320,,,2,14,,5945,5320,,,2,13,,5951,5320,,,2,55,,5948,5320,,,2,28,,5958,5320,,,2,70,,5963,5320,,,2,30,,5937,5320,,,2,70,,5928,5320,,,2,30,,5969,5320,,,2,70,,5946,5320,,,2,100,,5949,5320,,,2,100,,5961,5320,,,2,100,,5926,5320,,,2
57000,'F8',1621,,18834,12758,,,2
57000,'SE',1621,,18835,12758,,,2
67300,'F8',1505,,18984,5547,,,2
67300,'SE',1505,,18985,5547,,,2
