2500,'DI',705,,6710,6489,,,2
2500,'F1',705,,6711,6489,,,2
2500,'F7',705,,6712,6489,,,2
2500,'F8',527,,6729,6489,,,2,30,,6719,6489,,,2,69,,6735,6489,,,2,19,,6733,6489,,,2,61,,6722,6489,,,2,19,,6715,6489,,,2,29,,6721,6489,,,2,68,,6720,6489,,,2,36,,6730,6489,,,2,70,,6718,6489,,,2,430,,6714,6489,,,2,70,,6713,6489,,,2,29,,6737,6489,,,2,53,,6736,6489,,,2,18,,6734,6489,,,2,31,,6726,6489,,,2,72,,6716,6489,,,2,69,,6724,6489,,,2,29,,6731,6489,,,2,71,,6717,6489,,,2,28,,6725,6489,,,2,30,,6723,6489,,,2,375,,6727,6489,,,2,83,,6738,6489,,,2,15,,6732,6489,,,2,85,,6728,6489,,,2
2500,'F9',705,,6739,6489,,,2
2500,'SA',705,,6740,6489,,,2
2500,'SE',527,,6757,6489,,,2,30,,6747,6489,,,2,69,,6763,6489,,,2,19,,6761,6489,,,2,61,,6750,6489,,,2,19,,6743,6489,,,2,29,,6749,6489,,,2,68,,6748,6489,,,2,36,,6758,6489,,,2,70,,6746,6489,,,2,430,,6742,6489,,,2,70,,6741,6489,,,2,29,,6765,6489,,,2,53,,6764,6489,,,2,18,,6762,6489,,,2,31,,6754,6489,,,2,72,,6744,6489,,,2,69,,6752,6489,,,2,29,,6759,6489,,,2,71,,6745,6489,,,2,28,,6753,6489,,,2,30,,6751,6489,,,2,375,,6755,6489,,,2,83,,6766,6489,,,2,15,,6760,6489,,,2,85,,6756,6489,,,2
8100,'DI',702,,14147,6289,,,1,100,,14150,6289,,,1,103,,14152,6289,,,1,100,,14148,6289,,,1,100,,14151,6289,,,1,100,,14143,6289,,,1,100,,14155,6289,,,1,100,,14144,6289,,,1,100,,14149,6289,,,1,100,,14156,6289,,,1,96,,14153,6289,,,1,108,,14159,6289,,,1,96,,14157,6289,,,1,100,,14145,6289,,,1,100,,14160,6289,,,1,100,,14158,6289,,,1,100,,14146,6289,,,1,100,,14161,6289,,,1,100,,14154,6289,,,1
8100,'F1',702,,14169,6289,,,1,100,,14165,6289,,,1,103,,14170,6289,,,1,100,,14166,6289,,,1,100,,14176,6289,,,1,100,,14164,6289,,,1,100,,14173,6289,,,1,100,,14167,6289,,,1,100,,14171,6289,,,1,100,,14168,6289,,,1,100,,14162,6289,,,1,104,,14177,6289,,,1,96,,14180,6289,,,1,100,,14163,6289,,,1,100,,14178,6289,,,1,100,,14181,6289,,,1,100,,14175,6289,,,1,100,,14179,6289,,,1,100,,14174,6289,,,1,100,,14172,6289,,,1
8100,'F7',702,,14186,6289,,,1,100,,14189,6289,,,1,103,,14191,6289,,,1,100,,14187,6289,,,1,100,,14190,6289,,,1,100,,14182,6289,,,1,100,,14194,6289,,,1,100,,14183,6289,,,1,100,,14188,6289,,,1,100,,14195,6289,,,1,96,,14192,6289,,,1,108,,14198,6289,,,1,96,,14196,6289,,,1,100,,14184,6289,,,1,100,,14199,6289,,,1,100,,14197,6289,,,1,100,,14185,6289,,,1,100,,14200,6289,,,1,100,,14193,6289,,,1
8100,'F8',624,,14206,6289,,,1,78,,14217,6289,,,1,30,,14204,6289,,,1,71,,14218,6289,,,1,29,,14201,6289,,,1,76,,14224,6289,,,1,98,,14205,6289,,,1,100,,14212,6289,,,1,100,,14207,6289,,,1,100,,14213,6289,,,1,100,,14211,6289,,,1,100,,14227,6289,,,1,30,,14202,6289,,,1,72,,14214,6289,,,1,30,,14208,6289,,,1,70,,14219,6289,,,1,30,,14203,6289,,,1,70,,14215,6289,,,1,30,,14225,6289,,,1,67,,14222,6289,,,1,100,,14226,6289,,,1,100,,14209,6289,,,1,100,,14220,6289,,,1,100,,14223,6289,,,1,100,,14210,6289,,,1,100,,14221,6289,,,1,100,,14216,6289,,,1
8100,'F9',702,,14235,6289,,,1,100,,14231,6289,,,1,103,,14236,6289,,,1,100,,14232,6289,,,1,100,,14242,6289,,,1,100,,14230,6289,,,1,100,,14239,6289,,,1,100,,14233,6289,,,1,100,,14237,6289,,,1,100,,14234,6289,,,1,100,,14228,6289,,,1,104,,14243,6289,,,1,96,,14246,6289,,,1,100,,14229,6289,,,1,100,,14244,6289,,,1,100,,14247,6289,,,1,100,,14241,6289,,,1,100,,14245,6289,,,1,100,,14240,6289,,,1,100,,14238,6289,,,1
8100,'SA',702,,14255,6289,,,1,100,,14251,6289,,,1,103,,14256,6289,,,1,100,,14252,6289,,,1,100,,14262,6289,,,1,100,,14250,6289,,,1,100,,14259,6289,,,1,100,,14253,6289,,,1,100,,14257,6289,,,1,100,,14254,6289,,,1,100,,14248,6289,,,1,104,,14263,6289,,,1,96,,14266,6289,,,1,100,,14249,6289,,,1,100,,14264,6289,,,1,100,,14267,6289,,,1,100,,14261,6289,,,1,100,,14265,6289,,,1,100,,14260,6289,,,1,100,,14258,6289,,,1
8100,'SE',624,,14273,6289,,,1,78,,14284,6289,,,1,30,,14271,6289,,,1,71,,14285,6289,,,1,29,,14268,6289,,,1,76,,14291,6289,,,1,98,,14272,6289,,,1,100,,14279,6289,,,1,100,,14274,6289,,,1,100,,14280,6289,,,1,100,,14278,6289,,,1,100,,14294,6289,,,1,30,,14269,6289,,,1,72,,14281,6289,,,1,30,,14275,6289,,,1,70,,14286,6289,,,1,30,,14270,6289,,,1,70,,14282,6289,,,1,30,,14292,6289,,,1,67,,14289,6289,,,1,100,,14293,6289,,,1,100,,14276,6289,,,1,100,,14287,6289,,,1,100,,14290,6289,,,1,100,,14277,6289,,,1,100,,14288,6289,,,1,100,,14283,6289,,,1
57001,'F8',816,,18836,1029,,,2
57001,'SE',816,,18837,1029,,,2
