8801,'DI',610,,36910,490,,,1,30,,36915,490,,,1,70,,36921,490,,,1,30,,36931,490,,,1,69,,36911,490,,,1,30,,36916,490,,,1,70,,36922,490,,,1,28,,36932,490,,,1,69,,36912,490,,,1,30,,36917,490,,,1,69,,36923,490,,,1,30,,36933,490,,,1,70,,36913,490,,,1,30,,36918,490,,,1,70,,36924,490,,,1,31,,36934,490,,,1,70,,36914,490,,,1,31,,36919,490,,,1,71,,36925,490,,,1,29,,15257,490,,,1,70,,36926,490,,,1,30,,36920,490,,,1,70,,36935,490,,,1,34,,15258,490,,,1,62,,36927,490,,,1,106,,36936,490,,,1,101,,36928,490,,,1,100,,36937,490,,,1,100,,36929,490,,,1,100,,36938,490,,,1,99,,36930,490,,,1
8801,'F1',608,,36944,490,,,1,30,,36943,490,,,1,70,,36958,490,,,1,28,,36949,490,,,1,70,,36945,490,,,1,30,,15317,490,,,1,70,,36959,490,,,1,27,,36950,490,,,1,70,,36946,490,,,1,29,,15318,490,,,1,70,,36960,490,,,1,31,,36951,490,,,1,70,,15301,490,,,1,31,,36955,490,,,1,68,,36961,490,,,1,31,,36952,490,,,1,70,,15302,490,,,1,30,,36956,490,,,1,70,,36962,490,,,1,30,,36941,490,,,1,71,,15303,490,,,1,31,,36957,490,,,1,68,,36963,490,,,1,32,,36942,490,,,1,22,,36964,490,,,1,149,,36953,490,,,1,100,,36947,490,,,1,100,,36954,490,,,1,100,,36948,490,,,1,98,,36940,490,,,1,100,,36939,490,,,1
8801,'F2',608,,36968,490,,,1,30,,36967,490,,,1,70,,36989,490,,,1,28,,36980,490,,,1,70,,36969,490,,,1,30,,36993,490,,,1,70,,36990,490,,,1,27,,36981,490,,,1,70,,36973,490,,,1,29,,36994,490,,,1,70,,36991,490,,,1,31,,36982,490,,,1,70,,36974,490,,,1,31,,36986,490,,,1,68,,36970,490,,,1,31,,36983,490,,,1,70,,36975,490,,,1,30,,36987,490,,,1,70,,36971,490,,,1,30,,36965,490,,,1,71,,36976,490,,,1,31,,36988,490,,,1,68,,36972,490,,,1,32,,36966,490,,,1,22,,36995,490,,,1,149,,36984,490,,,1,100,,36977,490,,,1,100,,36985,490,,,1,100,,36978,490,,,1,98,,36992,490,,,1,100,,36979,490,,,1
8801,'F7',604,,36996,490,,,1,20,,37008,490,,,1,15,,36998,490,,,1,12,,37010,490,,,1,7,,37000,490,,,1,56,,37011,490,,,1,9,,37005,490,,,1,12,,37013,490,,,1,12,,37002,490,,,1,10,,37007,490,,,1,61,,37041,490,,,1,18,,37042,490,,,1,70,,37043,490,,,1,30,,37012,490,,,1,70,,37030,490,,,1,30,,37009,490,,,1,70,,37006,490,,,1,30,,37028,490,,,1,70,,37031,490,,,1,30,,37001,490,,,1,70,,36999,490,,,1,30,,37032,490,,,1,72,,37003,490,,,1,29,,37029,490,,,1,9,,37015,490,,,1,2,,37019,490,,,1,2,,37021,490,,,1,7,,36997,490,,,1,57,,37022,490,,,1,18,,37035,490,,,1,12,,37033,490,,,1,15,,37036,490,,,1,55,,37038,490,,,1,16,,37004,490,,,1,15,,37014,490,,,1,14,,37044,490,,,1,56,,37020,490,,,1,17,,37023,490,,,1,17,,37025,490,,,1,61,,37016,490,,,1,27,,37039,490,,,1,72,,37037,490,,,1,30,,37024,490,,,1,70,,37017,490,,,1,30,,37040,490,,,1,70,,37034,490,,,1,102,,37018,490,,,1,98,,37027,490,,,1,100,,37026,490,,,1
8801,'F8',608,,37048,490,,,1,30,,37047,490,,,1,70,,37069,490,,,1,28,,37060,490,,,1,70,,37049,490,,,1,30,,37073,490,,,1,70,,37070,490,,,1,27,,37061,490,,,1,70,,37053,490,,,1,29,,37074,490,,,1,70,,37071,490,,,1,31,,37062,490,,,1,70,,37054,490,,,1,31,,37066,490,,,1,68,,37050,490,,,1,31,,37063,490,,,1,70,,37055,490,,,1,30,,37067,490,,,1,70,,37051,490,,,1,30,,37045,490,,,1,71,,37056,490,,,1,31,,37068,490,,,1,68,,37052,490,,,1,32,,37046,490,,,1,22,,37075,490,,,1,149,,37064,490,,,1,100,,37057,490,,,1,100,,37065,490,,,1,100,,37058,490,,,1,98,,37072,490,,,1,100,,37059,490,,,1
8801,'F9',610,,37078,490,,,1,30,,37083,490,,,1,70,,37089,490,,,1,30,,37099,490,,,1,69,,37079,490,,,1,30,,37084,490,,,1,70,,37090,490,,,1,28,,37100,490,,,1,69,,37080,490,,,1,30,,37085,490,,,1,69,,37091,490,,,1,30,,37101,490,,,1,70,,37081,490,,,1,30,,37086,490,,,1,70,,37092,490,,,1,31,,37102,490,,,1,70,,37082,490,,,1,31,,37087,490,,,1,71,,37093,490,,,1,29,,37076,490,,,1,70,,37094,490,,,1,30,,37088,490,,,1,70,,37103,490,,,1,34,,37077,490,,,1,62,,37095,490,,,1,106,,37104,490,,,1,101,,37096,490,,,1,100,,37105,490,,,1,100,,37097,490,,,1,100,,37106,490,,,1,99,,37098,490,,,1
8801,'SA',608,,37110,490,,,1,30,,37109,490,,,1,70,,37131,490,,,1,28,,37122,490,,,1,70,,37111,490,,,1,30,,37134,490,,,1,70,,37132,490,,,1,27,,37123,490,,,1,70,,37115,490,,,1,29,,37135,490,,,1,70,,37133,490,,,1,31,,37124,490,,,1,70,,37116,490,,,1,31,,37128,490,,,1,68,,37112,490,,,1,31,,37125,490,,,1,70,,37117,490,,,1,30,,37129,490,,,1,70,,37113,490,,,1,30,,37107,490,,,1,71,,37118,490,,,1,31,,37130,490,,,1,68,,37114,490,,,1,32,,37108,490,,,1,22,,37136,490,,,1,149,,37126,490,,,1,100,,37119,490,,,1,100,,37127,490,,,1,100,,37120,490,,,1,98,,15458,490,,,1,100,,37121,490,,,1
8801,'SE',604,,37137,490,,,1,20,,37149,490,,,1,15,,37139,490,,,1,12,,15479,490,,,1,7,,37141,490,,,1,56,,37151,490,,,1,9,,37146,490,,,1,12,,37153,490,,,1,12,,37143,490,,,1,10,,37148,490,,,1,61,,37178,490,,,1,18,,37179,490,,,1,70,,37180,490,,,1,30,,37152,490,,,1,70,,37167,490,,,1,30,,37150,490,,,1,70,,37147,490,,,1,30,,37165,490,,,1,70,,37168,490,,,1,30,,37142,490,,,1,70,,37140,490,,,1,30,,37169,490,,,1,72,,37144,490,,,1,29,,37166,490,,,1,9,,15486,490,,,1,2,,15491,490,,,1,2,,37159,490,,,1,7,,37138,490,,,1,57,,37160,490,,,1,18,,37172,490,,,1,12,,37170,490,,,1,15,,37173,490,,,1,55,,37175,490,,,1,16,,37145,490,,,1,15,,37154,490,,,1,14,,37181,490,,,1,56,,37158,490,,,1,17,,37161,490,,,1,17,,37162,490,,,1,61,,37155,490,,,1,27,,37176,490,,,1,72,,37174,490,,,1,30,,15492,490,,,1,70,,37156,490,,,1,30,,37177,490,,,1,70,,37171,490,,,1,102,,37157,490,,,1,98,,37164,490,,,1,100,,37163,490,,,1
13201,'DI',702,,38200,490,,,2,100,,38198,490,,,2,100,,38199,490,,,2,100,,38204,490,,,2,100,,38201,490,,,2,100,,38202,490,,,2,100,,38205,490,,,2,100,,38208,490,,,2,100,,38206,490,,,2,105,,38210,490,,,2,95,,38209,490,,,2,100,,38207,490,,,2,101,,38211,490,,,2,98,,38212,490,,,2,100,,38203,490,,,2,100,,38197,490,,,2,100,,38213,490,,,2,100,,38214,490,,,2
13201,'F1',702,,38215,490,,,2,100,,38228,490,,,2,100,,38219,490,,,2,100,,38229,490,,,2,103,,38216,490,,,2,97,,38220,490,,,2,104,,38230,490,,,2,96,,38227,490,,,2,104,,38231,490,,,2,96,,38221,490,,,2,100,,38217,490,,,2,100,,38218,490,,,2,101,,38222,490,,,2,98,,38223,490,,,2,100,,16454,490,,,2,100,,38226,490,,,2,100,,38224,490,,,2,100,,38225,490,,,2
13201,'F2',702,,38233,490,,,2,100,,38249,490,,,2,100,,38237,490,,,2,100,,38232,490,,,2,103,,38234,490,,,2,97,,38238,490,,,2,104,,38235,490,,,2,96,,38248,490,,,2,104,,38239,490,,,2,96,,38241,490,,,2,100,,38236,490,,,2,100,,38240,490,,,2,101,,38242,490,,,2,98,,38244,490,,,2,100,,38243,490,,,2,100,,38246,490,,,2,100,,38245,490,,,2,100,,38247,490,,,2
13201,'F7',537,,38256,490,,,2,70,,38253,490,,,2,30,,38263,490,,,2,20,,38255,490,,,2,61,,38261,490,,,2,10,,38267,490,,,2,10,,38265,490,,,2,62,,38264,490,,,2,19,,38257,490,,,2,18,,38262,490,,,2,20,,38266,490,,,2,60,,38277,490,,,2,19,,38258,490,,,2,97,,38278,490,,,2,99,,38275,490,,,2,96,,38276,490,,,2,100,,38268,490,,,2,108,,38269,490,,,2,97,,38259,490,,,2,25,,38270,490,,,2,59,,38273,490,,,2,20,,38254,490,,,2,63,,38260,490,,,2,19,,38252,490,,,2,20,,38271,490,,,2,19,,38251,490,,,2,80,,38274,490,,,2
13201,'F8',702,,38280,490,,,2,100,,38296,490,,,2,100,,38284,490,,,2,100,,38279,490,,,2,103,,38281,490,,,2,97,,38285,490,,,2,104,,38282,490,,,2,96,,38295,490,,,2,104,,38286,490,,,2,96,,38288,490,,,2,100,,38283,490,,,2,100,,38287,490,,,2,101,,38289,490,,,2,98,,38291,490,,,2,100,,38290,490,,,2,100,,38293,490,,,2,100,,38292,490,,,2,100,,38294,490,,,2
13201,'F9',702,,38300,490,,,2,100,,38298,490,,,2,100,,38299,490,,,2,100,,38304,490,,,2,100,,38301,490,,,2,100,,38302,490,,,2,100,,38305,490,,,2,100,,38308,490,,,2,100,,38306,490,,,2,105,,38310,490,,,2,95,,38309,490,,,2,100,,38307,490,,,2,101,,38311,490,,,2,98,,38312,490,,,2,100,,38303,490,,,2,100,,38297,490,,,2,100,,38313,490,,,2,100,,38314,490,,,2
13201,'SA',702,,38316,490,,,2,100,,38332,490,,,2,100,,38320,490,,,2,100,,38315,490,,,2,103,,38317,490,,,2,97,,38321,490,,,2,104,,38318,490,,,2,96,,38331,490,,,2,104,,38322,490,,,2,96,,38324,490,,,2,100,,38319,490,,,2,100,,38323,490,,,2,101,,38325,490,,,2,98,,38327,490,,,2,100,,38326,490,,,2,100,,38329,490,,,2,100,,38328,490,,,2,100,,38330,490,,,2
13201,'SE',537,,38339,490,,,2,70,,38336,490,,,2,30,,38345,490,,,2,20,,38338,490,,,2,61,,38343,490,,,2,10,,38349,490,,,2,10,,38347,490,,,2,62,,38346,490,,,2,19,,38340,490,,,2,18,,38344,490,,,2,20,,38348,490,,,2,60,,38358,490,,,2,19,,16560,490,,,2,97,,38359,490,,,2,99,,16564,490,,,2,96,,38357,490,,,2,100,,38350,490,,,2,108,,38351,490,,,2,97,,38341,490,,,2,25,,38352,490,,,2,59,,38355,490,,,2,20,,38337,490,,,2,63,,38342,490,,,2,19,,38335,490,,,2,20,,38353,490,,,2,19,,38334,490,,,2,80,,38356,490,,,2
50501,'F7',902,,40632,1159,,,2
50501,'SE',902,,40633,1159,,,2
