1001,'DI',639,,3282,5625,,,1,67,,3256,5625,,,1,30,,3283,5625,,,1,70,,3255,5625,,,1,30,,3266,5625,,,1,78,,3257,5625,,,1,30,,3267,5625,,,1,70,,3258,5625,,,1,30,,3268,5625,,,1,70,,3284,5625,,,1,30,,3269,5625,,,1,70,,3285,5625,,,1,30,,3275,5625,,,1,70,,3286,5625,,,1,30,,3276,5625,,,1,70,,3270,5625,,,1,30,,3277,5625,,,1,70,,3271,5625,,,1,30,,3278,5625,,,1,70,,3272,5625,,,1,30,,3279,5625,,,1,70,,3273,5625,,,1,30,,3280,5625,,,1,70,,3274,5625,,,1,30,,3281,5625,,,1,81,,3259,5625,,,1,100,,3260,5625,,,1,100,,3261,5625,,,1,100,,3262,5625,,,1,100,,3263,5625,,,1,100,,3264,5625,,,1
1001,'F1',538,,3318,5625,,,1,96,,3319,5625,,,1,70,,3302,5625,,,1,30,,3295,5625,,,1,70,,3303,5625,,,1,30,,3316,5625,,,1,78,,3301,5625,,,1,31,,3287,5625,,,1,70,,3304,5625,,,1,30,,3288,5625,,,1,70,,3296,5625,,,1,30,,3289,5625,,,1,70,,3309,5625,,,1,32,,3317,5625,,,1,70,,3310,5625,,,1,30,,3290,5625,,,1,70,,3311,5625,,,1,30,,3291,5625,,,1,70,,3312,5625,,,1,30,,3292,5625,,,1,70,,3313,5625,,,1,30,,3293,5625,,,1,69,,3314,5625,,,1,31,,3294,5625,,,1,70,,3315,5625,,,1,30,,3305,5625,,,1,81,,3297,5625,,,1,100,,3298,5625,,,1,100,,3299,5625,,,1,100,,3300,5625,,,1,100,,3306,5625,,,1,100,,3307,5625,,,1
1001,'F7',639,,3347,5625,,,1,67,,3321,5625,,,1,30,,3348,5625,,,1,70,,3320,5625,,,1,30,,3331,5625,,,1,78,,3322,5625,,,1,30,,3332,5625,,,1,70,,3323,5625,,,1,30,,3333,5625,,,1,70,,3349,5625,,,1,30,,3334,5625,,,1,70,,3350,5625,,,1,30,,3340,5625,,,1,70,,3351,5625,,,1,30,,3341,5625,,,1,70,,3335,5625,,,1,30,,3342,5625,,,1,70,,3336,5625,,,1,30,,3343,5625,,,1,70,,3337,5625,,,1,30,,3344,5625,,,1,70,,3338,5625,,,1,30,,3345,5625,,,1,70,,3339,5625,,,1,30,,3346,5625,,,1,81,,3324,5625,,,1,100,,3325,5625,,,1,100,,3326,5625,,,1,100,,3327,5625,,,1,100,,3328,5625,,,1,100,,3329,5625,,,1
1001,'F9',538,,3383,5625,,,1,96,,3384,5625,,,1,70,,3367,5625,,,1,30,,3360,5625,,,1,70,,3368,5625,,,1,30,,3381,5625,,,1,78,,3366,5625,,,1,31,,3352,5625,,,1,70,,3369,5625,,,1,30,,3353,5625,,,1,70,,3361,5625,,,1,30,,3354,5625,,,1,70,,3374,5625,,,1,32,,3382,5625,,,1,70,,3375,5625,,,1,30,,3355,5625,,,1,70,,3376,5625,,,1,30,,3356,5625,,,1,70,,3377,5625,,,1,30,,3357,5625,,,1,70,,3378,5625,,,1,30,,3358,5625,,,1,69,,3379,5625,,,1,31,,3359,5625,,,1,70,,3380,5625,,,1,30,,3370,5625,,,1,81,,3362,5625,,,1,100,,3363,5625,,,1,100,,3364,5625,,,1,100,,3365,5625,,,1,100,,3371,5625,,,1,100,,3372,5625,,,1
1001,'SA',538,,3416,5625,,,1,96,,3417,5625,,,1,70,,3400,5625,,,1,30,,3393,5625,,,1,70,,3401,5625,,,1,30,,3414,5625,,,1,78,,3399,5625,,,1,31,,3385,5625,,,1,70,,3402,5625,,,1,30,,3386,5625,,,1,70,,3394,5625,,,1,30,,3387,5625,,,1,70,,3407,5625,,,1,32,,3415,5625,,,1,70,,3408,5625,,,1,30,,3388,5625,,,1,70,,3409,5625,,,1,30,,3389,5625,,,1,70,,3410,5625,,,1,30,,3390,5625,,,1,70,,3411,5625,,,1,30,,3391,5625,,,1,69,,3412,5625,,,1,31,,3392,5625,,,1,70,,3413,5625,,,1,30,,3403,5625,,,1,81,,3395,5625,,,1,100,,3396,5625,,,1,100,,3397,5625,,,1,100,,3398,5625,,,1,100,,3404,5625,,,1,100,,3405,5625,,,1
1701,'DI',556,,4963,5760,,,1,100,,4961,5760,,,1,70,,4953,5760,,,1,30,,4969,5760,,,1,70,,4948,5760,,,1,30,,4964,5760,,,1,70,,4954,5760,,,1,30,,4962,5760,,,1,70,,4958,5760,,,1,30,,4970,5760,,,1,70,,4944,5760,,,1,30,,4965,5760,,,1,70,,4973,5760,,,1,30,,4971,5760,,,1,70,,4950,5760,,,1,30,,4959,5760,,,1,70,,4955,5760,,,1,30,,4966,5760,,,1,70,,4951,5760,,,1,29,,4945,5760,,,1,70,,4941,5760,,,1,31,,4946,5760,,,1,70,,4942,5760,,,1,30,,4956,5760,,,1,71,,4943,5760,,,1,30,,4957,5760,,,1,99,,4967,5760,,,1,100,,4952,5760,,,1,100,,4972,5760,,,1,100,,4968,5760,,,1,100,,4949,5760,,,1,100,,4947,5760,,,1
1701,'F1',557,,5003,5760,,,1,100,,4993,5760,,,1,70,,4985,5760,,,1,30,,4978,5760,,,1,70,,4994,5760,,,1,30,,4988,5760,,,1,70,,5000,5760,,,1,30,,5001,5760,,,1,70,,4987,5760,,,1,30,,4989,5760,,,1,70,,4979,5760,,,1,30,,5004,5760,,,1,70,,4986,5760,,,1,30,,4990,5760,,,1,70,,4981,5760,,,1,30,,5005,5760,,,1,70,,4995,5760,,,1,30,,5002,5760,,,1,70,,4984,5760,,,1,30,,4991,5760,,,1,70,,4974,5760,,,1,29,,4982,5760,,,1,70,,4996,5760,,,1,31,,4977,5760,,,1,70,,4997,5760,,,1,31,,4992,5760,,,1,99,,4980,5760,,,1,100,,4999,5760,,,1,100,,4983,5760,,,1,100,,4975,5760,,,1,100,,5006,5760,,,1,100,,4976,5760,,,1
1701,'F7',556,,5029,5760,,,1,100,,5027,5760,,,1,70,,5019,5760,,,1,30,,5035,5760,,,1,70,,5014,5760,,,1,30,,5030,5760,,,1,70,,5020,5760,,,1,30,,5028,5760,,,1,70,,5024,5760,,,1,30,,5036,5760,,,1,70,,5010,5760,,,1,30,,5031,5760,,,1,70,,5039,5760,,,1,30,,5037,5760,,,1,70,,5016,5760,,,1,30,,5025,5760,,,1,70,,5021,5760,,,1,30,,5032,5760,,,1,70,,5017,5760,,,1,29,,5011,5760,,,1,70,,5007,5760,,,1,31,,5012,5760,,,1,70,,5008,5760,,,1,30,,5022,5760,,,1,71,,5009,5760,,,1,30,,5023,5760,,,1,99,,5033,5760,,,1,100,,5018,5760,,,1,100,,5038,5760,,,1,100,,5034,5760,,,1,100,,5015,5760,,,1,100,,5013,5760,,,1
1701,'F9',557,,5069,5760,,,1,100,,5059,5760,,,1,70,,5051,5760,,,1,30,,5044,5760,,,1,70,,5060,5760,,,1,30,,5054,5760,,,1,70,,5066,5760,,,1,30,,5067,5760,,,1,70,,5053,5760,,,1,30,,5055,5760,,,1,70,,5045,5760,,,1,30,,5070,5760,,,1,70,,5052,5760,,,1,30,,5056,5760,,,1,70,,5047,5760,,,1,30,,5071,5760,,,1,70,,5061,5760,,,1,30,,5068,5760,,,1,70,,5050,5760,,,1,30,,5057,5760,,,1,70,,5040,5760,,,1,29,,5048,5760,,,1,70,,5062,5760,,,1,31,,5043,5760,,,1,70,,5063,5760,,,1,31,,5058,5760,,,1,99,,5046,5760,,,1,100,,5065,5760,,,1,100,,5049,5760,,,1,100,,5041,5760,,,1,100,,5072,5760,,,1,100,,5042,5760,,,1
1701,'SA',557,,5102,5760,,,1,100,,5092,5760,,,1,70,,5084,5760,,,1,30,,5077,5760,,,1,70,,5093,5760,,,1,30,,5087,5760,,,1,70,,5099,5760,,,1,30,,5100,5760,,,1,70,,5086,5760,,,1,30,,5088,5760,,,1,70,,5078,5760,,,1,30,,5103,5760,,,1,70,,5085,5760,,,1,30,,5089,5760,,,1,70,,5080,5760,,,1,30,,5104,5760,,,1,70,,5094,5760,,,1,30,,5101,5760,,,1,70,,5083,5760,,,1,30,,5090,5760,,,1,70,,5073,5760,,,1,29,,5081,5760,,,1,70,,5095,5760,,,1,31,,5076,5760,,,1,70,,5096,5760,,,1,31,,5091,5760,,,1,99,,5079,5760,,,1,100,,5098,5760,,,1,100,,5082,5760,,,1,100,,5074,5760,,,1,100,,5105,5760,,,1,100,,5075,5760,,,1
7601,'F8',509,,13446,2878,,,1,30,,13425,2878,,,1,70,,13441,2878,,,1,24,,13449,2878,,,1,21,,13450,2878,,,1,60,,13442,2878,,,1,20,,13447,2878,,,1,4,,13432,2878,,,1,5,,13427,2878,,,1,15,,13421,2878,,,1,61,,13416,2878,,,1,23,,13422,2878,,,1,66,,13410,2878,,,1,30,,13420,2878,,,1,70,,13411,2878,,,1,30,,13451,2878,,,1,70,,13407,2878,,,1,30,,13415,2878,,,1,70,,13452,2878,,,1,30,,13428,2878,,,1,70,,13448,2878,,,1,30,,13409,2878,,,1,70,,13413,2878,,,1,32,,13418,2878,,,1,74,,13414,2878,,,1,26,,13424,2878,,,1,72,,13440,2878,,,1,33,,13417,2878,,,1,64,,13433,2878,,,1,17,,13419,2878,,,1,20,,13408,2878,,,1,61,,13423,2878,,,1,17,,13429,2878,,,1,19,,13426,2878,,,1,66,,13443,2878,,,1,30,,13412,2878,,,1,70,,13438,2878,,,1,30,,13430,2878,,,1,70,,13434,2878,,,1,30,,13431,2878,,,1,70,,13435,2878,,,1,29,,13444,2878,,,1,70,,13436,2878,,,1,30,,13445,2878,,,1,70,,13437,2878,,,1,30,,13439,2878,,,1
7601,'SE',509,,13492,2878,,,1,30,,13471,2878,,,1,70,,13487,2878,,,1,24,,13495,2878,,,1,21,,13496,2878,,,1,60,,13488,2878,,,1,20,,13493,2878,,,1,4,,13478,2878,,,1,5,,13473,2878,,,1,15,,13467,2878,,,1,61,,13462,2878,,,1,23,,13468,2878,,,1,66,,13456,2878,,,1,30,,13466,2878,,,1,70,,13457,2878,,,1,30,,13497,2878,,,1,70,,13453,2878,,,1,30,,13461,2878,,,1,70,,13498,2878,,,1,30,,13474,2878,,,1,70,,13494,2878,,,1,30,,13455,2878,,,1,70,,13459,2878,,,1,32,,13464,2878,,,1,74,,13460,2878,,,1,26,,13470,2878,,,1,72,,13486,2878,,,1,33,,13463,2878,,,1,64,,13479,2878,,,1,17,,13465,2878,,,1,20,,13454,2878,,,1,61,,13469,2878,,,1,17,,13475,2878,,,1,19,,13472,2878,,,1,66,,13489,2878,,,1,30,,13458,2878,,,1,70,,13484,2878,,,1,30,,13476,2878,,,1,70,,13480,2878,,,1,30,,13477,2878,,,1,70,,13481,2878,,,1,29,,13490,2878,,,1,70,,13482,2878,,,1,30,,13491,2878,,,1,70,,13483,2878,,,1,30,,13485,2878,,,1
