1300,'DI',712,,3422,9866,,,1,100,,23867,9866,,,1,100,,3423,9866,,,1,100,,23868,9866,,,1,100,,3424,9866,,,1,100,,23869,9866,,,1,100,,3425,9866,,,1,95,,23870,9866,,,1,105,,23878,9866,,,1,100,,23864,9866,,,1,100,,23871,9866,,,1,100,,23866,9866,,,1,100,,23872,9866,,,1,100,,23876,9866,,,1,100,,23874,9866,,,1,100,,23873,9866,,,1,100,,23865,9866,,,1,100,,23877,9866,,,1,100,,23875,9866,,,1
1300,'F1',712,,23879,9866,,,1,100,,23887,9866,,,1,100,,23881,9866,,,1,101,,23882,9866,,,1,99,,23892,9866,,,1,100,,23880,9866,,,1,100,,23888,9866,,,1,100,,23883,9866,,,1,100,,23889,9866,,,1,100,,23897,9866,,,1,100,,23885,9866,,,1,100,,23893,9866,,,1,100,,23890,9866,,,1,100,,23894,9866,,,1,100,,23884,9866,,,1,100,,23896,9866,,,1,100,,23891,9866,,,1,100,,23895,9866,,,1,100,,23898,9866,,,1,100,,23886,9866,,,1
1300,'F2',712,,23900,9866,,,1,100,,23907,9866,,,1,100,,23901,9866,,,1,101,,23902,9866,,,1,99,,23908,9866,,,1,100,,23910,9866,,,1,100,,23903,9866,,,1,100,,23911,9866,,,1,100,,23904,9866,,,1,100,,23899,9866,,,1,100,,23914,9866,,,1,100,,23917,9866,,,1,100,,23905,9866,,,1,100,,23912,9866,,,1,100,,23909,9866,,,1,100,,23918,9866,,,1,100,,23915,9866,,,1,100,,23906,9866,,,1,100,,23916,9866,,,1,100,,23913,9866,,,1
1300,'F7',617,,23933,9866,,,1,33,,23955,9866,,,1,67,,23949,9866,,,1,33,,23923,9866,,,1,55,,23941,9866,,,1,15,,23924,9866,,,1,15,,23936,9866,,,1,65,,23927,9866,,,1,25,,23919,9866,,,1,28,,23921,9866,,,1,70,,23931,9866,,,1,30,,23930,9866,,,1,70,,23925,9866,,,1,30,,23943,9866,,,1,70,,23922,9866,,,1,31,,23932,9866,,,1,70,,23951,9866,,,1,30,,23938,9866,,,1,70,,23944,9866,,,1,30,,23956,9866,,,1,72,,23953,9866,,,1,30,,23920,9866,,,1,62,,23946,9866,,,1,20,,23939,9866,,,1,15,,23940,9866,,,1,54,,23942,9866,,,1,10,,23959,9866,,,1,15,,23947,9866,,,1,20,,23937,9866,,,1,60,,23935,9866,,,1,20,,23934,9866,,,1,25,,23958,9866,,,1,68,,23926,9866,,,1,32,,23952,9866,,,1,70,,23954,9866,,,1,30,,23945,9866,,,1,68,,23957,9866,,,1,100,,23948,9866,,,1,100,,23950,9866,,,1,100,,23928,9866,,,1,103,,23929,9866,,,1
1300,'F8',712,,23961,9866,,,1,100,,23968,9866,,,1,100,,23962,9866,,,1,101,,23963,9866,,,1,99,,23969,9866,,,1,100,,23971,9866,,,1,100,,23964,9866,,,1,100,,23972,9866,,,1,100,,23965,9866,,,1,100,,23960,9866,,,1,100,,23975,9866,,,1,100,,23978,9866,,,1,100,,23966,9866,,,1,100,,23973,9866,,,1,100,,23970,9866,,,1,100,,23979,9866,,,1,100,,23976,9866,,,1,100,,23967,9866,,,1,100,,23977,9866,,,1,100,,23974,9866,,,1
1300,'F9',712,,23982,9866,,,1,100,,23987,9866,,,1,100,,23983,9866,,,1,100,,23988,9866,,,1,100,,23984,9866,,,1,100,,23989,9866,,,1,100,,23985,9866,,,1,95,,23990,9866,,,1,105,,23998,9866,,,1,100,,23980,9866,,,1,100,,23991,9866,,,1,100,,23986,9866,,,1,100,,23992,9866,,,1,100,,23996,9866,,,1,100,,23994,9866,,,1,100,,23993,9866,,,1,100,,23981,9866,,,1,100,,23997,9866,,,1,100,,23995,9866,,,1
1300,'SA',712,,24000,9866,,,1,100,,24007,9866,,,1,100,,24001,9866,,,1,101,,24002,9866,,,1,99,,24008,9866,,,1,100,,24010,9866,,,1,100,,24003,9866,,,1,100,,24011,9866,,,1,100,,24004,9866,,,1,100,,23999,9866,,,1,100,,24014,9866,,,1,100,,24017,9866,,,1,100,,24005,9866,,,1,100,,24012,9866,,,1,100,,24009,9866,,,1,100,,24018,9866,,,1,100,,24015,9866,,,1,100,,24006,9866,,,1,100,,24016,9866,,,1,100,,24013,9866,,,1
1300,'SE',617,,24033,9866,,,1,33,,24055,9866,,,1,67,,24049,9866,,,1,33,,24023,9866,,,1,55,,24041,9866,,,1,15,,24024,9866,,,1,15,,24036,9866,,,1,65,,24027,9866,,,1,25,,24019,9866,,,1,28,,24021,9866,,,1,70,,24031,9866,,,1,30,,24030,9866,,,1,70,,24025,9866,,,1,30,,24043,9866,,,1,70,,24022,9866,,,1,31,,24032,9866,,,1,70,,24051,9866,,,1,30,,24038,9866,,,1,70,,24044,9866,,,1,30,,24056,9866,,,1,72,,24053,9866,,,1,30,,24020,9866,,,1,62,,24046,9866,,,1,20,,24039,9866,,,1,15,,24040,9866,,,1,54,,24042,9866,,,1,10,,24059,9866,,,1,15,,24047,9866,,,1,20,,24037,9866,,,1,60,,24035,9866,,,1,20,,24034,9866,,,1,25,,24058,9866,,,1,68,,24026,9866,,,1,32,,24052,9866,,,1,70,,24054,9866,,,1,30,,24045,9866,,,1,68,,24057,9866,,,1,100,,24048,9866,,,1,100,,24050,9866,,,1,100,,24028,9866,,,1,103,,24029,9866,,,1
1500,'DI',747,,24371,10663,,,1,102,,24368,10663,,,1,100,,24365,10663,,,1,100,,24378,10663,,,1,100,,24383,10663,,,1,100,,24376,10663,,,1,100,,24372,10663,,,1,100,,24366,10663,,,1,100,,24380,10663,,,1,100,,24367,10663,,,1,100,,24375,10663,,,1,100,,24373,10663,,,1,97,,24377,10663,,,1,100,,24381,10663,,,1,100,,24379,10663,,,1,100,,24374,10663,,,1,100,,24369,10663,,,1,100,,24382,10663,,,1,100,,24370,10663,,,1
1500,'F1',748,,24385,10663,,,1,100,,24391,10663,,,1,100,,24400,10663,,,1,100,,24392,10663,,,1,107,,24394,10663,,,1,95,,24393,10663,,,1,100,,24401,10663,,,1,100,,24386,10663,,,1,100,,24395,10663,,,1,100,,24387,10663,,,1,100,,24384,10663,,,1,100,,24397,10663,,,1,100,,24402,10663,,,1,99,,24388,10663,,,1,100,,24389,10663,,,1,100,,24398,10663,,,1,100,,24390,10663,,,1,100,,24399,10663,,,1,100,,24396,10663,,,1
1500,'F2',748,,24418,10663,,,1,100,,24411,10663,,,1,100,,24405,10663,,,1,100,,24419,10663,,,1,107,,24413,10663,,,1,95,,24403,10663,,,1,100,,24415,10663,,,1,100,,24409,10663,,,1,100,,24414,10663,,,1,100,,24410,10663,,,1,100,,24406,10663,,,1,100,,24412,10663,,,1,100,,24416,10663,,,1,99,,24417,10663,,,1,100,,24404,10663,,,1,100,,24420,10663,,,1,100,,24407,10663,,,1,100,,24421,10663,,,1,100,,24408,10663,,,1
1500,'F7',611,,24458,10663,,,1,30,,24452,10663,,,1,73,,24423,10663,,,1,28,,24444,10663,,,1,75,,24450,10663,,,1,26,,24430,10663,,,1,73,,24446,10663,,,1,30,,24429,10663,,,1,68,,24451,10663,,,1,30,,24448,10663,,,1,70,,24424,10663,,,1,30,,24427,10663,,,1,70,,24449,10663,,,1,30,,24432,10663,,,1,70,,24428,10663,,,1,30,,24425,10663,,,1,70,,24454,10663,,,1,30,,24438,10663,,,1,73,,24453,10663,,,1,30,,24431,10663,,,1,66,,24433,10663,,,1,34,,24426,10663,,,1,82,,24442,10663,,,1,18,,24457,10663,,,1,70,,24439,10663,,,1,30,,24440,10663,,,1,68,,24455,10663,,,1,27,,24443,10663,,,1,70,,24436,10663,,,1,30,,24447,10663,,,1,70,,24456,10663,,,1,30,,24441,10663,,,1,70,,24422,10663,,,1,30,,24435,10663,,,1,100,,24437,10663,,,1,98,,24445,10663,,,1,100,,24434,10663,,,1
1500,'F8',748,,24474,10663,,,1,100,,24467,10663,,,1,100,,24461,10663,,,1,100,,24475,10663,,,1,107,,24469,10663,,,1,95,,24459,10663,,,1,100,,24471,10663,,,1,100,,24465,10663,,,1,100,,24470,10663,,,1,100,,24466,10663,,,1,100,,24462,10663,,,1,100,,24468,10663,,,1,100,,24472,10663,,,1,99,,24473,10663,,,1,100,,24460,10663,,,1,100,,24476,10663,,,1,100,,24463,10663,,,1,100,,24477,10663,,,1,100,,24464,10663,,,1
1500,'F9',747,,24484,10663,,,1,102,,24481,10663,,,1,100,,24478,10663,,,1,100,,24491,10663,,,1,100,,24496,10663,,,1,100,,24489,10663,,,1,100,,24485,10663,,,1,100,,24479,10663,,,1,100,,24493,10663,,,1,100,,24480,10663,,,1,100,,24488,10663,,,1,100,,24486,10663,,,1,97,,24490,10663,,,1,100,,24494,10663,,,1,100,,24492,10663,,,1,100,,24487,10663,,,1,100,,24482,10663,,,1,100,,24495,10663,,,1,100,,24483,10663,,,1
1500,'SA',748,,24512,10663,,,1,100,,24505,10663,,,1,100,,24499,10663,,,1,100,,24513,10663,,,1,107,,24507,10663,,,1,95,,24497,10663,,,1,100,,24509,10663,,,1,100,,24503,10663,,,1,100,,24508,10663,,,1,100,,24504,10663,,,1,100,,24500,10663,,,1,100,,24506,10663,,,1,100,,24510,10663,,,1,99,,24511,10663,,,1,100,,24498,10663,,,1,100,,24514,10663,,,1,100,,24501,10663,,,1,100,,24515,10663,,,1,100,,24502,10663,,,1
1500,'SE',611,,24552,10663,,,1,30,,24546,10663,,,1,73,,24517,10663,,,1,28,,24538,10663,,,1,75,,24544,10663,,,1,26,,24524,10663,,,1,73,,24540,10663,,,1,30,,24523,10663,,,1,68,,24545,10663,,,1,30,,24542,10663,,,1,70,,24518,10663,,,1,30,,24521,10663,,,1,70,,24543,10663,,,1,30,,24526,10663,,,1,70,,24522,10663,,,1,30,,24519,10663,,,1,70,,24548,10663,,,1,30,,24532,10663,,,1,73,,24547,10663,,,1,30,,24525,10663,,,1,66,,24527,10663,,,1,34,,24520,10663,,,1,82,,24536,10663,,,1,18,,24551,10663,,,1,70,,24533,10663,,,1,30,,24534,10663,,,1,68,,24549,10663,,,1,27,,24537,10663,,,1,70,,24530,10663,,,1,30,,24541,10663,,,1,70,,24550,10663,,,1,30,,24535,10663,,,1,70,,24516,10663,,,1,30,,24529,10663,,,1,100,,24531,10663,,,1,98,,24539,10663,,,1,100,,24528,10663,,,1
3001,'F7',611,,28281,7791,,,2,30,,28282,7791,,,2,71,,28283,7791,,,2,30,,28285,7791,,,2,72,,28284,7791,,,2,32,,28286,7791,,,2,764,,28289,7791,,,2,31,,28290,7791,,,2,68,,28287,7791,,,2,32,,28288,7791,,,2,71,,28291,7791,,,2
3001,'SE',611,,28292,7791,,,2,30,,28293,7791,,,2,71,,28294,7791,,,2,30,,28296,7791,,,2,72,,28295,7791,,,2,32,,28297,7791,,,2,764,,28300,7791,,,2,31,,28301,7791,,,2,68,,28298,7791,,,2,32,,28299,7791,,,2,71,,28302,7791,,,2
52601,'F7',908,,40646,4471,,,2,1,,40647,4471,,,2
52601,'SE',908,,40648,4471,,,2,1,,40649,4471,,,2
61300,'F7',1658,,40770,9437,,,2,53,,40769,9437,,,2
61300,'SE',1658,,18881,9437,,,2,53,,40771,9437,,,2
