3401,'F7',1651,,28864,1835,,,2,66,,28866,1835,,,2,20,,28865,1835,,,2,20,,28867,1835,,,2
3401,'SE',1651,,28875,1835,,,2,66,,28877,1835,,,2,20,,28876,1835,,,2,20,,28878,1835,,,2
5400,'DI',709,,31627,7863,,,1,100,,31620,7863,,,1,101,,31614,7863,,,1,103,,31621,7863,,,1,100,,31615,7863,,,1,100,,31602,7863,,,1,31,,31624,7863,,,1,70,,31625,7863,,,1,30,,31603,7863,,,1,70,,31616,7863,,,1,30,,31607,7863,,,1,70,,31626,7863,,,1,30,,31622,7863,,,1,70,,31613,7863,,,1,30,,31617,7863,,,1,70,,31618,7863,,,1,28,,31608,7863,,,1,73,,31623,7863,,,1,34,,31619,7863,,,1,63,,31604,7863,,,1,100,,31605,7863,,,1,100,,31606,7863,,,1,100,,31609,7863,,,1,100,,31610,7863,,,1,99,,31611,7863,,,1,100,,31612,7863,,,1
5400,'F1',709,,31649,7863,,,1,30,,31642,7863,,,1,70,,31652,7863,,,1,31,,31655,7863,,,1,70,,31633,7863,,,1,32,,31628,7863,,,1,71,,31650,7863,,,1,30,,31643,7863,,,1,70,,31629,7863,,,1,30,,31651,7863,,,1,70,,31646,7863,,,1,31,,31634,7863,,,1,70,,31644,7863,,,1,30,,31647,7863,,,1,70,,31638,7863,,,1,30,,31645,7863,,,1,70,,31653,7863,,,1,30,,31648,7863,,,1,70,,31630,7863,,,1,30,,31654,7863,,,1,70,,31636,7863,,,1,28,,31631,7863,,,1,73,,31632,7863,,,1,30,,31637,7863,,,1,67,,31635,7863,,,1,100,,31639,7863,,,1,100,,31640,7863,,,1,100,,31641,7863,,,1,100,,31656,7863,,,1,99,,31657,7863,,,1,100,,31658,7863,,,1
5400,'F2',709,,31672,7863,,,1,30,,31680,7863,,,1,70,,31675,7863,,,1,31,,31674,7863,,,1,70,,31673,7863,,,1,32,,31664,7863,,,1,71,,31662,7863,,,1,30,,31681,7863,,,1,70,,31670,7863,,,1,30,,31663,7863,,,1,70,,31665,7863,,,1,31,,31671,7863,,,1,70,,31682,7863,,,1,30,,31666,7863,,,1,70,,31676,7863,,,1,30,,31683,7863,,,1,70,,31659,7863,,,1,30,,31677,7863,,,1,70,,31667,7863,,,1,30,,31660,7863,,,1,70,,31678,7863,,,1,28,,31668,7863,,,1,73,,31661,7863,,,1,30,,31679,7863,,,1,67,,31669,7863,,,1,100,,31684,7863,,,1,100,,31685,7863,,,1,100,,31686,7863,,,1,100,,31687,7863,,,1,99,,31688,7863,,,1,100,,31689,7863,,,1
5400,'F7',703,,31703,7863,,,1,36,,31692,7863,,,1,71,,31702,7863,,,1,34,,31695,7863,,,1,72,,31718,7863,,,1,30,,31715,7863,,,1,70,,31719,7863,,,1,30,,31710,7863,,,1,70,,31707,7863,,,1,30,,31699,7863,,,1,70,,31717,7863,,,1,30,,31691,7863,,,1,71,,31720,7863,,,1,30,,31701,7863,,,1,70,,31694,7863,,,1,30,,31708,7863,,,1,66,,31696,7863,,,1,27,,31706,7863,,,1,70,,31697,7863,,,1,30,,31705,7863,,,1,74,,31709,7863,,,1,23,,31713,7863,,,1,75,,31698,7863,,,1,28,,31721,7863,,,1,75,,31716,7863,,,1,29,,31711,7863,,,1,68,,31690,7863,,,1,30,,31722,7863,,,1,70,,31714,7863,,,1,30,,31693,7863,,,1,68,,31723,7863,,,1,100,,31712,7863,,,1,99,,31700,7863,,,1,100,,31704,7863,,,1
5400,'F8',709,,31737,7863,,,1,30,,31745,7863,,,1,70,,31740,7863,,,1,31,,31739,7863,,,1,70,,31738,7863,,,1,32,,31729,7863,,,1,71,,31727,7863,,,1,30,,31746,7863,,,1,70,,31735,7863,,,1,30,,31728,7863,,,1,70,,31730,7863,,,1,31,,31736,7863,,,1,70,,31747,7863,,,1,30,,31731,7863,,,1,70,,31741,7863,,,1,30,,31748,7863,,,1,70,,31724,7863,,,1,30,,31742,7863,,,1,70,,31732,7863,,,1,30,,31725,7863,,,1,70,,31743,7863,,,1,28,,31733,7863,,,1,73,,31726,7863,,,1,30,,31744,7863,,,1,67,,31734,7863,,,1,100,,31749,7863,,,1,100,,31750,7863,,,1,100,,31751,7863,,,1,100,,31752,7863,,,1,99,,31753,7863,,,1,100,,31754,7863,,,1
5400,'F9',709,,31780,7863,,,1,100,,31773,7863,,,1,101,,31767,7863,,,1,103,,31774,7863,,,1,100,,31768,7863,,,1,100,,31755,7863,,,1,31,,31777,7863,,,1,70,,31778,7863,,,1,30,,31756,7863,,,1,70,,31769,7863,,,1,30,,31760,7863,,,1,70,,31779,7863,,,1,30,,31775,7863,,,1,70,,31766,7863,,,1,30,,31770,7863,,,1,70,,31771,7863,,,1,28,,31761,7863,,,1,73,,31776,7863,,,1,34,,31772,7863,,,1,63,,31757,7863,,,1,100,,31758,7863,,,1,100,,31759,7863,,,1,100,,31762,7863,,,1,100,,31763,7863,,,1,99,,31764,7863,,,1,100,,31765,7863,,,1
5400,'SA',709,,31794,7863,,,1,30,,31802,7863,,,1,70,,31797,7863,,,1,31,,31796,7863,,,1,70,,31795,7863,,,1,32,,31786,7863,,,1,71,,31784,7863,,,1,30,,10589,7863,,,1,70,,31792,7863,,,1,30,,31785,7863,,,1,70,,31787,7863,,,1,31,,31793,7863,,,1,70,,31803,7863,,,1,30,,31788,7863,,,1,70,,31798,7863,,,1,30,,10591,7863,,,1,70,,31781,7863,,,1,30,,31799,7863,,,1,70,,31789,7863,,,1,30,,31782,7863,,,1,70,,31800,7863,,,1,28,,31790,7863,,,1,73,,31783,7863,,,1,30,,31801,7863,,,1,67,,31791,7863,,,1,100,,31804,7863,,,1,100,,31805,7863,,,1,100,,31806,7863,,,1,100,,31807,7863,,,1,99,,31808,7863,,,1,100,,31809,7863,,,1
5400,'SE',703,,31823,7863,,,1,36,,31812,7863,,,1,71,,31822,7863,,,1,34,,31815,7863,,,1,72,,31838,7863,,,1,30,,31835,7863,,,1,70,,31839,7863,,,1,30,,31830,7863,,,1,70,,31827,7863,,,1,30,,31819,7863,,,1,70,,31837,7863,,,1,30,,31811,7863,,,1,71,,31840,7863,,,1,30,,31821,7863,,,1,70,,31814,7863,,,1,30,,31828,7863,,,1,66,,31816,7863,,,1,27,,31826,7863,,,1,70,,31817,7863,,,1,30,,31825,7863,,,1,74,,31829,7863,,,1,23,,31833,7863,,,1,75,,31818,7863,,,1,28,,31841,7863,,,1,75,,31836,7863,,,1,29,,31831,7863,,,1,68,,31810,7863,,,1,30,,31842,7863,,,1,70,,31834,7863,,,1,30,,31813,7863,,,1,68,,31843,7863,,,1,100,,31832,7863,,,1,99,,31820,7863,,,1,100,,31824,7863,,,1
5901,'F7',606,,32173,10383,,,2,30,,32175,10383,,,2,72,,32172,10383,,,2,20,,32176,10383,,,2,20,,32174,10383,,,2,70,,32177,10383,,,2
5901,'SE',606,,32183,10383,,,2,30,,32185,10383,,,2,72,,32182,10383,,,2,20,,32186,10383,,,2,20,,32184,10383,,,2,70,,32187,10383,,,2
7700,'DI',723,,35010,9414,0,21 22 23,1,100,,35013,9414,0,21 22 23,1,100,,35011,9414,0,21 22 23,1,100,,35014,9414,0,21 22 23,1,100,,35012,9414,0,21 22 23,1,100,,35009,9414,0,21 22 23,1,100,,35015,9414,0,21 22 23,1,100,,35018,9414,0,21 22 23,1,100,,35008,9414,0,21 22 23,1,100,,35019,9414,0,21 22 23,1,100,,35020,9414,0,21 22 23,1,100,,35021,9414,0,21 22 23,1,99,,35016,9414,0,21 22 23,1,100,,35022,9414,0,21 22 23,1,100,,35017,9414,0,21 22 23,1
7700,'F1',723,,35026,9414,0,21 22 23,1,100,,35028,9414,0,21 22 23,1,100,,35027,9414,0,21 22 23,1,100,,35029,9414,0,21 22 23,1,100,,35023,9414,0,21 22 23,1,100,,35030,9414,0,21 22 23,1,100,,35031,9414,0,21 22 23,1,97,,35024,9414,0,21 22 23,1,103,,35032,9414,0,21 22 23,1,99,,35034,9414,0,21 22 23,1,101,,35033,9414,0,21 22 23,1,100,,35035,9414,0,21 22 23,1,99,,35036,9414,0,21 22 23,1,100,,35025,9414,0,21 22 23,1,100,,35037,9414,0,21 22 23,1
7700,'F2',723,,35052,9414,0,21 22 23,1,100,,35043,9414,0,21 22 23,1,100,,35039,9414,0,21 22 23,1,100,,35044,9414,0,21 22 23,1,100,,35040,9414,0,21 22 23,1,100,,35042,9414,0,21 22 23,1,100,,35045,9414,0,21 22 23,1,97,,35038,9414,0,21 22 23,1,103,,35046,9414,0,21 22 23,1,99,,35048,9414,0,21 22 23,1,101,,35047,9414,0,21 22 23,1,100,,35049,9414,0,21 22 23,1,99,,35050,9414,0,21 22 23,1,100,,35041,9414,0,21 22 23,1,100,,35051,9414,0,21 22 23,1
7700,'F7',613,,35056,9414,0,21 22 23,1,15,,35057,9414,0,21 22 23,1,20,,35062,9414,0,21 22 23,1,58,,35065,9414,0,21 22 23,1,29,,35068,9414,0,21 22 23,1,23,,35063,9414,0,21 22 23,1,62,,35067,9414,0,21 22 23,1,15,,35058,9414,0,21 22 23,1,71,,35066,9414,0,21 22 23,1,30,,35069,9414,0,21 22 23,1,70,,35064,9414,0,21 22 23,1,30,,35059,9414,0,21 22 23,1,70,,35071,9414,0,21 22 23,1,30,,35070,9414,0,21 22 23,1,70,,35073,9414,0,21 22 23,1,32,,35074,9414,0,21 22 23,1,73,,35072,9414,0,21 22 23,1,30,,35075,9414,0,21 22 23,1,70,,35079,9414,0,21 22 23,1,27,,35081,9414,0,21 22 23,1,20,,35084,9414,0,21 22 23,1,60,,35088,9414,0,21 22 23,1,20,,35076,9414,0,21 22 23,1,5,,35054,9414,0,21 22 23,1,15,,35080,9414,0,21 22 23,1,59,,35060,9414,0,21 22 23,1,18,,35082,9414,0,21 22 23,1,18,,35085,9414,0,21 22 23,1,57,,35089,9414,0,21 22 23,1,18,,35090,9414,0,21 22 23,1,18,,35077,9414,0,21 22 23,1,60,,35061,9414,0,21 22 23,1,18,,35083,9414,0,21 22 23,1,2,,35087,9414,0,21 22 23,1,18,,35086,9414,0,21 22 23,1,56,,35078,9414,0,21 22 23,1,30,,35091,9414,0,21 22 23,1,72,,35093,9414,0,21 22 23,1,31,,35055,9414,0,21 22 23,1,67,,35053,9414,0,21 22 23,1,30,,35092,9414,0,21 22 23,1
7700,'F8',723,,35108,9414,0,21 22 23,1,100,,35099,9414,0,21 22 23,1,100,,35095,9414,0,21 22 23,1,100,,35100,9414,0,21 22 23,1,100,,35096,9414,0,21 22 23,1,100,,35098,9414,0,21 22 23,1,100,,35101,9414,0,21 22 23,1,97,,35094,9414,0,21 22 23,1,103,,35102,9414,0,21 22 23,1,99,,35104,9414,0,21 22 23,1,101,,35103,9414,0,21 22 23,1,100,,35105,9414,0,21 22 23,1,99,,35106,9414,0,21 22 23,1,100,,35097,9414,0,21 22 23,1,100,,35107,9414,0,21 22 23,1
7700,'F9',723,,35111,9414,0,21 22 23,1,100,,35114,9414,0,21 22 23,1,100,,35112,9414,0,21 22 23,1,100,,35115,9414,0,21 22 23,1,100,,35113,9414,0,21 22 23,1,100,,35110,9414,0,21 22 23,1,100,,35116,9414,0,21 22 23,1,100,,35119,9414,0,21 22 23,1,100,,35109,9414,0,21 22 23,1,100,,35120,9414,0,21 22 23,1,100,,35121,9414,0,21 22 23,1,100,,35122,9414,0,21 22 23,1,99,,35117,9414,0,21 22 23,1,100,,35123,9414,0,21 22 23,1,100,,35118,9414,0,21 22 23,1
7700,'SA',723,,35137,9414,0,21 22 23,1,100,,35128,9414,0,21 22 23,1,100,,35125,9414,0,21 22 23,1,100,,35129,9414,0,21 22 23,1,100,,13602,9414,0,21 22 23,1,100,,35127,9414,0,21 22 23,1,100,,35130,9414,0,21 22 23,1,97,,35124,9414,0,21 22 23,1,103,,35131,9414,0,21 22 23,1,99,,35133,9414,0,21 22 23,1,101,,35132,9414,0,21 22 23,1,100,,35134,9414,0,21 22 23,1,99,,35135,9414,0,21 22 23,1,100,,35126,9414,0,21 22 23,1,100,,35136,9414,0,21 22 23,1
7700,'SE',613,,35141,9414,0,21 22 23,1,15,,35142,9414,0,21 22 23,1,20,,35147,9414,0,21 22 23,1,58,,35150,9414,0,21 22 23,1,29,,35153,9414,0,21 22 23,1,23,,35148,9414,0,21 22 23,1,62,,35152,9414,0,21 22 23,1,15,,35143,9414,0,21 22 23,1,71,,35151,9414,0,21 22 23,1,30,,35154,9414,0,21 22 23,1,70,,35149,9414,0,21 22 23,1,30,,35144,9414,0,21 22 23,1,70,,35156,9414,0,21 22 23,1,30,,35155,9414,0,21 22 23,1,70,,35158,9414,0,21 22 23,1,32,,35159,9414,0,21 22 23,1,73,,35157,9414,0,21 22 23,1,30,,35160,9414,0,21 22 23,1,70,,35164,9414,0,21 22 23,1,27,,35166,9414,0,21 22 23,1,20,,35169,9414,0,21 22 23,1,60,,35173,9414,0,21 22 23,1,20,,35161,9414,0,21 22 23,1,5,,35139,9414,0,21 22 23,1,15,,35165,9414,0,21 22 23,1,59,,35145,9414,0,21 22 23,1,18,,35167,9414,0,21 22 23,1,18,,35170,9414,0,21 22 23,1,57,,35174,9414,0,21 22 23,1,18,,13636,9414,0,21 22 23,1,18,,35162,9414,0,21 22 23,1,60,,35146,9414,0,21 22 23,1,18,,35168,9414,0,21 22 23,1,2,,35172,9414,0,21 22 23,1,18,,35171,9414,0,21 22 23,1,56,,35163,9414,0,21 22 23,1,30,,35175,9414,0,21 22 23,1,72,,35177,9414,0,21 22 23,1,31,,35140,9414,0,21 22 23,1,67,,35138,9414,0,21 22 23,1,30,,35176,9414,0,21 22 23,1
