2301,'F1',605,,6669,937,,,2,103,,6670,937,,,2,101,,6671,937,,,2,100,,6667,937,,,2,103,,6668,937,,,2,99,,6672,937,,,2,103,,6673,937,,,2,97,,6664,937,,,2,99,,6665,937,,,2,100,,6666,937,,,2,100,,6675,937,,,2,100,,6674,937,,,2
2301,'F8',1012,,6678,937,,,2,100,,6676,937,,,2,100,,6679,937,,,2,101,,6677,937,,,2,100,,6680,937,,,2
2301,'F9',605,,6686,937,,,2,103,,6687,937,,,2,101,,6688,937,,,2,100,,6684,937,,,2,103,,6685,937,,,2,99,,6689,937,,,2,103,,6690,937,,,2,97,,6681,937,,,2,99,,6682,937,,,2,100,,6683,937,,,2,100,,6692,937,,,2,100,,6691,937,,,2
2301,'SA',605,,6698,937,,,2,103,,6699,937,,,2,101,,6700,937,,,2,100,,6696,937,,,2,103,,6697,937,,,2,99,,6701,937,,,2,103,,6702,937,,,2,97,,6693,937,,,2,99,,6694,937,,,2,100,,6695,937,,,2,100,,6704,937,,,2,100,,6703,937,,,2
2301,'SE',1012,,6707,937,,,2,100,,6705,937,,,2,100,,6708,937,,,2,101,,6706,937,,,2,100,,6709,937,,,2
12301,'DI',538,,16064,15233,,,2,100,,16071,15233,,,2,100,,16065,15233,,,2,100,,16072,15233,,,2,100,,16066,15233,,,2,100,,16073,15233,,,2,100,,16067,15233,,,2,100,,16074,15233,,,2,100,,16068,15233,,,2,100,,16075,15233,,,2,100,,16069,15233,,,2,100,,16076,15233,,,2,100,,16070,15233,,,2,100,,16077,15233,,,2,100,,16078,15233,,,2,100,,16061,15233,,,2,100,,16079,15233,,,2,100,,16062,15233,,,2,100,,16080,15233,,,2,100,,16063,15233,,,2
12301,'F1',538,,16081,15233,,,2,100,,16094,15233,,,2,100,,16082,15233,,,2,99,,16095,15233,,,2,100,,16083,15233,,,2,100,,16096,15233,,,2,100,,16084,15233,,,2,100,,16097,15233,,,2,100,,16085,15233,,,2,100,,16098,15233,,,2,100,,16086,15233,,,2,100,,16099,15233,,,2,100,,16087,15233,,,2,100,,16100,15233,,,2,100,,16088,15233,,,2,100,,16091,15233,,,2,100,,16089,15233,,,2,100,,16092,15233,,,2,100,,16090,15233,,,2,100,,16093,15233,,,2
12301,'F7',538,,16104,15233,,,2,100,,16111,15233,,,2,100,,16105,15233,,,2,100,,16112,15233,,,2,100,,16106,15233,,,2,100,,16113,15233,,,2,100,,16107,15233,,,2,100,,16114,15233,,,2,100,,16108,15233,,,2,100,,16115,15233,,,2,100,,16109,15233,,,2,100,,16116,15233,,,2,100,,16110,15233,,,2,100,,16117,15233,,,2,100,,16118,15233,,,2,100,,16101,15233,,,2,100,,16119,15233,,,2,100,,16102,15233,,,2,100,,16120,15233,,,2,100,,16103,15233,,,2
12301,'F8',525,,16140,15233,,,2,30,,16141,15233,,,2,60,,16126,15233,,,2,22,,16124,15233,,,2,15,,16123,15233,,,2,66,,16127,15233,,,2,30,,16122,15233,,,2,69,,16121,15233,,,2,30,,16125,15233,,,2,68,,16144,15233,,,2,30,,16145,15233,,,2,96,,16130,15233,,,2,101,,16138,15233,,,2,100,,16128,15233,,,2,100,,16147,15233,,,2,100,,16149,15233,,,2,11,,16156,15233,,,2,65,,16151,15233,,,2,20,,16133,15233,,,2,15,,16132,15233,,,2,59,,16135,15233,,,2,6,,16146,15233,,,2,16,,16154,15233,,,2,10,,16155,15233,,,2,6,,16131,15233,,,2,64,,16153,15233,,,2,28,,16152,15233,,,2,69,,16150,15233,,,2,31,,16136,15233,,,2,66,,16129,15233,,,2,34,,16134,15233,,,2,68,,16137,15233,,,2,30,,16157,15233,,,2,98,,16148,15233,,,2,99,,16142,15233,,,2,100,,16139,15233,,,2,118,,16143,15233,,,2
12301,'F9',538,,16158,15233,,,2,100,,16171,15233,,,2,100,,16159,15233,,,2,99,,16172,15233,,,2,100,,16160,15233,,,2,100,,16173,15233,,,2,100,,16161,15233,,,2,100,,16174,15233,,,2,100,,16162,15233,,,2,100,,16175,15233,,,2,100,,16163,15233,,,2,100,,16176,15233,,,2,100,,16164,15233,,,2,100,,16177,15233,,,2,100,,16165,15233,,,2,100,,16168,15233,,,2,100,,16166,15233,,,2,100,,16169,15233,,,2,100,,16167,15233,,,2,100,,16170,15233,,,2
12301,'SA',538,,16178,15233,,,2,100,,16191,15233,,,2,100,,16179,15233,,,2,99,,16192,15233,,,2,100,,16180,15233,,,2,100,,16193,15233,,,2,100,,16181,15233,,,2,100,,16194,15233,,,2,100,,16182,15233,,,2,100,,16195,15233,,,2,100,,16183,15233,,,2,100,,16196,15233,,,2,100,,16184,15233,,,2,100,,16197,15233,,,2,100,,16185,15233,,,2,100,,16188,15233,,,2,100,,16186,15233,,,2,100,,16189,15233,,,2,100,,16187,15233,,,2,100,,16190,15233,,,2
12301,'SE',525,,16217,15233,,,2,30,,16218,15233,,,2,60,,16203,15233,,,2,22,,16201,15233,,,2,15,,16200,15233,,,2,66,,16204,15233,,,2,30,,16199,15233,,,2,69,,16198,15233,,,2,30,,16202,15233,,,2,68,,16221,15233,,,2,30,,16222,15233,,,2,96,,16207,15233,,,2,101,,16215,15233,,,2,100,,16205,15233,,,2,100,,16224,15233,,,2,100,,16226,15233,,,2,11,,16233,15233,,,2,65,,16228,15233,,,2,20,,16210,15233,,,2,15,,16209,15233,,,2,59,,16212,15233,,,2,6,,16223,15233,,,2,16,,16231,15233,,,2,10,,16232,15233,,,2,6,,16208,15233,,,2,64,,16230,15233,,,2,28,,16229,15233,,,2,69,,16227,15233,,,2,31,,16213,15233,,,2,66,,16206,15233,,,2,34,,16211,15233,,,2,68,,16214,15233,,,2,30,,16234,15233,,,2,98,,16225,15233,,,2,99,,16219,15233,,,2,100,,16216,15233,,,2,118,,16220,15233,,,2
67201,'F8',736,,18982,2853,,,2
67201,'SE',736,,18983,2853,,,2
