2300,'F1',646,,27432,2824,,,1,100,,27433,2824,,,1,100,,27429,2824,,,1,101,,27425,2824,,,1,99,,27427,2824,,,1,103,,27428,2824,,,1,97,,27434,2824,,,1,100,,27426,2824,,,1,100,,27430,2824,,,1,100,,27431,2824,,,1,100,,27435,2824,,,1,102,,27436,2824,,,1
2300,'F2',646,,27445,2824,,,1,100,,27446,2824,,,1,100,,27437,2824,,,1,101,,27438,2824,,,1,99,,27441,2824,,,1,103,,27442,2824,,,1,97,,27447,2824,,,1,100,,27448,2824,,,1,100,,27444,2824,,,1,100,,27443,2824,,,1,100,,27439,2824,,,1,102,,27440,2824,,,1
2300,'F7',947,,27451,2824,,,1,100,,27449,2824,,,1,100,,27452,2824,,,1,100,,27453,2824,,,1,100,,27450,2824,,,1
2300,'F8',646,,27462,2824,,,1,100,,27463,2824,,,1,100,,27454,2824,,,1,101,,27455,2824,,,1,99,,27458,2824,,,1,103,,27459,2824,,,1,97,,27464,2824,,,1,100,,27465,2824,,,1,100,,27461,2824,,,1,100,,27460,2824,,,1,100,,27456,2824,,,1,102,,27457,2824,,,1
2300,'SA',646,,27474,2824,,,1,100,,27475,2824,,,1,100,,27466,2824,,,1,101,,27467,2824,,,1,99,,27470,2824,,,1,103,,27471,2824,,,1,97,,27476,2824,,,1,100,,27477,2824,,,1,100,,27473,2824,,,1,100,,27472,2824,,,1,100,,27468,2824,,,1,102,,27469,2824,,,1
2300,'SE',947,,27480,2824,,,1,100,,27478,2824,,,1,100,,27481,2824,,,1,100,,27482,2824,,,1,100,,27479,2824,,,1
12300,'DI',617,,37610,2824,0,42 43,1,100,,37620,2824,0,42 43,1,100,,37611,2824,0,42 43,1,100,,37621,2824,0,42 43,1,100,,37612,2824,0,42 43,1,100,,37622,2824,0,42 43,1,105,,37613,2824,0,42 43,1,95,,37623,2824,0,42 43,1,100,,37614,2824,0,42 43,1,100,,37624,2824,0,42 43,1,100,,37615,2824,0,42 43,1,100,,37625,2824,0,42 43,1,100,,37616,2824,0,42 43,1,100,,37626,2824,0,42 43,1,100,,37617,2824,0,42 43,1,100,,37627,2824,0,42 43,1,100,,37618,2824,0,42 43,1,100,,37628,2824,0,42 43,1,100,,37619,2824,0,42 43,1
12300,'F1',616,,37637,2824,0,42 43,1,100,,37641,2824,0,42 43,1,100,,37631,2824,0,42 43,1,105,,37642,2824,0,42 43,1,99,,37632,2824,0,42 43,1,100,,37629,2824,0,42 43,1,100,,37633,2824,0,42 43,1,96,,37630,2824,0,42 43,1,100,,37634,2824,0,42 43,1,100,,37635,2824,0,42 43,1,104,,37643,2824,0,42 43,1,101,,37636,2824,0,42 43,1,99,,37644,2824,0,42 43,1,96,,37638,2824,0,42 43,1,100,,37645,2824,0,42 43,1,100,,37639,2824,0,42 43,1,100,,37646,2824,0,42 43,1,100,,37640,2824,0,42 43,1,100,,37647,2824,0,42 43,1
12300,'F2',616,,37649,2824,0,42 43,1,100,,37648,2824,0,42 43,1,100,,37650,2824,0,42 43,1,105,,37659,2824,0,42 43,1,99,,37651,2824,0,42 43,1,100,,37660,2824,0,42 43,1,100,,37652,2824,0,42 43,1,96,,37661,2824,0,42 43,1,100,,37653,2824,0,42 43,1,100,,37662,2824,0,42 43,1,104,,37654,2824,0,42 43,1,101,,37663,2824,0,42 43,1,99,,37655,2824,0,42 43,1,96,,37664,2824,0,42 43,1,100,,37656,2824,0,42 43,1,100,,37665,2824,0,42 43,1,100,,37657,2824,0,42 43,1,100,,37666,2824,0,42 43,1,100,,37658,2824,0,42 43,1
12300,'F7',509,,37686,2824,0,42 43,1,33,,37667,2824,0,42 43,1,15,,37674,2824,0,42 43,1,50,,37668,2824,0,42 43,1,10,,37688,2824,0,42 43,1,10,,37679,2824,0,42 43,1,11,,37689,2824,0,42 43,1,8,,37669,2824,0,42 43,1,12,,37693,2824,0,42 43,1,50,,37670,2824,0,42 43,1,21,,37694,2824,0,42 43,1,17,,37690,2824,0,42 43,1,69,,37696,2824,0,42 43,1,29,,37695,2824,0,42 43,1,69,,37676,2824,0,42 43,1,102,,37671,2824,0,42 43,1,100,,37681,2824,0,42 43,1,99,,37691,2824,0,42 43,1,101,,37683,2824,0,42 43,1,5,,37680,2824,0,42 43,1,93,,37687,2824,0,42 43,1,30,,37697,2824,0,42 43,1,70,,37684,2824,0,42 43,1,26,,37682,2824,0,42 43,1,71,,37699,2824,0,42 43,1,31,,37701,2824,0,42 43,1,71,,37673,2824,0,42 43,1,31,,37685,2824,0,42 43,1,76,,37672,2824,0,42 43,1,28,,37698,2824,0,42 43,1,70,,37692,2824,0,42 43,1,30,,37675,2824,0,42 43,1,70,,37700,2824,0,42 43,1,100,,37677,2824,0,42 43,1,100,,37702,2824,0,42 43,1,99,,37678,2824,0,42 43,1,100,,37703,2824,0,42 43,1
12300,'F8',616,,37705,2824,0,42 43,1,100,,37704,2824,0,42 43,1,100,,37706,2824,0,42 43,1,105,,37715,2824,0,42 43,1,99,,37707,2824,0,42 43,1,100,,37716,2824,0,42 43,1,100,,37708,2824,0,42 43,1,96,,37717,2824,0,42 43,1,100,,37709,2824,0,42 43,1,100,,37718,2824,0,42 43,1,104,,37710,2824,0,42 43,1,101,,37719,2824,0,42 43,1,99,,37711,2824,0,42 43,1,96,,37720,2824,0,42 43,1,100,,37712,2824,0,42 43,1,100,,37721,2824,0,42 43,1,100,,37713,2824,0,42 43,1,100,,37722,2824,0,42 43,1,100,,37714,2824,0,42 43,1
12300,'F9',617,,37723,2824,0,42 43,1,100,,37733,2824,0,42 43,1,100,,37724,2824,0,42 43,1,100,,37734,2824,0,42 43,1,100,,37725,2824,0,42 43,1,100,,37735,2824,0,42 43,1,105,,37726,2824,0,42 43,1,95,,37736,2824,0,42 43,1,100,,37727,2824,0,42 43,1,100,,37737,2824,0,42 43,1,100,,37728,2824,0,42 43,1,100,,37738,2824,0,42 43,1,100,,37729,2824,0,42 43,1,100,,37739,2824,0,42 43,1,100,,37730,2824,0,42 43,1,100,,37740,2824,0,42 43,1,100,,37731,2824,0,42 43,1,100,,37741,2824,0,42 43,1,100,,37732,2824,0,42 43,1
12300,'SA',616,,37743,2824,0,42 43,1,100,,37742,2824,0,42 43,1,100,,37744,2824,0,42 43,1,105,,37753,2824,0,42 43,1,99,,37745,2824,0,42 43,1,100,,37754,2824,0,42 43,1,100,,37746,2824,0,42 43,1,96,,37755,2824,0,42 43,1,100,,37747,2824,0,42 43,1,100,,37756,2824,0,42 43,1,104,,37748,2824,0,42 43,1,101,,37757,2824,0,42 43,1,99,,37749,2824,0,42 43,1,96,,37758,2824,0,42 43,1,100,,37750,2824,0,42 43,1,100,,37759,2824,0,42 43,1,100,,37751,2824,0,42 43,1,100,,37760,2824,0,42 43,1,100,,37752,2824,0,42 43,1
12300,'SE',509,,37780,2824,0,42 43,1,33,,37761,2824,0,42 43,1,15,,37768,2824,0,42 43,1,50,,37762,2824,0,42 43,1,10,,37782,2824,0,42 43,1,10,,37773,2824,0,42 43,1,11,,37783,2824,0,42 43,1,8,,37763,2824,0,42 43,1,12,,37787,2824,0,42 43,1,50,,37764,2824,0,42 43,1,21,,37788,2824,0,42 43,1,17,,37784,2824,0,42 43,1,69,,37790,2824,0,42 43,1,29,,37789,2824,0,42 43,1,69,,37770,2824,0,42 43,1,102,,37765,2824,0,42 43,1,100,,37775,2824,0,42 43,1,99,,37785,2824,0,42 43,1,101,,37777,2824,0,42 43,1,5,,37774,2824,0,42 43,1,93,,37781,2824,0,42 43,1,30,,37791,2824,0,42 43,1,70,,37778,2824,0,42 43,1,26,,37776,2824,0,42 43,1,71,,37793,2824,0,42 43,1,31,,37795,2824,0,42 43,1,71,,37767,2824,0,42 43,1,31,,37779,2824,0,42 43,1,76,,37766,2824,0,42 43,1,28,,37792,2824,0,42 43,1,70,,37786,2824,0,42 43,1,30,,37769,2824,0,42 43,1,70,,37794,2824,0,42 43,1,100,,37771,2824,0,42 43,1,100,,37796,2824,0,42 43,1,99,,37772,2824,0,42 43,1,100,,37797,2824,0,42 43,1
17000,'F7',547,,38871,5452,0,46,2,70,,38875,5452,0,46,2,31,,38872,5452,0,46,2,70,,38876,5452,0,46,2,30,,38873,5452,0,46,2,73,,38877,5452,0,46,2,28,,38874,5452,0,46,2,691,,38878,5452,0,46,2,70,,38882,5452,0,46,2,30,,38879,5452,0,46,2,70,,38883,5452,0,46,2,30,,38880,5452,0,46,2,70,,38884,5452,0,46,2,30,,38881,5452,0,46,2
17000,'SE',547,,38885,5452,0,46,2,70,,38889,5452,0,46,2,31,,38886,5452,0,46,2,70,,38890,5452,0,46,2,30,,38887,5452,0,46,2,73,,38891,5452,0,46,2,28,,38888,5452,0,46,2,691,,38892,5452,0,46,2,70,,38896,5452,0,46,2,30,,38893,5452,0,46,2,70,,38897,5452,0,46,2,30,,38894,5452,0,46,2,70,,38898,5452,0,46,2,30,,38895,5452,0,46,2
