300,'DI',705,,20635,6569,,,1,100,,488,6569,,,1,100,,20636,6569,,,1,100,,489,6569,,,1,100,,20637,6569,,,1,100,,490,6569,,,1,100,,20638,6569,,,1,100,,491,6569,,,1,100,,492,6569,,,1,100,,493,6569,,,1,100,,494,6569,,,1,100,,495,6569,,,1,100,,20628,6569,,,1,100,,20629,6569,,,1,100,,20630,6569,,,1,100,,20631,6569,,,1,100,,20632,6569,,,1,100,,20633,6569,,,1,100,,20634,6569,,,1
300,'F1',635,,20656,6569,,,1,70,,20661,6569,,,1,30,,20657,6569,,,1,70,,20670,6569,,,1,30,,20658,6569,,,1,70,,20662,6569,,,1,30,,20659,6569,,,1,70,,20663,6569,,,1,30,,20660,6569,,,1,70,,20664,6569,,,1,30,,20667,6569,,,1,70,,20665,6569,,,1,30,,20668,6569,,,1,70,,20645,6569,,,1,30,,20669,6569,,,1,70,,20666,6569,,,1,30,,20651,6569,,,1,70,,20639,6569,,,1,30,,20652,6569,,,1,70,,20640,6569,,,1,30,,20653,6569,,,1,70,,20641,6569,,,1,30,,20654,6569,,,1,70,,20642,6569,,,1,30,,20655,6569,,,1,70,,20643,6569,,,1,100,,20644,6569,,,1,100,,20646,6569,,,1,100,,20647,6569,,,1,100,,20648,6569,,,1,100,,20649,6569,,,1,100,,20650,6569,,,1
300,'F2',635,,20671,6569,,,1,70,,20687,6569,,,1,30,,20672,6569,,,1,70,,20678,6569,,,1,30,,20673,6569,,,1,70,,20688,6569,,,1,30,,20674,6569,,,1,70,,20689,6569,,,1,30,,20675,6569,,,1,70,,20679,6569,,,1,30,,20676,6569,,,1,70,,20680,6569,,,1,30,,20677,6569,,,1,70,,20696,6569,,,1,30,,20690,6569,,,1,70,,20681,6569,,,1,30,,20691,6569,,,1,70,,20697,6569,,,1,30,,20692,6569,,,1,70,,20698,6569,,,1,30,,20693,6569,,,1,70,,20699,6569,,,1,30,,20694,6569,,,1,70,,20700,6569,,,1,30,,20695,6569,,,1,70,,20701,6569,,,1,100,,20682,6569,,,1,100,,20683,6569,,,1,100,,20684,6569,,,1,100,,20685,6569,,,1,100,,20702,6569,,,1,100,,20686,6569,,,1
300,'F7',554,,20717,6569,,,1,83,,20719,6569,,,1,80,,20703,6569,,,1,40,,20704,6569,,,1,81,,20731,6569,,,1,69,,20726,6569,,,1,30,,20720,6569,,,1,70,,20727,6569,,,1,30,,20721,6569,,,1,70,,20705,6569,,,1,30,,20722,6569,,,1,70,,20706,6569,,,1,30,,20723,6569,,,1,70,,20707,6569,,,1,30,,20724,6569,,,1,70,,20708,6569,,,1,30,,20725,6569,,,1,71,,20709,6569,,,1,21,,20732,6569,,,1,18,,20739,6569,,,1,63,,20710,6569,,,1,21,,20730,6569,,,1,23,,20740,6569,,,1,58,,20714,6569,,,1,18,,20718,6569,,,1,20,,20738,6569,,,1,58,,20737,6569,,,1,32,,20733,6569,,,1,67,,20735,6569,,,1,29,,20734,6569,,,1,70,,20736,6569,,,1,30,,20715,6569,,,1,70,,20713,6569,,,1,30,,20716,6569,,,1,70,,20728,6569,,,1,100,,20729,6569,,,1,100,,20711,6569,,,1,100,,20712,6569,,,1
300,'F8',635,,20741,6569,,,1,70,,20757,6569,,,1,30,,20742,6569,,,1,70,,20748,6569,,,1,30,,20743,6569,,,1,70,,20758,6569,,,1,30,,20744,6569,,,1,70,,20759,6569,,,1,30,,20745,6569,,,1,70,,20749,6569,,,1,30,,20746,6569,,,1,70,,20750,6569,,,1,30,,20747,6569,,,1,70,,20766,6569,,,1,30,,20760,6569,,,1,70,,20751,6569,,,1,30,,20761,6569,,,1,70,,20767,6569,,,1,30,,20762,6569,,,1,70,,20768,6569,,,1,30,,20763,6569,,,1,70,,20769,6569,,,1,30,,20764,6569,,,1,70,,20770,6569,,,1,30,,20765,6569,,,1,70,,20771,6569,,,1,100,,20752,6569,,,1,100,,20753,6569,,,1,100,,20754,6569,,,1,100,,20755,6569,,,1,100,,20772,6569,,,1,100,,20756,6569,,,1
300,'F9',705,,20788,6569,,,1,100,,20773,6569,,,1,100,,20789,6569,,,1,100,,20774,6569,,,1,100,,20790,6569,,,1,100,,20775,6569,,,1,100,,20791,6569,,,1,100,,20776,6569,,,1,100,,20777,6569,,,1,100,,20778,6569,,,1,100,,20779,6569,,,1,100,,20780,6569,,,1,100,,20781,6569,,,1,100,,20782,6569,,,1,100,,20783,6569,,,1,100,,20784,6569,,,1,100,,20785,6569,,,1,100,,20786,6569,,,1,100,,20787,6569,,,1
300,'SA',635,,20792,6569,,,1,70,,20808,6569,,,1,30,,20793,6569,,,1,70,,20799,6569,,,1,30,,20794,6569,,,1,70,,20809,6569,,,1,30,,20795,6569,,,1,70,,20810,6569,,,1,30,,20796,6569,,,1,70,,20800,6569,,,1,30,,20797,6569,,,1,70,,20801,6569,,,1,30,,20798,6569,,,1,70,,20811,6569,,,1,30,,624,6569,,,1,70,,20802,6569,,,1,30,,625,6569,,,1,70,,20812,6569,,,1,30,,626,6569,,,1,70,,20813,6569,,,1,30,,627,6569,,,1,70,,20814,6569,,,1,30,,628,6569,,,1,70,,20815,6569,,,1,30,,629,6569,,,1,70,,20816,6569,,,1,100,,20803,6569,,,1,100,,20804,6569,,,1,100,,20805,6569,,,1,100,,20806,6569,,,1,100,,20817,6569,,,1,100,,20807,6569,,,1
300,'SE',554,,20832,6569,,,1,83,,20834,6569,,,1,80,,20818,6569,,,1,40,,20819,6569,,,1,81,,20846,6569,,,1,69,,20841,6569,,,1,30,,20835,6569,,,1,70,,20842,6569,,,1,30,,20836,6569,,,1,70,,20820,6569,,,1,30,,20837,6569,,,1,70,,20821,6569,,,1,30,,20838,6569,,,1,70,,20822,6569,,,1,30,,20839,6569,,,1,70,,20823,6569,,,1,30,,20840,6569,,,1,71,,20824,6569,,,1,21,,20847,6569,,,1,18,,20854,6569,,,1,63,,20825,6569,,,1,21,,20845,6569,,,1,23,,20855,6569,,,1,58,,20829,6569,,,1,18,,20833,6569,,,1,20,,20853,6569,,,1,58,,20852,6569,,,1,32,,20848,6569,,,1,67,,20850,6569,,,1,29,,20849,6569,,,1,70,,20851,6569,,,1,30,,20830,6569,,,1,70,,20828,6569,,,1,30,,20831,6569,,,1,70,,20843,6569,,,1,100,,20844,6569,,,1,100,,20826,6569,,,1,100,,20827,6569,,,1
50301,'F7',907,,40628,1326,,,2
50301,'SE',907,,40629,1326,,,2
60100,'F7',1614,,40741,5802,,,2
60100,'SE',1614,,40742,5802,,,2
