4301,'DI',814,,29856,6949,,,1,100,,29849,6949,,,1,100,,29850,6949,,,1,100,,29851,6949,,,1,101,,29852,6949,,,1,100,,29841,6949,,,1,100,,29842,6949,,,1,100,,29847,6949,,,1,101,,29848,6949,,,1,99,,29853,6949,,,1,100,,29843,6949,,,1,99,,29844,6949,,,1,99,,29845,6949,,,1,100,,29854,6949,,,1,100,,29846,6949,,,1,100,,29857,6949,,,1,99,,29855,6949,,,1,100,,29858,6949,,,1
4301,'F1',713,,29868,6949,,,1,101,,29859,6949,,,1,100,,29869,6949,,,1,100,,29876,6949,,,1,100,,29870,6949,,,1,100,,29874,6949,,,1,101,,29861,6949,,,1,100,,29873,6949,,,1,100,,29871,6949,,,1,101,,29875,6949,,,1,99,,29877,6949,,,1,100,,29860,6949,,,1,99,,29863,6949,,,1,99,,29864,6949,,,1,100,,29872,6949,,,1,100,,29865,6949,,,1,100,,29862,6949,,,1,99,,29866,6949,,,1,100,,29867,6949,,,1
4301,'F2',713,,29886,6949,,,1,101,,29880,6949,,,1,100,,29895,6949,,,1,100,,29891,6949,,,1,100,,29896,6949,,,1,100,,29878,6949,,,1,101,,29885,6949,,,1,100,,29888,6949,,,1,100,,29894,6949,,,1,101,,29879,6949,,,1,99,,29887,6949,,,1,100,,29883,6949,,,1,99,,29889,6949,,,1,99,,29881,6949,,,1,100,,29892,6949,,,1,100,,29884,6949,,,1,100,,29882,6949,,,1,99,,29890,6949,,,1,100,,29893,6949,,,1
4301,'F7',700,,29914,6949,,,1,33,,29917,6949,,,1,73,,29898,6949,,,1,22,,29908,6949,,,1,80,,29918,6949,,,1,25,,29897,6949,,,1,70,,29915,6949,,,1,100,,29919,6949,,,1,101,,29899,6949,,,1,100,,29907,6949,,,1,100,,29900,6949,,,1,96,,29916,6949,,,1,34,,29912,6949,,,1,67,,29901,6949,,,1,41,,29902,6949,,,1,66,,29904,6949,,,1,29,,29913,6949,,,1,71,,29910,6949,,,1,29,,29906,6949,,,1,70,,29909,6949,,,1,99,,29922,6949,,,1,100,,29903,6949,,,1,100,,29905,6949,,,1,98,,29920,6949,,,1,100,,29911,6949,,,1,100,,29921,6949,,,1
4301,'F8',713,,29931,6949,,,1,101,,29925,6949,,,1,100,,29940,6949,,,1,100,,29936,6949,,,1,100,,29941,6949,,,1,100,,29923,6949,,,1,101,,29930,6949,,,1,100,,29933,6949,,,1,100,,29939,6949,,,1,101,,29924,6949,,,1,99,,29932,6949,,,1,100,,29928,6949,,,1,99,,29934,6949,,,1,99,,29926,6949,,,1,100,,29937,6949,,,1,100,,29929,6949,,,1,100,,29927,6949,,,1,99,,29935,6949,,,1,100,,29938,6949,,,1
4301,'F9',814,,29957,6949,,,1,100,,29950,6949,,,1,100,,29951,6949,,,1,100,,29952,6949,,,1,101,,29953,6949,,,1,100,,29942,6949,,,1,100,,29943,6949,,,1,100,,29948,6949,,,1,101,,29949,6949,,,1,99,,29954,6949,,,1,100,,29944,6949,,,1,99,,29945,6949,,,1,99,,29946,6949,,,1,100,,29955,6949,,,1,100,,29947,6949,,,1,100,,29958,6949,,,1,99,,29956,6949,,,1,100,,29959,6949,,,1
4301,'SA',713,,29968,6949,,,1,101,,29962,6949,,,1,100,,29976,6949,,,1,100,,29973,6949,,,1,100,,29977,6949,,,1,100,,29960,6949,,,1,101,,29967,6949,,,1,100,,29970,6949,,,1,100,,8946,6949,,,1,101,,29961,6949,,,1,99,,29969,6949,,,1,100,,29965,6949,,,1,99,,29971,6949,,,1,99,,29963,6949,,,1,100,,29974,6949,,,1,100,,29966,6949,,,1,100,,29964,6949,,,1,99,,29972,6949,,,1,100,,29975,6949,,,1
4301,'SE',700,,29995,6949,,,1,33,,29998,6949,,,1,73,,29979,6949,,,1,22,,29989,6949,,,1,80,,29999,6949,,,1,25,,29978,6949,,,1,70,,29996,6949,,,1,100,,30000,6949,,,1,101,,29980,6949,,,1,100,,29988,6949,,,1,100,,29981,6949,,,1,96,,29997,6949,,,1,34,,29993,6949,,,1,67,,29982,6949,,,1,41,,29983,6949,,,1,66,,29985,6949,,,1,29,,29994,6949,,,1,71,,29991,6949,,,1,29,,29987,6949,,,1,70,,29990,6949,,,1,99,,30003,6949,,,1,100,,29984,6949,,,1,100,,29986,6949,,,1,98,,30001,6949,,,1,100,,29992,6949,,,1,100,,30002,6949,,,1
54600,'F7',1634,,40697,7562,,,2
54600,'SE',1634,,40698,7562,,,2
68900,'F7',1614,,40906,3131,,,2,1,,40907,3131,,,2
68900,'SE',1614,,40908,3131,,,2,1,,40909,3131,,,2
