4401,'DI',630,,30200,3254,,,2,101,,30205,3254,,,2,103,,30195,3254,,,2,101,,30198,3254,,,2,96,,30192,3254,,,2,100,,30206,3254,,,2,100,,30193,3254,,,2,100,,30207,3254,,,2,100,,30201,3254,,,2,98,,30208,3254,,,2,104,,30202,3254,,,2,99,,30196,3254,,,2,102,,30194,3254,,,2,97,,30199,3254,,,2,100,,30197,3254,,,2,101,,30203,3254,,,2,99,,30209,3254,,,2,101,,30204,3254,,,2,100,,30210,3254,,,2
4401,'F1',630,,30227,3254,,,2,103,,30223,3254,,,2,98,,30211,3254,,,2,100,,30229,3254,,,2,100,,30213,3254,,,2,100,,30215,3254,,,2,100,,30214,3254,,,2,105,,30216,3254,,,2,100,,30218,3254,,,2,95,,30212,3254,,,2,105,,30228,3254,,,2,100,,30224,3254,,,2,101,,30226,3254,,,2,94,,30219,3254,,,2,100,,30221,3254,,,2,101,,30220,3254,,,2,100,,30222,3254,,,2,98,,30225,3254,,,2,103,,30217,3254,,,2
4401,'F2',630,,30230,3254,,,2,103,,30232,3254,,,2,98,,30237,3254,,,2,100,,30233,3254,,,2,100,,30238,3254,,,2,100,,30234,3254,,,2,100,,30239,3254,,,2,105,,30235,3254,,,2,100,,30240,3254,,,2,95,,30236,3254,,,2,105,,30241,3254,,,2,100,,30245,3254,,,2,101,,30244,3254,,,2,94,,30242,3254,,,2,100,,30231,3254,,,2,101,,30243,3254,,,2,100,,30248,3254,,,2,98,,30246,3254,,,2,103,,30247,3254,,,2
4401,'F7',610,,30280,3254,,,2,16,,30261,3254,,,2,15,,30281,3254,,,2,16,,30270,3254,,,2,54,,30264,3254,,,2,11,,30252,3254,,,2,15,,30266,3254,,,2,15,,30265,3254,,,2,50,,30282,3254,,,2,18,,30267,3254,,,2,16,,30283,3254,,,2,95,,30274,3254,,,2,100,,30279,3254,,,2,100,,30249,3254,,,2,101,,30255,3254,,,2,100,,30259,3254,,,2,100,,30256,3254,,,2,100,,30271,3254,,,2,21,,30253,3254,,,2,55,,30272,3254,,,2,18,,30275,3254,,,2,16,,30273,3254,,,2,14,,30268,3254,,,2,52,,30262,3254,,,2,15,,30254,3254,,,2,15,,30269,3254,,,2,16,,30250,3254,,,2,53,,30257,3254,,,2,16,,30263,3254,,,2,19,,30258,3254,,,2,88,,30285,3254,,,2,100,,30284,3254,,,2,100,,30251,3254,,,2,100,,30276,3254,,,2,100,,30260,3254,,,2,100,,30278,3254,,,2,100,,30277,3254,,,2
4401,'F8',630,,30286,3254,,,2,103,,30288,3254,,,2,98,,30293,3254,,,2,100,,30289,3254,,,2,100,,30294,3254,,,2,100,,30290,3254,,,2,100,,30295,3254,,,2,105,,30291,3254,,,2,100,,30296,3254,,,2,95,,30292,3254,,,2,105,,30297,3254,,,2,100,,30301,3254,,,2,101,,30300,3254,,,2,94,,30298,3254,,,2,100,,30287,3254,,,2,101,,30299,3254,,,2,100,,30304,3254,,,2,98,,30302,3254,,,2,103,,30303,3254,,,2
4401,'F9',630,,30313,3254,,,2,101,,30318,3254,,,2,103,,30308,3254,,,2,101,,30311,3254,,,2,96,,30305,3254,,,2,100,,30319,3254,,,2,100,,30306,3254,,,2,100,,30320,3254,,,2,100,,30314,3254,,,2,98,,30321,3254,,,2,104,,30315,3254,,,2,99,,30309,3254,,,2,102,,30307,3254,,,2,97,,30312,3254,,,2,100,,30310,3254,,,2,101,,30316,3254,,,2,99,,30322,3254,,,2,101,,30317,3254,,,2,100,,30323,3254,,,2
4401,'SA',630,,30324,3254,,,2,103,,30326,3254,,,2,98,,30331,3254,,,2,100,,30327,3254,,,2,100,,30332,3254,,,2,100,,30328,3254,,,2,100,,30333,3254,,,2,105,,30329,3254,,,2,100,,30334,3254,,,2,95,,30330,3254,,,2,105,,30335,3254,,,2,100,,30339,3254,,,2,101,,30338,3254,,,2,94,,30336,3254,,,2,100,,30325,3254,,,2,101,,30337,3254,,,2,100,,30342,3254,,,2,98,,30340,3254,,,2,103,,30341,3254,,,2
4401,'SE',610,,30374,3254,,,2,16,,30355,3254,,,2,15,,30375,3254,,,2,16,,30364,3254,,,2,54,,30358,3254,,,2,11,,30346,3254,,,2,15,,30360,3254,,,2,15,,30359,3254,,,2,50,,30376,3254,,,2,18,,30361,3254,,,2,16,,30377,3254,,,2,95,,30368,3254,,,2,100,,30373,3254,,,2,100,,30343,3254,,,2,101,,30349,3254,,,2,100,,30353,3254,,,2,100,,30350,3254,,,2,100,,30365,3254,,,2,21,,30347,3254,,,2,55,,30366,3254,,,2,18,,30369,3254,,,2,16,,30367,3254,,,2,14,,30362,3254,,,2,52,,30356,3254,,,2,15,,30348,3254,,,2,15,,30363,3254,,,2,16,,30344,3254,,,2,53,,30351,3254,,,2,16,,30357,3254,,,2,19,,30352,3254,,,2,88,,30379,3254,,,2,100,,30378,3254,,,2,100,,30345,3254,,,2,100,,30370,3254,,,2,100,,30354,3254,,,2,100,,30372,3254,,,2,100,,30371,3254,,,2
54401,'F7',906,,40695,934,,,2
54401,'SE',906,,40696,934,,,2
67400,'F7',1617,,40878,4439,4,,2
67400,'SE',1617,,40879,4439,4,,2
67401,'F7',854,,40880,3302,,,2
67401,'SE',854,,40881,3302,,,2
