7701,'DI',817,,35180,13288,0,25 26,1,100,,35183,13288,0,25 26,1,100,,35181,13288,0,25 26,1,100,,35184,13288,0,25 26,1,100,,35182,13288,0,25 26,1,100,,35179,13288,0,25 26,1,100,,35185,13288,0,25 26,1,100,,35188,13288,0,25 26,1,100,,35178,13288,0,25 26,1,100,,35189,13288,0,25 26,1,100,,35190,13288,0,25 26,1,98,,35191,13288,0,25 26,1,99,,35186,13288,0,25 26,1,100,,35192,13288,0,25 26,1,100,,35187,13288,0,25 26,1
7701,'F1',817,,35196,13288,0,25 26,1,100,,35198,13288,0,25 26,1,100,,35197,13288,0,25 26,1,100,,35199,13288,0,25 26,1,100,,35193,13288,0,25 26,1,100,,35200,13288,0,25 26,1,100,,35201,13288,0,25 26,1,97,,35194,13288,0,25 26,1,103,,35202,13288,0,25 26,1,99,,35204,13288,0,25 26,1,101,,35203,13288,0,25 26,1,98,,35205,13288,0,25 26,1,99,,35206,13288,0,25 26,1,100,,35195,13288,0,25 26,1,100,,35207,13288,0,25 26,1
7701,'F2',817,,35222,13288,0,25 26,1,100,,35213,13288,0,25 26,1,100,,35209,13288,0,25 26,1,100,,35214,13288,0,25 26,1,100,,35210,13288,0,25 26,1,100,,35212,13288,0,25 26,1,100,,35215,13288,0,25 26,1,97,,35208,13288,0,25 26,1,103,,35216,13288,0,25 26,1,99,,35218,13288,0,25 26,1,101,,35217,13288,0,25 26,1,98,,35219,13288,0,25 26,1,99,,35220,13288,0,25 26,1,100,,35211,13288,0,25 26,1,100,,35221,13288,0,25 26,1
7701,'F7',656,,35229,13288,0,25 26,1,51,,35225,13288,0,25 26,1,7,,35232,13288,0,25 26,1,7,,35235,13288,0,25 26,1,13,,35226,13288,0,25 26,1,2,,35238,13288,0,25 26,1,8,,35231,13288,0,25 26,1,58,,35236,13288,0,25 26,1,35,,35240,13288,0,25 26,1,68,,35233,13288,0,25 26,1,27,,35239,13288,0,25 26,1,5,,35227,13288,0,25 26,1,70,,35237,13288,0,25 26,1,30,,35241,13288,0,25 26,1,70,,35234,13288,0,25 26,1,30,,35228,13288,0,25 26,1,70,,35243,13288,0,25 26,1,31,,35242,13288,0,25 26,1,70,,35245,13288,0,25 26,1,31,,35246,13288,0,25 26,1,73,,35244,13288,0,25 26,1,30,,35247,13288,0,25 26,1,70,,35251,13288,0,25 26,1,31,,35253,13288,0,25 26,1,60,,35255,13288,0,25 26,1,20,,35258,13288,0,25 26,1,20,,35248,13288,0,25 26,1,60,,35252,13288,0,25 26,1,17,,35230,13288,0,25 26,1,18,,35254,13288,0,25 26,1,62,,35256,13288,0,25 26,1,29,,35259,13288,0,25 26,1,24,,35249,13288,0,25 26,1,73,,35257,13288,0,25 26,1,32,,35250,13288,0,25 26,1,70,,35260,13288,0,25 26,1,31,,35261,13288,0,25 26,1,71,,35224,13288,0,25 26,1,22,,35223,13288,0,25 26,1
7701,'F8',817,,35276,13288,0,25 26,1,100,,35267,13288,0,25 26,1,100,,35263,13288,0,25 26,1,100,,35268,13288,0,25 26,1,100,,35264,13288,0,25 26,1,100,,35266,13288,0,25 26,1,100,,35269,13288,0,25 26,1,97,,35262,13288,0,25 26,1,103,,35270,13288,0,25 26,1,99,,35272,13288,0,25 26,1,101,,35271,13288,0,25 26,1,98,,35273,13288,0,25 26,1,99,,35274,13288,0,25 26,1,100,,35265,13288,0,25 26,1,100,,35275,13288,0,25 26,1
7701,'F9',817,,35279,13288,0,25 26,1,100,,35282,13288,0,25 26,1,100,,35280,13288,0,25 26,1,100,,35283,13288,0,25 26,1,100,,35281,13288,0,25 26,1,100,,35278,13288,0,25 26,1,100,,35284,13288,0,25 26,1,100,,35287,13288,0,25 26,1,100,,35277,13288,0,25 26,1,100,,35288,13288,0,25 26,1,100,,35289,13288,0,25 26,1,98,,35290,13288,0,25 26,1,99,,35285,13288,0,25 26,1,100,,35291,13288,0,25 26,1,100,,35286,13288,0,25 26,1
7701,'SA',817,,35305,13288,0,25 26,1,100,,35296,13288,0,25 26,1,100,,35293,13288,0,25 26,1,100,,35297,13288,0,25 26,1,100,,13757,13288,0,25 26,1,100,,35295,13288,0,25 26,1,100,,35298,13288,0,25 26,1,97,,35292,13288,0,25 26,1,103,,35299,13288,0,25 26,1,99,,35301,13288,0,25 26,1,101,,35300,13288,0,25 26,1,98,,35302,13288,0,25 26,1,99,,35303,13288,0,25 26,1,100,,35294,13288,0,25 26,1,100,,35304,13288,0,25 26,1
7701,'SE',656,,35312,13288,0,25 26,1,51,,35308,13288,0,25 26,1,7,,35315,13288,0,25 26,1,7,,35318,13288,0,25 26,1,13,,35309,13288,0,25 26,1,2,,35321,13288,0,25 26,1,8,,35314,13288,0,25 26,1,58,,35319,13288,0,25 26,1,35,,35323,13288,0,25 26,1,68,,35316,13288,0,25 26,1,27,,35322,13288,0,25 26,1,5,,35310,13288,0,25 26,1,70,,35320,13288,0,25 26,1,30,,35324,13288,0,25 26,1,70,,35317,13288,0,25 26,1,30,,35311,13288,0,25 26,1,70,,35326,13288,0,25 26,1,31,,35325,13288,0,25 26,1,70,,35328,13288,0,25 26,1,31,,35329,13288,0,25 26,1,73,,35327,13288,0,25 26,1,30,,35330,13288,0,25 26,1,70,,35334,13288,0,25 26,1,31,,35336,13288,0,25 26,1,60,,35338,13288,0,25 26,1,20,,35341,13288,0,25 26,1,20,,35331,13288,0,25 26,1,60,,35335,13288,0,25 26,1,17,,35313,13288,0,25 26,1,18,,35337,13288,0,25 26,1,62,,35339,13288,0,25 26,1,29,,13794,13288,0,25 26,1,24,,35332,13288,0,25 26,1,73,,35340,13288,0,25 26,1,32,,35333,13288,0,25 26,1,70,,35342,13288,0,25 26,1,31,,35343,13288,0,25 26,1,71,,35307,13288,0,25 26,1,22,,35306,13288,0,25 26,1
60500,'F7',1623,,40745,7522,,,2,1,,40746,7522,,,2
60500,'SE',1623,,40747,7522,,,2,1,,40748,7522,,,2
