2301,'F1',611,,6669,3551,,,2,103,,6670,3551,,,2,101,,6671,3551,,,2,100,,6667,3551,,,2,103,,6668,3551,,,2,99,,6672,3551,,,2,103,,6673,3551,,,2,97,,6664,3551,,,2,99,,6665,3551,,,2,100,,6666,3551,,,2,100,,6675,3551,,,2,100,,6674,3551,,,2
2301,'F8',1019,,6678,3551,,,2,100,,6676,3551,,,2,100,,6679,3551,,,2,101,,6677,3551,,,2,100,,6680,3551,,,2
2301,'F9',611,,6686,3551,,,2,103,,6687,3551,,,2,101,,6688,3551,,,2,100,,6684,3551,,,2,103,,6685,3551,,,2,99,,6689,3551,,,2,103,,6690,3551,,,2,97,,6681,3551,,,2,99,,6682,3551,,,2,100,,6683,3551,,,2,100,,6692,3551,,,2,100,,6691,3551,,,2
2301,'SA',611,,6698,3551,,,2,103,,6699,3551,,,2,101,,6700,3551,,,2,100,,6696,3551,,,2,103,,6697,3551,,,2,99,,6701,3551,,,2,103,,6702,3551,,,2,97,,6693,3551,,,2,99,,6694,3551,,,2,100,,6695,3551,,,2,100,,6704,3551,,,2,100,,6703,3551,,,2
2301,'SE',1019,,6707,3551,,,2,100,,6705,3551,,,2,100,,6708,3551,,,2,101,,6706,3551,,,2,100,,6709,3551,,,2
12301,'DI',545,,16064,17848,,,2,100,,16071,17848,,,2,100,,16065,17848,,,2,100,,16072,17848,,,2,101,,16066,17848,,,2,100,,16073,17848,,,2,100,,16067,17848,,,2,100,,16074,17848,,,2,100,,16068,17848,,,2,100,,16075,17848,,,2,100,,16069,17848,,,2,100,,16076,17848,,,2,100,,16070,17848,,,2,100,,16077,17848,,,2,100,,16078,17848,,,2,99,,16061,17848,,,2,100,,16079,17848,,,2,100,,16062,17848,,,2,100,,16080,17848,,,2,100,,16063,17848,,,2
12301,'F1',544,,16081,17848,,,2,100,,16094,17848,,,2,100,,16082,17848,,,2,100,,16095,17848,,,2,100,,16083,17848,,,2,100,,16096,17848,,,2,100,,16084,17848,,,2,100,,16097,17848,,,2,100,,16085,17848,,,2,100,,16098,17848,,,2,100,,16086,17848,,,2,100,,16099,17848,,,2,100,,16087,17848,,,2,100,,16100,17848,,,2,100,,16088,17848,,,2,100,,16091,17848,,,2,100,,16089,17848,,,2,100,,16092,17848,,,2,100,,16090,17848,,,2,100,,16093,17848,,,2
12301,'F7',545,,16104,17848,,,2,100,,16111,17848,,,2,100,,16105,17848,,,2,100,,16112,17848,,,2,101,,16106,17848,,,2,100,,16113,17848,,,2,100,,16107,17848,,,2,100,,16114,17848,,,2,100,,16108,17848,,,2,100,,16115,17848,,,2,100,,16109,17848,,,2,100,,16116,17848,,,2,100,,16110,17848,,,2,100,,16117,17848,,,2,100,,16118,17848,,,2,99,,16101,17848,,,2,100,,16119,17848,,,2,100,,16102,17848,,,2,100,,16120,17848,,,2,100,,16103,17848,,,2
12301,'F8',531,,16140,17848,,,2,70,,16141,17848,,,2,20,,16126,17848,,,2,24,,16124,17848,,,2,55,,16123,17848,,,2,26,,16127,17848,,,2,30,,16122,17848,,,2,69,,16121,17848,,,2,30,,16125,17848,,,2,68,,16144,17848,,,2,30,,16145,17848,,,2,96,,16130,17848,,,2,101,,16138,17848,,,2,100,,16128,17848,,,2,100,,16147,17848,,,2,100,,16149,17848,,,2,51,,16156,17848,,,2,26,,16151,17848,,,2,20,,16133,17848,,,2,55,,16132,17848,,,2,19,,16135,17848,,,2,6,,16146,17848,,,2,16,,16154,17848,,,2,10,,16155,17848,,,2,6,,16131,17848,,,2,64,,16153,17848,,,2,26,,16152,17848,,,2,69,,16150,17848,,,2,31,,16136,17848,,,2,66,,16129,17848,,,2,34,,16134,17848,,,2,68,,16137,17848,,,2,30,,16157,17848,,,2,98,,16148,17848,,,2,98,,16142,17848,,,2,100,,16139,17848,,,2,157,,16143,17848,,,2
12301,'F9',544,,16158,17848,,,2,100,,16171,17848,,,2,100,,16159,17848,,,2,100,,16172,17848,,,2,100,,16160,17848,,,2,100,,16173,17848,,,2,100,,16161,17848,,,2,100,,16174,17848,,,2,100,,16162,17848,,,2,100,,16175,17848,,,2,100,,16163,17848,,,2,100,,16176,17848,,,2,100,,16164,17848,,,2,100,,16177,17848,,,2,100,,16165,17848,,,2,100,,16168,17848,,,2,100,,16166,17848,,,2,100,,16169,17848,,,2,100,,16167,17848,,,2,100,,16170,17848,,,2
12301,'SA',544,,16178,17848,,,2,100,,16191,17848,,,2,100,,16179,17848,,,2,100,,16192,17848,,,2,100,,16180,17848,,,2,100,,16193,17848,,,2,100,,16181,17848,,,2,100,,16194,17848,,,2,100,,16182,17848,,,2,100,,16195,17848,,,2,100,,16183,17848,,,2,100,,16196,17848,,,2,100,,16184,17848,,,2,100,,16197,17848,,,2,100,,16185,17848,,,2,100,,16188,17848,,,2,100,,16186,17848,,,2,100,,16189,17848,,,2,100,,16187,17848,,,2,100,,16190,17848,,,2
12301,'SE',531,,16217,17848,,,2,70,,16218,17848,,,2,20,,16203,17848,,,2,24,,16201,17848,,,2,55,,16200,17848,,,2,26,,16204,17848,,,2,30,,16199,17848,,,2,69,,16198,17848,,,2,30,,16202,17848,,,2,68,,16221,17848,,,2,30,,16222,17848,,,2,96,,16207,17848,,,2,101,,16215,17848,,,2,100,,16205,17848,,,2,100,,16224,17848,,,2,100,,16226,17848,,,2,51,,16233,17848,,,2,26,,16228,17848,,,2,20,,16210,17848,,,2,55,,16209,17848,,,2,19,,16212,17848,,,2,6,,16223,17848,,,2,16,,16231,17848,,,2,10,,16232,17848,,,2,6,,16208,17848,,,2,64,,16230,17848,,,2,26,,16229,17848,,,2,69,,16227,17848,,,2,31,,16213,17848,,,2,66,,16206,17848,,,2,34,,16211,17848,,,2,68,,16214,17848,,,2,30,,16234,17848,,,2,98,,16225,17848,,,2,98,,16219,17848,,,2,100,,16216,17848,,,2,157,,16220,17848,,,2
