9300,'F1',1627,,37182,3606,0,39 20,2,80,,37183,3606,0,39 20,2,20,,37186,3606,0,39 20,2,30,,37184,3606,0,39 20,2,80,,37185,3606,0,39 20,2
9300,'F7',1627,,37187,3606,0,39 20,2,80,,37188,3606,0,39 20,2,20,,37191,3606,0,39 20,2,30,,37189,3606,0,39 20,2,80,,37190,3606,0,39 20,2
9300,'SE',1627,,37192,3606,0,39 20,2,80,,37193,3606,0,39 20,2,20,,37196,3606,0,39 20,2,30,,37194,3606,0,39 20,2,80,,37195,3606,0,39 20,2
9901,'DI',901,,37415,10296,0,19 20,2,100,,37411,10296,0,19 20,2,100,,37403,10296,0,19 20,2,101,,37408,10296,0,19 20,2,100,,37401,10296,0,19 20,2,100,,37404,10296,0,19 20,2,100,,37416,10296,0,19 20,2,100,,37413,10296,0,19 20,2,100,,37410,10296,0,19 20,2,99,,37412,10296,0,19 20,2,104,,37407,10296,0,19 20,2,96,,37405,10296,0,19 20,2,100,,37406,10296,0,19 20,2,100,,37414,10296,0,19 20,2,100,,37417,10296,0,19 20,2,100,,37409,10296,0,19 20,2,100,,37402,10296,0,19 20,2
9901,'F1',756,,37430,10296,0,19 20,2,145,,37422,10296,0,19 20,2,58,,37419,10296,0,19 20,2,142,,15726,10296,0,19 20,2,101,,37427,10296,0,19 20,2,100,,37418,10296,0,19 20,2,100,,37429,10296,0,19 20,2,100,,37433,10296,0,19 20,2,98,,37428,10296,0,19 20,2,102,,37420,10296,0,19 20,2,99,,37434,10296,0,19 20,2,100,,37431,10296,0,19 20,2,100,,37426,10296,0,19 20,2,100,,37424,10296,0,19 20,2,100,,37432,10296,0,19 20,2,100,,37423,10296,0,19 20,2,100,,37435,10296,0,19 20,2,100,,37425,10296,0,19 20,2,100,,37421,10296,0,19 20,2
9901,'F2',756,,37440,10296,0,19 20,2,145,,37439,10296,0,19 20,2,58,,37451,10296,0,19 20,2,142,,37441,10296,0,19 20,2,101,,37447,10296,0,19 20,2,100,,37452,10296,0,19 20,2,100,,37442,10296,0,19 20,2,100,,37446,10296,0,19 20,2,98,,37443,10296,0,19 20,2,102,,37448,10296,0,19 20,2,99,,37453,10296,0,19 20,2,100,,37437,10296,0,19 20,2,100,,37444,10296,0,19 20,2,100,,37449,10296,0,19 20,2,100,,37438,10296,0,19 20,2,100,,37445,10296,0,19 20,2,100,,37436,10296,0,19 20,2,100,,37450,10296,0,19 20,2,100,,37454,10296,0,19 20,2
9901,'F7',553,,37456,10296,,,2,70,,37458,10296,,,2,20,,37460,10296,,,2,58,,37461,10296,,,2,25,,37455,10296,,,2,29,,37459,10296,,,2,76,,37457,10296,,,2,70,,37477,10296,0,19 20,2,100,,37470,10296,0,19 20,2,100,,37463,10296,0,19 20,2,100,,37462,10296,0,19 20,2,100,,37464,10296,0,19 20,2,100,,37466,10296,0,19 20,2,58,,37471,10296,0,19 20,2,97,,37480,10296,0,19 20,2,69,,37478,10296,0,19 20,2,26,,37482,10296,0,19 20,2,78,,37476,10296,0,19 20,2,29,,37479,10296,0,19 20,2,67,,37481,10296,0,19 20,2,77,,37465,10296,0,19 20,2,98,,37468,10296,0,19 20,2,100,,37467,10296,0,19 20,2,100,,37472,10296,0,19 20,2,100,,37474,10296,0,19 20,2,100,,37469,10296,0,19 20,2,100,,37473,10296,0,19 20,2,100,,37475,10296,0,19 20,2
9901,'F8',756,,37487,10296,0,19 20,2,145,,37486,10296,0,19 20,2,58,,37498,10296,0,19 20,2,142,,37488,10296,0,19 20,2,101,,37494,10296,0,19 20,2,100,,37499,10296,0,19 20,2,100,,37489,10296,0,19 20,2,100,,37493,10296,0,19 20,2,98,,37490,10296,0,19 20,2,102,,37495,10296,0,19 20,2,99,,37500,10296,0,19 20,2,100,,37484,10296,0,19 20,2,100,,37491,10296,0,19 20,2,100,,37496,10296,0,19 20,2,100,,37485,10296,0,19 20,2,100,,37492,10296,0,19 20,2,100,,37483,10296,0,19 20,2,100,,37497,10296,0,19 20,2,100,,37501,10296,0,19 20,2
9901,'F9',901,,37516,10296,0,19 20,2,100,,37512,10296,0,19 20,2,100,,37504,10296,0,19 20,2,101,,37509,10296,0,19 20,2,100,,37502,10296,0,19 20,2,100,,37505,10296,0,19 20,2,100,,37517,10296,0,19 20,2,100,,37514,10296,0,19 20,2,100,,37511,10296,0,19 20,2,99,,37513,10296,0,19 20,2,104,,37508,10296,0,19 20,2,96,,37506,10296,0,19 20,2,100,,37507,10296,0,19 20,2,100,,37515,10296,0,19 20,2,100,,37518,10296,0,19 20,2,100,,37510,10296,0,19 20,2,100,,37503,10296,0,19 20,2
9901,'SA',756,,37523,10296,0,19 20,2,145,,37522,10296,0,19 20,2,58,,37534,10296,0,19 20,2,142,,37524,10296,0,19 20,2,101,,37530,10296,0,19 20,2,100,,37535,10296,0,19 20,2,100,,37525,10296,0,19 20,2,100,,37529,10296,0,19 20,2,98,,37526,10296,0,19 20,2,102,,37531,10296,0,19 20,2,99,,37536,10296,0,19 20,2,100,,37520,10296,0,19 20,2,100,,37527,10296,0,19 20,2,100,,37532,10296,0,19 20,2,100,,37521,10296,0,19 20,2,100,,37528,10296,0,19 20,2,100,,37519,10296,0,19 20,2,100,,37533,10296,0,19 20,2,100,,37537,10296,0,19 20,2
9901,'SE',553,,37539,10296,,,2,70,,37541,10296,,,2,20,,37543,10296,,,2,58,,37544,10296,,,2,25,,37538,10296,,,2,29,,37542,10296,,,2,76,,37540,10296,,,2,70,,37560,10296,0,19 20,2,100,,37553,10296,0,19 20,2,100,,37546,10296,0,19 20,2,100,,37545,10296,0,19 20,2,100,,37547,10296,0,19 20,2,100,,37549,10296,0,19 20,2,58,,37554,10296,0,19 20,2,97,,37563,10296,0,19 20,2,69,,37561,10296,0,19 20,2,26,,37565,10296,0,19 20,2,78,,37559,10296,0,19 20,2,29,,37562,10296,0,19 20,2,67,,37564,10296,0,19 20,2,77,,37548,10296,0,19 20,2,98,,37551,10296,0,19 20,2,100,,37550,10296,0,19 20,2,100,,37555,10296,0,19 20,2,100,,37557,10296,0,19 20,2,100,,37552,10296,0,19 20,2,100,,37556,10296,0,19 20,2,100,,37558,10296,0,19 20,2
