2901,'DI',716,,28112,8511,,,1,100,,28113,8511,,,1,100,,28114,8511,,,1,100,,28115,8511,,,1,100,,28116,8511,,,1,100,,28117,8511,,,1,100,,28118,8511,,,1,100,,28119,8511,,,1,100,,28120,8511,,,1,100,,28121,8511,,,1,100,,28122,8511,,,1,100,,28123,8511,,,1,99,,28124,8511,,,1,100,,28125,8511,,,1,100,,28126,8511,,,1,100,,28127,8511,,,1,100,,28128,8511,,,1,120,,28129,8511,,,1
2901,'F1',716,,28131,8511,,,1,100,,28132,8511,,,1,100,,28133,8511,,,1,100,,28134,8511,,,1,100,,28135,8511,,,1,100,,28136,8511,,,1,100,,28137,8511,,,1,100,,28138,8511,,,1,99,,28139,8511,,,1,99,,28140,8511,,,1,99,,28141,8511,,,1,108,,28142,8511,,,1,98,,28143,8511,,,1,97,,28144,8511,,,1,99,,28145,8511,,,1,100,,28146,8511,,,1,100,,28147,8511,,,1,120,,28148,8511,,,1
2901,'F2',716,,28163,8511,,,1,100,,28164,8511,,,1,100,,28165,8511,,,1,100,,28166,8511,,,1,100,,28167,8511,,,1,100,,28168,8511,,,1,100,,28150,8511,,,1,100,,28151,8511,,,1,99,,28152,8511,,,1,99,,28153,8511,,,1,99,,28154,8511,,,1,108,,28155,8511,,,1,98,,28156,8511,,,1,97,,28157,8511,,,1,99,,28158,8511,,,1,100,,28159,8511,,,1,100,,28160,8511,,,1,120,,28161,8511,,,1
2901,'F7',648,,28183,8511,,,1,66,,28178,8511,,,1,37,,28194,8511,,,1,1,,28185,8511,,,1,67,,28179,8511,,,1,30,,28182,8511,,,1,69,,28184,8511,,,1,103,,28177,8511,,,1,100,,28196,8511,,,1,101,,28176,8511,,,1,100,,28171,8511,,,1,100,,28174,8511,,,1,102,,28172,8511,,,1,35,,28186,8511,,,1,63,,28187,8511,,,1,34,,28173,8511,,,1,60,,28175,8511,,,1,29,,28181,8511,,,1,12,,28195,8511,,,1,68,,28180,8511,,,1,28,,28188,8511,,,1,67,,28170,8511,,,1,98,,28169,8511,,,1,99,,28189,8511,,,1,99,,28190,8511,,,1,98,,28191,8511,,,1,120,,28192,8511,,,1
2901,'F8',716,,28210,8511,,,1,100,,28211,8511,,,1,100,,28212,8511,,,1,100,,28213,8511,,,1,100,,28214,8511,,,1,100,,28215,8511,,,1,100,,28197,8511,,,1,100,,28198,8511,,,1,99,,28199,8511,,,1,99,,28200,8511,,,1,99,,28201,8511,,,1,108,,28202,8511,,,1,98,,28203,8511,,,1,97,,28204,8511,,,1,99,,28205,8511,,,1,100,,28206,8511,,,1,100,,28207,8511,,,1,120,,28208,8511,,,1
2901,'F9',716,,28216,8511,,,1,100,,28217,8511,,,1,100,,28218,8511,,,1,100,,28219,8511,,,1,100,,28220,8511,,,1,100,,28221,8511,,,1,100,,28222,8511,,,1,100,,28223,8511,,,1,100,,28224,8511,,,1,100,,28225,8511,,,1,100,,28226,8511,,,1,100,,28227,8511,,,1,99,,28228,8511,,,1,100,,28229,8511,,,1,100,,28230,8511,,,1,100,,28231,8511,,,1,100,,28232,8511,,,1,120,,28233,8511,,,1
2901,'SA',716,,28248,8511,,,1,100,,28249,8511,,,1,100,,28250,8511,,,1,100,,28251,8511,,,1,100,,28252,8511,,,1,100,,28253,8511,,,1,100,,28235,8511,,,1,100,,28236,8511,,,1,99,,28237,8511,,,1,99,,28238,8511,,,1,99,,28239,8511,,,1,108,,28240,8511,,,1,98,,28241,8511,,,1,97,,28242,8511,,,1,99,,28243,8511,,,1,100,,28244,8511,,,1,100,,28245,8511,,,1,120,,28246,8511,,,1
2901,'SE',648,,28267,8511,,,1,66,,7376,8511,,,1,37,,28278,8511,,,1,1,,28269,8511,,,1,67,,28263,8511,,,1,30,,28266,8511,,,1,69,,28268,8511,,,1,103,,28262,8511,,,1,100,,28280,8511,,,1,101,,28261,8511,,,1,100,,28256,8511,,,1,100,,28259,8511,,,1,102,,28257,8511,,,1,35,,28270,8511,,,1,63,,28271,8511,,,1,34,,28258,8511,,,1,60,,28260,8511,,,1,29,,28265,8511,,,1,12,,28279,8511,,,1,68,,28264,8511,,,1,28,,28272,8511,,,1,67,,28255,8511,,,1,98,,28254,8511,,,1,99,,28273,8511,,,1,99,,28274,8511,,,1,98,,28275,8511,,,1,120,,28276,8511,,,1
62400,'F7',1451,,40784,617,,,2
62400,'SE',1451,,40785,617,,,2
