100,'DI',652,,20128,2238,0,14,1,100,,20129,2238,0,14,1,100,,20130,2238,0,14,1,100,,20131,2238,0,14,1,100,,20132,2238,0,14,1,100,,20133,2238,0,14,1,100,,20134,2238,0,14,1,101,,20135,2238,0,14,1,100,,20136,2238,0,14,1,98,,20138,2238,0,14,1,100,,20139,2238,0,14,1,100,,20140,2238,0,14,1,100,,20141,2238,0,14,1,100,,20142,2238,0,14,1,100,,20143,2238,0,14,1,100,,20144,2238,0,14,1,100,,20145,2238,0,14,1,100,,20148,2238,0,14,1,100,,20146,2238,0,14,1,100,,20147,2238,0,14,1
100,'F1',622,,20153,2238,0,14,1,30,,20159,2238,0,14,1,70,,20154,2238,0,14,1,30,,20160,2238,0,14,1,70,,20155,2238,0,14,1,30,,20161,2238,0,14,1,70,,20156,2238,0,14,1,30,,20162,2238,0,14,1,70,,20157,2238,0,14,1,30,,20163,2238,0,14,1,70,,20158,2238,0,14,1,30,,20164,2238,0,14,1,70,,20168,2238,0,14,1,30,,20165,2238,0,14,1,71,,20169,2238,0,14,1,30,,20166,2238,0,14,1,70,,20170,2238,0,14,1,30,,20167,2238,0,14,1,68,,20171,2238,0,14,1,30,,22,2238,0,14,1,70,,20150,2238,0,14,1,30,,23,2238,0,14,1,70,,20151,2238,0,14,1,30,,24,2238,0,14,1,70,,20152,2238,0,14,1,30,,25,2238,0,14,1,100,,26,2238,0,14,1,100,,27,2238,0,14,1,100,,28,2238,0,14,1,100,,29,2238,0,14,1,100,,30,2238,0,14,1,100,,31,2238,0,14,1,100,,32,2238,0,14,1
100,'F2',622,,20194,2238,0,14,1,30,,20183,2238,0,14,1,70,,20195,2238,0,14,1,30,,20184,2238,0,14,1,70,,20196,2238,0,14,1,30,,20185,2238,0,14,1,70,,20198,2238,0,14,1,30,,20186,2238,0,14,1,70,,20199,2238,0,14,1,30,,20187,2238,0,14,1,70,,20200,2238,0,14,1,30,,20188,2238,0,14,1,70,,20201,2238,0,14,1,30,,20189,2238,0,14,1,71,,20205,2238,0,14,1,30,,20190,2238,0,14,1,70,,20206,2238,0,14,1,30,,20191,2238,0,14,1,68,,20202,2238,0,14,1,30,,20172,2238,0,14,1,70,,20203,2238,0,14,1,30,,20173,2238,0,14,1,70,,20204,2238,0,14,1,30,,20174,2238,0,14,1,70,,20193,2238,0,14,1,30,,20175,2238,0,14,1,100,,20176,2238,0,14,1,100,,20177,2238,0,14,1,100,,20178,2238,0,14,1,100,,20179,2238,0,14,1,100,,20180,2238,0,14,1,100,,20181,2238,0,14,1,100,,20182,2238,0,14,1
100,'F7',545,,20229,2238,0,14,1,76,,20240,2238,0,14,1,29,,20245,2238,0,14,1,75,,20235,2238,0,14,1,27,,20243,2238,0,14,1,75,,20238,2238,0,14,1,80,,20234,2238,0,14,1,30,,20253,2238,0,14,1,70,,20207,2238,0,14,1,30,,20251,2238,0,14,1,70,,20222,2238,0,14,1,30,,20254,2238,0,14,1,71,,20220,2238,0,14,1,30,,20242,2238,0,14,1,70,,20230,2238,0,14,1,30,,20247,2238,0,14,1,70,,20227,2238,0,14,1,30,,20236,2238,0,14,1,70,,20255,2238,0,14,1,18,,20257,2238,0,14,1,21,,20239,2238,0,14,1,55,,20216,2238,0,14,1,19,,20231,2238,0,14,1,12,,20208,2238,0,14,1,21,,20249,2238,0,14,1,52,,20237,2238,0,14,1,13,,20224,2238,0,14,1,15,,20246,2238,0,14,1,13,,20209,2238,0,14,1,55,,20241,2238,0,14,1,15,,20217,2238,0,14,1,20,,20252,2238,0,14,1,69,,20256,2238,0,14,1,30,,20225,2238,0,14,1,70,,20250,2238,0,14,1,30,,20210,2238,0,14,1,70,,20248,2238,0,14,1,30,,20211,2238,0,14,1,100,,20212,2238,0,14,1,100,,20213,2238,0,14,1,100,,20214,2238,0,14,1,99,,20215,2238,0,14,1
100,'F8',622,,20280,2238,0,14,1,30,,20269,2238,0,14,1,70,,20281,2238,0,14,1,30,,20270,2238,0,14,1,70,,20282,2238,0,14,1,30,,20271,2238,0,14,1,70,,20284,2238,0,14,1,30,,20272,2238,0,14,1,70,,20285,2238,0,14,1,30,,20273,2238,0,14,1,70,,20286,2238,0,14,1,30,,20274,2238,0,14,1,70,,20287,2238,0,14,1,30,,20275,2238,0,14,1,71,,20291,2238,0,14,1,30,,20276,2238,0,14,1,70,,20292,2238,0,14,1,30,,20277,2238,0,14,1,68,,20288,2238,0,14,1,30,,20258,2238,0,14,1,70,,20289,2238,0,14,1,30,,20259,2238,0,14,1,70,,20290,2238,0,14,1,30,,20260,2238,0,14,1,70,,20279,2238,0,14,1,30,,20261,2238,0,14,1,100,,20262,2238,0,14,1,100,,20263,2238,0,14,1,100,,20264,2238,0,14,1,100,,20265,2238,0,14,1,100,,20266,2238,0,14,1,100,,20267,2238,0,14,1,100,,20268,2238,0,14,1
100,'F9',652,,20293,2238,0,14,1,100,,20294,2238,0,14,1,100,,20295,2238,0,14,1,100,,20296,2238,0,14,1,100,,20297,2238,0,14,1,100,,20298,2238,0,14,1,100,,20299,2238,0,14,1,101,,20300,2238,0,14,1,100,,20301,2238,0,14,1,98,,20303,2238,0,14,1,100,,20304,2238,0,14,1,100,,20305,2238,0,14,1,100,,20306,2238,0,14,1,100,,20307,2238,0,14,1,100,,20308,2238,0,14,1,100,,20309,2238,0,14,1,100,,20310,2238,0,14,1,100,,20313,2238,0,14,1,100,,20311,2238,0,14,1,100,,20312,2238,0,14,1
100,'SA',622,,20325,2238,0,14,1,30,,20314,2238,0,14,1,70,,20326,2238,0,14,1,30,,20315,2238,0,14,1,70,,20327,2238,0,14,1,30,,20316,2238,0,14,1,70,,20329,2238,0,14,1,30,,20317,2238,0,14,1,70,,20330,2238,0,14,1,30,,20318,2238,0,14,1,70,,20331,2238,0,14,1,30,,20319,2238,0,14,1,70,,20332,2238,0,14,1,30,,20320,2238,0,14,1,71,,20336,2238,0,14,1,30,,20321,2238,0,14,1,70,,20337,2238,0,14,1,30,,20322,2238,0,14,1,68,,20333,2238,0,14,1,30,,164,2238,0,14,1,70,,20334,2238,0,14,1,30,,165,2238,0,14,1,70,,20335,2238,0,14,1,30,,166,2238,0,14,1,70,,20324,2238,0,14,1,30,,167,2238,0,14,1,100,,168,2238,0,14,1,100,,169,2238,0,14,1,100,,170,2238,0,14,1,100,,171,2238,0,14,1,100,,172,2238,0,14,1,100,,173,2238,0,14,1,100,,174,2238,0,14,1
100,'SE',545,,20360,2238,0,14,1,76,,20371,2238,0,14,1,29,,20376,2238,0,14,1,75,,20366,2238,0,14,1,27,,20374,2238,0,14,1,75,,20369,2238,0,14,1,80,,20365,2238,0,14,1,30,,20384,2238,0,14,1,70,,20338,2238,0,14,1,30,,20382,2238,0,14,1,70,,20353,2238,0,14,1,30,,20385,2238,0,14,1,71,,20351,2238,0,14,1,30,,20373,2238,0,14,1,70,,20361,2238,0,14,1,30,,20378,2238,0,14,1,70,,20358,2238,0,14,1,30,,20367,2238,0,14,1,70,,20386,2238,0,14,1,18,,20388,2238,0,14,1,21,,20370,2238,0,14,1,55,,20347,2238,0,14,1,19,,20362,2238,0,14,1,12,,20339,2238,0,14,1,21,,20380,2238,0,14,1,52,,20368,2238,0,14,1,13,,20355,2238,0,14,1,15,,20377,2238,0,14,1,13,,20340,2238,0,14,1,55,,20372,2238,0,14,1,15,,20348,2238,0,14,1,20,,20383,2238,0,14,1,69,,20387,2238,0,14,1,30,,20356,2238,0,14,1,70,,20381,2238,0,14,1,30,,20341,2238,0,14,1,70,,20379,2238,0,14,1,30,,20342,2238,0,14,1,100,,20343,2238,0,14,1,100,,20344,2238,0,14,1,100,,20345,2238,0,14,1,99,,20346,2238,0,14,1
50100,'F7',1454,,40619,2238,,,2,184,,40618,2238,,,2
50100,'SE',1454,,40621,2238,,,2,184,,40620,2238,,,2
65001,'F7',821,,40812,0,,,2
65001,'SE',821,,40813,0,,,2
