4200,'DI',620,,29423,3801,,,1,100,,29424,3801,,,1,100,,29425,3801,,,1,100,,29426,3801,,,1,100,,29427,3801,,,1,100,,29428,3801,,,1,100,,29429,3801,,,1,100,,29430,3801,,,1,100,,29431,3801,,,1,100,,29432,3801,,,1,100,,29433,3801,,,1,100,,29434,3801,,,1,100,,29435,3801,,,1,100,,29436,3801,,,1,100,,29437,3801,,,1,100,,29438,3801,,,1,100,,29439,3801,,,1,100,,29440,3801,,,1,100,,29441,3801,,,1,100,,29442,3801,,,1
4200,'F1',620,,29443,3801,,,1,100,,29444,3801,,,1,100,,29445,3801,,,1,100,,29446,3801,,,1,100,,29447,3801,,,1,100,,29448,3801,,,1,100,,29449,3801,,,1,100,,29450,3801,,,1,100,,29451,3801,,,1,100,,29452,3801,,,1,100,,29453,3801,,,1,100,,29454,3801,,,1,100,,29455,3801,,,1,100,,29456,3801,,,1,100,,29457,3801,,,1,100,,29458,3801,,,1,100,,29459,3801,,,1,100,,29460,3801,,,1,100,,29461,3801,,,1,100,,29462,3801,,,1
4200,'F2',620,,29480,3801,,,1,100,,29481,3801,,,1,100,,29482,3801,,,1,100,,29463,3801,,,1,100,,29464,3801,,,1,100,,29465,3801,,,1,100,,29466,3801,,,1,100,,29467,3801,,,1,100,,29468,3801,,,1,100,,29469,3801,,,1,100,,29470,3801,,,1,100,,29471,3801,,,1,100,,29472,3801,,,1,100,,29473,3801,,,1,100,,29474,3801,,,1,100,,29475,3801,,,1,100,,29476,3801,,,1,100,,29477,3801,,,1,100,,29478,3801,,,1,100,,29479,3801,,,1
4200,'F7',602,,29511,3801,,,1,36,,29493,3801,,,1,69,,29496,3801,,,1,12,,29492,3801,,,1,6,,29494,3801,,,1,6,,29489,3801,,,1,6,,29490,3801,,,1,22,,29488,3801,,,1,61,,29497,3801,,,1,34,,29524,3801,,,1,70,,29525,3801,,,1,30,,29491,3801,,,1,70,,29515,3801,,,1,30,,29495,3801,,,1,70,,29520,3801,,,1,30,,29498,3801,,,1,70,,29521,3801,,,1,30,,29484,3801,,,1,70,,29501,3801,,,1,30,,29499,3801,,,1,70,,29513,3801,,,1,30,,29523,3801,,,1,72,,29502,3801,,,1,30,,29518,3801,,,1,67,,29516,3801,,,1,24,,29522,3801,,,1,55,,29519,3801,,,1,14,,29483,3801,,,1,14,,29517,3801,,,1,14,,29512,3801,,,1,15,,29514,3801,,,1,67,,29500,3801,,,1,30,,29503,3801,,,1,72,,29507,3801,,,1,74,,29504,3801,,,1,30,,29508,3801,,,1,69,,29505,3801,,,1,30,,29509,3801,,,1,70,,29506,3801,,,1,30,,29510,3801,,,1,91,,29485,3801,,,1,100,,29486,3801,,,1,100,,29487,3801,,,1
4200,'F8',620,,29543,3801,,,1,100,,29544,3801,,,1,100,,29545,3801,,,1,100,,29526,3801,,,1,100,,29527,3801,,,1,100,,29528,3801,,,1,100,,29529,3801,,,1,100,,29530,3801,,,1,100,,29531,3801,,,1,100,,29532,3801,,,1,100,,29533,3801,,,1,100,,29534,3801,,,1,100,,29535,3801,,,1,100,,29536,3801,,,1,100,,29537,3801,,,1,100,,29538,3801,,,1,100,,29539,3801,,,1,100,,29540,3801,,,1,100,,29541,3801,,,1,100,,29542,3801,,,1
4200,'F9',620,,29546,3801,,,1,100,,29547,3801,,,1,100,,29548,3801,,,1,100,,29549,3801,,,1,100,,29550,3801,,,1,100,,29551,3801,,,1,100,,29552,3801,,,1,100,,29553,3801,,,1,100,,29554,3801,,,1,100,,29555,3801,,,1,100,,29556,3801,,,1,100,,29557,3801,,,1,100,,29558,3801,,,1,100,,29559,3801,,,1,100,,29560,3801,,,1,100,,29561,3801,,,1,100,,29562,3801,,,1,100,,29563,3801,,,1,100,,29564,3801,,,1,100,,29565,3801,,,1
4200,'SA',620,,29583,3801,,,1,100,,29584,3801,,,1,100,,29585,3801,,,1,100,,29566,3801,,,1,100,,29567,3801,,,1,100,,29568,3801,,,1,100,,29569,3801,,,1,100,,29570,3801,,,1,100,,29571,3801,,,1,100,,29572,3801,,,1,100,,29573,3801,,,1,100,,29574,3801,,,1,100,,29575,3801,,,1,100,,29576,3801,,,1,100,,29577,3801,,,1,100,,29578,3801,,,1,100,,29579,3801,,,1,100,,29580,3801,,,1,100,,29581,3801,,,1,100,,29582,3801,,,1
4200,'SE',602,,29614,3801,,,1,36,,29596,3801,,,1,69,,29599,3801,,,1,12,,29595,3801,,,1,6,,29597,3801,,,1,6,,29592,3801,,,1,6,,29593,3801,,,1,22,,29591,3801,,,1,61,,29600,3801,,,1,34,,29627,3801,,,1,70,,29628,3801,,,1,30,,29594,3801,,,1,70,,29618,3801,,,1,30,,29598,3801,,,1,70,,29623,3801,,,1,30,,29601,3801,,,1,70,,29624,3801,,,1,30,,29587,3801,,,1,70,,29604,3801,,,1,30,,29602,3801,,,1,70,,29616,3801,,,1,30,,29626,3801,,,1,72,,29605,3801,,,1,30,,29621,3801,,,1,67,,29619,3801,,,1,24,,29625,3801,,,1,55,,29622,3801,,,1,14,,29586,3801,,,1,14,,29620,3801,,,1,14,,29615,3801,,,1,15,,29617,3801,,,1,67,,29603,3801,,,1,30,,29606,3801,,,1,72,,29610,3801,,,1,74,,29607,3801,,,1,30,,29611,3801,,,1,69,,29608,3801,,,1,30,,29612,3801,,,1,70,,29609,3801,,,1,30,,29613,3801,,,1,91,,29588,3801,,,1,100,,29589,3801,,,1,100,,29590,3801,,,1
6000,'F7',631,,32199,3801,,,1,84,,32200,3801,,,1,37,,32208,3801,,,1,86,,32201,3801,,,1,101,,32207,3801,,,1,100,,32197,3801,,,1,100,,32202,3801,,,1,100,,32198,3801,,,1,100,,32215,3801,,,1,100,,32210,3801,,,1,97,,32211,3801,,,1,70,,32206,3801,,,1,25,,32203,3801,,,1,24,,32204,3801,,,1,68,,32195,3801,,,1,28,,32212,3801,,,1,65,,32205,3801,,,1,30,,32209,3801,,,1,68,,32213,3801,,,1,99,,32194,3801,,,1,99,,32214,3801,,,1,100,,32192,3801,,,1,90,,32196,3801,,,1,100,,32193,3801,,,1
6000,'SE',631,,32223,3801,,,1,84,,32224,3801,,,1,37,,32232,3801,,,1,86,,32225,3801,,,1,101,,32231,3801,,,1,100,,32221,3801,,,1,100,,32226,3801,,,1,100,,32222,3801,,,1,100,,32239,3801,,,1,100,,32234,3801,,,1,97,,32235,3801,,,1,70,,32230,3801,,,1,25,,32227,3801,,,1,24,,32228,3801,,,1,68,,32219,3801,,,1,28,,32236,3801,,,1,65,,32229,3801,,,1,30,,32233,3801,,,1,68,,32237,3801,,,1,99,,32218,3801,,,1,99,,32238,3801,,,1,100,,32216,3801,,,1,90,,32220,3801,,,1,100,,32217,3801,,,1
16000,'DI',701,,38365,3801,0,19 20,1,100,,38368,3801,0,19 20,1,100,,38371,3801,0,19 20,1,100,,38366,3801,0,19 20,1,100,,38372,3801,0,19 20,1,100,,38364,3801,0,19 20,1,100,,38373,3801,0,19 20,1,100,,38362,3801,0,19 20,1,100,,38360,3801,0,19 20,1,100,,38369,3801,0,19 20,1,100,,38367,3801,0,19 20,1,100,,38374,3801,0,19 20,1,100,,38370,3801,0,19 20,1,102,,38363,3801,0,19 20,1,98,,38361,3801,0,19 20,1
16000,'F1',701,,38382,3801,0,19 20,1,99,,38377,3801,0,19 20,1,101,,38376,3801,0,19 20,1,100,,38379,3801,0,19 20,1,100,,38383,3801,0,19 20,1,99,,16591,3801,0,19 20,1,101,,38380,3801,0,19 20,1,100,,38375,3801,0,19 20,1,100,,16592,3801,0,19 20,1,100,,38378,3801,0,19 20,1,100,,38381,3801,0,19 20,1,100,,16593,3801,0,19 20,1,100,,38384,3801,0,19 20,1,101,,16594,3801,0,19 20,1,99,,38385,3801,0,19 20,1
16000,'F2',701,,38390,3801,0,19 20,1,99,,38393,3801,0,19 20,1,101,,38389,3801,0,19 20,1,100,,38386,3801,0,19 20,1,100,,38392,3801,0,19 20,1,99,,38397,3801,0,19 20,1,101,,38387,3801,0,19 20,1,100,,38391,3801,0,19 20,1,100,,38398,3801,0,19 20,1,100,,38394,3801,0,19 20,1,100,,38388,3801,0,19 20,1,100,,38399,3801,0,19 20,1,100,,38395,3801,0,19 20,1,101,,38400,3801,0,19 20,1,99,,38396,3801,0,19 20,1
16000,'F7',615,,38407,3801,0,19 20,1,95,,38421,3801,0,19 20,1,38,,38406,3801,0,19 20,1,95,,38422,3801,0,19 20,1,89,,38418,3801,0,19 20,1,86,,38405,3801,0,19 20,1,100,,38408,3801,0,19 20,1,100,,38409,3801,0,19 20,1,100,,38404,3801,0,19 20,1,100,,38423,3801,0,19 20,1,98,,38402,3801,0,19 20,1,30,,38417,3801,0,19 20,1,68,,38410,3801,0,19 20,1,24,,38401,3801,0,19 20,1,70,,38411,3801,0,19 20,1,28,,38424,3801,0,19 20,1,70,,38403,3801,0,19 20,1,30,,38416,3801,0,19 20,1,70,,38412,3801,0,19 20,1,47,,38415,3801,0,19 20,1,100,,38413,3801,0,19 20,1,100,,38419,3801,0,19 20,1,92,,38414,3801,0,19 20,1,100,,38420,3801,0,19 20,1
16000,'F8',701,,38429,3801,0,19 20,1,99,,38432,3801,0,19 20,1,101,,38428,3801,0,19 20,1,100,,38425,3801,0,19 20,1,100,,38431,3801,0,19 20,1,99,,38436,3801,0,19 20,1,101,,38426,3801,0,19 20,1,100,,38430,3801,0,19 20,1,100,,38437,3801,0,19 20,1,100,,38433,3801,0,19 20,1,100,,38427,3801,0,19 20,1,100,,38438,3801,0,19 20,1,100,,38434,3801,0,19 20,1,101,,38439,3801,0,19 20,1,99,,38435,3801,0,19 20,1
16000,'F9',701,,38445,3801,0,19 20,1,100,,38448,3801,0,19 20,1,100,,38451,3801,0,19 20,1,100,,38446,3801,0,19 20,1,100,,38452,3801,0,19 20,1,100,,38444,3801,0,19 20,1,100,,38453,3801,0,19 20,1,100,,38442,3801,0,19 20,1,100,,38440,3801,0,19 20,1,100,,38449,3801,0,19 20,1,100,,38447,3801,0,19 20,1,100,,38454,3801,0,19 20,1,100,,38450,3801,0,19 20,1,102,,38443,3801,0,19 20,1,98,,38441,3801,0,19 20,1
16000,'SA',701,,38459,3801,0,19 20,1,99,,16667,3801,0,19 20,1,101,,38458,3801,0,19 20,1,100,,38455,3801,0,19 20,1,100,,38461,3801,0,19 20,1,99,,38464,3801,0,19 20,1,101,,38456,3801,0,19 20,1,100,,38460,3801,0,19 20,1,100,,38465,3801,0,19 20,1,100,,16668,3801,0,19 20,1,100,,38457,3801,0,19 20,1,100,,38466,3801,0,19 20,1,100,,38462,3801,0,19 20,1,101,,38467,3801,0,19 20,1,99,,38463,3801,0,19 20,1
16000,'SE',615,,38474,3801,0,19 20,1,95,,38488,3801,0,19 20,1,38,,38473,3801,0,19 20,1,95,,38489,3801,0,19 20,1,89,,38485,3801,0,19 20,1,86,,38472,3801,0,19 20,1,100,,38475,3801,0,19 20,1,100,,38476,3801,0,19 20,1,100,,38471,3801,0,19 20,1,100,,38490,3801,0,19 20,1,98,,38469,3801,0,19 20,1,30,,38484,3801,0,19 20,1,68,,38477,3801,0,19 20,1,24,,38468,3801,0,19 20,1,70,,38478,3801,0,19 20,1,28,,38491,3801,0,19 20,1,70,,38470,3801,0,19 20,1,30,,38483,3801,0,19 20,1,70,,38479,3801,0,19 20,1,47,,38482,3801,0,19 20,1,100,,38480,3801,0,19 20,1,100,,38486,3801,0,19 20,1,92,,38481,3801,0,19 20,1,100,,38487,3801,0,19 20,1
52101,'F7',917,,40640,4320,,,2
52101,'SE',917,,40641,4320,,,2
53201,'F7',916,,40658,7981,,,2,1,,40659,7981,,,2
53201,'SE',916,,40660,7981,,,2,1,,40661,7981,,,2
53601,'F7',917,,40676,3328,,,2
53601,'SE',917,,40677,3328,,,2
54201,'F7',905,,40692,3887,,,2
54201,'SE',905,,40693,3887,,,2
67000,'F7',1614,,40854,3344,,,2,1,,40855,3344,,,2,1,,40856,3344,,,2
67000,'SE',1614,,40857,3344,,,2,1,,40858,3344,,,2,1,,40859,3344,,,2
69601,'F7',834,,40962,1353,,,2,1,,40963,1353,,,2
69601,'SE',834,,40964,1353,,,2,1,,40965,1353,,,2
