1300,'DI',705,,3422,7300,,,1,100,,3418,7300,,,1,100,,3423,7300,,,1,100,,3419,7300,,,1,100,,3424,7300,,,1,100,,3420,7300,,,1,100,,3425,7300,,,1,95,,3421,7300,,,1,105,,3433,7300,,,1,100,,3432,7300,,,1,100,,3436,7300,,,1,100,,3435,7300,,,1,100,,3427,7300,,,1,100,,3434,7300,,,1,100,,3430,7300,,,1,100,,3428,7300,,,1,100,,3426,7300,,,1,100,,3431,7300,,,1,100,,3429,7300,,,1
1300,'F1',705,,3441,7300,,,1,100,,3444,7300,,,1,100,,3446,7300,,,1,101,,3447,7300,,,1,99,,3450,7300,,,1,100,,3448,7300,,,1,100,,3451,7300,,,1,100,,3449,7300,,,1,100,,3452,7300,,,1,100,,3439,7300,,,1,100,,3455,7300,,,1,100,,3442,7300,,,1,100,,3440,7300,,,1,100,,3445,7300,,,1,100,,3438,7300,,,1,100,,3456,7300,,,1,100,,3453,7300,,,1,100,,3437,7300,,,1,100,,3454,7300,,,1,100,,3443,7300,,,1
1300,'F7',705,,3461,7300,,,1,100,,3457,7300,,,1,100,,3462,7300,,,1,100,,3458,7300,,,1,100,,3463,7300,,,1,100,,3459,7300,,,1,100,,3464,7300,,,1,95,,3460,7300,,,1,105,,3472,7300,,,1,100,,3471,7300,,,1,100,,3475,7300,,,1,100,,3474,7300,,,1,100,,3466,7300,,,1,100,,3473,7300,,,1,100,,3469,7300,,,1,100,,3467,7300,,,1,100,,3465,7300,,,1,100,,3470,7300,,,1,100,,3468,7300,,,1
1300,'F8',608,,3485,7300,,,1,33,,3505,7300,,,1,67,,3488,7300,,,1,32,,3479,7300,,,1,15,,3506,7300,,,1,55,,3508,7300,,,1,15,,3480,7300,,,1,25,,3486,7300,,,1,65,,3504,7300,,,1,29,,3496,7300,,,1,70,,3487,7300,,,1,30,,3513,7300,,,1,70,,3477,7300,,,1,30,,3489,7300,,,1,70,,3481,7300,,,1,31,,3490,7300,,,1,70,,3494,7300,,,1,30,,3509,7300,,,1,70,,3514,7300,,,1,30,,3497,7300,,,1,72,,3478,7300,,,1,30,,3499,7300,,,1,61,,3503,7300,,,1,20,,3511,7300,,,1,15,,3482,7300,,,1,13,,3507,7300,,,1,50,,3484,7300,,,1,16,,3491,7300,,,1,20,,3476,7300,,,1,60,,3502,7300,,,1,20,,3516,7300,,,1,27,,3498,7300,,,1,68,,3515,7300,,,1,32,,3495,7300,,,1,70,,3483,7300,,,1,30,,3492,7300,,,1,69,,3512,7300,,,1,100,,3510,7300,,,1,100,,3493,7300,,,1,100,,3500,7300,,,1,103,,3501,7300,,,1
1300,'F9',705,,3521,7300,,,1,100,,3524,7300,,,1,100,,3526,7300,,,1,101,,3527,7300,,,1,99,,3530,7300,,,1,100,,3528,7300,,,1,100,,3531,7300,,,1,100,,3529,7300,,,1,100,,3532,7300,,,1,100,,3519,7300,,,1,100,,3535,7300,,,1,100,,3522,7300,,,1,100,,3520,7300,,,1,100,,3525,7300,,,1,100,,3518,7300,,,1,100,,3536,7300,,,1,100,,3533,7300,,,1,100,,3517,7300,,,1,100,,3534,7300,,,1,100,,3523,7300,,,1
1300,'SA',705,,3541,7300,,,1,100,,3544,7300,,,1,100,,3546,7300,,,1,101,,3547,7300,,,1,99,,3550,7300,,,1,100,,3548,7300,,,1,100,,3551,7300,,,1,100,,3549,7300,,,1,100,,3552,7300,,,1,100,,3539,7300,,,1,100,,3555,7300,,,1,100,,3542,7300,,,1,100,,3540,7300,,,1,100,,3545,7300,,,1,100,,3538,7300,,,1,100,,3556,7300,,,1,100,,3553,7300,,,1,100,,3537,7300,,,1,100,,3554,7300,,,1,100,,3543,7300,,,1
1300,'SE',608,,3566,7300,,,1,33,,3586,7300,,,1,67,,3569,7300,,,1,32,,3560,7300,,,1,15,,3587,7300,,,1,55,,3589,7300,,,1,15,,3561,7300,,,1,25,,3567,7300,,,1,65,,3585,7300,,,1,29,,3577,7300,,,1,70,,3568,7300,,,1,30,,3594,7300,,,1,70,,3558,7300,,,1,30,,3570,7300,,,1,70,,3562,7300,,,1,31,,3571,7300,,,1,70,,3575,7300,,,1,30,,3590,7300,,,1,70,,3595,7300,,,1,30,,3578,7300,,,1,72,,3559,7300,,,1,30,,3580,7300,,,1,61,,3584,7300,,,1,20,,3592,7300,,,1,15,,3563,7300,,,1,13,,3588,7300,,,1,50,,3565,7300,,,1,16,,3572,7300,,,1,20,,3557,7300,,,1,60,,3583,7300,,,1,20,,3597,7300,,,1,27,,3579,7300,,,1,68,,3596,7300,,,1,32,,3576,7300,,,1,70,,3564,7300,,,1,30,,3573,7300,,,1,69,,3593,7300,,,1,100,,3591,7300,,,1,100,,3574,7300,,,1,100,,3581,7300,,,1,103,,3582,7300,,,1
52601,'F8',900,,18755,1368,,,2,1,,18754,1368,,,2
52601,'SE',900,,18757,1368,,,2,1,,18756,1368,,,2
61300,'F8',1651,,18879,6871,,,2,53,,18878,6871,,,2
61300,'SE',1651,,18881,6871,,,2,53,,18880,6871,,,2
