300,'DI',655,,20635,2178,,,1,100,,488,2178,,,1,100,,20636,2178,,,1,100,,489,2178,,,1,100,,20637,2178,,,1,100,,490,2178,,,1,100,,20638,2178,,,1,100,,491,2178,,,1,100,,492,2178,,,1,100,,493,2178,,,1,100,,494,2178,,,1,100,,495,2178,,,1,100,,20628,2178,,,1,100,,20629,2178,,,1,100,,20630,2178,,,1,100,,20631,2178,,,1,100,,20632,2178,,,1,100,,20633,2178,,,1,100,,20634,2178,,,1
300,'F1',625,,20656,2178,,,1,30,,20661,2178,,,1,70,,20657,2178,,,1,30,,20670,2178,,,1,70,,20658,2178,,,1,30,,20662,2178,,,1,70,,20659,2178,,,1,30,,20663,2178,,,1,70,,20660,2178,,,1,30,,20664,2178,,,1,70,,20667,2178,,,1,30,,20665,2178,,,1,70,,20668,2178,,,1,30,,20645,2178,,,1,70,,20669,2178,,,1,30,,20666,2178,,,1,70,,20651,2178,,,1,30,,20639,2178,,,1,70,,20652,2178,,,1,30,,20640,2178,,,1,70,,20653,2178,,,1,30,,20641,2178,,,1,70,,20654,2178,,,1,30,,20642,2178,,,1,70,,20655,2178,,,1,30,,20643,2178,,,1,100,,20644,2178,,,1,100,,20646,2178,,,1,100,,20647,2178,,,1,100,,20648,2178,,,1,100,,20649,2178,,,1,100,,20650,2178,,,1
300,'F2',625,,20671,2178,,,1,30,,20687,2178,,,1,70,,20672,2178,,,1,30,,20678,2178,,,1,70,,20673,2178,,,1,30,,20688,2178,,,1,70,,20674,2178,,,1,30,,20689,2178,,,1,70,,20675,2178,,,1,30,,20679,2178,,,1,70,,20676,2178,,,1,30,,20680,2178,,,1,70,,20677,2178,,,1,30,,20696,2178,,,1,70,,20690,2178,,,1,30,,20681,2178,,,1,70,,20691,2178,,,1,30,,20697,2178,,,1,70,,20692,2178,,,1,30,,20698,2178,,,1,70,,20693,2178,,,1,30,,20699,2178,,,1,70,,20694,2178,,,1,30,,20700,2178,,,1,70,,20695,2178,,,1,30,,20701,2178,,,1,100,,20682,2178,,,1,100,,20683,2178,,,1,100,,20684,2178,,,1,100,,20685,2178,,,1,100,,20702,2178,,,1,100,,20686,2178,,,1
300,'F7',543,,20717,2178,,,1,82,,20719,2178,,,1,80,,20703,2178,,,1,40,,20704,2178,,,1,80,,20731,2178,,,1,30,,20726,2178,,,1,70,,20720,2178,,,1,30,,20727,2178,,,1,70,,20721,2178,,,1,30,,20705,2178,,,1,70,,20722,2178,,,1,30,,20706,2178,,,1,70,,20723,2178,,,1,30,,20707,2178,,,1,70,,20724,2178,,,1,30,,20708,2178,,,1,70,,20725,2178,,,1,29,,20709,2178,,,1,61,,20732,2178,,,1,18,,20739,2178,,,1,23,,20710,2178,,,1,61,,20730,2178,,,1,22,,20740,2178,,,1,18,,20714,2178,,,1,59,,20718,2178,,,1,20,,20738,2178,,,1,19,,20737,2178,,,1,73,,20733,2178,,,1,27,,20735,2178,,,1,70,,20734,2178,,,1,30,,20736,2178,,,1,70,,20715,2178,,,1,30,,20713,2178,,,1,70,,20716,2178,,,1,30,,20728,2178,,,1,100,,20729,2178,,,1,100,,20711,2178,,,1,100,,20712,2178,,,1
300,'F8',625,,20741,2178,,,1,30,,20757,2178,,,1,70,,20742,2178,,,1,30,,20748,2178,,,1,70,,20743,2178,,,1,30,,20758,2178,,,1,70,,20744,2178,,,1,30,,20759,2178,,,1,70,,20745,2178,,,1,30,,20749,2178,,,1,70,,20746,2178,,,1,30,,20750,2178,,,1,70,,20747,2178,,,1,30,,20766,2178,,,1,70,,20760,2178,,,1,30,,20751,2178,,,1,70,,20761,2178,,,1,30,,20767,2178,,,1,70,,20762,2178,,,1,30,,20768,2178,,,1,70,,20763,2178,,,1,30,,20769,2178,,,1,70,,20764,2178,,,1,30,,20770,2178,,,1,70,,20765,2178,,,1,30,,20771,2178,,,1,100,,20752,2178,,,1,100,,20753,2178,,,1,100,,20754,2178,,,1,100,,20755,2178,,,1,100,,20772,2178,,,1,100,,20756,2178,,,1
300,'F9',655,,20788,2178,,,1,100,,20773,2178,,,1,100,,20789,2178,,,1,100,,20774,2178,,,1,100,,20790,2178,,,1,100,,20775,2178,,,1,100,,20791,2178,,,1,100,,20776,2178,,,1,100,,20777,2178,,,1,100,,20778,2178,,,1,100,,20779,2178,,,1,100,,20780,2178,,,1,100,,20781,2178,,,1,100,,20782,2178,,,1,100,,20783,2178,,,1,100,,20784,2178,,,1,100,,20785,2178,,,1,100,,20786,2178,,,1,100,,20787,2178,,,1
300,'SA',625,,20792,2178,,,1,30,,20808,2178,,,1,70,,20793,2178,,,1,30,,20799,2178,,,1,70,,20794,2178,,,1,30,,20809,2178,,,1,70,,20795,2178,,,1,30,,20810,2178,,,1,70,,20796,2178,,,1,30,,20800,2178,,,1,70,,20797,2178,,,1,30,,20801,2178,,,1,70,,20798,2178,,,1,30,,20811,2178,,,1,70,,624,2178,,,1,30,,20802,2178,,,1,70,,625,2178,,,1,30,,20812,2178,,,1,70,,626,2178,,,1,30,,20813,2178,,,1,70,,627,2178,,,1,30,,20814,2178,,,1,70,,628,2178,,,1,30,,20815,2178,,,1,70,,629,2178,,,1,30,,20816,2178,,,1,100,,20803,2178,,,1,100,,20804,2178,,,1,100,,20805,2178,,,1,100,,20806,2178,,,1,100,,20817,2178,,,1,100,,20807,2178,,,1
300,'SE',543,,20832,2178,,,1,82,,20834,2178,,,1,80,,20818,2178,,,1,40,,20819,2178,,,1,80,,20846,2178,,,1,30,,20841,2178,,,1,70,,20835,2178,,,1,30,,20842,2178,,,1,70,,20836,2178,,,1,30,,20820,2178,,,1,70,,20837,2178,,,1,30,,20821,2178,,,1,70,,20838,2178,,,1,30,,20822,2178,,,1,70,,20839,2178,,,1,30,,20823,2178,,,1,70,,20840,2178,,,1,29,,20824,2178,,,1,61,,20847,2178,,,1,18,,20854,2178,,,1,23,,20825,2178,,,1,61,,20845,2178,,,1,22,,20855,2178,,,1,18,,20829,2178,,,1,59,,20833,2178,,,1,20,,20853,2178,,,1,19,,20852,2178,,,1,73,,20848,2178,,,1,27,,20850,2178,,,1,70,,20849,2178,,,1,30,,20851,2178,,,1,70,,20830,2178,,,1,30,,20828,2178,,,1,70,,20831,2178,,,1,30,,20843,2178,,,1,100,,20844,2178,,,1,100,,20826,2178,,,1,100,,20827,2178,,,1
401,'DI',702,,21399,2120,,,1,30,,21385,2120,,,1,70,,21392,2120,,,1,32,,21405,2120,,,1,70,,21407,2120,,,1,30,,21386,2120,,,1,70,,21393,2120,,,1,30,,21406,2120,,,1,70,,21408,2120,,,1,30,,21387,2120,,,1,70,,21413,2120,,,1,30,,21414,2120,,,1,70,,21409,2120,,,1,31,,21388,2120,,,1,69,,21394,2120,,,1,30,,21416,2120,,,1,70,,21397,2120,,,1,32,,21389,2120,,,1,69,,21395,2120,,,1,30,,21417,2120,,,1,74,,21398,2120,,,1,25,,21410,2120,,,1,70,,21415,2120,,,1,30,,21412,2120,,,1,70,,21390,2120,,,1,31,,21411,2120,,,1,69,,21400,2120,,,1,30,,21383,2120,,,1,70,,21396,2120,,,1,100,,21402,2120,,,1,100,,21404,2120,,,1,100,,21401,2120,,,1
401,'F1',702,,21423,2120,,,1,30,,21419,2120,,,1,70,,21427,2120,,,1,32,,21448,2120,,,1,70,,21424,2120,,,1,30,,21420,2120,,,1,70,,21438,2120,,,1,30,,21449,2120,,,1,70,,1236,2120,,,1,30,,21446,2120,,,1,70,,21428,2120,,,1,30,,21450,2120,,,1,70,,21431,2120,,,1,30,,21439,2120,,,1,70,,21421,2120,,,1,30,,21430,2120,,,1,70,,21447,2120,,,1,30,,21440,2120,,,1,70,,21436,2120,,,1,30,,21441,2120,,,1,70,,21435,2120,,,1,30,,21444,2120,,,1,70,,21445,2120,,,1,30,,21422,2120,,,1,70,,21433,2120,,,1,30,,21443,2120,,,1,70,,21432,2120,,,1,30,,21437,2120,,,1,70,,21425,2120,,,1,100,,21442,2120,,,1,100,,1223,2120,,,1,100,,21434,2120,,,1
401,'F2',702,,21456,2120,,,1,30,,21453,2120,,,1,70,,21460,2120,,,1,32,,21462,2120,,,1,70,,21457,2120,,,1,30,,21454,2120,,,1,70,,21480,2120,,,1,30,,21463,2120,,,1,70,,21474,2120,,,1,30,,21484,2120,,,1,70,,21472,2120,,,1,30,,21483,2120,,,1,70,,21467,2120,,,1,30,,21451,2120,,,1,70,,21464,2120,,,1,30,,21475,2120,,,1,70,,21485,2120,,,1,30,,21482,2120,,,1,70,,21471,2120,,,1,30,,21477,2120,,,1,70,,21470,2120,,,1,30,,21458,2120,,,1,70,,21476,2120,,,1,30,,21466,2120,,,1,70,,21455,2120,,,1,30,,21479,2120,,,1,70,,21465,2120,,,1,30,,21478,2120,,,1,70,,21481,2120,,,1,100,,21473,2120,,,1,100,,21469,2120,,,1,100,,21468,2120,,,1
401,'F7',617,,21512,2120,,,1,21,,21488,2120,,,1,69,,21486,2120,,,1,32,,21489,2120,,,1,73,,21521,2120,,,1,30,,21497,2120,,,1,73,,21504,2120,,,1,30,,21513,2120,,,1,70,,21523,2120,,,1,30,,21515,2120,,,1,70,,21490,2120,,,1,30,,21508,2120,,,1,70,,21511,2120,,,1,32,,21509,2120,,,1,70,,21498,2120,,,1,30,,21507,2120,,,1,66,,21487,2120,,,1,34,,21519,2120,,,1,55,,21516,2120,,,1,23,,21491,2120,,,1,22,,21510,2120,,,1,59,,21493,2120,,,1,20,,21494,2120,,,1,22,,21514,2120,,,1,57,,21522,2120,,,1,20,,21518,2120,,,1,24,,21503,2120,,,1,58,,21517,2120,,,1,27,,21492,2120,,,1,70,,21520,2120,,,1,27,,21500,2120,,,1,70,,21495,2120,,,1,30,,21506,2120,,,1,70,,21524,2120,,,1,30,,21525,2120,,,1,100,,21496,2120,,,1,100,,21502,2120,,,1,100,,21505,2120,,,1
401,'F8',702,,21531,2120,,,1,30,,21528,2120,,,1,70,,21535,2120,,,1,32,,21537,2120,,,1,70,,21532,2120,,,1,30,,21529,2120,,,1,70,,21555,2120,,,1,30,,21538,2120,,,1,70,,21549,2120,,,1,30,,21559,2120,,,1,70,,21547,2120,,,1,30,,21558,2120,,,1,70,,21542,2120,,,1,30,,21526,2120,,,1,70,,21539,2120,,,1,30,,21550,2120,,,1,70,,21560,2120,,,1,30,,21557,2120,,,1,70,,21546,2120,,,1,30,,21552,2120,,,1,70,,21545,2120,,,1,30,,21533,2120,,,1,70,,21551,2120,,,1,30,,21541,2120,,,1,70,,21530,2120,,,1,30,,21554,2120,,,1,70,,21540,2120,,,1,30,,21553,2120,,,1,70,,21556,2120,,,1,100,,21548,2120,,,1,100,,21544,2120,,,1,100,,21543,2120,,,1
401,'F9',702,,21577,2120,,,1,30,,21563,2120,,,1,70,,21570,2120,,,1,32,,21583,2120,,,1,70,,21585,2120,,,1,30,,21564,2120,,,1,70,,21571,2120,,,1,30,,21584,2120,,,1,70,,21586,2120,,,1,30,,21565,2120,,,1,70,,21591,2120,,,1,30,,21592,2120,,,1,70,,21587,2120,,,1,31,,21566,2120,,,1,69,,21572,2120,,,1,30,,21594,2120,,,1,70,,21575,2120,,,1,32,,21567,2120,,,1,69,,21573,2120,,,1,30,,21595,2120,,,1,74,,21576,2120,,,1,25,,21588,2120,,,1,70,,21593,2120,,,1,30,,21590,2120,,,1,70,,21568,2120,,,1,31,,21589,2120,,,1,69,,21578,2120,,,1,30,,21561,2120,,,1,70,,21574,2120,,,1,100,,21580,2120,,,1,100,,21582,2120,,,1,100,,21579,2120,,,1
401,'SA',702,,1358,2120,,,1,30,,21597,2120,,,1,70,,1361,2120,,,1,32,,1363,2120,,,1,70,,1359,2120,,,1,30,,21598,2120,,,1,70,,21616,2120,,,1,30,,1364,2120,,,1,70,,21610,2120,,,1,30,,21620,2120,,,1,70,,21608,2120,,,1,30,,21619,2120,,,1,70,,21603,2120,,,1,30,,1356,2120,,,1,70,,1365,2120,,,1,30,,21611,2120,,,1,70,,21621,2120,,,1,30,,21618,2120,,,1,70,,21607,2120,,,1,30,,21613,2120,,,1,70,,21606,2120,,,1,30,,21600,2120,,,1,70,,21612,2120,,,1,30,,21602,2120,,,1,70,,21599,2120,,,1,30,,21615,2120,,,1,70,,21601,2120,,,1,30,,21614,2120,,,1,70,,21617,2120,,,1,100,,21609,2120,,,1,100,,21605,2120,,,1,100,,21604,2120,,,1
401,'SE',617,,21647,2120,,,1,21,,21624,2120,,,1,69,,21622,2120,,,1,32,,21625,2120,,,1,73,,21653,2120,,,1,30,,21633,2120,,,1,73,,21640,2120,,,1,30,,1417,2120,,,1,70,,21655,2120,,,1,30,,21649,2120,,,1,70,,21626,2120,,,1,30,,21644,2120,,,1,70,,1416,2120,,,1,32,,21645,2120,,,1,70,,21634,2120,,,1,30,,21643,2120,,,1,66,,21623,2120,,,1,34,,21651,2120,,,1,55,,1420,2120,,,1,23,,21627,2120,,,1,22,,21646,2120,,,1,59,,21629,2120,,,1,20,,21630,2120,,,1,22,,21648,2120,,,1,57,,21654,2120,,,1,20,,21650,2120,,,1,24,,21639,2120,,,1,58,,1421,2120,,,1,27,,21628,2120,,,1,70,,21652,2120,,,1,27,,21636,2120,,,1,70,,21631,2120,,,1,30,,21642,2120,,,1,70,,21656,2120,,,1,30,,21657,2120,,,1,100,,21632,2120,,,1,100,,21638,2120,,,1,100,,21641,2120,,,1
900,'F7',650,,23441,2178,0,58 7,2,69,,23442,2178,0,58 7,2,30,,23443,2178,0,58 7,2,861,,23447,2178,0,58 7,2,33,,23446,2178,0,58 7,2,67,,23448,2178,0,58 7,2,29,,23444,2178,0,58 7,2,70,,23445,2178,0,58 7,2
900,'SE',650,,23449,2178,0,58 7,2,69,,23450,2178,0,58 7,2,30,,23451,2178,0,58 7,2,861,,23454,2178,0,58 7,2,33,,23453,2178,0,58 7,2,67,,23455,2178,0,58 7,2,29,,3071,2178,0,58 7,2,70,,23452,2178,0,58 7,2
1900,'DI',620,,25744,2178,0,9,2,100,,25745,2178,0,9,2,100,,25746,2178,0,9,2,104,,25747,2178,0,9,2,100,,25748,2178,0,9,2,100,,25749,2178,0,9,2,100,,25750,2178,0,9,2,100,,25751,2178,0,9,2,100,,25752,2178,0,9,2,100,,25753,2178,0,9,2,100,,25754,2178,0,9,2,100,,25755,2178,0,9,2,100,,25756,2178,0,9,2,100,,25757,2178,0,9,2,100,,25758,2178,0,9,2,100,,25759,2178,0,9,2,100,,25760,2178,0,9,2,100,,25761,2178,0,9,2,100,,25762,2178,0,9,2,100,,25743,2178,0,9,2
1900,'F1',620,,25778,2178,0,9,2,30,,25775,2178,0,9,2,70,,25779,2178,0,9,2,30,,25776,2178,0,9,2,70,,25780,2178,0,9,2,30,,25777,2178,0,9,2,74,,25768,2178,0,9,2,30,,25763,2178,0,9,2,70,,25769,2178,0,9,2,30,,25764,2178,0,9,2,70,,25770,2178,0,9,2,30,,25765,2178,0,9,2,70,,25771,2178,0,9,2,30,,25766,2178,0,9,2,70,,25772,2178,0,9,2,30,,25773,2178,0,9,2,70,,5153,2178,0,9,2,30,,25774,2178,0,9,2,70,,5154,2178,0,9,2,30,,25781,2178,0,9,2,70,,5155,2178,0,9,2,30,,25782,2178,0,9,2,70,,5156,2178,0,9,2,30,,25783,2178,0,9,2,70,,5157,2178,0,9,2,100,,25784,2178,0,9,2,100,,25785,2178,0,9,2,100,,25786,2178,0,9,2,100,,25787,2178,0,9,2,100,,25788,2178,0,9,2,100,,25789,2178,0,9,2,100,,25767,2178,0,9,2
1900,'F2',620,,25790,2178,0,9,2,30,,25799,2178,0,9,2,70,,25791,2178,0,9,2,30,,25800,2178,0,9,2,70,,25792,2178,0,9,2,30,,25801,2178,0,9,2,74,,25793,2178,0,9,2,30,,25802,2178,0,9,2,70,,25794,2178,0,9,2,30,,25803,2178,0,9,2,70,,25795,2178,0,9,2,30,,25815,2178,0,9,2,70,,25796,2178,0,9,2,30,,25816,2178,0,9,2,70,,25797,2178,0,9,2,30,,25817,2178,0,9,2,70,,25798,2178,0,9,2,30,,25818,2178,0,9,2,70,,25804,2178,0,9,2,30,,25819,2178,0,9,2,70,,25805,2178,0,9,2,30,,25820,2178,0,9,2,70,,25806,2178,0,9,2,30,,25821,2178,0,9,2,70,,25807,2178,0,9,2,100,,25808,2178,0,9,2,100,,25809,2178,0,9,2,100,,25810,2178,0,9,2,100,,25811,2178,0,9,2,100,,25812,2178,0,9,2,100,,25813,2178,0,9,2,100,,25814,2178,0,9,2
1900,'F7',543,,25841,2178,0,9,2,76,,25860,2178,0,9,2,27,,25842,2178,0,9,2,12,,25843,2178,0,9,2,51,,25825,2178,0,9,2,12,,25840,2178,0,9,2,15,,25822,2178,0,9,2,21,,25839,2178,0,9,2,60,,25826,2178,0,9,2,32,,25823,2178,0,9,2,75,,25854,2178,0,9,2,30,,25824,2178,0,9,2,70,,25827,2178,0,9,2,30,,25844,2178,0,9,2,70,,25828,2178,0,9,2,30,,25845,2178,0,9,2,70,,25848,2178,0,9,2,30,,25846,2178,0,9,2,70,,25849,2178,0,9,2,30,,25847,2178,0,9,2,70,,25850,2178,0,9,2,30,,25838,2178,0,9,2,67,,25863,2178,0,9,2,21,,25861,2178,0,9,2,62,,25858,2178,0,9,2,20,,25855,2178,0,9,2,21,,25859,2178,0,9,2,59,,25851,2178,0,9,2,17,,25852,2178,0,9,2,22,,25864,2178,0,9,2,60,,25833,2178,0,9,2,24,,25853,2178,0,9,2,27,,25829,2178,0,9,2,70,,25856,2178,0,9,2,30,,25830,2178,0,9,2,70,,25857,2178,0,9,2,30,,25831,2178,0,9,2,70,,25862,2178,0,9,2,30,,25832,2178,0,9,2,70,,25834,2178,0,9,2,100,,25835,2178,0,9,2,100,,25836,2178,0,9,2,100,,25837,2178,0,9,2
1900,'F8',620,,25865,2178,0,9,2,30,,25874,2178,0,9,2,70,,25866,2178,0,9,2,30,,25875,2178,0,9,2,70,,25867,2178,0,9,2,30,,25876,2178,0,9,2,74,,25868,2178,0,9,2,30,,25877,2178,0,9,2,70,,25869,2178,0,9,2,30,,25878,2178,0,9,2,70,,25870,2178,0,9,2,30,,25890,2178,0,9,2,70,,25871,2178,0,9,2,30,,25891,2178,0,9,2,70,,25872,2178,0,9,2,30,,25892,2178,0,9,2,70,,25873,2178,0,9,2,30,,25893,2178,0,9,2,70,,25879,2178,0,9,2,30,,25894,2178,0,9,2,70,,25880,2178,0,9,2,30,,25895,2178,0,9,2,70,,25881,2178,0,9,2,30,,25896,2178,0,9,2,70,,25882,2178,0,9,2,100,,25883,2178,0,9,2,100,,25884,2178,0,9,2,100,,25885,2178,0,9,2,100,,25886,2178,0,9,2,100,,25887,2178,0,9,2,100,,25888,2178,0,9,2,100,,25889,2178,0,9,2
1900,'F9',620,,25898,2178,0,9,2,100,,25899,2178,0,9,2,100,,25900,2178,0,9,2,104,,25901,2178,0,9,2,100,,25902,2178,0,9,2,100,,25903,2178,0,9,2,100,,25904,2178,0,9,2,100,,25905,2178,0,9,2,100,,25906,2178,0,9,2,100,,25907,2178,0,9,2,100,,25908,2178,0,9,2,100,,25909,2178,0,9,2,100,,25910,2178,0,9,2,100,,25911,2178,0,9,2,100,,25912,2178,0,9,2,100,,25913,2178,0,9,2,100,,25914,2178,0,9,2,100,,25915,2178,0,9,2,100,,25916,2178,0,9,2,100,,25897,2178,0,9,2
1900,'SA',620,,25917,2178,0,9,2,30,,25926,2178,0,9,2,70,,25918,2178,0,9,2,30,,25927,2178,0,9,2,70,,25919,2178,0,9,2,30,,25928,2178,0,9,2,74,,25920,2178,0,9,2,30,,25929,2178,0,9,2,70,,25921,2178,0,9,2,30,,25930,2178,0,9,2,70,,25922,2178,0,9,2,30,,25942,2178,0,9,2,70,,25923,2178,0,9,2,30,,25943,2178,0,9,2,70,,25924,2178,0,9,2,30,,25944,2178,0,9,2,70,,25925,2178,0,9,2,30,,25945,2178,0,9,2,70,,25931,2178,0,9,2,30,,25946,2178,0,9,2,70,,25932,2178,0,9,2,30,,25947,2178,0,9,2,70,,25933,2178,0,9,2,30,,25948,2178,0,9,2,70,,25934,2178,0,9,2,100,,25935,2178,0,9,2,100,,25936,2178,0,9,2,100,,25937,2178,0,9,2,100,,25938,2178,0,9,2,100,,25939,2178,0,9,2,100,,25940,2178,0,9,2,100,,25941,2178,0,9,2
1900,'SE',543,,25968,2178,0,9,2,76,,25987,2178,0,9,2,27,,25969,2178,0,9,2,12,,25970,2178,0,9,2,51,,25952,2178,0,9,2,12,,25967,2178,0,9,2,15,,25949,2178,0,9,2,21,,25966,2178,0,9,2,60,,25953,2178,0,9,2,32,,25950,2178,0,9,2,75,,25981,2178,0,9,2,30,,25951,2178,0,9,2,70,,25954,2178,0,9,2,30,,25971,2178,0,9,2,70,,25955,2178,0,9,2,30,,25972,2178,0,9,2,70,,25975,2178,0,9,2,30,,25973,2178,0,9,2,70,,25976,2178,0,9,2,30,,25974,2178,0,9,2,70,,25977,2178,0,9,2,30,,25965,2178,0,9,2,67,,25990,2178,0,9,2,21,,25988,2178,0,9,2,62,,25985,2178,0,9,2,20,,25982,2178,0,9,2,21,,25986,2178,0,9,2,59,,25978,2178,0,9,2,17,,25979,2178,0,9,2,22,,25991,2178,0,9,2,60,,25960,2178,0,9,2,24,,25980,2178,0,9,2,27,,25956,2178,0,9,2,70,,25983,2178,0,9,2,30,,25957,2178,0,9,2,70,,25984,2178,0,9,2,30,,25958,2178,0,9,2,70,,25989,2178,0,9,2,30,,25959,2178,0,9,2,70,,25961,2178,0,9,2,100,,25962,2178,0,9,2,100,,25963,2178,0,9,2,100,,25964,2178,0,9,2
2100,'DI',557,,26733,2120,0,12 13,1,69,,26735,2120,0,12 13,1,30,,26737,2120,0,12 13,1,70,,26728,2120,0,12 13,1,31,,26729,2120,0,12 13,1,70,,26734,2120,0,12 13,1,30,,26718,2120,0,12 13,1,67,,26731,2120,0,12 13,1,33,,26744,2120,0,12 13,1,70,,26742,2120,0,12 13,1,32,,26732,2120,0,12 13,1,67,,26719,2120,0,12 13,1,31,,26738,2120,0,12 13,1,70,,26730,2120,0,12 13,1,30,,26736,2120,0,12 13,1,70,,26745,2120,0,12 13,1,30,,26743,2120,0,12 13,1,70,,26720,2120,0,12 13,1,30,,26722,2120,0,12 13,1,70,,26711,2120,0,12 13,1,30,,26725,2120,0,12 13,1,70,,26721,2120,0,12 13,1,30,,26705,2120,0,12 13,1,70,,26712,2120,0,12 13,1,30,,26726,2120,0,12 13,1,70,,26709,2120,0,12 13,1,30,,26706,2120,0,12 13,1,70,,26708,2120,0,12 13,1,30,,26740,2120,0,12 13,1,70,,26723,2120,0,12 13,1,30,,26713,2120,0,12 13,1,70,,26727,2120,0,12 13,1,30,,26714,2120,0,12 13,1,70,,26716,2120,0,12 13,1,30,,26739,2120,0,12 13,1,70,,26741,2120,0,12 13,1,30,,26707,2120,0,12 13,1,70,,26724,2120,0,12 13,1,30,,26715,2120,0,12 13,1
2100,'F1',557,,26772,2120,0,12 13,1,70,,6049,2120,0,12 13,1,30,,26775,2120,0,12 13,1,70,,26757,2120,0,12 13,1,30,,26746,2120,0,12 13,1,70,,6039,2120,0,12 13,1,30,,26761,2120,0,12 13,1,65,,26766,2120,0,12 13,1,31,,26752,2120,0,12 13,1,74,,6050,2120,0,12 13,1,73,,26763,2120,0,12 13,1,23,,26754,2120,0,12 13,1,34,,26758,2120,0,12 13,1,70,,26753,2120,0,12 13,1,30,,26764,2120,0,12 13,1,70,,26776,2120,0,12 13,1,30,,26779,2120,0,12 13,1,70,,26771,2120,0,12 13,1,30,,26765,2120,0,12 13,1,70,,26773,2120,0,12 13,1,30,,26759,2120,0,12 13,1,70,,26755,2120,0,12 13,1,30,,26762,2120,0,12 13,1,70,,26774,2120,0,12 13,1,30,,26760,2120,0,12 13,1,70,,26756,2120,0,12 13,1,30,,6027,2120,0,12 13,1,70,,26749,2120,0,12 13,1,30,,26767,2120,0,12 13,1,70,,26770,2120,0,12 13,1,30,,26777,2120,0,12 13,1,70,,6028,2120,0,12 13,1,30,,26747,2120,0,12 13,1,70,,26768,2120,0,12 13,1,30,,26780,2120,0,12 13,1,70,,26778,2120,0,12 13,1,30,,26769,2120,0,12 13,1,70,,26748,2120,0,12 13,1,29,,26750,2120,0,12 13,1
2100,'F2',557,,26802,2120,0,12 13,1,70,,26811,2120,0,12 13,1,30,,26812,2120,0,12 13,1,70,,26800,2120,0,12 13,1,30,,26815,2120,0,12 13,1,70,,26803,2120,0,12 13,1,30,,26790,2120,0,12 13,1,65,,26785,2120,0,12 13,1,31,,26799,2120,0,12 13,1,74,,26804,2120,0,12 13,1,73,,26786,2120,0,12 13,1,23,,26791,2120,0,12 13,1,34,,26795,2120,0,12 13,1,70,,26808,2120,0,12 13,1,30,,26813,2120,0,12 13,1,70,,26805,2120,0,12 13,1,30,,26816,2120,0,12 13,1,70,,26809,2120,0,12 13,1,30,,26814,2120,0,12 13,1,70,,26806,2120,0,12 13,1,30,,26818,2120,0,12 13,1,70,,26792,2120,0,12 13,1,30,,26817,2120,0,12 13,1,70,,26807,2120,0,12 13,1,30,,26819,2120,0,12 13,1,70,,26781,2120,0,12 13,1,30,,26796,2120,0,12 13,1,70,,26810,2120,0,12 13,1,30,,26793,2120,0,12 13,1,70,,26801,2120,0,12 13,1,30,,26787,2120,0,12 13,1,70,,26797,2120,0,12 13,1,30,,26783,2120,0,12 13,1,70,,26794,2120,0,12 13,1,30,,26821,2120,0,12 13,1,70,,26788,2120,0,12 13,1,30,,26820,2120,0,12 13,1,70,,26784,2120,0,12 13,1,29,,26782,2120,0,12 13,1
2100,'F7',542,,26825,2120,0,12 13,1,12,,26827,2120,0,12 13,1,50,,26859,2120,0,12 13,1,20,,26863,2120,0,12 13,1,14,,26826,2120,0,12 13,1,64,,26834,2120,0,12 13,1,11,,26828,2120,0,12 13,1,17,,26860,2120,0,12 13,1,23,,26835,2120,0,12 13,1,60,,26872,2120,0,12 13,1,20,,26861,2120,0,12 13,1,21,,26854,2120,0,12 13,1,70,,26856,2120,0,12 13,1,32,,26864,2120,0,12 13,1,70,,26862,2120,0,12 13,1,30,,26822,2120,0,12 13,1,70,,26848,2120,0,12 13,1,30,,26850,2120,0,12 13,1,70,,26829,2120,0,12 13,1,30,,26865,2120,0,12 13,1,69,,26873,2120,0,12 13,1,28,,26857,2120,0,12 13,1,76,,26855,2120,0,12 13,1,10,,26849,2120,0,12 13,1,17,,26845,2120,0,12 13,1,55,,26837,2120,0,12 13,1,15,,26830,2120,0,12 13,1,15,,26866,2120,0,12 13,1,15,,26858,2120,0,12 13,1,56,,26842,2120,0,12 13,1,19,,26869,2120,0,12 13,1,18,,26868,2120,0,12 13,1,10,,26846,2120,0,12 13,1,53,,26838,2120,0,12 13,1,15,,26831,2120,0,12 13,1,14,,26867,2120,0,12 13,1,15,,26847,2120,0,12 13,1,55,,26843,2120,0,12 13,1,20,,26870,2120,0,12 13,1,20,,26852,2120,0,12 13,1,60,,26839,2120,0,12 13,1,30,,26853,2120,0,12 13,1,70,,26823,2120,0,12 13,1,30,,26851,2120,0,12 13,1,70,,26844,2120,0,12 13,1,100,,26840,2120,0,12 13,1,100,,26871,2120,0,12 13,1,100,,26824,2120,0,12 13,1,100,,26841,2120,0,12 13,1
2100,'F8',557,,26895,2120,0,12 13,1,70,,26904,2120,0,12 13,1,30,,26905,2120,0,12 13,1,70,,26893,2120,0,12 13,1,30,,26908,2120,0,12 13,1,70,,26896,2120,0,12 13,1,30,,26883,2120,0,12 13,1,65,,26878,2120,0,12 13,1,31,,26892,2120,0,12 13,1,74,,26897,2120,0,12 13,1,73,,26879,2120,0,12 13,1,23,,26884,2120,0,12 13,1,34,,26888,2120,0,12 13,1,70,,26901,2120,0,12 13,1,30,,26906,2120,0,12 13,1,70,,26898,2120,0,12 13,1,30,,26909,2120,0,12 13,1,70,,26902,2120,0,12 13,1,30,,26907,2120,0,12 13,1,70,,26899,2120,0,12 13,1,30,,26911,2120,0,12 13,1,70,,26885,2120,0,12 13,1,30,,26910,2120,0,12 13,1,70,,26900,2120,0,12 13,1,30,,26912,2120,0,12 13,1,70,,26874,2120,0,12 13,1,30,,26889,2120,0,12 13,1,70,,26903,2120,0,12 13,1,30,,26886,2120,0,12 13,1,70,,26894,2120,0,12 13,1,30,,26880,2120,0,12 13,1,70,,26890,2120,0,12 13,1,30,,26876,2120,0,12 13,1,70,,26887,2120,0,12 13,1,30,,26914,2120,0,12 13,1,70,,26881,2120,0,12 13,1,30,,26913,2120,0,12 13,1,70,,26877,2120,0,12 13,1,29,,26875,2120,0,12 13,1
2100,'F9',557,,26943,2120,0,12 13,1,69,,26945,2120,0,12 13,1,30,,26947,2120,0,12 13,1,70,,26938,2120,0,12 13,1,31,,26939,2120,0,12 13,1,70,,26944,2120,0,12 13,1,30,,26928,2120,0,12 13,1,67,,26941,2120,0,12 13,1,33,,26954,2120,0,12 13,1,70,,26952,2120,0,12 13,1,32,,26942,2120,0,12 13,1,67,,26929,2120,0,12 13,1,31,,26948,2120,0,12 13,1,70,,26940,2120,0,12 13,1,30,,26946,2120,0,12 13,1,70,,26955,2120,0,12 13,1,30,,26953,2120,0,12 13,1,70,,26930,2120,0,12 13,1,30,,26932,2120,0,12 13,1,70,,26921,2120,0,12 13,1,30,,26935,2120,0,12 13,1,70,,26931,2120,0,12 13,1,30,,26915,2120,0,12 13,1,70,,26922,2120,0,12 13,1,30,,26936,2120,0,12 13,1,70,,26919,2120,0,12 13,1,30,,26916,2120,0,12 13,1,70,,26918,2120,0,12 13,1,30,,26950,2120,0,12 13,1,70,,26933,2120,0,12 13,1,30,,26923,2120,0,12 13,1,70,,26937,2120,0,12 13,1,30,,26924,2120,0,12 13,1,70,,26926,2120,0,12 13,1,30,,26949,2120,0,12 13,1,70,,26951,2120,0,12 13,1,30,,26917,2120,0,12 13,1,70,,26934,2120,0,12 13,1,30,,26925,2120,0,12 13,1
2100,'SA',557,,26977,2120,0,12 13,1,70,,26986,2120,0,12 13,1,30,,26987,2120,0,12 13,1,70,,26975,2120,0,12 13,1,30,,26988,2120,0,12 13,1,70,,26978,2120,0,12 13,1,30,,26965,2120,0,12 13,1,65,,26960,2120,0,12 13,1,31,,26974,2120,0,12 13,1,74,,26979,2120,0,12 13,1,73,,26961,2120,0,12 13,1,23,,26966,2120,0,12 13,1,34,,26970,2120,0,12 13,1,70,,26983,2120,0,12 13,1,30,,6221,2120,0,12 13,1,70,,26980,2120,0,12 13,1,30,,26989,2120,0,12 13,1,70,,26984,2120,0,12 13,1,30,,6222,2120,0,12 13,1,70,,26981,2120,0,12 13,1,30,,26991,2120,0,12 13,1,70,,26967,2120,0,12 13,1,30,,26990,2120,0,12 13,1,70,,26982,2120,0,12 13,1,30,,26992,2120,0,12 13,1,70,,26956,2120,0,12 13,1,30,,26971,2120,0,12 13,1,70,,26985,2120,0,12 13,1,30,,26968,2120,0,12 13,1,70,,26976,2120,0,12 13,1,30,,26962,2120,0,12 13,1,70,,26972,2120,0,12 13,1,30,,26958,2120,0,12 13,1,70,,26969,2120,0,12 13,1,30,,26993,2120,0,12 13,1,70,,26963,2120,0,12 13,1,30,,6233,2120,0,12 13,1,70,,26959,2120,0,12 13,1,29,,26957,2120,0,12 13,1
2100,'SE',542,,26997,2120,0,12 13,1,12,,26999,2120,0,12 13,1,50,,27031,2120,0,12 13,1,20,,27035,2120,0,12 13,1,14,,26998,2120,0,12 13,1,64,,27006,2120,0,12 13,1,11,,27000,2120,0,12 13,1,17,,27032,2120,0,12 13,1,23,,27007,2120,0,12 13,1,60,,27044,2120,0,12 13,1,20,,27033,2120,0,12 13,1,21,,27026,2120,0,12 13,1,70,,27028,2120,0,12 13,1,32,,27036,2120,0,12 13,1,70,,27034,2120,0,12 13,1,30,,26994,2120,0,12 13,1,70,,27020,2120,0,12 13,1,30,,27022,2120,0,12 13,1,70,,27001,2120,0,12 13,1,30,,27037,2120,0,12 13,1,69,,27045,2120,0,12 13,1,28,,27029,2120,0,12 13,1,76,,27027,2120,0,12 13,1,10,,27021,2120,0,12 13,1,17,,27017,2120,0,12 13,1,55,,27009,2120,0,12 13,1,15,,27002,2120,0,12 13,1,15,,27038,2120,0,12 13,1,15,,27030,2120,0,12 13,1,56,,27014,2120,0,12 13,1,19,,27041,2120,0,12 13,1,18,,27040,2120,0,12 13,1,10,,27018,2120,0,12 13,1,53,,27010,2120,0,12 13,1,15,,27003,2120,0,12 13,1,14,,27039,2120,0,12 13,1,15,,27019,2120,0,12 13,1,55,,27015,2120,0,12 13,1,20,,27042,2120,0,12 13,1,20,,27024,2120,0,12 13,1,60,,27011,2120,0,12 13,1,30,,27025,2120,0,12 13,1,70,,26995,2120,0,12 13,1,30,,27023,2120,0,12 13,1,70,,27016,2120,0,12 13,1,100,,27012,2120,0,12 13,1,100,,27043,2120,0,12 13,1,100,,26996,2120,0,12 13,1,100,,27013,2120,0,12 13,1
12800,'F7',556,,38024,2247,,,2,100,,38025,2247,,,2,894,,38026,2247,,,2
12800,'SE',556,,38027,2247,,,2,100,,38028,2247,,,2,894,,38029,2247,,,2
42100,'F7',634,,39633,2120,0,12 13,1,71,,39640,2120,0,12 13,1,16,,39638,2120,0,12 13,1,722,,39636,2120,0,12 13,1,61,,39641,2120,0,12 13,1,30,,39637,2120,0,12 13,1,70,,39642,2120,0,12 13,1,31,,39635,2120,0,12 13,1,70,,39639,2120,0,12 13,1
42100,'SE',634,,39646,2120,0,12 13,1,71,,39653,2120,0,12 13,1,16,,39651,2120,0,12 13,1,722,,39649,2120,0,12 13,1,61,,39654,2120,0,12 13,1,30,,39650,2120,0,12 13,1,70,,39655,2120,0,12 13,1,31,,39648,2120,0,12 13,1,70,,39652,2120,0,12 13,1
42800,'DI',609,,39684,2247,,,1,107,,39685,2247,,,1,114,,39686,2247,,,1,109,,39687,2247,,,1,110,,39688,2247,,,1,75,,39694,2247,,,1,35,,39689,2247,,,1,75,,39695,2247,,,1,75,,39690,2247,,,1,35,,39696,2247,,,1,74,,39691,2247,,,1,36,,39697,2247,,,1,74,,39692,2247,,,1,79,,39698,2247,,,1,34,,39693,2247,,,1,113,,39699,2247,,,1,147,,39700,2247,,,1,108,,39701,2247,,,1,110,,39702,2247,,,1,110,,39703,2247,,,1
42800,'F1',609,,17882,2247,,,1,107,,17883,2247,,,1,114,,17884,2247,,,1,109,,17885,2247,,,1,110,,17886,2247,,,1,75,,17892,2247,,,1,35,,17887,2247,,,1,75,,17893,2247,,,1,75,,17888,2247,,,1,35,,17894,2247,,,1,74,,17889,2247,,,1,36,,17895,2247,,,1,74,,17890,2247,,,1,79,,17896,2247,,,1,34,,17891,2247,,,1,113,,17897,2247,,,1,147,,17898,2247,,,1,108,,17899,2247,,,1,110,,17900,2247,,,1,110,,17901,2247,,,1
42800,'F2',609,,39704,2247,,,1,107,,39705,2247,,,1,114,,39706,2247,,,1,109,,39707,2247,,,1,110,,39708,2247,,,1,75,,39714,2247,,,1,35,,39709,2247,,,1,75,,39715,2247,,,1,75,,39710,2247,,,1,35,,39716,2247,,,1,74,,39711,2247,,,1,36,,39717,2247,,,1,74,,39712,2247,,,1,79,,39718,2247,,,1,34,,39713,2247,,,1,113,,39719,2247,,,1,147,,39720,2247,,,1,108,,39721,2247,,,1,110,,39722,2247,,,1,110,,39723,2247,,,1
42800,'F7',524,,39724,2247,,,1,35,,39734,2247,,,1,73,,39725,2247,,,1,82,,39735,2247,,,1,38,,39726,2247,,,1,78,,39736,2247,,,1,77,,39727,2247,,,1,32,,39737,2247,,,1,75,,39728,2247,,,1,35,,39738,2247,,,1,75,,39729,2247,,,1,35,,39739,2247,,,1,73,,39730,2247,,,1,73,,39740,2247,,,1,35,,39731,2247,,,1,74,,39741,2247,,,1,35,,39732,2247,,,1,77,,39742,2247,,,1,76,,39733,2247,,,1,39,,39743,2247,,,1,75,,39750,2247,,,1,40,,39744,2247,,,1,73,,39751,2247,,,1,75,,39745,2247,,,1,107,,39746,2247,,,1,108,,39747,2247,,,1,110,,39748,2247,,,1,110,,39749,2247,,,1
42800,'F8',609,,39752,2247,,,1,107,,39753,2247,,,1,114,,39754,2247,,,1,109,,39755,2247,,,1,110,,39756,2247,,,1,75,,39762,2247,,,1,35,,39757,2247,,,1,75,,39763,2247,,,1,75,,39758,2247,,,1,35,,39764,2247,,,1,74,,39759,2247,,,1,36,,39765,2247,,,1,74,,39760,2247,,,1,79,,39766,2247,,,1,34,,39761,2247,,,1,113,,39767,2247,,,1,147,,39768,2247,,,1,108,,39769,2247,,,1,110,,39770,2247,,,1,110,,39771,2247,,,1
42800,'F9',609,,39772,2247,,,1,107,,39773,2247,,,1,114,,39774,2247,,,1,109,,39775,2247,,,1,110,,39776,2247,,,1,75,,39782,2247,,,1,35,,39777,2247,,,1,75,,39783,2247,,,1,75,,39778,2247,,,1,35,,39784,2247,,,1,74,,39779,2247,,,1,36,,39785,2247,,,1,74,,39780,2247,,,1,79,,39786,2247,,,1,34,,39781,2247,,,1,113,,39787,2247,,,1,147,,39788,2247,,,1,108,,39789,2247,,,1,110,,39790,2247,,,1,110,,39791,2247,,,1
42800,'SA',609,,39792,2247,,,1,107,,39793,2247,,,1,114,,39794,2247,,,1,109,,39795,2247,,,1,110,,39796,2247,,,1,75,,39802,2247,,,1,35,,39797,2247,,,1,75,,39803,2247,,,1,75,,39798,2247,,,1,35,,39804,2247,,,1,74,,39799,2247,,,1,36,,39805,2247,,,1,74,,39800,2247,,,1,79,,39806,2247,,,1,34,,39801,2247,,,1,113,,39807,2247,,,1,147,,39808,2247,,,1,108,,39809,2247,,,1,110,,39810,2247,,,1,110,,39811,2247,,,1
42800,'SE',524,,39812,2247,,,1,35,,39822,2247,,,1,73,,39813,2247,,,1,82,,39823,2247,,,1,38,,39814,2247,,,1,78,,39824,2247,,,1,77,,39815,2247,,,1,32,,39825,2247,,,1,75,,39816,2247,,,1,35,,39826,2247,,,1,75,,39817,2247,,,1,35,,39827,2247,,,1,73,,39818,2247,,,1,73,,39828,2247,,,1,35,,39819,2247,,,1,74,,39829,2247,,,1,35,,39820,2247,,,1,77,,39830,2247,,,1,76,,39821,2247,,,1,39,,39831,2247,,,1,75,,39838,2247,,,1,40,,39832,2247,,,1,73,,39839,2247,,,1,75,,39833,2247,,,1,107,,39834,2247,,,1,108,,39835,2247,,,1,110,,39836,2247,,,1,110,,39837,2247,,,1
